2.07470394 6.31115116 0.83105727 4.65060576 0.12136082
2.07417087 6.31415578 0.83088117 4.64885023 0.12260816
2.07363362 6.31718392 0.83070369 4.64708096 0.12387512
2.07309216 6.32023585 0.83052481 4.64529779 0.12516209
2.07254642 6.32331184 0.83034453 4.64350056 0.12646945
2.07199637 6.32641219 0.83016281 4.64168910 0.12779761
2.07144194 6.32953717 0.82997966 4.63986325 0.12914699
2.07088309 6.33268707 0.82979504 4.63802283 0.13051799
2.07031977 6.33586219 0.82960894 4.63616769 0.13191105
2.06975192 6.33906283 0.82942135 4.63429763 0.13332661
2.06917949 6.34228927 0.82923225 4.63241250 0.13476512
2.06860243 6.34554183 0.82904161 4.63051210 0.13622703
2.06802068 6.34882081 0.82884943 4.62859627 0.13771281
2.06743419 6.35212652 0.82865568 4.62666482 0.13922293
2.06684290 6.35545928 0.82846035 4.62471757 0.14075788
2.06624676 6.35881940 0.82826341 4.62275434 0.14231817
2.06564570 6.36220720 0.82806484 4.62077492 0.14390429
2.06503968 6.36562301 0.82786464 4.61877915 0.14551677
2.06442863 6.36906715 0.82766278 4.61676682 0.14715613
2.06381249 6.37253996 0.82745924 4.61473774 0.14882292
2.06319121 6.37604176 0.82725399 4.61269172 0.15051768
2.06256472 6.37957291 0.82704703 4.61062856 0.15224098
2.06193297 6.38313372 0.82683833 4.60854805 0.15399339
2.06129589 6.38672456 0.82662787 4.60645001 0.15577549
2.06065342 6.39034577 0.82641562 4.60433423 0.15758790
2.06000551 6.39399769 0.82620158 4.60220049 0.15943120
2.05935208 6.39768069 0.82598572 4.60004861 0.16130603
2.05869308 6.40139512 0.82576802 4.59787835 0.16321301
2.05802843 6.40514133 0.82554845 4.59568953 0.16515280
2.05735808 6.40891969 0.82532699 4.59348192 0.16712604
2.05668197 6.41273057 0.82510364 4.59125532 0.16913342
2.05600002 6.41657433 0.82487835 4.58900950 0.17117561
2.05531217 6.42045134 0.82465112 4.58674425 0.17325331
2.05461835 6.42436198 0.82442191 4.58445936 0.17536723
2.05391850 6.42830662 0.82419071 4.58215461 0.17751809
2.05321256 6.43228563 0.82395750 4.57982976 0.17970662
2.05250044 6.43629939 0.82372225 4.57748462 0.18193357
2.05178210 6.44034829 0.82348494 4.57511894 0.18419969
2.05105745 6.44443271 0.82324555 4.57273251 0.18650577
2.05032643 6.44855302 0.82300406 4.57032511 0.18885258
2.04958898 6.45270962 0.82276044 4.56789651 0.19124093
2.04884502 6.45690289 0.82251467 4.56544648 0.19367162
2.04809449 6.46113321 0.82226673 4.56297481 0.19614547
2.04733731 6.46540097 0.82201659 4.56048126 0.19866333
2.04657342 6.46970656 0.82176424 4.55796560 0.20122603
2.04580276 6.47405036 0.82150964 4.55542762 0.20383443
2.04502524 6.47843276 0.82125279 4.55286709 0.20648941
2.04424081 6.48285414 0.82099365 4.55028378 0.20919185
2.04344940 6.48731489 0.82073220 4.54767747 0.21194263
2.04265093 6.49181539 0.82046842 4.54504794 0.21474267
2.04184534 6.49635602 0.82020229 4.54239495 0.21759286
2.04103257 6.50093715 0.81993379 4.53971831 0.22049414
2.04021254 6.50555917 0.81966289 4.53701778 0.22344743
2.03938520 6.51022243 0.81938957 4.53429314 0.22645367
2.03855047 6.51492731 0.81911382 4.53154419 0.22951382
2.03770829 6.51967418 0.81883560 4.52877071 0.23262881
2.03685860 6.52446339 0.81855490 4.52597249 0.23579961
2.03600134 6.52929528 0.81827170 4.52314933 0.23902718
2.03513644 6.53417022 0.81798598 4.52030102 0.24231249
2.03426384 6.53908853 0.81769771 4.51742736 0.24565651
2.03338349 6.54405056 0.81740689 4.51452817 0.24906021
2.03249533 6.54905662 0.81711348 4.51160325 0.25252457
2.03159930 6.55410703 0.81681747 4.50865241 0.25605055
2.03069534 6.55920210 0.81651884 4.50567548 0.25963913
2.02978341 6.56434211 0.81621758 4.50267230 0.26329126
2.02886346 6.56952736 0.81591367 4.49964268 0.26700791
2.02793543 6.57475812 0.81560710 4.49658647 0.27079004
2.02699928 6.58003464 0.81529784 4.49350353 0.27463858
2.02605497 6.58535717 0.81498588 4.49039370 0.27855446
2.02510246 6.59072593 0.81467121 4.48725686 0.28253861
2.02414171 6.59614115 0.81435382 4.48409287 0.28659192
2.02317267 6.60160301 0.81403370 4.48090164 0.29071528
2.02219534 6.60711171 0.81371083 4.47768304 0.29490955
2.02120966 6.61266738 0.81338521 4.47443699 0.29917558
2.02021563 6.61827018 0.81305682 4.47116340 0.30351418
2.01921321 6.62392022 0.81272567 4.46786222 0.30792613
2.01820239 6.62961760 0.81239175 4.46453338 0.31241219
2.01718317 6.63536238 0.81205504 4.46117684 0.31697307
2.01615553 6.64115460 0.81171555 4.45779258 0.32160946
2.01511946 6.64699430 0.81137329 4.45438059 0.32632199
2.01407498 6.65288145 0.81102824 4.45094086 0.33111125
2.01302208 6.65881602 0.81068041 4.44747344 0.33597779
2.01196078 6.66479793 0.81032980 4.44397835 0.34092210
2.01089111 6.67082709 0.80997643 4.44045565 0.34594460
2.00981307 6.67690335 0.80962030 4.43690544 0.35104566
2.00872671 6.68302655 0.80926141 4.43332780 0.35622560
2.00763205 6.68919648 0.80889979 4.42972286 0.36148464
2.00652915 6.69541289 0.80853544 4.42609076 0.36682295
2.00541806 6.70167549 0.80816838 4.42243166 0.37224061
2.00429882 6.70798396 0.80779864 4.41874577 0.37773762
2.00317152 6.71433794 0.80742623 4.41503330 0.38331389
2.00203621 6.72073700 0.80705118 4.41129448 0.38896923
2.00089299 6.72718069 0.80667351 4.40752958 0.39470338
1.99974193 6.73366851 0.80629325 4.40373890 0.40051595
1.99858315 6.74019990 0.80591044 4.39992277 0.40640646
1.99741674 6.74677426 0.80552512 4.39608152 0.41237432
1.99624283 6.75339094 0.80513731 4.39221555 0.41841880
1.99506153 6.76004924 0.80474706 4.38832527 0.42453910
1.99387298 6.76674839 0.80435442 4.38441111 0.43073425
1.99267733 6.77348759 0.80395943 4.38047356 0.43700319
1.99147472 6.78026597 0.80356214 4.37651311 0.44334470
1.99026533 6.78708262 0.80316262 4.37253031 0.44975744
1.98904932 6.79393654 0.80276090 4.36852572 0.45623994
1.98782689 6.80082671 0.80235707 4.36449996 0.46279058
1.98659821 6.80775204 0.80195117 4.36045366 0.46940760
1.98536350 6.81471137 0.80154328 4.35638748 0.47608910
1.98412298 6.82170349 0.80113346 4.35230215 0.48283305
1.98287686 6.82872714 0.80072180 4.34819840 0.48963723
1.98162538 6.83578098 0.80030837 4.34407701 0.49649931
1.98036880 6.84286364 0.79989325 4.33993878 0.50341681
1.97910735 6.84997367 0.79947653 4.33578456 0.51038709
1.97784132 6.85710956 0.79905829 4.33161523 0.51740738
1.97657097 6.86426977 0.79863863 4.32743169 0.52447474
1.97529660 6.87145267 0.79821763 4.32323489 0.53158612
1.97401850 6.87865659 0.79779540 4.31902581 0.53873831
1.97273697 6.88587982 0.79737205 4.31480545 0.54592799
1.97145233 6.89312058 0.79694766 4.31057484 0.55315167
1.97016491 6.90037705 0.79652235 4.30633506 0.56040577
1.96887503 6.90764734 0.79609624 4.30208720 0.56768658
1.96758304 6.91492955 0.79566942 4.29783238 0.57499028
1.96628928 6.92222170 0.79524203 4.29357175 0.58231293
1.96499412 6.92952180 0.79481416 4.28930648 0.58965051
1.96369790 6.93682779 0.79438595 4.28503776 0.59699890
1.96240102 6.94413760 0.79395752 4.28076681 0.60435391
1.96110383 6.95144911 0.79352899 4.27649487 0.61171127
1.95980671 6.95876017 0.79310048 4.27222319 0.61906665
1.95851006 6.96606863 0.79267213 4.26795303 0.62641568
1.95721427 6.97337229 0.79224406 4.26368568 0.63375394
1.95591971 6.98066893 0.79181639 4.25942242 0.64107699
1.95462680 6.98795633 0.79138928 4.25516457 0.64838038
1.95333593 6.99523225 0.79096283 4.25091342 0.65565965
1.95204748 7.00249444 0.79053719 4.24667029 0.66291034
1.95076188 7.00974066 0.79011248 4.24243650 0.67012804
1.94947950 7.01696866 0.78968884 4.23821335 0.67730834
1.94820076 7.02417620 0.78926640 4.23400216 0.68444691
1.94692604 7.03136103 0.78884530 4.22980423 0.69153945
1.94565575 7.03852095 0.78842565 4.22562086 0.69858174
1.94439027 7.04565374 0.78800759 4.22145334 0.70556967
1.94312998 7.05275723 0.78759125 4.21730294 0.71249918
1.94187528 7.05982926 0.78717676 4.21317092 0.71936634
1.94062654 7.06686771 0.78676423 4.20905853 0.72616734
1.93938412 7.07387047 0.78635379 4.20496698 0.73289849
1.93814840 7.08083550 0.78594557 4.20089748 0.73955623
1.93691974 7.08776078 0.78553967 4.19685120 0.74613714
1.93569847 7.09464434 0.78513622 4.19282930 0.75263797
1.93448495 7.10148425 0.78473533 4.18883290 0.75905562
1.93327950 7.10827866 0.78433710 4.18486309 0.76538715
1.93208246 7.11502573 0.78394165 4.18092094 0.77162980
1.93089412 7.12172370 0.78354908 4.17700747 0.77778098
1.92971479 7.12837088 0.78315949 4.17312368 0.78383829
1.92854477 7.13496562 0.78277296 4.16927053 0.78979950
1.92738433 7.14150634 0.78238961 4.16544894 0.79566257
1.92623374 7.14799154 0.78200951 4.16165980 0.80142565
1.92509326 7.15441976 0.78163274 4.15790394 0.80708709
1.92396314 7.16078962 0.78125940 4.15418218 0.81264540
1.92284359 7.16709983 0.78088956 4.15049528 0.81809930
1.92173486 7.17334914 0.78052328 4.14684395 0.82344768
1.92063713 7.17953638 0.78016064 4.14322889 0.82868962
1.91955061 7.18566047 0.77980170 4.13965073 0.83382439
1.91847548 7.19172037 0.77944653 4.13611008 0.83885142
1.91741190 7.19771514 0.77909517 4.13260747 0.84377031
1.91636003 7.20364390 0.77874768 4.12914344 0.84858084
1.91532002 7.20950584 0.77840411 4.12571845 0.85328294
1.91429200 7.21530023 0.77806450 4.12233293 0.85787672
1.91327607 7.22102639 0.77772888 4.11898727 0.86236240
1.91227236 7.22668373 0.77739730 4.11568182 0.86674038
1.91128095 7.23227172 0.77706979 4.11241689 0.87101118
1.91030193 7.23778991 0.77674636 4.10919274 0.87517545
1.90933536 7.24323789 0.77642705 4.10600962 0.87923398
1.90838131 7.24861533 0.77611188 4.10286771 0.88318766
1.90743982 7.25392197 0.77580085 4.09976716 0.88703748
1.90651093 7.25915759 0.77549399 4.09670811 0.89078457
1.90559466 7.26432206 0.77519130 4.09369064 0.89443011
1.90469104 7.26941527 0.77489278 4.09071479 0.89797540
1.90380006 7.27443720 0.77459844 4.08778060 0.90142181
1.90292172 7.27938787 0.77430828 4.08488804 0.90477078
1.90205602 7.28426735 0.77402229 4.08203708 0.90802382
1.90120292 7.28907576 0.77374047 4.07922764 0.91118249
1.90036240 7.29381327 0.77346280 4.07645962 0.91424844
1.89953443 7.29848009 0.77318927 4.07373291 0.91722332
1.89871894 7.30307649 0.77291987 4.07104734 0.92010885
1.89791590 7.30760276 0.77265459 4.06840275 0.92290679
1.89712524 7.31205925 0.77239339 4.06579893 0.92561889
1.89634690 7.31644634 0.77213626 4.06323566 0.92824698
1.89558079 7.32076444 0.77188317 4.06071269 0.93079287
1.89482684 7.32501399 0.77163410 4.05822978 0.93325841
1.89408497 7.32919549 0.77138902 4.05578663 0.93564542
1.89335509 7.33330943 0.77114790 4.05338296 0.93795578
1.89263709 7.33735635 0.77091071 4.05101843 0.94019134
1.89193089 7.34133683 0.77067741 4.04869274 0.94235393
1.89123637 7.34525144 0.77044797 4.04640552 0.94444543
1.89055342 7.34910079 0.77022236 4.04415644 0.94646765
1.88988195 7.35288552 0.77000053 4.04194511 0.94842243
1.88922182 7.35660628 0.76978246 4.03977116 0.95031158
1.88857292 7.36026373 0.76956809 4.03763420 0.95213690
1.88793514 7.36385855 0.76935740 4.03553383 0.95390014
1.88730834 7.36739146 0.76915033 4.03346963 0.95560308
1.88669240 7.37086315 0.76894685 4.03144121 0.95724743
1.88608719 7.37427434 0.76874692 4.02944813 0.95883491
1.88549259 7.37762578 0.76855049 4.02748996 0.96036718
1.88490845 7.38091821 0.76835752 4.02556628 0.96184589
1.88433466 7.38415236 0.76816796 4.02367664 0.96327267
1.88377107 7.38732901 0.76798178 4.02182060 0.96464910
1.88321754 7.39044891 0.76779892 4.01999772 0.96597674
1.88267395 7.39351282 0.76761934 4.01820754 0.96725711
1.88214015 7.39652153 0.76744300 4.01644963 0.96849171
1.88161601 7.39947580 0.76726985 4.01472352 0.96968199
1.88110139 7.40237640 0.76709984 4.01302876 0.97082939
1.88059616 7.40522412 0.76693293 4.01136491 0.97193528
1.88010017 7.40801972 0.76676908 4.00973150 0.97300104
1.87961329 7.41076399 0.76660824 4.00812809 0.97402798
1.87913538 7.41345770 0.76645036 4.00655422 0.97501740
1.87866630 7.41610161 0.76629540 4.00500945 0.97597055
1.87820592 7.41869650 0.76614331 4.00349332 0.97688866
1.87775410 7.42124313 0.76599405 4.00200538 0.97777291
1.87731071 7.42374227 0.76584757 4.00054519 0.97862446
1.87687561 7.42619467 0.76570384 3.99911231 0.97944444
1.87644867 7.42860108 0.76556279 3.99770630 0.98023394
1.87602976 7.43096226 0.76542440 3.99632672 0.98099402
1.87561874 7.43327894 0.76528862 3.99497314 0.98172570
1.87521548 7.43555187 0.76515540 3.99364513 0.98242999
1.87481986 7.43778176 0.76502471 3.99234225 0.98310785
1.87443174 7.43996935 0.76489649 3.99106410 0.98376023
1.87405101 7.44211535 0.76477072 3.98981024 0.98438801
1.87367752 7.44422047 0.76464733 3.98858027 0.98499210
1.87331116 7.44628540 0.76452631 3.98737378 0.98557334
1.87295181 7.44831086 0.76440759 3.98619035 0.98613255
1.87259934 7.45029752 0.76429115 3.98502959 0.98667054
1.87225364 7.45224605 0.76417695 3.98389111 0.98718807
1.87191458 7.45415714 0.76406494 3.98277451 0.98768589
1.87158205 7.45603144 0.76395508 3.98167940 0.98816472
1.87125592 7.45786961 0.76384735 3.98060540 0.98862526
1.87093610 7.45967229 0.76374169 3.97955214 0.98906818
1.87062245 7.46144011 0.76363808 3.97851924 0.98949414
1.87031488 7.46317371 0.76353647 3.97750634 0.98990376
1.87001327 7.46487371 0.76343683 3.97651307 0.99029765
1.86971751 7.46654072 0.76333913 3.97553908 0.99067639
1.86942751 7.46817533 0.76324332 3.97458401 0.99104056
1.86914314 7.46977814 0.76314938 3.97364753 0.99139068
1.86886431 7.47134974 0.76305727 3.97272928 0.99172731
1.86859092 7.47289071 0.76296695 3.97182893 0.99205093
1.86832286 7.47440160 0.76287840 3.97094615 0.99236204
1.86806003 7.47588297 0.76279157 3.97008062 0.99266111
1.86780235 7.47733539 0.76270645 3.96923201 0.99294860
1.86754971 7.47875938 0.76262298 3.96840000 0.99322494
1.86730202 7.48015548 0.76254116 3.96758429 0.99349057
1.86705918 7.48152421 0.76246094 3.96678458 0.99374588
1.86682111 7.48286610 0.76238229 3.96600055 0.99399127
1.86658771 7.48418163 0.76230518 3.96523191 0.99422711
1.86635889 7.48547132 0.76222959 3.96447837 0.99445378
1.86613458 7.48673566 0.76215549 3.96373965 0.99467162
1.86591468 7.48797511 0.76208284 3.96301547 0.99488097
1.86569910 7.48919017 0.76201163 3.96230554 0.99508216
1.86548778 7.49038129 0.76194182 3.96160960 0.99527550
1.86528062 7.49154893 0.76187338 3.96092737 0.99546129
1.86507754 7.49269355 0.76180629 3.96025860 0.99563983
1.86487848 7.49381557 0.76174053 3.95960303 0.99581139
1.86468334 7.49491545 0.76167607 3.95896040 0.99597623
1.86449206 7.49599359 0.76161288 3.95833046 0.99613463
1.86430455 7.49705043 0.76155093 3.95771297 0.99628683
1.86412076 7.49808637 0.76149022 3.95710770 0.99643307
1.86394060 7.49910182 0.76143070 3.95651440 0.99657358
1.86376401 7.50009718 0.76137236 3.95593284 0.99670859
1.86359091 7.50107282 0.76131518 3.95536279 0.99683830
1.86342124 7.50202914 0.76125913 3.95480403 0.99696292
1.86325494 7.50296652 0.76120419 3.95425635 0.99708265
1.86309193 7.50388531 0.76115034 3.95371952 0.99719768
1.86293215 7.50478588 0.76109755 3.95319334 0.99730820
1.86277554 7.50566859 0.76104582 3.95267759 0.99741437
1.86262204 7.50653379 0.76099511 3.95217207 0.99751637
1.86247159 7.50738181 0.76094540 3.95167659 0.99761436
1.86232412 7.50821300 0.76089669 3.95119095 0.99770850
1.86217958 7.50902768 0.76084894 3.95071495 0.99779894
1.86203791 7.50982618 0.76080214 3.95024841 0.99788582
1.86189906 7.51060881 0.76075627 3.94979114 0.99796928
1.86176297 7.51137588 0.76071131 3.94934296 0.99804946
1.86162958 7.51212771 0.76066724 3.94890368 0.99812648
1.86149885 7.51286458 0.76062406 3.94847314 0.99820047
1.86137071 7.51358680 0.76058173 3.94805117 0.99827154
1.86124513 7.51429465 0.76054024 3.94763759 0.99833981
1.86112204 7.51498841 0.76049958 3.94723224 0.99840540
1.86100141 7.51566837 0.76045972 3.94683496 0.99846839
1.86088317 7.51633479 0.76042066 3.94644558 0.99852891
1.86076729 7.51698794 0.76038238 3.94606396 0.99858704
1.86065372 7.51762809 0.76034486 3.94568994 0.99864288
1.86054241 7.51825549 0.76030809 3.94532337 0.99869651
1.86043331 7.51887038 0.76027205 3.94496410 0.99874803
1.86032639 7.51947303 0.76023673 3.94461198 0.99879752
1.86022160 7.52006367 0.76020211 3.94426689 0.99884505
1.86011890 7.52064254 0.76016818 3.94392867 0.99889071
1.86001825 7.52120987 0.76013493 3.94359719 0.99893457
1.85991960 7.52176589 0.76010234 3.94327232 0.99897669
1.85982292 7.52231083 0.76007040 3.94295393 0.99901715
1.85972816 7.52284490 0.76003910 3.94264188 0.99905602
1.85963530 7.52336831 0.76000842 3.94233606 0.99909335
1.85954429 7.52388129 0.75997836 3.94203634 0.99912920
1.85945509 7.52438404 0.75994889 3.94174260 0.99916364
1.85936768 7.52487676 0.75992001 3.94145471 0.99919672
1.85928200 7.52535965 0.75989171 3.94117257 0.99922849
1.85919804 7.52583290 0.75986397 3.94089606 0.99925901
1.85911575 7.52629671 0.75983679 3.94062507 0.99928832
1.85903511 7.52675126 0.75981015 3.94035949 0.99931647
1.85895607 7.52719674 0.75978404 3.94009920 0.99934352
1.85887861 7.52763333 0.75975845 3.93984411 0.99936949
1.85880270 7.52806121 0.75973337 3.93959412 0.99939443
1.85872830 7.52848054 0.75970879 3.93934911 0.99941839
1.85865539 7.52889150 0.75968471 3.93910899 0.99944140
1.85858393 7.52929426 0.75966110 3.93887367 0.99946351
1.85851390 7.52968897 0.75963797 3.93864305 0.99948473
1.85844527 7.53007580 0.75961529 3.93841703 0.99950512
1.85837801 7.53045491 0.75959307 3.93819553 0.99952471
1.85831210 7.53082645 0.75957130 3.93797845 0.99954351
1.85824750 7.53119056 0.75954996 3.93776571 0.99956158
1.85818418 7.53154741 0.75952904 3.93755721 0.99957893
1.85812214 7.53189712 0.75950855 3.93735288 0.99959559
1.85806133 7.53223985 0.75948846 3.93715263 0.99961160
1.85800174 7.53257574 0.75946877 3.93695638 0.99962697
1.85794334 7.53290491 0.75944948 3.93676406 0.99964173
1.85788611 7.53322751 0.75943057 3.93657557 0.99965591
1.85783001 7.53354366 0.75941204 3.93639085 0.99966953
1.85777504 7.53385350 0.75939388 3.93620982 0.99968261
1.85772117 7.53415714 0.75937608 3.93603241 0.99969518
1.85766838 7.53445472 0.75935864 3.93585854 0.99970724
1.85761664 7.53474635 0.75934155 3.93568815 0.99971883
1.85756593 7.53503215 0.75932480 3.93552116 0.99972996
1.85751624 7.53531225 0.75930838 3.93535751 0.99974065
1.85746754 7.53558674 0.75929229 3.93519713 0.99975092
1.85741981 7.53585575 0.75927653 3.93503995 0.99976078
1.85737304 7.53611938 0.75926108 3.93488592 0.99977025
1.85732720 7.53637775 0.75924593 3.93473496 0.99977934
1.85728228 7.53663095 0.75923109 3.93458702 0.99978808
1.85723825 7.53687909 0.75921655 3.93444204 0.99979647
1.85719511 7.53712227 0.75920230 3.93429995 0.99980452
1.85715282 7.53736059 0.75918833 3.93416071 0.99981226
1.85711139 7.53759414 0.75917464 3.93402425 0.99981969
1.85707078 7.53782303 0.75916122 3.93389052 0.99982683
1.85703098 7.53804734 0.75914808 3.93375946 0.99983369
1.85699198 7.53826717 0.75913519 3.93363102 0.99984027
1.85695376 7.53848260 0.75912257 3.93350514 0.99984660
1.85691630 7.53869373 0.75911019 3.93338179 0.99985267
1.85687959 7.53890063 0.75909807 3.93326090 0.99985850
1.85684362 7.53910340 0.75908618 3.93314242 0.99986410
1.85680836 7.53930212 0.75907453 3.93302632 0.99986948
1.85677381 7.53949686 0.75906312 3.93291253 0.99987465
1.85673995 7.53968771 0.75905193 3.93280102 0.99987962
1.85670677 7.53987475 0.75904097 3.93269174 0.99988438
1.85667425 7.54005804 0.75903023 3.93258465 0.99988896
1.85664238 7.54023767 0.75901970 3.93247970 0.99989336
1.85661115 7.54041371 0.75900938 3.93237684 0.99989758
1.85658054 7.54058623 0.75899927 3.93227604 0.99990163
1.85655054 7.54075530 0.75898936 3.93217726 0.99990553
1.85652115 7.54092099 0.75897965 3.93208045 0.99990927
1.85649234 7.54108337 0.75897013 3.93198558 0.99991286
1.85646411 7.54124250 0.75896081 3.93189260 0.99991631
1.85643644 7.54139845 0.75895167 3.93180148 0.99991963
1.85640932 7.54155128 0.75894271 3.93171219 0.99992281
1.85638275 7.54170105 0.75893393 3.93162468 0.99992586
1.85635671 7.54184783 0.75892533 3.93153892 0.99992880
1.85633119 7.54199167 0.75891690 3.93145488 0.99993162
1.85630618 7.54213264 0.75890864 3.93137251 0.99993433
1.85628167 7.54227079 0.75890054 3.93129179 0.99993693
1.85625765 7.54240618 0.75889260 3.93121269 0.99993942
1.85623411 7.54253886 0.75888483 3.93113517 0.99994182
1.85621104 7.54266888 0.75887721 3.93105920 0.99994413
1.85618843 7.54279631 0.75886974 3.93098475 0.99994634
1.85616628 7.54292119 0.75886242 3.93091178 0.99994846
1.85614456 7.54304357 0.75885525 3.93084028 0.99995050
1.85612329 7.54316350 0.75884822 3.93077020 0.99995246
1.85610243 7.54328104 0.75884133 3.93070153 0.99995435
1.85608200 7.54339622 0.75883458 3.93063423 0.99995615
1.85606197 7.54350911 0.75882796 3.93056828 0.99995789
1.85604234 7.54361973 0.75882148 3.93050364 0.99995956
1.85602311 7.54372814 0.75881512 3.93044030 0.99996116
1.85600426 7.54383439 0.75880889 3.93037822 0.99996270
1.85598579 7.54393851 0.75880279 3.93031739 0.99996417
1.85596768 7.54404054 0.75879681 3.93025777 0.99996559
1.85594994 7.54414054 0.75879095 3.93019934 0.99996696
1.85593256 7.54423854 0.75878521 3.93014209 0.99996826
1.85591552 7.54433457 0.75877958 3.93008597 0.99996952
1.85589882 7.54442869 0.75877406 3.93003098 0.99997073
1.85588245 7.54452093 0.75876866 3.92997709 0.99997189
1.85586642 7.54461132 0.75876336 3.92992428 0.99997300
1.85585070 7.54469990 0.75875817 3.92987252 0.99997407
1.85583530 7.54478671 0.75875308 3.92982180 0.99997510
1.85582021 7.54487178 0.75874809 3.92977209 0.99997608
1.85580541 7.54495516 0.75874321 3.92972338 0.99997703
1.85579092 7.54503686 0.75873842 3.92967564 0.99997794
1.85577671 7.54511694 0.75873372 3.92962886 0.99997881
1.85576279 7.54519541 0.75872912 3.92958301 0.99997965
1.85574915 7.54527231 0.75872462 3.92953808 0.99998046
1.85573578 7.54534767 0.75872020 3.92949405 0.99998123
1.85572267 7.54542153 0.75871587 3.92945089 0.99998197
1.85570983 7.54549391 0.75871163 3.92940860 0.99998269
1.85569725 7.54556484 0.75870747 3.92936716 0.99998337
1.85568491 7.54563435 0.75870340 3.92932654 0.99998403
1.85567283 7.54570248 0.75869940 3.92928674 0.99998466
1.85566098 7.54576924 0.75869549 3.92924774 0.99998527
1.85564937 7.54583466 0.75869166 3.92920951 0.99998585
1.85563800 7.54589878 0.75868790 3.92917205 0.99998642
1.85562685 7.54596161 0.75868422 3.92913533 0.99998695
1.85561593 7.54602319 0.75868061 3.92909936 0.99998747
1.85560522 7.54608354 0.75867707 3.92906410 0.99998797
1.85559473 7.54614268 0.75867360 3.92902954 0.99998844
1.85558444 7.54620063 0.75867021 3.92899568 0.99998890
1.85557437 7.54625743 0.75866688 3.92896249 0.99998934
1.85556449 7.54631309 0.75866362 3.92892997 0.99998976
1.85555481 7.54636764 0.75866042 3.92889810 0.99999017
1.85554533 7.54642110 0.75865729 3.92886687 0.99999056
1.85553604 7.54647349 0.75865422 3.92883626 0.99999093
1.85552693 7.54652483 0.75865121 3.92880626 0.99999129
1.85551800 7.54657514 0.75864826 3.92877686 0.99999163
1.85550925 7.54662445 0.75864537 3.92874805 0.99999197
1.85550068 7.54667277 0.75864254 3.92871982 0.99999228
1.85549228 7.54672013 0.75863976 3.92869215 0.99999259
1.85548404 7.54676654 0.75863704 3.92866504 0.99999288
1.85547597 7.54681202 0.75863437 3.92863846 0.99999316
1.85546807 7.54685659 0.75863176 3.92861242 0.99999344
1.85546032 7.54690027 0.75862920 3.92858690 0.99999370
1.85545272 7.54694307 0.75862669 3.92856189 0.99999395
1.85544528 7.54698502 0.75862423 3.92853738 0.99999418
1.85543799 7.54702613 0.75862182 3.92851336 0.99999442
1.85543084 7.54706642 0.75861946 3.92848982 0.99999464
1.85542383 7.54710590 0.75861715 3.92846675 0.99999485
1.85541697 7.54714460 0.75861488 3.92844414 0.99999505
1.85541024 7.54718252 0.75861266 3.92842199 0.99999525
1.85540365 7.54721968 0.75861048 3.92840028 0.99999544
1.85539719 7.54725609 0.75860835 3.92837900 0.99999562
1.85539086 7.54729178 0.75860625 3.92835815 0.99999579
1.85538465 7.54732676 0.75860420 3.92833771 0.99999596
1.85537857 7.54736103 0.75860220 3.92831769 0.99999612
1.85537261 7.54739462 0.75860023 3.92829806 0.99999627
1.85536677 7.54742754 0.75859830 3.92827883 0.99999642
1.85536105 7.54745980 0.75859641 3.92825998 0.99999656
1.85535544 7.54749142 0.75859455 3.92824150 0.99999670
1.85534994 7.54752240 0.75859274 3.92822340 0.99999683
1.85534455 7.54755276 0.75859096 3.92820566 0.99999695
1.85533927 7.54758252 0.75858921 3.92818828 0.99999707
1.85533410 7.54761168 0.75858751 3.92817124 0.99999719
1.85532903 7.54764026 0.75858583 3.92815454 0.99999730
1.85532406 7.54766826 0.75858419 3.92813818 0.99999741
1.85531919 7.54769571 0.75858258 3.92812214 0.99999751
1.85531442 7.54772261 0.75858100 3.92810643 0.99999761
1.85530974 7.54774897 0.75857946 3.92809103 0.99999770
1.85530516 7.54777480 0.75857794 3.92807593 0.99999779
1.85530067 7.54780011 0.75857646 3.92806114 0.99999788
1.85529627 7.54782492 0.75857501 3.92804665 0.99999797
1.85529195 7.54784923 0.75857358 3.92803244 0.99999805
1.85528773 7.54787306 0.75857219 3.92801852 0.99999812
1.85528358 7.54789641 0.75857082 3.92800488 0.99999820
1.85527952 7.54791929 0.75856948 3.92799151 0.99999827
1.85527555 7.54794172 0.75856816 3.92797841 0.99999834
1.85527165 7.54796370 0.75856687 3.92796556 0.99999840
1.85526783 7.54798523 0.75856561 3.92795298 0.99999847
1.85526408 7.54800634 0.75856437 3.92794065 0.99999853
1.85526041 7.54802702 0.75856316 3.92792856 0.99999859
1.85525681 7.54804729 0.75856197 3.92791672 0.99999864
1.85525329 7.54806716 0.75856081 3.92790511 0.99999870
1.85524984 7.54808663 0.75855967 3.92789374 0.99999875
1.85524645 7.54810571 0.75855855 3.92788259 0.99999880
1.85524313 7.54812440 0.75855745 3.92787167 0.99999884
1.85523988 7.54814273 0.75855638 3.92786096 0.99999889
1.85523670 7.54816068 0.75855533 3.92785047 0.99999893
1.85523358 7.54817828 0.75855430 3.92784019 0.99999898
1.85523052 7.54819553 0.75855329 3.92783011 0.99999902
1.85522752 7.54821243 0.75855230 3.92782024 0.99999906
1.85522458 7.54822899 0.75855132 3.92781056 0.99999909
1.85522170 7.54824522 0.75855037 3.92780108 0.99999913
1.85521888 7.54826113 0.75854944 3.92779178 0.99999916
1.85521611 7.54827672 0.75854853 3.92778267 0.99999920
1.85521340 7.54829199 0.75854763 3.92777375 0.99999923
1.85521074 7.54830696 0.75854675 3.92776500 0.99999926
1.85520814 7.54832164 0.75854589 3.92775643 0.99999929
1.85520559 7.54833601 0.75854505 3.92774803 0.99999932
1.85520309 7.54835011 0.75854423 3.92773979 0.99999934
1.85520064 7.54836391 0.75854342 3.92773173 0.99999937
1.85519824 7.54837745 0.75854262 3.92772382 0.99999939
1.85519589 7.54839071 0.75854185 3.92771607 0.99999942
1.85519358 7.54840371 0.75854108 3.92770848 0.99999944
1.85519132 7.54841644 0.75854034 3.92770103 0.99999946
1.85518911 7.54842893 0.75853961 3.92769374 0.99999949
1.85518694 7.54844116 0.75853889 3.92768659 0.99999951
1.85518481 7.54845315 0.75853819 3.92767959 0.99999953
1.85518273 7.54846489 0.75853750 3.92767273 0.99999954
1.85518068 7.54847641 0.75853682 3.92766600 0.99999956
1.85517868 7.54848769 0.75853616 3.92765941 0.99999958
1.85517672 7.54849875 0.75853551 3.92765295 0.99999960
1.85517480 7.54850958 0.75853488 3.92764661 0.99999961
1.85517291 7.54852020 0.75853426 3.92764041 0.99999963
1.85517107 7.54853061 0.75853365 3.92763433 0.99999964
1.85516926 7.54854081 0.75853305 3.92762837 0.99999966
1.85516748 7.54855080 0.75853246 3.92762253 0.99999967
1.85516575 7.54856060 0.75853189 3.92761681 0.99999968
1.85516404 7.54857020 0.75853133 3.92761120 0.99999970
1.85516237 7.54857961 0.75853077 3.92760570 0.99999971
1.85516074 7.54858883 0.75853023 3.92760032 0.99999972
1.85515913 7.54859786 0.75852970 3.92759504 0.99999973
1.85515756 7.54860671 0.75852919 3.92758986 0.99999974
1.85515602 7.54861539 0.75852868 3.92758479 0.99999975
