1.29159286 8.30903112 4.99031126 5.56655309 0.17963187
1.29297405 8.30853837 4.99116182 5.57094462 0.18185751
1.29436733 8.30804131 4.99201983 5.57537458 0.18412230
1.29577282 8.30753988 4.99288536 5.57984340 0.18642701
1.29719067 8.30703405 4.99375851 5.58435150 0.18877244
1.29862101 8.30652376 4.99463933 5.58889929 0.19115937
1.30006396 8.30600898 4.99552793 5.59348720 0.19358862
1.30151966 8.30548964 4.99642438 5.59811566 0.19606101
1.30298824 8.30496571 4.99732877 5.60278507 0.19857736
1.30446984 8.30443714 4.99824116 5.60749587 0.20113854
1.30596459 8.30390387 4.99916166 5.61224848 0.20374539
1.30747262 8.30336587 5.00009033 5.61704331 0.20639879
1.30899406 8.30282308 5.00102726 5.62188080 0.20909961
1.31052905 8.30227546 5.00197254 5.62676136 0.21184875
1.31207772 8.30172296 5.00292623 5.63168541 0.21464711
1.31364019 8.30116553 5.00388843 5.63665336 0.21749560
1.31521660 8.30060313 5.00485922 5.64166563 0.22039514
1.31680708 8.30003571 5.00583866 5.64672263 0.22334667
1.31841175 8.29946323 5.00682684 5.65182476 0.22635112
1.32003075 8.29888564 5.00782385 5.65697243 0.22940943
1.32166419 8.29830290 5.00882975 5.66216604 0.23252256
1.32331220 8.29771496 5.00984462 5.66740597 0.23569146
1.32497490 8.29712178 5.01086854 5.67269261 0.23891711
1.32665241 8.29652331 5.01190157 5.67802634 0.24220047
1.32834485 8.29591952 5.01294380 5.68340754 0.24554250
1.33005233 8.29531036 5.01399529 5.68883656 0.24894418
1.33177496 8.29469580 5.01505611 5.69431377 0.25240648
1.33351286 8.29407579 5.01612633 5.69983950 0.25593038
1.33526612 8.29345030 5.01720602 5.70541410 0.25951683
1.33703485 8.29281929 5.01829522 5.71103788 0.26316682
1.33881914 8.29218273 5.01939402 5.71671115 0.26688129
1.34061910 8.29154058 5.02050245 5.72243423 0.27066120
1.34243481 8.29089282 5.02162059 5.72820738 0.27450750
1.34426635 8.29023940 5.02274847 5.73403087 0.27842111
1.34611380 8.28958031 5.02388615 5.73990496 0.28240295
1.34797724 8.28891551 5.02503368 5.74582989 0.28645393
1.34985673 8.28824499 5.02619109 5.75180586 0.29057493
1.35175234 8.28756872 5.02735843 5.75783308 0.29476682
1.35366412 8.28688668 5.02853572 5.76391171 0.29903043
1.35559211 8.28619885 5.02972300 5.77004191 0.30336659
1.35753637 8.28550523 5.03092029 5.77622381 0.30777607
1.35949692 8.28480579 5.03212761 5.78245752 0.31225964
1.36147378 8.28410053 5.03334498 5.78874311 0.31681801
1.36346698 8.28338945 5.03457241 5.79508062 0.32145187
1.36547651 8.28267253 5.03580989 5.80147009 0.32616185
1.36750238 8.28194979 5.03705744 5.80791149 0.33094854
1.36954457 8.28122123 5.03831503 5.81440480 0.33581249
1.37160305 8.28048685 5.03958266 5.82094992 0.34075419
1.37367780 8.27974667 5.04086030 5.82754676 0.34577408
1.37576877 8.27900071 5.04214793 5.83419516 0.35087252
1.37787589 8.27824898 5.04344551 5.84089494 0.35604983
1.37999910 8.27749151 5.04475299 5.84764587 0.36130624
1.38213831 8.27672834 5.04607032 5.85444768 0.36664191
1.38429342 8.27595949 5.04739745 5.86130006 0.37205693
1.38646433 8.27518501 5.04873430 5.86820265 0.37755130
1.38865090 8.27440494 5.05008080 5.87515506 0.38312494
1.39085300 8.27361933 5.05143686 5.88215684 0.38877767
1.39307046 8.27282824 5.05280238 5.88920748 0.39450921
1.39530312 8.27203173 5.05417725 5.89630643 0.40031920
1.39755078 8.27122986 5.05556136 5.90345309 0.40620714
1.39981324 8.27042272 5.05695459 5.91064681 0.41217245
1.40209027 8.26961038 5.05835679 5.91788687 0.41821442
1.40438164 8.26879293 5.05976781 5.92517251 0.42433223
1.40668708 8.26797045 5.06118749 5.93250289 0.43052494
1.40900631 8.26714306 5.06261567 5.93987713 0.43679146
1.41133903 8.26631085 5.06405216 5.94729429 0.44313061
1.41368494 8.26547394 5.06549677 5.95475336 0.44954104
1.41604369 8.26463245 5.06694928 5.96225328 0.45602128
1.41841493 8.26378650 5.06840948 5.96979290 0.46256972
1.42079828 8.26293623 5.06987714 5.97737105 0.46918461
1.42319335 8.26208178 5.07135201 5.98498645 0.47586405
1.42559972 8.26122330 5.07283384 5.99263779 0.48260599
1.42801696 8.26036095 5.07432237 6.00032368 0.48940826
1.43044460 8.25949488 5.07581730 6.00804268 0.49626852
1.43288218 8.25862527 5.07731834 6.01579326 0.50318428
1.43532919 8.25775229 5.07882519 6.02357385 0.51015291
1.43778513 8.25687613 5.08033754 6.03138281 0.51717165
1.44024945 8.25599697 5.08185505 6.03921844 0.52423756
1.44272160 8.25511503 5.08337738 6.04707897 0.53134761
1.44520101 8.25423050 5.08490418 6.05496258 0.53849858
1.44768708 8.25334359 5.08643508 6.06286738 0.54568714
1.45017920 8.25245452 5.08796970 6.07079143 0.55290984
1.45267676 8.25156351 5.08950767 6.07873275 0.56016308
1.45517909 8.25067080 5.09104857 6.08668927 0.56744316
1.45768554 8.24977662 5.09259202 6.09465890 0.57474625
1.46019544 8.24888121 5.09413758 6.10263949 0.58206844
1.46270810 8.24798482 5.09568484 6.11062885 0.58940570
1.46522281 8.24708770 5.09723337 6.11862474 0.59675391
1.46773885 8.24619010 5.09878271 6.12662489 0.60410888
1.47025551 8.24529228 5.10033243 6.13462698 0.61146635
1.47277204 8.24439451 5.10188207 6.14262867 0.61882199
1.47528769 8.24349705 5.10343117 6.15062759 0.62617142
1.47780171 8.24260017 5.10497926 6.15862133 0.63351024
1.48031335 8.24170414 5.10652588 6.16660748 0.64083401
1.48282183 8.24080924 5.10807056 6.17458360 0.64813826
1.48532638 8.23991575 5.10961282 6.18254723 0.65541854
1.48782623 8.23902392 5.11115218 6.19049594 0.66267039
1.49032062 8.23813406 5.11268817 6.19842724 0.66988940
1.49280875 8.23724642 5.11422031 6.20633869 0.67707116
1.49528986 8.23636128 5.11574813 6.21422782 0.68421133
1.49776319 8.23547893 5.11727115 6.22209219 0.69130562
1.50022796 8.23459962 5.11878890 6.22992938 0.69834981
1.50268342 8.23372364 5.12030092 6.23773696 0.70533976
1.50512882 8.23285125 5.12180674 6.24551255 0.71227143
1.50756342 8.23198271 5.12330590 6.25325378 0.71914089
1.50998647 8.23111829 5.12479796 6.26095834 0.72594431
1.51239727 8.23025825 5.12628246 6.26862393 0.73267800
1.51479510 8.22940283 5.12775899 6.27624830 0.73933839
1.51717928 8.22855228 5.12922710 6.28382923 0.74592208
1.51954911 8.22770685 5.13068637 6.29136458 0.75242578
1.52190394 8.22686677 5.13213641 6.29885223 0.75884641
1.52424313 8.22603227 5.13357682 6.30629014 0.76518101
1.52656604 8.22520358 5.13500720 6.31367632 0.77142682
1.52887208 8.22438091 5.13642719 6.32100883 0.77758125
1.53116065 8.22356447 5.13783642 6.32828580 0.78364187
1.53343118 8.22275446 5.13923454 6.33550544 0.78960647
1.53568315 8.22195108 5.14062122 6.34266602 0.79547299
1.53791601 8.22115452 5.14199615 6.34976589 0.80123959
1.54012928 8.22036494 5.14335900 6.35680345 0.80690459
1.54232247 8.21958253 5.14470950 6.36377719 0.81246650
1.54449515 8.21880744 5.14604736 6.37068569 0.81792405
1.54664688 8.21803982 5.14737231 6.37752758 0.82327610
1.54877725 8.21727982 5.14868412 6.38430159 0.82852175
1.55088590 8.21652757 5.14998255 6.39100651 0.83366024
1.55297247 8.21578319 5.15126738 6.39764123 0.83869100
1.55503663 8.21504682 5.15253841 6.40420469 0.84361364
1.55707807 8.21431854 5.15379545 6.41069594 0.84842792
1.55909653 8.21359847 5.15503833 6.41711409 0.85313376
1.56109174 8.21288669 5.15626690 6.42345832 0.85773127
1.56306347 8.21218329 5.15748101 6.42972791 0.86222068
1.56501152 8.21148833 5.15868054 6.43592221 0.86660236
1.56693571 8.21080189 5.15986537 6.44204062 0.87087684
1.56883587 8.21012402 5.16103541 6.44808264 0.87504477
1.57071187 8.20945477 5.16219056 6.45404785 0.87910693
1.57256359 8.20879418 5.16333077 6.45993586 0.88306419
1.57439094 8.20814228 5.16445597 6.46574639 0.88691757
1.57619385 8.20749911 5.16556612 6.47147921 0.89066817
1.57797227 8.20686467 5.16666119 6.47713415 0.89431718
1.57972617 8.20623898 5.16774116 6.48271111 0.89786589
1.58145553 8.20562204 5.16880601 6.48821005 0.90131566
1.58316036 8.20501386 5.16985576 6.49363100 0.90466795
1.58484068 8.20441442 5.17089042 6.49897403 0.90792425
1.58649654 8.20382370 5.17191002 6.50423927 0.91108614
1.58812799 8.20324169 5.17291458 6.50942691 0.91415523
1.58973511 8.20266837 5.17390416 6.51453718 0.91713320
1.59131798 8.20210369 5.17487881 6.51957035 0.92002177
1.59287672 8.20154763 5.17583860 6.52452677 0.92282267
1.59441143 8.20100013 5.17678359 6.52940680 0.92553768
1.59592224 8.20046116 5.17771386 6.53421086 0.92816861
1.59740930 8.19993067 5.17862952 6.53893939 0.93071728
1.59887277 8.19940859 5.17953064 6.54359289 0.93318553
1.60031280 8.19889487 5.18041733 6.54817189 0.93557520
1.60172957 8.19838945 5.18128969 6.55267692 0.93788815
1.60312327 8.19789226 5.18214785 6.55710859 0.94012622
1.60449409 8.19740323 5.18299192 6.56146751 0.94229128
1.60584224 8.19692230 5.18382203 6.56575433 0.94438517
1.60716791 8.19644937 5.18463830 6.56996970 0.94640973
1.60847133 8.19598439 5.18544087 6.57411432 0.94836678
1.60975273 8.19552727 5.18622987 6.57818889 0.95025814
1.61101232 8.19507792 5.18700545 6.58219416 0.95208559
1.61225036 8.19463626 5.18776775 6.58613086 0.95385093
1.61346707 8.19420221 5.18851693 6.58999976 0.95555589
1.61466270 8.19377569 5.18925312 6.59380164 0.95720221
1.61583750 8.19335659 5.18997649 6.59753729 0.95879159
1.61699173 8.19294483 5.19068718 6.60120751 0.96032571
1.61812563 8.19254032 5.19138537 6.60481310 0.96180622
1.61923947 8.19214297 5.19207119 6.60835490 0.96323474
1.62033350 8.19175269 5.19274482 6.61183373 0.96461286
1.62140799 8.19136938 5.19340642 6.61525042 0.96594213
1.62246321 8.19099294 5.19405615 6.61860581 0.96722409
1.62349941 8.19062329 5.19469417 6.62190075 0.96846021
1.62451687 8.19026032 5.19532065 6.62513608 0.96965198
1.62551584 8.18990395 5.19593575 6.62831265 0.97080081
1.62649660 8.18955408 5.19653963 6.63143131 0.97190809
1.62745942 8.18921060 5.19713246 6.63449290 0.97297519
1.62840456 8.18887344 5.19771441 6.63749828 0.97400343
1.62933228 8.18854248 5.19828563 6.64044829 0.97499410
1.63024286 8.18821764 5.19884630 6.64334378 0.97594846
1.63113655 8.18789883 5.19939657 6.64618558 0.97686773
1.63201363 8.18758595 5.19993661 6.64897454 0.97775311
1.63287435 8.18727889 5.20046657 6.65171149 0.97860576
1.63371897 8.18697759 5.20098662 6.65439726 0.97942679
1.63454776 8.18668193 5.20149693 6.65703267 0.98021730
1.63536096 8.18639183 5.20199764 6.65961855 0.98097836
1.63615885 8.18610719 5.20248891 6.66215570 0.98171099
1.63694166 8.18582793 5.20297090 6.66464493 0.98241619
1.63770965 8.18555396 5.20344377 6.66708704 0.98309493
1.63846308 8.18528519 5.20390767 6.66948282 0.98374815
1.63920218 8.18502153 5.20436275 6.67183305 0.98437675
1.63992720 8.18476288 5.20480916 6.67413852 0.98498163
1.64063839 8.18450918 5.20524704 6.67639999 0.98556362
1.64133597 8.18426033 5.20567656 6.67861821 0.98612357
1.64202020 8.18401624 5.20609785 6.68079395 0.98666226
1.64269129 8.18377684 5.20651105 6.68292795 0.98718047
1.64334949 8.18354203 5.20691631 6.68502093 0.98767894
1.64399502 8.18331175 5.20731377 6.68707362 0.98815840
1.64462810 8.18308591 5.20770357 6.68908675 0.98861955
1.64524896 8.18286442 5.20808584 6.69106101 0.98906306
1.64585782 8.18264722 5.20846072 6.69299710 0.98948958
1.64645489 8.18243423 5.20882834 6.69489571 0.98989974
1.64704039 8.18222536 5.20918884 6.69675753 0.99029415
1.64761452 8.18202055 5.20954234 6.69858320 0.99067339
1.64817750 8.18181971 5.20988897 6.70037341 0.99103804
1.64872953 8.18162279 5.21022886 6.70212879 0.99138863
1.64927080 8.18142969 5.21056213 6.70384999 0.99172570
1.64980153 8.18124037 5.21088890 6.70553763 0.99204975
1.65032190 8.18105473 5.21120929 6.70719234 0.99236127
1.65083210 8.18087273 5.21152342 6.70881473 0.99266074
1.65133232 8.18069428 5.21183142 6.71040540 0.99294862
1.65182276 8.18051932 5.21213338 6.71196494 0.99322533
1.65230360 8.18034779 5.21242943 6.71349394 0.99349131
1.65277500 8.18017963 5.21271968 6.71499297 0.99374696
1.65323716 8.18001476 5.21300423 6.71646259 0.99399267
1.65369025 8.17985313 5.21328320 6.71790335 0.99422884
1.65413443 8.17969467 5.21355668 6.71931581 0.99445581
1.65456988 8.17953933 5.21382479 6.72070050 0.99467394
1.65499676 8.17938705 5.21408762 6.72205795 0.99488357
1.65541524 8.17923777 5.21434528 6.72338868 0.99508503
1.65582548 8.17909142 5.21459786 6.72469319 0.99527863
1.65622762 8.17894796 5.21484546 6.72597198 0.99546467
1.65662184 8.17880733 5.21508818 6.72722556 0.99564344
1.65700828 8.17866948 5.21532610 6.72845440 0.99581523
1.65738709 8.17853434 5.21555933 6.72965898 0.99598030
1.65775841 8.17840188 5.21578796 6.73083976 0.99613891
1.65812240 8.17827204 5.21601206 6.73199721 0.99629132
1.65847919 8.17814476 5.21623173 6.73313177 0.99643775
1.65882892 8.17802000 5.21644706 6.73424389 0.99657845
1.65917173 8.17789771 5.21665813 6.73533399 0.99671363
1.65950775 8.17777784 5.21686501 6.73640252 0.99684352
1.65983711 8.17766034 5.21706780 6.73744988 0.99696831
1.66015995 8.17754517 5.21726657 6.73847649 0.99708820
1.66047640 8.17743229 5.21746140 6.73948275 0.99720339
1.66078656 8.17732164 5.21765237 6.74046906 0.99731405
1.66109058 8.17721319 5.21783954 6.74143581 0.99742037
1.66138856 8.17710689 5.21802301 6.74238337 0.99752250
1.66168062 8.17700270 5.21820283 6.74331213 0.99762063
1.66196689 8.17690058 5.21837908 6.74422244 0.99771490
1.66224747 8.17680049 5.21855183 6.74511468 0.99780545
1.66252248 8.17670239 5.21872115 6.74598919 0.99789245
1.66279203 8.17660623 5.21888710 6.74684633 0.99797602
1.66305621 8.17651199 5.21904976 6.74768643 0.99805631
1.66331515 8.17641962 5.21920918 6.74850983 0.99813343
1.66356893 8.17632909 5.21936543 6.74931685 0.99820752
1.66381767 8.17624035 5.21951858 6.75010783 0.99827869
1.66406146 8.17615339 5.21966867 6.75088307 0.99834705
1.66430040 8.17606815 5.21981578 6.75164288 0.99841272
1.66453458 8.17598461 5.21995996 6.75238757 0.99847581
1.66476410 8.17590273 5.22010128 6.75311743 0.99853640
1.66498905 8.17582249 5.22023977 6.75383277 0.99859461
1.66520952 8.17574384 5.22037551 6.75453386 0.99865052
1.66542560 8.17566676 5.22050855 6.75522099 0.99870423
1.66563738 8.17559121 5.22063893 6.75589442 0.99875582
1.66584493 8.17551717 5.22076672 6.75655445 0.99880537
1.66604835 8.17544460 5.22089196 6.75720132 0.99885297
1.66624772 8.17537348 5.22101471 6.75783529 0.99889869
1.66644311 8.17530378 5.22113500 6.75845663 0.99894260
1.66663461 8.17523547 5.22125290 6.75906559 0.99898479
1.66682229 8.17516852 5.22136845 6.75966240 0.99902530
1.66700622 8.17510290 5.22148170 6.76024732 0.99906422
1.66718649 8.17503860 5.22159268 6.76082057 0.99910160
1.66736316 8.17497557 5.22170145 6.76138238 0.99913750
1.66753631 8.17491380 5.22180806 6.76193299 0.99917199
1.66770601 8.17485327 5.22191253 6.76247262 0.99920511
1.66787232 8.17479394 5.22201492 6.76300148 0.99923693
1.66803531 8.17473580 5.22211527 6.76351979 0.99926749
1.66819504 8.17467882 5.22221362 6.76402775 0.99929684
1.66835159 8.17462297 5.22231000 6.76452558 0.99932503
1.66850502 8.17456824 5.22240446 6.76501347 0.99935210
1.66865538 8.17451460 5.22249703 6.76549163 0.99937811
1.66880275 8.17446203 5.22258776 6.76596024 0.99940309
1.66894716 8.17441051 5.22267667 6.76641949 0.99942708
1.66908870 8.17436002 5.22276381 6.76686958 0.99945012
1.66922741 8.17431054 5.22284921 6.76731068 0.99947225
1.66936335 8.17426205 5.22293291 6.76774297 0.99949351
1.66949658 8.17421452 5.22301493 6.76816663 0.99951393
1.66962714 8.17416795 5.22309531 6.76858183 0.99953354
1.66975510 8.17412230 5.22317409 6.76898874 0.99955237
1.66988050 8.17407757 5.22325130 6.76938752 0.99957046
1.67000340 8.17403372 5.22332696 6.76977833 0.99958783
1.67012384 8.17399076 5.22340111 6.77016134 0.99960452
1.67024188 8.17394865 5.22347378 6.77053670 0.99962055
1.67035756 8.17390739 5.22354500 6.77090456 0.99963594
1.67047093 8.17386695 5.22361480 6.77126508 0.99965072
1.67058203 8.17382731 5.22368320 6.77161839 0.99966492
1.67069091 8.17378847 5.22375023 6.77196464 0.99967856
1.67079762 8.17375041 5.22381593 6.77230397 0.99969166
1.67090220 8.17371310 5.22388031 6.77263652 0.99970424
1.67100468 8.17367654 5.22394341 6.77296243 0.99971632
1.67110512 8.17364071 5.22400524 6.77328183 0.99972792
1.67120355 8.17360560 5.22406584 6.77359484 0.99973907
1.67130002 8.17357119 5.22412523 6.77390160 0.99974977
1.67139455 8.17353746 5.22418343 6.77420222 0.99976005
1.67148720 8.17350442 5.22424047 6.77449684 0.99976992
1.67157799 8.17347203 5.22429637 6.77478558 0.99977941
1.67166697 8.17344028 5.22435115 6.77506854 0.99978851
1.67175418 8.17340918 5.22440483 6.77534584 0.99979726
1.67183964 8.17337869 5.22445744 6.77561761 0.99980566
1.67192339 8.17334882 5.22450901 6.77588394 0.99981373
1.67200546 8.17331954 5.22455954 6.77614495 0.99982148
1.67208590 8.17329084 5.22460906 6.77640074 0.99982892
1.67216473 8.17326272 5.22465759 6.77665141 0.99983607
1.67224198 8.17323517 5.22470515 6.77689708 0.99984293
1.67231769 8.17320816 5.22475176 6.77713784 0.99984953
1.67239188 8.17318169 5.22479743 6.77737378 0.99985586
1.67246459 8.17315575 5.22484220 6.77760501 0.99986194
1.67253585 8.17313033 5.22488607 6.77783161 0.99986778
1.67260569 8.17310542 5.22492906 6.77805368 0.99987339
1.67267412 8.17308101 5.22497119 6.77827132 0.99987878
1.67274119 8.17305708 5.22501248 6.77848460 0.99988395
1.67280692 8.17303364 5.22505295 6.77869362 0.99988892
1.67287133 8.17301066 5.22509260 6.77889846 0.99989369
1.67293446 8.17298814 5.22513147 6.77909921 0.99989828
1.67299632 8.17296607 5.22516955 6.77929594 0.99990268
1.67305695 8.17294445 5.22520688 6.77948874 0.99990691
1.67311637 8.17292325 5.22524345 6.77967768 0.99991097
1.67317459 8.17290248 5.22527930 6.77986285 0.99991487
1.67323165 8.17288212 5.22531443 6.78004431 0.99991861
1.67328758 8.17286218 5.22534886 6.78022215 0.99992221
1.67334238 8.17284263 5.22538260 6.78039642 0.99992567
1.67339609 8.17282347 5.22541566 6.78056722 0.99992898
1.67344872 8.17280469 5.22544807 6.78073460 0.99993217
1.67350030 8.17278629 5.22547982 6.78089863 0.99993523
1.67355085 8.17276826 5.22551094 6.78105939 0.99993817
1.67360039 8.17275059 5.22554144 6.78121692 0.99994099
1.67364894 8.17273327 5.22557133 6.78137131 0.99994371
1.67369652 8.17271630 5.22560062 6.78152261 0.99994631
1.67374314 8.17269966 5.22562932 6.78167089 0.99994881
1.67378884 8.17268336 5.22565745 6.78181620 0.99995121
1.67383362 8.17266739 5.22568502 6.78195861 0.99995352
1.67387750 8.17265174 5.22571204 6.78209816 0.99995573
1.67392051 8.17263639 5.22573851 6.78223493 0.99995786
1.67396266 8.17262136 5.22576446 6.78236896 0.99995990
1.67400396 8.17260663 5.22578989 6.78250031 0.99996187
1.67404444 8.17259219 5.22581481 6.78262904 0.99996375
1.67408411 8.17257804 5.22583923 6.78275519 0.99996556
1.67412298 8.17256417 5.22586316 6.78287882 0.99996730
1.67416108 8.17255058 5.22588662 6.78299997 0.99996897
1.67419842 8.17253726 5.22590960 6.78311871 0.99997057
1.67423501 8.17252421 5.22593213 6.78323507 0.99997211
1.67427087 8.17251141 5.22595420 6.78334910 0.99997359
1.67430601 8.17249888 5.22597583 6.78346085 0.99997501
1.67434044 8.17248659 5.22599703 6.78357037 0.99997638
1.67437419 8.17247456 5.22601781 6.78367769 0.99997769
1.67440727 8.17246276 5.22603817 6.78378287 0.99997895
1.67443968 8.17245119 5.22605813 6.78388595 0.99998015
1.67447145 8.17243986 5.22607768 6.78398697 0.99998132
1.67450258 8.17242876 5.22609685 6.78408596 0.99998243
1.67453308 8.17241788 5.22611563 6.78418298 0.99998350
1.67456298 8.17240721 5.22613403 6.78427805 0.99998453
1.67459228 8.17239676 5.22615207 6.78437123 0.99998552
1.67462099 8.17238652 5.22616974 6.78446254 0.99998646
1.67464913 8.17237648 5.22618707 6.78455202 0.99998738
1.67467671 8.17236664 5.22620404 6.78463972 0.99998825
1.67470373 8.17235700 5.22622068 6.78472566 0.99998909
1.67473021 8.17234756 5.22623698 6.78480988 0.99998990
1.67475617 8.17233830 5.22625296 6.78489242 0.99999067
1.67478160 8.17232922 5.22626862 6.78497331 0.99999142
1.67480653 8.17232033 5.22628396 6.78505258 0.99999213
1.67483096 8.17231162 5.22629900 6.78513026 0.99999282
1.67485490 8.17230308 5.22631374 6.78520639 0.99999348
1.67487836 8.17229471 5.22632818 6.78528100 0.99999411
1.67490135 8.17228651 5.22634234 6.78535412 0.99999472
1.67492388 8.17227847 5.22635621 6.78542577 0.99999530
1.67494596 8.17227059 5.22636980 6.78549599 0.99999586
1.67496760 8.17226288 5.22638312 6.78556481 0.99999640
1.67498881 8.17225531 5.22639618 6.78563225 0.99999692
1.67500959 8.17224790 5.22640897 6.78569834 0.99999742
1.67502996 8.17224063 5.22642151 6.78576311 0.99999789
1.67504992 8.17223351 5.22643380 6.78582658 0.99999835
1.67506948 8.17222653 5.22644584 6.78588879 0.99999879
1.67508865 8.17221970 5.22645764 6.78594975 0.99999921
1.67510743 8.17221299 5.22646920 6.78600949 0.99999962
1.67512584 8.17220643 5.22648053 6.78606804 1.00000001
1.67514388 8.17219999 5.22649164 6.78612541 1.00000038
1.67516156 8.17219368 5.22650253 6.78618164 1.00000074
1.67517889 8.17218750 5.22651319 6.78623675 1.00000109
1.67519587 8.17218145 5.22652365 6.78629075 1.00000142
1.67521251 8.17217551 5.22653389 6.78634367 1.00000174
1.67522882 8.17216969 5.22654393 6.78639553 1.00000205
1.67524480 8.17216399 5.22655377 6.78644636 1.00000234
1.67526047 8.17215840 5.22656341 6.78649617 1.00000262
1.67527582 8.17215293 5.22657286 6.78654498 1.00000289
1.67529086 8.17214756 5.22658212 6.78659282 1.00000315
1.67530560 8.17214230 5.22659119 6.78663970 1.00000340
1.67532005 8.17213715 5.22660009 6.78668565 1.00000364
1.67533421 8.17213210 5.22660880 6.78673067 1.00000387
1.67534808 8.17212715 5.22661734 6.78677479 1.00000409
1.67536168 8.17212230 5.22662571 6.78681803 1.00000431
1.67537500 8.17211755 5.22663392 6.78686041 1.00000451
1.67538806 8.17211289 5.22664196 6.78690194 1.00000471
1.67540086 8.17210832 5.22664983 6.78694264 1.00000490
1.67541340 8.17210385 5.22665755 6.78698252 1.00000508
1.67542569 8.17209947 5.22666512 6.78702161 1.00000525
1.67543773 8.17209517 5.22667253 6.78705991 1.00000542
1.67544954 8.17209096 5.22667980 6.78709745 1.00000558
1.67546111 8.17208683 5.22668692 6.78713424 1.00000573
1.67547244 8.17208279 5.22669390 6.78717029 1.00000588
1.67548355 8.17207883 5.22670074 6.78720562 1.00000602
1.67549444 8.17207494 5.22670744 6.78724025 1.00000616
1.67550511 8.17207114 5.22671401 6.78727418 1.00000629
1.67551557 8.17206741 5.22672045 6.78730744 1.00000642
1.67552581 8.17206375 5.22672675 6.78734002 1.00000654
1.67553586 8.17206017 5.22673294 6.78737196 1.00000665
1.67554570 8.17205666 5.22673900 6.78740326 1.00000676
1.67555534 8.17205322 5.22674493 6.78743393 1.00000687
1.67556479 8.17204985 5.22675075 6.78746399 1.00000697
1.67557406 8.17204654 5.22675645 6.78749345 1.00000707
1.67558313 8.17204330 5.22676204 6.78752231 1.00000717
1.67559203 8.17204013 5.22676752 6.78755061 1.00000726
1.67560075 8.17203702 5.22677288 6.78757833 1.00000734
1.67560929 8.17203397 5.22677814 6.78760550 1.00000743
1.67561766 8.17203099 5.22678330 6.78763213 1.00000751
1.67562587 8.17202806 5.22678835 6.78765822 1.00000759
1.67563391 8.17202519 5.22679330 6.78768380 1.00000766
1.67564179 8.17202238 5.22679815 6.78770886 1.00000773
1.67564951 8.17201962 5.22680290 6.78773342 1.00000780
1.67565708 8.17201693 5.22680756 6.78775749 1.00000787
1.67566450 8.17201428 5.22681213 6.78778107 1.00000793
1.67567177 8.17201169 5.22681660 6.78780419 1.00000799
1.67567889 8.17200915 5.22682099 6.78782684 1.00000805
1.67568587 8.17200666 5.22682528 6.78784904 1.00000811
1.67569271 8.17200422 5.22682949 6.78787080 1.00000816
1.67569942 8.17200182 5.22683362 6.78789212 1.00000821
1.67570599 8.17199948 5.22683767 6.78791302 1.00000826
1.67571243 8.17199718 5.22684163 6.78793349 1.00000831
1.67571874 8.17199493 5.22684551 6.78795356 1.00000835
1.67572492 8.17199273 5.22684932 6.78797323 1.00000840
1.67573098 8.17199056 5.22685305 6.78799250 1.00000844
1.67573692 8.17198845 5.22685671 6.78801139 1.00000848
1.67574274 8.17198637 5.22686029 6.78802990 1.00000852
1.67574844 8.17198434 5.22686380 6.78804804 1.00000856
1.67575403 8.17198234 5.22686724 6.78806581 1.00000859
1.67575951 8.17198039 5.22687061 6.78808323 1.00000863
1.67576488 8.17197847 5.22687392 6.78810031 1.00000866
1.67577014 8.17197660 5.22687716 6.78811704 1.00000869
1.67577530 8.17197476 5.22688033 6.78813343 1.00000872
1.67578035 8.17197295 5.22688344 6.78814950 1.00000875
1.67578530 8.17197119 5.22688649 6.78816525 1.00000878
1.67579015 8.17196946 5.22688947 6.78818068 1.00000881
1.67579491 8.17196776 5.22689240 6.78819581 1.00000883
1.67579957 8.17196610 5.22689527 6.78821063 1.00000886
1.67580413 8.17196447 5.22689808 6.78822515 1.00000888
1.67580861 8.17196287 5.22690084 6.78823939 1.00000891
1.67581300 8.17196131 5.22690354 6.78825333 1.00000893
1.67581730 8.17195978 5.22690618 6.78826701 1.00000895
1.67582151 8.17195827 5.22690878 6.78828040 1.00000897
1.67582564 8.17195680 5.22691132 6.78829353 1.00000899
1.67582968 8.17195536 5.22691381 6.78830640 1.00000901
1.67583365 8.17195394 5.22691625 6.78831901 1.00000903
1.67583753 8.17195256 5.22691864 6.78833136 1.00000904
1.67584134 8.17195120 5.22692098 6.78834347 1.00000906
1.67584507 8.17194987 5.22692328 6.78835534 1.00000908
1.67584873 8.17194856 5.22692553 6.78836697 1.00000909
1.67585231 8.17194728 5.22692774 6.78837837 1.00000911
1.67585583 8.17194603 5.22692990 6.78838954 1.00000912
1.67585927 8.17194480 5.22693202 6.78840049 1.00000913
1.67586264 8.17194360 5.22693409 6.78841121 1.00000915
1.67586595 8.17194242 5.22693613 6.78842173 1.00000916
1.67586919 8.17194127 5.22693812 6.78843203 1.00000917
1.67587236 8.17194013 5.22694008 6.78844213 1.00000918
1.67587547 8.17193902 5.22694199 6.78845202 1.00000920
1.67587852 8.17193794 5.22694387 6.78846172 1.00000921
1.67588151 8.17193687 5.22694571 6.78847122 1.00000922
