9.78537876 7.88692347 5.80167646 8.59340552 1.69864175 0.01804127
9.78519461 7.88704556 5.80204287 8.59295263 1.69827491 0.01809361
9.78501000 7.88716796 5.80241020 8.59249860 1.69790714 0.01814622
9.78482492 7.88729068 5.80277848 8.59204341 1.69753844 0.01819909
9.78463937 7.88741370 5.80314769 8.59158706 1.69716879 0.01825224
9.78445334 7.88753704 5.80351784 8.59112954 1.69679820 0.01830566
9.78426683 7.88766070 5.80388895 8.59067085 1.69642666 0.01835935
9.78407985 7.88778467 5.80426100 8.59021099 1.69605417 0.01841332
9.78389239 7.88790897 5.80463401 8.58974994 1.69568072 0.01846756
9.78370444 7.88803358 5.80500799 8.58928770 1.69530631 0.01852209
9.78351601 7.88815851 5.80538293 8.58882427 1.69493093 0.01857690
9.78332709 7.88828377 5.80575883 8.58835965 1.69455458 0.01863199
9.78313768 7.88840935 5.80613572 8.58789381 1.69417725 0.01868737
9.78294778 7.88853526 5.80651358 8.58742677 1.69379894 0.01874303
9.78275738 7.88866150 5.80689243 8.58695851 1.69341965 0.01879899
9.78256649 7.88878806 5.80727226 8.58648903 1.69303937 0.01885524
9.78237510 7.88891496 5.80765309 8.58601832 1.69265810 0.01891178
9.78218320 7.88904219 5.80803492 8.58554638 1.69227582 0.01896862
9.78199081 7.88916975 5.80841775 8.58507319 1.69189254 0.01902576
9.78179790 7.88929765 5.80880159 8.58459877 1.69150825 0.01908321
9.78160449 7.88942589 5.80918643 8.58412309 1.69112295 0.01914095
9.78141056 7.88955447 5.80957230 8.58364615 1.69073663 0.01919900
9.78121613 7.88968338 5.80995919 8.58316795 1.69034929 0.01925736
9.78102117 7.88981264 5.81034711 8.58268848 1.68996092 0.01931603
9.78082570 7.88994224 5.81073605 8.58220774 1.68957151 0.01937501
9.78062971 7.89007219 5.81112604 8.58172571 1.68918107 0.01943431
9.78043319 7.89020249 5.81151706 8.58124240 1.68878959 0.01949392
9.78023615 7.89033313 5.81190914 8.58075779 1.68839705 0.01955386
9.78003857 7.89046413 5.81230226 8.58027188 1.68800346 0.01961412
9.77984047 7.89059547 5.81269645 8.57978467 1.68760882 0.01967470
9.77964183 7.89072717 5.81309169 8.57929614 1.68721311 0.01973561
9.77944266 7.89085923 5.81348801 8.57880629 1.68681633 0.01979685
9.77924295 7.89099164 5.81388539 8.57831512 1.68641848 0.01985842
9.77904269 7.89112442 5.81428386 8.57782261 1.68601955 0.01992032
9.77884189 7.89125755 5.81468340 8.57732876 1.68561953 0.01998256
9.77864054 7.89139105 5.81508404 8.57683357 1.68521842 0.02004515
9.77843865 7.89152491 5.81548577 8.57633703 1.68481622 0.02010807
9.77823620 7.89165914 5.81588860 8.57583913 1.68441292 0.02017134
9.77803319 7.89179373 5.81629253 8.57533986 1.68400851 0.02023496
9.77782963 7.89192870 5.81669758 8.57483922 1.68360299 0.02029893
9.77762551 7.89206404 5.81710374 8.57433720 1.68319635 0.02036325
9.77742082 7.89219975 5.81751102 8.57383379 1.68278859 0.02042793
9.77721557 7.89233584 5.81791943 8.57332899 1.68237970 0.02049296
9.77700974 7.89247230 5.81832897 8.57282279 1.68196968 0.02055836
9.77680335 7.89260915 5.81873966 8.57231518 1.68155851 0.02062412
9.77659638 7.89274637 5.81915148 8.57180616 1.68114620 0.02069025
9.77638883 7.89288398 5.81956446 8.57129571 1.68073274 0.02075675
9.77618070 7.89302198 5.81997859 8.57078384 1.68031813 0.02082362
9.77597199 7.89316036 5.82039388 8.57027053 1.67990234 0.02089087
9.77576269 7.89329913 5.82081034 8.56975578 1.67948539 0.02095850
9.77555280 7.89343829 5.82122798 8.56923958 1.67906727 0.02102651
9.77534232 7.89357784 5.82164679 8.56872192 1.67864796 0.02109490
9.77513124 7.89371779 5.82206679 8.56820280 1.67822747 0.02116368
9.77491956 7.89385814 5.82248798 8.56768220 1.67780578 0.02123286
9.77470728 7.89399888 5.82291037 8.56716012 1.67738290 0.02130242
9.77449440 7.89414003 5.82333397 8.56663655 1.67695881 0.02137239
9.77428091 7.89428158 5.82375877 8.56611149 1.67653351 0.02144275
9.77406680 7.89442354 5.82418479 8.56558492 1.67610699 0.02151352
9.77385208 7.89456590 5.82461203 8.56505685 1.67567924 0.02158470
9.77363675 7.89470867 5.82504050 8.56452725 1.67525027 0.02165628
9.77342079 7.89485185 5.82547021 8.56399613 1.67482006 0.02172828
9.77320421 7.89499545 5.82590116 8.56346347 1.67438860 0.02180070
9.77298700 7.89513947 5.82633336 8.56292927 1.67395590 0.02187354
9.77276916 7.89528390 5.82676681 8.56239352 1.67352193 0.02194680
9.77255069 7.89542875 5.82720152 8.56185620 1.67308671 0.02202049
9.77233158 7.89557402 5.82763750 8.56131732 1.67265022 0.02209461
9.77211183 7.89571972 5.82807476 8.56077687 1.67221245 0.02216916
9.77189143 7.89586585 5.82851330 8.56023483 1.67177339 0.02224415
9.77167039 7.89601241 5.82895313 8.55969120 1.67133305 0.02231959
9.77144870 7.89615939 5.82939425 8.55914597 1.67089141 0.02239546
9.77122635 7.89630682 5.82983667 8.55859912 1.67044847 0.02247179
9.77100334 7.89645467 5.83028040 8.55805067 1.67000421 0.02254857
9.77077968 7.89660297 5.83072545 8.55750058 1.66955864 0.02262581
9.77055534 7.89675171 5.83117182 8.55694886 1.66911175 0.02270350
9.77033034 7.89690089 5.83161953 8.55639549 1.66866352 0.02278166
9.77010467 7.89705051 5.83206857 8.55584047 1.66821395 0.02286029
9.76987832 7.89720058 5.83251895 8.55528379 1.66776304 0.02293939
9.76965130 7.89735111 5.83297069 8.55472544 1.66731077 0.02301897
9.76942358 7.89750209 5.83342378 8.55416541 1.66685715 0.02309902
9.76919519 7.89765352 5.83387824 8.55360369 1.66640215 0.02317956
9.76896610 7.89780541 5.83433408 8.55304027 1.66594578 0.02326059
9.76873632 7.89795776 5.83479129 8.55247515 1.66548803 0.02334211
9.76850584 7.89811057 5.83524990 8.55190831 1.66502888 0.02342413
9.76827466 7.89826385 5.83570990 8.55133974 1.66456834 0.02350664
9.76804277 7.89841760 5.83617131 8.55076943 1.66410639 0.02358967
9.76781017 7.89857181 5.83663412 8.55019738 1.66364303 0.02367320
9.76757686 7.89872650 5.83709836 8.54962358 1.66317825 0.02375724
9.76734283 7.89888167 5.83756403 8.54904801 1.66271204 0.02384180
9.76710808 7.89903731 5.83803113 8.54847067 1.66224439 0.02392689
9.76687261 7.89919344 5.83849967 8.54789154 1.66177529 0.02401250
9.76663640 7.89935005 5.83896967 8.54731062 1.66130475 0.02409864
9.76639946 7.89950714 5.83944112 8.54672790 1.66083274 0.02418532
9.76616179 7.89966473 5.83991405 8.54614336 1.66035926 0.02427254
9.76592337 7.89982280 5.84038844 8.54555700 1.65988430 0.02436031
9.76568421 7.89998137 5.84086433 8.54496880 1.65940786 0.02444863
9.76544429 7.90014044 5.84134170 8.54437876 1.65892993 0.02453750
9.76520363 7.90030001 5.84182058 8.54378686 1.65845049 0.02462693
9.76496220 7.90046008 5.84230097 8.54319309 1.65796954 0.02471693
9.76472001 7.90062066 5.84278287 8.54259745 1.65748707 0.02480749
9.76447705 7.90078174 5.84326630 8.54199993 1.65700307 0.02489863
9.76423333 7.90094334 5.84375127 8.54140050 1.65651753 0.02499036
9.76398882 7.90110545 5.84423778 8.54079917 1.65603045 0.02508266
9.76374354 7.90126808 5.84472584 8.54019592 1.65554181 0.02517556
9.76349747 7.90143123 5.84521547 8.53959073 1.65505161 0.02526906
9.76325061 7.90159490 5.84570666 8.53898361 1.65455984 0.02536315
9.76300295 7.90175910 5.84619944 8.53837453 1.65406649 0.02545785
9.76275450 7.90192383 5.84669380 8.53776349 1.65357154 0.02555317
9.76250525 7.90208909 5.84718977 8.53715047 1.65307500 0.02564910
9.76225518 7.90225489 5.84768734 8.53653547 1.65257684 0.02574565
9.76200431 7.90242122 5.84818652 8.53591847 1.65207707 0.02584284
9.76175262 7.90258810 5.84868734 8.53529945 1.65157566 0.02594066
9.76150010 7.90275552 5.84918979 8.53467842 1.65107263 0.02603912
9.76124676 7.90292349 5.84969388 8.53405535 1.65056794 0.02613822
9.76099259 7.90309202 5.85019963 8.53343024 1.65006159 0.02623798
9.76073757 7.90326109 5.85070705 8.53280306 1.64955358 0.02633840
9.76048172 7.90343073 5.85121614 8.53217382 1.64904390 0.02643948
9.76022502 7.90360093 5.85172691 8.53154250 1.64853252 0.02654123
9.75996747 7.90377169 5.85223938 8.53090908 1.64801945 0.02664366
9.75970907 7.90394302 5.85275356 8.53027356 1.64750467 0.02674677
9.75944980 7.90411492 5.85326944 8.52963591 1.64698818 0.02685057
9.75918966 7.90428739 5.85378706 8.52899613 1.64646996 0.02695506
9.75892865 7.90446045 5.85430641 8.52835421 1.64595000 0.02706026
9.75866677 7.90463408 5.85482750 8.52771013 1.64542829 0.02716617
9.75840400 7.90480830 5.85535035 8.52706388 1.64490483 0.02727279
9.75814035 7.90498311 5.85587497 8.52641545 1.64437959 0.02738013
9.75787580 7.90515851 5.85640136 8.52576482 1.64385258 0.02748821
9.75761035 7.90533451 5.85692955 8.52511197 1.64332378 0.02759702
9.75734400 7.90551111 5.85745953 8.52445691 1.64279317 0.02770657
9.75707673 7.90568831 5.85799132 8.52379960 1.64226075 0.02781687
9.75680856 7.90586612 5.85852494 8.52314005 1.64172651 0.02792794
9.75653946 7.90604453 5.85906039 8.52247823 1.64119044 0.02803976
9.75626943 7.90622357 5.85959768 8.52181413 1.64065252 0.02815236
9.75599848 7.90640322 5.86013682 8.52114774 1.64011274 0.02826573
9.75572658 7.90658349 5.86067783 8.52047904 1.63957109 0.02837990
9.75545374 7.90676439 5.86122072 8.51980802 1.63902756 0.02849486
9.75517995 7.90694591 5.86176550 8.51913467 1.63848214 0.02861062
9.75490521 7.90712807 5.86231219 8.51845896 1.63793482 0.02872719
9.75462950 7.90731087 5.86286078 8.51778089 1.63738558 0.02884458
9.75435283 7.90749431 5.86341130 8.51710044 1.63683441 0.02896279
9.75407518 7.90767840 5.86396376 8.51641760 1.63628131 0.02908184
9.75379656 7.90786314 5.86451816 8.51573235 1.63572625 0.02920173
9.75351694 7.90804852 5.86507453 8.51504467 1.63516923 0.02932247
9.75323634 7.90823457 5.86563288 8.51435455 1.63461023 0.02944407
9.75295474 7.90842128 5.86619320 8.51366197 1.63404924 0.02956654
9.75267213 7.90860866 5.86675553 8.51296693 1.63348625 0.02968988
9.75238851 7.90879670 5.86731987 8.51226940 1.63292125 0.02981411
9.75210387 7.90898542 5.86788624 8.51156936 1.63235422 0.02993923
9.75181821 7.90917482 5.86845464 8.51086681 1.63178515 0.03006526
9.75153152 7.90936490 5.86902510 8.51016172 1.63121403 0.03019219
9.75124379 7.90955567 5.86959761 8.50945408 1.63064084 0.03032005
9.75095502 7.90974714 5.87017221 8.50874387 1.63006557 0.03044884
9.75066519 7.90993929 5.87074889 8.50803108 1.62948820 0.03057856
9.75037431 7.91013216 5.87132768 8.50731569 1.62890873 0.03070924
9.75008237 7.91032572 5.87190859 8.50659768 1.62832714 0.03084088
9.74978935 7.91052000 5.87249163 8.50587703 1.62774342 0.03097348
9.74949526 7.91071499 5.87307682 8.50515374 1.62715755 0.03110706
9.74920007 7.91091070 5.87366416 8.50442777 1.62656951 0.03124163
9.74890380 7.91110714 5.87425368 8.50369912 1.62597930 0.03137720
9.74860643 7.91130430 5.87484539 8.50296776 1.62538690 0.03151378
9.74830795 7.91150220 5.87543930 8.50223368 1.62479229 0.03165138
9.74800835 7.91170084 5.87603543 8.50149686 1.62419546 0.03179000
9.74770764 7.91190022 5.87663379 8.50075728 1.62359640 0.03192967
9.74740579 7.91210035 5.87723439 8.50001492 1.62299509 0.03207039
9.74710281 7.91230123 5.87783726 8.49926977 1.62239151 0.03221218
9.74679869 7.91250287 5.87844240 8.49852180 1.62178566 0.03235503
9.74649341 7.91270528 5.87904984 8.49777100 1.62117751 0.03249897
9.74618697 7.91290845 5.87965958 8.49701735 1.62056705 0.03264401
9.74587937 7.91311240 5.88027165 8.49626083 1.61995426 0.03279016
9.74557058 7.91331713 5.88088606 8.49550141 1.61933914 0.03293742
9.74526062 7.91352264 5.88150282 8.49473909 1.61872165 0.03308582
9.74494947 7.91372894 5.88212195 8.49397384 1.61810179 0.03323536
9.74463711 7.91393604 5.88274347 8.49320563 1.61747954 0.03338606
9.74432355 7.91414394 5.88336739 8.49243446 1.61685489 0.03353793
9.74400877 7.91435264 5.88399373 8.49166029 1.61622781 0.03369098
9.74369277 7.91456216 5.88462251 8.49088311 1.61559830 0.03384522
9.74337553 7.91477250 5.88525374 8.49010291 1.61496633 0.03400066
9.74305705 7.91498365 5.88588744 8.48931964 1.61433188 0.03415733
9.74273733 7.91519564 5.88652363 8.48853331 1.61369495 0.03431523
9.74241634 7.91540846 5.88716232 8.48774388 1.61305551 0.03447438
9.74209409 7.91562212 5.88780353 8.48695133 1.61241354 0.03463479
9.74177056 7.91583663 5.88844728 8.48615564 1.61176903 0.03479647
9.74144574 7.91605198 5.88909359 8.48535680 1.61112196 0.03495944
9.74111964 7.91626820 5.88974248 8.48455477 1.61047232 0.03512371
9.74079222 7.91648528 5.89039396 8.48374953 1.60982007 0.03528930
9.74046350 7.91670323 5.89104804 8.48294107 1.60916522 0.03545622
9.74013345 7.91692206 5.89170476 8.48212935 1.60850773 0.03562448
9.73980208 7.91714177 5.89236413 8.48131436 1.60784758 0.03579411
9.73946936 7.91736237 5.89302617 8.48049608 1.60718477 0.03596511
9.73913529 7.91758386 5.89369089 8.47967447 1.60651927 0.03613751
9.73879986 7.91780626 5.89435832 8.47884952 1.60585105 0.03631131
9.73846307 7.91802956 5.89502847 8.47802121 1.60518011 0.03648653
9.73812489 7.91825378 5.89570137 8.47718949 1.60450643 0.03666320
9.73778532 7.91847892 5.89637703 8.47635437 1.60382997 0.03684132
9.73744436 7.91870499 5.89705548 8.47551580 1.60315072 0.03702091
9.73710198 7.91893199 5.89773674 8.47467376 1.60246867 0.03720200
9.73675819 7.91915993 5.89842081 8.47382823 1.60178379 0.03738458
9.73641296 7.91938883 5.89910774 8.47297918 1.60109606 0.03756870
9.73606629 7.91961867 5.89979753 8.47212659 1.60040546 0.03775435
9.73571818 7.91984948 5.90049021 8.47127043 1.59971197 0.03794156
9.73536860 7.92008126 5.90118580 8.47041067 1.59901556 0.03813035
9.73501754 7.92031402 5.90188432 8.46954729 1.59831622 0.03832074
9.73466501 7.92054776 5.90258579 8.46868027 1.59761393 0.03851274
9.73431098 7.92078249 5.90329023 8.46780956 1.59690865 0.03870637
9.73395544 7.92101822 5.90399767 8.46693516 1.59620038 0.03890165
9.73359838 7.92125495 5.90470813 8.46605702 1.59548909 0.03909861
9.73323980 7.92149270 5.90542164 8.46517512 1.59477475 0.03929726
9.73287968 7.92173147 5.90613820 8.46428943 1.59405734 0.03949761
9.73251800 7.92197127 5.90685786 8.46339993 1.59333684 0.03969971
9.73215476 7.92221210 5.90758062 8.46250659 1.59261323 0.03990355
9.73178995 7.92245398 5.90830652 8.46160937 1.59188647 0.04010916
9.73142355 7.92269691 5.90903558 8.46070824 1.59115656 0.04031657
9.73105555 7.92294090 5.90976782 8.45980318 1.59042346 0.04052580
9.73068594 7.92318596 5.91050326 8.45889416 1.58968715 0.04073686
9.73031471 7.92343210 5.91124194 8.45798115 1.58894761 0.04094979
9.72994183 7.92367932 5.91198387 8.45706411 1.58820481 0.04116459
9.72956731 7.92392764 5.91272909 8.45614302 1.58745872 0.04138131
9.72919113 7.92417705 5.91347761 8.45521784 1.58670932 0.04159995
9.72881328 7.92442758 5.91422946 8.45428854 1.58595658 0.04182054
9.72843373 7.92467922 5.91498467 8.45335509 1.58520048 0.04204311
9.72805249 7.92493200 5.91574326 8.45241745 1.58444100 0.04226769
9.72766953 7.92518591 5.91650527 8.45147561 1.58367810 0.04249428
9.72728484 7.92544096 5.91727071 8.45052951 1.58291176 0.04272293
9.72689841 7.92569717 5.91803962 8.44957913 1.58214195 0.04295365
9.72651023 7.92595455 5.91881202 8.44862443 1.58136864 0.04318648
9.72612028 7.92621309 5.91958794 8.44766539 1.58059181 0.04342144
9.72572854 7.92647282 5.92036740 8.44670196 1.57981143 0.04365855
9.72533501 7.92673374 5.92115045 8.44573411 1.57902747 0.04389784
9.72493967 7.92699586 5.92193709 8.44476180 1.57823990 0.04413934
9.72454250 7.92725919 5.92272737 8.44378500 1.57744869 0.04438308
9.72414349 7.92752375 5.92352131 8.44280368 1.57665381 0.04462909
9.72374263 7.92778953 5.92431895 8.44181779 1.57585524 0.04487739
9.72333989 7.92805655 5.92512031 8.44082731 1.57505295 0.04512802
9.72293527 7.92832482 5.92592541 8.43983218 1.57424689 0.04538100
9.72252875 7.92859436 5.92673430 8.43883238 1.57343705 0.04563636
9.72212031 7.92886516 5.92754701 8.43782787 1.57262339 0.04589414
9.72170994 7.92913724 5.92836356 8.43681861 1.57180588 0.04615437
9.72129762 7.92941062 5.92918398 8.43580455 1.57098450 0.04641708
9.72088333 7.92968530 5.93000832 8.43478566 1.57015919 0.04668230
9.72046707 7.92996129 5.93083659 8.43376191 1.56932995 0.04695006
9.72004881 7.93023861 5.93166884 8.43273324 1.56849672 0.04722040
9.71962854 7.93051726 5.93250509 8.43169962 1.56765949 0.04749335
9.71920623 7.93079725 5.93334538 8.43066100 1.56681821 0.04776894
9.71878188 7.93107861 5.93418975 8.42961736 1.56597285 0.04804722
9.71835547 7.93136133 5.93503822 8.42856863 1.56512338 0.04832821
9.71792697 7.93164543 5.93589084 8.42751479 1.56426977 0.04861196
9.71749637 7.93193092 5.93674763 8.42645578 1.56341197 0.04889849
9.71706366 7.93221782 5.93760863 8.42539157 1.56254995 0.04918785
9.71662881 7.93250614 5.93847389 8.42432211 1.56168368 0.04948008
9.71619181 7.93279588 5.93934342 8.42324735 1.56081313 0.04977521
9.71575264 7.93308706 5.94021728 8.42216725 1.55993824 0.05007328
9.71531128 7.93337969 5.94109550 8.42108176 1.55905900 0.05037434
9.71486771 7.93367379 5.94197811 8.41999085 1.55817535 0.05067842
9.71442191 7.93396936 5.94286515 8.41889445 1.55728726 0.05098556
9.71397386 7.93426643 5.94375667 8.41779252 1.55639470 0.05129581
9.71352355 7.93456499 5.94465269 8.41668502 1.55549762 0.05160922
9.71307095 7.93486508 5.94555327 8.41557190 1.55459599 0.05192581
9.71261604 7.93516669 5.94645843 8.41445310 1.55368976 0.05224565
9.71215881 7.93546984 5.94736823 8.41332859 1.55277890 0.05256876
9.71169923 7.93577456 5.94828269 8.41219830 1.55186336 0.05289521
9.71123728 7.93608084 5.94920187 8.41106218 1.55094311 0.05322503
9.71077294 7.93638870 5.95012579 8.40992020 1.55001809 0.05355827
9.71030620 7.93669816 5.95105452 8.40877228 1.54908828 0.05389499
9.70983702 7.93700924 5.95198808 8.40761839 1.54815362 0.05423522
9.70936539 7.93732194 5.95292652 8.40645846 1.54721408 0.05457903
9.70889128 7.93763628 5.95386989 8.40529245 1.54626960 0.05492646
9.70841468 7.93795228 5.95481822 8.40412029 1.54532015 0.05527756
9.70793556 7.93826995 5.95577157 8.40294194 1.54436568 0.05563238
9.70745389 7.93858930 5.95672998 8.40175734 1.54340615 0.05599099
9.70696966 7.93891036 5.95769349 8.40056642 1.54244151 0.05635342
9.70648285 7.93923313 5.95866216 8.39936914 1.54147171 0.05671975
9.70599341 7.93955763 5.95963602 8.39816544 1.54049670 0.05709003
9.70550135 7.93988388 5.96061513 8.39695525 1.53951644 0.05746430
9.70500662 7.94021190 5.96159953 8.39573851 1.53853089 0.05784264
9.70450921 7.94054169 5.96258927 8.39451518 1.53753998 0.05822510
9.70400908 7.94087328 5.96358440 8.39328518 1.53654368 0.05861174
9.70350623 7.94120669 5.96458498 8.39204845 1.53554193 0.05900263
9.70300061 7.94154192 5.96559105 8.39080494 1.53453468 0.05939782
9.70249221 7.94187901 5.96660266 8.38955457 1.53352188 0.05979739
9.70198099 7.94221795 5.96761987 8.38829729 1.53250348 0.06020139
9.70146694 7.94255878 5.96864272 8.38703303 1.53147942 0.06060989
9.70095002 7.94290151 5.96967128 8.38576172 1.53044966 0.06102297
9.70043021 7.94324615 5.97070559 8.38448330 1.52941413 0.06144068
9.69990748 7.94359274 5.97174571 8.38319770 1.52837279 0.06186311
9.69938180 7.94394127 5.97279169 8.38190485 1.52732558 0.06229031
9.69885315 7.94429178 5.97384360 8.38060469 1.52627244 0.06272237
9.69832149 7.94464428 5.97490148 8.37929713 1.52521332 0.06315936
9.69778680 7.94499879 5.97596539 8.37798212 1.52414816 0.06360135
9.69724905 7.94535533 5.97703540 8.37665958 1.52307689 0.06404842
9.69670821 7.94571392 5.97811155 8.37532943 1.52199947 0.06450066
9.69616425 7.94607458 5.97919392 8.37399161 1.52091583 0.06495813
9.69561713 7.94643732 5.98028256 8.37264604 1.51982592 0.06542092
9.69506684 7.94680218 5.98137753 8.37129265 1.51872966 0.06588912
9.69451333 7.94716917 5.98247889 8.36993135 1.51762701 0.06636281
9.69395658 7.94753831 5.98358671 8.36856207 1.51651789 0.06684207
9.69339655 7.94790962 5.98470105 8.36718473 1.51540224 0.06732700
9.69283321 7.94828313 5.98582197 8.36579926 1.51428000 0.06781768
9.69226653 7.94865885 5.98694954 8.36440556 1.51315110 0.06831420
9.69169647 7.94903681 5.98808383 8.36300357 1.51201549 0.06881666
9.69112301 7.94941703 5.98922490 8.36159320 1.51087308 0.06932515
9.69054610 7.94979953 5.99037281 8.36017436 1.50972381 0.06983977
9.68996572 7.95018433 5.99152765 8.35874697 1.50856762 0.07036062
9.68938182 7.95057147 5.99268947 8.35731094 1.50740444 0.07088780
9.68879438 7.95096095 5.99385835 8.35586619 1.50623418 0.07142141
9.68820336 7.95135282 5.99503436 8.35441262 1.50505679 0.07196155
9.68760872 7.95174708 5.99621757 8.35295016 1.50387219 0.07250833
9.68701042 7.95214376 5.99740806 8.35147870 1.50268031 0.07306187
9.68640842 7.95254289 5.99860589 8.34999817 1.50148107 0.07362227
9.68580270 7.95294450 5.99981115 8.34850845 1.50027440 0.07418964
9.68519321 7.95334861 6.00102391 8.34700947 1.49906021 0.07476411
9.68457991 7.95375524 6.00224424 8.34550112 1.49783845 0.07534578
9.68396276 7.95416442 6.00347223 8.34398331 1.49660901 0.07593478
9.68334172 7.95457618 6.00470796 8.34245593 1.49537184 0.07653123
9.68271676 7.95499055 6.00595150 8.34091890 1.49412684 0.07713525
9.68208783 7.95540754 6.00720293 8.33937211 1.49287393 0.07774698
9.68145489 7.95582719 6.00846235 8.33781546 1.49161304 0.07836655
9.68081790 7.95624953 6.00972982 8.33624884 1.49034407 0.07899407
9.68017681 7.95667459 6.01100545 8.33467215 1.48906695 0.07962970
9.67953158 7.95710239 6.01228931 8.33308529 1.48778159 0.08027357
9.67888218 7.95753296 6.01358148 8.33148814 1.48648789 0.08092582
9.67822855 7.95796633 6.01488207 8.32988060 1.48518578 0.08158660
9.67757065 7.95840253 6.01619115 8.32826256 1.48387516 0.08225604
9.67690843 7.95884159 6.01750882 8.32663390 1.48255594 0.08293431
9.67624185 7.95928355 6.01883517 8.32499451 1.48122804 0.08362155
9.67557086 7.95972843 6.02017029 8.32334429 1.47989135 0.08431793
9.67489541 7.96017627 6.02151428 8.32168310 1.47854578 0.08502359
9.67421546 7.96062709 6.02286723 8.32001083 1.47719124 0.08573870
9.67353096 7.96108093 6.02422924 8.31832737 1.47582763 0.08646344
9.67284186 7.96153782 6.02560041 8.31663259 1.47445485 0.08719796
9.67214810 7.96199779 6.02698084 8.31492636 1.47307280 0.08794244
9.67144964 7.96246089 6.02837062 8.31320857 1.47168139 0.08869706
9.67074642 7.96292713 6.02976987 8.31147909 1.47028050 0.08946201
9.67003840 7.96339657 6.03117867 8.30973778 1.46887004 0.09023745
9.66932552 7.96386922 6.03259715 8.30798453 1.46744989 0.09102359
9.66860773 7.96434513 6.03402540 8.30621919 1.46601997 0.09182061
9.66788497 7.96482434 6.03546354 8.30444164 1.46458014 0.09262871
9.66715719 7.96530687 6.03691166 8.30265173 1.46313031 0.09344809
9.66642433 7.96579277 6.03836990 8.30084934 1.46167037 0.09427895
9.66568634 7.96628208 6.03983834 8.29903432 1.46020020 0.09512151
9.66494315 7.96677483 6.04131712 8.29720653 1.45871969 0.09597598
9.66419472 7.96727105 6.04280634 8.29536584 1.45722872 0.09684257
9.66344097 7.96777080 6.04430612 8.29351208 1.45572717 0.09772152
9.66268186 7.96827411 6.04581659 8.29164513 1.45421493 0.09861303
9.66191733 7.96878101 6.04733785 8.28976483 1.45269188 0.09951736
9.66114730 7.96929156 6.04887004 8.28787102 1.45115789 0.10043474
9.66037172 7.96980578 6.05041328 8.28596356 1.44961285 0.10136540
9.65959052 7.97032373 6.05196768 8.28404230 1.44805661 0.10230960
9.65880365 7.97084545 6.05353339 8.28210707 1.44648907 0.10326759
9.65801104 7.97137097 6.05511052 8.28015771 1.44491009 0.10423963
9.65721261 7.97190034 6.05669921 8.27819407 1.44331953 0.10522598
9.65640831 7.97243360 6.05829959 8.27621598 1.44171728 0.10622692
9.65559807 7.97297081 6.05991179 8.27422328 1.44010318 0.10724271
9.65478182 7.97351200 6.06153595 8.27221580 1.43847711 0.10827365
9.65395950 7.97405722 6.06317221 8.27019336 1.43683894 0.10932001
9.65313102 7.97460652 6.06482070 8.26815580 1.43518851 0.11038210
9.65229632 7.97515994 6.06648157 8.26610295 1.43352569 0.11146021
9.65145533 7.97571754 6.06815495 8.26403462 1.43185034 0.11255465
9.65060797 7.97627935 6.06984101 8.26195064 1.43016231 0.11366574
9.64975418 7.97684544 6.07153987 8.25985082 1.42846145 0.11479379
9.64889387 7.97741584 6.07325169 8.25773499 1.42674761 0.11593914
9.64802698 7.97799061 6.07497662 8.25560295 1.42502066 0.11710212
9.64715342 7.97856980 6.07671482 8.25345452 1.42328042 0.11828306
9.64627311 7.97915346 6.07846643 8.25128950 1.42152675 0.11948233
9.64538599 7.97974164 6.08023162 8.24910771 1.41975949 0.12070027
9.64449196 7.98033440 6.08201054 8.24690894 1.41797848 0.12193725
9.64359095 7.98093179 6.08380335 8.24469300 1.41618357 0.12319365
9.64268288 7.98153386 6.08561022 8.24245969 1.41437458 0.12446985
9.64176766 7.98214067 6.08743130 8.24020880 1.41255135 0.12576623
9.64084521 7.98275227 6.08926678 8.23794013 1.41071372 0.12708320
9.63991545 7.98336872 6.09111681 8.23565348 1.40886152 0.12842115
9.63897828 7.98399008 6.09298156 8.23334862 1.40699458 0.12978051
9.63803363 7.98461641 6.09486121 8.23102534 1.40511272 0.13116170
9.63708140 7.98524776 6.09675594 8.22868343 1.40321577 0.13256514
9.63612151 7.98588418 6.09866591 8.22632268 1.40130355 0.13399130
9.63515387 7.98652575 6.10059132 8.22394285 1.39937588 0.13544061
9.63417838 7.98717253 6.10253234 8.22154373 1.39743259 0.13691353
9.63319495 7.98782456 6.10448915 8.21912509 1.39547348 0.13841055
9.63220349 7.98848192 6.10646194 8.21668670 1.39349837 0.13993213
9.63120390 7.98914466 6.10845089 8.21422832 1.39150708 0.14147878
9.63019610 7.98981286 6.11045620 8.21174973 1.38949942 0.14305099
9.62917998 7.99048657 6.11247806 8.20925069 1.38747519 0.14464928
9.62815545 7.99116586 6.11451666 8.20673096 1.38543419 0.14627417
9.62712240 7.99185079 6.11657219 8.20419029 1.38337625 0.14792619
9.62608074 7.99254143 6.11864486 8.20162844 1.38130114 0.14960589
9.62503038 7.99323784 6.12073486 8.19904517 1.37920869 0.15131382
9.62397120 7.99394010 6.12284240 8.19644023 1.37709867 0.15305056
9.62290310 7.99464827 6.12496768 8.19381336 1.37497090 0.15481668
9.62182599 7.99536242 6.12711090 8.19116431 1.37282517 0.15661277
9.62073976 7.99608261 6.12927227 8.18849283 1.37066126 0.15843944
9.61964429 7.99680893 6.13145200 8.18579866 1.36847897 0.16029729
9.61853950 7.99754143 6.13365030 8.18308152 1.36627808 0.16218696
9.61742526 7.99828019 6.13586739 8.18034118 1.36405839 0.16410909
9.61630148 7.99902529 6.13810347 8.17757735 1.36181968 0.16606432
9.61516804 7.99977678 6.14035877 8.17478977 1.35956173 0.16805332
9.61402483 8.00053475 6.14263351 8.17197817 1.35728433 0.17007677
9.61287175 8.00129927 6.14492789 8.16914228 1.35498725 0.17213535
9.61170868 8.00207041 6.14724215 8.16628183 1.35267028 0.17422977
9.61053551 8.00284824 6.14957650 8.16339655 1.35033319 0.17636074
9.60935213 8.00363285 6.15193116 8.16048615 1.34797576 0.17852899
9.60815843 8.00442430 6.15430637 8.15755036 1.34559776 0.18073526
9.60695429 8.00522267 6.15670235 8.15458890 1.34319897 0.18298029
9.60573960 8.00602803 6.15911932 8.15160150 1.34077916 0.18526486
9.60451425 8.00684047 6.16155751 8.14858786 1.33833811 0.18758974
9.60327811 8.00766005 6.16401715 8.14554772 1.33587558 0.18995573
9.60203108 8.00848686 6.16649846 8.14248078 1.33339135 0.19236363
9.60077304 8.00932097 6.16900169 8.13938676 1.33088519 0.19481425
9.59950388 8.01016245 6.17152705 8.13626538 1.32835686 0.19730842
9.59822347 8.01101138 6.17407478 8.13311636 1.32580614 0.19984698
9.59693171 8.01186785 6.17664510 8.12993940 1.32323280 0.20243078
9.59562848 8.01273192 6.17923825 8.12673424 1.32063661 0.20506069
9.59431366 8.01360367 6.18185445 8.12350058 1.31801734 0.20773759
9.59298714 8.01448318 6.18449394 8.12023814 1.31537475 0.21046235
9.59164881 8.01537052 6.18715693 8.11694665 1.31270863 0.21323588
9.59029854 8.01626578 6.18984366 8.11362581 1.31001874 0.21605908
9.58893624 8.01716902 6.19255436 8.11027536 1.30730486 0.21893286
9.58756178 8.01808031 6.19528924 8.10689501 1.30456677 0.22185816
9.58617505 8.01899974 6.19804853 8.10348450 1.30180425 0.22483591
9.58477594 8.01992738 6.20083244 8.10004354 1.29901706 0.22786705
9.58336435 8.02086329 6.20364120 8.09657188 1.29620501 0.23095253
9.58194017 8.02180756 6.20647502 8.09306925 1.29336786 0.23409330
9.58050328 8.02276024 6.20933410 8.08953538 1.29050542 0.23729033
9.57905360 8.02372142 6.21221867 8.08597002 1.28761747 0.24054458
9.57759100 8.02469115 6.21512892 8.08237292 1.28470380 0.24385701
9.57611540 8.02566950 6.21806505 8.07874382 1.28176422 0.24722861
9.57462669 8.02665655 6.22102726 8.07508250 1.27879854 0.25066034
9.57312478 8.02765235 6.22401573 8.07138870 1.27580656 0.25415318
9.57160957 8.02865696 6.22703066 8.06766221 1.27278809 0.25770809
9.57008098 8.02967044 6.23007222 8.06390281 1.26974296 0.26132604
9.56853893 8.03069286 6.23314058 8.06011028 1.26667099 0.26500800
9.56698331 8.03172426 6.23623591 8.05628441 1.26357203 0.26875492
9.56541407 8.03276471 6.23935837 8.05242501 1.26044590 0.27256775
9.56383111 8.03381424 6.24250810 8.04853190 1.25729247 0.27644743
9.56223438 8.03487291 6.24568526 8.04460490 1.25411159 0.28039488
9.56062380 8.03594075 6.24888996 8.04064384 1.25090312 0.28441102
9.55899931 8.03701782 6.25212234 8.03664859 1.24766695 0.28849673
9.55736086 8.03810415 6.25538250 8.03261899 1.24440297 0.29265290
9.55570840 8.03919977 6.25867054 8.02855492 1.24111106 0.29688038
9.55404188 8.04030470 6.26198656 8.02445628 1.23779115 0.30117999
9.55236125 8.04141899 6.26533063 8.02032297 1.23444315 0.30555253
9.55066651 8.04254264 6.26870281 8.01615491 1.23106701 0.30999879
9.54895760 8.04367568 6.27210316 8.01195204 1.22766268 0.31451949
9.54723453 8.04481812 6.27553170 8.00771432 1.22423011 0.31911533
9.54549727 8.04596995 6.27898846 8.00344172 1.22076929 0.32378698
9.54374584 8.04713119 6.28247344 7.99913424 1.21728022 0.32853506
9.54198022 8.04830183 6.28598663 7.99479190 1.21376291 0.33336012
9.54020045 8.04948185 6.28952799 7.99041474 1.21021739 0.33826270
9.53840655 8.05067125 6.29309747 7.98600282 1.20664372 0.34324324
9.53659854 8.05186999 6.29669501 7.98155622 1.20304196 0.34830217
9.53477648 8.05307805 6.30032050 7.97707506 1.19941221 0.35343981
9.53294043 8.05429539 6.30397385 7.97255948 1.19575457 0.35865643
9.53109045 8.05552197 6.30765492 7.96800964 1.19206919 0.36395225
9.52922661 8.05675773 6.31136354 7.96342574 1.18835621 0.36932739
9.52734902 8.05800261 6.31509954 7.95880799 1.18461583 0.37478189
9.52545777 8.05925655 6.31886271 7.95415667 1.18084824 0.38031570
9.52355299 8.06051946 6.32265283 7.94947204 1.17705368 0.38592870
9.52163479 8.06179126 6.32646962 7.94475443 1.17323240 0.39162067
9.51970332 8.06307186 6.33031282 7.94000420 1.16938469 0.39739127
9.51775875 8.06436115 6.33418210 7.93522172 1.16551087 0.40324009
9.51580123 8.06565902 6.33807713 7.93040742 1.16161128 0.40916658
9.51383097 8.06696535 6.34199752 7.92556177 1.15768628 0.41517010
9.51184816 8.06827999 6.34594289 7.92068525 1.15373628 0.42124989
9.50985301 8.06960281 6.34991279 7.91577840 1.14976172 0.42740506
9.50784577 8.07093365 6.35390677 7.91084180 1.14576306 0.43363461
9.50582668 8.07227235 6.35792432 7.90587606 1.14174080 0.43993739
9.50379601 8.07361872 6.36196492 7.90088184 1.13769546 0.44631215
9.50175404 8.07497259 6.36602799 7.89585983 1.13362762 0.45275747
9.49970107 8.07633374 6.37011295 7.89081077 1.12953786 0.45927181
9.49763742 8.07770198 6.37421917 7.88573544 1.12542683 0.46585350
9.49556343 8.07907708 6.37834597 7.88063467 1.12129519 0.47250071
9.49347944 8.08045881 6.38249266 7.87550932 1.11714363 0.47921147
9.49138582 8.08184691 6.38665850 7.87036029 1.11297291 0.48598366
9.48928297 8.08324114 6.39084272 7.86518855 1.10878378 0.49281503
9.48717128 8.08464123 6.39504452 7.85999508 1.10457705 0.49970317
9.48505118 8.08604690 6.39926305 7.85478093 1.10035357 0.50664552
9.48292311 8.08745785 6.40349745 7.84954717 1.09611421 0.51363938
9.48078753 8.08887378 6.40774680 7.84429493 1.09185988 0.52068190
9.47864490 8.09029438 6.41201016 7.83902537 1.08759152 0.52777010
9.47649572 8.09171932 6.41628656 7.83373970 1.08331010 0.53490085
9.47434050 8.09314827 6.42057499 7.82843916 1.07901665 0.54207089
9.47217975 8.09458089 6.42487441 7.82312503 1.07471218 0.54927681
9.47001401 8.09601681 6.42918376 7.81779864 1.07039779 0.55651509
9.46784384 8.09745567 6.43350192 7.81246134 1.06607456 0.56378208
9.46566980 8.09889710 6.43782779 7.80711453 1.06174362 0.57107402
9.46349247 8.10034070 6.44216020 7.80175963 1.05740614 0.57838704
9.46131245 8.10178609 6.44649797 7.79639810 1.05306328 0.58571715
9.45913034 8.10323287 6.45083990 7.79103143 1.04871626 0.59306030
9.45694675 8.10468063 6.45518477 7.78566114 1.04436630 0.60041232
9.45476231 8.10612894 6.45953133 7.78028875 1.04001465 0.60776898
9.45257766 8.10757740 6.46387831 7.77491585 1.03566258 0.61512600
9.45039344 8.10902557 6.46822443 7.76954400 1.03131137 0.62247902
9.44821030 8.11047303 6.47256840 7.76417482 1.02696231 0.62982364
9.44602891 8.11191932 6.47690890 7.75880993 1.02261673 0.63715543
9.44384991 8.11336403 6.48124463 7.75345094 1.01827593 0.64446995
9.44167399 8.11480670 6.48557424 7.74809951 1.01394125 0.65176274
9.43950181 8.11624688 6.48989641 7.74275728 1.00961402 0.65902934
9.43733404 8.11768414 6.49420980 7.73742590 1.00529559 0.66626532
9.43517136 8.11911803 6.49851307 7.73210702 1.00098728 0.67346625
9.43301443 8.12054811 6.50280489 7.72680230 0.99669043 0.68062776
9.43086392 8.12197392 6.50708393 7.72151339 0.99240639 0.68774554
9.42872051 8.12339503 6.51134886 7.71624191 0.98813647 0.69481534
9.42658484 8.12481100 6.51559836 7.71098949 0.98388200 0.70183296
9.42445759 8.12622140 6.51983114 7.70575776 0.97964427 0.70879432
9.42233939 8.12762579 6.52404590 7.70054829 0.97542458 0.71569543
9.42023088 8.12902375 6.52824137 7.69536267 0.97122421 0.72253242
9.41813270 8.13041486 6.53241630 7.69020245 0.96704441 0.72930151
9.41604547 8.13179872 6.53656944 7.68506916 0.96288642 0.73599908
9.41396979 8.13317491 6.54069959 7.67996428 0.95875145 0.74262164
9.41190626 8.13454305 6.54480556 7.67488929 0.95464068 0.74916584
9.40985547 8.13590274 6.54888619 7.66984561 0.95055529 0.75562851
9.40781797 8.13725362 6.55294036 7.66483465 0.94649639 0.76200661
9.40579433 8.13859530 6.55696696 7.65985776 0.94246508 0.76829729
9.40378508 8.13992745 6.56096494 7.65491626 0.93846245 0.77449787
9.40179074 8.14124971 6.56493325 7.65001143 0.93448951 0.78060584
9.39981180 8.14256176 6.56887091 7.64514448 0.93054726 0.78661888
9.39784875 8.14386327 6.57277695 7.64031661 0.92663667 0.79253486
9.39590205 8.14515394 6.57665046 7.63552896 0.92275865 0.79835182
9.39397214 8.14643347 6.58049055 7.63078262 0.91891408 0.80406799
9.39205946 8.14770158 6.58429639 7.62607862 0.91510382 0.80968182
9.39016439 8.14895802 6.58806717 7.62141795 0.91132865 0.81519189
9.38828731 8.15020252 6.59180213 7.61680155 0.90758935 0.82059703
9.38642860 8.15143484 6.59550056 7.61223030 0.90388662 0.82589619
9.38458859 8.15265477 6.59916179 7.60770505 0.90022113 0.83108856
9.38276759 8.15386208 6.60278518 7.60322656 0.89659353 0.83617346
9.38096590 8.15505660 6.60637015 7.59879556 0.89300441 0.84115042
9.37918380 8.15623812 6.60991615 7.59441274 0.88945429 0.84601912
9.37742153 8.15740649 6.61342267 7.59007870 0.88594370 0.85077942
9.37567934 8.15856156 6.61688926 7.58579403 0.88247309 0.85543131
9.37395742 8.15970318 6.62031550 7.58155923 0.87904288 0.85997496
9.37225597 8.16083122 6.62370102 7.57737477 0.87565345 0.86441069
9.37057516 8.16194558 6.62704547 7.57324107 0.87230513 0.86873894
9.36891514 8.16304616 6.63034855 7.56915850 0.86899822 0.87296030
9.36727603 8.16413287 6.63361003 7.56512737 0.86573298 0.87707548
9.36565794 8.16520564 6.63682967 7.56114794 0.86250962 0.88108531
9.36406097 8.16626440 6.64000729 7.55722045 0.85932832 0.88499075
9.36248519 8.16730912 6.64314276 7.55334507 0.85618923 0.88879284
9.36093064 8.16833976 6.64623597 7.54952192 0.85309246 0.89249273
9.35939737 8.16935628 6.64928684 7.54575110 0.85003807 0.89609167
9.35788539 8.17035869 6.65229535 7.54203265 0.84702610 0.89959098
9.35639472 8.17134698 6.65526147 7.53836659 0.84405657 0.90299207
9.35492532 8.17232115 6.65818525 7.53475287 0.84112943 0.90629641
9.35347718 8.17328123 6.66106673 7.53119143 0.83824464 0.90950555
9.35205026 8.17422724 6.66390600 7.52768217 0.83540211 0.91262107
9.35064449 8.17515922 6.66670318 7.52422493 0.83260172 0.91564463
9.34925980 8.17607723 6.66945840 7.52081955 0.82984334 0.91857792
9.34789611 8.17698131 6.67217184 7.51746583 0.82712679 0.92142267
9.34655334 8.17787152 6.67484368 7.51416352 0.82445190 0.92418063
9.34523135 8.17874795 6.67747413 7.51091237 0.82181844 0.92685361
9.34393005 8.17961066 6.68006344 7.50771208 0.81922617 0.92944341
9.34264931 8.18045974 6.68261185 7.50456234 0.81667486 0.93195186
9.34138897 8.18129529 6.68511964 7.50146280 0.81416420 0.93438081
9.34014890 8.18211740 6.68758711 7.49841311 0.81169393 0.93673211
9.33892894 8.18292617 6.69001456 7.49541288 0.80926371 0.93900760
9.33772893 8.18372172 6.69240233 7.49246171 0.80687323 0.94120915
9.33654869 8.18450416 6.69475075 7.48955917 0.80452215 0.94333861
9.33538805 8.18527360 6.69706018 7.48670483 0.80221010 0.94539781
9.33424681 8.18603018 6.69933098 7.48389822 0.79993672 0.94738859
9.33312480 8.18677401 6.70156355 7.48113888 0.79770163 0.94931277
9.33202181 8.18750522 6.70375827 7.47842633 0.79550444 0.95117215
9.33093763 8.18822396 6.70591553 7.47576007 0.79334473 0.95296852
9.32987208 8.18893035 6.70803576 7.47313959 0.79122212 0.95470364
9.32882492 8.18962455 6.71011937 7.47056437 0.78913616 0.95637925
9.32779596 8.19030667 6.71216679 7.46803389 0.78708644 0.95799707
9.32678497 8.19097689 6.71417844 7.46554761 0.78507253 0.95955880
9.32579173 8.19163533 6.71615477 7.46310500 0.78309398 0.96106609
9.32481602 8.19228215 6.71809622 7.46070550 0.78115036 0.96252057
9.32385761 8.19291749 6.72000324 7.45834855 0.77924120 0.96392386
9.32291628 8.19354151 6.72187628 7.45603361 0.77736607 0.96527753
9.32199180 8.19415436 6.72371579 7.45376011 0.77552451 0.96658312
9.32108394 8.19475619 6.72552223 7.45152749 0.77371605 0.96784213
9.32019247 8.19534715 6.72729607 7.44933517 0.77194025 0.96905606
9.31931716 8.19592740 6.72903775 7.44718260 0.77019663 0.97022633
9.31845777 8.19649708 6.73074774 7.44506919 0.76848474 0.97135436
9.31761408 8.19705636 6.73242651 7.44299438 0.76680412 0.97244153
9.31678585 8.19760539 6.73407450 7.44095761 0.76515430 0.97348918
9.31597285 8.19814432 6.73569219 7.43895829 0.76353482 0.97449861
9.31517486 8.19867330 6.73728003 7.43699587 0.76194523 0.97547111
9.31439163 8.19919249 6.73883848 7.43506977 0.76038506 0.97640791
9.31362294 8.19970204 6.74036800 7.43317944 0.75885387 0.97731022
9.31286857 8.20020209 6.74186904 7.43132431 0.75735118 0.97817921
9.31212828 8.20069281 6.74334205 7.42950383 0.75587656 0.97901604
9.31140185 8.20117434 6.74478748 7.42771743 0.75442954 0.97982179
9.31068906 8.20164682 6.74620578 7.42596457 0.75300970 0.98059757
9.30998968 8.20211042 6.74759739 7.42424469 0.75161657 0.98134440
9.30930350 8.20256526 6.74896276 7.42255727 0.75024972 0.98206330
9.30863029 8.20301150 6.75030230 7.42090175 0.74890872 0.98275526
9.30796983 8.20344929 6.75161647 7.41927760 0.74759313 0.98342123
9.30732191 8.20387876 6.75290568 7.41768430 0.74630253 0.98406213
9.30668633 8.20430005 6.75417036 7.41612131 0.74503648 0.98467887
9.30606286 8.20471332 6.75541093 7.41458813 0.74379457 0.98527230
9.30545129 8.20511868 6.75662781 7.41308423 0.74257639 0.98584326
9.30485143 8.20551629 6.75782140 7.41160912 0.74138152 0.98639257
9.30426307 8.20590627 6.75899211 7.41016228 0.74020955 0.98692102
9.30368601 8.20628877 6.76014035 7.40874323 0.73906009 0.98742936
9.30312004 8.20666390 6.76126650 7.40735147 0.73793273 0.98791832
9.30256497 8.20703181 6.76237096 7.40598652 0.73682709 0.98838863
9.30202061 8.20739262 6.76345412 7.40464791 0.73574278 0.98884095
9.30148676 8.20774646 6.76451636 7.40333515 0.73467942 0.98927596
9.30096325 8.20809345 6.76555805 7.40204779 0.73363663 0.98969430
9.30044987 8.20843371 6.76657956 7.40078536 0.73261404 0.99009659
9.29994644 8.20876738 6.76758126 7.39954743 0.73161128 0.99048342
9.29945279 8.20909457 6.76856352 7.39833353 0.73062799 0.99085536
9.29896874 8.20941539 6.76952668 7.39714323 0.72966382 0.99121299
9.29849411 8.20972997 6.77047109 7.39597610 0.72871841 0.99155682
9.29802872 8.21003842 6.77139711 7.39483170 0.72779143 0.99188738
9.29757241 8.21034085 6.77230507 7.39370963 0.72688252 0.99220517
9.29712500 8.21063738 6.77319531 7.39260947 0.72599136 0.99251067
9.29668634 8.21092811 6.77406815 7.39153080 0.72511761 0.99280435
9.29625626 8.21121315 6.77492392 7.39047324 0.72426096 0.99308664
9.29583460 8.21149261 6.77576294 7.38943638 0.72342107 0.99335799
9.29542119 8.21176660 6.77658552 7.38841983 0.72259764 0.99361881
9.29501590 8.21203521 6.77739197 7.38742322 0.72179036 0.99386950
9.29461855 8.21229854 6.77818260 7.38644617 0.72099892 0.99411045
9.29422901 8.21255671 6.77895771 7.38548831 0.72022302 0.99434202
9.29384712 8.21280980 6.77971758 7.38454927 0.71946237 0.99456458
9.29347274 8.21305791 6.78046251 7.38362870 0.71871669 0.99477846
9.29310573 8.21330114 6.78119278 7.38272625 0.71798567 0.99498402
9.29274595 8.21353957 6.78190868 7.38184156 0.71726905 0.99518155
9.29239325 8.21377331 6.78261047 7.38097432 0.71656656 0.99537138
9.29204751 8.21400244 6.78329842 7.38012417 0.71587791 0.99555379
9.29170858 8.21422704 6.78397280 7.37929079 0.71520285 0.99572908
9.29137635 8.21444722 6.78463388 7.37847386 0.71454111 0.99589751
9.29105068 8.21466304 6.78528190 7.37767307 0.71389244 0.99605936
9.29073143 8.21487460 6.78591712 7.37688810 0.71325659 0.99621487
9.29041850 8.21508197 6.78653978 7.37611864 0.71263330 0.99636430
9.29011176 8.21528524 6.78715014 7.37536441 0.71202235 0.99650787
9.28981108 8.21548449 6.78774841 7.37462509 0.71142348 0.99664582
9.28951636 8.21567980 6.78833485 7.37390041 0.71083646 0.99677836
9.28922747 8.21587124 6.78890968 7.37319008 0.71026107 0.99690571
9.28894430 8.21605888 6.78947312 7.37249383 0.70969708 0.99702806
9.28866675 8.21624280 6.79002539 7.37181137 0.70914426 0.99714560
9.28839469 8.21642308 6.79056672 7.37114244 0.70860240 0.99725853
9.28812803 8.21659978 6.79109732 7.37048678 0.70807129 0.99736703
9.28786666 8.21677298 6.79161739 7.36984412 0.70755072 0.99747126
9.28761048 8.21694273 6.79212714 7.36921422 0.70704047 0.99757140
9.28735938 8.21710912 6.79262677 7.36859682 0.70654035 0.99766760
9.28711326 8.21727220 6.79311649 7.36799168 0.70605017 0.99776002
9.28687204 8.21743204 6.79359648 7.36739856 0.70556972 0.99784881
9.28663560 8.21758871 6.79406693 7.36681723 0.70509881 0.99793410
9.28640386 8.21774226 6.79452804 7.36624744 0.70463727 0.99801604
9.28617673 8.21789276 6.79497998 7.36568899 0.70418489 0.99809475
9.28595412 8.21804026 6.79542294 7.36514164 0.70374152 0.99817036
9.28573593 8.21818484 6.79585709 7.36460517 0.70330696 0.99824299
9.28552207 8.21832653 6.79628261 7.36407937 0.70288104 0.99831276
9.28531248 8.21846541 6.79669966 7.36356404 0.70246360 0.99837979
9.28510705 8.21860152 6.79710841 7.36305896 0.70205446 0.99844417
9.28490571 8.21873492 6.79750903 7.36256393 0.70165347 0.99850602
9.28470838 8.21886566 6.79790168 7.36207876 0.70126046 0.99856542
9.28451498 8.21899380 6.79828650 7.36160325 0.70087527 0.99862249
9.28432543 8.21911939 6.79866367 7.36113721 0.70049776 0.99867730
9.28413966 8.21924248 6.79903332 7.36068046 0.70012777 0.99872996
9.28395758 8.21936311 6.79939561 7.36023280 0.69976514 0.99878053
9.28377913 8.21948134 6.79975069 7.35979406 0.69940974 0.99882912
9.28360424 8.21959721 6.80009868 7.35936406 0.69906143 0.99887578
9.28343283 8.21971077 6.80043975 7.35894264 0.69872005 0.99892060
9.28326484 8.21982207 6.80077402 7.35852961 0.69838548 0.99896366
9.28310020 8.21993115 6.80110162 7.35812482 0.69805758 0.99900501
9.28293883 8.22003805 6.80142269 7.35772810 0.69773622 0.99904473
9.28278069 8.22014282 6.80173736 7.35733930 0.69742127 0.99908288
9.28262570 8.22024551 6.80204576 7.35695824 0.69711259 0.99911953
9.28247380 8.22034614 6.80234801 7.35658479 0.69681007 0.99915473
9.28232493 8.22044476 6.80264423 7.35621878 0.69651359 0.99918854
9.28217903 8.22054142 6.80293454 7.35586008 0.69622302 0.99922101
9.28203604 8.22063615 6.80321906 7.35550853 0.69593825 0.99925220
9.28189590 8.22072899 6.80349790 7.35516400 0.69565916 0.99928216
9.28175856 8.22081997 6.80377118 7.35482634 0.69538564 0.99931094
9.28162396 8.22090914 6.80403901 7.35449543 0.69511758 0.99933857
9.28149204 8.22099653 6.80430149 7.35417111 0.69485487 0.99936512
9.28136276 8.22108217 6.80455874 7.35385328 0.69459741 0.99939062
9.28123606 8.22116610 6.80481084 7.35354178 0.69434508 0.99941510
9.28111189 8.22124836 6.80505792 7.35323650 0.69409779 0.99943863
9.28099019 8.22132897 6.80530007 7.35293732 0.69385543 0.99946122
9.28087093 8.22140798 6.80553738 7.35264412 0.69361792 0.99948291
9.28075404 8.22148540 6.80576995 7.35235676 0.69338515 0.99950375
9.28063949 8.22156128 6.80599788 7.35207515 0.69315702 0.99952377
9.28052723 8.22163565 6.80622126 7.35179916 0.69293345 0.99954299
9.28041721 8.22170853 6.80644018 7.35152868 0.69271435 0.99956146
9.28030938 8.22177995 6.80665473 7.35126360 0.69249962 0.99957919
9.28020371 8.22184995 6.80686499 7.35100382 0.69228918 0.99959623
9.28010015 8.22191854 6.80707106 7.35074923 0.69208295 0.99961259
9.27999866 8.22198577 6.80727301 7.35049972 0.69188083 0.99962830
9.27989919 8.22205165 6.80747092 7.35025520 0.69168275 0.99964339
9.27980171 8.22211622 6.80766488 7.35001556 0.69148863 0.99965788
9.27970618 8.22217950 6.80785497 7.34978071 0.69129839 0.99967180
9.27961256 8.22224151 6.80804126 7.34955055 0.69111194 0.99968517
9.27952080 8.22230228 6.80822383 7.34932499 0.69092923 0.99969801
9.27943088 8.22236184 6.80840275 7.34910394 0.69075016 0.99971035
9.27934276 8.22242021 6.80857810 7.34888730 0.69057467 0.99972219
9.27925640 8.22247741 6.80874994 7.34867500 0.69040269 0.99973357
9.27917176 8.22253347 6.80891835 7.34846693 0.69023414 0.99974450
9.27908881 8.22258840 6.80908340 7.34826303 0.69006897 0.99975499
9.27900752 8.22264224 6.80924515 7.34806320 0.68990709 0.99976507
9.27892786 8.22269501 6.80940366 7.34786736 0.68974845 0.99977475
9.27884978 8.22274671 6.80955901 7.34767543 0.68959298 0.99978405
9.27877327 8.22279739 6.80971125 7.34748735 0.68944061 0.99979297
9.27869829 8.22284705 6.80986046 7.34730302 0.68929129 0.99980155
9.27862480 8.22289572 6.81000668 7.34712237 0.68914496 0.99980979
9.27855278 8.22294341 6.81014998 7.34694534 0.68900155 0.99981770
9.27848221 8.22299016 6.81029041 7.34677184 0.68886101 0.99982529
9.27841304 8.22303596 6.81042804 7.34660182 0.68872327 0.99983259
9.27834525 8.22308086 6.81056292 7.34643519 0.68858829 0.99983960
9.27827882 8.22312485 6.81069510 7.34627189 0.68845601 0.99984633
9.27821372 8.22316796 6.81082464 7.34611186 0.68832637 0.99985279
9.27814992 8.22321022 6.81095159 7.34595502 0.68819932 0.99985900
9.27808739 8.22325162 6.81107600 7.34580133 0.68807481 0.99986497
9.27802612 8.22329220 6.81119793 7.34565070 0.68795280 0.99987069
9.27796606 8.22333197 6.81131742 7.34550308 0.68783322 0.99987619
9.27790721 8.22337094 6.81143452 7.34535842 0.68771603 0.99988147
9.27784954 8.22340914 6.81154928 7.34521665 0.68760118 0.99988655
9.27779301 8.22344657 6.81166175 7.34507771 0.68748863 0.99989142
9.27773762 8.22348325 6.81177197 7.34494155 0.68737833 0.99989610
9.27768334 8.22351919 6.81187998 7.34480811 0.68727024 0.99990059
9.27763014 8.22355442 6.81198584 7.34467735 0.68716430 0.99990491
9.27757800 8.22358895 6.81208958 7.34454919 0.68706049 0.99990906
9.27752691 8.22362278 6.81219125 7.34442360 0.68695875 0.99991304
9.27747683 8.22365594 6.81229088 7.34430052 0.68685904 0.99991686
9.27742776 8.22368843 6.81238852 7.34417990 0.68676133 0.99992053
9.27737967 8.22372027 6.81248421 7.34406169 0.68666557 0.99992406
9.27733254 8.22375148 6.81257799 7.34394584 0.68657173 0.99992745
9.27728635 8.22378206 6.81266989 7.34383231 0.68647976 0.99993070
9.27724109 8.22381204 6.81275996 7.34372105 0.68638963 0.99993383
9.27719673 8.22384141 6.81284822 7.34361202 0.68630130 0.99993683
9.27715326 8.22387019 6.81293472 7.34350517 0.68621474 0.99993971
9.27711065 8.22389840 6.81301950 7.34340045 0.68612991 0.99994248
9.27706890 8.22392604 6.81310257 7.34329782 0.68604678 0.99994513
9.27702799 8.22395314 6.81318399 7.34319725 0.68596531 0.99994769
9.27698789 8.22397969 6.81326378 7.34309869 0.68588547 0.99995014
9.27694859 8.22400570 6.81334197 7.34300210 0.68580722 0.99995249
9.27691008 8.22403120 6.81341860 7.34290745 0.68573054 0.99995476
9.27687234 8.22405619 6.81349369 7.34281468 0.68565539 0.99995693
9.27683535 8.22408068 6.81356729 7.34272377 0.68558174 0.99995901
9.27679910 8.22410468 6.81363942 7.34263468 0.68550957 0.99996102
9.27676358 8.22412820 6.81371010 7.34254737 0.68543884 0.99996294
9.27672877 8.22415124 6.81377937 7.34246180 0.68536953 0.99996479
9.27669465 8.22417383 6.81384725 7.34237795 0.68530160 0.99996657
9.27666122 8.22419597 6.81391378 7.34229577 0.68523503 0.99996827
9.27662845 8.22421766 6.81397898 7.34221524 0.68516979 0.99996991
9.27659634 8.22423892 6.81404287 7.34213632 0.68510585 0.99997148
9.27656487 8.22425975 6.81410549 7.34205897 0.68504320 0.99997299
9.27653403 8.22428017 6.81416685 7.34198317 0.68498179 0.99997444
9.27650381 8.22430017 6.81422699 7.34190889 0.68492162 0.99997583
9.27647419 8.22431978 6.81428592 7.34183609 0.68486265 0.99997717
9.27644516 8.22433900 6.81434368 7.34176475 0.68480485 0.99997845
9.27641672 8.22435783 6.81440028 7.34169484 0.68474822 0.99997969
9.27638884 8.22437628 6.81445575 7.34162632 0.68469271 0.99998087
9.27636152 8.22439437 6.81451011 7.34155918 0.68463832 0.99998201
9.27633474 8.22441209 6.81456338 7.34149337 0.68458501 0.99998310
9.27630851 8.22442946 6.81461559 7.34142889 0.68453277 0.99998415
9.27628279 8.22444648 6.81466676 7.34136569 0.68448157 0.99998516
9.27625759 8.22446317 6.81471690 7.34130376 0.68443140 0.99998613
9.27623290 8.22447951 6.81476604 7.34124306 0.68438223 0.99998706
9.27620870 8.22449553 6.81481420 7.34118358 0.68433405 0.99998795
9.27618498 8.22451123 6.81486139 7.34112529 0.68428682 0.99998881
9.27616173 8.22452662 6.81490764 7.34106816 0.68424055 0.99998964
9.27613895 8.22454170 6.81495297 7.34101218 0.68419519 0.99999043
9.27611663 8.22455648 6.81499739 7.34095732 0.68415075 0.99999119
9.27609475 8.22457096 6.81504092 7.34090355 0.68410719 0.99999192
9.27607331 8.22458515 6.81508358 7.34085086 0.68406451 0.99999262
9.27605230 8.22459906 6.81512538 7.34079922 0.68402267 0.99999329
9.27603171 8.22461268 6.81516636 7.34074862 0.68398168 0.99999394
9.27601153 8.22462604 6.81520651 7.34069902 0.68394150 0.99999456
9.27599176 8.22463913 6.81524586 7.34065042 0.68390213 0.99999515
9.27597238 8.22465196 6.81528442 7.34060279 0.68386355 0.99999573
9.27595338 8.22466453 6.81532221 7.34055612 0.68382573 0.99999628
9.27593477 8.22467685 6.81535925 7.34051037 0.68378868 0.99999680
9.27591653 8.22468892 6.81539554 7.34046555 0.68375236 0.99999731
9.27589865 8.22470075 6.81543111 7.34042161 0.68371677 0.99999780
9.27588113 8.22471235 6.81546597 7.34037856 0.68368190 0.99999827
9.27586396 8.22472371 6.81550013 7.34033637 0.68364772 0.99999872
9.27584714 8.22473485 6.81553361 7.34029502 0.68361422 0.99999915
9.27583065 8.22474576 6.81556642 7.34025450 0.68358139 0.99999956
9.27581449 8.22475645 6.81559857 7.34021479 0.68354922 0.99999996
9.27579866 8.22476693 6.81563008 7.34017587 0.68351770 1.00000034
9.27578314 8.22477720 6.81566096 7.34013773 0.68348680 1.00000071
9.27576793 8.22478727 6.81569123 7.34010036 0.68345652 1.00000106
9.27575302 8.22479713 6.81572088 7.34006373 0.68342685 1.00000140
9.27573842 8.22480680 6.81574995 7.34002784 0.68339777 1.00000173
9.27572410 8.22481627 6.81577843 7.33999266 0.68336927 1.00000204
9.27571007 8.22482556 6.81580635 7.33995818 0.68334134 1.00000234
9.27569632 8.22483466 6.81583370 7.33992440 0.68331397 1.00000263
9.27568285 8.22484357 6.81586051 7.33989129 0.68328715 1.00000290
9.27566965 8.22485231 6.81588678 7.33985884 0.68326086 1.00000317
9.27565671 8.22486087 6.81591253 7.33982705 0.68323510 1.00000343
9.27564403 8.22486926 6.81593776 7.33979588 0.68320986 1.00000367
9.27563160 8.22487749 6.81596249 7.33976534 0.68318512 1.00000391
9.27561942 8.22488555 6.81598672 7.33973542 0.68316087 1.00000413
9.27560748 8.22489345 6.81601047 7.33970609 0.68313711 1.00000435
9.27559579 8.22490119 6.81603375 7.33967734 0.68311383 1.00000456
9.27558433 8.22490877 6.81605655 7.33964918 0.68309101 1.00000476
9.27557309 8.22491620 6.81607891 7.33962157 0.68306865 1.00000495
9.27556208 8.22492349 6.81610081 7.33959452 0.68304673 1.00000514
9.27555129 8.22493063 6.81612228 7.33956801 0.68302525 1.00000531
9.27554072 8.22493762 6.81614332 7.33954203 0.68300421 1.00000548
9.27553036 8.22494448 6.81616394 7.33951657 0.68298358 1.00000565
9.27552020 8.22495120 6.81618414 7.33949161 0.68296336 1.00000580
9.27551025 8.22495778 6.81620394 7.33946716 0.68294355 1.00000595
9.27550050 8.22496424 6.81622335 7.33944320 0.68292414 1.00000610
9.27549094 8.22497056 6.81624237 7.33941971 0.68290511 1.00000624
9.27548158 8.22497676 6.81626100 7.33939670 0.68288647 1.00000637
9.27547240 8.22498283 6.81627927 7.33937414 0.68286820 1.00000650
9.27546340 8.22498878 6.81629717 7.33935204 0.68285029 1.00000662
9.27545459 8.22499462 6.81631471 7.33933037 0.68283274 1.00000674
9.27544595 8.22500033 6.81633190 7.33930915 0.68281554 1.00000686
9.27543748 8.22500593 6.81634874 7.33928834 0.68279869 1.00000697
9.27542918 8.22501142 6.81636525 7.33926795 0.68278217 1.00000707
9.27542105 8.22501680 6.81638143 7.33924797 0.68276599 1.00000717
9.27541308 8.22502208 6.81639729 7.33922839 0.68275012 1.00000727
9.27540527 8.22502724 6.81641283 7.33920920 0.68273458 1.00000736
9.27539762 8.22503231 6.81642806 7.33919040 0.68271934 1.00000745
9.27539012 8.22503727 6.81644298 7.33917197 0.68270441 1.00000754
9.27538277 8.22504213 6.81645761 7.33915391 0.68268978 1.00000762
9.27537557 8.22504690 6.81647194 7.33913621 0.68267544 1.00000770
9.27536851 8.22505157 6.81648599 7.33911886 0.68266139 1.00000777
9.27536159 8.22505614 6.81649975 7.33910187 0.68264762 1.00000785
9.27535481 8.22506063 6.81651324 7.33908521 0.68263412 1.00000792
9.27534816 8.22506502 6.81652646 7.33906888 0.68262090 1.00000798
9.27534165 8.22506933 6.81653942 7.33905288 0.68260794 1.00000805
9.27533527 8.22507355 6.81655212 7.33903721 0.68259523 1.00000811
9.27532902 8.22507769 6.81656456 7.33902184 0.68258279 1.00000817
9.27532289 8.22508174 6.81657675 7.33900678 0.68257059 1.00000823
9.27531688 8.22508572 6.81658871 7.33899203 0.68255863 1.00000828
9.27531100 8.22508961 6.81660042 7.33897756 0.68254692 1.00000834
9.27530523 8.22509343 6.81661189 7.33896339 0.68253543 1.00000839
9.27529958 8.22509717 6.81662314 7.33894950 0.68252418 1.00000844
9.27529404 8.22510083 6.81663417 7.33893589 0.68251316 1.00000848
9.27528861 8.22510442 6.81664497 7.33892255 0.68250235 1.00000853
9.27528329 8.22510794 6.81665555 7.33890948 0.68249176 1.00000857
9.27527807 8.22511139 6.81666593 7.33889667 0.68248138 1.00000861
9.27527296 8.22511477 6.81667610 7.33888411 0.68247121 1.00000865
9.27526796 8.22511808 6.81668606 7.33887181 0.68246124 1.00000869
9.27526305 8.22512133 6.81669583 7.33885975 0.68245147 1.00000873
9.27525824 8.22512451 6.81670540 7.33884794 0.68244190 1.00000876
9.27525353 8.22512763 6.81671477 7.33883636 0.68243252 1.00000880
9.27524891 8.22513068 6.81672396 7.33882501 0.68242333 1.00000883
9.27524438 8.22513368 6.81673297 7.33881389 0.68241432 1.00000886
9.27523994 8.22513661 6.81674180 7.33880299 0.68240549 1.00000889
9.27523560 8.22513949 6.81675045 7.33879231 0.68239683 1.00000892
9.27523134 8.22514231 6.81675893 7.33878184 0.68238835 1.00000895
9.27522716 8.22514507 6.81676723 7.33877158 0.68238004 1.00000897
9.27522307 8.22514777 6.81677538 7.33876153 0.68237190 1.00000900
9.27521906 8.22515043 6.81678336 7.33875168 0.68236392 1.00000902
9.27521513 8.22515302 6.81679117 7.33874202 0.68235609 1.00000905
9.27521128 8.22515557 6.81679884 7.33873256 0.68234843 1.00000907
9.27520750 8.22515807 6.81680635 7.33872329 0.68234092 1.00000909
9.27520380 8.22516051 6.81681371 7.33871420 0.68233356 1.00000911
9.27520018 8.22516291 6.81682092 7.33870530 0.68232634 1.00000913
9.27519663 8.22516526 6.81682799 7.33869657 0.68231927 1.00000915
9.27519315 8.22516756 6.81683491 7.33868802 0.68231234 1.00000917
9.27518973 8.22516982 6.81684170 7.33867964 0.68230555 1.00000919
9.27518639 8.22517203 6.81684836 7.33867142 0.68229890 1.00000920
9.27518311 8.22517420 6.81685488 7.33866337 0.68229238 1.00000922
9.27517990 8.22517632 6.81686126 7.33865548 0.68228598 1.00000924
9.27517676 8.22517840 6.81686753 7.33864775 0.68227972 1.00000925
9.27517367 8.22518044 6.81687366 7.33864018 0.68227358 1.00000926
9.27517065 8.22518244 6.81687968 7.33863275 0.68226757 1.00000928
9.27516769 8.22518440 6.81688557 7.33862548 0.68226167 1.00000929
9.27516479 8.22518632 6.81689135 7.33861835 0.68225590 1.00000931
9.27516194 8.22518820 6.81689701 7.33861136 0.68225024 1.00000932
9.27515915 8.22519004 6.81690255 7.33860451 0.68224469 1.00000933
9.27515642 8.22519185 6.81690799 7.33859780 0.68223925 1.00000934
9.27515374 8.22519362 6.81691332 7.33859122 0.68223392 1.00000935
9.27515112 8.22519535 6.81691854 7.33858478 0.68222870 1.00000936
9.27514855 8.22519705 6.81692365 7.33857846 0.68222358 1.00000937
