6.15069127 8.14082123 0.90696145 1.66971643 3.63295054 0.07045093
6.15042175 8.14057394 0.90730720 1.66811117 3.63140296 0.07097504
6.15015049 8.14032512 0.90765499 1.66649616 3.62984595 0.07150555
6.14987749 8.14007478 0.90800483 1.66487131 3.62827942 0.07204256
6.14960272 8.13982287 0.90835675 1.66323651 3.62670328 0.07258619
6.14932617 8.13956941 0.90871077 1.66159167 3.62511742 0.07313653
6.14904781 8.13931435 0.90906692 1.65993668 3.62352175 0.07369371
6.14876764 8.13905770 0.90942520 1.65827144 3.62191617 0.07425782
6.14848562 8.13879944 0.90978565 1.65659584 3.62030058 0.07482900
6.14820175 8.13853954 0.91014829 1.65490978 3.61867486 0.07540734
6.14791601 8.13827799 0.91051314 1.65321314 3.61703893 0.07599299
6.14762837 8.13801478 0.91088022 1.65150583 3.61539267 0.07658604
6.14733882 8.13774988 0.91124957 1.64978772 3.61373597 0.07718664
6.14704734 8.13748328 0.91162119 1.64805871 3.61206873 0.07779490
6.14675390 8.13721496 0.91199512 1.64631868 3.61039084 0.07841096
6.14645849 8.13694491 0.91237138 1.64456752 3.60870219 0.07903495
6.14616109 8.13667311 0.91274999 1.64280511 3.60700266 0.07966700
6.14586167 8.13639953 0.91313098 1.64103134 3.60529214 0.08030725
6.14556023 8.13612416 0.91351438 1.63924607 3.60357051 0.08095584
6.14525672 8.13584698 0.91390021 1.63744919 3.60183766 0.08161292
6.14495114 8.13556797 0.91428849 1.63564058 3.60009346 0.08227862
6.14464346 8.13528711 0.91467926 1.63382012 3.59833780 0.08295310
6.14433367 8.13500438 0.91507254 1.63198766 3.59657055 0.08363652
6.14402173 8.13471977 0.91546836 1.63014310 3.59479160 0.08432902
6.14370762 8.13443324 0.91586674 1.62828629 3.59300080 0.08503077
6.14339133 8.13414479 0.91626772 1.62641710 3.59119805 0.08574192
6.14307283 8.13385439 0.91667132 1.62453541 3.58938320 0.08646265
6.14275209 8.13356202 0.91707757 1.62264107 3.58755613 0.08719311
6.14242910 8.13326765 0.91748650 1.62073395 3.58571670 0.08793349
6.14210383 8.13297127 0.91789813 1.61881391 3.58386478 0.08868396
6.14177624 8.13267286 0.91831251 1.61688081 3.58200024 0.08944470
6.14144633 8.13237239 0.91872965 1.61493450 3.58012293 0.09021589
6.14111406 8.13206984 0.91914960 1.61297484 3.57823272 0.09099772
6.14077942 8.13176518 0.91957237 1.61100169 3.57632946 0.09179038
6.14044236 8.13145841 0.91999801 1.60901489 3.57441301 0.09259407
6.14010287 8.13114948 0.92042655 1.60701429 3.57248323 0.09340898
6.13976092 8.13083838 0.92085801 1.60499975 3.57053996 0.09423532
6.13941649 8.13052508 0.92129243 1.60297109 3.56858306 0.09507330
6.13906954 8.13020956 0.92172984 1.60092818 3.56661237 0.09592312
6.13872005 8.12989179 0.92217029 1.59887085 3.56462775 0.09678502
6.13836799 8.12957175 0.92261379 1.59679893 3.56262903 0.09765920
6.13801333 8.12924942 0.92306039 1.59471226 3.56061605 0.09854589
6.13765605 8.12892476 0.92351012 1.59261069 3.55858867 0.09944533
6.13729612 8.12859776 0.92396302 1.59049403 3.55654671 0.10035775
6.13693349 8.12826838 0.92441912 1.58836212 3.55449000 0.10128340
6.13656816 8.12793660 0.92487846 1.58621479 3.55241840 0.10222251
6.13620008 8.12760239 0.92534108 1.58405186 3.55033171 0.10317534
6.13582923 8.12726572 0.92580702 1.58187315 3.54822978 0.10414216
6.13545556 8.12692657 0.92627630 1.57967849 3.54611243 0.10512321
6.13507907 8.12658491 0.92674898 1.57746769 3.54397948 0.10611878
6.13469970 8.12624071 0.92722509 1.57524056 3.54183076 0.10712913
6.13431743 8.12589393 0.92770467 1.57299693 3.53966608 0.10815454
6.13393223 8.12554456 0.92818776 1.57073659 3.53748526 0.10919530
6.13354405 8.12519256 0.92867441 1.56845937 3.53528812 0.11025171
6.13315288 8.12483790 0.92916464 1.56616505 3.53307447 0.11132406
6.13275867 8.12448054 0.92965851 1.56385346 3.53084411 0.11241266
6.13236140 8.12412047 0.93015606 1.56152437 3.52859686 0.11351783
6.13196101 8.12375765 0.93065733 1.55917761 3.52633252 0.11463987
6.13155749 8.12339204 0.93116236 1.55681295 3.52405088 0.11577911
6.13115079 8.12302361 0.93167120 1.55443019 3.52175176 0.11693590
6.13074088 8.12265234 0.93218389 1.55202912 3.51943495 0.11811056
6.13032772 8.12227819 0.93270048 1.54960953 3.51710023 0.11930345
6.12991127 8.12190111 0.93322102 1.54717120 3.51474741 0.12051492
6.12949150 8.12152109 0.93374554 1.54471391 3.51237627 0.12174534
6.12906837 8.12113809 0.93427411 1.54223745 3.50998659 0.12299507
6.12864184 8.12075207 0.93480675 1.53974157 3.50757817 0.12426449
6.12821186 8.12036299 0.93534353 1.53722607 3.50515078 0.12555400
6.12777841 8.11997082 0.93588450 1.53469071 3.50270420 0.12686399
6.12734144 8.11957553 0.93642969 1.53213525 3.50023820 0.12819485
6.12690090 8.11917708 0.93697917 1.52955946 3.49775256 0.12954702
6.12645677 8.11877543 0.93753298 1.52696311 3.49524705 0.13092089
6.12600899 8.11837054 0.93809117 1.52434595 3.49272143 0.13231692
6.12555752 8.11796237 0.93865380 1.52170773 3.49017547 0.13373553
6.12510233 8.11755090 0.93922091 1.51904821 3.48760893 0.13517718
6.12464337 8.11713607 0.93979257 1.51636714 3.48502156 0.13664232
6.12418059 8.11671786 0.94036882 1.51366427 3.48241314 0.13813143
6.12371395 8.11629621 0.94094972 1.51093934 3.47978339 0.13964498
6.12324341 8.11587109 0.94153533 1.50819209 3.47713209 0.14118346
6.12276892 8.11544246 0.94212569 1.50542226 3.47445897 0.14274738
6.12229044 8.11501028 0.94272087 1.50262959 3.47176378 0.14433724
6.12180792 8.11457451 0.94332093 1.49981380 3.46904626 0.14595355
6.12132131 8.11413510 0.94392591 1.49697463 3.46630615 0.14759687
6.12083057 8.11369202 0.94453588 1.49411181 3.46354318 0.14926771
6.12033564 8.11324521 0.94515090 1.49122506 3.46075710 0.15096665
6.11983649 8.11279464 0.94577103 1.48831410 3.45794763 0.15269424
6.11933306 8.11234027 0.94639632 1.48537865 3.45511451 0.15445106
6.11882531 8.11188204 0.94702683 1.48241843 3.45225745 0.15623769
6.11831317 8.11141992 0.94766263 1.47943314 3.44937617 0.15805475
6.11779662 8.11095386 0.94830379 1.47642251 3.44647042 0.15990283
6.11727558 8.11048382 0.94895035 1.47338624 3.44353989 0.16178256
6.11675003 8.11000974 0.94960238 1.47032403 3.44058431 0.16369459
6.11621989 8.10953159 0.95025995 1.46723559 3.43760338 0.16563955
6.11568513 8.10904932 0.95092312 1.46412063 3.43459683 0.16761810
6.11514568 8.10856287 0.95159195 1.46097883 3.43156436 0.16963093
6.11460150 8.10807221 0.95226651 1.45780990 3.42850569 0.17167871
6.11405254 8.10757729 0.95294687 1.45461353 3.42542050 0.17376215
6.11349874 8.10707805 0.95363308 1.45138942 3.42230851 0.17588195
6.11294005 8.10657446 0.95432521 1.44813725 3.41916943 0.17803884
6.11237641 8.10606646 0.95502334 1.44485672 3.41600294 0.18023355
6.11180778 8.10555400 0.95572751 1.44154751 3.41280876 0.18246684
6.11123410 8.10503704 0.95643782 1.43820932 3.40958657 0.18473947
6.11065531 8.10451553 0.95715431 1.43484181 3.40633608 0.18705221
6.11007135 8.10398942 0.95787705 1.43144469 3.40305697 0.18940585
6.10948219 8.10345865 0.95860612 1.42801764 3.39974895 0.19180118
6.10888775 8.10292319 0.95934159 1.42456033 3.39641170 0.19423904
6.10828799 8.10238298 0.96008351 1.42107244 3.39304493 0.19672022
6.10768285 8.10183796 0.96083195 1.41755367 3.38964832 0.19924559
6.10707228 8.10128811 0.96158700 1.41400369 3.38622156 0.20181597
6.10645622 8.10073335 0.96234870 1.41042219 3.38276435 0.20443225
6.10583462 8.10017365 0.96311713 1.40680884 3.37927639 0.20709528
6.10520742 8.09960895 0.96389236 1.40316334 3.37575737 0.20980595
6.10457457 8.09903922 0.96467445 1.39948536 3.37220698 0.21256515
6.10393602 8.09846438 0.96546348 1.39577459 3.36862491 0.21537380
6.10329171 8.09788441 0.96625950 1.39203072 3.36501088 0.21823280
6.10264158 8.09729925 0.96706258 1.38825344 3.36136458 0.22114308
6.10198559 8.09670885 0.96787279 1.38444244 3.35768570 0.22410556
6.10132368 8.09611317 0.96869020 1.38059741 3.35397397 0.22712120
6.10065581 8.09551216 0.96951486 1.37671806 3.35022908 0.23019093
6.09998191 8.09490577 0.97034685 1.37280408 3.34645075 0.23331572
6.09930194 8.09429396 0.97118622 1.36885519 3.34263869 0.23649651
6.09861585 8.09367669 0.97203303 1.36487109 3.33879263 0.23973429
6.09792360 8.09305390 0.97288735 1.36085150 3.33491229 0.24303000
6.09722512 8.09242556 0.97374924 1.35679613 3.33099740 0.24638464
6.09652038 8.09179162 0.97461875 1.35270473 3.32704771 0.24979916
6.09580934 8.09115204 0.97549594 1.34857701 3.32306294 0.25327454
6.09509194 8.09050679 0.97638086 1.34441273 3.31904286 0.25681175
6.09436814 8.08985582 0.97727358 1.34021164 3.31498723 0.26041177
6.09363791 8.08919910 0.97817413 1.33597348 3.31089580 0.26407555
6.09290120 8.08853659 0.97908257 1.33169804 3.30676836 0.26780405
6.09215797 8.08786826 0.97999895 1.32738509 3.30260469 0.27159823
6.09140820 8.08719407 0.98092331 1.32303442 3.29840460 0.27545903
6.09065184 8.08651399 0.98185569 1.31864583 3.29416788 0.27938737
6.08988886 8.08582800 0.98279614 1.31421913 3.28989436 0.28338417
6.08911924 8.08513606 0.98374469 1.30975415 3.28558387 0.28745033
6.08834294 8.08443816 0.98470137 1.30525074 3.28123626 0.29158674
6.08755995 8.08373427 0.98566622 1.30070874 3.27685139 0.29579424
6.08677023 8.08302437 0.98663926 1.29612803 3.27242913 0.30007368
6.08597378 8.08230844 0.98762051 1.29150850 3.26796939 0.30442587
6.08517058 8.08158648 0.98861001 1.28685006 3.26347206 0.30885158
6.08436061 8.08085846 0.98960775 1.28215264 3.25893708 0.31335157
6.08354386 8.08012439 0.99061376 1.27741617 3.25436440 0.31792654
6.08272034 8.07938424 0.99162804 1.27264063 3.24975399 0.32257717
6.08189003 8.07863804 0.99265060 1.26782601 3.24510584 0.32730408
6.08105295 8.07788576 0.99368142 1.26297232 3.24041995 0.33210786
6.08020910 8.07712743 0.99472051 1.25807960 3.23569637 0.33698904
6.07935848 8.07636305 0.99576785 1.25314790 3.23093515 0.34194809
6.07850112 8.07559264 0.99682342 1.24817733 3.22613639 0.34698545
6.07763704 8.07481621 0.99788720 1.24316800 3.22130020 0.35210146
6.07676626 8.07403379 0.99895915 1.23812005 3.21642672 0.35729642
6.07588881 8.07324540 1.00003925 1.23303367 3.21151612 0.36257055
6.07500473 8.07245108 1.00112743 1.22790906 3.20656860 0.36792400
6.07411407 8.07165086 1.00222367 1.22274646 3.20158440 0.37335683
6.07321687 8.07084479 1.00332788 1.21754615 3.19656378 0.37886902
6.07231318 8.07003292 1.00444002 1.21230844 3.19150704 0.38446047
6.07140306 8.06921529 1.00556000 1.20703367 3.18641452 0.39013098
6.07048659 8.06839198 1.00668775 1.20172224 3.18128659 0.39588025
6.06956383 8.06756303 1.00782317 1.19637456 3.17612366 0.40170789
6.06863487 8.06672854 1.00896618 1.19099110 3.17092617 0.40761338
6.06769979 8.06588857 1.01011665 1.18557236 3.16569461 0.41359611
6.06675869 8.06504320 1.01127448 1.18011889 3.16042951 0.41965535
6.06581166 8.06419254 1.01243954 1.17463127 3.15513144 0.42579025
6.06485883 8.06333668 1.01361170 1.16911013 3.14980100 0.43199984
6.06390031 8.06247572 1.01479081 1.16355616 3.14443885 0.43828300
6.06293621 8.06160977 1.01597673 1.15797007 3.13904569 0.44463852
6.06196668 8.06073896 1.01716928 1.15235263 3.13362225 0.45106501
6.06099186 8.05986341 1.01836830 1.14670465 3.12816933 0.45756099
6.06001189 8.05898326 1.01957361 1.14102700 3.12268775 0.46412479
6.05902693 8.05809864 1.02078500 1.13532059 3.11717839 0.47075465
6.05803715 8.05720970 1.02200229 1.12958638 3.11164218 0.47744862
6.05704273 8.05631660 1.02322525 1.12382536 3.10608009 0.48420463
6.05604383 8.05541951 1.02445366 1.11803859 3.10049314 0.49102046
6.05504067 8.05451859 1.02568729 1.11222718 3.09488239 0.49789374
6.05403343 8.05361402 1.02692589 1.10639227 3.08924895 0.50482196
6.05302232 8.05270599 1.02816922 1.10053507 3.08359397 0.51180244
6.05200755 8.05179469 1.02941700 1.09465681 3.07791867 0.51883239
6.05098936 8.05088033 1.03066897 1.08875880 3.07222428 0.52590885
6.04996797 8.04996310 1.03192483 1.08284236 3.06651211 0.53302873
6.04894363 8.04904323 1.03318430 1.07690888 3.06078347 0.54018880
6.04791657 8.04812093 1.03444708 1.07095979 3.05503976 0.54738570
6.04688705 8.04719643 1.03571284 1.06499656 3.04928239 0.55461593
6.04585534 8.04626997 1.03698128 1.05902069 3.04351282 0.56187588
6.04482169 8.04534179 1.03825206 1.05303374 3.03773255 0.56916182
6.04378640 8.04441213 1.03952485 1.04703729 3.03194310 0.57646989
6.04274973 8.04348125 1.04079930 1.04103298 3.02614606 0.58379615
6.04171198 8.04254940 1.04207506 1.03502245 3.02034301 0.59113655
6.04067343 8.04161684 1.04335177 1.02900740 3.01453559 0.59848696
6.03963439 8.04068385 1.04462907 1.02298954 3.00872546 0.60584316
6.03859515 8.03975069 1.04590658 1.01697063 3.00291431 0.61320088
6.03755602 8.03881763 1.04718394 1.01095242 2.99710384 0.62055578
6.03651731 8.03788496 1.04846076 1.00493672 2.99129577 0.62790347
6.03547934 8.03695295 1.04973666 0.99892532 2.98549187 0.63523953
6.03444241 8.03602188 1.05101125 0.99292005 2.97969388 0.64255952
6.03340685 8.03509205 1.05228414 0.98692275 2.97390359 0.64985897
6.03237297 8.03416374 1.05355495 0.98093526 2.96812276 0.65713343
6.03134110 8.03323723 1.05482327 0.97495943 2.96235319 0.66437844
6.03031155 8.03231281 1.05608872 0.96899712 2.95659667 0.67158960
6.02928465 8.03139077 1.05735091 0.96305017 2.95085498 0.67876250
6.02826071 8.03047140 1.05860943 0.95712042 2.94512990 0.68589282
6.02724005 8.02955497 1.05986391 0.95120973 2.93942321 0.69297628
6.02622299 8.02864178 1.06111396 0.94531990 2.93373666 0.70000868
6.02520983 8.02773210 1.06235919 0.93945276 2.92807202 0.70698590
6.02420090 8.02682621 1.06359921 0.93361009 2.92243100 0.71390393
6.02319649 8.02592439 1.06483367 0.92779366 2.91681533 0.72075884
6.02219690 8.02502690 1.06606217 0.92200523 2.91122667 0.72754685
6.02120244 8.02413402 1.06728437 0.91624650 2.90566670 0.73426428
6.02021340 8.02324600 1.06849991 0.91051917 2.90013704 0.74090762
6.01923006 8.02236310 1.06970842 0.90482488 2.89463928 0.74747347
6.01825269 8.02148557 1.07090958 0.89916526 2.88917498 0.75395862
6.01728158 8.02061366 1.07210304 0.89354187 2.88374567 0.76035998
6.01631698 8.01974760 1.07328848 0.88795624 2.87835283 0.76667465
6.01535916 8.01888762 1.07446559 0.88240987 2.87299788 0.77289991
6.01440836 8.01803395 1.07563406 0.87690420 2.86768223 0.77903320
6.01346482 8.01718681 1.07679360 0.87144062 2.86240721 0.78507216
6.01252878 8.01634639 1.07794391 0.86602047 2.85717412 0.79101459
6.01160046 8.01551291 1.07908473 0.86064503 2.85198420 0.79685850
6.01068007 8.01468654 1.08021579 0.85531555 2.84683866 0.80260206
6.00976781 8.01386748 1.08133685 0.85003320 2.84173862 0.80824365
6.00886389 8.01305591 1.08244767 0.84479911 2.83668517 0.81378184
6.00796847 8.01225197 1.08354802 0.83961434 2.83167934 0.81921538
6.00708175 8.01145584 1.08463768 0.83447990 2.82672210 0.82454319
6.00620387 8.01066765 1.08571646 0.82939673 2.82181437 0.82976438
6.00533501 8.00988755 1.08678416 0.82436573 2.81695700 0.83487827
6.00447529 8.00911567 1.08784062 0.81938773 2.81215080 0.83988430
6.00362485 8.00835212 1.08888566 0.81446349 2.80739652 0.84478214
6.00278382 8.00759701 1.08991914 0.80959374 2.80269483 0.84957157
6.00195231 8.00685045 1.09094092 0.80477912 2.79804637 0.85425257
6.00113042 8.00611253 1.09195087 0.80002022 2.79345173 0.85882526
6.00031824 8.00538333 1.09294887 0.79531760 2.78891140 0.86328991
5.99951586 8.00466293 1.09393483 0.79067172 2.78442586 0.86764694
5.99872335 8.00395139 1.09490866 0.78608300 2.77999552 0.87189690
5.99794078 8.00324877 1.09587027 0.78155183 2.77562074 0.87604047
5.99716819 8.00255512 1.09681961 0.77707852 2.77130181 0.88007844
5.99640564 8.00187048 1.09775661 0.77266332 2.76703899 0.88401173
5.99565316 8.00119488 1.09868123 0.76830644 2.76283249 0.88784138
5.99491078 8.00052834 1.09959343 0.76400806 2.75868246 0.89156850
5.99417852 7.99987089 1.10049320 0.75976828 2.75458901 0.89519432
5.99345639 7.99922254 1.10138052 0.75558716 2.75055219 0.89872014
5.99274439 7.99858328 1.10225538 0.75146472 2.74657204 0.90214734
5.99204252 7.99795312 1.10311779 0.74740095 2.74264852 0.90547739
5.99135077 7.99733204 1.10396777 0.74339576 2.73878157 0.90871180
5.99066911 7.99672002 1.10480533 0.73944906 2.73497109 0.91185216
5.98999753 7.99611705 1.10563051 0.73556070 2.73121693 0.91490010
5.98933599 7.99552310 1.10644335 0.73173049 2.72751891 0.91785731
5.98868446 7.99493812 1.10724390 0.72795820 2.72387683 0.92072550
5.98804288 7.99436209 1.10803220 0.72424360 2.72029043 0.92350643
5.98741121 7.99379495 1.10880833 0.72058638 2.71675944 0.92620188
5.98678940 7.99323667 1.10957234 0.71698623 2.71328355 0.92881367
5.98617738 7.99268717 1.11032431 0.71344281 2.70986243 0.93134361
5.98557510 7.99214642 1.11106433 0.70995574 2.70649572 0.93379355
5.98498248 7.99161433 1.11179247 0.70652462 2.70318302 0.93616533
5.98439944 7.99109086 1.11250882 0.70314902 2.69992394 0.93846081
5.98382592 7.99057592 1.11321349 0.69982851 2.69671803 0.94068185
5.98326183 7.99006946 1.11390656 0.69656260 2.69356485 0.94283029
5.98270708 7.98957138 1.11458815 0.69335082 2.69046393 0.94490799
5.98216160 7.98908162 1.11525836 0.69019266 2.68741478 0.94691677
5.98162528 7.98860009 1.11591730 0.68708760 2.68441689 0.94885847
5.98109804 7.98812670 1.11656509 0.68403509 2.68146974 0.95073488
5.98057978 7.98766138 1.11720183 0.68103459 2.67857281 0.95254780
5.98007040 7.98720404 1.11782767 0.67808552 2.67572553 0.95429901
5.97956981 7.98675458 1.11844270 0.67518733 2.67292737 0.95599024
5.97907790 7.98631292 1.11904707 0.67233940 2.67017775 0.95762322
5.97859457 7.98587896 1.11964089 0.66954116 2.66747610 0.95919965
5.97811972 7.98545261 1.12022430 0.66679199 2.66482182 0.96072121
5.97765323 7.98503377 1.12079743 0.66409128 2.66221434 0.96218952
5.97719501 7.98462235 1.12136040 0.66143842 2.65965305 0.96360622
5.97674494 7.98421825 1.12191335 0.65883278 2.65713734 0.96497287
5.97630292 7.98382138 1.12245641 0.65627373 2.65466663 0.96629104
5.97586883 7.98343163 1.12298972 0.65376064 2.65224028 0.96756223
5.97544258 7.98304891 1.12351340 0.65129287 2.64985770 0.96878794
5.97502404 7.98267311 1.12402761 0.64886979 2.64751826 0.96996961
5.97461311 7.98230415 1.12453246 0.64649076 2.64522136 0.97110867
5.97420967 7.98194192 1.12502811 0.64415515 2.64296636 0.97220651
5.97381363 7.98158632 1.12551467 0.64186231 2.64075267 0.97326446
5.97342486 7.98123726 1.12599230 0.63961160 2.63857965 0.97428386
5.97304325 7.98089463 1.12646111 0.63740239 2.63644670 0.97526599
5.97266871 7.98055834 1.12692126 0.63523404 2.63435321 0.97621209
5.97230111 7.98022828 1.12737286 0.63310593 2.63229856 0.97712338
5.97194035 7.97990436 1.12781606 0.63101742 2.63028214 0.97800105
5.97158633 7.97958649 1.12825099 0.62896788 2.62830335 0.97884624
5.97123893 7.97927457 1.12867779 0.62695670 2.62636160 0.97966008
5.97089804 7.97896849 1.12909657 0.62498325 2.62445627 0.98044365
5.97056356 7.97866817 1.12950748 0.62304691 2.62258678 0.98119800
5.97023540 7.97837352 1.12991063 0.62114709 2.62075254 0.98192416
5.96991343 7.97808443 1.13030617 0.61928317 2.61895296 0.98262312
5.96959756 7.97780081 1.13069422 0.61745455 2.61718747 0.98329583
5.96928768 7.97752257 1.13107490 0.61566064 2.61545549 0.98394324
5.96898370 7.97724963 1.13144834 0.61390085 2.61375646 0.98456624
5.96868551 7.97698189 1.13181466 0.61217461 2.61208980 0.98516572
5.96839301 7.97671926 1.13217399 0.61048132 2.61045497 0.98574250
5.96810610 7.97646165 1.13252644 0.60882042 2.60885141 0.98629742
5.96782470 7.97620898 1.13287214 0.60719135 2.60727858 0.98683127
5.96754869 7.97596115 1.13321120 0.60559355 2.60573594 0.98734481
5.96727799 7.97571809 1.13354375 0.60402647 2.60422296 0.98783879
5.96701250 7.97547971 1.13386989 0.60248957 2.60273912 0.98831392
5.96675214 7.97524592 1.13418974 0.60098231 2.60128389 0.98877089
5.96649680 7.97501665 1.13450341 0.59950415 2.59985677 0.98921038
5.96624639 7.97479182 1.13481102 0.59805459 2.59845724 0.98963303
5.96600084 7.97457133 1.13511266 0.59663309 2.59708482 0.99003946
5.96576004 7.97435512 1.13540846 0.59523916 2.59573901 0.99043027
5.96552392 7.97414311 1.13569852 0.59387229 2.59441933 0.99080606
5.96529239 7.97393521 1.13598294 0.59253198 2.59312530 0.99116738
5.96506536 7.97373136 1.13626182 0.59121776 2.59185645 0.99151476
5.96484276 7.97353148 1.13653527 0.58992914 2.59061232 0.99184875
5.96462449 7.97333550 1.13680339 0.58866564 2.58939245 0.99216983
5.96441049 7.97314334 1.13706627 0.58742681 2.58819638 0.99247849
5.96420067 7.97295493 1.13732402 0.58621218 2.58702369 0.99277521
5.96399494 7.97277021 1.13757673 0.58502131 2.58587393 0.99306043
5.96379325 7.97258911 1.13782449 0.58385374 2.58474668 0.99333460
5.96359550 7.97241155 1.13806740 0.58270905 2.58364151 0.99359813
5.96340164 7.97223747 1.13830554 0.58158681 2.58255801 0.99385142
5.96321157 7.97206680 1.13853901 0.58048658 2.58149577 0.99409487
5.96302524 7.97189949 1.13876789 0.57940796 2.58045439 0.99432884
5.96284257 7.97173546 1.13899228 0.57835053 2.57943348 0.99455372
5.96266349 7.97157466 1.13921226 0.57731390 2.57843264 0.99476983
5.96248793 7.97141703 1.13942790 0.57629767 2.57745149 0.99497752
5.96231583 7.97126249 1.13963930 0.57530145 2.57648967 0.99517711
5.96214712 7.97111100 1.13984654 0.57432485 2.57554679 0.99536891
5.96198174 7.97096250 1.14004968 0.57336751 2.57462251 0.99555322
5.96181962 7.97081692 1.14024882 0.57242905 2.57371645 0.99573033
5.96166069 7.97067422 1.14044404 0.57150912 2.57282828 0.99590052
5.96150491 7.97053433 1.14063539 0.57060735 2.57195765 0.99606405
5.96135220 7.97039721 1.14082296 0.56972340 2.57110422 0.99622119
5.96120251 7.97026279 1.14100683 0.56885692 2.57026766 0.99637217
5.96105578 7.97013104 1.14118706 0.56800757 2.56944764 0.99651724
5.96091195 7.97000189 1.14136373 0.56717503 2.56864385 0.99665663
5.96077097 7.96987530 1.14153689 0.56635897 2.56785596 0.99679055
5.96063278 7.96975121 1.14170663 0.56555907 2.56708368 0.99691922
5.96049733 7.96962958 1.14187301 0.56477501 2.56632670 0.99704284
5.96036456 7.96951036 1.14203609 0.56400649 2.56558471 0.99716161
5.96023443 7.96939350 1.14219593 0.56325320 2.56485744 0.99727572
5.96010687 7.96927896 1.14235261 0.56251486 2.56414459 0.99738535
5.95998184 7.96916669 1.14250617 0.56179116 2.56344588 0.99749067
5.95985930 7.96905665 1.14265669 0.56108182 2.56276104 0.99759185
5.95973918 7.96894879 1.14280423 0.56038656 2.56208979 0.99768905
5.95962145 7.96884307 1.14294883 0.55970511 2.56143187 0.99778243
5.95950606 7.96873946 1.14309056 0.55903719 2.56078701 0.99787214
5.95939296 7.96863790 1.14322947 0.55838254 2.56015497 0.99795832
5.95928211 7.96853836 1.14336563 0.55774091 2.55953549 0.99804111
5.95917346 7.96844079 1.14349907 0.55711202 2.55892832 0.99812064
5.95906698 7.96834517 1.14362987 0.55649564 2.55833323 0.99819704
5.95896260 7.96825145 1.14375806 0.55589152 2.55774997 0.99827043
5.95886031 7.96815959 1.14388370 0.55529941 2.55717831 0.99834092
5.95876005 7.96806956 1.14400684 0.55471909 2.55661803 0.99840864
5.95866178 7.96798132 1.14412753 0.55415031 2.55606889 0.99847370
5.95856548 7.96789483 1.14424582 0.55359286 2.55553069 0.99853619
5.95847108 7.96781007 1.14436176 0.55304650 2.55500320 0.99859621
5.95837857 7.96772699 1.14447538 0.55251103 2.55448621 0.99865387
5.95828790 7.96764557 1.14458674 0.55198621 2.55397952 0.99870925
5.95819903 7.96756577 1.14469589 0.55147185 2.55348293 0.99876245
5.95811194 7.96748756 1.14480286 0.55096774 2.55299622 0.99881355
5.95802658 7.96741091 1.14490770 0.55047367 2.55251922 0.99886264
5.95794292 7.96733578 1.14501044 0.54998945 2.55205172 0.99890979
5.95786093 7.96726215 1.14511115 0.54951487 2.55159353 0.99895508
5.95778057 7.96718999 1.14520984 0.54904976 2.55114448 0.99899858
5.95770181 7.96711927 1.14530656 0.54859392 2.55070439 0.99904036
5.95762463 7.96704996 1.14540136 0.54814717 2.55027307 0.99908049
5.95754898 7.96698203 1.14549427 0.54770933 2.54985035 0.99911904
5.95747484 7.96691545 1.14558532 0.54728022 2.54943606 0.99915607
5.95740218 7.96685020 1.14567456 0.54685967 2.54903003 0.99919163
5.95733097 7.96678625 1.14576202 0.54644751 2.54863210 0.99922579
5.95726118 7.96672358 1.14584773 0.54604357 2.54824212 0.99925860
5.95719278 7.96666216 1.14593173 0.54564769 2.54785991 0.99929011
5.95712575 7.96660196 1.14601406 0.54525971 2.54748533 0.99932038
5.95706005 7.96654297 1.14609474 0.54487947 2.54711822 0.99934945
5.95699567 7.96648515 1.14617381 0.54450682 2.54675845 0.99937738
5.95693257 7.96642848 1.14625131 0.54414161 2.54640585 0.99940420
5.95687073 7.96637295 1.14632725 0.54378369 2.54606029 0.99942995
5.95681012 7.96631852 1.14640169 0.54343292 2.54572163 0.99945470
5.95675073 7.96626518 1.14647463 0.54308914 2.54538973 0.99947846
5.95669252 7.96621291 1.14654612 0.54275224 2.54506446 0.99950128
5.95663547 7.96616168 1.14661618 0.54242205 2.54474568 0.99952321
5.95657956 7.96611147 1.14668484 0.54209847 2.54443327 0.99954426
5.95652477 7.96606226 1.14675213 0.54178134 2.54412710 0.99956448
5.95647107 7.96601404 1.14681808 0.54147054 2.54382704 0.99958391
5.95641844 7.96596678 1.14688271 0.54116596 2.54353297 0.99960256
5.95636686 7.96592046 1.14694605 0.54086746 2.54324478 0.99962048
5.95631632 7.96587507 1.14700812 0.54057492 2.54296234 0.99963769
5.95626678 7.96583058 1.14706895 0.54028822 2.54268555 0.99965421
5.95621824 7.96578699 1.14712857 0.54000725 2.54241429 0.99967009
5.95617066 7.96574426 1.14718700 0.53973189 2.54214844 0.99968533
5.95612403 7.96570239 1.14724426 0.53946204 2.54188791 0.99969998
5.95607834 7.96566135 1.14730038 0.53919757 2.54163258 0.99971404
5.95603355 7.96562114 1.14735537 0.53893839 2.54138235 0.99972755
5.95598967 7.96558172 1.14740927 0.53868439 2.54113712 0.99974052
5.95594666 7.96554310 1.14746208 0.53843547 2.54089680 0.99975298
5.95590450 7.96550524 1.14751385 0.53819152 2.54066127 0.99976494
5.95586320 7.96546814 1.14756458 0.53795244 2.54043045 0.99977644
5.95582271 7.96543179 1.14761429 0.53771814 2.54020425 0.99978748
5.95578304 7.96539616 1.14766301 0.53748852 2.53998256 0.99979808
5.95574415 7.96536124 1.14771076 0.53726350 2.53976531 0.99980826
5.95570605 7.96532702 1.14775755 0.53704297 2.53955240 0.99981804
5.95566871 7.96529348 1.14780341 0.53682684 2.53934374 0.99982743
5.95563211 7.96526061 1.14784835 0.53661504 2.53913925 0.99983645
5.95559624 7.96522840 1.14789240 0.53640747 2.53893885 0.99984511
5.95556109 7.96519684 1.14793556 0.53620405 2.53874246 0.99985344
5.95552665 7.96516590 1.14797786 0.53600470 2.53854999 0.99986143
5.95549289 7.96513558 1.14801931 0.53580933 2.53836137 0.99986910
5.95545981 7.96510587 1.14805994 0.53561786 2.53817652 0.99987647
5.95542738 7.96507676 1.14809975 0.53543023 2.53799537 0.99988355
5.95539561 7.96504822 1.14813877 0.53524634 2.53781783 0.99989035
5.95536447 7.96502025 1.14817701 0.53506613 2.53764385 0.99989688
5.95533395 7.96499285 1.14821448 0.53488952 2.53747334 0.99990315
5.95530405 7.96496599 1.14825120 0.53471645 2.53730625 0.99990918
5.95527474 7.96493967 1.14828719 0.53454683 2.53714249 0.99991496
5.95524602 7.96491387 1.14832246 0.53438060 2.53698201 0.99992052
5.95521787 7.96488859 1.14835703 0.53421770 2.53682473 0.99992585
5.95519028 7.96486382 1.14839090 0.53405806 2.53667060 0.99993098
5.95516325 7.96483954 1.14842410 0.53390160 2.53651955 0.99993590
5.95513675 7.96481574 1.14845663 0.53374828 2.53637152 0.99994063
5.95511079 7.96479242 1.14848851 0.53359802 2.53622646 0.99994517
5.95508534 7.96476957 1.14851976 0.53345076 2.53608429 0.99994953
5.95506040 7.96474718 1.14855038 0.53330645 2.53594496 0.99995371
5.95503597 7.96472523 1.14858039 0.53316503 2.53580842 0.99995774
5.95501202 7.96470372 1.14860979 0.53302643 2.53567461 0.99996160
5.95498855 7.96468264 1.14863861 0.53289060 2.53554348 0.99996531
5.95496554 7.96466198 1.14866686 0.53275749 2.53541497 0.99996887
5.95494300 7.96464174 1.14869454 0.53262704 2.53528903 0.99997229
5.95492091 7.96462190 1.14872166 0.53249920 2.53516560 0.99997558
5.95489926 7.96460245 1.14874824 0.53237392 2.53504465 0.99997873
5.95487805 7.96458340 1.14877429 0.53225114 2.53492611 0.99998177
5.95485725 7.96456472 1.14879982 0.53213082 2.53480994 0.99998468
5.95483688 7.96454642 1.14882484 0.53201290 2.53469610 0.99998747
5.95481691 7.96452849 1.14884936 0.53189734 2.53458453 0.99999016
5.95479734 7.96451091 1.14887339 0.53178409 2.53447520 0.99999274
5.95477816 7.96449369 1.14889694 0.53167310 2.53436805 0.99999521
5.95475936 7.96447681 1.14892002 0.53156434 2.53426304 0.99999759
5.95474095 7.96446026 1.14894263 0.53145775 2.53416013 0.99999988
5.95472289 7.96444405 1.14896480 0.53135329 2.53405929 1.00000207
5.95470520 7.96442816 1.14898652 0.53125092 2.53396045 1.00000418
5.95468787 7.96441259 1.14900780 0.53115060 2.53386360 1.00000620
5.95467088 7.96439734 1.14902866 0.53105228 2.53376868 1.00000815
5.95465423 7.96438238 1.14904911 0.53095593 2.53367566 1.00001001
5.95463791 7.96436773 1.14906914 0.53086151 2.53358450 1.00001180
5.95462192 7.96435336 1.14908878 0.53076898 2.53349516 1.00001353
5.95460625 7.96433929 1.14910802 0.53067829 2.53340761 1.00001518
5.95459089 7.96432550 1.14912687 0.53058942 2.53332181 1.00001677
5.95457584 7.96431198 1.14914535 0.53050233 2.53323773 1.00001829
5.95456109 7.96429873 1.14916346 0.53041698 2.53315532 1.00001976
5.95454664 7.96428575 1.14918121 0.53033333 2.53307457 1.00002116
5.95453247 7.96427303 1.14919860 0.53025136 2.53299543 1.00002252
5.95451859 7.96426056 1.14921565 0.53017103 2.53291787 1.00002381
5.95450498 7.96424834 1.14923235 0.53009230 2.53284187 1.00002506
5.95449165 7.96423636 1.14924872 0.53001515 2.53276738 1.00002626
5.95447858 7.96422463 1.14926476 0.52993954 2.53269439 1.00002741
5.95446578 7.96421313 1.14928048 0.52986545 2.53262285 1.00002851
5.95445323 7.96420186 1.14929589 0.52979283 2.53255275 1.00002957
5.95444093 7.96419081 1.14931099 0.52972167 2.53248404 1.00003059
5.95442888 7.96417999 1.14932578 0.52965193 2.53241671 1.00003157
5.95441707 7.96416938 1.14934029 0.52958359 2.53235073 1.00003251
5.95440549 7.96415898 1.14935450 0.52951661 2.53228607 1.00003341
5.95439415 7.96414879 1.14936842 0.52945097 2.53222270 1.00003427
5.95438303 7.96413881 1.14938207 0.52938665 2.53216060 1.00003511
5.95437214 7.96412902 1.14939545 0.52932361 2.53209974 1.00003591
5.95436146 7.96411943 1.14940855 0.52926183 2.53204009 1.00003667
5.95435100 7.96411004 1.14942140 0.52920129 2.53198164 1.00003741
5.95434075 7.96410083 1.14943399 0.52914196 2.53192436 1.00003812
5.95433070 7.96409180 1.14944632 0.52908381 2.53186823 1.00003880
5.95432085 7.96408296 1.14945841 0.52902683 2.53181321 1.00003945
5.95431120 7.96407429 1.14947026 0.52897099 2.53175930 1.00004008
5.95430174 7.96406579 1.14948187 0.52891626 2.53170647 1.00004068
5.95429247 7.96405747 1.14949325 0.52886263 2.53165469 1.00004126
5.95428339 7.96404931 1.14950440 0.52881007 2.53160395 1.00004181
5.95427449 7.96404131 1.14951533 0.52875856 2.53155422 1.00004235
5.95426577 7.96403348 1.14952604 0.52870809 2.53150549 1.00004286
5.95425722 7.96402580 1.14953654 0.52865862 2.53145773 1.00004335
5.95424884 7.96401828 1.14954682 0.52861014 2.53141093 1.00004382
5.95424063 7.96401090 1.14955690 0.52856263 2.53136506 1.00004428
5.95423258 7.96400367 1.14956678 0.52851607 2.53132011 1.00004471
5.95422470 7.96399659 1.14957646 0.52847045 2.53127606 1.00004513
5.95421697 7.96398965 1.14958595 0.52842573 2.53123289 1.00004553
5.95420939 7.96398285 1.14959525 0.52838191 2.53119059 1.00004592
5.95420197 7.96397618 1.14960436 0.52833897 2.53114913 1.00004629
5.95419470 7.96396965 1.14961329 0.52829688 2.53110850 1.00004665
5.95418757 7.96396324 1.14962204 0.52825564 2.53106868 1.00004699
5.95418059 7.96395697 1.14963061 0.52821522 2.53102966 1.00004732
5.95417374 7.96395082 1.14963902 0.52817561 2.53099142 1.00004763
5.95416703 7.96394480 1.14964725 0.52813679 2.53095394 1.00004794
5.95416046 7.96393889 1.14965532 0.52809875 2.53091721 1.00004823
5.95415401 7.96393310 1.14966323 0.52806147 2.53088122 1.00004851
5.95414770 7.96392743 1.14967098 0.52802494 2.53084595 1.00004877
5.95414151 7.96392187 1.14967858 0.52798913 2.53081138 1.00004903
5.95413545 7.96391643 1.14968603 0.52795405 2.53077751 1.00004928
5.95412950 7.96391109 1.14969332 0.52791966 2.53074431 1.00004952
5.95412368 7.96390586 1.14970047 0.52788596 2.53071178 1.00004975
5.95411797 7.96390073 1.14970748 0.52785294 2.53067989 1.00004997
5.95411238 7.96389570 1.14971434 0.52782057 2.53064865 1.00005018
5.95410690 7.96389078 1.14972107 0.52778886 2.53061803 1.00005038
5.95410152 7.96388596 1.14972767 0.52775777 2.53058802 1.00005057
5.95409626 7.96388123 1.14973413 0.52772731 2.53055861 1.00005076
5.95409110 7.96387659 1.14974046 0.52769746 2.53052979 1.00005094
5.95408604 7.96387205 1.14974667 0.52766821 2.53050155 1.00005111
5.95408109 7.96386760 1.14975275 0.52763954 2.53047387 1.00005128
5.95407623 7.96386324 1.14975871 0.52761144 2.53044674 1.00005143
5.95407147 7.96385896 1.14976456 0.52758391 2.53042016 1.00005159
5.95406681 7.96385477 1.14977028 0.52755692 2.53039411 1.00005173
5.95406224 7.96385067 1.14977589 0.52753048 2.53036858 1.00005187
5.95405776 7.96384664 1.14978139 0.52750457 2.53034356 1.00005201
5.95405337 7.96384270 1.14978678 0.52747917 2.53031904 1.00005214
5.95404907 7.96383884 1.14979206 0.52745428 2.53029502 1.00005226
5.95404485 7.96383505 1.14979723 0.52742989 2.53027147 1.00005238
5.95404072 7.96383134 1.14980230 0.52740599 2.53024839 1.00005250
5.95403667 7.96382770 1.14980727 0.52738256 2.53022578 1.00005261
5.95403271 7.96382414 1.14981214 0.52735961 2.53020362 1.00005271
5.95402882 7.96382065 1.14981692 0.52733711 2.53018190 1.00005282
5.95402501 7.96381722 1.14982159 0.52731506 2.53016061 1.00005291
5.95402127 7.96381387 1.14982618 0.52729346 2.53013975 1.00005301
5.95401761 7.96381058 1.14983067 0.52727228 2.53011931 1.00005310
5.95401403 7.96380736 1.14983507 0.52725153 2.53009928 1.00005318
5.95401051 7.96380420 1.14983939 0.52723120 2.53007964 1.00005327
5.95400707 7.96380111 1.14984362 0.52721127 2.53006040 1.00005335
5.95400369 7.96379808 1.14984776 0.52719174 2.53004155 1.00005342
5.95400038 7.96379510 1.14985182 0.52717260 2.53002307 1.00005350
5.95399714 7.96379219 1.14985580 0.52715384 2.53000496 1.00005357
5.95399396 7.96378934 1.14985970 0.52713546 2.52998722 1.00005364
5.95399085 7.96378654 1.14986352 0.52711745 2.52996983 1.00005370
5.95398780 7.96378380 1.14986727 0.52709979 2.52995278 1.00005376
5.95398481 7.96378111 1.14987094 0.52708249 2.52993608 1.00005382
5.95398188 7.96377848 1.14987453 0.52706554 2.52991971 1.00005388
5.95397901 7.96377590 1.14987806 0.52704892 2.52990367 1.00005394
5.95397619 7.96377337 1.14988151 0.52703264 2.52988795 1.00005399
5.95397343 7.96377089 1.14988490 0.52701668 2.52987254 1.00005404
5.95397073 7.96376847 1.14988822 0.52700104 2.52985745 1.00005409
5.95396808 7.96376609 1.14989147 0.52698572 2.52984265 1.00005414
5.95396548 7.96376376 1.14989465 0.52697070 2.52982815 1.00005418
5.95396294 7.96376147 1.14989778 0.52695598 2.52981394 1.00005423
5.95396045 7.96375923 1.14990084 0.52694155 2.52980002 1.00005427
5.95395800 7.96375704 1.14990384 0.52692742 2.52978637 1.00005431
5.95395561 7.96375488 1.14990678 0.52691357 2.52977300 1.00005435
5.95395326 7.96375278 1.14990966 0.52689999 2.52975989 1.00005438
5.95395096 7.96375071 1.14991248 0.52688669 2.52974704 1.00005442
5.95394871 7.96374869 1.14991524 0.52687365 2.52973446 1.00005445
5.95394650 7.96374670 1.14991795 0.52686087 2.52972212 1.00005449
5.95394434 7.96374476 1.14992061 0.52684835 2.52971003 1.00005452
5.95394221 7.96374285 1.14992321 0.52683608 2.52969819 1.00005455
5.95394014 7.96374098 1.14992577 0.52682405 2.52968658 1.00005458
5.95393810 7.96373915 1.14992827 0.52681227 2.52967520 1.00005461
5.95393610 7.96373736 1.14993072 0.52680072 2.52966405 1.00005463
5.95393415 7.96373560 1.14993312 0.52678940 2.52965312 1.00005466
5.95393223 7.96373388 1.14993547 0.52677830 2.52964241 1.00005468
5.95393035 7.96373219 1.14993778 0.52676743 2.52963192 1.00005471
5.95392851 7.96373054 1.14994004 0.52675678 2.52962163 1.00005473
5.95392670 7.96372892 1.14994225 0.52674634 2.52961155 1.00005475
5.95392493 7.96372733 1.14994442 0.52673611 2.52960167 1.00005477
5.95392320 7.96372577 1.14994655 0.52672608 2.52959199 1.00005479
5.95392150 7.96372425 1.14994864 0.52671626 2.52958251 1.00005481
5.95391984 7.96372275 1.14995068 0.52670663 2.52957321 1.00005483
5.95391821 7.96372128 1.14995268 0.52669719 2.52956410 1.00005485
5.95391661 7.96371985 1.14995464 0.52668794 2.52955517 1.00005487
5.95391504 7.96371844 1.14995656 0.52667888 2.52954642 1.00005488
5.95391351 7.96371706 1.14995845 0.52667000 2.52953785 1.00005490
5.95391200 7.96371571 1.14996030 0.52666129 2.52952945 1.00005491
5.95391053 7.96371439 1.14996211 0.52665276 2.52952121 1.00005493
5.95390908 7.96371309 1.14996388 0.52664440 2.52951314 1.00005494
5.95390767 7.96371181 1.14996562 0.52663621 2.52950523 1.00005496
5.95390628 7.96371057 1.14996732 0.52662818 2.52949748 1.00005497
5.95390492 7.96370935 1.14996899 0.52662031 2.52948988 1.00005498
5.95390358 7.96370815 1.14997063 0.52661260 2.52948244 1.00005499
5.95390228 7.96370698 1.14997223 0.52660505 2.52947514 1.00005501
5.95390100 7.96370583 1.14997380 0.52659764 2.52946800 1.00005502
5.95389974 7.96370470 1.14997534 0.52659039 2.52946099 1.00005503
5.95389851 7.96370359 1.14997685 0.52658327 2.52945412 1.00005504
