2.79747220 7.82590915 1.29285585
2.80406362 7.81166894 1.31741466
2.81062081 7.79750602 1.34169731
2.81713726 7.78343428 1.36565797
2.82360653 7.76946742 1.38925255
2.83002233 7.75561884 1.41243905
2.83637854 7.74190157 1.43517794
2.84266925 7.72832821 1.45743245
2.84888876 7.71491084 1.47916888
2.85503168 7.70166097 1.50035676
2.86109288 7.68858949 1.52096912
2.86706756 7.67570660 1.54098250
2.87295125 7.66302178 1.56037711
2.87873984 7.65054376 1.57913681
2.88442958 7.63828049 1.59724908
2.89001709 7.62623913 1.61470495
2.89549936 7.61442603 1.63149891
2.90087377 7.60284674 1.64762871
2.90613806 7.59150601 1.66309522
2.91129033 7.58040779 1.67790219
2.91632908 7.56955528 1.69205606
2.92125310 7.55895093 1.70556571
2.92606156 7.54859648 1.71844218
2.93075392 7.53849298 1.73069848
2.93532997 7.52864082 1.74234928
2.93978976 7.51903980 1.75341070
2.94413362 7.50968915 1.76390009
2.94836214 7.50058754 1.77383574
2.95247611 7.49173319 1.78323673
2.95647655 7.48312385 1.79212272
2.96036467 7.47475686 1.80051374
2.96414184 7.46662920 1.80843004
2.96780960 7.45873753 1.81589195
2.97136963 7.45107821 1.82291973
2.97482370 7.44364733 1.82953346
2.97817372 7.43644078 1.83575295
2.98142166 7.42945426 1.84159762
2.98456958 7.42268330 1.84708646
2.98761961 7.41612331 1.85223794
2.99057391 7.40976959 1.85706999
2.99343469 7.40361735 1.86159994
2.99620418 7.39766176 1.86584450
2.99888465 7.39189795 1.86981973
3.00147835 7.38632102 1.87354103
3.00398754 7.38092607 1.87702315
3.00641450 7.37570822 1.88028017
3.00876146 7.37066261 1.88332549
3.01103067 7.36578442 1.88617189
3.01322433 7.36106887 1.88883150
3.01534462 7.35651124 1.89131581
3.01739371 7.35210690 1.89363571
3.01937371 7.34785126 1.89580150
3.02128671 7.34373981 1.89782293
3.02313475 7.33976815 1.89970916
3.02491985 7.33593195 1.90146887
3.02664397 7.33222697 1.90311019
3.02830902 7.32864907 1.90464081
3.02991690 7.32519419 1.90606795
3.03146942 7.32185839 1.90739837
3.03296838 7.31863782 1.90863844
3.03441552 7.31552872 1.90979413
3.03581253 7.31252744 1.91087103
3.03716107 7.30963043 1.91187440
3.03846274 7.30683422 1.91280914
3.03971909 7.30413546 1.91367986
3.04093165 7.30153089 1.91449085
3.04210188 7.29901733 1.91524615
3.04323121 7.29659173 1.91594951
3.04432103 7.29425109 1.91660445
3.04537267 7.29199253 1.91721427
3.04638744 7.28981325 1.91778202
3.04736659 7.28771053 1.91831058
3.04831134 7.28568176 1.91880261
3.04922289 7.28372439 1.91926063
3.05010236 7.28183594 1.91968695
3.05095087 7.28001406 1.92008376
3.05176949 7.27825642 1.92045307
3.05255925 7.27656081 1.92079678
3.05332116 7.27492506 1.92111665
3.05405617 7.27334709 1.92141432
3.05476524 7.27182489 1.92169132
3.05544926 7.27035651 1.92194908
3.05610911 7.26894007 1.92218893
3.05674564 7.26757376 1.92241211
3.05735965 7.26625580 1.92261977
3.05795194 7.26498452 1.92281298
3.05852328 7.26375827 1.92299275
3.05907439 7.26257547 1.92316001
3.05960598 7.26143459 1.92331562
3.06011875 7.26033415 1.92346040
3.06061335 7.25927273 1.92359509
3.06109043 7.25824896 1.92372040
3.06155060 7.25726151 1.92383698
3.06199445 7.25630909 1.92394543
3.06242257 7.25539046 1.92404632
3.06283551 7.25450444 1.92414018
3.06323381 7.25364988 1.92422750
3.06361798 7.25282565 1.92430872
3.06398852 7.25203069 1.92438428
3.06434591 7.25126396 1.92445457
3.06469062 7.25052446 1.92451996
3.06502310 7.24981122 1.92458079
3.06534377 7.24912333 1.92463737
3.06565307 7.24845987 1.92469000
3.06595138 7.24781998 1.92473896
3.06623911 7.24720283 1.92478450
3.06651662 7.24660761 1.92482686
3.06678428 7.24603354 1.92486627
3.06704243 7.24547987 1.92490293
3.06729141 7.24494588 1.92493702
3.06753156 7.24443088 1.92496874
3.06776317 7.24393417 1.92499824
3.06798656 7.24345513 1.92502568
3.06820202 7.24299311 1.92505121
3.06840982 7.24254752 1.92507495
3.06861024 7.24211776 1.92509704
3.06880354 7.24170329 1.92511758
3.06898997 7.24130355 1.92513669
3.06916978 7.24091803 1.92515447
3.06934321 7.24054621 1.92517100
3.06951047 7.24018762 1.92518638
3.06967179 7.23984177 1.92520068
3.06982737 7.23950822 1.92521399
3.06997743 7.23918653 1.92522637
3.07012216 7.23887629 1.92523788
3.07026175 7.23857707 1.92524858
3.07039637 7.23828849 1.92525854
3.07052621 7.23801018 1.92526781
3.07065144 7.23774177 1.92527643
3.07077222 7.23748289 1.92528444
3.07088871 7.23723323 1.92529190
3.07100105 7.23699245 1.92529883
3.07110941 7.23676022 1.92530528
3.07121391 7.23653626 1.92531128
3.07131470 7.23632026 1.92531686
3.07141191 7.23611195 1.92532205
3.07150567 7.23591104 1.92532688
3.07159609 7.23571728 1.92533137
3.07168330 7.23553040 1.92533555
3.07176741 7.23535018 1.92533943
3.07184853 7.23517636 1.92534304
3.07192677 7.23500873 1.92534641
3.07200222 7.23484706 1.92534953
3.07207500 7.23469114 1.92535244
3.07214519 7.23454076 1.92535515
3.07221288 7.23439574 1.92535766
3.07227817 7.23425587 1.92536000
3.07234114 7.23412098 1.92536218
3.07240187 7.23399088 1.92536420
3.07246044 7.23386541 1.92536609
3.07251693 7.23374440 1.92536784
3.07257142 7.23362770 1.92536947
3.07262396 7.23351515 1.92537098
3.07267464 7.23340660 1.92537239
3.07272352 7.23330191 1.92537370
3.07277066 7.23320095 1.92537492
3.07281612 7.23310358 1.92537606
3.07285997 7.23300967 1.92537711
3.07290226 7.23291910 1.92537809
3.07294305 7.23283175 1.92537901
3.07298239 7.23274751 1.92537986
3.07302033 7.23266626 1.92538065
3.07305692 7.23258791 1.92538138
3.07309221 7.23251234 1.92538206
3.07312624 7.23243946 1.92538270
3.07315907 7.23236917 1.92538329
3.07319073 7.23230138 1.92538384
3.07322126 7.23223600 1.92538435
3.07325071 7.23217295 1.92538483
3.07327912 7.23211214 1.92538527
3.07330651 7.23205350 1.92538568
3.07333293 7.23199694 1.92538606
3.07335841 7.23194239 1.92538642
3.07338298 7.23188978 1.92538675
3.07340668 7.23183904 1.92538706
3.07342954 7.23179011 1.92538735
3.07345159 7.23174292 1.92538761
3.07347285 7.23169740 1.92538786
3.07349336 7.23165351 1.92538809
3.07351313 7.23161117 1.92538830
3.07353221 7.23157035 1.92538850
3.07355061 7.23153097 1.92538869
3.07356835 7.23149300 1.92538886
3.07358546 7.23145637 1.92538902
3.07360197 7.23142105 1.92538917
3.07361788 7.23138698 1.92538931
3.07363323 7.23135413 1.92538944
3.07364804 7.23132245 1.92538956
3.07366232 7.23129189 1.92538967
3.07367609 7.23126242 1.92538978
3.07368937 7.23123399 1.92538987
3.07370218 7.23120658 1.92538996
3.07371454 7.23118014 1.92539005
3.07372646 7.23115465 1.92539012
3.07373795 7.23113006 1.92539020
3.07374903 7.23110634 1.92539026
3.07375972 7.23108347 1.92539033
3.07377003 7.23106141 1.92539038
3.07377998 7.23104014 1.92539044
3.07378957 7.23101962 1.92539049
3.07379881 7.23099983 1.92539054
3.07380773 7.23098075 1.92539058
3.07381634 7.23096234 1.92539062
3.07382464 7.23094459 1.92539066
3.07383264 7.23092748 1.92539069
3.07384036 7.23091097 1.92539073
3.07384780 7.23089504 1.92539076
3.07385498 7.23087969 1.92539078
3.07386190 7.23086488 1.92539081
3.07386858 7.23085059 1.92539083
3.07387502 7.23083682 1.92539086
3.07388123 7.23082353 1.92539088
3.07388722 7.23081072 1.92539090
3.07389300 7.23079836 1.92539092
3.07389857 7.23078645 1.92539093
3.07390395 7.23077495 1.92539095
3.07390913 7.23076387 1.92539096
3.07391413 7.23075318 1.92539098
3.07391895 7.23074287 1.92539099
3.07392360 7.23073292 1.92539100
3.07392809 7.23072333 1.92539101
3.07393241 7.23071408 1.92539102
