9.43833672 3.21769251 0.13150738
9.43565503 3.22030920 0.13291689
9.43295171 3.22294699 0.13434924
9.43022653 3.22560612 0.13580489
9.42747922 3.22828685 0.13728429
9.42470952 3.23098943 0.13878792
9.42191718 3.23371411 0.14031628
9.41910191 3.23646117 0.14186985
9.41626347 3.23923085 0.14344914
9.41340157 3.24202343 0.14505466
9.41051593 3.24483918 0.14668695
9.40760629 3.24767836 0.14834654
9.40467236 3.25054125 0.15003398
9.40171386 3.25342812 0.15174984
9.39873050 3.25633926 0.15349467
9.39572199 3.25927495 0.15526908
9.39268805 3.26223547 0.15707365
9.38962837 3.26522111 0.15890899
9.38654266 3.26823216 0.16077572
9.38343062 3.27126891 0.16267447
9.38029195 3.27433167 0.16460589
9.37712635 3.27742071 0.16657063
9.37393350 3.28053635 0.16856937
9.37071310 3.28367889 0.17060277
9.36746484 3.28684863 0.17267155
9.36418841 3.29004588 0.17477640
9.36088348 3.29327095 0.17691805
9.35754975 3.29652413 0.17909723
9.35418689 3.29980576 0.18131469
9.35079458 3.30311614 0.18357118
9.34737251 3.30645558 0.18586747
9.34392034 3.30982440 0.18820436
9.34043776 3.31322292 0.19058264
9.33692444 3.31665145 0.19300312
9.33338006 3.32011031 0.19546662
9.32980429 3.32359983 0.19797398
9.32619680 3.32712032 0.20052605
9.32255727 3.33067210 0.20312368
9.31888537 3.33425548 0.20576775
9.31518077 3.33787079 0.20845914
9.31144316 3.34151835 0.21119875
9.30767222 3.34519847 0.21398747
9.30386760 3.34891146 0.21682624
9.30002901 3.35265764 0.21971596
9.29615612 3.35643732 0.22265758
9.29224861 3.36025081 0.22565204
9.28830618 3.36409842 0.22870028
9.28432852 3.36798043 0.23180328
9.28031532 3.37189717 0.23496199
9.27626628 3.37584891 0.23817738
9.27218111 3.37983595 0.24145043
9.26805951 3.38385858 0.24478211
9.26390121 3.38791706 0.24817342
9.25970592 3.39201168 0.25162532
9.25547338 3.39614270 0.25513881
9.25120333 3.40031038 0.25871486
9.24689550 3.40451496 0.26235445
9.24254967 3.40875670 0.26605856
9.23816558 3.41303581 0.26982815
9.23374302 3.41735252 0.27366418
9.22928178 3.42170705 0.27756759
9.22478165 3.42609958 0.28153933
9.22024245 3.43053030 0.28558032
9.21566400 3.43499940 0.28969146
9.21104615 3.43950702 0.29387364
9.20638875 3.44405330 0.29812772
9.20169168 3.44863838 0.30245454
9.19695483 3.45326236 0.30685491
9.19217811 3.45792534 0.31132962
9.18736145 3.46262738 0.31587941
9.18250480 3.46736854 0.32050500
9.17760813 3.47214884 0.32520705
9.17267145 3.47696831 0.32998619
9.16769477 3.48182691 0.33484301
9.16267813 3.48672462 0.33977802
9.15762161 3.49166136 0.34479171
9.15252531 3.49663705 0.34988448
9.14738936 3.50165156 0.35505669
9.14221392 3.50670475 0.36030862
9.13699918 3.51179644 0.36564048
9.13174535 3.51692640 0.37105240
9.12645271 3.52209441 0.37654444
9.12112154 3.52730018 0.38211657
9.11575217 3.53254340 0.38776866
9.11034496 3.53782371 0.39350049
9.10490033 3.54314074 0.39931176
9.09941871 3.54849406 0.40520204
9.09390059 3.55388321 0.41117080
9.08834650 3.55930767 0.41721740
9.08275701 3.56476690 0.42334109
9.07713273 3.57026031 0.42954100
9.07147432 3.57578727 0.43581611
9.06578249 3.58134711 0.44216531
9.06005798 3.58693909 0.44858732
9.05430161 3.59256246 0.45508076
9.04851421 3.59821640 0.46164408
9.04269668 3.60390005 0.46827562
9.03684996 3.60961251 0.47497355
9.03097504 3.61535281 0.48173591
9.02507297 3.62111995 0.48856060
9.01914484 3.62691289 0.49544536
9.01319179 3.63273054 0.50238778
9.00721500 3.63857174 0.50938532
9.00121572 3.64443530 0.51643529
8.99519523 3.65031999 0.52353484
8.98915486 3.65622453 0.53068100
8.98309599 3.66214758 0.53787064
8.97702005 3.66808779 0.54510051
8.97092851 3.67404372 0.55236722
8.96482287 3.68001394 0.55966725
8.95870469 3.68599694 0.56699697
8.95257557 3.69199119 0.57435261
8.94643713 3.69799513 0.58173032
8.94029104 3.70400714 0.58912613
8.93413900 3.71002560 0.59653598
8.92798275 3.71604884 0.60395574
8.92182403 3.72207517 0.61138117
8.91566464 3.72810286 0.61880801
8.90950639 3.73413018 0.62623191
8.90335110 3.74015538 0.63364849
8.89720063 3.74617666 0.64105333
8.89105683 3.75219226 0.64844200
8.88492157 3.75820036 0.65581006
8.87879674 3.76419916 0.66315307
8.87268421 3.77018685 0.67046659
8.86658588 3.77616162 0.67774624
8.86050362 3.78212166 0.68498764
8.85443931 3.78806517 0.69218650
8.84839481 3.79399037 0.69933857
8.84237198 3.79989546 0.70643969
8.83637265 3.80577870 0.71348577
8.83039865 3.81163833 0.72047285
8.82445175 3.81747264 0.72739704
8.81853373 3.82327993 0.73425459
8.81264632 3.82905854 0.74104189
8.80679122 3.83480684 0.74775544
8.80097011 3.84052322 0.75439192
8.79518461 3.84620613 0.76094813
8.78943631 3.85185404 0.76742105
8.78372674 3.85746547 0.77380782
8.77805742 3.86303900 0.78010576
8.77242978 3.86857324 0.78631235
8.76684522 3.87406684 0.79242527
8.76130509 3.87951851 0.79844236
8.75581069 3.88492703 0.80436166
8.75036324 3.89029120 0.81018139
8.74496393 3.89560990 0.81589996
8.73961388 3.90088205 0.82151595
8.73431416 3.90610663 0.82702813
8.72906576 3.91128269 0.83243546
8.72386964 3.91640931 0.83773707
8.71872668 3.92148566 0.84293228
8.71363770 3.92651093 0.84802055
8.70860347 3.93148441 0.85300154
8.70362469 3.93640540 0.85787505
8.69870202 3.94127330 0.86264105
8.69383603 3.94608754 0.86729966
8.68902726 3.95084762 0.87185113
8.68427617 3.95555307 0.87629588
8.67958319 3.96020351 0.88063443
8.67494867 3.96479857 0.88486744
8.67037292 3.96933798 0.88899570
8.66585618 3.97382148 0.89302008
8.66139867 3.97824888 0.89694158
8.65700053 3.98262003 0.90076131
8.65266186 3.98693482 0.90448043
8.64838272 3.99119320 0.90810022
8.64416312 3.99539515 0.91162201
8.64000301 3.99954071 0.91504724
8.63590233 4.00362993 0.91837736
8.63186096 4.00766292 0.92161391
8.62787873 4.01163983 0.92475849
8.62395545 4.01556082 0.92781272
8.62009090 4.01942612 0.93077828
8.61628480 4.02323595 0.93365685
8.61253687 4.02699060 0.93645018
8.60884677 4.03069037 0.93916002
8.60521415 4.03433557 0.94178815
8.60163862 4.03792657 0.94433634
8.59811979 4.04146374 0.94680639
8.59465721 4.04494747 0.94920011
8.59125043 4.04837820 0.95151929
8.58789898 4.05175635 0.95376573
8.58460236 4.05508238 0.95594123
8.58136005 4.05835678 0.95804758
8.57817153 4.06158002 0.96008653
8.57503626 4.06475261 0.96205987
8.57195366 4.06787506 0.96396932
8.56892318 4.07094791 0.96581660
8.56594423 4.07397170 0.96760343
8.56301622 4.07694696 0.96933149
8.56013853 4.07987425 0.97100242
8.55731057 4.08275414 0.97261786
8.55453172 4.08558721 0.97417940
8.55180134 4.08837401 0.97568864
8.54911882 4.09111514 0.97714710
8.54648351 4.09381117 0.97855632
8.54389479 4.09646270 0.97991777
8.54135200 4.09907031 0.98123290
8.53885452 4.10163459 0.98250315
8.53640170 4.10415614 0.98372990
8.53399290 4.10663555 0.98491451
8.53162746 4.10907341 0.98605831
8.52930476 4.11147030 0.98716259
8.52702415 4.11382682 0.98822862
8.52478499 4.11614357 0.98925763
8.52258664 4.11842111 0.99025081
8.52042848 4.12066004 0.99120933
8.51830987 4.12286094 0.99213433
8.51623019 4.12502437 0.99302692
8.51418881 4.12715092 0.99388816
8.51218511 4.12924115 0.99471910
8.51021849 4.13129563 0.99552075
8.50828833 4.13331492 0.99629409
8.50639403 4.13529956 0.99704009
8.50453499 4.13725011 0.99775967
8.50271062 4.13916712 0.99845372
8.50092034 4.14105112 0.99912312
8.49916357 4.14290264 0.99976871
8.49743972 4.14472222 1.00039131
8.49574825 4.14651037 1.00099171
8.49408858 4.14826761 1.00157069
8.49246016 4.14999444 1.00212898
8.49086245 4.15169138 1.00266730
8.48929490 4.15335891 1.00318635
8.48775699 4.15499753 1.00368681
8.48624819 4.15660772 1.00416932
8.48476798 4.15818996 1.00463452
8.48331584 4.15974471 1.00508302
8.48189128 4.16127245 1.00551540
8.48049380 4.16277363 1.00593223
8.47912290 4.16424870 1.00633407
8.47777811 4.16569810 1.00672144
8.47645895 4.16712229 1.00709486
8.47516496 4.16852167 1.00745483
8.47389566 4.16989669 1.00780182
8.47265061 4.17124776 1.00813630
8.47142937 4.17257529 1.00845872
8.47023148 4.17387969 1.00876950
8.46905652 4.17516136 1.00906907
8.46790407 4.17642069 1.00935782
8.46677370 4.17765806 1.00963614
8.46566501 4.17887387 1.00990442
8.46457758 4.18006848 1.01016300
8.46351103 4.18124227 1.01041223
8.46246495 4.18239559 1.01065247
8.46143897 4.18352880 1.01088402
8.46043271 4.18464225 1.01110720
8.45944580 4.18573630 1.01132231
8.45847786 4.18681127 1.01152965
8.45752854 4.18786751 1.01172949
8.45659750 4.18890533 1.01192211
8.45568438 4.18992507 1.01210777
8.45478884 4.19092703 1.01228671
8.45391055 4.19191154 1.01245919
8.45304918 4.19287889 1.01262543
8.45220441 4.19382939 1.01278567
8.45137592 4.19476333 1.01294011
8.45056340 4.19568101 1.01308897
8.44976655 4.19658271 1.01323246
8.44898507 4.19746871 1.01337076
8.44821866 4.19833929 1.01350406
8.44746703 4.19919472 1.01363255
8.44672990 4.20003526 1.01375640
8.44600700 4.20086118 1.01387577
8.44529804 4.20167273 1.01399084
8.44460277 4.20247017 1.01410175
8.44392092 4.20325374 1.01420866
8.44325223 4.20402370 1.01431171
8.44259644 4.20478027 1.01441104
8.44195332 4.20552369 1.01450679
8.44132261 4.20625420 1.01459909
8.44070407 4.20697202 1.01468806
8.44009748 4.20767738 1.01477382
8.43950259 4.20837049 1.01485649
8.43891920 4.20905157 1.01493618
8.43834706 4.20972083 1.01501300
8.43778597 4.21037848 1.01508705
8.43723572 4.21102472 1.01515844
8.43669608 4.21165975 1.01522725
8.43616687 4.21228378 1.01529359
8.43564787 4.21289698 1.01535755
8.43513889 4.21349956 1.01541920
8.43463973 4.21409170 1.01547863
8.43415021 4.21467359 1.01553593
8.43367014 4.21524539 1.01559117
8.43319933 4.21580730 1.01564442
8.43273761 4.21635948 1.01569576
8.43228480 4.21690210 1.01574525
8.43184073 4.21743533 1.01579297
8.43140523 4.21795934 1.01583898
8.43097813 4.21847428 1.01588333
8.43055927 4.21898032 1.01592609
8.43014848 4.21947761 1.01596732
8.42974563 4.21996631 1.01600707
8.42935054 4.22044656 1.01604539
8.42896307 4.22091852 1.01608234
8.42858307 4.22138232 1.01611797
8.42821040 4.22183811 1.01615232
8.42784492 4.22228603 1.01618544
8.42748648 4.22272622 1.01621737
8.42713495 4.22315881 1.01624816
8.42679020 4.22358394 1.01627785
8.42645209 4.22400173 1.01630647
8.42612050 4.22441231 1.01633408
8.42579529 4.22481582 1.01636069
8.42547635 4.22521236 1.01638636
8.42516355 4.22560207 1.01641110
8.42485678 4.22598507 1.01643496
8.42455592 4.22636146 1.01645797
8.42426085 4.22673136 1.01648016
8.42397146 4.22709490 1.01650156
8.42368764 4.22745217 1.01652219
8.42340929 4.22780329 1.01654209
8.42313629 4.22814836 1.01656127
8.42286855 4.22848749 1.01657977
8.42260596 4.22882079 1.01659761
8.42234842 4.22914834 1.01661482
8.42209583 4.22947026 1.01663141
8.42184811 4.22978665 1.01664742
8.42160514 4.23009759 1.01666285
8.42136685 4.23040318 1.01667773
8.42113314 4.23070351 1.01669208
8.42090393 4.23099869 1.01670592
8.42067912 4.23128878 1.01671927
8.42045863 4.23157389 1.01673214
8.42024237 4.23185410 1.01674456
8.42003028 4.23212950 1.01675653
8.41982225 4.23240016 1.01676808
8.41961822 4.23266617 1.01677922
8.41941812 4.23292761 1.01678996
8.41922185 4.23318456 1.01680032
8.41902935 4.23343710 1.01681032
8.41884055 4.23368530 1.01681996
8.41865537 4.23392924 1.01682925
8.41847375 4.23416899 1.01683822
8.41829561 4.23440462 1.01684686
8.41812088 4.23463621 1.01685521
8.41794952 4.23486383 1.01686325
8.41778143 4.23508753 1.01687101
8.41761657 4.23530740 1.01687849
8.41745488 4.23552350 1.01688571
8.41729628 4.23573589 1.01689268
8.41714072 4.23594464 1.01689939
8.41698815 4.23614980 1.01690587
8.41683850 4.23635145 1.01691212
8.41669171 4.23654964 1.01691815
8.41654774 4.23674443 1.01692396
8.41640653 4.23693588 1.01692957
8.41626802 4.23712405 1.01693498
8.41613217 4.23730899 1.01694020
8.41599891 4.23749076 1.01694524
8.41586821 4.23766941 1.01695009
8.41574001 4.23784500 1.01695478
8.41561426 4.23801759 1.01695930
8.41549092 4.23818721 1.01696366
8.41536994 4.23835393 1.01696786
8.41525128 4.23851779 1.01697192
8.41513488 4.23867885 1.01697583
8.41502071 4.23883714 1.01697961
8.41490873 4.23899273 1.01698325
8.41479888 4.23914564 1.01698676
8.41469114 4.23929594 1.01699015
8.41458546 4.23944366 1.01699342
8.41448179 4.23958886 1.01699658
8.41438011 4.23973156 1.01699962
8.41428037 4.23987183 1.01700256
8.41418253 4.24000969 1.01700539
8.41408657 4.24014518 1.01700812
8.41399244 4.24027836 1.01701076
8.41390010 4.24040926 1.01701330
8.41380953 4.24053792 1.01701575
8.41372069 4.24066437 1.01701812
8.41363354 4.24078866 1.01702040
8.41354806 4.24091082 1.01702261
8.41346420 4.24103089 1.01702473
8.41338195 4.24114891 1.01702678
8.41330127 4.24126490 1.01702876
8.41322212 4.24137891 1.01703067
8.41314449 4.24149097 1.01703251
8.41306834 4.24160111 1.01703429
8.41299364 4.24170936 1.01703601
8.41292036 4.24181576 1.01703766
8.41284848 4.24192034 1.01703926
8.41277797 4.24202313 1.01704080
8.41270880 4.24212416 1.01704228
8.41264095 4.24222347 1.01704372
8.41257440 4.24232107 1.01704510
8.41250911 4.24241700 1.01704643
8.41244507 4.24251129 1.01704772
8.41238224 4.24260397 1.01704896
8.41232061 4.24269506 1.01705016
8.41226016 4.24278459 1.01705132
8.41220085 4.24287259 1.01705243
8.41214268 4.24295908 1.01705351
8.41208561 4.24304410 1.01705455
8.41202963 4.24312766 1.01705555
8.41197471 4.24320979 1.01705652
8.41192084 4.24329051 1.01705745
8.41186799 4.24336985 1.01705836
8.41181615 4.24344784 1.01705922
8.41176529 4.24352449 1.01706006
8.41171540 4.24359983 1.01706087
8.41166646 4.24367388 1.01706165
8.41161845 4.24374666 1.01706241
8.41157135 4.24381820 1.01706313
8.41152515 4.24388852 1.01706384
8.41147982 4.24395763 1.01706451
8.41143536 4.24402556 1.01706517
8.41139174 4.24409232 1.01706580
8.41134894 4.24415795 1.01706640
8.41130697 4.24422245 1.01706699
8.41126578 4.24428584 1.01706756
8.41122538 4.24434816 1.01706810
8.41118575 4.24440940 1.01706863
8.41114687 4.24446960 1.01706914
8.41110873 4.24452877 1.01706963
8.41107131 4.24458693 1.01707011
8.41103460 4.24464409 1.01707056
8.41099859 4.24470027 1.01707101
8.41096326 4.24475549 1.01707143
8.41092860 4.24480977 1.01707184
8.41089459 4.24486312 1.01707224
8.41086124 4.24491556 1.01707262
8.41082851 4.24496709 1.01707299
8.41079641 4.24501775 1.01707335
8.41076491 4.24506754 1.01707369
8.41073401 4.24511648 1.01707402
8.41070370 4.24516458 1.01707434
8.41067396 4.24521185 1.01707465
8.41064478 4.24525832 1.01707495
8.41061616 4.24530400 1.01707524
8.41058807 4.24534889 1.01707552
8.41056052 4.24539301 1.01707579
8.41053350 4.24543638 1.01707605
8.41050698 4.24547900 1.01707629
8.41048096 4.24552090 1.01707654
8.41045544 4.24556208 1.01707677
8.41043040 4.24560255 1.01707699
8.41040583 4.24564234 1.01707721
8.41038173 4.24568144 1.01707742
8.41035809 4.24571987 1.01707762
8.41033489 4.24575764 1.01707782
8.41031213 4.24579477 1.01707800
8.41028980 4.24583126 1.01707818
8.41026789 4.24586713 1.01707836
8.41024640 4.24590238 1.01707853
8.41022532 4.24593703 1.01707869
8.41020463 4.24597109 1.01707885
8.41018433 4.24600456 1.01707900
8.41016442 4.24603747 1.01707915
8.41014488 4.24606980 1.01707929
8.41012571 4.24610159 1.01707943
8.41010690 4.24613283 1.01707956
8.41008845 4.24616353 1.01707968
8.41007035 4.24619371 1.01707981
8.41005259 4.24622338 1.01707993
8.41003516 4.24625253 1.01708004
8.41001807 4.24628119 1.01708015
8.41000129 4.24630935 1.01708026
8.40998483 4.24633704 1.01708036
8.40996869 4.24636425 1.01708046
8.40995284 4.24639099 1.01708056
8.40993730 4.24641727 1.01708065
8.40992205 4.24644311 1.01708074
8.40990709 4.24646850 1.01708082
8.40989240 4.24649346 1.01708091
8.40987800 4.24651799 1.01708099
8.40986387 4.24654210 1.01708106
8.40985000 4.24656580 1.01708114
8.40983640 4.24658909 1.01708121
8.40982305 4.24661198 1.01708128
8.40980995 4.24663448 1.01708135
8.40979710 4.24665660 1.01708141
8.40978449 4.24667834 1.01708147
8.40977212 4.24669970 1.01708154
8.40975998 4.24672070 1.01708159
8.40974807 4.24674134 1.01708165
8.40973639 4.24676162 1.01708170
8.40972492 4.24678156 1.01708176
8.40971367 4.24680116 1.01708181
8.40970264 4.24682042 1.01708186
8.40969180 4.24683935 1.01708190
8.40968118 4.24685795 1.01708195
8.40967075 4.24687624 1.01708199
8.40966052 4.24689422 1.01708203
8.40965048 4.24691188 1.01708208
8.40964063 4.24692924 1.01708212
8.40963097 4.24694631 1.01708215
8.40962149 4.24696308 1.01708219
8.40961218 4.24697957 1.01708223
8.40960305 4.24699577 1.01708226
8.40959410 4.24701170 1.01708229
8.40958531 4.24702735 1.01708233
8.40957668 4.24704274 1.01708236
8.40956822 4.24705786 1.01708239
8.40955992 4.24707272 1.01708241
8.40955177 4.24708733 1.01708244
8.40954378 4.24710169 1.01708247
8.40953593 4.24711580 1.01708249
8.40952824 4.24712966 1.01708252
8.40952068 4.24714330 1.01708254
8.40951327 4.24715669 1.01708257
8.40950600 4.24716986 1.01708259
8.40949887 4.24718280 1.01708261
8.40949186 4.24719552 1.01708263
8.40948499 4.24720803 1.01708265
8.40947825 4.24722031 1.01708267
8.40947164 4.24723239 1.01708269
8.40946515 4.24724426 1.01708271
8.40945878 4.24725593 1.01708273
8.40945253 4.24726740 1.01708274
8.40944640 4.24727867 1.01708276
8.40944038 4.24728974 1.01708278
8.40943448 4.24730063 1.01708279
8.40942868 4.24731133 1.01708280
8.40942300 4.24732185 1.01708282
8.40941742 4.24733218 1.01708283
8.40941194 4.24734234 1.01708285
8.40940657 4.24735233 1.01708286
8.40940130 4.24736214 1.01708287
8.40939613 4.24737179 1.01708288
8.40939105 4.24738127 1.01708289
8.40938607 4.24739058 1.01708291
8.40938118 4.24739974 1.01708292
8.40937639 4.24740874 1.01708293
