4.31620835 5.23121938 0.31142716
4.31464449 5.23467465 0.31287083
4.31304025 5.23814184 0.31433571
4.31139512 5.24162119 0.31582253
4.30970855 5.24511300 0.31733201
4.30797999 5.24861752 0.31886492
4.30620890 5.25213503 0.32042203
4.30439474 5.25566582 0.32200415
4.30253696 5.25921016 0.32361208
4.30063501 5.26276834 0.32524665
4.29868833 5.26634065 0.32690873
4.29669637 5.26992739 0.32859919
4.29465859 5.27352884 0.33031893
4.29257442 5.27714530 0.33206884
4.29044331 5.28077707 0.33384988
4.28826471 5.28442446 0.33566299
4.28603806 5.28808776 0.33750914
4.28376282 5.29176727 0.33938933
4.28143844 5.29546331 0.34130457
4.27906436 5.29917618 0.34325588
4.27664005 5.30290619 0.34524432
4.27416496 5.30665364 0.34727095
4.27163855 5.31041885 0.34933685
4.26906030 5.31420211 0.35144313
4.26642967 5.31800373 0.35359089
4.26374614 5.32182403 0.35578129
4.26100919 5.32566330 0.35801546
4.25821832 5.32952184 0.36029456
4.25537303 5.33339995 0.36261978
4.25247282 5.33729793 0.36499230
4.24951721 5.34121608 0.36741332
4.24650573 5.34515467 0.36988405
4.24343792 5.34911399 0.37240570
4.24031332 5.35309433 0.37497950
4.23713151 5.35709594 0.37760668
4.23389205 5.36111911 0.38028848
4.23059455 5.36516409 0.38302613
4.22723861 5.36923113 0.38582086
4.22382385 5.37332046 0.38867391
4.22034993 5.37743234 0.39158650
4.21681650 5.38156697 0.39455987
4.21322325 5.38572457 0.39759521
4.20956989 5.38990534 0.40069374
4.20585615 5.39410948 0.40385663
4.20208177 5.39833714 0.40708505
4.19824655 5.40258850 0.41038015
4.19435028 5.40686370 0.41374304
4.19039280 5.41116286 0.41717483
4.18637399 5.41548610 0.42067656
4.18229372 5.41983351 0.42424927
4.17815194 5.42420517 0.42789393
4.17394861 5.42860112 0.43161150
4.16968372 5.43302141 0.43540285
4.16535731 5.43746603 0.43926884
4.16096945 5.44193498 0.44321024
4.15652027 5.44642822 0.44722779
4.15200991 5.45094569 0.45132212
4.14743858 5.45548729 0.45549382
4.14280652 5.46005290 0.45974341
4.13811402 5.46464239 0.46407130
4.13336141 5.46925557 0.46847784
4.12854908 5.47389224 0.47296328
4.12367747 5.47855216 0.47752775
4.11874707 5.48323505 0.48217133
4.11375841 5.48794061 0.48689394
4.10871209 5.49266850 0.49169542
4.10360875 5.49741834 0.49657549
4.09844911 5.50218973 0.50153374
4.09323392 5.50698221 0.50656964
4.08796400 5.51179529 0.51168252
4.08264024 5.51662845 0.51687161
4.07726357 5.52148112 0.52213595
4.07183498 5.52635270 0.52747449
4.06635555 5.53124255 0.53288600
4.06082638 5.53614998 0.53836911
4.05524866 5.54107426 0.54392233
4.04962363 5.54601462 0.54954398
4.04395260 5.55097027 0.55523224
4.03823692 5.55594035 0.56098515
4.03247803 5.56092398 0.56680058
4.02667740 5.56592023 0.57267625
4.02083658 5.57092812 0.57860975
4.01495716 5.57594666 0.58459848
4.00904082 5.58097481 0.59063972
4.00308925 5.58601147 0.59673060
3.99710422 5.59105553 0.60286810
3.99108757 5.59610584 0.60904907
3.98504114 5.60116122 0.61527022
3.97896687 5.60622043 0.62152814
3.97286671 5.61128225 0.62781931
3.96674268 5.61634537 0.63414006
3.96059682 5.62140851 0.64048666
3.95443121 5.62647032 0.64685525
3.94824797 5.63152945 0.65324191
3.94204927 5.63658454 0.65964260
3.93583728 5.64163417 0.66605326
3.92961420 5.64667695 0.67246974
3.92338226 5.65171145 0.67888786
3.91714371 5.65673624 0.68530338
3.91090081 5.66174987 0.69171208
3.90465583 5.66675088 0.69810968
3.89841104 5.67173784 0.70449193
3.89216873 5.67670929 0.71085459
3.88593116 5.68166377 0.71719344
3.87970061 5.68659984 0.72350429
3.87347934 5.69151607 0.72978300
3.86726961 5.69641103 0.73602550
3.86107363 5.70128331 0.74222779
3.85489362 5.70613151 0.74838594
3.84873176 5.71095426 0.75449613
3.84259021 5.71575020 0.76055464
3.83647108 5.72051800 0.76655785
3.83037647 5.72525637 0.77250228
3.82430843 5.72996402 0.77838458
3.81826894 5.73463971 0.78420151
3.81225998 5.73928224 0.78995002
3.80628346 5.74389043 0.79562719
3.80034122 5.74846315 0.80123024
3.79443508 5.75299929 0.80675658
3.78856678 5.75749780 0.81220379
3.78273802 5.76195766 0.81756958
3.77695042 5.76637791 0.82285188
3.77120555 5.77075761 0.82804876
3.76550492 5.77509588 0.83315848
3.75984996 5.77939189 0.83817948
3.75424206 5.78364485 0.84311034
3.74868252 5.78785400 0.84794986
3.74317258 5.79201867 0.85269697
3.73771341 5.79613820 0.85735080
3.73230613 5.80021199 0.86191062
3.72695176 5.80423948 0.86637586
3.72165128 5.80822018 0.87074614
3.71640560 5.81215363 0.87502118
3.71121555 5.81603942 0.87920090
3.70608189 5.81987717 0.88328533
3.70100535 5.82366658 0.88727464
3.69598654 5.82740737 0.89116913
3.69102606 5.83109930 0.89496923
3.68612442 5.83474219 0.89867549
3.68128206 5.83833589 0.90228855
3.67649939 5.84188030 0.90580919
3.67177675 5.84537534 0.90923826
3.66711440 5.84882100 0.91257670
3.66251258 5.85221728 0.91582556
3.65797145 5.85556422 0.91898594
3.65349115 5.85886191 0.92205904
3.64907173 5.86211046 0.92504610
3.64471323 5.86531001 0.92794843
3.64041561 5.86846074 0.93076741
3.63617881 5.87156285 0.93350444
3.63200272 5.87461658 0.93616098
3.62788719 5.87762217 0.93873852
3.62383203 5.88057993 0.94123859
3.61983701 5.88349014 0.94366274
3.61590188 5.88635315 0.94601255
3.61202633 5.88916930 0.94828960
3.60821005 5.89193896 0.95049550
3.60445268 5.89466252 0.95263187
3.60075384 5.89734039 0.95470033
3.59711311 5.89997298 0.95670249
3.59353006 5.90256074 0.95863999
3.59000424 5.90510411 0.96051443
3.58653517 5.90760355 0.96232743
3.58312235 5.91005955 0.96408058
3.57976526 5.91247257 0.96577548
3.57646337 5.91484313 0.96741370
3.57321614 5.91717171 0.96899679
3.57002299 5.91945884 0.97052629
3.56688336 5.92170502 0.97200371
3.56379665 5.92391078 0.97343056
3.56076227 5.92607664 0.97480830
3.55777961 5.92820314 0.97613839
3.55484805 5.93029081 0.97742225
3.55196697 5.93234019 0.97866126
3.54913574 5.93435182 0.97985681
3.54635372 5.93632623 0.98101024
3.54362027 5.93826398 0.98212285
3.54093476 5.94016560 0.98319594
3.53829653 5.94203163 0.98423076
3.53570494 5.94386262 0.98522853
3.53315933 5.94565910 0.98619046
3.53065906 5.94742162 0.98711772
3.52820348 5.94915071 0.98801143
3.52579193 5.95084690 0.98887272
3.52342377 5.95251072 0.98970267
3.52109835 5.95414270 0.99050231
3.51881502 5.95574337 0.99127269
3.51657315 5.95731324 0.99201479
3.51437209 5.95885283 0.99272958
3.51221121 5.96036265 0.99341800
3.51008988 5.96184321 0.99408095
3.50800747 5.96329501 0.99471933
3.50596336 5.96471855 0.99533399
3.50395692 5.96611432 0.99592577
3.50198755 5.96748280 0.99649546
3.50005464 5.96882448 0.99704386
3.49815759 5.97013984 0.99757171
3.49629580 5.97142933 0.99807975
3.49446867 5.97269344 0.99856870
3.49267564 5.97393261 0.99903923
3.49091611 5.97514730 0.99949202
3.48918953 5.97633795 0.99992769
3.48749531 5.97750501 1.00034689
3.48583292 5.97864891 1.00075019
3.48420179 5.97977008 1.00113820
3.48260138 5.98086893 1.00151146
3.48103115 5.98194589 1.00187052
3.47949058 5.98300136 1.00221590
3.47797915 5.98403576 1.00254811
3.47649633 5.98504946 1.00286763
3.47504162 5.98604288 1.00317494
3.47361451 5.98701638 1.00347049
3.47221452 5.98797036 1.00375472
3.47084116 5.98890518 1.00402805
3.46949393 5.98982120 1.00429089
3.46817239 5.99071880 1.00454363
3.46687605 5.99159832 1.00478665
3.46560446 5.99246012 1.00502032
3.46435716 5.99330453 1.00524499
3.46313372 5.99413190 1.00546100
3.46193370 5.99494255 1.00566868
3.46075666 5.99573681 1.00586834
3.45960218 5.99651500 1.00606029
3.45846984 5.99727743 1.00624482
3.45735925 5.99802441 1.00642221
3.45626998 5.99875626 1.00659273
3.45520165 5.99947325 1.00675666
3.45415387 6.00017569 1.00691423
3.45312625 6.00086386 1.00706569
3.45211842 6.00153805 1.00721127
3.45113000 6.00219853 1.00735121
3.45016063 6.00284557 1.00748571
3.44920995 6.00347944 1.00761499
3.44827762 6.00410041 1.00773924
3.44736329 6.00470872 1.00785866
3.44646661 6.00530463 1.00797343
3.44558725 6.00588839 1.00808374
3.44472490 6.00646024 1.00818976
3.44387921 6.00702041 1.00829164
3.44304988 6.00756915 1.00838956
3.44223661 6.00810668 1.00848366
3.44143907 6.00863323 1.00857409
3.44065697 6.00914901 1.00866100
3.43989003 6.00965424 1.00874452
3.43913794 6.01014914 1.00882477
3.43840044 6.01063391 1.00890190
3.43767723 6.01110876 1.00897601
3.43696804 6.01157388 1.00904723
3.43627261 6.01202948 1.00911567
3.43559068 6.01247574 1.00918143
3.43492198 6.01291286 1.00924462
3.43426626 6.01334101 1.00930535
3.43362327 6.01376038 1.00936369
3.43299277 6.01417115 1.00941976
3.43237452 6.01457350 1.00947364
3.43176828 6.01496758 1.00952540
3.43117382 6.01535358 1.00957514
3.43059091 6.01573165 1.00962294
3.43001934 6.01610195 1.00966886
3.42945888 6.01646465 1.00971299
3.42890931 6.01681989 1.00975539
3.42837044 6.01716784 1.00979612
3.42784205 6.01750863 1.00983527
3.42732394 6.01784241 1.00987288
3.42681591 6.01816933 1.00990901
3.42631776 6.01848953 1.00994373
3.42582932 6.01880314 1.00997709
3.42535037 6.01911030 1.01000915
3.42488076 6.01941113 1.01003994
3.42442028 6.01970577 1.01006953
3.42396878 6.01999435 1.01009796
3.42352606 6.02027698 1.01012528
3.42309197 6.02055379 1.01015152
3.42266633 6.02082490 1.01017673
3.42224899 6.02109043 1.01020096
3.42183977 6.02135048 1.01022424
3.42143853 6.02160518 1.01024660
3.42104510 6.02185462 1.01026808
3.42065934 6.02209893 1.01028873
3.42028110 6.02233819 1.01030856
3.41991023 6.02257252 1.01032761
3.41954659 6.02280202 1.01034592
3.41919003 6.02302679 1.01036351
3.41884042 6.02324692 1.01038041
3.41849763 6.02346250 1.01039665
3.41816152 6.02367364 1.01041224
3.41783197 6.02388042 1.01042723
3.41750884 6.02408293 1.01044163
3.41719201 6.02428126 1.01045546
3.41688135 6.02447550 1.01046875
3.41657675 6.02466572 1.01048152
3.41627810 6.02485202 1.01049379
3.41598526 6.02503447 1.01050558
3.41569814 6.02521315 1.01051690
3.41541661 6.02538814 1.01052778
3.41514058 6.02555951 1.01053823
3.41486993 6.02572734 1.01054827
3.41460456 6.02589171 1.01055792
3.41434436 6.02605267 1.01056719
3.41408924 6.02621031 1.01057609
3.41383909 6.02636469 1.01058465
3.41359382 6.02651588 1.01059287
3.41335334 6.02666394 1.01060076
3.41311754 6.02680894 1.01060835
3.41288635 6.02695094 1.01061564
3.41265966 6.02709000 1.01062264
3.41243740 6.02722618 1.01062937
3.41221947 6.02735955 1.01063583
3.41200579 6.02749016 1.01064204
3.41179628 6.02761806 1.01064800
3.41159086 6.02774332 1.01065374
3.41138944 6.02786599 1.01065924
3.41119195 6.02798611 1.01066453
3.41099832 6.02810375 1.01066961
3.41080846 6.02821895 1.01067450
3.41062231 6.02833177 1.01067919
3.41043978 6.02844225 1.01068370
3.41026082 6.02855044 1.01068803
3.41008535 6.02865639 1.01069219
3.40991330 6.02876015 1.01069618
3.40974460 6.02886176 1.01070002
3.40957920 6.02896126 1.01070371
3.40941702 6.02905870 1.01070726
3.40925801 6.02915412 1.01071066
3.40910210 6.02924756 1.01071393
3.40894922 6.02933906 1.01071707
3.40879933 6.02942867 1.01072009
3.40865237 6.02951642 1.01072299
3.40850827 6.02960235 1.01072578
3.40836698 6.02968650 1.01072846
3.40822845 6.02976890 1.01073103
3.40809261 6.02984959 1.01073350
3.40795943 6.02992861 1.01073588
3.40782885 6.03000599 1.01073816
3.40770081 6.03008177 1.01074035
3.40757527 6.03015597 1.01074246
3.40745218 6.03022863 1.01074448
3.40733148 6.03029979 1.01074642
3.40721315 6.03036946 1.01074829
3.40709711 6.03043770 1.01075008
3.40698335 6.03050451 1.01075181
3.40687180 6.03056994 1.01075346
3.40676242 6.03063400 1.01075505
3.40665518 6.03069674 1.01075658
3.40655003 6.03075818 1.01075805
3.40644693 6.03081834 1.01075946
3.40634584 6.03087724 1.01076082
3.40624672 6.03093493 1.01076212
3.40614954 6.03099142 1.01076337
3.40605425 6.03104673 1.01076457
3.40596081 6.03110089 1.01076573
3.40586920 6.03115393 1.01076684
3.40577938 6.03120586 1.01076790
3.40569130 6.03125672 1.01076893
3.40560495 6.03130652 1.01076991
3.40552027 6.03135528 1.01077085
3.40543725 6.03140303 1.01077176
3.40535584 6.03144978 1.01077264
3.40527603 6.03149557 1.01077347
3.40519776 6.03154040 1.01077428
3.40512103 6.03158429 1.01077505
3.40504579 6.03162728 1.01077580
3.40497201 6.03166937 1.01077651
3.40489968 6.03171058 1.01077720
3.40482875 6.03175094 1.01077786
3.40475921 6.03179045 1.01077849
3.40469102 6.03182915 1.01077910
3.40462416 6.03186704 1.01077968
3.40455860 6.03190414 1.01078024
3.40449432 6.03194046 1.01078078
3.40443130 6.03197603 1.01078130
3.40436950 6.03201086 1.01078180
3.40430890 6.03204497 1.01078228
3.40424949 6.03207836 1.01078274
3.40419124 6.03211106 1.01078318
3.40413411 6.03214307 1.01078361
3.40407811 6.03217442 1.01078401
3.40402319 6.03220512 1.01078441
3.40396934 6.03223517 1.01078478
3.40391655 6.03226460 1.01078514
3.40386478 6.03229342 1.01078549
3.40381402 6.03232164 1.01078583
3.40376425 6.03234926 1.01078615
3.40371544 6.03237631 1.01078645
3.40366759 6.03240280 1.01078675
3.40362067 6.03242873 1.01078704
3.40357467 6.03245413 1.01078731
3.40352956 6.03247899 1.01078757
3.40348533 6.03250333 1.01078782
3.40344196 6.03252717 1.01078807
3.40339943 6.03255051 1.01078830
3.40335774 6.03257336 1.01078852
3.40331685 6.03259573 1.01078874
3.40327677 6.03261764 1.01078894
3.40323746 6.03263909 1.01078914
3.40319892 6.03266009 1.01078933
3.40316113 6.03268066 1.01078952
3.40312407 6.03270079 1.01078969
3.40308774 6.03272050 1.01078986
3.40305211 6.03273980 1.01079003
3.40301718 6.03275870 1.01079018
3.40298292 6.03277721 1.01079033
3.40294934 6.03279532 1.01079048
3.40291640 6.03281306 1.01079061
3.40288411 6.03283043 1.01079075
3.40285245 6.03284743 1.01079088
3.40282140 6.03286408 1.01079100
3.40279096 6.03288038 1.01079112
3.40276111 6.03289634 1.01079123
3.40273184 6.03291196 1.01079134
3.40270315 6.03292726 1.01079144
3.40267501 6.03294224 1.01079154
3.40264741 6.03295691 1.01079164
3.40262036 6.03297126 1.01079173
3.40259383 6.03298532 1.01079182
3.40256782 6.03299909 1.01079191
3.40254231 6.03301256 1.01079199
3.40251730 6.03302575 1.01079207
3.40249278 6.03303867 1.01079215
3.40246873 6.03305132 1.01079222
3.40244515 6.03306370 1.01079229
3.40242203 6.03307582 1.01079236
3.40239936 6.03308769 1.01079242
3.40237713 6.03309931 1.01079248
3.40235534 6.03311068 1.01079254
3.40233396 6.03312182 1.01079260
3.40231301 6.03313273 1.01079266
3.40229246 6.03314340 1.01079271
3.40227231 6.03315385 1.01079276
3.40225255 6.03316409 1.01079281
3.40223318 6.03317410 1.01079286
3.40221418 6.03318391 1.01079290
3.40219555 6.03319351 1.01079295
3.40217729 6.03320292 1.01079299
3.40215938 6.03321212 1.01079303
3.40214182 6.03322113 1.01079307
3.40212460 6.03322995 1.01079310
3.40210772 6.03323859 1.01079314
3.40209116 6.03324704 1.01079317
3.40207492 6.03325532 1.01079321
3.40205901 6.03326342 1.01079324
3.40204340 6.03327135 1.01079327
3.40202809 6.03327912 1.01079330
3.40201308 6.03328672 1.01079333
3.40199836 6.03329417 1.01079335
3.40198393 6.03330146 1.01079338
3.40196978 6.03330859 1.01079340
3.40195591 6.03331557 1.01079343
3.40194230 6.03332241 1.01079345
3.40192896 6.03332911 1.01079347
3.40191588 6.03333566 1.01079349
3.40190305 6.03334207 1.01079351
3.40189048 6.03334835 1.01079353
3.40187814 6.03335450 1.01079355
3.40186605 6.03336052 1.01079357
3.40185419 6.03336641 1.01079359
3.40184256 6.03337218 1.01079360
3.40183116 6.03337783 1.01079362
3.40181998 6.03338335 1.01079364
3.40180902 6.03338877 1.01079365
3.40179827 6.03339406 1.01079366
3.40178772 6.03339925 1.01079368
3.40177739 6.03340433 1.01079369
3.40176725 6.03340930 1.01079370
3.40175731 6.03341416 1.01079372
3.40174757 6.03341892 1.01079373
3.40173801 6.03342359 1.01079374
3.40172864 6.03342815 1.01079375
3.40171945 6.03343262 1.01079376
