1.48672928 3.44062986 0.41316367
1.47966185 3.44101887 0.41818839
1.47255163 3.44138550 0.42327205
1.46539903 3.44172938 0.42841447
1.45820454 3.44205013 0.43361540
1.45096865 3.44234741 0.43887452
1.44369191 3.44262085 0.44419147
1.43637490 3.44287012 0.44956581
1.42901825 3.44309488 0.45499702
1.42162261 3.44329483 0.46048452
1.41418871 3.44346965 0.46602765
1.40671729 3.44361906 0.47162568
1.39920916 3.44374277 0.47727780
1.39166515 3.44384052 0.48298310
1.38408616 3.44391207 0.48874060
1.37647313 3.44395718 0.49454924
1.36882703 3.44397565 0.50040786
1.36114890 3.44396727 0.50631521
1.35343982 3.44393187 0.51226996
1.34570092 3.44386930 0.51827066
1.33793338 3.44377942 0.52431581
1.33013842 3.44366212 0.53040377
1.32231732 3.44351731 0.53653283
1.31447140 3.44334492 0.54270119
1.30660204 3.44314490 0.54890692
1.29871065 3.44291723 0.55514803
1.29079871 3.44266192 0.56142243
1.28286773 3.44237900 0.56772791
1.27491928 3.44206852 0.57406220
1.26695495 3.44173056 0.58042291
1.25897641 3.44136522 0.58680759
1.25098534 3.44097265 0.59321369
1.24298348 3.44055300 0.59963856
1.23497261 3.44010646 0.60607951
1.22695455 3.43963324 0.61253374
1.21893114 3.43913359 0.61899839
1.21090427 3.43860777 0.62547054
1.20287586 3.43805608 0.63194720
1.19484785 3.43747883 0.63842532
1.18682223 3.43687639 0.64490180
1.17880099 3.43624912 0.65137351
1.17078616 3.43559741 0.65783727
1.16277979 3.43492171 0.66428987
1.15478392 3.43422245 0.67072807
1.14680065 3.43350010 0.67714863
1.13883204 3.43275517 0.68354828
1.13088020 3.43198816 0.68992376
1.12294723 3.43119962 0.69627181
1.11503521 3.43039011 0.70258920
1.10714625 3.42956021 0.70887270
1.09928243 3.42871050 0.71511912
1.09144583 3.42784161 0.72132532
1.08363853 3.42695416 0.72748818
1.07586258 3.42604880 0.73360465
1.06812000 3.42512617 0.73967173
1.06041281 3.42418696 0.74568652
1.05274299 3.42323184 0.75164615
1.04511249 3.42226150 0.75754786
1.03752324 3.42127664 0.76338898
1.02997712 3.42027796 0.76916693
1.02247599 3.41926617 0.77487922
1.01502164 3.41824198 0.78052348
1.00761585 3.41720611 0.78609744
1.00026033 3.41615927 0.79159897
0.99295674 3.41510219 0.79702602
0.98570671 3.41403558 0.80237670
0.97851179 3.41296015 0.80764922
0.97137351 3.41187661 0.81284193
0.96429330 3.41078567 0.81795331
0.95727256 3.40968803 0.82298197
0.95031262 3.40858437 0.82792665
0.94341477 3.40747538 0.83278621
0.93658020 3.40636174 0.83755967
0.92981007 3.40524411 0.84224616
0.92310546 3.40412313 0.84684494
0.91646738 3.40299946 0.85135542
0.90989680 3.40187372 0.85577711
0.90339461 3.40074653 0.86010965
0.89696162 3.39961848 0.86435282
0.89059861 3.39849017 0.86850650
0.88430627 3.39736216 0.87257069
0.87808524 3.39623502 0.87654551
0.87193608 3.39510927 0.88043116
0.86585931 3.39398545 0.88422797
0.85985537 3.39286405 0.88793637
0.85392466 3.39174558 0.89155687
0.84806750 3.39063050 0.89509008
0.84228415 3.38951927 0.89853668
0.83657485 3.38841233 0.90189744
0.83093974 3.38731010 0.90517322
0.82537892 3.38621298 0.90836493
0.81989246 3.38512136 0.91147355
0.81448035 3.38403560 0.91450013
0.80914255 3.38295607 0.91744577
0.80387896 3.38188309 0.92031161
0.79868944 3.38081698 0.92309887
0.79357380 3.37975805 0.92580878
0.78853183 3.37870658 0.92844262
0.78356324 3.37766284 0.93100170
0.77866775 3.37662708 0.93348737
0.77384499 3.37559954 0.93590099
0.76909460 3.37458045 0.93824396
0.76441617 3.37357002 0.94051769
0.75980924 3.37256843 0.94272360
0.75527335 3.37157587 0.94486312
0.75080799 3.37059250 0.94693770
0.74641263 3.36961848 0.94894878
0.74208673 3.36865395 0.95089782
0.73782970 3.36769904 0.95278626
0.73364094 3.36675386 0.95461554
0.72951984 3.36581852 0.95638712
0.72546575 3.36489310 0.95810243
0.72147802 3.36397770 0.95976288
0.71755598 3.36307238 0.96136988
0.71369894 3.36217721 0.96292485
0.70990621 3.36129223 0.96442915
0.70617706 3.36041750 0.96588416
0.70251077 3.35955304 0.96729123
0.69890662 3.35869888 0.96865169
0.69536386 3.35785503 0.96996684
0.69188175 3.35702152 0.97123798
0.68845952 3.35619834 0.97246638
0.68509641 3.35538548 0.97365327
0.68179167 3.35458293 0.97479989
0.67854452 3.35379068 0.97590743
0.67535418 3.35300871 0.97697707
0.67221990 3.35223697 0.97800995
0.66914088 3.35147545 0.97900721
0.66611636 3.35072409 0.97996993
0.66314556 3.34998286 0.98089921
0.66022771 3.34925170 0.98179608
0.65736203 3.34853057 0.98266157
0.65454775 3.34781939 0.98349669
0.65178411 3.34711812 0.98430241
0.64907034 3.34642669 0.98507967
0.64640569 3.34574502 0.98582941
0.64378938 3.34507306 0.98655252
0.64122068 3.34441071 0.98724988
0.63869884 3.34375791 0.98792235
0.63622310 3.34311459 0.98857074
0.63379274 3.34248064 0.98919588
0.63140703 3.34185600 0.98979853
0.62906525 3.34124058 0.99037946
0.62676667 3.34063429 0.99093941
0.62451058 3.34003703 0.99147910
0.62229629 3.33944873 0.99199921
0.62012309 3.33886929 0.99250042
0.61799030 3.33829862 0.99298338
0.61589724 3.33773662 0.99344873
0.61384322 3.33718320 0.99389708
0.61182760 3.33663827 0.99432902
0.60984970 3.33610172 0.99474513
0.60790888 3.33557346 0.99514596
0.60600450 3.33505340 0.99553206
0.60413592 3.33454144 0.99590394
0.60230252 3.33403747 0.99626210
0.60050368 3.33354141 0.99660704
0.59873880 3.33305316 0.99693923
0.59700727 3.33257260 0.99725913
0.59530850 3.33209966 0.99756717
0.59364191 3.33163423 0.99786378
0.59200692 3.33117622 0.99814937
0.59040297 3.33072552 0.99842434
0.58882950 3.33028204 0.99868908
0.58728596 3.32984568 0.99894395
0.58577181 3.32941635 0.99918931
0.58428651 3.32899395 0.99942552
0.58282954 3.32857839 0.99965290
0.58140039 3.32816957 0.99987177
0.57999854 3.32776740 1.00008245
0.57862350 3.32737178 1.00028524
0.57727476 3.32698263 1.00048043
0.57595186 3.32659984 1.00066829
0.57465430 3.32622333 1.00084910
0.57338163 3.32585302 1.00102312
0.57213338 3.32548879 1.00119059
0.57090910 3.32513058 1.00135177
0.56970834 3.32477829 1.00150687
0.56853066 3.32443183 1.00165613
0.56737563 3.32409112 1.00179977
0.56624284 3.32375607 1.00193799
0.56513186 3.32342659 1.00207099
0.56404228 3.32310261 1.00219898
0.56297370 3.32278403 1.00232213
0.56192573 3.32247079 1.00244062
0.56089799 3.32216278 1.00255463
0.55989007 3.32185994 1.00266434
0.55890163 3.32156219 1.00276989
0.55793227 3.32126945 1.00287144
0.55698166 3.32098163 1.00296915
0.55604942 3.32069866 1.00306316
0.55513521 3.32042048 1.00315360
0.55423869 3.32014699 1.00324061
0.55335952 3.31987813 1.00332432
0.55249737 3.31961383 1.00340486
0.55165192 3.31935401 1.00348234
0.55082285 3.31909860 1.00355688
0.55000984 3.31884753 1.00362859
0.54921260 3.31860074 1.00369757
0.54843081 3.31835815 1.00376393
0.54766419 3.31811969 1.00382777
0.54691244 3.31788531 1.00388918
0.54617528 3.31765493 1.00394825
0.54545242 3.31742849 1.00400508
0.54474360 3.31720592 1.00405975
0.54404854 3.31698717 1.00411233
0.54336699 3.31677217 1.00416292
0.54269867 3.31656085 1.00421158
0.54204334 3.31635317 1.00425838
0.54140075 3.31614906 1.00430340
0.54077065 3.31594846 1.00434671
0.54015279 3.31575131 1.00438836
0.53954696 3.31555756 1.00442843
0.53895290 3.31536715 1.00446697
0.53837040 3.31518003 1.00450405
0.53779924 3.31499614 1.00453970
0.53723918 3.31481542 1.00457400
0.53669003 3.31463783 1.00460699
0.53615156 3.31446332 1.00463872
0.53562358 3.31429182 1.00466925
0.53510587 3.31412330 1.00469860
0.53459825 3.31395770 1.00472684
0.53410051 3.31379497 1.00475400
0.53361246 3.31363507 1.00478012
0.53313392 3.31347794 1.00480524
0.53266471 3.31332355 1.00482941
0.53220463 3.31317184 1.00485265
0.53175352 3.31302277 1.00487500
0.53131120 3.31287629 1.00489650
0.53087750 3.31273237 1.00491718
0.53045225 3.31259095 1.00493707
0.53003529 3.31245200 1.00495620
0.52962645 3.31231548 1.00497460
0.52922559 3.31218133 1.00499230
0.52883255 3.31204953 1.00500932
0.52844716 3.31192004 1.00502569
0.52806929 3.31179280 1.00504143
0.52769879 3.31166780 1.00505658
0.52733552 3.31154497 1.00507114
0.52697933 3.31142430 1.00508515
0.52663009 3.31130575 1.00509862
0.52628766 3.31118927 1.00511157
0.52595190 3.31107483 1.00512403
0.52562270 3.31096239 1.00513602
0.52529992 3.31085193 1.00514755
0.52498344 3.31074341 1.00515863
0.52467314 3.31063680 1.00516929
0.52436888 3.31053205 1.00517955
0.52407057 3.31042915 1.00518941
0.52377807 3.31032806 1.00519889
0.52349129 3.31022874 1.00520802
0.52321010 3.31013117 1.00521679
0.52293440 3.31003532 1.00522523
0.52266407 3.30994115 1.00523334
0.52239903 3.30984864 1.00524115
0.52213916 3.30975777 1.00524865
0.52188436 3.30966849 1.00525587
0.52163453 3.30958079 1.00526281
0.52138958 3.30949463 1.00526949
0.52114941 3.30941000 1.00527591
0.52091393 3.30932685 1.00528209
0.52068305 3.30924518 1.00528803
0.52045667 3.30916494 1.00529374
0.52023471 3.30908613 1.00529924
0.52001709 3.30900870 1.00530452
0.51980371 3.30893265 1.00530960
0.51959451 3.30885794 1.00531449
0.51938938 3.30878455 1.00531919
0.51918826 3.30871246 1.00532371
0.51899107 3.30864164 1.00532806
0.51879773 3.30857208 1.00533224
0.51860816 3.30850375 1.00533626
0.51842229 3.30843663 1.00534013
0.51824005 3.30837069 1.00534385
0.51806138 3.30830593 1.00534742
0.51788619 3.30824231 1.00535086
0.51771442 3.30817982 1.00535417
0.51754600 3.30811844 1.00535736
0.51738088 3.30805815 1.00536042
0.51721897 3.30799893 1.00536336
0.51706023 3.30794076 1.00536619
0.51690459 3.30788362 1.00536891
0.51675199 3.30782750 1.00537153
0.51660237 3.30777237 1.00537405
0.51645567 3.30771822 1.00537647
0.51631184 3.30766503 1.00537880
0.51617081 3.30761279 1.00538104
0.51603254 3.30756148 1.00538319
0.51589697 3.30751108 1.00538526
0.51576404 3.30746158 1.00538726
0.51563371 3.30741295 1.00538917
0.51550593 3.30736519 1.00539102
0.51538064 3.30731829 1.00539279
0.51525780 3.30727221 1.00539449
0.51513736 3.30722696 1.00539613
0.51501927 3.30718251 1.00539771
0.51490348 3.30713886 1.00539923
0.51478996 3.30709598 1.00540068
0.51467865 3.30705386 1.00540209
0.51456952 3.30701250 1.00540344
0.51446252 3.30697187 1.00540473
0.51435761 3.30693197 1.00540598
0.51425475 3.30689278 1.00540718
0.51415389 3.30685429 1.00540834
0.51405501 3.30681648 1.00540945
0.51395805 3.30677935 1.00541051
0.51386299 3.30674289 1.00541154
0.51376979 3.30670707 1.00541253
0.51367840 3.30667189 1.00541348
0.51358880 3.30663734 1.00541439
0.51350095 3.30660341 1.00541527
0.51341482 3.30657009 1.00541611
0.51333037 3.30653735 1.00541692
0.51324756 3.30650521 1.00541771
0.51316638 3.30647364 1.00541846
0.51308678 3.30644263 1.00541918
0.51300873 3.30641218 1.00541988
0.51293221 3.30638227 1.00542054
0.51285718 3.30635290 1.00542119
0.51278361 3.30632405 1.00542181
0.51271149 3.30629572 1.00542240
0.51264077 3.30626789 1.00542297
0.51257143 3.30624057 1.00542352
0.51250345 3.30621373 1.00542405
0.51243679 3.30618737 1.00542456
0.51237144 3.30616149 1.00542505
0.51230736 3.30613607 1.00542552
0.51224453 3.30611110 1.00542597
0.51218293 3.30608658 1.00542641
0.51212253 3.30606250 1.00542683
0.51206331 3.30603885 1.00542723
0.51200525 3.30601563 1.00542762
0.51194832 3.30599282 1.00542799
0.51189250 3.30597042 1.00542835
0.51183777 3.30594842 1.00542869
0.51178411 3.30592682 1.00542902
0.51173150 3.30590560 1.00542934
0.51167992 3.30588477 1.00542965
0.51162934 3.30586431 1.00542994
0.51157975 3.30584421 1.00543023
0.51153113 3.30582448 1.00543050
0.51148345 3.30580510 1.00543076
0.51143671 3.30578607 1.00543101
0.51139088 3.30576738 1.00543126
0.51134595 3.30574903 1.00543149
0.51130189 3.30573100 1.00543171
0.51125869 3.30571330 1.00543193
0.51121634 3.30569592 1.00543214
0.51117481 3.30567885 1.00543234
0.51113409 3.30566209 1.00543253
0.51109417 3.30564562 1.00543271
0.51105503 3.30562946 1.00543289
0.51101665 3.30561358 1.00543306
0.51097902 3.30559799 1.00543323
0.51094212 3.30558268 1.00543338
0.51090595 3.30556765 1.00543354
0.51087048 3.30555288 1.00543368
0.51083570 3.30553838 1.00543382
0.51080160 3.30552415 1.00543396
0.51076817 3.30551017 1.00543409
0.51073539 3.30549644 1.00543421
0.51070325 3.30548295 1.00543433
0.51067174 3.30546971 1.00543445
0.51064084 3.30545671 1.00543456
0.51061055 3.30544394 1.00543467
0.51058084 3.30543141 1.00543477
0.51055172 3.30541909 1.00543487
0.51052316 3.30540700 1.00543497
0.51049517 3.30539513 1.00543506
0.51046771 3.30538347 1.00543515
0.51044080 3.30537202 1.00543523
0.51041441 3.30536078 1.00543531
0.51038853 3.30534974 1.00543539
0.51036316 3.30533890 1.00543547
0.51033829 3.30532826 1.00543554
0.51031389 3.30531780 1.00543561
0.51028998 3.30530754 1.00543567
0.51026653 3.30529746 1.00543574
0.51024354 3.30528756 1.00543580
0.51022100 3.30527784 1.00543586
0.51019890 3.30526830 1.00543592
0.51017723 3.30525893 1.00543597
0.51015598 3.30524972 1.00543603
0.51013515 3.30524069 1.00543608
0.51011472 3.30523181 1.00543613
0.51009469 3.30522310 1.00543617
0.51007505 3.30521454 1.00543622
0.51005580 3.30520614 1.00543626
0.51003692 3.30519789 1.00543631
0.51001841 3.30518979 1.00543635
0.51000026 3.30518184 1.00543638
0.50998247 3.30517403 1.00543642
0.50996502 3.30516636 1.00543646
0.50994791 3.30515883 1.00543649
0.50993114 3.30515143 1.00543653
0.50991469 3.30514417 1.00543656
0.50989857 3.30513704 1.00543659
0.50988275 3.30513004 1.00543662
0.50986725 3.30512316 1.00543665
0.50985205 3.30511641 1.00543667
0.50983715 3.30510978 1.00543670
0.50982253 3.30510327 1.00543673
0.50980821 3.30509688 1.00543675
0.50979416 3.30509061 1.00543677
0.50978038 3.30508445 1.00543680
0.50976688 3.30507840 1.00543682
0.50975363 3.30507246 1.00543684
0.50974065 3.30506662 1.00543686
0.50972792 3.30506089 1.00543688
0.50971544 3.30505527 1.00543690
0.50970320 3.30504975 1.00543691
0.50969120 3.30504432 1.00543693
0.50967943 3.30503900 1.00543695
0.50966789 3.30503377 1.00543696
0.50965658 3.30502864 1.00543698
0.50964549 3.30502360 1.00543699
0.50963461 3.30501865 1.00543701
0.50962395 3.30501379 1.00543702
0.50961349 3.30500902 1.00543703
0.50960324 3.30500433 1.00543705
0.50959319 3.30499973 1.00543706
0.50958334 3.30499522 1.00543707
0.50957367 3.30499078 1.00543708
0.50956420 3.30498643 1.00543709
0.50955491 3.30498215 1.00543710
