2.48279195 7.76686156 0.75784183
2.48842872 7.77254541 0.76422808
2.49402791 7.77818961 0.77052648
2.49958801 7.78379268 0.77673436
2.50510759 7.78935319 0.78284923
2.51058524 7.79486975 0.78886875
2.51601962 7.80034104 0.79479081
2.52140945 7.80576578 0.80061346
2.52675347 7.81114276 0.80633494
2.53205051 7.81647081 0.81195369
2.53729945 7.82174884 0.81746832
2.54249921 7.82697579 0.82287765
2.54764878 7.83215069 0.82818066
2.55274721 7.83727261 0.83337653
2.55779360 7.84234068 0.83846461
2.56278714 7.84735411 0.84344443
2.56772703 7.85231215 0.84831568
2.57261257 7.85721412 0.85307822
2.57744309 7.86205940 0.85773208
2.58221800 7.86684741 0.86227743
2.58693677 7.87157766 0.86671459
2.59159890 7.87624970 0.87104403
2.59620397 7.88086314 0.87526633
2.60075160 7.88541764 0.87938224
2.60524148 7.88991292 0.88339258
2.60967334 7.89434875 0.88729831
2.61404696 7.89872495 0.89110051
2.61836219 7.90304140 0.89480033
2.62261891 7.90729802 0.89839903
2.62681704 7.91149479 0.90189794
2.63095657 7.91563170 0.90529848
2.63503751 7.91970884 0.90860213
2.63905993 7.92372628 0.91181045
2.64302393 7.92768419 0.91492503
2.64692966 7.93158273 0.91794754
2.65077730 7.93542213 0.92087967
2.65456706 7.93920264 0.92372316
2.65829919 7.94292455 0.92647979
2.66197398 7.94658817 0.92915135
2.66559174 7.95019385 0.93173967
2.66915281 7.95374198 0.93424657
2.67265756 7.95723295 0.93667391
2.67610638 7.96066719 0.93902355
2.67949970 7.96404517 0.94129734
2.68283796 7.96736734 0.94349714
2.68612162 7.97063422 0.94562482
2.68935116 7.97384631 0.94768222
2.69252709 7.97700414 0.94967117
2.69564992 7.98010827 0.95159350
2.69872019 7.98315925 0.95345102
2.70173845 7.98615767 0.95524552
2.70470525 7.98910412 0.95697876
2.70762117 7.99199919 0.95865249
2.71048678 7.99484349 0.96026843
2.71330270 7.99763764 0.96182827
2.71606950 8.00038227 0.96333369
2.71878781 8.00307802 0.96478631
2.72145823 8.00572551 0.96618775
2.72408139 8.00832540 0.96753958
2.72665791 8.01087833 0.96884334
2.72918842 8.01338496 0.97010055
2.73167355 8.01584592 0.97131268
2.73411394 8.01826189 0.97248118
2.73651021 8.02063351 0.97360747
2.73886300 8.02296143 0.97469291
2.74117295 8.02524632 0.97573885
2.74344069 8.02748882 0.97674661
2.74566686 8.02968959 0.97771746
2.74785208 8.03184927 0.97865263
2.74999699 8.03396851 0.97955335
2.75210222 8.03604796 0.98042077
2.75416838 8.03808825 0.98125606
2.75619609 8.04009001 0.98206030
2.75818599 8.04205389 0.98283459
2.76013866 8.04398050 0.98357997
2.76205474 8.04587046 0.98429745
2.76393480 8.04772440 0.98498801
2.76577947 8.04954291 0.98565261
2.76758931 8.05132661 0.98629218
2.76936494 8.05307610 0.98690761
2.77110691 8.05479195 0.98749976
2.77281581 8.05647477 0.98806947
2.77449221 8.05812512 0.98861756
2.77613667 8.05974359 0.98914481
2.77774974 8.06133072 0.98965199
2.77933198 8.06288709 0.99013982
2.78088392 8.06441324 0.99060901
2.78240610 8.06590972 0.99106025
2.78389905 8.06737706 0.99149421
2.78536330 8.06881579 0.99191153
2.78679935 8.07022644 0.99231281
2.78820771 8.07160951 0.99269866
2.78958889 8.07296551 0.99306966
2.79094337 8.07429495 0.99342635
2.79227165 8.07559831 0.99376928
2.79357420 8.07687608 0.99409897
2.79485150 8.07812874 0.99441591
2.79610401 8.07935675 0.99472058
2.79733218 8.08056058 0.99501344
2.79853647 8.08174069 0.99529496
2.79971732 8.08289751 0.99556554
2.80087517 8.08403149 0.99582562
2.80201045 8.08514307 0.99607559
2.80312358 8.08623267 0.99631583
2.80421497 8.08730070 0.99654672
2.80528504 8.08834759 0.99676862
2.80633418 8.08937373 0.99698186
2.80736280 8.09037952 0.99718679
2.80837128 8.09136536 0.99738372
2.80935999 8.09233162 0.99757296
2.81032933 8.09327869 0.99775480
2.81127966 8.09420694 0.99792953
2.81221133 8.09511672 0.99809743
2.81312471 8.09600841 0.99825876
2.81402015 8.09688234 0.99841376
2.81489798 8.09773887 0.99856270
2.81575856 8.09857834 0.99870580
2.81660220 8.09940106 0.99884329
2.81742924 8.10020739 0.99897538
2.81824000 8.10099763 0.99910229
2.81903478 8.10177209 0.99922422
2.81981391 8.10253110 0.99934135
2.82057767 8.10327494 0.99945389
2.82132638 8.10400392 0.99956200
2.82206031 8.10471834 0.99966587
2.82277977 8.10541847 0.99976565
2.82348502 8.10610460 0.99986150
2.82417634 8.10677701 0.99995358
2.82485402 8.10743596 1.00004204
2.82551830 8.10808172 1.00012702
2.82616946 8.10871456 1.00020864
2.82680775 8.10933472 1.00028706
2.82743341 8.10994246 1.00036238
2.82804671 8.11053803 1.00043474
2.82864787 8.11112166 1.00050424
2.82923714 8.11169360 1.00057100
2.82981475 8.11225407 1.00063513
2.83038092 8.11280330 1.00069674
2.83093589 8.11334151 1.00075591
2.83147987 8.11386894 1.00081274
2.83201308 8.11438578 1.00086734
2.83253572 8.11489225 1.00091978
2.83304801 8.11538855 1.00097014
2.83355015 8.11587490 1.00101853
2.83404234 8.11635148 1.00106500
2.83452478 8.11681849 1.00110963
2.83499765 8.11727613 1.00115250
2.83546115 8.11772458 1.00119368
2.83591545 8.11816402 1.00123323
2.83636075 8.11859463 1.00127122
2.83679722 8.11901659 1.00130771
2.83722503 8.11943007 1.00134275
2.83764435 8.11983525 1.00137642
2.83805535 8.12023228 1.00140875
2.83845820 8.12062134 1.00143980
2.83885306 8.12100257 1.00146962
2.83924008 8.12137614 1.00149827
2.83961942 8.12174220 1.00152578
2.83999123 8.12210090 1.00155220
2.84035566 8.12245239 1.00157758
2.84071285 8.12279681 1.00160196
2.84106296 8.12313431 1.00162537
2.84140611 8.12346501 1.00164785
2.84174245 8.12378907 1.00166945
2.84207211 8.12410661 1.00169019
2.84239522 8.12441776 1.00171011
2.84271192 8.12472265 1.00172924
2.84302233 8.12502141 1.00174762
2.84332657 8.12531416 1.00176527
2.84362477 8.12560101 1.00178222
2.84391704 8.12588210 1.00179850
2.84420351 8.12615753 1.00181413
2.84448429 8.12642741 1.00182915
2.84475949 8.12669187 1.00184357
2.84502922 8.12695100 1.00185742
2.84529359 8.12720492 1.00187072
2.84555271 8.12745373 1.00188350
2.84580669 8.12769753 1.00189577
2.84605561 8.12793642 1.00190755
2.84629959 8.12817051 1.00191887
2.84653872 8.12839988 1.00192974
2.84677310 8.12862464 1.00194018
2.84700281 8.12884487 1.00195021
2.84722797 8.12906066 1.00195983
2.84744865 8.12927212 1.00196908
2.84766494 8.12947931 1.00197796
2.84787693 8.12968234 1.00198649
2.84808471 8.12988127 1.00199469
2.84828836 8.13007620 1.00200255
2.84848797 8.13026721 1.00201011
2.84868360 8.13045437 1.00201737
2.84887534 8.13063776 1.00202434
2.84906328 8.13081746 1.00203103
2.84924748 8.13099354 1.00203746
2.84942801 8.13116608 1.00204363
2.84960496 8.13133514 1.00204956
2.84977839 8.13150079 1.00205526
2.84994837 8.13166311 1.00206072
2.85011497 8.13182216 1.00206598
2.85027826 8.13197801 1.00207102
2.85043830 8.13213072 1.00207586
2.85059517 8.13228035 1.00208052
2.85074891 8.13242697 1.00208499
2.85089959 8.13257064 1.00208928
2.85104728 8.13271141 1.00209340
2.85119204 8.13284935 1.00209736
2.85133391 8.13298451 1.00210116
2.85147297 8.13311694 1.00210481
2.85160926 8.13324671 1.00210831
2.85174283 8.13337387 1.00211168
2.85187376 8.13349846 1.00211492
2.85200208 8.13362055 1.00211802
2.85212785 8.13374018 1.00212100
2.85225111 8.13385739 1.00212387
2.85237193 8.13397225 1.00212662
2.85249035 8.13408479 1.00212926
2.85260640 8.13419506 1.00213180
2.85272016 8.13430312 1.00213424
2.85283165 8.13440899 1.00213658
2.85294092 8.13451274 1.00213882
2.85304802 8.13461439 1.00214098
2.85315299 8.13471400 1.00214306
2.85325587 8.13481160 1.00214505
2.85335671 8.13490723 1.00214696
2.85345554 8.13500094 1.00214879
2.85355241 8.13509275 1.00215056
2.85364735 8.13518272 1.00215225
2.85374040 8.13527088 1.00215388
2.85383160 8.13535726 1.00215544
2.85392099 8.13544190 1.00215694
2.85400860 8.13552484 1.00215838
2.85409447 8.13560610 1.00215977
2.85417863 8.13568573 1.00216109
2.85426112 8.13576375 1.00216237
2.85434197 8.13584020 1.00216360
2.85442121 8.13591511 1.00216477
2.85449887 8.13598852 1.00216590
2.85457499 8.13606044 1.00216699
2.85464959 8.13613091 1.00216803
2.85472272 8.13619997 1.00216903
2.85479438 8.13626763 1.00217000
2.85486463 8.13633393 1.00217092
2.85493347 8.13639889 1.00217181
2.85500095 8.13646255 1.00217266
2.85506708 8.13652492 1.00217348
2.85513190 8.13658604 1.00217426
2.85519543 8.13664592 1.00217502
2.85525770 8.13670460 1.00217574
2.85531873 8.13676209 1.00217644
2.85537854 8.13681843 1.00217711
2.85543717 8.13687363 1.00217775
2.85549463 8.13692772 1.00217836
2.85555095 8.13698072 1.00217896
2.85560614 8.13703265 1.00217952
2.85566024 8.13708354 1.00218007
2.85571327 8.13713340 1.00218060
2.85576524 8.13718225 1.00218110
2.85581617 8.13723013 1.00218158
2.85586610 8.13727703 1.00218205
2.85591503 8.13732299 1.00218249
2.85596298 8.13736803 1.00218292
2.85600999 8.13741216 1.00218333
2.85605606 8.13745540 1.00218373
2.85610121 8.13749776 1.00218411
2.85614546 8.13753928 1.00218447
2.85618884 8.13757996 1.00218482
2.85623135 8.13761981 1.00218516
2.85627302 8.13765887 1.00218548
2.85631385 8.13769714 1.00218579
2.85635388 8.13773463 1.00218609
2.85639311 8.13777137 1.00218638
2.85643156 8.13780737 1.00218665
2.85646925 8.13784265 1.00218691
2.85650618 8.13787721 1.00218717
2.85654238 8.13791108 1.00218741
2.85657787 8.13794427 1.00218764
2.85661264 8.13797678 1.00218787
2.85664673 8.13800864 1.00218808
2.85668013 8.13803986 1.00218829
2.85671288 8.13807045 1.00218849
2.85674497 8.13810043 1.00218868
2.85677642 8.13812980 1.00218886
2.85680725 8.13815858 1.00218904
2.85683746 8.13818677 1.00218921
2.85686708 8.13821440 1.00218937
2.85689610 8.13824148 1.00218953
2.85692455 8.13826800 1.00218968
2.85695243 8.13829400 1.00218982
2.85697976 8.13831947 1.00218996
2.85700654 8.13834442 1.00219009
2.85703280 8.13836888 1.00219022
2.85705853 8.13839284 1.00219034
2.85708374 8.13841631 1.00219046
2.85710846 8.13843932 1.00219057
2.85713269 8.13846186 1.00219068
2.85715643 8.13848394 1.00219079
2.85717970 8.13850559 1.00219088
2.85720251 8.13852679 1.00219098
2.85722486 8.13854757 1.00219107
2.85724677 8.13856793 1.00219116
2.85726825 8.13858788 1.00219125
2.85728930 8.13860742 1.00219133
2.85730993 8.13862658 1.00219141
2.85733015 8.13864534 1.00219148
2.85734996 8.13866373 1.00219155
2.85736939 8.13868175 1.00219162
2.85738842 8.13869941 1.00219169
2.85740708 8.13871670 1.00219175
2.85742537 8.13873366 1.00219182
2.85744329 8.13875026 1.00219188
2.85746086 8.13876654 1.00219193
2.85747808 8.13878248 1.00219199
2.85749495 8.13879811 1.00219204
2.85751149 8.13881342 1.00219209
2.85752770 8.13882842 1.00219214
2.85754359 8.13884312 1.00219218
2.85755917 8.13885752 1.00219223
2.85757443 8.13887164 1.00219227
2.85758939 8.13888546 1.00219231
2.85760405 8.13889901 1.00219235
2.85761842 8.13891229 1.00219239
2.85763251 8.13892530 1.00219243
2.85764631 8.13893805 1.00219246
2.85765984 8.13895053 1.00219249
2.85767310 8.13896277 1.00219253
2.85768610 8.13897476 1.00219256
2.85769884 8.13898651 1.00219259
2.85771133 8.13899803 1.00219262
2.85772357 8.13900931 1.00219264
2.85773556 8.13902036 1.00219267
2.85774732 8.13903119 1.00219270
2.85775884 8.13904180 1.00219272
2.85777013 8.13905220 1.00219274
2.85778120 8.13906239 1.00219277
2.85779205 8.13907238 1.00219279
2.85780268 8.13908216 1.00219281
2.85781310 8.13909174 1.00219283
2.85782332 8.13910113 1.00219285
2.85783333 8.13911034 1.00219286
2.85784314 8.13911935 1.00219288
2.85785276 8.13912819 1.00219290
2.85786218 8.13913685 1.00219292
2.85787142 8.13914533 1.00219293
2.85788048 8.13915364 1.00219295
2.85788935 8.13916179 1.00219296
2.85789805 8.13916977 1.00219297
2.85790658 8.13917759 1.00219299
2.85791493 8.13918525 1.00219300
2.85792312 8.13919275 1.00219301
2.85793115 8.13920011 1.00219302
2.85793901 8.13920732 1.00219304
2.85794673 8.13921438 1.00219305
2.85795428 8.13922130 1.00219306
