9.11356380 1.50206112 0.00277035
9.11353829 1.50219603 0.00277224
9.11351276 1.50233102 0.00277413
9.11348721 1.50246610 0.00277602
9.11346165 1.50260127 0.00277791
9.11343607 1.50273652 0.00277980
9.11341048 1.50287185 0.00278170
9.11338487 1.50300727 0.00278360
9.11335924 1.50314277 0.00278550
9.11333360 1.50327836 0.00278741
9.11330794 1.50341403 0.00278932
9.11328226 1.50354979 0.00279123
9.11325657 1.50368564 0.00279314
9.11323086 1.50382157 0.00279505
9.11320513 1.50395759 0.00279697
9.11317939 1.50409369 0.00279889
9.11315363 1.50422988 0.00280081
9.11312785 1.50436615 0.00280273
9.11310206 1.50450251 0.00280466
9.11307625 1.50463896 0.00280659
9.11305043 1.50477549 0.00280852
9.11302459 1.50491211 0.00281045
9.11299873 1.50504881 0.00281239
9.11297285 1.50518561 0.00281433
9.11294696 1.50532249 0.00281627
9.11292105 1.50545945 0.00281821
9.11289513 1.50559651 0.00282016
9.11286919 1.50573365 0.00282211
9.11284323 1.50587087 0.00282406
9.11281725 1.50600819 0.00282601
9.11279126 1.50614559 0.00282797
9.11276525 1.50628308 0.00282993
9.11273923 1.50642066 0.00283189
9.11271318 1.50655832 0.00283385
9.11268712 1.50669607 0.00283582
9.11266105 1.50683391 0.00283779
9.11263495 1.50697184 0.00283976
9.11260884 1.50710986 0.00284173
9.11258272 1.50724796 0.00284371
9.11255657 1.50738616 0.00284569
9.11253041 1.50752444 0.00284767
9.11250423 1.50766281 0.00284965
9.11247804 1.50780127 0.00285164
9.11245183 1.50793982 0.00285363
9.11242560 1.50807845 0.00285562
9.11239935 1.50821718 0.00285761
9.11237309 1.50835599 0.00285961
9.11234681 1.50849490 0.00286161
9.11232051 1.50863389 0.00286361
9.11229420 1.50877297 0.00286562
9.11226786 1.50891215 0.00286762
9.11224151 1.50905141 0.00286963
9.11221515 1.50919076 0.00287164
9.11218876 1.50933020 0.00287366
9.11216236 1.50946973 0.00287568
9.11213594 1.50960935 0.00287770
9.11210951 1.50974907 0.00287972
9.11208306 1.50988887 0.00288174
9.11205659 1.51002876 0.00288377
9.11203010 1.51016874 0.00288580
9.11200359 1.51030882 0.00288783
9.11197707 1.51044898 0.00288987
9.11195053 1.51058924 0.00289191
9.11192397 1.51072958 0.00289395
9.11189740 1.51087002 0.00289599
9.11187081 1.51101055 0.00289804
9.11184420 1.51115117 0.00290009
9.11181757 1.51129188 0.00290214
9.11179092 1.51143268 0.00290419
9.11176426 1.51157358 0.00290625
9.11173758 1.51171456 0.00290831
9.11171088 1.51185564 0.00291037
9.11168417 1.51199681 0.00291244
9.11165743 1.51213808 0.00291451
9.11163068 1.51227943 0.00291658
9.11160391 1.51242088 0.00291865
9.11157713 1.51256242 0.00292072
9.11155032 1.51270405 0.00292280
9.11152350 1.51284577 0.00292488
9.11149666 1.51298759 0.00292697
9.11146980 1.51312950 0.00292905
9.11144292 1.51327150 0.00293114
9.11141603 1.51341360 0.00293324
9.11138912 1.51355579 0.00293533
9.11136219 1.51369807 0.00293743
9.11133524 1.51384045 0.00293953
9.11130828 1.51398292 0.00294163
9.11128129 1.51412548 0.00294374
9.11125429 1.51426814 0.00294585
9.11122727 1.51441089 0.00294796
9.11120023 1.51455374 0.00295007
9.11117318 1.51469668 0.00295219
9.11114610 1.51483971 0.00295431
9.11111901 1.51498284 0.00295643
9.11109190 1.51512606 0.00295856
9.11106477 1.51526938 0.00296069
9.11103763 1.51541279 0.00296282
9.11101046 1.51555630 0.00296495
9.11098328 1.51569990 0.00296709
9.11095608 1.51584360 0.00296923
9.11092886 1.51598740 0.00297137
9.11090162 1.51613128 0.00297352
9.11087436 1.51627527 0.00297566
9.11084709 1.51641935 0.00297781
9.11081979 1.51656352 0.00297997
9.11079248 1.51670779 0.00298213
9.11076515 1.51685216 0.00298428
9.11073780 1.51699662 0.00298645
9.11071044 1.51714118 0.00298861
9.11068305 1.51728584 0.00299078
9.11065565 1.51743059 0.00299295
9.11062822 1.51757544 0.00299513
9.11060078 1.51772039 0.00299730
9.11057332 1.51786543 0.00299948
9.11054585 1.51801057 0.00300167
9.11051835 1.51815580 0.00300385
9.11049083 1.51830114 0.00300604
9.11046330 1.51844657 0.00300823
9.11043574 1.51859210 0.00301043
9.11040817 1.51873772 0.00301262
9.11038058 1.51888345 0.00301482
9.11035297 1.51902927 0.00301703
9.11032534 1.51917519 0.00301923
9.11029770 1.51932121 0.00302144
9.11027003 1.51946732 0.00302366
9.11024234 1.51961354 0.00302587
9.11021464 1.51975985 0.00302809
9.11018692 1.51990626 0.00303031
9.11015917 1.52005277 0.00303253
9.11013141 1.52019938 0.00303476
9.11010363 1.52034609 0.00303699
9.11007583 1.52049289 0.00303922
9.11004802 1.52063980 0.00304146
9.11002018 1.52078681 0.00304370
9.10999232 1.52093391 0.00304594
9.10996445 1.52108112 0.00304819
9.10993655 1.52122842 0.00305044
9.10990864 1.52137582 0.00305269
9.10988071 1.52152333 0.00305494
9.10985275 1.52167093 0.00305720
9.10982478 1.52181864 0.00305946
9.10979679 1.52196644 0.00306172
9.10976878 1.52211435 0.00306399
9.10974075 1.52226235 0.00306626
9.10971270 1.52241046 0.00306853
9.10968463 1.52255867 0.00307081
9.10965654 1.52270697 0.00307309
9.10962844 1.52285538 0.00307537
9.10960031 1.52300390 0.00307766
9.10957216 1.52315251 0.00307995
9.10954400 1.52330122 0.00308224
9.10951581 1.52345004 0.00308453
9.10948761 1.52359895 0.00308683
9.10945938 1.52374797 0.00308913
9.10943114 1.52389710 0.00309144
9.10940288 1.52404632 0.00309374
9.10937459 1.52419564 0.00309605
9.10934629 1.52434507 0.00309837
9.10931797 1.52449460 0.00310068
9.10928962 1.52464424 0.00310300
9.10926126 1.52479397 0.00310533
9.10923288 1.52494381 0.00310765
9.10920448 1.52509376 0.00310998
9.10917605 1.52524380 0.00311232
9.10914761 1.52539395 0.00311465
9.10911915 1.52554421 0.00311699
9.10909067 1.52569456 0.00311934
9.10906217 1.52584502 0.00312168
9.10903364 1.52599559 0.00312403
9.10900510 1.52614626 0.00312638
9.10897654 1.52629703 0.00312874
9.10894796 1.52644791 0.00313110
9.10891936 1.52659889 0.00313346
9.10889074 1.52674997 0.00313583
9.10886209 1.52690117 0.00313819
9.10883343 1.52705246 0.00314057
9.10880475 1.52720386 0.00314294
9.10877604 1.52735537 0.00314532
9.10874732 1.52750698 0.00314770
9.10871858 1.52765870 0.00315009
9.10868981 1.52781052 0.00315248
9.10866103 1.52796245 0.00315487
9.10863223 1.52811448 0.00315726
9.10860340 1.52826662 0.00315966
9.10857456 1.52841887 0.00316206
9.10854569 1.52857122 0.00316447
9.10851680 1.52872368 0.00316688
9.10848790 1.52887625 0.00316929
9.10845897 1.52902892 0.00317170
9.10843002 1.52918170 0.00317412
9.10840105 1.52933459 0.00317655
9.10837206 1.52948758 0.00317897
9.10834305 1.52964068 0.00318140
9.10831402 1.52979389 0.00318383
9.10828497 1.52994720 0.00318627
9.10825590 1.53010063 0.00318871
9.10822681 1.53025416 0.00319115
9.10819769 1.53040780 0.00319360
9.10816856 1.53056155 0.00319605
9.10813940 1.53071540 0.00319850
9.10811023 1.53086937 0.00320096
9.10808103 1.53102344 0.00320342
9.10805181 1.53117762 0.00320588
9.10802257 1.53133191 0.00320835
9.10799332 1.53148631 0.00321082
9.10796403 1.53164082 0.00321329
9.10793473 1.53179544 0.00321577
9.10790541 1.53195017 0.00321825
9.10787607 1.53210501 0.00322073
9.10784670 1.53225995 0.00322322
9.10781731 1.53241501 0.00322571
9.10778791 1.53257018 0.00322821
9.10775848 1.53272545 0.00323071
9.10772903 1.53288084 0.00323321
9.10769956 1.53303634 0.00323571
9.10767006 1.53319195 0.00323822
9.10764055 1.53334767 0.00324074
9.10761102 1.53350350 0.00324325
9.10758146 1.53365944 0.00324577
9.10755188 1.53381549 0.00324830
9.10752228 1.53397166 0.00325082
9.10749266 1.53412793 0.00325335
9.10746302 1.53428432 0.00325589
9.10743335 1.53444082 0.00325843
9.10740367 1.53459743 0.00326097
9.10737396 1.53475416 0.00326351
9.10734423 1.53491099 0.00326606
9.10731448 1.53506794 0.00326862
9.10728471 1.53522500 0.00327117
9.10725492 1.53538217 0.00327373
9.10722510 1.53553946 0.00327630
9.10719526 1.53569686 0.00327886
9.10716541 1.53585437 0.00328143
9.10713552 1.53601200 0.00328401
9.10710562 1.53616974 0.00328659
9.10707570 1.53632759 0.00328917
9.10704575 1.53648556 0.00329176
9.10701578 1.53664364 0.00329435
9.10698579 1.53680184 0.00329694
9.10695578 1.53696015 0.00329954
9.10692574 1.53711857 0.00330214
9.10689569 1.53727711 0.00330474
9.10686561 1.53743577 0.00330735
9.10683551 1.53759454 0.00330996
9.10680538 1.53775342 0.00331258
9.10677524 1.53791242 0.00331520
9.10674507 1.53807153 0.00331782
9.10671488 1.53823076 0.00332045
9.10668467 1.53839011 0.00332308
9.10665444 1.53854957 0.00332572
9.10662418 1.53870915 0.00332836
9.10659390 1.53886885 0.00333100
9.10656360 1.53902866 0.00333365
9.10653327 1.53918858 0.00333630
9.10650293 1.53934863 0.00333895
9.10647256 1.53950879 0.00334161
9.10644217 1.53966907 0.00334427
9.10641175 1.53982946 0.00334694
9.10638132 1.53998997 0.00334961
9.10635086 1.54015060 0.00335228
9.10632037 1.54031135 0.00335496
9.10628987 1.54047222 0.00335764
9.10625934 1.54063320 0.00336033
9.10622879 1.54079430 0.00336302
9.10619822 1.54095552 0.00336571
9.10616762 1.54111686 0.00336841
9.10613700 1.54127832 0.00337111
9.10610636 1.54143989 0.00337382
9.10607570 1.54160159 0.00337652
9.10604501 1.54176340 0.00337924
9.10601430 1.54192534 0.00338196
9.10598357 1.54208739 0.00338468
9.10595281 1.54224956 0.00338740
9.10592203 1.54241185 0.00339013
9.10589123 1.54257427 0.00339287
9.10586040 1.54273680 0.00339560
9.10582955 1.54289945 0.00339835
9.10579868 1.54306223 0.00340109
9.10576778 1.54322512 0.00340384
9.10573687 1.54338814 0.00340660
9.10570592 1.54355127 0.00340935
9.10567496 1.54371453 0.00341212
9.10564397 1.54387791 0.00341488
9.10561296 1.54404141 0.00341765
9.10558192 1.54420503 0.00342043
9.10555086 1.54436877 0.00342321
9.10551978 1.54453264 0.00342599
9.10548867 1.54469663 0.00342878
9.10545754 1.54486074 0.00343157
9.10542639 1.54502497 0.00343436
9.10539521 1.54518933 0.00343716
9.10536401 1.54535381 0.00343997
9.10533279 1.54551841 0.00344277
9.10530154 1.54568313 0.00344559
9.10527027 1.54584798 0.00344840
9.10523897 1.54601295 0.00345122
9.10520765 1.54617805 0.00345405
9.10517631 1.54634327 0.00345688
9.10514494 1.54650861 0.00345971
9.10511355 1.54667408 0.00346255
9.10508213 1.54683967 0.00346539
9.10505069 1.54700539 0.00346824
9.10501923 1.54717123 0.00347109
9.10498774 1.54733720 0.00347394
9.10495623 1.54750329 0.00347680
9.10492469 1.54766951 0.00347966
9.10489313 1.54783585 0.00348253
9.10486155 1.54800232 0.00348540
9.10482994 1.54816892 0.00348828
9.10479830 1.54833564 0.00349116
9.10476665 1.54850249 0.00349405
9.10473496 1.54866946 0.00349693
9.10470326 1.54883656 0.00349983
9.10467153 1.54900379 0.00350273
9.10463977 1.54917115 0.00350563
9.10460799 1.54933863 0.00350854
9.10457619 1.54950624 0.00351145
9.10454436 1.54967397 0.00351436
9.10451251 1.54984184 0.00351728
9.10448063 1.55000983 0.00352021
9.10444872 1.55017795 0.00352314
9.10441680 1.55034620 0.00352607
9.10438484 1.55051458 0.00352901
9.10435287 1.55068308 0.00353195
9.10432086 1.55085172 0.00353490
9.10428884 1.55102048 0.00353785
9.10425679 1.55118937 0.00354081
9.10422471 1.55135840 0.00354377
9.10419261 1.55152755 0.00354674
9.10416048 1.55169683 0.00354971
9.10412833 1.55186624 0.00355268
9.10409615 1.55203578 0.00355566
9.10406395 1.55220546 0.00355864
9.10403172 1.55237526 0.00356163
9.10399947 1.55254519 0.00356462
9.10396719 1.55271526 0.00356762
9.10393489 1.55288545 0.00357062
9.10390256 1.55305578 0.00357363
9.10387021 1.55322624 0.00357664
9.10383783 1.55339683 0.00357966
9.10380542 1.55356755 0.00358268
9.10377299 1.55373841 0.00358570
9.10374054 1.55390939 0.00358873
9.10370805 1.55408051 0.00359177
9.10367555 1.55425177 0.00359481
9.10364301 1.55442315 0.00359785
9.10361046 1.55459467 0.00360090
9.10357787 1.55476632 0.00360396
9.10354526 1.55493810 0.00360701
9.10351263 1.55511002 0.00361008
9.10347997 1.55528207 0.00361315
9.10344728 1.55545426 0.00361622
9.10341457 1.55562658 0.00361930
9.10338183 1.55579904 0.00362238
9.10334906 1.55597163 0.00362547
9.10331627 1.55614435 0.00362856
9.10328345 1.55631721 0.00363166
9.10325061 1.55649020 0.00363476
9.10321774 1.55666333 0.00363786
9.10318485 1.55683660 0.00364098
9.10315193 1.55701000 0.00364409
9.10311898 1.55718354 0.00364721
9.10308600 1.55735721 0.00365034
9.10305300 1.55753102 0.00365347
9.10301998 1.55770497 0.00365661
9.10298692 1.55787905 0.00365975
9.10295384 1.55805327 0.00366289
9.10292074 1.55822763 0.00366604
9.10288760 1.55840213 0.00366920
9.10285445 1.55857676 0.00367236
9.10282126 1.55875153 0.00367553
9.10278805 1.55892644 0.00367870
9.10275481 1.55910149 0.00368187
9.10272154 1.55927668 0.00368505
9.10268825 1.55945200 0.00368824
9.10265493 1.55962746 0.00369143
9.10262158 1.55980307 0.00369463
9.10258821 1.55997881 0.00369783
9.10255481 1.56015469 0.00370104
9.10252138 1.56033071 0.00370425
9.10248793 1.56050687 0.00370746
9.10245445 1.56068317 0.00371068
9.10242094 1.56085962 0.00371391
9.10238740 1.56103620 0.00371714
9.10235384 1.56121292 0.00372038
9.10232025 1.56138979 0.00372362
9.10228663 1.56156679 0.00372687
9.10225299 1.56174394 0.00373012
9.10221932 1.56192123 0.00373338
9.10218562 1.56209866 0.00373664
9.10215189 1.56227623 0.00373991
9.10211814 1.56245395 0.00374319
9.10208436 1.56263181 0.00374646
9.10205055 1.56280981 0.00374975
9.10201671 1.56298795 0.00375304
9.10198285 1.56316624 0.00375633
9.10194895 1.56334467 0.00375963
9.10191503 1.56352324 0.00376294
9.10188109 1.56370196 0.00376625
9.10184711 1.56388082 0.00376956
9.10181311 1.56405982 0.00377288
9.10177908 1.56423897 0.00377621
9.10174502 1.56441827 0.00377954
9.10171093 1.56459771 0.00378288
9.10167682 1.56477729 0.00378622
9.10164267 1.56495702 0.00378957
9.10160850 1.56513690 0.00379293
9.10157430 1.56531692 0.00379628
9.10154007 1.56549709 0.00379965
9.10150582 1.56567740 0.00380302
9.10147153 1.56585787 0.00380639
9.10143722 1.56603847 0.00380978
9.10140288 1.56621923 0.00381316
9.10136851 1.56640013 0.00381655
9.10133411 1.56658118 0.00381995
9.10129969 1.56676237 0.00382336
9.10126523 1.56694372 0.00382676
9.10123075 1.56712521 0.00383018
9.10119624 1.56730685 0.00383360
9.10116170 1.56748864 0.00383702
9.10112713 1.56767058 0.00384045
9.10109253 1.56785267 0.00384389
9.10105790 1.56803490 0.00384733
9.10102325 1.56821729 0.00385078
9.10098856 1.56839983 0.00385424
9.10095385 1.56858251 0.00385769
9.10091910 1.56876535 0.00386116
9.10088433 1.56894833 0.00386463
9.10084953 1.56913147 0.00386811
9.10081470 1.56931476 0.00387159
9.10077984 1.56949820 0.00387508
9.10074495 1.56968179 0.00387857
9.10071003 1.56986553 0.00388207
9.10067509 1.57004942 0.00388558
9.10064011 1.57023347 0.00388909
9.10060510 1.57041767 0.00389260
9.10057007 1.57060202 0.00389613
9.10053500 1.57078652 0.00389965
9.10049991 1.57097118 0.00390319
9.10046478 1.57115599 0.00390673
9.10042963 1.57134095 0.00391028
9.10039445 1.57152607 0.00391383
9.10035923 1.57171134 0.00391739
9.10032399 1.57189676 0.00392095
9.10028872 1.57208234 0.00392452
9.10025342 1.57226808 0.00392810
9.10021808 1.57245397 0.00393168
9.10018272 1.57264001 0.00393526
9.10014733 1.57282621 0.00393886
9.10011190 1.57301256 0.00394246
9.10007645 1.57319908 0.00394606
9.10004097 1.57338574 0.00394968
9.10000545 1.57357257 0.00395329
9.09996991 1.57375955 0.00395692
9.09993434 1.57394669 0.00396055
9.09989873 1.57413398 0.00396418
9.09986310 1.57432143 0.00396783
9.09982743 1.57450904 0.00397148
9.09979174 1.57469681 0.00397513
9.09975601 1.57488474 0.00397879
9.09972025 1.57507282 0.00398246
9.09968446 1.57526106 0.00398613
9.09964865 1.57544947 0.00398981
9.09961280 1.57563803 0.00399350
9.09957692 1.57582675 0.00399719
9.09954101 1.57601563 0.00400089
9.09950506 1.57620467 0.00400459
9.09946909 1.57639387 0.00400830
9.09943309 1.57658323 0.00401202
9.09939705 1.57677275 0.00401574
9.09936099 1.57696244 0.00401947
9.09932489 1.57715228 0.00402321
9.09928876 1.57734228 0.00402695
9.09925260 1.57753245 0.00403070
9.09921641 1.57772278 0.00403445
9.09918019 1.57791327 0.00403821
9.09914393 1.57810393 0.00404198
9.09910765 1.57829474 0.00404576
9.09907133 1.57848572 0.00404954
9.09903498 1.57867687 0.00405333
9.09899860 1.57886817 0.00405712
9.09896219 1.57905965 0.00406092
9.09892575 1.57925128 0.00406473
9.09888927 1.57944308 0.00406854
9.09885276 1.57963504 0.00407236
9.09881623 1.57982717 0.00407619
9.09877965 1.58001947 0.00408002
9.09874305 1.58021193 0.00408386
9.09870642 1.58040455 0.00408770
9.09866975 1.58059734 0.00409156
9.09863305 1.58079030 0.00409542
9.09859632 1.58098343 0.00409928
9.09855955 1.58117672 0.00410316
9.09852276 1.58137018 0.00410704
9.09848593 1.58156380 0.00411092
9.09844907 1.58175759 0.00411482
9.09841218 1.58195156 0.00411872
9.09837525 1.58214568 0.00412262
9.09833829 1.58233998 0.00412654
9.09830130 1.58253445 0.00413046
9.09826428 1.58272908 0.00413438
9.09822722 1.58292389 0.00413832
9.09819013 1.58311886 0.00414226
9.09815301 1.58331401 0.00414621
9.09811585 1.58350932 0.00415016
9.09807866 1.58370481 0.00415412
9.09804144 1.58390046 0.00415809
9.09800419 1.58409629 0.00416207
9.09796690 1.58429229 0.00416605
9.09792958 1.58448846 0.00417004
9.09789223 1.58468480 0.00417403
9.09785484 1.58488131 0.00417804
9.09781742 1.58507800 0.00418205
9.09777997 1.58527486 0.00418606
9.09774248 1.58547189 0.00419009
9.09770496 1.58566909 0.00419412
9.09766740 1.58586647 0.00419816
9.09762982 1.58606402 0.00420220
9.09759219 1.58626175 0.00420626
9.09755454 1.58645965 0.00421032
9.09751685 1.58665773 0.00421438
9.09747913 1.58685598 0.00421846
9.09744137 1.58705440 0.00422254
9.09740358 1.58725300 0.00422663
9.09736575 1.58745178 0.00423073
9.09732789 1.58765073 0.00423483
9.09729000 1.58784986 0.00423894
9.09725207 1.58804917 0.00424306
9.09721411 1.58824865 0.00424718
9.09717611 1.58844832 0.00425132
9.09713808 1.58864815 0.00425546
9.09710002 1.58884817 0.00425960
9.09706192 1.58904837 0.00426376
9.09702378 1.58924874 0.00426792
9.09698561 1.58944929 0.00427209
9.09694741 1.58965002 0.00427627
9.09690917 1.58985094 0.00428045
9.09687090 1.59005203 0.00428464
9.09683259 1.59025330 0.00428884
9.09679425 1.59045475 0.00429305
9.09675587 1.59065638 0.00429727
9.09671746 1.59085819 0.00430149
9.09667901 1.59106019 0.00430572
9.09664053 1.59126236 0.00430996
9.09660201 1.59146472 0.00431420
9.09656346 1.59166726 0.00431845
9.09652487 1.59186999 0.00432271
9.09648624 1.59207289 0.00432698
9.09644758 1.59227598 0.00433126
9.09640889 1.59247925 0.00433554
9.09637016 1.59268271 0.00433983
9.09633139 1.59288635 0.00434413
9.09629259 1.59309017 0.00434844
9.09625375 1.59329418 0.00435275
9.09621488 1.59349838 0.00435708
9.09617597 1.59370276 0.00436141
9.09613702 1.59390732 0.00436575
9.09609804 1.59411207 0.00437009
9.09605902 1.59431701 0.00437445
9.09601997 1.59452213 0.00437881
9.09598088 1.59472745 0.00438318
9.09594175 1.59493294 0.00438756
9.09590259 1.59513863 0.00439194
9.09586339 1.59534451 0.00439634
9.09582415 1.59555057 0.00440074
9.09578488 1.59575682 0.00440515
9.09574557 1.59596326 0.00440957
9.09570623 1.59616989 0.00441399
9.09566684 1.59637671 0.00441843
9.09562742 1.59658372 0.00442287
9.09558797 1.59679091 0.00442732
9.09554848 1.59699830 0.00443178
9.09550895 1.59720588 0.00443625
9.09546938 1.59741366 0.00444072
9.09542978 1.59762162 0.00444521
9.09539014 1.59782977 0.00444970
9.09535046 1.59803812 0.00445420
9.09531074 1.59824666 0.00445871
9.09527099 1.59845539 0.00446322
9.09523120 1.59866432 0.00446775
9.09519137 1.59887344 0.00447228
9.09515150 1.59908275 0.00447683
9.09511160 1.59929226 0.00448138
9.09507166 1.59950196 0.00448594
9.09503168 1.59971186 0.00449050
9.09499167 1.59992195 0.00449508
9.09495161 1.60013224 0.00449966
9.09491152 1.60034273 0.00450426
9.09487139 1.60055341 0.00450886
9.09483122 1.60076428 0.00451347
9.09479101 1.60097536 0.00451809
9.09475077 1.60118663 0.00452272
9.09471048 1.60139810 0.00452735
9.09467016 1.60160977 0.00453200
9.09462980 1.60182163 0.00453665
9.09458940 1.60203370 0.00454131
9.09454897 1.60224596 0.00454599
9.09450849 1.60245842 0.00455067
9.09446798 1.60267109 0.00455536
9.09442742 1.60288395 0.00456005
9.09438683 1.60309701 0.00456476
9.09434620 1.60331028 0.00456947
9.09430553 1.60352374 0.00457420
9.09426482 1.60373741 0.00457893
9.09422407 1.60395128 0.00458367
9.09418328 1.60416535 0.00458843
9.09414246 1.60437963 0.00459319
9.09410159 1.60459410 0.00459796
9.09406069 1.60480878 0.00460273
9.09401974 1.60502367 0.00460752
9.09397876 1.60523876 0.00461232
9.09393773 1.60545405 0.00461712
9.09389667 1.60566955 0.00462194
9.09385556 1.60588525 0.00462676
9.09381442 1.60610116 0.00463160
9.09377324 1.60631728 0.00463644
9.09373201 1.60653360 0.00464129
9.09369075 1.60675012 0.00464615
9.09364944 1.60696686 0.00465102
9.09360810 1.60718380 0.00465590
9.09356671 1.60740095 0.00466079
9.09352529 1.60761831 0.00466569
9.09348382 1.60783588 0.00467060
9.09344232 1.60805365 0.00467551
9.09340077 1.60827164 0.00468044
9.09335918 1.60848984 0.00468538
9.09331756 1.60870824 0.00469032
9.09327589 1.60892686 0.00469528
9.09323418 1.60914568 0.00470024
9.09319243 1.60936472 0.00470522
9.09315063 1.60958397 0.00471020
9.09310880 1.60980343 0.00471520
9.09306693 1.61002311 0.00472020
9.09302501 1.61024299 0.00472521
9.09298306 1.61046309 0.00473023
9.09294106 1.61068341 0.00473527
9.09289902 1.61090394 0.00474031
9.09285694 1.61112468 0.00474536
9.09281481 1.61134564 0.00475042
9.09277265 1.61156681 0.00475550
9.09273044 1.61178820 0.00476058
9.09268819 1.61200980 0.00476567
9.09264590 1.61223162 0.00477077
9.09260357 1.61245366 0.00477588
9.09256120 1.61267591 0.00478101
9.09251878 1.61289838 0.00478614
9.09247632 1.61312107 0.00479128
9.09243382 1.61334398 0.00479643
9.09239127 1.61356711 0.00480159
9.09234869 1.61379045 0.00480677
9.09230606 1.61401402 0.00481195
9.09226339 1.61423780 0.00481714
9.09222067 1.61446181 0.00482234
9.09217792 1.61468604 0.00482756
9.09213511 1.61491048 0.00483278
9.09209227 1.61513515 0.00483801
9.09204938 1.61536004 0.00484326
9.09200646 1.61558516 0.00484851
9.09196348 1.61581050 0.00485378
9.09192047 1.61603606 0.00485905
9.09187741 1.61626184 0.00486434
9.09183430 1.61648785 0.00486963
9.09179116 1.61671408 0.00487494
9.09174797 1.61694054 0.00488026
9.09170473 1.61716722 0.00488559
9.09166145 1.61739413 0.00489093
9.09161813 1.61762127 0.00489628
9.09157477 1.61784863 0.00490164
9.09153136 1.61807622 0.00490701
9.09148790 1.61830403 0.00491239
9.09144440 1.61853208 0.00491778
9.09140086 1.61876035 0.00492318
9.09135727 1.61898885 0.00492860
9.09131364 1.61921758 0.00493402
9.09126996 1.61944654 0.00493946
9.09122624 1.61967573 0.00494490
9.09118248 1.61990516 0.00495036
9.09113867 1.62013481 0.00495583
9.09109481 1.62036469 0.00496131
9.09105091 1.62059481 0.00496680
9.09100696 1.62082516 0.00497230
9.09096297 1.62105574 0.00497782
9.09091894 1.62128655 0.00498334
9.09087486 1.62151760 0.00498888
9.09083073 1.62174888 0.00499442
9.09078656 1.62198040 0.00499998
9.09074234 1.62221215 0.00500555
9.09069807 1.62244413 0.00501113
9.09065376 1.62267636 0.00501672
9.09060941 1.62290881 0.00502233
9.09056501 1.62314151 0.00502794
9.09052056 1.62337444 0.00503357
9.09047606 1.62360761 0.00503920
9.09043152 1.62384102 0.00504485
9.09038694 1.62407467 0.00505051
9.09034230 1.62430856 0.00505619
9.09029762 1.62454268 0.00506187
9.09025290 1.62477705 0.00506757
9.09020812 1.62501166 0.00507327
9.09016330 1.62524650 0.00507899
9.09011844 1.62548159 0.00508472
9.09007352 1.62571692 0.00509047
9.09002856 1.62595250 0.00509622
9.08998356 1.62618831 0.00510199
9.08993850 1.62642437 0.00510777
9.08989340 1.62666068 0.00511356
9.08984825 1.62689722 0.00511936
9.08980305 1.62713402 0.00512517
9.08975780 1.62737105 0.00513100
9.08971251 1.62760834 0.00513684
9.08966717 1.62784587 0.00514269
9.08962178 1.62808364 0.00514855
9.08957634 1.62832167 0.00515443
9.08953086 1.62855994 0.00516031
9.08948533 1.62879845 0.00516621
9.08943974 1.62903722 0.00517213
9.08939411 1.62927624 0.00517805
9.08934844 1.62951550 0.00518399
9.08930271 1.62975502 0.00518994
9.08925693 1.62999479 0.00519590
9.08921111 1.63023481 0.00520187
9.08916523 1.63047507 0.00520786
9.08911931 1.63071560 0.00521386
9.08907334 1.63095637 0.00521987
9.08902732 1.63119740 0.00522589
9.08898125 1.63143868 0.00523193
9.08893513 1.63168021 0.00523798
9.08888896 1.63192200 0.00524404
9.08884274 1.63216404 0.00525012
9.08879647 1.63240634 0.00525621
9.08875016 1.63264890 0.00526231
9.08870379 1.63289171 0.00526842
9.08865737 1.63313478 0.00527455
9.08861090 1.63337811 0.00528069
9.08856438 1.63362169 0.00528684
9.08851782 1.63386554 0.00529301
9.08847120 1.63410964 0.00529919
9.08842453 1.63435400 0.00530538
9.08837781 1.63459863 0.00531158
9.08833104 1.63484351 0.00531780
9.08828421 1.63508866 0.00532403
9.08823734 1.63533406 0.00533028
9.08819042 1.63557973 0.00533654
9.08814344 1.63582566 0.00534281
9.08809642 1.63607186 0.00534910
9.08804934 1.63631832 0.00535540
9.08800221 1.63656504 0.00536171
9.08795503 1.63681203 0.00536804
9.08790780 1.63705928 0.00537438
9.08786052 1.63730680 0.00538073
9.08781318 1.63755459 0.00538710
9.08776579 1.63780264 0.00539348
9.08771835 1.63805096 0.00539987
9.08767086 1.63829955 0.00540628
9.08762332 1.63854841 0.00541270
9.08757572 1.63879754 0.00541914
9.08752807 1.63904694 0.00542559
9.08748037 1.63929661 0.00543205
9.08743262 1.63954654 0.00543853
9.08738481 1.63979675 0.00544503
9.08733695 1.64004724 0.00545153
9.08728904 1.64029799 0.00545805
9.08724107 1.64054902 0.00546459
9.08719305 1.64080032 0.00547114
9.08714498 1.64105190 0.00547770
9.08709685 1.64130375 0.00548428
9.08704867 1.64155588 0.00549087
9.08700044 1.64180828 0.00549748
9.08695215 1.64206096 0.00550410
9.08690381 1.64231391 0.00551074
9.08685541 1.64256715 0.00551739
9.08680696 1.64282066 0.00552405
9.08675846 1.64307445 0.00553073
9.08670990 1.64332852 0.00553743
9.08666129 1.64358287 0.00554414
9.08661262 1.64383751 0.00555086
9.08656390 1.64409242 0.00555760
9.08651512 1.64434761 0.00556435
9.08646629 1.64460309 0.00557112
9.08641740 1.64485885 0.00557791
9.08636846 1.64511489 0.00558471
9.08631946 1.64537122 0.00559152
9.08627041 1.64562783 0.00559835
9.08622130 1.64588473 0.00560520
9.08617214 1.64614191 0.00561205
9.08612292 1.64639938 0.00561893
9.08607364 1.64665714 0.00562582
9.08602431 1.64691518 0.00563273
9.08597492 1.64717352 0.00563965
9.08592547 1.64743214 0.00564658
9.08587597 1.64769105 0.00565354
9.08582642 1.64795025 0.00566051
9.08577680 1.64820975 0.00566749
9.08572713 1.64846953 0.00567449
9.08567740 1.64872961 0.00568150
9.08562762 1.64898998 0.00568853
9.08557778 1.64925064 0.00569558
9.08552788 1.64951159 0.00570264
9.08547792 1.64977284 0.00570972
9.08542791 1.65003439 0.00571682
9.08537784 1.65029623 0.00572393
9.08532771 1.65055837 0.00573106
9.08527752 1.65082080 0.00573820
9.08522727 1.65108354 0.00574536
9.08517697 1.65134657 0.00575253
9.08512661 1.65160990 0.00575973
9.08507619 1.65187353 0.00576693
9.08502571 1.65213745 0.00577416
9.08497517 1.65240169 0.00578140
9.08492458 1.65266622 0.00578866
9.08487392 1.65293105 0.00579593
9.08482321 1.65319619 0.00580322
9.08477243 1.65346163 0.00581053
9.08472160 1.65372737 0.00581786
9.08467071 1.65399342 0.00582520
9.08461976 1.65425978 0.00583256
9.08456875 1.65452644 0.00583993
9.08451768 1.65479340 0.00584732
9.08446655 1.65506068 0.00585473
9.08441536 1.65532826 0.00586216
9.08436411 1.65559615 0.00586960
9.08431280 1.65586435 0.00587706
9.08426142 1.65613287 0.00588454
9.08420999 1.65640169 0.00589204
9.08415850 1.65667082 0.00589955
9.08410695 1.65694027 0.00590708
9.08405533 1.65721002 0.00591463
9.08400366 1.65748010 0.00592219
9.08395192 1.65775048 0.00592978
9.08390012 1.65802118 0.00593738
9.08384826 1.65829220 0.00594499
9.08379634 1.65856353 0.00595263
9.08374435 1.65883518 0.00596029
9.08369231 1.65910715 0.00596796
9.08364020 1.65937944 0.00597565
9.08358803 1.65965204 0.00598336
9.08353580 1.65992497 0.00599108
9.08348351 1.66019821 0.00599883
9.08343115 1.66047178 0.00600659
9.08337873 1.66074566 0.00601437
9.08332625 1.66101987 0.00602217
9.08327370 1.66129441 0.00602999
9.08322109 1.66156927 0.00603782
9.08316842 1.66184445 0.00604568
9.08311568 1.66211996 0.00605355
9.08306288 1.66239579 0.00606144
9.08301002 1.66267195 0.00606935
9.08295709 1.66294844 0.00607728
9.08290410 1.66322526 0.00608523
9.08285104 1.66350241 0.00609320
9.08279792 1.66377988 0.00610118
9.08274474 1.66405769 0.00610919
9.08269149 1.66433583 0.00611721
9.08263818 1.66461430 0.00612526
9.08258480 1.66489310 0.00613332
9.08253135 1.66517224 0.00614140
9.08247785 1.66545171 0.00614950
9.08242427 1.66573152 0.00615762
9.08237063 1.66601166 0.00616577
9.08231693 1.66629214 0.00617393
9.08226315 1.66657295 0.00618211
9.08220932 1.66685411 0.00619030
9.08215541 1.66713560 0.00619852
9.08210144 1.66741743 0.00620676
9.08204741 1.66769961 0.00621502
9.08199330 1.66798212 0.00622330
9.08193913 1.66826498 0.00623160
9.08188490 1.66854818 0.00623992
9.08183059 1.66883172 0.00624826
9.08177622 1.66911560 0.00625662
9.08172178 1.66939984 0.00626500
9.08166728 1.66968442 0.00627340
9.08161270 1.66996934 0.00628182
9.08155806 1.67025461 0.00629026
9.08150335 1.67054023 0.00629873
9.08144857 1.67082620 0.00630721
9.08139373 1.67111252 0.00631571
9.08133881 1.67139919 0.00632424
9.08128383 1.67168621 0.00633278
9.08122878 1.67197359 0.00634135
9.08117366 1.67226131 0.00634994
9.08111847 1.67254940 0.00635855
9.08106321 1.67283783 0.00636718
9.08100788 1.67312662 0.00637583
9.08095248 1.67341577 0.00638450
9.08089701 1.67370528 0.00639320
9.08084147 1.67399514 0.00640191
9.08078587 1.67428536 0.00641065
9.08073019 1.67457594 0.00641941
9.08067444 1.67486689 0.00642819
9.08061862 1.67515819 0.00643699
9.08056273 1.67544986 0.00644582
9.08050677 1.67574189 0.00645466
9.08045073 1.67603428 0.00646353
9.08039463 1.67632704 0.00647242
9.08033846 1.67662016 0.00648134
9.08028221 1.67691365 0.00649027
9.08022589 1.67720751 0.00649923
9.08016950 1.67750174 0.00650821
9.08011304 1.67779633 0.00651721
9.08005650 1.67809130 0.00652624
9.07999989 1.67838663 0.00653529
9.07994321 1.67868234 0.00654436
9.07988646 1.67897842 0.00655345
9.07982964 1.67927488 0.00656257
9.07977274 1.67957170 0.00657171
9.07971576 1.67986891 0.00658088
9.07965872 1.68016649 0.00659006
9.07960160 1.68046445 0.00659927
9.07954440 1.68076278 0.00660851
9.07948714 1.68106149 0.00661776
9.07942980 1.68136059 0.00662704
9.07937238 1.68166006 0.00663635
9.07931489 1.68195992 0.00664567
9.07925732 1.68226016 0.00665503
9.07919968 1.68256078 0.00666440
9.07914197 1.68286179 0.00667380
9.07908417 1.68316318 0.00668322
9.07902631 1.68346496 0.00669267
9.07896837 1.68376712 0.00670214
9.07891035 1.68406968 0.00671164
9.07885225 1.68437262 0.00672116
9.07879408 1.68467595 0.00673071
9.07873583 1.68497967 0.00674028
9.07867751 1.68528379 0.00674987
9.07861911 1.68558830 0.00675949
9.07856063 1.68589320 0.00676914
9.07850208 1.68619849 0.00677881
9.07844345 1.68650419 0.00678850
9.07838474 1.68681028 0.00679822
9.07832595 1.68711676 0.00680797
9.07826708 1.68742365 0.00681774
9.07820814 1.68773093 0.00682753
9.07814912 1.68803862 0.00683736
9.07809002 1.68834670 0.00684720
9.07803084 1.68865519 0.00685708
9.07797158 1.68896408 0.00686698
9.07791224 1.68927338 0.00687690
9.07785282 1.68958308 0.00688685
9.07779333 1.68989319 0.00689683
9.07773375 1.69020371 0.00690683
9.07767410 1.69051464 0.00691686
9.07761436 1.69082597 0.00692692
9.07755454 1.69113772 0.00693700
9.07749465 1.69144987 0.00694711
9.07743467 1.69176244 0.00695725
9.07737461 1.69207542 0.00696741
9.07731447 1.69238882 0.00697760
9.07725425 1.69270263 0.00698782
9.07719394 1.69301686 0.00699806
9.07713356 1.69333151 0.00700834
9.07707309 1.69364658 0.00701863
9.07701254 1.69396206 0.00702896
9.07695191 1.69427797 0.00703932
9.07689120 1.69459430 0.00704970
9.07683040 1.69491105 0.00706011
9.07676952 1.69522823 0.00707055
9.07670856 1.69554583 0.00708101
9.07664751 1.69586386 0.00709150
9.07658638 1.69618231 0.00710203
9.07652517 1.69650119 0.00711258
9.07646387 1.69682051 0.00712316
9.07640249 1.69714025 0.00713376
9.07634102 1.69746042 0.00714440
9.07627947 1.69778103 0.00715506
9.07621783 1.69810207 0.00716576
9.07615611 1.69842355 0.00717648
9.07609430 1.69874546 0.00718723
9.07603241 1.69906781 0.00719801
9.07597043 1.69939059 0.00720883
9.07590837 1.69971382 0.00721967
9.07584622 1.70003749 0.00723054
9.07578398 1.70036159 0.00724143
9.07572166 1.70068615 0.00725236
9.07565924 1.70101114 0.00726332
9.07559675 1.70133658 0.00727431
9.07553416 1.70166247 0.00728533
9.07547149 1.70198880 0.00729638
9.07540873 1.70231558 0.00730746
9.07534588 1.70264281 0.00731857
9.07528294 1.70297050 0.00732971
9.07521991 1.70329863 0.00734089
9.07515680 1.70362722 0.00735209
9.07509359 1.70395626 0.00736332
9.07503030 1.70428576 0.00737459
9.07496692 1.70461571 0.00738588
9.07490344 1.70494612 0.00739721
9.07483988 1.70527699 0.00740857
9.07477623 1.70560832 0.00741996
9.07471248 1.70594012 0.00743139
9.07464865 1.70627237 0.00744284
9.07458472 1.70660509 0.00745433
9.07452071 1.70693827 0.00746585
9.07445660 1.70727192 0.00747740
9.07439240 1.70760604 0.00748898
9.07432811 1.70794063 0.00750060
9.07426373 1.70827568 0.00751225
9.07419925 1.70861121 0.00752393
9.07413468 1.70894721 0.00753564
9.07407002 1.70928369 0.00754739
9.07400526 1.70962063 0.00755917
9.07394042 1.70995806 0.00757099
9.07387547 1.71029596 0.00758284
9.07381044 1.71063434 0.00759472
9.07374531 1.71097320 0.00760663
9.07368009 1.71131255 0.00761858
9.07361477 1.71165237 0.00763056
9.07354935 1.71199268 0.00764258
9.07348384 1.71233347 0.00765463
9.07341824 1.71267476 0.00766672
9.07335254 1.71301652 0.00767884
9.07328674 1.71335878 0.00769100
9.07322085 1.71370153 0.00770319
9.07315486 1.71404477 0.00771541
9.07308878 1.71438850 0.00772767
9.07302259 1.71473273 0.00773997
9.07295631 1.71507745 0.00775230
9.07288994 1.71542267 0.00776467
9.07282346 1.71576839 0.00777707
9.07275689 1.71611461 0.00778951
9.07269022 1.71646133 0.00780199
9.07262345 1.71680855 0.00781450
9.07255658 1.71715627 0.00782704
9.07248961 1.71750450 0.00783963
9.07242254 1.71785324 0.00785225
9.07235537 1.71820248 0.00786491
9.07228810 1.71855224 0.00787760
9.07222074 1.71890250 0.00789033
9.07215327 1.71925328 0.00790310
9.07208570 1.71960457 0.00791591
9.07201803 1.71995638 0.00792875
9.07195026 1.72030870 0.00794163
9.07188238 1.72066154 0.00795455
9.07181441 1.72101490 0.00796751
9.07174633 1.72136878 0.00798051
9.07167815 1.72172318 0.00799354
9.07160987 1.72207811 0.00800662
9.07154148 1.72243356 0.00801973
9.07147299 1.72278953 0.00803288
9.07140440 1.72314604 0.00804607
9.07133570 1.72350307 0.00805930
9.07126690 1.72386064 0.00807257
9.07119799 1.72421873 0.00808587
9.07112898 1.72457737 0.00809922
9.07105986 1.72493653 0.00811261
9.07099064 1.72529623 0.00812604
9.07092131 1.72565648 0.00813951
9.07085188 1.72601726 0.00815301
9.07078234 1.72637858 0.00816656
9.07071269 1.72674045 0.00818015
9.07064294 1.72710286 0.00819378
9.07057308 1.72746581 0.00820746
9.07050311 1.72782932 0.00822117
9.07043303 1.72819337 0.00823492
9.07036285 1.72855797 0.00824872
9.07029256 1.72892313 0.00826256
9.07022215 1.72928883 0.00827644
9.07015164 1.72965510 0.00829036
9.07008102 1.73002192 0.00830433
9.07001029 1.73038930 0.00831834
9.06993945 1.73075724 0.00833239
9.06986850 1.73112574 0.00834648
9.06979744 1.73149480 0.00836062
9.06972626 1.73186443 0.00837480
9.06965498 1.73223463 0.00838902
9.06958358 1.73260539 0.00840329
9.06951208 1.73297673 0.00841760
9.06944045 1.73334863 0.00843195
9.06936872 1.73372111 0.00844635
9.06929687 1.73409416 0.00846080
9.06922491 1.73446779 0.00847529
9.06915284 1.73484200 0.00848982
9.06908065 1.73521678 0.00850440
9.06900835 1.73559215 0.00851902
9.06893594 1.73596810 0.00853369
9.06886340 1.73634464 0.00854841
9.06879076 1.73672176 0.00856317
9.06871799 1.73709947 0.00857798
9.06864511 1.73747777 0.00859283
9.06857212 1.73785666 0.00860773
9.06849901 1.73823615 0.00862268
9.06842578 1.73861623 0.00863767
9.06835243 1.73899691 0.00865271
9.06827897 1.73937818 0.00866780
9.06820538 1.73976006 0.00868294
9.06813168 1.74014254 0.00869812
9.06805786 1.74052562 0.00871336
9.06798392 1.74090931 0.00872864
9.06790986 1.74129361 0.00874396
9.06783568 1.74167851 0.00875934
9.06776139 1.74206403 0.00877477
9.06768697 1.74245016 0.00879024
9.06761242 1.74283690 0.00880577
9.06753776 1.74322426 0.00882134
9.06746298 1.74361224 0.00883697
9.06738807 1.74400084 0.00885264
9.06731304 1.74439006 0.00886837
9.06723789 1.74477990 0.00888414
9.06716262 1.74517038 0.00889997
9.06708722 1.74556147 0.00891585
9.06701169 1.74595320 0.00893178
9.06693605 1.74634556 0.00894776
9.06686027 1.74673856 0.00896379
9.06678438 1.74713219 0.00897987
9.06670835 1.74752645 0.00899601
9.06663221 1.74792136 0.00901219
9.06655593 1.74831690 0.00902843
9.06647953 1.74871309 0.00904473
9.06640300 1.74910993 0.00906107
9.06632634 1.74950741 0.00907748
9.06624956 1.74990554 0.00909393
9.06617265 1.75030432 0.00911044
9.06609560 1.75070376 0.00912700
9.06601843 1.75110385 0.00914362
9.06594113 1.75150460 0.00916029
9.06586370 1.75190600 0.00917701
9.06578614 1.75230807 0.00919379
9.06570845 1.75271080 0.00921063
9.06563063 1.75311419 0.00922752
9.06555268 1.75351826 0.00924447
9.06547459 1.75392299 0.00926148
9.06539637 1.75432839 0.00927854
9.06531802 1.75473447 0.00929565
9.06523954 1.75514122 0.00931283
9.06516092 1.75554865 0.00933006
9.06508217 1.75595676 0.00934735
9.06500328 1.75636555 0.00936470
9.06492426 1.75677503 0.00938211
9.06484510 1.75718519 0.00939957
9.06476581 1.75759604 0.00941709
9.06468638 1.75800758 0.00943468
9.06460682 1.75841981 0.00945232
9.06452711 1.75883274 0.00947002
9.06444727 1.75924636 0.00948778
9.06436730 1.75966068 0.00950560
9.06428718 1.76007571 0.00952348
9.06420693 1.76049144 0.00954142
9.06412653 1.76090787 0.00955943
9.06404600 1.76132502 0.00957749
9.06396532 1.76174287 0.00959562
9.06388451 1.76216143 0.00961381
9.06380355 1.76258071 0.00963206
9.06372245 1.76300071 0.00965037
9.06364121 1.76342143 0.00966875
9.06355983 1.76384287 0.00968719
9.06347831 1.76426503 0.00970569
9.06339664 1.76468792 0.00972426
9.06331482 1.76511154 0.00974289
9.06323287 1.76553589 0.00976158
9.06315077 1.76596097 0.00978034
9.06306852 1.76638679 0.00979917
9.06298613 1.76681335 0.00981806
9.06290359 1.76724064 0.00983701
9.06282090 1.76766868 0.00985603
9.06273807 1.76809747 0.00987512
9.06265509 1.76852700 0.00989428
9.06257196 1.76895729 0.00991350
9.06248868 1.76938832 0.00993279
9.06240525 1.76982011 0.00995215
9.06232168 1.77025266 0.00997157
9.06223795 1.77068597 0.00999107
9.06215407 1.77112004 0.01001063
9.06207004 1.77155488 0.01003026
9.06198586 1.77199049 0.01004996
9.06190153 1.77242686 0.01006973
9.06181704 1.77286401 0.01008957
9.06173240 1.77330193 0.01010949
9.06164761 1.77374064 0.01012947
9.06156266 1.77418012 0.01014952
9.06147756 1.77462038 0.01016965
9.06139231 1.77506143 0.01018985
9.06130689 1.77550327 0.01021012
9.06122132 1.77594590 0.01023046
9.06113560 1.77638932 0.01025087
9.06104971 1.77683354 0.01027136
9.06096367 1.77727856 0.01029193
9.06087747 1.77772438 0.01031256
9.06079111 1.77817101 0.01033327
9.06070459 1.77861844 0.01035406
9.06061791 1.77906668 0.01037492
9.06053107 1.77951573 0.01039586
9.06044407 1.77996560 0.01041688
9.06035691 1.78041629 0.01043797
9.06026958 1.78086779 0.01045913
9.06018210 1.78132012 0.01048038
9.06009444 1.78177328 0.01050170
9.06000663 1.78222727 0.01052310
9.05991865 1.78268209 0.01054458
9.05983050 1.78313774 0.01056614
9.05974219 1.78359423 0.01058778
9.05965371 1.78405156 0.01060950
9.05956507 1.78450974 0.01063130
9.05947625 1.78496876 0.01065318
9.05938727 1.78542863 0.01067514
9.05929812 1.78588935 0.01069718
9.05920881 1.78635093 0.01071930
9.05911932 1.78681336 0.01074151
9.05902966 1.78727666 0.01076380
9.05893983 1.78774082 0.01078617
9.05884983 1.78820585 0.01080863
9.05875965 1.78867175 0.01083117
9.05866930 1.78913852 0.01085379
9.05857878 1.78960617 0.01087650
9.05848809 1.79007470 0.01089930
9.05839722 1.79054411 0.01092218
9.05830617 1.79101440 0.01094515
9.05821495 1.79148559 0.01096820
9.05812355 1.79195766 0.01099135
9.05803198 1.79243063 0.01101458
9.05794022 1.79290450 0.01103790
9.05784829 1.79337927 0.01106130
9.05775618 1.79385495 0.01108480
9.05766389 1.79433153 0.01110839
9.05757142 1.79480902 0.01113207
9.05747877 1.79528743 0.01115583
9.05738593 1.79576675 0.01117969
9.05729291 1.79624700 0.01120365
9.05719971 1.79672817 0.01122769
9.05710633 1.79721026 0.01125183
9.05701276 1.79769329 0.01127606
9.05691901 1.79817725 0.01130038
9.05682507 1.79866215 0.01132480
9.05673094 1.79914799 0.01134931
9.05663662 1.79963477 0.01137392
9.05654212 1.80012250 0.01139863
9.05644743 1.80061119 0.01142343
9.05635255 1.80110082 0.01144833
9.05625748 1.80159142 0.01147333
9.05616222 1.80208297 0.01149842
9.05606677 1.80257549 0.01152361
9.05597113 1.80306898 0.01154891
9.05587529 1.80356344 0.01157430
9.05577926 1.80405888 0.01159979
9.05568303 1.80455530 0.01162539
9.05558661 1.80505270 0.01165108
9.05549000 1.80555108 0.01167688
9.05539318 1.80605046 0.01170278
9.05529617 1.80655083 0.01172879
9.05519897 1.80705219 0.01175489
9.05510156 1.80755456 0.01178111
9.05500395 1.80805793 0.01180742
9.05490615 1.80856231 0.01183385
9.05480814 1.80906771 0.01186038
9.05470993 1.80957412 0.01188701
9.05461152 1.81008155 0.01191376
9.05451290 1.81059000 0.01194061
9.05441408 1.81109948 0.01196757
9.05431506 1.81160999 0.01199464
9.05421583 1.81212154 0.01202182
9.05411639 1.81263413 0.01204911
9.05401675 1.81314776 0.01207651
9.05391690 1.81366244 0.01210403
9.05381684 1.81417817 0.01213166
9.05371656 1.81469495 0.01215940
9.05361608 1.81521280 0.01218725
9.05351539 1.81573170 0.01221522
9.05341449 1.81625168 0.01224330
9.05331337 1.81677272 0.01227150
9.05321204 1.81729484 0.01229982
9.05311049 1.81781804 0.01232826
9.05300873 1.81834233 0.01235681
9.05290675 1.81886770 0.01238548
9.05280456 1.81939417 0.01241427
9.05270214 1.81992173 0.01244318
9.05259951 1.82045039 0.01247221
9.05249666 1.82098016 0.01250137
9.05239359 1.82151103 0.01253064
9.05229029 1.82204302 0.01256004
9.05218678 1.82257613 0.01258957
9.05208304 1.82311036 0.01261921
9.05197907 1.82364572 0.01264899
9.05187488 1.82418220 0.01267889
9.05177047 1.82471983 0.01270891
9.05166583 1.82525859 0.01273906
9.05156096 1.82579850 0.01276935
9.05145586 1.82633955 0.01279976
9.05135053 1.82688177 0.01283030
9.05124497 1.82742513 0.01286097
9.05113918 1.82796967 0.01289177
9.05103316 1.82851536 0.01292271
9.05092690 1.82906224 0.01295378
9.05082041 1.82961028 0.01298498
9.05071369 1.83015951 0.01301632
9.05060672 1.83070993 0.01304780
9.05049953 1.83126153 0.01307941
9.05039209 1.83181434 0.01311115
9.05028441 1.83236834 0.01314304
9.05017649 1.83292355 0.01317506
9.05006834 1.83347997 0.01320723
9.04995994 1.83403760 0.01323954
9.04985129 1.83459645 0.01327198
9.04974241 1.83515653 0.01330457
9.04963327 1.83571784 0.01333731
9.04952390 1.83628039 0.01337019
9.04941427 1.83684417 0.01340321
9.04930440 1.83740920 0.01343638
9.04919427 1.83797548 0.01346970
9.04908390 1.83854302 0.01350316
9.04897327 1.83911182 0.01353678
9.04886239 1.83968188 0.01357054
9.04875126 1.84025321 0.01360445
9.04863988 1.84082582 0.01363852
9.04852824 1.84139971 0.01367274
9.04841634 1.84197489 0.01370712
9.04830418 1.84255137 0.01374164
9.04819177 1.84312913 0.01377633
9.04807909 1.84370821 0.01381117
9.04796616 1.84428859 0.01384617
9.04785296 1.84487028 0.01388133
9.04773950 1.84545330 0.01391665
9.04762577 1.84603764 0.01395212
9.04751178 1.84662331 0.01398777
9.04739752 1.84721032 0.01402357
9.04728299 1.84779867 0.01405954
9.04716820 1.84838837 0.01409567
9.04705313 1.84897942 0.01413197
9.04693779 1.84957183 0.01416844
9.04682218 1.85016561 0.01420508
9.04670630 1.85076075 0.01424188
9.04659014 1.85135728 0.01427886
9.04647370 1.85195519 0.01431601
9.04635699 1.85255448 0.01435333
9.04624000 1.85315517 0.01439082
9.04612273 1.85375727 0.01442849
9.04600518 1.85436076 0.01446634
9.04588734 1.85496568 0.01450437
9.04576922 1.85557201 0.01454257
9.04565082 1.85617976 0.01458095
9.04553213 1.85678895 0.01461952
9.04541315 1.85739958 0.01465827
9.04529389 1.85801164 0.01469720
9.04517433 1.85862516 0.01473631
9.04505448 1.85924014 0.01477562
9.04493434 1.85985658 0.01481511
9.04481391 1.86047449 0.01485479
9.04469318 1.86109388 0.01489465
9.04457216 1.86171475 0.01493471
9.04445083 1.86233710 0.01497497
9.04432921 1.86296096 0.01501542
9.04420729 1.86358631 0.01505606
9.04408506 1.86421318 0.01509690
9.04396253 1.86484156 0.01513793
9.04383970 1.86547147 0.01517917
9.04371656 1.86610290 0.01522061
9.04359311 1.86673587 0.01526225
9.04346936 1.86737039 0.01530409
9.04334529 1.86800645 0.01534614
9.04322091 1.86864407 0.01538840
9.04309622 1.86928326 0.01543086
9.04297121 1.86992402 0.01547353
9.04284589 1.87056636 0.01551642
9.04272025 1.87121028 0.01555951
9.04259429 1.87185580 0.01560282
9.04246801 1.87250292 0.01564635
9.04234140 1.87315164 0.01569009
9.04221448 1.87380199 0.01573405
9.04208723 1.87445395 0.01577823
9.04195965 1.87510755 0.01582263
9.04183174 1.87576278 0.01586725
9.04170350 1.87641966 0.01591210
9.04157494 1.87707819 0.01595718
9.04144603 1.87773838 0.01600248
9.04131680 1.87840024 0.01604802
9.04118723 1.87906378 0.01609378
9.04105732 1.87972900 0.01613978
9.04092707 1.88039592 0.01618601
9.04079648 1.88106453 0.01623248
9.04066555 1.88173485 0.01627919
9.04053427 1.88240689 0.01632614
9.04040265 1.88308066 0.01637333
9.04027067 1.88375615 0.01642076
9.04013835 1.88443339 0.01646844
9.04000568 1.88511238 0.01651636
9.03987266 1.88579312 0.01656454
9.03973928 1.88647563 0.01661296
9.03960554 1.88715992 0.01666164
9.03947145 1.88784599 0.01671057
9.03933700 1.88853385 0.01675975
9.03920218 1.88922351 0.01680920
9.03906701 1.88991497 0.01685890
9.03893146 1.89060826 0.01690887
9.03879555 1.89130338 0.01695910
9.03865927 1.89200032 0.01700960
9.03852263 1.89269912 0.01706037
9.03838560 1.89339976 0.01711140
9.03824821 1.89410227 0.01716271
9.03811044 1.89480666 0.01721429
9.03797228 1.89551292 0.01726615
9.03783375 1.89622107 0.01731829
9.03769484 1.89693112 0.01737071
9.03755555 1.89764309 0.01742341
9.03741586 1.89835697 0.01747639
9.03727579 1.89907277 0.01752966
9.03713533 1.89979052 0.01758323
9.03699448 1.90051021 0.01763708
9.03685324 1.90123187 0.01769123
9.03671160 1.90195548 0.01774567
9.03656956 1.90268108 0.01780041
9.03642712 1.90340866 0.01785545
9.03628428 1.90413824 0.01791080
9.03614103 1.90486983 0.01796645
9.03599738 1.90560343 0.01802241
9.03585332 1.90633906 0.01807867
9.03570885 1.90707673 0.01813526
9.03556397 1.90781645 0.01819215
9.03541867 1.90855822 0.01824937
9.03527296 1.90930207 0.01830690
9.03512683 1.91004800 0.01836476
9.03498027 1.91079601 0.01842294
9.03483330 1.91154613 0.01848145
9.03468589 1.91229836 0.01854029
9.03453806 1.91305272 0.01859946
9.03438980 1.91380921 0.01865898
9.03424111 1.91456784 0.01871882
9.03409198 1.91532864 0.01877901
9.03394241 1.91609160 0.01883955
9.03379241 1.91685674 0.01890043
9.03364196 1.91762407 0.01896166
9.03349107 1.91839360 0.01902324
9.03333973 1.91916535 0.01908518
9.03318794 1.91993933 0.01914748
9.03303570 1.92071554 0.01921014
9.03288301 1.92149401 0.01927316
9.03272985 1.92227473 0.01933656
9.03257625 1.92305773 0.01940032
9.03242217 1.92384302 0.01946445
9.03226764 1.92463061 0.01952896
9.03211264 1.92542050 0.01959386
9.03195717 1.92621272 0.01965913
9.03180122 1.92700728 0.01972479
9.03164481 1.92780419 0.01979084
9.03148791 1.92860345 0.01985728
9.03133054 1.92940510 0.01992412
9.03117268 1.93020913 0.01999136
9.03101434 1.93101556 0.02005900
9.03085551 1.93182440 0.02012705
9.03069619 1.93263567 0.02019551
9.03053637 1.93344938 0.02026438
9.03037606 1.93426555 0.02033367
9.03021525 1.93508419 0.02040337
9.03005394 1.93590530 0.02047351
9.02989213 1.93672891 0.02054407
9.02972980 1.93755504 0.02061506
9.02956697 1.93838368 0.02068648
9.02940362 1.93921486 0.02075835
9.02923975 1.94004860 0.02083066
9.02907537 1.94088490 0.02090341
9.02891046 1.94172378 0.02097661
9.02874503 1.94256526 0.02105027
9.02857907 1.94340935 0.02112439
9.02841258 1.94425606 0.02119897
9.02824555 1.94510541 0.02127402
9.02807799 1.94595742 0.02134954
9.02790988 1.94681210 0.02142553
9.02774123 1.94766947 0.02150200
9.02757203 1.94852954 0.02157896
9.02740228 1.94939232 0.02165640
9.02723198 1.95025784 0.02173434
9.02706112 1.95112611 0.02181277
9.02688970 1.95199714 0.02189171
9.02671771 1.95287096 0.02197115
9.02654516 1.95374757 0.02205110
9.02637204 1.95462700 0.02213156
9.02619834 1.95550925 0.02221255
9.02602406 1.95639436 0.02229406
9.02584921 1.95728233 0.02237610
9.02567377 1.95817318 0.02245867
9.02549774 1.95906693 0.02254178
9.02532111 1.95996359 0.02262544
9.02514390 1.96086319 0.02270965
9.02496608 1.96176574 0.02279441
9.02478766 1.96267125 0.02287973
9.02460863 1.96357976 0.02296561
9.02442899 1.96449127 0.02305207
9.02424874 1.96540580 0.02313910
9.02406787 1.96632337 0.02322671
9.02388638 1.96724401 0.02331491
9.02370426 1.96816772 0.02340370
9.02352152 1.96909453 0.02349309
9.02333813 1.97002446 0.02358308
9.02315412 1.97095752 0.02367368
9.02296945 1.97189374 0.02376489
9.02278415 1.97283313 0.02385673
9.02259819 1.97377572 0.02394919
9.02241158 1.97472152 0.02404229
9.02222431 1.97567056 0.02413602
9.02203638 1.97662285 0.02423040
9.02184778 1.97757842 0.02432543
9.02165851 1.97853728 0.02442112
9.02146856 1.97949946 0.02451748
9.02127794 1.98046498 0.02461450
9.02108663 1.98143386 0.02471220
9.02089463 1.98240612 0.02481059
9.02070193 1.98338178 0.02490967
9.02050854 1.98436086 0.02500944
9.02031445 1.98534339 0.02510993
9.02011965 1.98632939 0.02521112
9.01992414 1.98731888 0.02531303
9.01972791 1.98831189 0.02541567
9.01953096 1.98930842 0.02551904
9.01933328 1.99030852 0.02562316
9.01913487 1.99131220 0.02572802
9.01893573 1.99231949 0.02583364
9.01873584 1.99333041 0.02594002
9.01853521 1.99434498 0.02604717
9.01833383 1.99536322 0.02615511
9.01813169 1.99638517 0.02626383
9.01792879 1.99741085 0.02637335
9.01772513 1.99844028 0.02648367
9.01752069 1.99947348 0.02659481
9.01731548 2.00051049 0.02670676
9.01710948 2.00155133 0.02681955
9.01690269 2.00259601 0.02693317
9.01669512 2.00364458 0.02704764
9.01648674 2.00469705 0.02716297
9.01627756 2.00575346 0.02727916
9.01606756 2.00681383 0.02739623
9.01585676 2.00787818 0.02751418
9.01564513 2.00894654 0.02763302
9.01543267 2.01001895 0.02775277
9.01521938 2.01109542 0.02787343
9.01500525 2.01217600 0.02799501
9.01479028 2.01326070 0.02811752
9.01457445 2.01434955 0.02824098
9.01435777 2.01544259 0.02836539
9.01414022 2.01653984 0.02849076
9.01392181 2.01764134 0.02861710
9.01370251 2.01874710 0.02874443
9.01348234 2.01985717 0.02887275
9.01326128 2.02097158 0.02900208
9.01303932 2.02209034 0.02913243
9.01281646 2.02321351 0.02926380
9.01259269 2.02434110 0.02939622
9.01236800 2.02547314 0.02952968
9.01214240 2.02660968 0.02966421
9.01191586 2.02775075 0.02979982
9.01168839 2.02889637 0.02993651
9.01145997 2.03004657 0.03007430
9.01123061 2.03120141 0.03021321
9.01100029 2.03236089 0.03035323
9.01076900 2.03352507 0.03049440
9.01053675 2.03469398 0.03063672
9.01030351 2.03586764 0.03078020
9.01006929 2.03704610 0.03092486
9.00983407 2.03822939 0.03107071
9.00959785 2.03941755 0.03121776
9.00936063 2.04061061 0.03136604
9.00912238 2.04180862 0.03151555
9.00888311 2.04301160 0.03166630
9.00864281 2.04421959 0.03181832
9.00840147 2.04543264 0.03197161
9.00815907 2.04665078 0.03212620
9.00791562 2.04787405 0.03228209
9.00767111 2.04910249 0.03243931
9.00742552 2.05033614 0.03259787
9.00717885 2.05157504 0.03275778
9.00693108 2.05281923 0.03291907
9.00668222 2.05406876 0.03308174
9.00643225 2.05532365 0.03324582
9.00618116 2.05658396 0.03341132
9.00592894 2.05784973 0.03357826
9.00567559 2.05912099 0.03374666
9.00542109 2.06039780 0.03391653
9.00516544 2.06168020 0.03408790
9.00490862 2.06296823 0.03426077
9.00465063 2.06426193 0.03443518
9.00439146 2.06556136 0.03461114
9.00413110 2.06686655 0.03478867
9.00386953 2.06817756 0.03496778
9.00360675 2.06949443 0.03514851
9.00334275 2.07081721 0.03533086
9.00307751 2.07214594 0.03551486
9.00281103 2.07348068 0.03570054
9.00254330 2.07482147 0.03588790
9.00227430 2.07616837 0.03607699
9.00200403 2.07752142 0.03626780
9.00173247 2.07888068 0.03646038
9.00145961 2.08024619 0.03665473
9.00118545 2.08161801 0.03685089
9.00090996 2.08299619 0.03704888
9.00063315 2.08438079 0.03724872
9.00035499 2.08577185 0.03745043
9.00007548 2.08716944 0.03765405
8.99979460 2.08857361 0.03785959
8.99951234 2.08998441 0.03806709
8.99922870 2.09140190 0.03827656
8.99894365 2.09282614 0.03848804
8.99865719 2.09425719 0.03870154
8.99836929 2.09569510 0.03891711
8.99807996 2.09713994 0.03913476
8.99778918 2.09859176 0.03935453
8.99749693 2.10005063 0.03957644
8.99720320 2.10151660 0.03980052
8.99690798 2.10298974 0.04002680
8.99661125 2.10447012 0.04025532
8.99631300 2.10595779 0.04048611
8.99601321 2.10745283 0.04071918
8.99571188 2.10895529 0.04095459
8.99540899 2.11046525 0.04119236
8.99510451 2.11198276 0.04143251
8.99479845 2.11350791 0.04167510
8.99449078 2.11504076 0.04192015
8.99418149 2.11658137 0.04216769
8.99387056 2.11812982 0.04241777
8.99355797 2.11968618 0.04267041
8.99324372 2.12125053 0.04292566
8.99292779 2.12282293 0.04318355
8.99261015 2.12440346 0.04344413
8.99229080 2.12599220 0.04370742
8.99196972 2.12758923 0.04397347
8.99164688 2.12919461 0.04424233
8.99132228 2.13080844 0.04451402
8.99099589 2.13243078 0.04478860
8.99066770 2.13406173 0.04506611
8.99033770 2.13570136 0.04534658
8.99000585 2.13734975 0.04563008
8.98967215 2.13900699 0.04591663
8.98933657 2.14067316 0.04620628
8.98899911 2.14234835 0.04649909
8.98865973 2.14403266 0.04679511
8.98831841 2.14572615 0.04709437
8.98797515 2.14742894 0.04739693
8.98762992 2.14914110 0.04770284
8.98728269 2.15086273 0.04801216
8.98693346 2.15259392 0.04832493
8.98658219 2.15433477 0.04864121
8.98622887 2.15608538 0.04896105
8.98587348 2.15784583 0.04928451
8.98551599 2.15961624 0.04961166
8.98515638 2.16139670 0.04994253
8.98479463 2.16318732 0.05027721
8.98443072 2.16498819 0.05061574
8.98406463 2.16679942 0.05095818
8.98369632 2.16862112 0.05130461
8.98332578 2.17045340 0.05165508
8.98295299 2.17229636 0.05200967
8.98257791 2.17415012 0.05236843
8.98220053 2.17601479 0.05273144
8.98182082 2.17789048 0.05309877
8.98143875 2.17977731 0.05347049
8.98105431 2.18167540 0.05384667
8.98066745 2.18358486 0.05422738
8.98027816 2.18550582 0.05461271
8.97988640 2.18743840 0.05500272
8.97949216 2.18938272 0.05539751
8.97909540 2.19133892 0.05579715
8.97869609 2.19330712 0.05620172
8.97829421 2.19528745 0.05661130
8.97788972 2.19728005 0.05702600
8.97748260 2.19928504 0.05744588
8.97707282 2.20130257 0.05787105
8.97666034 2.20333277 0.05830159
8.97624514 2.20537579 0.05873760
8.97582718 2.20743177 0.05917918
8.97540642 2.20950085 0.05962642
8.97498285 2.21158319 0.06007943
8.97455642 2.21367892 0.06053830
8.97412710 2.21578821 0.06100315
8.97369486 2.21791121 0.06147408
8.97325966 2.22004807 0.06195121
8.97282146 2.22219896 0.06243463
8.97238023 2.22436404 0.06292448
8.97193593 2.22654348 0.06342086
8.97148853 2.22873743 0.06392390
8.97103799 2.23094608 0.06443372
8.97058426 2.23316959 0.06495045
8.97012732 2.23540814 0.06547422
8.96966711 2.23766191 0.06600516
8.96920360 2.23993108 0.06654340
8.96873674 2.24221584 0.06708909
8.96826650 2.24451638 0.06764236
8.96779284 2.24683288 0.06820337
8.96731570 2.24916554 0.06877226
8.96683504 2.25151456 0.06934918
8.96635082 2.25388014 0.06993429
8.96586300 2.25626249 0.07052775
8.96537152 2.25866180 0.07112973
8.96487634 2.26107830 0.07174039
8.96437740 2.26351219 0.07235991
8.96387467 2.26596371 0.07298845
8.96336809 2.26843306 0.07362621
8.96285760 2.27092048 0.07427337
8.96234316 2.27342620 0.07493012
8.96182471 2.27595045 0.07559666
8.96130220 2.27849347 0.07627318
8.96077558 2.28105550 0.07695989
8.96024478 2.28363679 0.07765700
8.95970975 2.28623760 0.07836472
8.95917043 2.28885818 0.07908329
8.95862677 2.29149878 0.07981293
8.95807870 2.29415968 0.08055386
8.95752615 2.29684115 0.08130633
8.95696907 2.29954346 0.08207060
8.95640740 2.30226689 0.08284689
8.95584106 2.30501173 0.08363549
8.95526999 2.30777827 0.08443665
8.95469413 2.31056681 0.08525065
8.95411339 2.31337764 0.08607777
8.95352772 2.31621108 0.08691830
8.95293704 2.31906743 0.08777253
8.95234128 2.32194702 0.08864078
8.95174035 2.32485018 0.08952334
8.95113419 2.32777723 0.09042055
8.95052272 2.33072851 0.09133273
8.94990585 2.33370437 0.09226023
8.94928351 2.33670516 0.09320340
8.94865561 2.33973123 0.09416259
8.94802207 2.34278295 0.09513818
8.94738280 2.34586069 0.09613054
8.94673771 2.34896484 0.09714007
8.94608671 2.35209577 0.09816717
8.94542971 2.35525389 0.09921226
8.94476662 2.35843959 0.10027575
8.94409734 2.36165329 0.10135810
8.94342176 2.36489539 0.10245975
8.94273980 2.36816634 0.10358118
8.94205135 2.37146656 0.10472284
8.94135630 2.37479650 0.10588525
8.94065455 2.37815662 0.10706892
8.93994599 2.38154736 0.10827435
8.93923050 2.38496922 0.10950210
8.93850798 2.38842266 0.11075272
8.93777830 2.39190817 0.11202678
8.93704135 2.39542627 0.11332488
8.93629700 2.39897746 0.11464762
8.93554513 2.40256226 0.11599564
8.93478561 2.40618121 0.11736957
8.93401831 2.40983486 0.11877009
8.93324310 2.41352375 0.12019789
8.93245984 2.41724845 0.12165367
8.93166840 2.42100955 0.12313818
8.93086862 2.42480764 0.12465216
8.93006037 2.42864332 0.12619639
8.92924349 2.43251720 0.12777170
8.92841783 2.43642993 0.12937889
8.92758324 2.44038214 0.13101885
8.92673954 2.44437449 0.13269244
8.92588659 2.44840765 0.13440060
8.92502421 2.45248232 0.13614426
8.92415224 2.45659918 0.13792440
8.92327048 2.46075896 0.13974203
8.92237877 2.46496239 0.14159820
8.92147692 2.46921021 0.14349398
8.92056473 2.47350320 0.14543050
8.91964203 2.47784213 0.14740889
8.91870860 2.48222780 0.14943035
8.91776424 2.48666103 0.15149612
8.91680875 2.49114264 0.15360747
8.91584191 2.49567350 0.15576571
8.91486351 2.50025446 0.15797221
8.91387332 2.50488643 0.16022837
8.91287111 2.50957030 0.16253565
8.91185664 2.51430701 0.16489556
8.91082968 2.51909750 0.16730967
8.90978997 2.52394275 0.16977958
8.90873727 2.52884375 0.17230696
8.90767131 2.53380151 0.17489355
8.90659183 2.53881705 0.17754114
8.90549855 2.54389145 0.18025157
8.90439119 2.54902578 0.18302677
8.90326947 2.55422114 0.18586873
8.90213310 2.55947866 0.18877949
8.90098176 2.56479949 0.19176119
8.89981516 2.57018481 0.19481603
8.89863297 2.57563582 0.19794629
8.89743487 2.58115374 0.20115433
8.89622053 2.58673982 0.20444261
8.89498960 2.59239535 0.20781366
8.89374173 2.59812162 0.21127009
8.89247657 2.60391998 0.21481463
8.89119374 2.60979177 0.21845008
8.88989287 2.61573837 0.22217937
8.88857356 2.62176122 0.22600549
8.88723544 2.62786173 0.22993158
8.88587807 2.63404139 0.23396086
8.88450106 2.64030168 0.23809668
8.88310397 2.64664413 0.24234248
8.88168636 2.65307029 0.24670186
8.88024779 2.65958174 0.25117851
8.87878780 2.66618008 0.25577626
8.87730591 2.67286695 0.26049907
8.87580164 2.67964401 0.26535102
8.87427451 2.68651294 0.27033635
8.87272401 2.69347546 0.27545943
8.87114962 2.70053329 0.28072475
8.86955082 2.70768820 0.28613698
8.86792706 2.71494198 0.29170093
8.86627779 2.72229643 0.29742153
8.86460246 2.72975337 0.30330391
8.86290048 2.73731465 0.30935331
8.86117127 2.74498212 0.31557516
8.85941424 2.75275767 0.32197501
8.85762877 2.76064318 0.32855860
8.85581424 2.76864054 0.33533180
8.85397002 2.77675167 0.34230064
8.85209546 2.78497847 0.34947132
8.85018992 2.79332286 0.35685015
8.84825273 2.80178673 0.36444362
8.84628321 2.81037198 0.37225833
8.84428068 2.81908050 0.38030103
8.84224446 2.82791416 0.38857858
8.84017383 2.83687479 0.39709796
8.83806811 2.84596421 0.40586624
8.83592657 2.85518420 0.41489060
8.83374850 2.86453650 0.42417826
8.83153319 2.87402277 0.43373650
8.82927992 2.88364464 0.44357265
8.82698795 2.89340367 0.45369402
8.82465658 2.90330132 0.46410792
8.82228509 2.91333898 0.47482159
8.81987277 2.92351793 0.48584221
8.81741892 2.93383933 0.49717681
8.81492285 2.94430424 0.50883228
8.81238387 2.95491354 0.52081529
8.80980134 2.96566799 0.53313228
8.80717460 2.97656818 0.54578935
8.80450304 2.98761450 0.55879225
8.80178607 2.99880715 0.57214630
8.79902312 3.01014611 0.58585633
8.79621367 3.02163112 0.59992661
8.79335724 3.03326168 0.61436077
8.79045337 3.04503702 0.62916172
8.78750169 3.05695606 0.64433160
8.78450185 3.06901745 0.65987165
8.78145356 3.08121947 0.67578217
8.77835662 3.09356009 0.69206238
8.77521089 3.10603690 0.70871040
8.77201630 3.11864711 0.72572311
8.76877287 3.13138753 0.74309608
8.76548069 3.14425459 0.76082349
8.76213998 3.15724424 0.77889807
8.75875103 3.17035202 0.79731098
8.75531426 3.18357303 0.81605181
8.75183017 3.19690189 0.83510847
8.74829941 3.21033276 0.85446715
8.74472272 3.22385934 0.87411234
8.74110101 3.23747484 0.89402676
8.73743526 3.25117203 0.91419137
8.73372664 3.26494321 0.93458541
8.72997642 3.27878024 0.95518639
8.72618602 3.29267452 0.97597021
8.72235699 3.30661706 0.99691117
8.71849103 3.32059848 1.01798213
8.71458996 3.33460902 1.03915457
8.71065575 3.34863860 1.06039878
8.70669048 3.36267684 1.08168398
8.70269638 3.37671309 1.10297854
8.69867579 3.39073649 1.12425014
8.69463115 3.40473603 1.14546598
8.69056504 3.41870055 1.16659305
8.68648009 3.43261883 1.18759829
8.68237907 3.44647963 1.20844888
8.67826478 3.46027177 1.22911243
8.67414011 3.47398411 1.24955728
8.67000800 3.48760570 1.26975266
8.66587144 3.50112577 1.28966893
8.66173341 3.51453379 1.30927781
8.65759695 3.52781954 1.32855253
8.65346508 3.54097314 1.34746804
8.64934080 3.55398509 1.36600112
8.64522710 3.56684634 1.38413053
8.64112693 3.57954828 1.40183708
8.63704317 3.59208281 1.41910374
8.63297866 3.60444235 1.43591569
8.62893616 3.61661986 1.45226028
8.62491835 3.62860886 1.46812710
8.62092782 3.64040344 1.48350794
8.61696705 3.65199829 1.49839671
8.61303843 3.66338866 1.51278940
8.60914420 3.67457040 1.52668402
8.60528654 3.68553992 1.54008044
8.60146745 3.69629421 1.55298034
8.59768884 3.70683082 1.56538707
8.59395249 3.71714782 1.57730552
8.59026003 3.72724381 1.58874197
8.58661298 3.73711789 1.59970399
8.58301272 3.74676963 1.61020031
8.57946052 3.75619907 1.62024062
8.57595750 3.76540664 1.62983552
8.57250468 3.77439322 1.63899633
8.56910294 3.78316001 1.64773503
8.56575306 3.79170859 1.65606406
8.56245571 3.80004086 1.66399629
8.55921142 3.80815900 1.67154487
8.55602065 3.81606545 1.67872317
8.55288375 3.82376291 1.68554466
8.54980098 3.83125428 1.69202284
8.54677249 3.83854266 1.69817120
8.54379837 3.84563131 1.70400311
8.54087863 3.85252365 1.70953180
8.53801317 3.85922321 1.71477030
8.53520187 3.86573365 1.71973139
8.53244451 3.87205869 1.72442758
8.52974083 3.87820216 1.72887107
8.52709049 3.88416790 1.73307372
8.52449312 3.88995983 1.73704704
8.52194829 3.89558188 1.74080219
8.51945554 3.90103799 1.74434992
8.51701437 3.90633213 1.74770063
8.51462421 3.91146824 1.75086431
8.51228451 3.91645024 1.75385057
8.50999466 3.92128206 1.75666860
8.50775402 3.92596756 1.75932725
8.50556194 3.93051058 1.76183495
8.50341776 3.93491492 1.76419978
8.50132077 3.93918433 1.76642942
8.49927028 3.94332249 1.76853123
8.49726557 3.94733303 1.77051220
8.49530590 3.95121954 1.77237897
8.49339054 3.95498552 1.77413788
8.49151875 3.95863441 1.77579494
8.48968978 3.96216958 1.77735584
8.48790287 3.96559434 1.77882601
8.48615727 3.96891192 1.78021056
8.48445224 3.97212547 1.78151437
8.48278700 3.97523809 1.78274202
8.48116081 3.97825278 1.78389789
8.47957293 3.98117250 1.78498607
8.47802260 3.98400009 1.78601048
8.47650908 3.98673837 1.78697479
8.47503164 3.98939005 1.78788247
8.47358954 3.99195778 1.78873681
8.47218207 3.99444413 1.78954092
8.47080851 3.99685163 1.79029772
8.46946815 3.99918271 1.79100996
8.46816029 4.00143974 1.79168025
8.46688424 4.00362502 1.79231105
8.46563931 4.00574081 1.79290467
8.46442484 4.00778926 1.79346330
8.46324015 4.00977250 1.79398898
8.46208461 4.01169258 1.79448366
8.46095755 4.01355147 1.79494916
8.45985835 4.01535113 1.79538720
8.45878639 4.01709341 1.79579940
8.45774104 4.01878014 1.79618729
8.45672172 4.02041307 1.79655229
8.45572782 4.02199392 1.79689576
8.45475876 4.02352434 1.79721897
8.45381398 4.02500594 1.79752313
8.45289290 4.02644026 1.79780934
8.45199499 4.02782883 1.79807869
8.45111970 4.02917309 1.79833216
8.45026650 4.03047447 1.79857069
8.44943487 4.03173434 1.79879517
8.44862431 4.03295402 1.79900643
8.44783430 4.03413480 1.79920525
8.44706438 4.03527792 1.79939236
8.44631405 4.03638459 1.79956846
8.44558284 4.03745599 1.79973421
8.44487031 4.03849323 1.79989020
8.44417599 4.03949743 1.80003703
8.44349945 4.04046962 1.80017522
8.44284026 4.04141085 1.80030530
8.44219800 4.04232211 1.80042773
8.44157225 4.04320435 1.80054298
8.44096261 4.04405851 1.80065147
8.44036868 4.04488549 1.80075359
8.43979009 4.04568617 1.80084972
8.43922645 4.04646138 1.80094022
8.43867740 4.04721194 1.80102542
8.43814256 4.04793866 1.80110562
8.43762160 4.04864228 1.80118113
8.43711417 4.04932355 1.80125222
8.43661993 4.04998320 1.80131915
8.43613855 4.05062191 1.80138217
8.43566971 4.05124035 1.80144151
8.43521310 4.05183917 1.80149738
8.43476841 4.05241901 1.80154998
8.43433535 4.05298048 1.80159951
8.43391361 4.05352415 1.80164616
8.43350291 4.05405060 1.80169008
8.43310298 4.05456039 1.80173144
8.43271355 4.05505404 1.80177039
8.43233433 4.05553208 1.80180708
8.43196509 4.05599500 1.80184162
8.43160556 4.05644329 1.80187416
8.43125550 4.05687741 1.80190480
8.43091467 4.05729782 1.80193366
8.43058283 4.05770496 1.80196084
8.43025974 4.05809925 1.80198644
8.42994520 4.05848110 1.80201055
8.42963897 4.05885091 1.80203327
8.42934085 4.05920906 1.80205466
8.42905062 4.05955592 1.80207482
8.42876809 4.05989187 1.80209380
8.42849305 4.06021723 1.80211168
8.42822532 4.06053236 1.80212853
8.42796470 4.06083757 1.80214440
8.42771100 4.06113318 1.80215935
8.42746406 4.06141951 1.80217344
8.42722370 4.06169684 1.80218671
8.42698974 4.06196546 1.80219921
8.42676202 4.06222564 1.80221099
8.42654037 4.06247766 1.80222209
8.42632464 4.06272178 1.80223255
8.42611468 4.06295825 1.80224240
8.42591033 4.06318730 1.80225169
8.42571145 4.06340918 1.80226044
8.42551790 4.06362411 1.80226868
8.42532953 4.06383231 1.80227645
8.42514621 4.06403400 1.80228377
8.42496781 4.06422938 1.80229067
8.42479419 4.06441866 1.80229717
8.42462524 4.06460202 1.80230329
8.42446083 4.06477965 1.80230906
8.42430084 4.06495174 1.80231450
8.42414515 4.06511845 1.80231963
8.42399366 4.06527997 1.80232446
8.42384625 4.06543645 1.80232902
8.42370281 4.06558805 1.80233331
8.42356323 4.06573493 1.80233736
8.42342743 4.06587724 1.80234117
8.42329529 4.06601511 1.80234476
8.42316672 4.06614870 1.80234815
8.42304162 4.06627813 1.80235134
8.42291990 4.06640353 1.80235435
8.42280148 4.06652504 1.80235719
8.42268627 4.06664277 1.80235986
8.42257417 4.06675685 1.80236238
8.42246511 4.06686739 1.80236476
8.42235901 4.06697449 1.80236700
8.42225578 4.06707828 1.80236911
8.42215536 4.06717885 1.80237110
8.42205766 4.06727630 1.80237298
8.42196262 4.06737073 1.80237475
8.42187016 4.06746224 1.80237642
8.42178021 4.06755092 1.80237799
8.42169271 4.06763685 1.80237947
8.42160759 4.06772013 1.80238087
8.42152478 4.06780083 1.80238219
8.42144423 4.06787904 1.80238343
8.42136588 4.06795483 1.80238460
8.42128966 4.06802828 1.80238570
8.42121552 4.06809947 1.80238674
8.42114341 4.06816846 1.80238773
8.42107326 4.06823532 1.80238865
8.42100502 4.06830012 1.80238952
8.42093865 4.06836292 1.80239035
8.42087410 4.06842379 1.80239112
8.42081130 4.06848279 1.80239185
8.42075023 4.06853997 1.80239254
8.42069083 4.06859539 1.80239319
8.42063305 4.06864910 1.80239381
8.42057685 4.06870117 1.80239439
8.42052220 4.06875163 1.80239493
8.42046904 4.06880055 1.80239545
8.42041734 4.06884796 1.80239593
8.42036705 4.06889392 1.80239639
8.42031815 4.06893846 1.80239682
8.42027059 4.06898165 1.80239723
8.42022433 4.06902350 1.80239761
8.42017934 4.06906408 1.80239797
8.42013559 4.06910341 1.80239831
8.42009304 4.06914154 1.80239863
8.42005166 4.06917850 1.80239894
8.42001142 4.06921433 1.80239922
8.41997229 4.06924906 1.80239949
8.41993423 4.06928273 1.80239975
8.41989722 4.06931537 1.80239999
8.41986123 4.06934702 1.80240021
8.41982623 4.06937770 1.80240043
8.41979219 4.06940744 1.80240063
8.41975909 4.06943627 1.80240082
8.41972691 4.06946423 1.80240100
8.41969561 4.06949133 1.80240117
8.41966518 4.06951760 1.80240133
8.41963558 4.06954308 1.80240148
8.41960680 4.06956778 1.80240162
8.41957882 4.06959172 1.80240175
8.41955161 4.06961494 1.80240188
8.41952515 4.06963745 1.80240200
8.41949942 4.06965928 1.80240211
8.41947441 4.06968044 1.80240222
8.41945008 4.06970096 1.80240232
8.41942643 4.06972086 1.80240241
8.41940343 4.06974015 1.80240250
8.41938107 4.06975885 1.80240258
8.41935933 4.06977699 1.80240266
8.41933819 4.06979458 1.80240274
8.41931764 4.06981163 1.80240281
8.41929765 4.06982817 1.80240287
8.41927822 4.06984421 1.80240293
8.41925933 4.06985976 1.80240299
8.41924096 4.06987483 1.80240305
8.41922310 4.06988946 1.80240310
8.41920573 4.06990364 1.80240315
8.41918885 4.06991739 1.80240320
8.41917244 4.06993072 1.80240324
8.41915648 4.06994365 1.80240328
8.41914096 4.06995619 1.80240332
8.41912588 4.06996835 1.80240336
8.41911121 4.06998015 1.80240339
8.41909696 4.06999159 1.80240343
8.41908310 4.07000268 1.80240346
8.41906962 4.07001344 1.80240349
8.41905652 4.07002387 1.80240352
8.41904378 4.07003399 1.80240354
8.41903140 4.07004380 1.80240357
8.41901936 4.07005332 1.80240359
8.41900766 4.07006255 1.80240361
8.41899628 4.07007150 1.80240363
8.41898522 4.07008019 1.80240365
8.41897446 4.07008861 1.80240367
8.41896401 4.07009678 1.80240369
8.41895385 4.07010470 1.80240370
8.41894397 4.07011238 1.80240372
8.41893437 4.07011984 1.80240373
8.41892503 4.07012707 1.80240375
8.41891595 4.07013408 1.80240376
8.41890713 4.07014088 1.80240377
8.41889855 4.07014748 1.80240378
8.41889022 4.07015388 1.80240380
8.41888211 4.07016008 1.80240381
