6.42600847 4.39240893 1.07164796
6.42704607 4.39723997 1.07407599
6.42800894 4.40203101 1.07645124
6.42889732 4.40678322 1.07877627
6.42971143 4.41149778 1.08105365
6.43045152 4.41617587 1.08328592
6.43111779 4.42081872 1.08547557
6.43171047 4.42542754 1.08762509
6.43222976 4.43000356 1.08973693
6.43267587 4.43454801 1.09181353
6.43304900 4.43906216 1.09385728
6.43334931 4.44354724 1.09587058
6.43357699 4.44800452 1.09785576
6.43373218 4.45243528 1.09981518
6.43381505 4.45684078 1.10175113
6.43382573 4.46122231 1.10366592
6.43376432 4.46558115 1.10556180
6.43363095 4.46991859 1.10744103
6.43342570 4.47423592 1.10930585
6.43314865 4.47853443 1.11115848
6.43279985 4.48281542 1.11300111
6.43237936 4.48708020 1.11483595
6.43188719 4.49133006 1.11666517
6.43132337 4.49556631 1.11849095
6.43068787 4.49979025 1.12031546
6.42998069 4.50400319 1.12214085
6.42920178 4.50820644 1.12396928
6.42835107 4.51240130 1.12580291
6.42742850 4.51658909 1.12764389
6.42643397 4.52077111 1.12949438
6.42536736 4.52494868 1.13135654
6.42422855 4.52912310 1.13323253
6.42301739 4.53329567 1.13512454
6.42173372 4.53746772 1.13703474
6.42037736 4.54164054 1.13896534
6.41894810 4.54581545 1.14091853
6.41744573 4.54999374 1.14289654
6.41587003 4.55417673 1.14490161
6.41422074 4.55836571 1.14693599
6.41249760 4.56256198 1.14900197
6.41070034 4.56676685 1.15110184
6.40882867 4.57098161 1.15323792
6.40688227 4.57520754 1.15541255
6.40486085 4.57944594 1.15762810
6.40276407 4.58369810 1.15988696
6.40059159 4.58796528 1.16219155
6.39834306 4.59224877 1.16454431
6.39601813 4.59654982 1.16694773
6.39361643 4.60086971 1.16940429
6.39113759 4.60520969 1.17191653
6.38858125 4.60957099 1.17448699
6.38594701 4.61395486 1.17711827
6.38323451 4.61836252 1.17981296
6.38044336 4.62279519 1.18257371
6.37757319 4.62725406 1.18540315
6.37462363 4.63174032 1.18830398
6.37159430 4.63625515 1.19127888
6.36848486 4.64079969 1.19433056
6.36529495 4.64537509 1.19746175
6.36202424 4.64998245 1.20067518
6.35867242 4.65462288 1.20397359
6.35523917 4.65929744 1.20735972
6.35172424 4.66400718 1.21083631
6.34812736 4.66875311 1.21440606
6.34444831 4.67353621 1.21807171
6.34068690 4.67835744 1.22183591
6.33684297 4.68321771 1.22570134
6.33291639 4.68811790 1.22967058
6.32890710 4.69305885 1.23374622
6.32481505 4.69804134 1.23793073
6.32064027 4.70306613 1.24222656
6.31638284 4.70813390 1.24663604
6.31204287 4.71324531 1.25116144
6.30762057 4.71840092 1.25580490
6.30311620 4.72360128 1.26056843
6.29853009 4.72884683 1.26545393
6.29386265 4.73413797 1.27046313
6.28911438 4.73947501 1.27559761
6.28428584 4.74485822 1.28085876
6.27937771 4.75028775 1.28624776
6.27439074 4.75576369 1.29176560
6.26932580 4.76128604 1.29741300
6.26418385 4.76685471 1.30319047
6.25896596 4.77246951 1.30909822
6.25367330 4.77813017 1.31513620
6.24830719 4.78383630 1.32130403
6.24286902 4.78958742 1.32760104
6.23736034 4.79538295 1.33402621
6.23178281 4.80122217 1.34057815
6.22613822 4.80710430 1.34725516
6.22042848 4.81302839 1.35405510
6.21465564 4.81899342 1.36097548
6.20882188 4.82499822 1.36801340
6.20292951 4.83104153 1.37516556
6.19698096 4.83712194 1.38242824
6.19097882 4.84323796 1.38979731
6.18492578 4.84938796 1.39726820
6.17882467 4.85557018 1.40483597
6.17267844 4.86178276 1.41249523
6.16649017 4.86802374 1.42024020
6.16026305 4.87429101 1.42806471
6.15400037 4.88058239 1.43596220
6.14770554 4.88689557 1.44392578
6.14138208 4.89322815 1.45194817
6.13503356 4.89957764 1.46002181
6.12866367 4.90594145 1.46813883
6.12227617 4.91231691 1.47629110
6.11587487 4.91870128 1.48447026
6.10946366 4.92509174 1.49266773
6.10304644 4.93148540 1.50087481
6.09662717 4.93787934 1.50908265
6.09020984 4.94427058 1.51728231
6.08379843 4.95065611 1.52546482
6.07739693 4.95703287 1.53362120
6.07100933 4.96339781 1.54174253
6.06463958 4.96974786 1.54981995
6.05829160 4.97607994 1.55784473
6.05196927 4.98239099 1.56580831
6.04567641 4.98867796 1.57370233
6.03941677 4.99493785 1.58151866
6.03319401 5.00116767 1.58924948
6.02701172 5.00736448 1.59688724
6.02087339 5.01352541 1.60442476
6.01478238 5.01964764 1.61185521
6.00874195 5.02572842 1.61917216
6.00275525 5.03176508 1.62636960
5.99682526 5.03775503 1.63344193
5.99095486 5.04369578 1.64038402
5.98514677 5.04958493 1.64719118
5.97940357 5.05542016 1.65385920
5.97372768 5.06119929 1.66038431
5.96812138 5.06692023 1.66676323
5.96258678 5.07258100 1.67299315
5.95712583 5.07817973 1.67907171
5.95174035 5.08371468 1.68499699
5.94643196 5.08918423 1.69076753
5.94120217 5.09458685 1.69638229
5.93605230 5.09992117 1.70184065
5.93098353 5.10518590 1.70714238
5.92599689 5.11037989 1.71228764
5.92109325 5.11550210 1.71727692
5.91627336 5.12055160 1.72211108
5.91153780 5.12552759 1.72679127
5.90688705 5.13042936 1.73131896
5.90232143 5.13525632 1.73569588
5.89784115 5.14000798 1.73992400
5.89344630 5.14468395 1.74400554
5.88913683 5.14928395 1.74794290
5.88491262 5.15380778 1.75173869
5.88077343 5.15825534 1.75539567
5.87671890 5.16262660 1.75891674
5.87274861 5.16692165 1.76230492
5.86886204 5.17114062 1.76556336
5.86505858 5.17528374 1.76869528
5.86133757 5.17935130 1.77170395
5.85769824 5.18334366 1.77459273
5.85413980 5.18726125 1.77736500
5.85066137 5.19110454 1.78002416
5.84726201 5.19487408 1.78257364
5.84394077 5.19857045 1.78501686
5.84069662 5.20219429 1.78735723
5.83752849 5.20574628 1.78959813
5.83443530 5.20922715 1.79174294
5.83141591 5.21263766 1.79379497
5.82846917 5.21597860 1.79575750
5.82559389 5.21925079 1.79763376
5.82278889 5.22245509 1.79942692
5.82005293 5.22559237 1.80114010
5.81738479 5.22866354 1.80277633
5.81478323 5.23166951 1.80433859
5.81224700 5.23461123 1.80582979
5.80977483 5.23748964 1.80725276
5.80736549 5.24030571 1.80861024
5.80501769 5.24306041 1.80990491
5.80273019 5.24575472 1.81113937
5.80050173 5.24838964 1.81231613
5.79833107 5.25096617 1.81343763
5.79621695 5.25348528 1.81450623
5.79415816 5.25594799 1.81552421
5.79215345 5.25835530 1.81649376
5.79020163 5.26070820 1.81741702
5.78830149 5.26300768 1.81829602
5.78645185 5.26525475 1.81913273
5.78465152 5.26745038 1.81992906
5.78289936 5.26959555 1.82068682
5.78119423 5.27169125 1.82140777
5.77953499 5.27373843 1.82209360
5.77792053 5.27573806 1.82274591
5.77634978 5.27769108 1.82336626
5.77482165 5.27959844 1.82395614
5.77333509 5.28146106 1.82451698
5.77188907 5.28327987 1.82505012
5.77048257 5.28505577 1.82555690
5.76911458 5.28678967 1.82603854
5.76778414 5.28848244 1.82649626
5.76649028 5.29013495 1.82693119
5.76523207 5.29174807 1.82734442
5.76400857 5.29332265 1.82773701
5.76281889 5.29485953 1.82810995
5.76166215 5.29635951 1.82846419
5.76053748 5.29782341 1.82880064
5.75944405 5.29925204 1.82912017
5.75838101 5.30064616 1.82942361
5.75734757 5.30200655 1.82971175
5.75634294 5.30333396 1.82998533
5.75536634 5.30462914 1.83024508
5.75441703 5.30589281 1.83049168
5.75349427 5.30712569 1.83072578
5.75259734 5.30832848 1.83094801
5.75172555 5.30950187 1.83115894
5.75087821 5.31064653 1.83135915
5.75005465 5.31176313 1.83154918
5.74925423 5.31285231 1.83172952
5.74847631 5.31391472 1.83190066
5.74772027 5.31495097 1.83206308
5.74698552 5.31596168 1.83221720
5.74627147 5.31694745 1.83236344
5.74557755 5.31790886 1.83250220
5.74490319 5.31884648 1.83263386
5.74424786 5.31976089 1.83275878
5.74361103 5.32065262 1.83287729
5.74299219 5.32152221 1.83298973
5.74239083 5.32237020 1.83309639
5.74180646 5.32319710 1.83319758
5.74123862 5.32400341 1.83329358
5.74068684 5.32478963 1.83338463
5.74015067 5.32555624 1.83347101
5.73962968 5.32630371 1.83355294
5.73912343 5.32703251 1.83363066
5.73863151 5.32774307 1.83370437
5.73815353 5.32843586 1.83377429
5.73768908 5.32911128 1.83384061
5.73723779 5.32976978 1.83390350
5.73679929 5.33041176 1.83396315
5.73637321 5.33103761 1.83401973
5.73595921 5.33164775 1.83407338
5.73555694 5.33224254 1.83412427
5.73516607 5.33282237 1.83417253
5.73478628 5.33338760 1.83421829
5.73441725 5.33393859 1.83426169
5.73405869 5.33447569 1.83430285
5.73371029 5.33499924 1.83434188
5.73337176 5.33550958 1.83437890
5.73304283 5.33600702 1.83441400
5.73272322 5.33649190 1.83444728
5.73241267 5.33696452 1.83447884
5.73211092 5.33742518 1.83450877
5.73181772 5.33787418 1.83453715
5.73153283 5.33831181 1.83456406
5.73125601 5.33873835 1.83458958
5.73098703 5.33915407 1.83461377
5.73072567 5.33955926 1.83463672
5.73047171 5.33995416 1.83465847
5.73022494 5.34033903 1.83467910
5.72998516 5.34071413 1.83469866
5.72975217 5.34107970 1.83471720
5.72952577 5.34143597 1.83473479
5.72930578 5.34178318 1.83475146
5.72909201 5.34212156 1.83476727
5.72888429 5.34245132 1.83478226
5.72868245 5.34277268 1.83479647
5.72848631 5.34308586 1.83480995
5.72829572 5.34339106 1.83482273
5.72811051 5.34368848 1.83483484
5.72793054 5.34397831 1.83484633
5.72775565 5.34426074 1.83485722
5.72758570 5.34453597 1.83486754
5.72742055 5.34480417 1.83487733
5.72726006 5.34506551 1.83488662
5.72710411 5.34532018 1.83489542
5.72695255 5.34556835 1.83490376
5.72680527 5.34581016 1.83491167
5.72666214 5.34604579 1.83491917
5.72652304 5.34627540 1.83492629
5.72638787 5.34649912 1.83493303
5.72625651 5.34671712 1.83493942
5.72612884 5.34692954 1.83494548
5.72600477 5.34713652 1.83495123
5.72588420 5.34733819 1.83495668
5.72576701 5.34753469 1.83496184
5.72565313 5.34772616 1.83496674
5.72554245 5.34791272 1.83497138
5.72543488 5.34809449 1.83497579
5.72533033 5.34827159 1.83497996
5.72522873 5.34844415 1.83498392
5.72512997 5.34861229 1.83498767
5.72503399 5.34877610 1.83499123
5.72494071 5.34893570 1.83499460
5.72485004 5.34909121 1.83499780
5.72476192 5.34924272 1.83500083
5.72467627 5.34939034 1.83500370
5.72459302 5.34953416 1.83500643
5.72451211 5.34967428 1.83500901
5.72443346 5.34981079 1.83501146
5.72435701 5.34994380 1.83501378
5.72428271 5.35007338 1.83501599
5.72421049 5.35019963 1.83501807
5.72414028 5.35032263 1.83502005
5.72407205 5.35044246 1.83502193
5.72400572 5.35055920 1.83502371
5.72394124 5.35067294 1.83502540
5.72387857 5.35078374 1.83502700
5.72381764 5.35089169 1.83502851
5.72375842 5.35099686 1.83502995
5.72370086 5.35109932 1.83503131
5.72364489 5.35119913 1.83503260
5.72359050 5.35129637 1.83503383
5.72353761 5.35139110 1.83503499
5.72348621 5.35148339 1.83503609
5.72343623 5.35157330 1.83503714
5.72338765 5.35166089 1.83503813
5.72334042 5.35174621 1.83503907
5.72329451 5.35182933 1.83503996
5.72324987 5.35191031 1.83504080
5.72320648 5.35198919 1.83504160
5.72316429 5.35206604 1.83504236
5.72312327 5.35214090 1.83504308
5.72308340 5.35221383 1.83504376
5.72304464 5.35228487 1.83504440
5.72300695 5.35235407 1.83504502
5.72297030 5.35242149 1.83504560
5.72293468 5.35248716 1.83504615
5.72290004 5.35255114 1.83504667
5.72286637 5.35261346 1.83504717
5.72283363 5.35267417 1.83504764
5.72280179 5.35273331 1.83504808
5.72277084 5.35279091 1.83504850
5.72274075 5.35284703 1.83504890
5.72271149 5.35290170 1.83504928
5.72268304 5.35295494 1.83504964
5.72265537 5.35300681 1.83504998
5.72262847 5.35305734 1.83505031
5.72260232 5.35310656 1.83505061
5.72257689 5.35315451 1.83505090
5.72255216 5.35320121 1.83505118
5.72252812 5.35324670 1.83505144
5.72250474 5.35329101 1.83505169
5.72248200 5.35333418 1.83505192
5.72245990 5.35337623 1.83505215
5.72243840 5.35341718 1.83505236
5.72241749 5.35345708 1.83505256
5.72239717 5.35349594 1.83505275
5.72237740 5.35353379 1.83505293
5.72235818 5.35357066 1.83505310
5.72233948 5.35360658 1.83505326
5.72232131 5.35364156 1.83505341
5.72230363 5.35367564 1.83505356
5.72228644 5.35370883 1.83505370
5.72226972 5.35374116 1.83505383
5.72225346 5.35377265 1.83505395
5.72223765 5.35380332 1.83505407
5.72222227 5.35383320 1.83505418
5.72220732 5.35386230 1.83505429
5.72219278 5.35389065 1.83505439
5.72217863 5.35391826 1.83505448
5.72216488 5.35394516 1.83505457
5.72215150 5.35397135 1.83505466
5.72213849 5.35399687 1.83505474
5.72212584 5.35402172 1.83505481
5.72211353 5.35404593 1.83505489
5.72210156 5.35406950 1.83505496
5.72208992 5.35409247 1.83505502
5.72207860 5.35411484 1.83505508
5.72206758 5.35413663 1.83505514
5.72205687 5.35415785 1.83505520
5.72204645 5.35417852 1.83505525
5.72203632 5.35419865 1.83505530
5.72202647 5.35421826 1.83505535
5.72201688 5.35423736 1.83505539
5.72200756 5.35425596 1.83505544
5.72199849 5.35427408 1.83505548
5.72198967 5.35429173 1.83505552
5.72198109 5.35430891 1.83505555
5.72197274 5.35432566 1.83505559
5.72196462 5.35434196 1.83505562
5.72195673 5.35435784 1.83505565
5.72194905 5.35437331 1.83505568
5.72194158 5.35438838 1.83505571
5.72193431 5.35440305 1.83505573
5.72192724 5.35441734 1.83505576
5.72192036 5.35443126 1.83505578
5.72191367 5.35444482 1.83505581
5.72190717 5.35445803 1.83505583
5.72190084 5.35447089 1.83505585
5.72189468 5.35448341 1.83505587
5.72188869 5.35449562 1.83505588
5.72188286 5.35450750 1.83505590
5.72187719 5.35451907 1.83505592
5.72187168 5.35453034 1.83505593
5.72186632 5.35454132 1.83505595
5.72186110 5.35455201 1.83505596
5.72185602 5.35456243 1.83505598
5.72185108 5.35457257 1.83505599
5.72184628 5.35458245 1.83505600
5.72184160 5.35459207 1.83505601
5.72183706 5.35460144 1.83505602
5.72183263 5.35461057 1.83505603
