1.91083646 1.22580218 1.61719895
1.91781522 1.23047899 1.62415982
1.92461247 1.23501214 1.63074230
1.93123049 1.23940411 1.63696236
1.93767180 1.24365756 1.64283582
1.94393907 1.24777522 1.64837833
1.95003513 1.25175994 1.65360527
1.95596295 1.25561464 1.65853171
1.96172560 1.25934229 1.66317236
1.96732625 1.26294590 1.66754154
1.97276816 1.26642855 1.67165312
1.97805464 1.26979329 1.67552051
1.98318905 1.27304321 1.67915667
1.98817478 1.27618141 1.68257404
1.99301525 1.27921094 1.68578459
1.99771390 1.28213488 1.68879978
2.00227413 1.28495624 1.69163058
2.00669938 1.28767803 1.69428745
2.01099305 1.29030322 1.69678037
2.01515851 1.29283471 1.69911885
2.01919910 1.29527540 1.70131192
2.02311815 1.29762810 1.70336815
2.02691892 1.29989559 1.70529568
2.03060462 1.30208058 1.70710222
2.03417844 1.30418574 1.70879505
2.03764349 1.30621365 1.71038107
2.04100282 1.30816687 1.71186680
2.04425946 1.31004787 1.71325838
2.04741634 1.31185906 1.71456162
2.05047634 1.31360280 1.71578198
2.05344228 1.31528137 1.71692461
2.05631693 1.31689701 1.71799435
2.05910297 1.31845188 1.71899578
2.06180303 1.31994808 1.71993319
2.06441967 1.32138766 1.72081059
2.06695540 1.32277259 1.72163179
2.06941265 1.32410480 1.72240034
2.07179379 1.32538614 1.72311958
2.07410114 1.32661843 1.72379265
2.07633693 1.32780341 1.72442249
2.07850335 1.32894277 1.72501185
2.08060254 1.33003816 1.72556334
2.08263655 1.33109116 1.72607936
2.08460739 1.33210329 1.72656220
2.08651701 1.33307605 1.72701398
2.08836730 1.33401087 1.72743670
2.09016011 1.33490913 1.72783223
2.09189722 1.33577217 1.72820232
2.09358035 1.33660128 1.72854860
2.09521120 1.33739772 1.72887262
2.09679138 1.33816269 1.72917580
2.09832249 1.33889735 1.72945949
2.09980605 1.33960283 1.72972494
2.10124354 1.34028022 1.72997335
2.10263643 1.34093056 1.73020579
2.10398609 1.34155486 1.73042332
2.10529388 1.34215410 1.73062689
2.10656112 1.34272921 1.73081740
2.10778908 1.34328111 1.73099569
2.10897899 1.34381067 1.73116256
2.11013205 1.34431873 1.73131874
2.11124941 1.34480610 1.73146493
2.11233219 1.34527358 1.73160177
2.11338148 1.34572191 1.73172985
2.11439834 1.34615183 1.73184976
2.11538377 1.34656403 1.73196201
2.11633877 1.34695920 1.73206709
2.11726430 1.34733798 1.73216548
2.11816128 1.34770101 1.73225760
2.11903060 1.34804889 1.73234386
2.11987313 1.34838220 1.73242463
2.12068973 1.34870150 1.73250026
2.12148119 1.34900735 1.73257110
2.12224830 1.34930025 1.73263744
2.12299184 1.34958071 1.73269957
2.12371255 1.34984922 1.73275777
2.12441112 1.35010624 1.73281229
2.12508827 1.35035221 1.73286336
2.12574466 1.35058758 1.73291120
2.12638094 1.35081276 1.73295603
2.12699774 1.35102814 1.73299803
2.12759567 1.35123412 1.73303738
2.12817531 1.35143106 1.73307426
2.12873725 1.35161932 1.73310882
2.12928204 1.35179925 1.73314122
2.12981020 1.35197118 1.73317158
2.13032227 1.35213543 1.73320003
2.13081873 1.35229229 1.73322671
2.13130008 1.35244208 1.73325172
2.13176679 1.35258506 1.73327517
2.13221931 1.35272152 1.73329716
2.13265808 1.35285172 1.73331777
2.13308354 1.35297591 1.73333711
2.13349610 1.35309434 1.73335524
2.13389615 1.35320724 1.73337224
2.13428409 1.35331483 1.73338820
2.13466029 1.35341733 1.73340316
2.13502511 1.35351495 1.73341720
2.13537892 1.35360789 1.73343037
2.13572204 1.35369634 1.73344273
2.13605481 1.35378049 1.73345433
2.13637755 1.35386052 1.73346521
2.13669057 1.35393660 1.73347543
2.13699416 1.35400888 1.73348501
2.13728863 1.35407754 1.73349402
2.13757425 1.35414273 1.73350246
2.13785130 1.35420458 1.73351040
2.13812003 1.35426325 1.73351785
2.13838071 1.35431886 1.73352484
2.13863358 1.35437154 1.73353141
2.13887889 1.35442143 1.73353758
2.13911685 1.35446864 1.73354337
2.13934771 1.35451329 1.73354882
2.13957168 1.35455548 1.73355393
2.13978896 1.35459533 1.73355874
2.13999977 1.35463293 1.73356325
2.14020430 1.35466839 1.73356750
2.14040274 1.35470180 1.73357148
2.14059528 1.35473325 1.73357523
2.14078210 1.35476282 1.73357876
2.14096338 1.35479060 1.73358207
2.14113928 1.35481668 1.73358518
2.14130996 1.35484112 1.73358811
2.14147559 1.35486400 1.73359086
2.14163632 1.35488539 1.73359345
2.14179230 1.35490537 1.73359589
2.14194368 1.35492399 1.73359818
2.14209058 1.35494132 1.73360033
2.14223315 1.35495742 1.73360236
2.14237153 1.35497234 1.73360427
2.14250583 1.35498615 1.73360607
2.14263617 1.35499889 1.73360776
2.14276269 1.35501061 1.73360935
2.14288549 1.35502137 1.73361084
2.14300469 1.35503121 1.73361225
2.14312040 1.35504018 1.73361358
2.14323271 1.35504832 1.73361483
2.14334174 1.35505566 1.73361600
2.14344758 1.35506226 1.73361711
2.14355033 1.35506815 1.73361816
2.14365007 1.35507335 1.73361914
2.14374691 1.35507792 1.73362007
2.14384093 1.35508188 1.73362094
2.14393221 1.35508526 1.73362176
2.14402083 1.35508810 1.73362253
2.14410688 1.35509042 1.73362326
2.14419043 1.35509225 1.73362395
2.14427155 1.35509362 1.73362460
2.14435032 1.35509456 1.73362521
2.14442681 1.35509508 1.73362579
2.14450108 1.35509521 1.73362633
2.14457321 1.35509498 1.73362685
2.14464325 1.35509440 1.73362733
2.14471127 1.35509349 1.73362779
2.14477733 1.35509228 1.73362822
2.14484148 1.35509079 1.73362862
2.14490379 1.35508903 1.73362900
2.14496430 1.35508701 1.73362937
2.14502307 1.35508476 1.73362971
2.14508016 1.35508229 1.73363003
2.14513560 1.35507961 1.73363033
2.14518946 1.35507675 1.73363062
2.14524177 1.35507370 1.73363089
2.14529259 1.35507049 1.73363115
2.14534195 1.35506713 1.73363139
2.14538990 1.35506363 1.73363161
2.14543648 1.35506000 1.73363183
2.14548173 1.35505624 1.73363203
2.14552570 1.35505238 1.73363223
2.14556841 1.35504842 1.73363241
2.14560990 1.35504437 1.73363258
2.14565021 1.35504023 1.73363274
2.14568938 1.35503603 1.73363289
2.14572744 1.35503175 1.73363304
2.14576442 1.35502742 1.73363317
2.14580035 1.35502303 1.73363330
2.14583526 1.35501860 1.73363343
2.14586918 1.35501413 1.73363354
2.14590215 1.35500963 1.73363365
2.14593418 1.35500510 1.73363375
2.14596531 1.35500055 1.73363385
2.14599556 1.35499599 1.73363394
2.14602496 1.35499141 1.73363403
2.14605353 1.35498682 1.73363411
2.14608130 1.35498223 1.73363419
2.14610829 1.35497764 1.73363427
2.14613452 1.35497305 1.73363434
2.14616001 1.35496848 1.73363440
2.14618479 1.35496391 1.73363446
2.14620888 1.35495936 1.73363452
2.14623229 1.35495483 1.73363458
2.14625504 1.35495032 1.73363463
2.14627716 1.35494583 1.73363468
2.14629866 1.35494136 1.73363473
2.14631957 1.35493693 1.73363478
2.14633989 1.35493252 1.73363482
2.14635964 1.35492815 1.73363486
2.14637884 1.35492380 1.73363490
2.14639751 1.35491950 1.73363493
2.14641566 1.35491523 1.73363497
2.14643331 1.35491100 1.73363500
2.14645047 1.35490681 1.73363503
2.14646715 1.35490265 1.73363506
2.14648337 1.35489855 1.73363509
2.14649914 1.35489448 1.73363511
2.14651447 1.35489046 1.73363514
2.14652938 1.35488648 1.73363516
2.14654388 1.35488255 1.73363518
2.14655798 1.35487866 1.73363521
2.14657169 1.35487482 1.73363523
2.14658502 1.35487103 1.73363524
2.14659799 1.35486728 1.73363526
2.14661060 1.35486358 1.73363528
2.14662286 1.35485993 1.73363530
2.14663479 1.35485633 1.73363531
2.14664638 1.35485278 1.73363533
2.14665766 1.35484928 1.73363534
2.14666864 1.35484583 1.73363535
2.14667931 1.35484242 1.73363536
2.14668969 1.35483906 1.73363538
2.14669978 1.35483576 1.73363539
2.14670960 1.35483250 1.73363540
2.14671915 1.35482929 1.73363541
