4.67946908 6.17689460 0.00287732
4.67938955 6.17680367 0.00287878
4.67930997 6.17671270 0.00288024
4.67923034 6.17662170 0.00288170
4.67915066 6.17653065 0.00288316
4.67907093 6.17643956 0.00288463
4.67899114 6.17634843 0.00288610
4.67891130 6.17625726 0.00288757
4.67883141 6.17616605 0.00288904
4.67875147 6.17607480 0.00289051
4.67867147 6.17598351 0.00289198
4.67859143 6.17589217 0.00289346
4.67851133 6.17580080 0.00289494
4.67843117 6.17570938 0.00289641
4.67835097 6.17561793 0.00289789
4.67827071 6.17552643 0.00289938
4.67819040 6.17543490 0.00290086
4.67811004 6.17534332 0.00290234
4.67802963 6.17525170 0.00290383
4.67794916 6.17516004 0.00290532
4.67786864 6.17506834 0.00290681
4.67778806 6.17497659 0.00290830
4.67770744 6.17488481 0.00290979
4.67762676 6.17479298 0.00291129
4.67754603 6.17470112 0.00291278
4.67746524 6.17460921 0.00291428
4.67738440 6.17451726 0.00291578
4.67730351 6.17442527 0.00291728
4.67722257 6.17433324 0.00291878
4.67714157 6.17424116 0.00292029
4.67706052 6.17414905 0.00292179
4.67697941 6.17405689 0.00292330
4.67689825 6.17396469 0.00292481
4.67681704 6.17387245 0.00292632
4.67673577 6.17378017 0.00292783
4.67665445 6.17368784 0.00292935
4.67657308 6.17359548 0.00293086
4.67649165 6.17350307 0.00293238
4.67641017 6.17341062 0.00293390
4.67632864 6.17331813 0.00293542
4.67624705 6.17322560 0.00293694
4.67616541 6.17313302 0.00293847
4.67608371 6.17304040 0.00293999
4.67600196 6.17294774 0.00294152
4.67592016 6.17285504 0.00294305
4.67583830 6.17276230 0.00294458
4.67575638 6.17266951 0.00294611
4.67567441 6.17257668 0.00294765
4.67559239 6.17248381 0.00294918
4.67551032 6.17239090 0.00295072
4.67542818 6.17229794 0.00295226
4.67534600 6.17220494 0.00295380
4.67526376 6.17211190 0.00295534
4.67518146 6.17201882 0.00295688
4.67509911 6.17192569 0.00295843
4.67501671 6.17183252 0.00295998
4.67493425 6.17173931 0.00296153
4.67485173 6.17164606 0.00296308
4.67476916 6.17155276 0.00296463
4.67468654 6.17145942 0.00296619
4.67460386 6.17136604 0.00296774
4.67452112 6.17127261 0.00296930
4.67443833 6.17117914 0.00297086
4.67435549 6.17108563 0.00297242
4.67427259 6.17099207 0.00297398
4.67418963 6.17089848 0.00297555
4.67410662 6.17080483 0.00297711
4.67402355 6.17071115 0.00297868
4.67394043 6.17061742 0.00298025
4.67385725 6.17052365 0.00298182
4.67377402 6.17042984 0.00298340
4.67369073 6.17033598 0.00298497
4.67360738 6.17024208 0.00298655
4.67352398 6.17014813 0.00298813
4.67344052 6.17005415 0.00298971
4.67335701 6.16996011 0.00299129
4.67327344 6.16986604 0.00299287
4.67318981 6.16977192 0.00299446
4.67310613 6.16967776 0.00299605
4.67302239 6.16958355 0.00299764
4.67293860 6.16948930 0.00299923
4.67285474 6.16939501 0.00300082
4.67277084 6.16930067 0.00300241
4.67268687 6.16920629 0.00300401
4.67260285 6.16911186 0.00300561
4.67251877 6.16901739 0.00300721
4.67243464 6.16892288 0.00300881
4.67235045 6.16882832 0.00301041
4.67226620 6.16873372 0.00301202
4.67218190 6.16863907 0.00301363
4.67209753 6.16854438 0.00301523
4.67201312 6.16844964 0.00301684
4.67192864 6.16835486 0.00301846
4.67184411 6.16826004 0.00302007
4.67175952 6.16816517 0.00302169
4.67167487 6.16807026 0.00302330
4.67159016 6.16797530 0.00302492
4.67150540 6.16788030 0.00302655
4.67142058 6.16778525 0.00302817
4.67133571 6.16769016 0.00302979
4.67125077 6.16759502 0.00303142
4.67116578 6.16749984 0.00303305
4.67108073 6.16740462 0.00303468
4.67099562 6.16730935 0.00303631
4.67091046 6.16721403 0.00303795
4.67082523 6.16711867 0.00303958
4.67073995 6.16702327 0.00304122
4.67065461 6.16692781 0.00304286
4.67056921 6.16683232 0.00304450
4.67048376 6.16673678 0.00304615
4.67039824 6.16664119 0.00304779
4.67031267 6.16654556 0.00304944
4.67022704 6.16644988 0.00305109
4.67014135 6.16635416 0.00305274
4.67005560 6.16625839 0.00305439
4.66996980 6.16616258 0.00305605
4.66988393 6.16606672 0.00305770
4.66979801 6.16597082 0.00305936
4.66971203 6.16587487 0.00306102
4.66962599 6.16577887 0.00306268
4.66953989 6.16568283 0.00306435
4.66945373 6.16558674 0.00306602
4.66936751 6.16549061 0.00306768
4.66928124 6.16539443 0.00306935
4.66919490 6.16529821 0.00307102
4.66910850 6.16520194 0.00307270
4.66902205 6.16510562 0.00307437
4.66893554 6.16500926 0.00307605
4.66884896 6.16491285 0.00307773
4.66876233 6.16481639 0.00307941
4.66867564 6.16471989 0.00308110
4.66858889 6.16462335 0.00308278
4.66850208 6.16452675 0.00308447
4.66841520 6.16443011 0.00308616
4.66832827 6.16433343 0.00308785
4.66824128 6.16423669 0.00308954
4.66815423 6.16413991 0.00309124
4.66806712 6.16404309 0.00309293
4.66797995 6.16394622 0.00309463
4.66789272 6.16384930 0.00309633
4.66780543 6.16375233 0.00309803
4.66771808 6.16365532 0.00309974
4.66763067 6.16355826 0.00310145
4.66754319 6.16346115 0.00310315
4.66745566 6.16336400 0.00310487
4.66736807 6.16326680 0.00310658
4.66728041 6.16316955 0.00310829
4.66719270 6.16307226 0.00311001
4.66710493 6.16297491 0.00311173
4.66701709 6.16287752 0.00311345
4.66692919 6.16278009 0.00311517
4.66684123 6.16268261 0.00311689
4.66675322 6.16258507 0.00311862
4.66666514 6.16248750 0.00312035
4.66657700 6.16238987 0.00312208
4.66648879 6.16229220 0.00312381
4.66640053 6.16219448 0.00312555
4.66631220 6.16209671 0.00312728
4.66622382 6.16199889 0.00312902
4.66613537 6.16190103 0.00313076
4.66604686 6.16180312 0.00313251
4.66595829 6.16170516 0.00313425
4.66586966 6.16160715 0.00313600
4.66578096 6.16150910 0.00313775
4.66569221 6.16141099 0.00313950
4.66560339 6.16131284 0.00314125
4.66551451 6.16121464 0.00314300
4.66542557 6.16111640 0.00314476
4.66533656 6.16101810 0.00314652
4.66524749 6.16091976 0.00314828
4.66515836 6.16082137 0.00315004
4.66506917 6.16072293 0.00315181
4.66497992 6.16062444 0.00315358
4.66489060 6.16052590 0.00315534
4.66480122 6.16042732 0.00315712
4.66471178 6.16032868 0.00315889
4.66462228 6.16023000 0.00316066
4.66453271 6.16013127 0.00316244
4.66444308 6.16003249 0.00316422
4.66435339 6.15993366 0.00316600
4.66426363 6.15983478 0.00316779
4.66417381 6.15973585 0.00316957
4.66408393 6.15963688 0.00317136
4.66399399 6.15953785 0.00317315
4.66390398 6.15943878 0.00317494
4.66381391 6.15933966 0.00317674
4.66372377 6.15924049 0.00317853
4.66363357 6.15914126 0.00318033
4.66354331 6.15904199 0.00318213
4.66345298 6.15894267 0.00318394
4.66336259 6.15884331 0.00318574
4.66327214 6.15874389 0.00318755
4.66318162 6.15864442 0.00318936
4.66309104 6.15854490 0.00319117
4.66300040 6.15844533 0.00319298
4.66290969 6.15834572 0.00319480
4.66281891 6.15824605 0.00319662
4.66272808 6.15814633 0.00319844
4.66263717 6.15804657 0.00320026
4.66254621 6.15794675 0.00320208
4.66245518 6.15784689 0.00320391
4.66236408 6.15774697 0.00320574
4.66227292 6.15764700 0.00320757
4.66218170 6.15754699 0.00320940
4.66209041 6.15744692 0.00321124
4.66199905 6.15734680 0.00321307
4.66190763 6.15724664 0.00321491
4.66181615 6.15714642 0.00321676
4.66172460 6.15704615 0.00321860
4.66163299 6.15694583 0.00322045
4.66154131 6.15684547 0.00322230
4.66144956 6.15674505 0.00322415
4.66135775 6.15664458 0.00322600
4.66126587 6.15654406 0.00322785
4.66117393 6.15644349 0.00322971
4.66108193 6.15634286 0.00323157
4.66098985 6.15624219 0.00323343
4.66089771 6.15614147 0.00323530
4.66080551 6.15604069 0.00323716
4.66071324 6.15593987 0.00323903
4.66062090 6.15583899 0.00324090
4.66052850 6.15573806 0.00324278
4.66043603 6.15563708 0.00324465
4.66034350 6.15553605 0.00324653
4.66025090 6.15543497 0.00324841
4.66015823 6.15533384 0.00325029
4.66006550 6.15523265 0.00325217
4.65997270 6.15513142 0.00325406
4.65987983 6.15503013 0.00325595
4.65978690 6.15492879 0.00325784
4.65969390 6.15482740 0.00325973
4.65960083 6.15472595 0.00326163
4.65950770 6.15462446 0.00326353
4.65941450 6.15452291 0.00326543
4.65932123 6.15442132 0.00326733
4.65922789 6.15431966 0.00326924
4.65913449 6.15421796 0.00327114
4.65904102 6.15411621 0.00327305
4.65894748 6.15401440 0.00327497
4.65885388 6.15391254 0.00327688
4.65876021 6.15381063 0.00327880
4.65866647 6.15370867 0.00328072
4.65857266 6.15360665 0.00328264
4.65847879 6.15350458 0.00328456
4.65838484 6.15340246 0.00328649
4.65829083 6.15330029 0.00328841
4.65819675 6.15319806 0.00329035
4.65810261 6.15309578 0.00329228
4.65800839 6.15299345 0.00329421
4.65791411 6.15289107 0.00329615
4.65781976 6.15278863 0.00329809
4.65772534 6.15268614 0.00330003
4.65763085 6.15258360 0.00330198
4.65753629 6.15248100 0.00330393
4.65744166 6.15237835 0.00330588
4.65734697 6.15227565 0.00330783
4.65725221 6.15217289 0.00330978
4.65715737 6.15207008 0.00331174
4.65706247 6.15196722 0.00331370
4.65696750 6.15186430 0.00331566
4.65687246 6.15176134 0.00331762
4.65677735 6.15165831 0.00331959
4.65668217 6.15155524 0.00332156
4.65658693 6.15145210 0.00332353
4.65649161 6.15134892 0.00332551
4.65639622 6.15124568 0.00332748
4.65630076 6.15114239 0.00332946
4.65620524 6.15103904 0.00333144
4.65610964 6.15093564 0.00333343
4.65601398 6.15083219 0.00333541
4.65591824 6.15072868 0.00333740
4.65582243 6.15062512 0.00333939
4.65572656 6.15052150 0.00334138
4.65563061 6.15041783 0.00334338
4.65553459 6.15031411 0.00334538
4.65543851 6.15021033 0.00334738
4.65534235 6.15010649 0.00334938
4.65524612 6.15000260 0.00335139
4.65514982 6.14989866 0.00335340
4.65505345 6.14979466 0.00335541
4.65495701 6.14969061 0.00335742
4.65486050 6.14958650 0.00335944
4.65476392 6.14948234 0.00336146
4.65466726 6.14937812 0.00336348
4.65457054 6.14927385 0.00336550
4.65447374 6.14916952 0.00336753
4.65437687 6.14906513 0.00336956
4.65427993 6.14896070 0.00337159
4.65418292 6.14885620 0.00337362
4.65408584 6.14875165 0.00337566
4.65398869 6.14864705 0.00337769
4.65389146 6.14854239 0.00337974
4.65379416 6.14843767 0.00338178
4.65369680 6.14833290 0.00338383
4.65359935 6.14822807 0.00338588
4.65350184 6.14812319 0.00338793
4.65340425 6.14801825 0.00338998
4.65330660 6.14791326 0.00339204
4.65320887 6.14780821 0.00339410
4.65311106 6.14770310 0.00339616
4.65301319 6.14759794 0.00339822
4.65291524 6.14749272 0.00340029
4.65281722 6.14738744 0.00340236
4.65271912 6.14728211 0.00340443
4.65262096 6.14717673 0.00340651
4.65252272 6.14707128 0.00340859
4.65242440 6.14696578 0.00341067
4.65232602 6.14686022 0.00341275
4.65222756 6.14675461 0.00341483
4.65212902 6.14664894 0.00341692
4.65203042 6.14654321 0.00341901
4.65193174 6.14643743 0.00342111
4.65183298 6.14633159 0.00342320
4.65173416 6.14622569 0.00342530
4.65163525 6.14611973 0.00342740
4.65153628 6.14601372 0.00342951
4.65143723 6.14590765 0.00343161
4.65133811 6.14580152 0.00343372
4.65123891 6.14569534 0.00343584
4.65113964 6.14558910 0.00343795
4.65104029 6.14548280 0.00344007
4.65094087 6.14537644 0.00344219
4.65084138 6.14527003 0.00344431
4.65074181 6.14516356 0.00344644
4.65064216 6.14505703 0.00344857
4.65054244 6.14495044 0.00345070
4.65044265 6.14484379 0.00345283
4.65034278 6.14473709 0.00345497
4.65024283 6.14463033 0.00345711
4.65014281 6.14452351 0.00345925
4.65004272 6.14441663 0.00346139
4.64994255 6.14430970 0.00346354
4.64984230 6.14420270 0.00346569
4.64974198 6.14409565 0.00346784
4.64964158 6.14398854 0.00347000
4.64954111 6.14388137 0.00347216
4.64944056 6.14377414 0.00347432
4.64933994 6.14366685 0.00347649
4.64923924 6.14355951 0.00347865
4.64913846 6.14345210 0.00348082
4.64903761 6.14334464 0.00348299
4.64893668 6.14323712 0.00348517
4.64883567 6.14312954 0.00348735
4.64873459 6.14302190 0.00348953
4.64863343 6.14291420 0.00349171
4.64853219 6.14280644 0.00349390
4.64843088 6.14269862 0.00349609
4.64832949 6.14259074 0.00349828
4.64822802 6.14248280 0.00350048
4.64812648 6.14237481 0.00350268
4.64802486 6.14226675 0.00350488
4.64792316 6.14215864 0.00350708
4.64782138 6.14205046 0.00350929
4.64771953 6.14194222 0.00351150
4.64761760 6.14183393 0.00351371
4.64751559 6.14172557 0.00351593
4.64741351 6.14161716 0.00351814
4.64731134 6.14150868 0.00352036
4.64720910 6.14140015 0.00352259
4.64710678 6.14129155 0.00352482
4.64700438 6.14118289 0.00352705
4.64690190 6.14107418 0.00352928
4.64679935 6.14096540 0.00353151
4.64669672 6.14085656 0.00353375
4.64659400 6.14074766 0.00353599
4.64649121 6.14063870 0.00353824
4.64638834 6.14052968 0.00354049
4.64628540 6.14042060 0.00354274
4.64618237 6.14031146 0.00354499
4.64607926 6.14020226 0.00354725
4.64597608 6.14009299 0.00354951
4.64587281 6.13998367 0.00355177
4.64576947 6.13987428 0.00355403
4.64566604 6.13976483 0.00355630
4.64556254 6.13965532 0.00355857
4.64545896 6.13954575 0.00356085
4.64535529 6.13943612 0.00356312
4.64525155 6.13932642 0.00356541
4.64514773 6.13921667 0.00356769
4.64504383 6.13910685 0.00356997
4.64493984 6.13899697 0.00357226
4.64483578 6.13888703 0.00357456
4.64473164 6.13877703 0.00357685
4.64462741 6.13866696 0.00357915
4.64452311 6.13855683 0.00358145
4.64441872 6.13844664 0.00358376
4.64431426 6.13833639 0.00358606
4.64420971 6.13822607 0.00358837
4.64410508 6.13811570 0.00359069
4.64400037 6.13800526 0.00359301
4.64389558 6.13789475 0.00359533
4.64379071 6.13778419 0.00359765
4.64368576 6.13767356 0.00359997
4.64358072 6.13756287 0.00360230
4.64347561 6.13745211 0.00360464
4.64337041 6.13734130 0.00360697
4.64326513 6.13723041 0.00360931
4.64315977 6.13711947 0.00361165
4.64305433 6.13700846 0.00361400
4.64294880 6.13689739 0.00361635
4.64284319 6.13678626 0.00361870
4.64273750 6.13667506 0.00362105
4.64263173 6.13656380 0.00362341
4.64252587 6.13645248 0.00362577
4.64241994 6.13634109 0.00362813
4.64231391 6.13622963 0.00363050
4.64220781 6.13611812 0.00363287
4.64210162 6.13600654 0.00363524
4.64199535 6.13589489 0.00363762
4.64188900 6.13578318 0.00364000
4.64178256 6.13567141 0.00364238
4.64167604 6.13555957 0.00364477
4.64156944 6.13544767 0.00364716
4.64146275 6.13533570 0.00364955
4.64135598 6.13522367 0.00365195
4.64124913 6.13511158 0.00365435
4.64114219 6.13499942 0.00365675
4.64103517 6.13488719 0.00365915
4.64092806 6.13477490 0.00366156
4.64082087 6.13466254 0.00366398
4.64071359 6.13455012 0.00366639
4.64060623 6.13443764 0.00366881
4.64049879 6.13432509 0.00367123
4.64039126 6.13421247 0.00367366
4.64028364 6.13409979 0.00367609
4.64017594 6.13398704 0.00367852
4.64006816 6.13387423 0.00368095
4.63996029 6.13376135 0.00368339
4.63985233 6.13364840 0.00368583
4.63974429 6.13353539 0.00368828
4.63963617 6.13342232 0.00369073
4.63952796 6.13330917 0.00369318
4.63941966 6.13319597 0.00369563
4.63931128 6.13308269 0.00369809
4.63920281 6.13296935 0.00370055
4.63909425 6.13285594 0.00370302
4.63898561 6.13274247 0.00370549
4.63887688 6.13262893 0.00370796
4.63876807 6.13251532 0.00371044
4.63865917 6.13240165 0.00371292
4.63855018 6.13228791 0.00371540
4.63844111 6.13217410 0.00371788
4.63833195 6.13206022 0.00372037
4.63822270 6.13194628 0.00372287
4.63811336 6.13183227 0.00372536
4.63800394 6.13171820 0.00372786
4.63789443 6.13160405 0.00373036
4.63778483 6.13148984 0.00373287
4.63767515 6.13137556 0.00373538
4.63756538 6.13126122 0.00373789
4.63745552 6.13114680 0.00374041
4.63734557 6.13103232 0.00374293
4.63723553 6.13091777 0.00374545
4.63712541 6.13080315 0.00374798
4.63701520 6.13068847 0.00375051
4.63690490 6.13057371 0.00375305
4.63679451 6.13045889 0.00375559
4.63668403 6.13034400 0.00375813
4.63657346 6.13022904 0.00376067
4.63646281 6.13011401 0.00376322
4.63635206 6.12999892 0.00376577
4.63624123 6.12988375 0.00376833
4.63613031 6.12976852 0.00377089
4.63601929 6.12965322 0.00377345
4.63590819 6.12953785 0.00377602
4.63579700 6.12942241 0.00377859
4.63568572 6.12930690 0.00378116
4.63557435 6.12919132 0.00378374
4.63546289 6.12907567 0.00378632
4.63535134 6.12895995 0.00378890
4.63523970 6.12884416 0.00379149
4.63512797 6.12872831 0.00379408
4.63501614 6.12861238 0.00379668
4.63490423 6.12849639 0.00379927
4.63479223 6.12838032 0.00380188
4.63468014 6.12826418 0.00380448
4.63456795 6.12814798 0.00380709
4.63445568 6.12803170 0.00380971
4.63434331 6.12791535 0.00381232
4.63423085 6.12779894 0.00381495
4.63411830 6.12768245 0.00381757
4.63400566 6.12756589 0.00382020
4.63389293 6.12744926 0.00382283
4.63378011 6.12733256 0.00382547
4.63366719 6.12721579 0.00382811
4.63355418 6.12709895 0.00383075
4.63344108 6.12698204 0.00383340
4.63332789 6.12686506 0.00383605
4.63321460 6.12674800 0.00383870
4.63310123 6.12663088 0.00384136
4.63298776 6.12651368 0.00384402
4.63287419 6.12639641 0.00384669
4.63276054 6.12627907 0.00384936
4.63264679 6.12616166 0.00385203
4.63253295 6.12604418 0.00385471
4.63241901 6.12592662 0.00385739
4.63230499 6.12580899 0.00386007
4.63219086 6.12569129 0.00386276
4.63207665 6.12557352 0.00386545
4.63196234 6.12545568 0.00386815
4.63184794 6.12533776 0.00387085
4.63173344 6.12521977 0.00387355
4.63161885 6.12510171 0.00387626
4.63150416 6.12498358 0.00387897
4.63138938 6.12486537 0.00388169
4.63127451 6.12474709 0.00388441
4.63115954 6.12462874 0.00388713
4.63104447 6.12451031 0.00388986
4.63092931 6.12439181 0.00389259
4.63081406 6.12427324 0.00389533
4.63069871 6.12415459 0.00389807
4.63058327 6.12403587 0.00390081
4.63046773 6.12391708 0.00390356
4.63035209 6.12379821 0.00390631
4.63023636 6.12367927 0.00390906
4.63012053 6.12356026 0.00391182
4.63000461 6.12344117 0.00391458
4.62988859 6.12332201 0.00391735
4.62977247 6.12320277 0.00392012
4.62965626 6.12308346 0.00392290
4.62953995 6.12296408 0.00392568
4.62942355 6.12284462 0.00392846
4.62930705 6.12272508 0.00393125
4.62919045 6.12260548 0.00393404
4.62907375 6.12248579 0.00393683
4.62895696 6.12236603 0.00393963
4.62884007 6.12224620 0.00394244
4.62872308 6.12212629 0.00394524
4.62860600 6.12200631 0.00394805
4.62848881 6.12188625 0.00395087
4.62837153 6.12176612 0.00395369
4.62825415 6.12164591 0.00395651
4.62813668 6.12152562 0.00395934
4.62801910 6.12140526 0.00396217
4.62790143 6.12128482 0.00396501
4.62778366 6.12116431 0.00396785
4.62766579 6.12104372 0.00397070
4.62754782 6.12092305 0.00397354
4.62742975 6.12080231 0.00397640
4.62731158 6.12068150 0.00397925
4.62719331 6.12056060 0.00398212
4.62707495 6.12043963 0.00398498
4.62695648 6.12031858 0.00398785
4.62683792 6.12019746 0.00399072
4.62671925 6.12007626 0.00399360
4.62660048 6.11995498 0.00399649
4.62648162 6.11983362 0.00399937
4.62636265 6.11971219 0.00400226
4.62624359 6.11959068 0.00400516
4.62612442 6.11946909 0.00400806
4.62600516 6.11934743 0.00401096
4.62588579 6.11922569 0.00401387
4.62576632 6.11910387 0.00401678
4.62564675 6.11898197 0.00401970
4.62552708 6.11885999 0.00402262
4.62540731 6.11873794 0.00402554
4.62528743 6.11861581 0.00402847
4.62516746 6.11849360 0.00403141
4.62504738 6.11837131 0.00403435
4.62492720 6.11824894 0.00403729
4.62480692 6.11812649 0.00404024
4.62468654 6.11800397 0.00404319
4.62456605 6.11788137 0.00404614
4.62444546 6.11775868 0.00404910
4.62432477 6.11763592 0.00405207
4.62420398 6.11751308 0.00405504
4.62408308 6.11739016 0.00405801
4.62396208 6.11726716 0.00406099
4.62384098 6.11714408 0.00406397
4.62371978 6.11702092 0.00406696
4.62359847 6.11689768 0.00406995
4.62347705 6.11677436 0.00407295
4.62335554 6.11665097 0.00407595
4.62323392 6.11652749 0.00407895
4.62311219 6.11640393 0.00408196
4.62299036 6.11628029 0.00408498
4.62286843 6.11615657 0.00408799
4.62274639 6.11603277 0.00409102
4.62262425 6.11590889 0.00409405
4.62250200 6.11578493 0.00409708
4.62237965 6.11566089 0.00410011
4.62225719 6.11553676 0.00410316
4.62213462 6.11541256 0.00410620
4.62201196 6.11528827 0.00410925
4.62188918 6.11516390 0.00411231
4.62176630 6.11503946 0.00411537
4.62164332 6.11491493 0.00411843
4.62152022 6.11479031 0.00412150
4.62139703 6.11466562 0.00412458
4.62127372 6.11454084 0.00412765
4.62115031 6.11441599 0.00413074
4.62102679 6.11429105 0.00413382
4.62090317 6.11416602 0.00413692
4.62077944 6.11404092 0.00414001
4.62065560 6.11391573 0.00414312
4.62053165 6.11379046 0.00414622
4.62040760 6.11366511 0.00414933
4.62028344 6.11353967 0.00415245
4.62015917 6.11341415 0.00415557
4.62003479 6.11328855 0.00415870
4.61991031 6.11316287 0.00416183
4.61978571 6.11303710 0.00416496
4.61966101 6.11291125 0.00416810
4.61953620 6.11278531 0.00417125
4.61941128 6.11265929 0.00417440
4.61928625 6.11253319 0.00417755
4.61916112 6.11240700 0.00418071
4.61903587 6.11228073 0.00418388
4.61891052 6.11215438 0.00418705
4.61878505 6.11202794 0.00419022
4.61865948 6.11190141 0.00419340
4.61853379 6.11177480 0.00419658
4.61840800 6.11164811 0.00419977
4.61828210 6.11152133 0.00420297
4.61815608 6.11139447 0.00420616
4.61802996 6.11126752 0.00420937
4.61790372 6.11114048 0.00421258
4.61777738 6.11101337 0.00421579
4.61765092 6.11088616 0.00421901
4.61752435 6.11075887 0.00422223
4.61739767 6.11063149 0.00422546
4.61727088 6.11050403 0.00422869
4.61714398 6.11037648 0.00423193
4.61701696 6.11024885 0.00423518
4.61688984 6.11012113 0.00423842
4.61676260 6.10999332 0.00424168
4.61663525 6.10986543 0.00424494
4.61650778 6.10973745 0.00424820
4.61638021 6.10960939 0.00425147
4.61625252 6.10948123 0.00425474
4.61612472 6.10935299 0.00425802
4.61599680 6.10922466 0.00426131
4.61586877 6.10909625 0.00426460
4.61574063 6.10896775 0.00426789
4.61561238 6.10883916 0.00427119
4.61548401 6.10871048 0.00427450
4.61535553 6.10858172 0.00427781
4.61522693 6.10845286 0.00428112
4.61509822 6.10832392 0.00428444
4.61496939 6.10819489 0.00428777
4.61484045 6.10806578 0.00429110
4.61471140 6.10793657 0.00429443
4.61458223 6.10780728 0.00429778
4.61445294 6.10767789 0.00430112
4.61432354 6.10754842 0.00430447
4.61419403 6.10741886 0.00430783
4.61406440 6.10728921 0.00431119
4.61393465 6.10715947 0.00431456
4.61380479 6.10702964 0.00431794
4.61367481 6.10689973 0.00432131
4.61354471 6.10676972 0.00432470
4.61341450 6.10663962 0.00432809
4.61328417 6.10650943 0.00433148
4.61315373 6.10637916 0.00433488
4.61302316 6.10624879 0.00433829
4.61289248 6.10611833 0.00434170
4.61276169 6.10598778 0.00434512
4.61263077 6.10585714 0.00434854
4.61249974 6.10572642 0.00435197
4.61236859 6.10559560 0.00435540
4.61223732 6.10546468 0.00435884
4.61210593 6.10533368 0.00436228
4.61197443 6.10520259 0.00436573
4.61184280 6.10507140 0.00436918
4.61171106 6.10494013 0.00437264
4.61157920 6.10480876 0.00437611
4.61144722 6.10467730 0.00437958
4.61131512 6.10454575 0.00438306
4.61118290 6.10441410 0.00438654
4.61105056 6.10428236 0.00439003
4.61091810 6.10415054 0.00439352
4.61078552 6.10401861 0.00439702
4.61065282 6.10388660 0.00440053
4.61052000 6.10375449 0.00440404
4.61038706 6.10362229 0.00440756
4.61025400 6.10349000 0.00441108
4.61012081 6.10335762 0.00441461
4.60998751 6.10322514 0.00441814
4.60985408 6.10309256 0.00442168
4.60972054 6.10295990 0.00442522
4.60958687 6.10282714 0.00442877
4.60945308 6.10269428 0.00443233
4.60931917 6.10256133 0.00443589
4.60918513 6.10242829 0.00443946
4.60905097 6.10229515 0.00444303
4.60891669 6.10216192 0.00444661
4.60878229 6.10202860 0.00445020
4.60864776 6.10189517 0.00445379
4.60851311 6.10176166 0.00445739
4.60837834 6.10162805 0.00446099
4.60824344 6.10149434 0.00446460
4.60810842 6.10136054 0.00446821
4.60797328 6.10122664 0.00447184
4.60783801 6.10109265 0.00447546
4.60770262 6.10095856 0.00447909
4.60756710 6.10082438 0.00448273
4.60743146 6.10069009 0.00448638
4.60729569 6.10055572 0.00449003
4.60715980 6.10042124 0.00449368
4.60702378 6.10028667 0.00449735
4.60688764 6.10015201 0.00450102
4.60675137 6.10001724 0.00450469
4.60661498 6.09988238 0.00450837
4.60647845 6.09974742 0.00451206
4.60634181 6.09961237 0.00451575
4.60620503 6.09947722 0.00451945
4.60606813 6.09934196 0.00452315
4.60593110 6.09920662 0.00452687
4.60579395 6.09907117 0.00453058
4.60565667 6.09893563 0.00453431
4.60551926 6.09879998 0.00453804
4.60538172 6.09866424 0.00454177
4.60524406 6.09852840 0.00454551
4.60510626 6.09839246 0.00454926
4.60496834 6.09825643 0.00455302
4.60483029 6.09812029 0.00455678
4.60469211 6.09798405 0.00456054
4.60455380 6.09784772 0.00456432
4.60441537 6.09771128 0.00456810
4.60427680 6.09757475 0.00457188
4.60413811 6.09743812 0.00457567
4.60399928 6.09730138 0.00457947
4.60386032 6.09716455 0.00458328
4.60372124 6.09702761 0.00458709
4.60358202 6.09689058 0.00459091
4.60344268 6.09675344 0.00459473
4.60330320 6.09661621 0.00459856
4.60316359 6.09647887 0.00460240
4.60302385 6.09634143 0.00460624
4.60288398 6.09620389 0.00461009
4.60274398 6.09606625 0.00461395
4.60260384 6.09592851 0.00461781
4.60246358 6.09579067 0.00462168
4.60232318 6.09565272 0.00462555
4.60218265 6.09551467 0.00462944
4.60204198 6.09537652 0.00463332
4.60190119 6.09523827 0.00463722
4.60176026 6.09509991 0.00464112
4.60161920 6.09496145 0.00464503
4.60147800 6.09482289 0.00464895
4.60133667 6.09468423 0.00465287
4.60119521 6.09454546 0.00465680
4.60105361 6.09440659 0.00466073
4.60091188 6.09426762 0.00466467
4.60077001 6.09412854 0.00466862
4.60062801 6.09398936 0.00467258
4.60048587 6.09385007 0.00467654
4.60034360 6.09371068 0.00468051
4.60020119 6.09357119 0.00468448
4.60005865 6.09343159 0.00468847
4.59991597 6.09329189 0.00469246
4.59977316 6.09315208 0.00469645
4.59963020 6.09301216 0.00470045
4.59948712 6.09287215 0.00470446
4.59934389 6.09273202 0.00470848
4.59920053 6.09259179 0.00471250
4.59905703 6.09245146 0.00471653
4.59891340 6.09231102 0.00472057
4.59876962 6.09217047 0.00472462
4.59862571 6.09202981 0.00472867
4.59848166 6.09188905 0.00473272
4.59833747 6.09174819 0.00473679
4.59819315 6.09160721 0.00474086
4.59804868 6.09146613 0.00474494
4.59790408 6.09132495 0.00474903
4.59775934 6.09118365 0.00475312
4.59761445 6.09104225 0.00475722
4.59746943 6.09090074 0.00476133
4.59732427 6.09075912 0.00476544
4.59717897 6.09061740 0.00476956
4.59703353 6.09047556 0.00477369
4.59688794 6.09033362 0.00477783
4.59674222 6.09019157 0.00478197
4.59659635 6.09004941 0.00478612
4.59645035 6.08990714 0.00479028
4.59630420 6.08976476 0.00479445
4.59615791 6.08962228 0.00479862
4.59601148 6.08947968 0.00480280
4.59586491 6.08933698 0.00480698
4.59571819 6.08919416 0.00481118
4.59557133 6.08905124 0.00481538
4.59542433 6.08890820 0.00481959
4.59527719 6.08876505 0.00482380
4.59512990 6.08862180 0.00482803
4.59498247 6.08847843 0.00483226
4.59483489 6.08833495 0.00483650
4.59468717 6.08819136 0.00484074
4.59453931 6.08804766 0.00484499
4.59439130 6.08790385 0.00484926
4.59424315 6.08775993 0.00485352
4.59409485 6.08761589 0.00485780
4.59394641 6.08747175 0.00486208
4.59379782 6.08732749 0.00486637
4.59364909 6.08718311 0.00487067
4.59350021 6.08703863 0.00487498
4.59335118 6.08689403 0.00487929
4.59320201 6.08674932 0.00488361
4.59305269 6.08660450 0.00488794
4.59290322 6.08645956 0.00489228
4.59275361 6.08631451 0.00489662
4.59260385 6.08616935 0.00490097
4.59245394 6.08602407 0.00490533
4.59230388 6.08587868 0.00490970
4.59215368 6.08573318 0.00491408
4.59200332 6.08558756 0.00491846
4.59185282 6.08544182 0.00492285
4.59170217 6.08529597 0.00492725
4.59155137 6.08515001 0.00493166
4.59140042 6.08500393 0.00493607
4.59124932 6.08485773 0.00494049
4.59109807 6.08471142 0.00494492
4.59094667 6.08456499 0.00494936
4.59079512 6.08441845 0.00495381
4.59064342 6.08427179 0.00495826
4.59049157 6.08412501 0.00496272
4.59033957 6.08397812 0.00496719
4.59018741 6.08383111 0.00497167
4.59003511 6.08368399 0.00497616
4.58988265 6.08353675 0.00498065
4.58973004 6.08338938 0.00498516
4.58957728 6.08324191 0.00498967
4.58942436 6.08309431 0.00499419
4.58927130 6.08294660 0.00499871
4.58911808 6.08279876 0.00500325
4.58896470 6.08265081 0.00500779
4.58881117 6.08250275 0.00501234
4.58865749 6.08235456 0.00501690
4.58850365 6.08220625 0.00502147
4.58834966 6.08205782 0.00502605
4.58819552 6.08190928 0.00503063
4.58804122 6.08176061 0.00503523
4.58788676 6.08161183 0.00503983
4.58773215 6.08146292 0.00504444
4.58757738 6.08131390 0.00504905
4.58742245 6.08116475 0.00505368
4.58726737 6.08101549 0.00505832
4.58711214 6.08086610 0.00506296
4.58695674 6.08071659 0.00506761
4.58680119 6.08056696 0.00507227
4.58664548 6.08041721 0.00507694
4.58648962 6.08026734 0.00508162
4.58633359 6.08011734 0.00508631
4.58617741 6.07996723 0.00509100
4.58602107 6.07981699 0.00509570
4.58586457 6.07966663 0.00510042
4.58570791 6.07951614 0.00510514
4.58555109 6.07936553 0.00510987
4.58539411 6.07921480 0.00511461
4.58523697 6.07906395 0.00511935
4.58507967 6.07891297 0.00512411
4.58492221 6.07876187 0.00512887
4.58476459 6.07861064 0.00513365
4.58460681 6.07845929 0.00513843
4.58444887 6.07830782 0.00514322
4.58429077 6.07815622 0.00514802
4.58413250 6.07800450 0.00515283
4.58397407 6.07785265 0.00515765
4.58381548 6.07770067 0.00516248
4.58365673 6.07754857 0.00516731
4.58349781 6.07739635 0.00517216
4.58333873 6.07724400 0.00517701
4.58317949 6.07709152 0.00518187
4.58302008 6.07693891 0.00518675
4.58286051 6.07678618 0.00519163
4.58270078 6.07663332 0.00519652
4.58254088 6.07648034 0.00520142
4.58238081 6.07632723 0.00520633
4.58222058 6.07617398 0.00521124
4.58206018 6.07602062 0.00521617
4.58189962 6.07586712 0.00522111
4.58173889 6.07571350 0.00522605
4.58157800 6.07555974 0.00523101
4.58141694 6.07540586 0.00523597
4.58125571 6.07525185 0.00524095
4.58109431 6.07509771 0.00524593
4.58093275 6.07494344 0.00525092
4.58077102 6.07478904 0.00525592
4.58060912 6.07463451 0.00526093
4.58044705 6.07447986 0.00526596
4.58028481 6.07432507 0.00527099
4.58012241 6.07417015 0.00527603
4.57995983 6.07401510 0.00528108
4.57979708 6.07385991 0.00528613
4.57963417 6.07370460 0.00529120
4.57947108 6.07354916 0.00529628
4.57930783 6.07339358 0.00530137
4.57914440 6.07323787 0.00530647
4.57898080 6.07308203 0.00531158
4.57881703 6.07292606 0.00531669
4.57865309 6.07276995 0.00532182
4.57848897 6.07261372 0.00532696
4.57832468 6.07245734 0.00533210
4.57816022 6.07230084 0.00533726
4.57799559 6.07214420 0.00534243
4.57783079 6.07198743 0.00534760
4.57766581 6.07183052 0.00535279
4.57750065 6.07167348 0.00535799
4.57733532 6.07151631 0.00536319
4.57716982 6.07135899 0.00536841
4.57700414 6.07120155 0.00537363
4.57683829 6.07104397 0.00537887
4.57667226 6.07088625 0.00538412
4.57650605 6.07072840 0.00538937
4.57633967 6.07057041 0.00539464
4.57617312 6.07041228 0.00539992
4.57600638 6.07025402 0.00540521
4.57583947 6.07009562 0.00541050
4.57567238 6.06993709 0.00541581
4.57550511 6.06977842 0.00542113
4.57533767 6.06961961 0.00542646
4.57517004 6.06946066 0.00543180
4.57500224 6.06930157 0.00543715
4.57483426 6.06914235 0.00544250
4.57466610 6.06898298 0.00544787
4.57449776 6.06882348 0.00545326
4.57432923 6.06866384 0.00545865
4.57416053 6.06850406 0.00546405
4.57399165 6.06834414 0.00546946
4.57382259 6.06818408 0.00547488
4.57365334 6.06802388 0.00548032
4.57348391 6.06786354 0.00548576
4.57331431 6.06770305 0.00549122
4.57314451 6.06754243 0.00549668
4.57297454 6.06738167 0.00550216
4.57280438 6.06722076 0.00550764
4.57263404 6.06705971 0.00551314
4.57246352 6.06689853 0.00551865
4.57229281 6.06673719 0.00552417
4.57212192 6.06657572 0.00552970
4.57195084 6.06641410 0.00553524
4.57177957 6.06625234 0.00554080
4.57160813 6.06609044 0.00554636
4.57143649 6.06592840 0.00555193
4.57126467 6.06576621 0.00555752
4.57109266 6.06560387 0.00556312
4.57092047 6.06544139 0.00556872
4.57074809 6.06527877 0.00557434
4.57057552 6.06511600 0.00557997
4.57040276 6.06495309 0.00558561
4.57022982 6.06479003 0.00559127
4.57005668 6.06462682 0.00559693
4.56988336 6.06446347 0.00560261
4.56970985 6.06429997 0.00560829
4.56953615 6.06413633 0.00561399
4.56936226 6.06397254 0.00561970
4.56918818 6.06380860 0.00562542
4.56901390 6.06364452 0.00563115
4.56883944 6.06348028 0.00563690
4.56866478 6.06331590 0.00564265
4.56848994 6.06315137 0.00564842
4.56831490 6.06298670 0.00565420
4.56813967 6.06282187 0.00565999
4.56796424 6.06265689 0.00566579
4.56778862 6.06249177 0.00567160
4.56761281 6.06232650 0.00567743
4.56743681 6.06216107 0.00568327
4.56726061 6.06199550 0.00568912
4.56708421 6.06182977 0.00569498
4.56690762 6.06166389 0.00570085
4.56673084 6.06149787 0.00570673
4.56655386 6.06133169 0.00571263
4.56637668 6.06116536 0.00571854
4.56619931 6.06099888 0.00572446
4.56602174 6.06083224 0.00573039
4.56584397 6.06066546 0.00573634
4.56566600 6.06049852 0.00574230
4.56548784 6.06033142 0.00574827
4.56530948 6.06016418 0.00575425
4.56513092 6.05999678 0.00576024
4.56495216 6.05982922 0.00576625
4.56477320 6.05966151 0.00577226
4.56459404 6.05949365 0.00577830
4.56441468 6.05932563 0.00578434
4.56423512 6.05915746 0.00579039
4.56405536 6.05898913 0.00579646
4.56387539 6.05882065 0.00580254
4.56369523 6.05865201 0.00580864
4.56351486 6.05848321 0.00581474
4.56333429 6.05831425 0.00582086
4.56315352 6.05814514 0.00582699
4.56297254 6.05797588 0.00583313
4.56279136 6.05780645 0.00583929
4.56260998 6.05763687 0.00584546
4.56242839 6.05746712 0.00585164
4.56224659 6.05729722 0.00585784
4.56206459 6.05712716 0.00586404
4.56188239 6.05695694 0.00587026
4.56169998 6.05678657 0.00587650
4.56151736 6.05661603 0.00588274
4.56133453 6.05644533 0.00588900
4.56115150 6.05627447 0.00589528
4.56096826 6.05610345 0.00590156
4.56078481 6.05593227 0.00590786
4.56060115 6.05576093 0.00591417
4.56041729 6.05558943 0.00592050
4.56023321 6.05541776 0.00592684
4.56004893 6.05524593 0.00593319
4.55986443 6.05507394 0.00593955
4.55967973 6.05490179 0.00594593
4.55949481 6.05472947 0.00595233
4.55930968 6.05455699 0.00595873
4.55912434 6.05438435 0.00596515
4.55893878 6.05421154 0.00597158
4.55875302 6.05403856 0.00597803
4.55856704 6.05386543 0.00598449
4.55838085 6.05369212 0.00599096
4.55819444 6.05351865 0.00599745
4.55800782 6.05334502 0.00600395
4.55782098 6.05317122 0.00601047
4.55763393 6.05299725 0.00601699
4.55744666 6.05282311 0.00602354
4.55725918 6.05264881 0.00603009
4.55707148 6.05247434 0.00603666
4.55688356 6.05229970 0.00604325
4.55669543 6.05212490 0.00604985
4.55650708 6.05194992 0.00605646
4.55631851 6.05177478 0.00606309
4.55612972 6.05159947 0.00606973
4.55594071 6.05142398 0.00607638
4.55575148 6.05124833 0.00608305
4.55556204 6.05107251 0.00608974
4.55537237 6.05089651 0.00609644
4.55518248 6.05072035 0.00610315
4.55499237 6.05054401 0.00610988
4.55480204 6.05036750 0.00611662
4.55461148 6.05019083 0.00612337
4.55442071 6.05001397 0.00613015
4.55422971 6.04983695 0.00613693
4.55403848 6.04965975 0.00614373
4.55384704 6.04948238 0.00615055
4.55365536 6.04930483 0.00615738
4.55346347 6.04912711 0.00616422
4.55327134 6.04894922 0.00617108
4.55307900 6.04877115 0.00617795
4.55288642 6.04859291 0.00618484
4.55269362 6.04841449 0.00619175
4.55250059 6.04823589 0.00619867
4.55230733 6.04805712 0.00620560
4.55211385 6.04787817 0.00621255
4.55192014 6.04769905 0.00621952
4.55172620 6.04751974 0.00622650
4.55153202 6.04734026 0.00623349
4.55133762 6.04716060 0.00624050
4.55114299 6.04698077 0.00624753
4.55094813 6.04680075 0.00625457
4.55075303 6.04662055 0.00626163
4.55055771 6.04644018 0.00626870
4.55036215 6.04625962 0.00627579
4.55016636 6.04607889 0.00628289
4.54997033 6.04589797 0.00629001
4.54977408 6.04571687 0.00629715
4.54957758 6.04553560 0.00630430
4.54938086 6.04535413 0.00631147
4.54918389 6.04517249 0.00631865
4.54898670 6.04499067 0.00632585
4.54878926 6.04480866 0.00633306
4.54859159 6.04462647 0.00634029
4.54839368 6.04444409 0.00634754
4.54819554 6.04426153 0.00635480
4.54799715 6.04407879 0.00636208
4.54779853 6.04389586 0.00636938
4.54759967 6.04371274 0.00637669
4.54740057 6.04352944 0.00638402
4.54720123 6.04334596 0.00639136
4.54700164 6.04316228 0.00639872
4.54680182 6.04297842 0.00640610
4.54660176 6.04279438 0.00641349
4.54640145 6.04261014 0.00642090
4.54620090 6.04242572 0.00642833
4.54600011 6.04224111 0.00643578
4.54579907 6.04205631 0.00644324
4.54559779 6.04187132 0.00645071
4.54539626 6.04168614 0.00645821
4.54519449 6.04150077 0.00646572
4.54499248 6.04131521 0.00647325
4.54479022 6.04112946 0.00648079
4.54458771 6.04094352 0.00648836
4.54438495 6.04075739 0.00649594
4.54418195 6.04057106 0.00650353
4.54397870 6.04038454 0.00651115
4.54377519 6.04019783 0.00651878
4.54357144 6.04001093 0.00652643
4.54336744 6.03982383 0.00653410
4.54316319 6.03963654 0.00654178
4.54295869 6.03944905 0.00654948
4.54275394 6.03926137 0.00655720
4.54254893 6.03907349 0.00656494
4.54234368 6.03888542 0.00657269
4.54213817 6.03869715 0.00658046
4.54193240 6.03850869 0.00658826
4.54172638 6.03832002 0.00659606
4.54152011 6.03813116 0.00660389
4.54131358 6.03794211 0.00661173
4.54110680 6.03775285 0.00661960
4.54089976 6.03756339 0.00662748
4.54069246 6.03737374 0.00663538
4.54048491 6.03718388 0.00664329
4.54027710 6.03699383 0.00665123
4.54006902 6.03680358 0.00665918
4.53986069 6.03661312 0.00666715
4.53965211 6.03642246 0.00667514
4.53944326 6.03623160 0.00668315
4.53923414 6.03604054 0.00669118
4.53902477 6.03584928 0.00669923
4.53881514 6.03565781 0.00670729
4.53860524 6.03546614 0.00671538
4.53839508 6.03527426 0.00672348
4.53818466 6.03508219 0.00673160
4.53797398 6.03488990 0.00673974
4.53776302 6.03469741 0.00674790
4.53755181 6.03450472 0.00675608
4.53734032 6.03431181 0.00676428
4.53712858 6.03411870 0.00677250
4.53691656 6.03392539 0.00678073
4.53670428 6.03373186 0.00678899
4.53649172 6.03353813 0.00679727
4.53627890 6.03334419 0.00680556
4.53606581 6.03315004 0.00681388
4.53585245 6.03295568 0.00682221
4.53563882 6.03276111 0.00683057
4.53542492 6.03256634 0.00683894
4.53521075 6.03237134 0.00684734
4.53499630 6.03217614 0.00685575
4.53478158 6.03198073 0.00686418
4.53456659 6.03178510 0.00687264
4.53435133 6.03158926 0.00688111
4.53413579 6.03139321 0.00688961
4.53391997 6.03119695 0.00689812
4.53370388 6.03100047 0.00690666
4.53348751 6.03080377 0.00691521
4.53327086 6.03060686 0.00692379
4.53305394 6.03040973 0.00693238
4.53283674 6.03021239 0.00694100
4.53261926 6.03001483 0.00694964
4.53240149 6.02981706 0.00695830
4.53218345 6.02961907 0.00696698
4.53196513 6.02942085 0.00697568
4.53174653 6.02922242 0.00698440
4.53152764 6.02902377 0.00699314
4.53130847 6.02882490 0.00700191
4.53108902 6.02862582 0.00701069
4.53086929 6.02842651 0.00701950
4.53064927 6.02822698 0.00702832
4.53042896 6.02802722 0.00703717
4.53020837 6.02782725 0.00704604
4.52998749 6.02762705 0.00705494
4.52976633 6.02742663 0.00706385
4.52954487 6.02722599 0.00707278
4.52932313 6.02702512 0.00708174
4.52910110 6.02682403 0.00709072
4.52887878 6.02662271 0.00709972
4.52865617 6.02642116 0.00710875
4.52843327 6.02621939 0.00711779
4.52821007 6.02601740 0.00712686
4.52798659 6.02581517 0.00713595
4.52776281 6.02561272 0.00714506
4.52753873 6.02541004 0.00715419
4.52731436 6.02520713 0.00716335
4.52708970 6.02500399 0.00717253
4.52686474 6.02480063 0.00718173
4.52663949 6.02459703 0.00719096
4.52641393 6.02439320 0.00720021
4.52618808 6.02418914 0.00720948
4.52596193 6.02398484 0.00721877
4.52573549 6.02378032 0.00722809
4.52550874 6.02357556 0.00723743
4.52528169 6.02337057 0.00724679
4.52505434 6.02316534 0.00725618
4.52482669 6.02295988 0.00726559
4.52459873 6.02275418 0.00727502
4.52437047 6.02254825 0.00728448
4.52414191 6.02234208 0.00729396
4.52391305 6.02213568 0.00730346
4.52368387 6.02192903 0.00731299
4.52345440 6.02172215 0.00732254
4.52322461 6.02151503 0.00733212
4.52299452 6.02130767 0.00734172
4.52276412 6.02110007 0.00735134
4.52253341 6.02089223 0.00736099
4.52230239 6.02068415 0.00737066
4.52207106 6.02047583 0.00738036
4.52183941 6.02026727 0.00739008
4.52160746 6.02005846 0.00739983
4.52137519 6.01984941 0.00740960
4.52114262 6.01964012 0.00741940
4.52090972 6.01943058 0.00742922
4.52067651 6.01922080 0.00743906
4.52044299 6.01901077 0.00744893
4.52020915 6.01880050 0.00745883
4.51997499 6.01858998 0.00746875
4.51974052 6.01837921 0.00747870
4.51950572 6.01816819 0.00748867
4.51927061 6.01795693 0.00749867
4.51903518 6.01774542 0.00750869
4.51879942 6.01753365 0.00751874
4.51856335 6.01732164 0.00752881
4.51832695 6.01710938 0.00753891
4.51809023 6.01689686 0.00754904
4.51785318 6.01668409 0.00755919
4.51761581 6.01647107 0.00756937
4.51737812 6.01625780 0.00757958
4.51714010 6.01604427 0.00758981
4.51690175 6.01583049 0.00760006
4.51666307 6.01561646 0.00761035
4.51642407 6.01540216 0.00762066
4.51618473 6.01518761 0.00763100
4.51594507 6.01497281 0.00764136
4.51570508 6.01475774 0.00765175
4.51546475 6.01454242 0.00766217
4.51522409 6.01432684 0.00767262
4.51498310 6.01411100 0.00768309
4.51474177 6.01389490 0.00769359
4.51450011 6.01367854 0.00770412
4.51425811 6.01346192 0.00771468
4.51401578 6.01324504 0.00772526
4.51377311 6.01302789 0.00773587
4.51353010 6.01281048 0.00774651
4.51328675 6.01259281 0.00775718
4.51304306 6.01237487 0.00776787
4.51279904 6.01215666 0.00777860
4.51255467 6.01193819 0.00778935
4.51230995 6.01171946 0.00780013
4.51206490 6.01150045 0.00781094
4.51181950 6.01128118 0.00782177
4.51157376 6.01106164 0.00783264
4.51132767 6.01084183 0.00784353
4.51108123 6.01062175 0.00785446
4.51083445 6.01040140 0.00786541
4.51058731 6.01018078 0.00787639
4.51033983 6.00995989 0.00788740
4.51009200 6.00973872 0.00789845
4.50984382 6.00951728 0.00790952
4.50959529 6.00929557 0.00792062
4.50934640 6.00907358 0.00793175
4.50909717 6.00885132 0.00794290
4.50884757 6.00862878 0.00795409
4.50859762 6.00840597 0.00796531
4.50834732 6.00818287 0.00797656
4.50809666 6.00795950 0.00798784
4.50784564 6.00773585 0.00799915
4.50759426 6.00751192 0.00801050
4.50734253 6.00728771 0.00802187
4.50709043 6.00706322 0.00803327
4.50683797 6.00683845 0.00804470
4.50658515 6.00661340 0.00805617
4.50633197 6.00638806 0.00806766
4.50607842 6.00616244 0.00807919
4.50582450 6.00593653 0.00809075
4.50557023 6.00571034 0.00810234
4.50531558 6.00548387 0.00811396
4.50506057 6.00525710 0.00812561
4.50480518 6.00503005 0.00813730
4.50454943 6.00480271 0.00814902
4.50429331 6.00457508 0.00816077
4.50403682 6.00434717 0.00817255
4.50377995 6.00411896 0.00818436
4.50352271 6.00389046 0.00819621
4.50326510 6.00366167 0.00820809
4.50300711 6.00343258 0.00822000
4.50274874 6.00320321 0.00823194
4.50249000 6.00297354 0.00824392
4.50223088 6.00274357 0.00825593
4.50197138 6.00251331 0.00826798
4.50171150 6.00228275 0.00828006
4.50145124 6.00205189 0.00829217
4.50119060 6.00182074 0.00830431
4.50092958 6.00158929 0.00831649
4.50066817 6.00135754 0.00832870
4.50040637 6.00112549 0.00834095
4.50014419 6.00089313 0.00835323
4.49988163 6.00066048 0.00836555
4.49961867 6.00042752 0.00837790
4.49935533 6.00019426 0.00839028
4.49909159 5.99996069 0.00840270
4.49882747 5.99972682 0.00841516
4.49856295 5.99949265 0.00842765
4.49829805 5.99925817 0.00844017
4.49803274 5.99902338 0.00845273
4.49776704 5.99878828 0.00846533
4.49750095 5.99855287 0.00847796
4.49723446 5.99831715 0.00849062
4.49696757 5.99808113 0.00850333
4.49670028 5.99784479 0.00851607
4.49643259 5.99760813 0.00852884
4.49616450 5.99737117 0.00854165
4.49589601 5.99713389 0.00855450
4.49562712 5.99689630 0.00856739
4.49535782 5.99665839 0.00858031
4.49508811 5.99642016 0.00859327
4.49481800 5.99618162 0.00860626
4.49454748 5.99594276 0.00861929
4.49427655 5.99570358 0.00863236
4.49400522 5.99546407 0.00864547
4.49373347 5.99522425 0.00865862
4.49346131 5.99498411 0.00867180
4.49318874 5.99474364 0.00868502
4.49291575 5.99450286 0.00869828
4.49264235 5.99426174 0.00871158
4.49236853 5.99402030 0.00872492
4.49209429 5.99377854 0.00873829
4.49181964 5.99353645 0.00875171
4.49154457 5.99329403 0.00876516
4.49126907 5.99305128 0.00877865
4.49099316 5.99280821 0.00879218
4.49071682 5.99256480 0.00880575
4.49044005 5.99232106 0.00881936
4.49016286 5.99207699 0.00883301
4.48988525 5.99183258 0.00884670
4.48960721 5.99158785 0.00886044
4.48932874 5.99134277 0.00887421
4.48904984 5.99109736 0.00888802
4.48877050 5.99085162 0.00890187
4.48849074 5.99060553 0.00891576
4.48821054 5.99035911 0.00892970
4.48792991 5.99011235 0.00894367
4.48764884 5.98986525 0.00895769
4.48736734 5.98961780 0.00897174
4.48708539 5.98937002 0.00898584
4.48680301 5.98912189 0.00899999
4.48652019 5.98887341 0.00901417
4.48623693 5.98862459 0.00902839
4.48595322 5.98837543 0.00904266
4.48566907 5.98812592 0.00905697
4.48538447 5.98787605 0.00907133
4.48509943 5.98762584 0.00908572
4.48481394 5.98737528 0.00910016
4.48452800 5.98712437 0.00911464
4.48424161 5.98687311 0.00912917
4.48395477 5.98662149 0.00914374
4.48366748 5.98636952 0.00915835
4.48337973 5.98611720 0.00917301
4.48309153 5.98586452 0.00918771
4.48280287 5.98561148 0.00920246
4.48251375 5.98535808 0.00921725
4.48222417 5.98510433 0.00923209
4.48193414 5.98485021 0.00924697
4.48164364 5.98459574 0.00926189
4.48135268 5.98434090 0.00927686
4.48106125 5.98408570 0.00929188
4.48076936 5.98383013 0.00930694
4.48047701 5.98357420 0.00932205
4.48018418 5.98331790 0.00933721
4.47989089 5.98306124 0.00935241
4.47959712 5.98280421 0.00936766
4.47930288 5.98254681 0.00938295
4.47900817 5.98228903 0.00939829
4.47871299 5.98203089 0.00941368
4.47841733 5.98177238 0.00942912
4.47812119 5.98151349 0.00944460
4.47782457 5.98125422 0.00946014
4.47752747 5.98099458 0.00947572
4.47722990 5.98073456 0.00949134
4.47693183 5.98047417 0.00950702
4.47663329 5.98021340 0.00952275
4.47633426 5.97995224 0.00953852
4.47603474 5.97969071 0.00955434
4.47573473 5.97942879 0.00957022
4.47543424 5.97916649 0.00958614
4.47513325 5.97890380 0.00960211
4.47483177 5.97864073 0.00961813
4.47452980 5.97837728 0.00963421
4.47422733 5.97811343 0.00965033
4.47392436 5.97784920 0.00966650
4.47362090 5.97758457 0.00968273
4.47331694 5.97731955 0.00969900
4.47301247 5.97705415 0.00971533
4.47270750 5.97678834 0.00973171
4.47240203 5.97652215 0.00974814
4.47209606 5.97625556 0.00976462
4.47178957 5.97598857 0.00978116
4.47148258 5.97572118 0.00979774
4.47117508 5.97545339 0.00981438
4.47086707 5.97518520 0.00983108
4.47055854 5.97491661 0.00984782
4.47024950 5.97464762 0.00986462
4.46993994 5.97437822 0.00988147
4.46962987 5.97410842 0.00989838
4.46931928 5.97383821 0.00991534
4.46900816 5.97356759 0.00993236
4.46869653 5.97329657 0.00994943
4.46838437 5.97302513 0.00996656
4.46807169 5.97275329 0.00998374
4.46775848 5.97248103 0.01000097
4.46744474 5.97220835 0.01001827
4.46713047 5.97193526 0.01003561
4.46681567 5.97166176 0.01005302
4.46650034 5.97138783 0.01007048
4.46618447 5.97111349 0.01008800
4.46586807 5.97083873 0.01010557
4.46555113 5.97056354 0.01012320
4.46523365 5.97028794 0.01014089
4.46491563 5.97001191 0.01015864
4.46459707 5.96973545 0.01017645
4.46427796 5.96945857 0.01019431
4.46395831 5.96918126 0.01021223
4.46363811 5.96890352 0.01023022
4.46331736 5.96862535 0.01024826
4.46299606 5.96834674 0.01026636
4.46267421 5.96806771 0.01028452
4.46235180 5.96778824 0.01030274
4.46202884 5.96750833 0.01032102
4.46170532 5.96722799 0.01033936
4.46138125 5.96694721 0.01035776
4.46105661 5.96666599 0.01037622
4.46073141 5.96638432 0.01039475
4.46040564 5.96610222 0.01041333
4.46007931 5.96581967 0.01043198
4.45975241 5.96553668 0.01045069
4.45942494 5.96525323 0.01046946
4.45909690 5.96496934 0.01048830
4.45876829 5.96468501 0.01050720
4.45843911 5.96440022 0.01052616
4.45810934 5.96411497 0.01054519
4.45777900 5.96382928 0.01056428
4.45744808 5.96354313 0.01058344
4.45711658 5.96325652 0.01060266
4.45678449 5.96296945 0.01062194
4.45645182 5.96268193 0.01064129
4.45611856 5.96239394 0.01066071
4.45578471 5.96210550 0.01068019
4.45545027 5.96181658 0.01069974
4.45511524 5.96152721 0.01071935
4.45477962 5.96123736 0.01073904
4.45444340 5.96094705 0.01075878
4.45410658 5.96065627 0.01077860
4.45376916 5.96036502 0.01079849
4.45343113 5.96007329 0.01081844
4.45309251 5.95978109 0.01083846
4.45275328 5.95948842 0.01085855
4.45241344 5.95919526 0.01087871
4.45207299 5.95890163 0.01089894
4.45173193 5.95860752 0.01091924
4.45139025 5.95831293 0.01093961
4.45104796 5.95801785 0.01096005
4.45070506 5.95772229 0.01098057
4.45036153 5.95742624 0.01100115
4.45001738 5.95712970 0.01102181
4.44967261 5.95683268 0.01104253
4.44932722 5.95653516 0.01106333
4.44898119 5.95623715 0.01108420
4.44863454 5.95593865 0.01110515
4.44828726 5.95563964 0.01112617
4.44793934 5.95534015 0.01114726
4.44759079 5.95504015 0.01116843
4.44724160 5.95473965 0.01118967
4.44689177 5.95443865 0.01121099
4.44654130 5.95413715 0.01123238
4.44619019 5.95383514 0.01125385
4.44583843 5.95353262 0.01127539
4.44548602 5.95322959 0.01129701
4.44513296 5.95292605 0.01131871
4.44477926 5.95262200 0.01134049
4.44442489 5.95231744 0.01136234
4.44406987 5.95201236 0.01138427
4.44371420 5.95170676 0.01140628
4.44335786 5.95140064 0.01142837
4.44300086 5.95109400 0.01145054
4.44264319 5.95078684 0.01147278
4.44228486 5.95047916 0.01149511
4.44192586 5.95017095 0.01151752
4.44156619 5.94986221 0.01154001
4.44120584 5.94955294 0.01156258
4.44084482 5.94924314 0.01158523
4.44048312 5.94893280 0.01160796
4.44012074 5.94862193 0.01163078
4.43975768 5.94831053 0.01165368
4.43939393 5.94799858 0.01167666
4.43902949 5.94768610 0.01169973
4.43866437 5.94737307 0.01172288
4.43829855 5.94705950 0.01174612
4.43793204 5.94674538 0.01176944
4.43756484 5.94643071 0.01179284
4.43719693 5.94611550 0.01181634
4.43682832 5.94579973 0.01183992
4.43645901 5.94548341 0.01186358
4.43608900 5.94516653 0.01188734
4.43571828 5.94484910 0.01191118
4.43534684 5.94453111 0.01193511
4.43497470 5.94421255 0.01195913
4.43460183 5.94389344 0.01198324
4.43422825 5.94357376 0.01200744
4.43385396 5.94325351 0.01203172
4.43347893 5.94293269 0.01205610
4.43310319 5.94261130 0.01208057
4.43272671 5.94228934 0.01210514
4.43234950 5.94196681 0.01212979
4.43197157 5.94164369 0.01215454
4.43159289 5.94132000 0.01217938
4.43121348 5.94099573 0.01220431
4.43083333 5.94067088 0.01222934
4.43045244 5.94034544 0.01225446
4.43007080 5.94001941 0.01227968
4.42968842 5.93969279 0.01230499
4.42930528 5.93936559 0.01233040
4.42892139 5.93903779 0.01235591
4.42853675 5.93870939 0.01238152
4.42815134 5.93838040 0.01240722
4.42776518 5.93805081 0.01243302
4.42737825 5.93772062 0.01245892
4.42699056 5.93738982 0.01248491
4.42660209 5.93705842 0.01251101
4.42621286 5.93672641 0.01253721
4.42582285 5.93639379 0.01256351
4.42543207 5.93606056 0.01258991
4.42504050 5.93572671 0.01261641
4.42464815 5.93539225 0.01264302
4.42425502 5.93505717 0.01266973
4.42386110 5.93472146 0.01269654
4.42346639 5.93438514 0.01272346
4.42307088 5.93404819 0.01275048
4.42267458 5.93371061 0.01277761
4.42227748 5.93337240 0.01280484
4.42187958 5.93303356 0.01283219
4.42148087 5.93269408 0.01285963
4.42108135 5.93235397 0.01288719
4.42068103 5.93201321 0.01291485
4.42027989 5.93167182 0.01294263
4.41987793 5.93132978 0.01297051
4.41947515 5.93098710 0.01299851
4.41907155 5.93064377 0.01302661
4.41866713 5.93029978 0.01305483
4.41826188 5.92995515 0.01308315
4.41785579 5.92960985 0.01311160
4.41744888 5.92926390 0.01314015
4.41704112 5.92891729 0.01316882
4.41663253 5.92857002 0.01319760
4.41622309 5.92822208 0.01322650
4.41581280 5.92787347 0.01325552
4.41540166 5.92752420 0.01328465
4.41498967 5.92717425 0.01331390
4.41457683 5.92682362 0.01334327
4.41416313 5.92647232 0.01337275
4.41374856 5.92612034 0.01340236
4.41333313 5.92576767 0.01343208
4.41291683 5.92541432 0.01346193
4.41249966 5.92506028 0.01349190
4.41208161 5.92470555 0.01352199
4.41166268 5.92435012 0.01355220
4.41124288 5.92399401 0.01358254
4.41082219 5.92363719 0.01361300
4.41040061 5.92327967 0.01364359
4.40997813 5.92292145 0.01367430
4.40955477 5.92256252 0.01370514
4.40913050 5.92220288 0.01373610
4.40870534 5.92184253 0.01376720
4.40827927 5.92148147 0.01379842
4.40785229 5.92111969 0.01382977
4.40742440 5.92075719 0.01386125
4.40699559 5.92039396 0.01389287
4.40656587 5.92003002 0.01392461
4.40613522 5.91966534 0.01395649
4.40570365 5.91929993 0.01398850
4.40527115 5.91893379 0.01402065
4.40483771 5.91856691 0.01405293
4.40440334 5.91819929 0.01408534
4.40396803 5.91783094 0.01411790
4.40353178 5.91746183 0.01415059
4.40309458 5.91709198 0.01418341
4.40265643 5.91672137 0.01421638
4.40221732 5.91635001 0.01424949
4.40177726 5.91597790 0.01428274
4.40133623 5.91560503 0.01431613
4.40089424 5.91523139 0.01434966
4.40045128 5.91485698 0.01438333
4.40000735 5.91448181 0.01441715
4.39956244 5.91410587 0.01445112
4.39911655 5.91372915 0.01448523
4.39866967 5.91335165 0.01451948
4.39822181 5.91297338 0.01455389
4.39777296 5.91259431 0.01458844
4.39732311 5.91221447 0.01462314
4.39687226 5.91183383 0.01465800
4.39642040 5.91145239 0.01469300
4.39596754 5.91107016 0.01472816
4.39551367 5.91068714 0.01476347
4.39505878 5.91030330 0.01479893
4.39460287 5.90991867 0.01483455
4.39414594 5.90953322 0.01487032
4.39368798 5.90914696 0.01490626
4.39322898 5.90875988 0.01494235
4.39276896 5.90837199 0.01497860
4.39230789 5.90798327 0.01501500
4.39184577 5.90759372 0.01505157
4.39138261 5.90720335 0.01508831
4.39091840 5.90681214 0.01512520
4.39045313 5.90642010 0.01516226
4.38998679 5.90602722 0.01519948
4.38951940 5.90563350 0.01523687
4.38905093 5.90523892 0.01527443
4.38858139 5.90484350 0.01531215
4.38811077 5.90444723 0.01535005
4.38763906 5.90405010 0.01538811
4.38716627 5.90365211 0.01542635
4.38669239 5.90325325 0.01546476
4.38621741 5.90285353 0.01550334
4.38574133 5.90245294 0.01554209
4.38526415 5.90205147 0.01558103
4.38478585 5.90164913 0.01562014
4.38430644 5.90124590 0.01565942
4.38382591 5.90084178 0.01569889
4.38334426 5.90043678 0.01573854
4.38286148 5.90003088 0.01577836
4.38237757 5.89962409 0.01581838
4.38189252 5.89921640 0.01585857
4.38140633 5.89880780 0.01589895
4.38091899 5.89839830 0.01593952
4.38043050 5.89798788 0.01598027
4.37994085 5.89757654 0.01602121
4.37945004 5.89716429 0.01606234
4.37895806 5.89675111 0.01610367
4.37846492 5.89633701 0.01614518
4.37797059 5.89592197 0.01618689
4.37747509 5.89550600 0.01622880
4.37697840 5.89508909 0.01627090
4.37648051 5.89467124 0.01631320
4.37598143 5.89425243 0.01635570
4.37548115 5.89383268 0.01639839
4.37497967 5.89341197 0.01644129
4.37447697 5.89299030 0.01648439
4.37397305 5.89256767 0.01652770
4.37346791 5.89214406 0.01657121
4.37296155 5.89171949 0.01661493
4.37245395 5.89129394 0.01665886
4.37194512 5.89086741 0.01670300
4.37143504 5.89043989 0.01674734
4.37092371 5.89001138 0.01679190
4.37041113 5.88958188 0.01683668
4.36989729 5.88915138 0.01688167
4.36938218 5.88871988 0.01692688
4.36886580 5.88828738 0.01697230
4.36834815 5.88785386 0.01701795
4.36782922 5.88741932 0.01706381
4.36730899 5.88698376 0.01710990
4.36678748 5.88654718 0.01715622
4.36626466 5.88610957 0.01720276
4.36574055 5.88567093 0.01724953
4.36521512 5.88523125 0.01729652
4.36468837 5.88479052 0.01734375
4.36416031 5.88434874 0.01739121
4.36363092 5.88390592 0.01743891
4.36310019 5.88346203 0.01748684
4.36256812 5.88301708 0.01753500
4.36203471 5.88257107 0.01758341
4.36149995 5.88212398 0.01763205
4.36096382 5.88167582 0.01768094
4.36042634 5.88122658 0.01773007
4.35988749 5.88077625 0.01777945
4.35934725 5.88032482 0.01782908
4.35880564 5.87987230 0.01787895
4.35826264 5.87941868 0.01792908
4.35771824 5.87896396 0.01797946
4.35717245 5.87850812 0.01803009
4.35662524 5.87805116 0.01808098
4.35607662 5.87759308 0.01813212
4.35552658 5.87713388 0.01818353
4.35497512 5.87667354 0.01823520
4.35442222 5.87621207 0.01828713
4.35386788 5.87574945 0.01833933
4.35331209 5.87528568 0.01839179
4.35275485 5.87482076 0.01844453
4.35219615 5.87435469 0.01849753
4.35163598 5.87388744 0.01855081
4.35107434 5.87341903 0.01860436
4.35051122 5.87294944 0.01865820
4.34994661 5.87247868 0.01871231
4.34938051 5.87200672 0.01876670
4.34881290 5.87153357 0.01882137
4.34824379 5.87105923 0.01887633
4.34767316 5.87058368 0.01893158
4.34710101 5.87010692 0.01898712
4.34652733 5.86962895 0.01904295
4.34595211 5.86914976 0.01909908
4.34537534 5.86866934 0.01915550
4.34479703 5.86818768 0.01921222
4.34421715 5.86770479 0.01926923
4.34363571 5.86722066 0.01932656
4.34305269 5.86673527 0.01938418
4.34246810 5.86624863 0.01944212
4.34188191 5.86576073 0.01950036
4.34129413 5.86527155 0.01955892
4.34070474 5.86478111 0.01961779
4.34011374 5.86428938 0.01967698
4.33952111 5.86379636 0.01973648
4.33892686 5.86330205 0.01979631
4.33833098 5.86280644 0.01985646
4.33773345 5.86230952 0.01991694
4.33713427 5.86181129 0.01997775
4.33653343 5.86131175 0.02003889
4.33593092 5.86081087 0.02010036
4.33532673 5.86030867 0.02016217
4.33472086 5.85980512 0.02022432
4.33411329 5.85930023 0.02028681
4.33350403 5.85879398 0.02034965
4.33289305 5.85828638 0.02041283
4.33228036 5.85777741 0.02047636
4.33166594 5.85726707 0.02054025
4.33104978 5.85675535 0.02060449
4.33043188 5.85624224 0.02066908
4.32981223 5.85572774 0.02073404
4.32919081 5.85521184 0.02079937
4.32856763 5.85469453 0.02086506
4.32794266 5.85417580 0.02093111
4.32731591 5.85365565 0.02099754
4.32668735 5.85313408 0.02106435
4.32605700 5.85261106 0.02113154
4.32542482 5.85208660 0.02119910
4.32479082 5.85156069 0.02126705
4.32415499 5.85103332 0.02133539
4.32351731 5.85050449 0.02140412
4.32287778 5.84997418 0.02147324
4.32223639 5.84944239 0.02154276
4.32159312 5.84890910 0.02161268
4.32094797 5.84837433 0.02168300
4.32030093 5.84783804 0.02175373
4.31965199 5.84730024 0.02182486
4.31900114 5.84676093 0.02189641
4.31834837 5.84622008 0.02196838
4.31769366 5.84567770 0.02204077
4.31703701 5.84513377 0.02211358
4.31637841 5.84458828 0.02218682
4.31571785 5.84404124 0.02226049
4.31505532 5.84349263 0.02233459
4.31439080 5.84294244 0.02240913
4.31372429 5.84239066 0.02248411
4.31305578 5.84183728 0.02255953
4.31238525 5.84128231 0.02263540
4.31171270 5.84072572 0.02271173
4.31103811 5.84016751 0.02278851
4.31036147 5.83960767 0.02286575
4.30968278 5.83904619 0.02294346
4.30900201 5.83848306 0.02302163
4.30831917 5.83791828 0.02310027
4.30763423 5.83735184 0.02317939
4.30694720 5.83678371 0.02325899
4.30625804 5.83621391 0.02333907
4.30556677 5.83564241 0.02341964
4.30487335 5.83506921 0.02350071
4.30417779 5.83449430 0.02358226
4.30348007 5.83391767 0.02366432
4.30278017 5.83333931 0.02374688
4.30207809 5.83275920 0.02382995
4.30137381 5.83217735 0.02391354
4.30066733 5.83159374 0.02399764
4.29995862 5.83100836 0.02408227
4.29924768 5.83042120 0.02416742
4.29853449 5.82983225 0.02425310
4.29781905 5.82924151 0.02433932
4.29710134 5.82864895 0.02442608
4.29638134 5.82805457 0.02451338
4.29565904 5.82745837 0.02460124
4.29493444 5.82686032 0.02468965
4.29420752 5.82626042 0.02477862
4.29347826 5.82565867 0.02486816
4.29274665 5.82505504 0.02495826
4.29201268 5.82444952 0.02504894
4.29127633 5.82384212 0.02514020
4.29053759 5.82323281 0.02523205
4.28979646 5.82262158 0.02532448
4.28905290 5.82200843 0.02541752
4.28830692 5.82139335 0.02551115
4.28755849 5.82077631 0.02560539
4.28680760 5.82015731 0.02570024
4.28605424 5.81953634 0.02579571
4.28529839 5.81891339 0.02589181
4.28454004 5.81828845 0.02598853
4.28377918 5.81766149 0.02608589
4.28301578 5.81703252 0.02618389
4.28224984 5.81640152 0.02628253
4.28148134 5.81576848 0.02638183
4.28071026 5.81513339 0.02648179
4.27993659 5.81449622 0.02658241
4.27916031 5.81385698 0.02668370
4.27838142 5.81321565 0.02678567
4.27759988 5.81257222 0.02688832
4.27681569 5.81192666 0.02699166
4.27602884 5.81127898 0.02709570
4.27523929 5.81062916 0.02720044
4.27444705 5.80997718 0.02730589
4.27365209 5.80932304 0.02741206
4.27285440 5.80866671 0.02751895
4.27205395 5.80800819 0.02762657
4.27125074 5.80734746 0.02773492
4.27044475 5.80668451 0.02784402
4.26963595 5.80601932 0.02795388
4.26882433 5.80535189 0.02806448
4.26800988 5.80468220 0.02817586
4.26719258 5.80401022 0.02828801
4.26637241 5.80333596 0.02840093
4.26554935 5.80265939 0.02851465
4.26472338 5.80198050 0.02862916
4.26389449 5.80129928 0.02874447
4.26306266 5.80061571 0.02886060
4.26222786 5.79992978 0.02897754
4.26139009 5.79924147 0.02909531
4.26054932 5.79855077 0.02921392
4.25970553 5.79785766 0.02933337
4.25885871 5.79716212 0.02945367
4.25800883 5.79646415 0.02957484
4.25715588 5.79576372 0.02969687
4.25629983 5.79506082 0.02981977
4.25544068 5.79435544 0.02994357
4.25457838 5.79364755 0.03006826
4.25371294 5.79293715 0.03019385
4.25284432 5.79222421 0.03032036
4.25197250 5.79150872 0.03044779
4.25109747 5.79079066 0.03057615
4.25021921 5.79007002 0.03070546
4.24933769 5.78934678 0.03083571
4.24845289 5.78862092 0.03096693
4.24756479 5.78789243 0.03109911
4.24667337 5.78716128 0.03123228
4.24577861 5.78642747 0.03136644
4.24488049 5.78569096 0.03150160
4.24397897 5.78495175 0.03163777
4.24307405 5.78420982 0.03177496
4.24216570 5.78346515 0.03191318
4.24125389 5.78271771 0.03205245
4.24033861 5.78196750 0.03219277
4.23941982 5.78121449 0.03233416
4.23849751 5.78045867 0.03247662
4.23757165 5.77970001 0.03262017
4.23664222 5.77893850 0.03276482
4.23570920 5.77817411 0.03291058
4.23477255 5.77740683 0.03305747
4.23383226 5.77663664 0.03320549
4.23288830 5.77586352 0.03335465
4.23194064 5.77508744 0.03350498
4.23098927 5.77430839 0.03365648
4.23003414 5.77352634 0.03380916
4.22907525 5.77274129 0.03396304
4.22811256 5.77195319 0.03411813
4.22714604 5.77116204 0.03427445
4.22617568 5.77036781 0.03443200
4.22520144 5.76957049 0.03459080
4.22422329 5.76877004 0.03475087
4.22324121 5.76796645 0.03491221
4.22225517 5.76715969 0.03507485
4.22126515 5.76634975 0.03523880
4.22027111 5.76553660 0.03540406
4.21927302 5.76472021 0.03557066
4.21827087 5.76390057 0.03573862
4.21726461 5.76307765 0.03590794
4.21625422 5.76225142 0.03607864
4.21523967 5.76142187 0.03625073
4.21422093 5.76058897 0.03642424
4.21319797 5.75975270 0.03659918
4.21217076 5.75891302 0.03677557
4.21113927 5.75806992 0.03695342
4.21010346 5.75722338 0.03713274
4.20906331 5.75637335 0.03731356
4.20801879 5.75551983 0.03749590
4.20696985 5.75466278 0.03767976
4.20591648 5.75380219 0.03786517
4.20485863 5.75293801 0.03805215
4.20379628 5.75207023 0.03824071
4.20272938 5.75119882 0.03843088
4.20165792 5.75032375 0.03862266
4.20058184 5.74944499 0.03881609
4.19950112 5.74856252 0.03901118
4.19841573 5.74767631 0.03920795
4.19732563 5.74678633 0.03940641
4.19623077 5.74589256 0.03960660
4.19513114 5.74499495 0.03980853
4.19402668 5.74409349 0.04001222
4.19291737 5.74318815 0.04021769
4.19180316 5.74227889 0.04042496
4.19068402 5.74136568 0.04063406
4.18955992 5.74044850 0.04084501
4.18843080 5.73952732 0.04105783
4.18729664 5.73860209 0.04127254
4.18615740 5.73767280 0.04148917
4.18501303 5.73673940 0.04170774
4.18386350 5.73580188 0.04192827
4.18270876 5.73486019 0.04215079
4.18154877 5.73391430 0.04237532
4.18038350 5.73296418 0.04260190
4.17921290 5.73200980 0.04283053
4.17803693 5.73105111 0.04306125
4.17685555 5.73008810 0.04329409
4.17566871 5.72912072 0.04352907
4.17447637 5.72814894 0.04376622
4.17327849 5.72717272 0.04400557
4.17207501 5.72619202 0.04424714
4.17086591 5.72520682 0.04449096
4.16965112 5.72421707 0.04473707
4.16843061 5.72322274 0.04498548
4.16720433 5.72222379 0.04523624
4.16597223 5.72122018 0.04548936
4.16473426 5.72021188 0.04574489
4.16349037 5.71919884 0.04600286
4.16224053 5.71818103 0.04626328
4.16098467 5.71715841 0.04652620
4.15972275 5.71613093 0.04679166
4.15845471 5.71509856 0.04705967
4.15718051 5.71406125 0.04733028
4.15590010 5.71301897 0.04760353
4.15461342 5.71197167 0.04787944
4.15332042 5.71091931 0.04815805
4.15202104 5.70986185 0.04843940
4.15071524 5.70879925 0.04872352
4.14940296 5.70773145 0.04901046
4.14808413 5.70665842 0.04930024
4.14675872 5.70558011 0.04959292
4.14542665 5.70449648 0.04988852
4.14408788 5.70340747 0.05018709
4.14274234 5.70231305 0.05048867
4.14138998 5.70121317 0.05079330
4.14003074 5.70010778 0.05110102
4.13866455 5.69899683 0.05141188
4.13729137 5.69788027 0.05172592
4.13591111 5.69675805 0.05204318
4.13452373 5.69563013 0.05236370
4.13312916 5.69449645 0.05268754
4.13172734 5.69335696 0.05301474
4.13031820 5.69221161 0.05334535
4.12890167 5.69106036 0.05367941
4.12747770 5.68990313 0.05401698
4.12604621 5.68873989 0.05435811
4.12460714 5.68757058 0.05470284
4.12316042 5.68639514 0.05505123
4.12170597 5.68521351 0.05540332
4.12024374 5.68402565 0.05575919
4.11877364 5.68283150 0.05611887
4.11729561 5.68163099 0.05648243
4.11580957 5.68042406 0.05684991
4.11431545 5.67921067 0.05722139
4.11281318 5.67799075 0.05759691
4.11130268 5.67676424 0.05797654
4.10978387 5.67553107 0.05836034
4.10825668 5.67429120 0.05874836
4.10672102 5.67304454 0.05914068
4.10517682 5.67179105 0.05953736
4.10362401 5.67053065 0.05993846
4.10206248 5.66926328 0.06034405
4.10049217 5.66798888 0.06075419
4.09891300 5.66670737 0.06116897
4.09732487 5.66541870 0.06158843
4.09572770 5.66412278 0.06201267
4.09412140 5.66281956 0.06244175
4.09250589 5.66150896 0.06287574
4.09088107 5.66019091 0.06331473
4.08924687 5.65886534 0.06375878
4.08760318 5.65753218 0.06420798
4.08594991 5.65619134 0.06466241
4.08428697 5.65484277 0.06512215
4.08261427 5.65348637 0.06558729
4.08093170 5.65212208 0.06605790
4.07923918 5.65074981 0.06653408
4.07753660 5.64936950 0.06701591
4.07582386 5.64798104 0.06750348
4.07410087 5.64658438 0.06799689
4.07236751 5.64517942 0.06849623
4.07062369 5.64376608 0.06900159
4.06886929 5.64234428 0.06951308
4.06710422 5.64091393 0.07003079
4.06532837 5.63947494 0.07055481
4.06354161 5.63802723 0.07108527
4.06174386 5.63657071 0.07162225
4.05993498 5.63510529 0.07216588
4.05811487 5.63363088 0.07271625
4.05628342 5.63214738 0.07327348
4.05444049 5.63065470 0.07383768
4.05258598 5.62915275 0.07440897
4.05071977 5.62764144 0.07498747
4.04884173 5.62612065 0.07557330
4.04695174 5.62459030 0.07616659
4.04504968 5.62305028 0.07676745
4.04313541 5.62150050 0.07737602
4.04120881 5.61994084 0.07799243
4.03926974 5.61837121 0.07861681
4.03731808 5.61679150 0.07924930
4.03535369 5.61520161 0.07989004
4.03337644 5.61360142 0.08053917
4.03138618 5.61199082 0.08119684
4.02938279 5.61036970 0.08186319
4.02736610 5.60873796 0.08253838
4.02533599 5.60709547 0.08322256
4.02329230 5.60544212 0.08391589
4.02123489 5.60377779 0.08461853
4.01916361 5.60210237 0.08533065
4.01707830 5.60041572 0.08605241
4.01497882 5.59871773 0.08678399
4.01286500 5.59700828 0.08752555
4.01073669 5.59528723 0.08827729
4.00859373 5.59355447 0.08903938
4.00643595 5.59180985 0.08981201
4.00426319 5.59005325 0.09059537
4.00207529 5.58828454 0.09138965
3.99987206 5.58650358 0.09219506
3.99765334 5.58471023 0.09301180
3.99541896 5.58290435 0.09384008
3.99316874 5.58108581 0.09468010
3.99090250 5.57925446 0.09553209
3.98862005 5.57741016 0.09639627
3.98632121 5.57555275 0.09727286
3.98400580 5.57368210 0.09816210
3.98167363 5.57179805 0.09906422
3.97932449 5.56990044 0.09997947
3.97695821 5.56798913 0.10090809
3.97457457 5.56606395 0.10185033
3.97217339 5.56412475 0.10280646
3.96975445 5.56217136 0.10377673
3.96731754 5.56020362 0.10476142
3.96486247 5.55822137 0.10576080
3.96238902 5.55622443 0.10677515
3.95989697 5.55421264 0.10780477
3.95738610 5.55218582 0.10884994
3.95485619 5.55014380 0.10991097
3.95230703 5.54808640 0.11098816
3.94973838 5.54601344 0.11208184
3.94715000 5.54392473 0.11319232
3.94454168 5.54182010 0.11431993
3.94191317 5.53969936 0.11546500
3.93926423 5.53756231 0.11662789
3.93659461 5.53540876 0.11780893
3.93390408 5.53323853 0.11900850
3.93119238 5.53105140 0.12022696
3.92845925 5.52884718 0.12146468
3.92570444 5.52662567 0.12272204
3.92292770 5.52438666 0.12399945
3.92012875 5.52212995 0.12529730
3.91730733 5.51985532 0.12661600
3.91446317 5.51756256 0.12795598
3.91159600 5.51525145 0.12931765
3.90870553 5.51292178 0.13070146
3.90579148 5.51057332 0.13210785
3.90285358 5.50820586 0.13353729
3.89989152 5.50581915 0.13499025
3.89690503 5.50341297 0.13646719
3.89389380 5.50098710 0.13796861
3.89085753 5.49854128 0.13949502
3.88779592 5.49607530 0.14104691
3.88470866 5.49358890 0.14262482
3.88159544 5.49108184 0.14422927
3.87845595 5.48855387 0.14586081
3.87528988 5.48600475 0.14752001
3.87209688 5.48343422 0.14920741
3.86887665 5.48084204 0.15092362
3.86562885 5.47822793 0.15266922
3.86235316 5.47559165 0.15444482
3.85904922 5.47293292 0.15625103
3.85571671 5.47025149 0.15808850
3.85235528 5.46754709 0.15995786
3.84896458 5.46481944 0.16185977
3.84554426 5.46206828 0.16379491
3.84209397 5.45929333 0.16576397
3.83861336 5.45649430 0.16776763
3.83510205 5.45367093 0.16980663
3.83155969 5.45082293 0.17188168
3.82798592 5.44795001 0.17399353
3.82438035 5.44505190 0.17614293
3.82074262 5.44212829 0.17833067
3.81707236 5.43917891 0.18055751
3.81336918 5.43620346 0.18282428
3.80963270 5.43320165 0.18513178
3.80586255 5.43017318 0.18748085
3.80205834 5.42711776 0.18987232
3.79821967 5.42403510 0.19230707
3.79434617 5.42092488 0.19478596
3.79043743 5.41778683 0.19730990
3.78649308 5.41462063 0.19987977
3.78251271 5.41142599 0.20249651
3.77849593 5.40820261 0.20516105
3.77444236 5.40495018 0.20787433
3.77035158 5.40166842 0.21063732
3.76622321 5.39835702 0.21345100
3.76205685 5.39501569 0.21631635
3.75785212 5.39164412 0.21923437
3.75360860 5.38824203 0.22220608
3.74932592 5.38480912 0.22523251
3.74500369 5.38134511 0.22831469
3.74064151 5.37784969 0.23145368
3.73623900 5.37432260 0.23465052
3.73179578 5.37076355 0.23790630
3.72731147 5.36717226 0.24122207
3.72278570 5.36354845 0.24459894
3.71821809 5.35989187 0.24803798
3.71360829 5.35620224 0.25154029
3.70895594 5.35247932 0.25510697
3.70426068 5.34872285 0.25873913
3.69952218 5.34493259 0.26243786
3.69474009 5.34110830 0.26620426
3.68991410 5.33724976 0.27003945
3.68504388 5.33335676 0.27394451
3.68012912 5.32942907 0.27792053
3.67516955 5.32546651 0.28196860
3.67016486 5.32146889 0.28608979
3.66511480 5.31743604 0.29028516
3.66001911 5.31336779 0.29455576
3.65487755 5.30926401 0.29890262
3.64968989 5.30512455 0.30332673
3.64445594 5.30094931 0.30782910
3.63917551 5.29673818 0.31241067
3.63384842 5.29249108 0.31707237
3.62847454 5.28820795 0.32181511
3.62305374 5.28388875 0.32663973
3.61758593 5.27953345 0.33154706
3.61207102 5.27514205 0.33653787
3.60650897 5.27071457 0.34161288
3.60089975 5.26625107 0.34677278
3.59524338 5.26175162 0.35201817
3.58953990 5.25721630 0.35734961
3.58378936 5.25264526 0.36276759
3.57799189 5.24803864 0.36827252
3.57214761 5.24339663 0.37386474
3.56625670 5.23871944 0.37954452
3.56031937 5.23400733 0.38531202
3.55433588 5.22926058 0.39116734
3.54830651 5.22447950 0.39711044
3.54223160 5.21966446 0.40314123
3.53611153 5.21481583 0.40925946
3.52994672 5.20993406 0.41546481
3.52373764 5.20501961 0.42175683
3.51748480 5.20007299 0.42813492
3.51118878 5.19509476 0.43459840
3.50485018 5.19008551 0.44114642
3.49846969 5.18504587 0.44777799
3.49204801 5.17997654 0.45449202
3.48558592 5.17487824 0.46128722
3.47908425 5.16975174 0.46816218
3.47254389 5.16459787 0.47511534
3.46596577 5.15941749 0.48214496
3.45935090 5.15421153 0.48924916
3.45270032 5.14898095 0.49642588
3.44601515 5.14372675 0.50367291
3.43929657 5.13845000 0.51098787
3.43254578 5.13315181 0.51836819
3.42576410 5.12783334 0.52581118
3.41895285 5.12249579 0.53331393
3.41211343 5.11714042 0.54087340
3.40524732 5.11176851 0.54848638
3.39835600 5.10638142 0.55614949
3.39144107 5.10098053 0.56385921
3.38450412 5.09556728 0.57161183
3.37754684 5.09014313 0.57940353
3.37057095 5.08470960 0.58723033
3.36357822 5.07926825 0.59508812
3.35657047 5.07382066 0.60297266
3.34954955 5.06836846 0.61087959
3.34251737 5.06291331 0.61880443
3.33547587 5.05745688 0.62674263
3.32842703 5.05200089 0.63468950
3.32137285 5.04654709 0.64264032
3.31431539 5.04109724 0.65059028
3.30725669 5.03565310 0.65853451
3.30019886 5.03021649 0.66646811
3.29314400 5.02478920 0.67438615
3.28609424 5.01937305 0.68228368
3.27905170 5.01396987 0.69015576
3.27201854 5.00858148 0.69799745
3.26499690 5.00320971 0.70580385
3.25798893 4.99785637 0.71357009
3.25099676 4.99252328 0.72129138
3.24402254 4.98721223 0.72896296
3.23706838 4.98192501 0.73658020
3.23013639 4.97666339 0.74413853
3.22322865 4.97142910 0.75163351
3.21634722 4.96622386 0.75906082
3.20949412 4.96104936 0.76641627
3.20267137 4.95590726 0.77369583
3.19588091 4.95079918 0.78089560
3.18912467 4.94572669 0.78801187
3.18240452 4.94069134 0.79504109
3.17572232 4.93569462 0.80197990
3.16907983 4.93073798 0.80882512
3.16247879 4.92582283 0.81557378
3.15592088 4.92095051 0.82222309
3.14940773 4.91612233 0.82877047
3.14294089 4.91133952 0.83521356
3.13652187 4.90660328 0.84155019
3.13015212 4.90191472 0.84777842
3.12383300 4.89727493 0.85389649
3.11756583 4.89268492 0.85990288
3.11135187 4.88814564 0.86579626
3.10519227 4.88365797 0.87157550
3.09908817 4.87922276 0.87723970
3.09304061 4.87484076 0.88278811
3.08705055 4.87051268 0.88822022
3.08111891 4.86623918 0.89353569
3.07524654 4.86202084 0.89873434
3.06943421 4.85785819 0.90381619
3.06368262 4.85375168 0.90878144
3.05799242 4.84970174 0.91363042
3.05236419 4.84570871 0.91836363
3.04679845 4.84177289 0.92298172
3.04129564 4.83789452 0.92748547
3.03585615 4.83407378 0.93187580
3.03048033 4.83031081 0.93615375
3.02516845 4.82660569 0.94032046
3.01992071 4.82295845 0.94437720
3.01473729 4.81936909 0.94832533
3.00961830 4.81583754 0.95216628
3.00456379 4.81236370 0.95590160
2.99957378 4.80894742 0.95953289
2.99464823 4.80558852 0.96306182
2.98978706 4.80228676 0.96649013
2.98499013 4.79904189 0.96981959
2.98025728 4.79585360 0.97305205
2.97558832 4.79272157 0.97618937
2.97098298 4.78964543 0.97923346
2.96644099 4.78662479 0.98218626
2.96196203 4.78365922 0.98504972
2.95754576 4.78074828 0.98782581
2.95319180 4.77789150 0.99051651
2.94889975 4.77508837 0.99312382
2.94466917 4.77233839 0.99564972
2.94049961 4.76964101 0.99809621
2.93639059 4.76699568 1.00046528
2.93234161 4.76440182 1.00275889
2.92835214 4.76185885 1.00497900
2.92442164 4.75936617 1.00712758
2.92054957 4.75692316 1.00920653
2.91673534 4.75452920 1.01121777
2.91297837 4.75218364 1.01316318
2.90927807 4.74988585 1.01504462
2.90563382 4.74763518 1.01686391
2.90204500 4.74543096 1.01862287
2.89851098 4.74327252 1.02032325
2.89503113 4.74115921 1.02196679
2.89160480 4.73909035 1.02355521
2.88823134 4.73706526 1.02509017
2.88491009 4.73508326 1.02657332
2.88164040 4.73314368 1.02800624
2.87842160 4.73124584 1.02939051
2.87525303 4.72938905 1.03072766
2.87213403 4.72757265 1.03201919
2.86906392 4.72579596 1.03326654
2.86604204 4.72405829 1.03447115
2.86306773 4.72235900 1.03563440
2.86014031 4.72069739 1.03675763
2.85725913 4.71907282 1.03784215
2.85442352 4.71748463 1.03888926
2.85163282 4.71593216 1.03990018
2.84888638 4.71441476 1.04087612
2.84618355 4.71293179 1.04181827
2.84352368 4.71148261 1.04272774
2.84090612 4.71006659 1.04360566
2.83833024 4.70868311 1.04445308
2.83579541 4.70733154 1.04527106
2.83330099 4.70601129 1.04606059
2.83084636 4.70472173 1.04682266
2.82843091 4.70346229 1.04755820
2.82605403 4.70223235 1.04826814
2.82371510 4.70103136 1.04895337
2.82141354 4.69985872 1.04961473
2.81914875 4.69871388 1.05025307
2.81692015 4.69759627 1.05086919
2.81472715 4.69650535 1.05146385
2.81256920 4.69544057 1.05203782
2.81044571 4.69440139 1.05259183
2.80835614 4.69338730 1.05312656
2.80629994 4.69239777 1.05364271
2.80427656 4.69143230 1.05414093
2.80228547 4.69049038 1.05462185
2.80032615 4.68957151 1.05508608
2.79839806 4.68867522 1.05553421
2.79650070 4.68780102 1.05596682
2.79463356 4.68694845 1.05638445
2.79279614 4.68611704 1.05678764
2.79098795 4.68530634 1.05717690
2.78920851 4.68451591 1.05755272
2.78745734 4.68374530 1.05791558
2.78573397 4.68299410 1.05826594
2.78403794 4.68226186 1.05860425
2.78236879 4.68154819 1.05893094
2.78072607 4.68085268 1.05924641
2.77910935 4.68017492 1.05955107
2.77751818 4.67951452 1.05984531
2.77595215 4.67887111 1.06012948
2.77441082 4.67824429 1.06040396
2.77289380 4.67763371 1.06066908
2.77140066 4.67703900 1.06092518
2.76993102 4.67645981 1.06117257
2.76848447 4.67589578 1.06141158
2.76706063 4.67534657 1.06164248
2.76565912 4.67481185 1.06186558
2.76427956 4.67429130 1.06208115
2.76292159 4.67378458 1.06228945
2.76158485 4.67329139 1.06249074
2.76026897 4.67281140 1.06268527
2.75897361 4.67234433 1.06287328
2.75769843 4.67188988 1.06305500
2.75644308 4.67144775 1.06323065
2.75520724 4.67101765 1.06340044
2.75399058 4.67059932 1.06356458
2.75279277 4.67019247 1.06372327
2.75161350 4.66979684 1.06387669
2.75045247 4.66941217 1.06402504
2.74930937 4.66903820 1.06416849
2.74818389 4.66867468 1.06430722
2.74707574 4.66832136 1.06444138
2.74598465 4.66797801 1.06457114
2.74491031 4.66764439 1.06469664
2.74385245 4.66732026 1.06481805
2.74281080 4.66700540 1.06493549
2.74178509 4.66669960 1.06504911
2.74077506 4.66640263 1.06515904
2.73978044 4.66611429 1.06526541
2.73880098 4.66583436 1.06536833
2.73783642 4.66556265 1.06546794
2.73688653 4.66529895 1.06556433
2.73595105 4.66504308 1.06565763
2.73502975 4.66479484 1.06574793
2.73412241 4.66455405 1.06583535
2.73322878 4.66432053 1.06591998
2.73234864 4.66409410 1.06600191
2.73148177 4.66387458 1.06608123
2.73062795 4.66366181 1.06615804
2.72978697 4.66345562 1.06623242
2.72895862 4.66325585 1.06630445
2.72814269 4.66306234 1.06637421
2.72733898 4.66287494 1.06644178
2.72654728 4.66269349 1.06650723
2.72576742 4.66251784 1.06657063
2.72499918 4.66234786 1.06663205
2.72424238 4.66218340 1.06669156
2.72349684 4.66202431 1.06674922
2.72276237 4.66187047 1.06680509
2.72203880 4.66172175 1.06685923
2.72132595 4.66157801 1.06691171
2.72062364 4.66143912 1.06696256
2.71993170 4.66130497 1.06701185
2.71924998 4.66117544 1.06705963
2.71857830 4.66105039 1.06710595
2.71791650 4.66092973 1.06715086
2.71726442 4.66081334 1.06719440
2.71662192 4.66070110 1.06723662
2.71598883 4.66059291 1.06727755
2.71536500 4.66048867 1.06731725
2.71475030 4.66038827 1.06735575
2.71414456 4.66029161 1.06739309
2.71354766 4.66019859 1.06742931
2.71295944 4.66010913 1.06746444
2.71237978 4.66002311 1.06749852
2.71180853 4.65994046 1.06753159
2.71124557 4.65986109 1.06756367
2.71069076 4.65978490 1.06759480
2.71014397 4.65971181 1.06762500
2.70960508 4.65964174 1.06765431
2.70907397 4.65957461 1.06768276
2.70855050 4.65951034 1.06771037
2.70803457 4.65944885 1.06773717
2.70752605 4.65939006 1.06776318
2.70702483 4.65933390 1.06778843
2.70653080 4.65928031 1.06781294
2.70604384 4.65922920 1.06783674
2.70556384 4.65918051 1.06785985
2.70509069 4.65913418 1.06788228
2.70462429 4.65909013 1.06790407
2.70416454 4.65904831 1.06792523
2.70371133 4.65900865 1.06794577
2.70326455 4.65897109 1.06796573
2.70282412 4.65893557 1.06798511
2.70238993 4.65890204 1.06800394
2.70196189 4.65887043 1.06802223
2.70153989 4.65884069 1.06804000
2.70112386 4.65881277 1.06805726
2.70071370 4.65878661 1.06807403
2.70030932 4.65876217 1.06809033
2.69991063 4.65873939 1.06810616
2.69951754 4.65871823 1.06812155
2.69912997 4.65869863 1.06813650
2.69874783 4.65868056 1.06815103
2.69837105 4.65866396 1.06816515
2.69799954 4.65864878 1.06817888
2.69763322 4.65863500 1.06819223
2.69727201 4.65862256 1.06820520
2.69691584 4.65861143 1.06821780
2.69656463 4.65860156 1.06823006
2.69621831 4.65859292 1.06824198
2.69587680 4.65858546 1.06825357
2.69554003 4.65857915 1.06826483
2.69520792 4.65857396 1.06827579
2.69488042 4.65856984 1.06828644
2.69455745 4.65856677 1.06829680
2.69423894 4.65856471 1.06830688
2.69392482 4.65856363 1.06831668
2.69361504 4.65856349 1.06832621
2.69330953 4.65856427 1.06833548
2.69300822 4.65856593 1.06834449
2.69271105 4.65856845 1.06835326
2.69241796 4.65857179 1.06836180
2.69212889 4.65857594 1.06837010
2.69184378 4.65858085 1.06837817
2.69156257 4.65858650 1.06838603
2.69128521 4.65859288 1.06839368
2.69101164 4.65859995 1.06840111
2.69074180 4.65860768 1.06840835
2.69047564 4.65861606 1.06841539
2.69021310 4.65862506 1.06842225
2.68995414 4.65863466 1.06842892
2.68969869 4.65864484 1.06843541
2.68944672 4.65865557 1.06844173
2.68919816 4.65866683 1.06844788
2.68895297 4.65867861 1.06845386
2.68871109 4.65869088 1.06845969
2.68847249 4.65870362 1.06846536
2.68823712 4.65871682 1.06847088
2.68800492 4.65873045 1.06847625
2.68777585 4.65874451 1.06848149
2.68754987 4.65875896 1.06848658
2.68732693 4.65877380 1.06849154
2.68710699 4.65878901 1.06849637
2.68689000 4.65880457 1.06850107
2.68667593 4.65882046 1.06850565
2.68646472 4.65883668 1.06851010
2.68625635 4.65885320 1.06851444
2.68605077 4.65887002 1.06851867
2.68584794 4.65888711 1.06852279
2.68564782 4.65890447 1.06852680
2.68545037 4.65892208 1.06853070
2.68525555 4.65893993 1.06853450
2.68506333 4.65895801 1.06853820
2.68487367 4.65897630 1.06854181
2.68468654 4.65899479 1.06854532
2.68450189 4.65901348 1.06854875
2.68431969 4.65903234 1.06855208
2.68413992 4.65905137 1.06855533
2.68396252 4.65907057 1.06855849
2.68378748 4.65908991 1.06856157
2.68361476 4.65910939 1.06856457
2.68344432 4.65912900 1.06856750
2.68327613 4.65914873 1.06857035
2.68311017 4.65916857 1.06857312
2.68294639 4.65918851 1.06857583
2.68278478 4.65920855 1.06857846
2.68262529 4.65922867 1.06858103
2.68246791 4.65924887 1.06858353
2.68231259 4.65926914 1.06858597
2.68215932 4.65928947 1.06858834
2.68200806 4.65930986 1.06859066
2.68185879 4.65933030 1.06859291
2.68171147 4.65935078 1.06859511
2.68156608 4.65937129 1.06859725
2.68142260 4.65939183 1.06859934
2.68128100 4.65941239 1.06860137
2.68114125 4.65943297 1.06860336
2.68100332 4.65945357 1.06860529
2.68086720 4.65947416 1.06860717
2.68073285 4.65949476 1.06860901
2.68060026 4.65951534 1.06861080
2.68046939 4.65953592 1.06861254
2.68034023 4.65955649 1.06861424
2.68021274 4.65957703 1.06861590
2.68008692 4.65959754 1.06861751
2.67996273 4.65961803 1.06861909
2.67984016 4.65963849 1.06862062
2.67971917 4.65965890 1.06862212
2.67959975 4.65967928 1.06862357
2.67948189 4.65969960 1.06862500
2.67936554 4.65971988 1.06862638
2.67925071 4.65974011 1.06862773
2.67913736 4.65976028 1.06862905
2.67902547 4.65978039 1.06863033
2.67891503 4.65980044 1.06863159
2.67880602 4.65982042 1.06863281
2.67869841 4.65984033 1.06863400
2.67859220 4.65986018 1.06863516
2.67848735 4.65987994 1.06863629
2.67838385 4.65989963 1.06863739
2.67828168 4.65991924 1.06863847
2.67818083 4.65993877 1.06863952
2.67808127 4.65995822 1.06864054
2.67798299 4.65997758 1.06864154
2.67788598 4.65999685 1.06864251
2.67779021 4.66001603 1.06864346
2.67769567 4.66003512 1.06864438
2.67760234 4.66005411 1.06864528
2.67751020 4.66007301 1.06864616
2.67741925 4.66009181 1.06864702
2.67732946 4.66011051 1.06864785
2.67724082 4.66012911 1.06864867
2.67715331 4.66014761 1.06864946
2.67706692 4.66016600 1.06865024
2.67698164 4.66018429 1.06865100
2.67689744 4.66020248 1.06865173
2.67681431 4.66022056 1.06865245
2.67673225 4.66023852 1.06865315
2.67665123 4.66025638 1.06865384
2.67657125 4.66027413 1.06865450
2.67649228 4.66029177 1.06865515
2.67641431 4.66030930 1.06865579
2.67633734 4.66032671 1.06865641
2.67626135 4.66034402 1.06865701
2.67618632 4.66036120 1.06865760
2.67611225 4.66037827 1.06865818
2.67603911 4.66039523 1.06865874
2.67596690 4.66041207 1.06865928
2.67589561 4.66042880 1.06865981
2.67582523 4.66044540 1.06866033
2.67575573 4.66046189 1.06866084
2.67568711 4.66047827 1.06866134
2.67561937 4.66049452 1.06866182
2.67555248 4.66051066 1.06866229
2.67548643 4.66052668 1.06866275
2.67542122 4.66054258 1.06866320
2.67535683 4.66055836 1.06866363
2.67529326 4.66057402 1.06866406
2.67523049 4.66058957 1.06866447
2.67516851 4.66060499 1.06866488
2.67510732 4.66062030 1.06866527
2.67504689 4.66063549 1.06866566
2.67498723 4.66065056 1.06866604
2.67492831 4.66066551 1.06866640
2.67487014 4.66068034 1.06866676
2.67481270 4.66069505 1.06866711
2.67475599 4.66070964 1.06866745
2.67469999 4.66072412 1.06866778
2.67464469 4.66073848 1.06866811
2.67459008 4.66075272 1.06866843
2.67453616 4.66076684 1.06866873
2.67448292 4.66078084 1.06866904
2.67443035 4.66079473 1.06866933
2.67437844 4.66080850 1.06866962
2.67432717 4.66082216 1.06866990
2.67427655 4.66083570 1.06867017
2.67422657 4.66084912 1.06867044
2.67417721 4.66086243 1.06867069
2.67412847 4.66087562 1.06867095
2.67408034 4.66088870 1.06867120
2.67403281 4.66090167 1.06867144
2.67398587 4.66091452 1.06867167
2.67393953 4.66092725 1.06867190
2.67389376 4.66093988 1.06867213
2.67384856 4.66095239 1.06867234
2.67380393 4.66096479 1.06867256
2.67375986 4.66097709 1.06867277
2.67371633 4.66098927 1.06867297
2.67367335 4.66100134 1.06867317
2.67363091 4.66101330 1.06867336
2.67358899 4.66102515 1.06867355
2.67354760 4.66103689 1.06867373
2.67350672 4.66104853 1.06867391
2.67346635 4.66106005 1.06867409
2.67342649 4.66107148 1.06867426
2.67338712 4.66108279 1.06867443
2.67334824 4.66109400 1.06867459
2.67330984 4.66110511 1.06867475
2.67327192 4.66111611 1.06867490
2.67323448 4.66112700 1.06867505
2.67319750 4.66113780 1.06867520
2.67316098 4.66114849 1.06867534
2.67312491 4.66115908 1.06867548
2.67308929 4.66116957 1.06867562
2.67305411 4.66117996 1.06867576
2.67301937 4.66119025 1.06867589
2.67298506 4.66120044 1.06867601
2.67295118 4.66121053 1.06867614
2.67291771 4.66122053 1.06867626
2.67288466 4.66123042 1.06867638
2.67285202 4.66124022 1.06867649
2.67281979 4.66124993 1.06867660
2.67278795 4.66125954 1.06867671
2.67275651 4.66126906 1.06867682
2.67272546 4.66127848 1.06867693
2.67269479 4.66128781 1.06867703
2.67266451 4.66129704 1.06867713
2.67263459 4.66130619 1.06867723
2.67260505 4.66131524 1.06867732
2.67257587 4.66132421 1.06867741
2.67254705 4.66133308 1.06867750
2.67251859 4.66134187 1.06867759
2.67249048 4.66135057 1.06867768
2.67246272 4.66135918 1.06867776
2.67243530 4.66136770 1.06867784
2.67240822 4.66137614 1.06867792
2.67238148 4.66138449 1.06867800
2.67235506 4.66139276 1.06867808
2.67232897 4.66140094 1.06867815
2.67230320 4.66140904 1.06867822
2.67227775 4.66141705 1.06867830
2.67225261 4.66142499 1.06867836
2.67222779 4.66143284 1.06867843
2.67220326 4.66144062 1.06867850
2.67217905 4.66144831 1.06867856
2.67215513 4.66145592 1.06867862
2.67213150 4.66146346 1.06867869
2.67210816 4.66147091 1.06867875
2.67208512 4.66147829 1.06867880
2.67206235 4.66148560 1.06867886
2.67203987 4.66149282 1.06867892
2.67201766 4.66149998 1.06867897
2.67199573 4.66150705 1.06867902
2.67197406 4.66151406 1.06867907
2.67195267 4.66152099 1.06867912
2.67193153 4.66152784 1.06867917
2.67191066 4.66153463 1.06867922
2.67189004 4.66154134 1.06867927
2.67186967 4.66154798 1.06867931
2.67184956 4.66155456 1.06867936
2.67182969 4.66156106 1.06867940
2.67181006 4.66156749 1.06867944
2.67179068 4.66157386 1.06867949
2.67177154 4.66158016 1.06867953
2.67175263 4.66158639 1.06867957
2.67173395 4.66159256 1.06867960
2.67171550 4.66159865 1.06867964
2.67169728 4.66160469 1.06867968
2.67167928 4.66161066 1.06867971
2.67166150 4.66161656 1.06867975
2.67164394 4.66162241 1.06867978
2.67162659 4.66162819 1.06867982
2.67160946 4.66163390 1.06867985
2.67159254 4.66163956 1.06867988
2.67157582 4.66164515 1.06867991
2.67155931 4.66165069 1.06867994
2.67154300 4.66165616 1.06867997
2.67152689 4.66166158 1.06868000
2.67151098 4.66166694 1.06868003
2.67149527 4.66167224 1.06868005
2.67147974 4.66167748 1.06868008
2.67146441 4.66168266 1.06868011
2.67144926 4.66168779 1.06868013
2.67143430 4.66169286 1.06868016
2.67141952 4.66169788 1.06868018
2.67140492 4.66170284 1.06868021
2.67139050 4.66170775 1.06868023
2.67137626 4.66171260 1.06868025
2.67136219 4.66171740 1.06868027
2.67134830 4.66172215 1.06868029
2.67133457 4.66172685 1.06868032
2.67132101 4.66173149 1.06868034
2.67130762 4.66173608 1.06868036
2.67129439 4.66174063 1.06868037
2.67128132 4.66174512 1.06868039
2.67126841 4.66174956 1.06868041
2.67125566 4.66175396 1.06868043
2.67124306 4.66175830 1.06868045
2.67123062 4.66176260 1.06868047
2.67121833 4.66176685 1.06868048
2.67120619 4.66177105 1.06868050
2.67119420 4.66177521 1.06868051
2.67118235 4.66177932 1.06868053
2.67117065 4.66178338 1.06868055
2.67115909 4.66178740 1.06868056
2.67114768 4.66179138 1.06868057
2.67113640 4.66179531 1.06868059
2.67112526 4.66179919 1.06868060
2.67111425 4.66180303 1.06868062
2.67110338 4.66180683 1.06868063
2.67109265 4.66181059 1.06868064
2.67108204 4.66181431 1.06868066
2.67107156 4.66181798 1.06868067
2.67106121 4.66182161 1.06868068
2.67105099 4.66182521 1.06868069
2.67104089 4.66182876 1.06868070
2.67103091 4.66183227 1.06868071
2.67102106 4.66183574 1.06868072
2.67101132 4.66183918 1.06868073
2.67100171 4.66184257 1.06868075
2.67099221 4.66184593 1.06868076
