4.53130006 0.11765785 0.10840440
4.53055577 0.12080273 0.10945272
4.52980591 0.12397113 0.11051681
4.52905042 0.12716333 0.11159696
4.52828923 0.13037961 0.11269348
4.52752228 0.13362024 0.11380668
4.52674950 0.13688551 0.11493689
4.52597082 0.14017570 0.11608443
4.52518617 0.14349109 0.11724965
4.52439549 0.14683200 0.11843288
4.52359870 0.15019870 0.11963447
4.52279574 0.15359151 0.12085479
4.52198652 0.15701072 0.12209419
4.52117098 0.16045665 0.12335306
4.52034904 0.16392961 0.12463177
4.51952064 0.16742991 0.12593072
4.51868568 0.17095788 0.12725030
4.51784410 0.17451384 0.12859092
4.51699582 0.17809811 0.12995300
4.51614076 0.18171104 0.13133697
4.51527884 0.18535295 0.13274324
4.51440997 0.18902419 0.13417228
4.51353409 0.19272510 0.13562454
4.51265110 0.19645602 0.13710047
4.51176092 0.20021732 0.13860054
4.51086347 0.20400935 0.14012525
4.50995866 0.20783247 0.14167509
4.50904641 0.21168704 0.14325055
4.50812663 0.21557342 0.14485215
4.50719923 0.21949200 0.14648042
4.50626412 0.22344315 0.14813590
4.50532121 0.22742725 0.14981911
4.50437042 0.23144468 0.15153064
4.50341164 0.23549583 0.15327104
4.50244479 0.23958109 0.15504089
4.50146978 0.24370086 0.15684079
4.50048650 0.24785553 0.15867134
4.49949487 0.25204550 0.16053316
4.49849478 0.25627119 0.16242688
4.49748615 0.26053300 0.16435313
4.49646887 0.26483134 0.16631257
4.49544285 0.26916663 0.16830587
4.49440798 0.27353929 0.17033370
4.49336417 0.27794973 0.17239675
4.49231132 0.28239838 0.17449572
4.49124932 0.28688568 0.17663134
4.49017808 0.29141204 0.17880433
4.48909748 0.29597790 0.18101542
4.48800744 0.30058369 0.18326539
4.48690784 0.30522984 0.18555498
4.48579859 0.30991681 0.18788499
4.48467958 0.31464501 0.19025620
4.48355070 0.31941489 0.19266942
4.48241185 0.32422690 0.19512547
4.48126293 0.32908146 0.19762518
4.48010383 0.33397903 0.20016938
4.47893445 0.33892005 0.20275893
4.47775469 0.34390495 0.20539470
4.47656443 0.34893417 0.20807756
4.47536358 0.35400815 0.21080841
4.47415203 0.35912734 0.21358813
4.47292969 0.36429215 0.21641764
4.47169644 0.36950303 0.21929785
4.47045218 0.37476041 0.22222969
4.46919682 0.38006471 0.22521410
4.46793026 0.38541635 0.22825202
4.46665240 0.39081575 0.23134439
4.46536313 0.39626331 0.23449218
4.46406237 0.40175945 0.23769635
4.46275002 0.40730456 0.24095786
4.46142598 0.41289904 0.24427768
4.46009017 0.41854326 0.24765679
4.45874250 0.42423761 0.25109614
4.45738289 0.42998243 0.25459673
4.45601124 0.43577810 0.25815951
4.45462747 0.44162494 0.26178546
4.45323152 0.44752329 0.26547553
4.45182330 0.45347347 0.26923069
4.45040275 0.45947577 0.27305187
4.44896979 0.46553049 0.27694001
4.44752436 0.47163788 0.28089605
4.44606640 0.47779821 0.28492088
4.44459587 0.48401170 0.28901540
4.44311270 0.49027857 0.29318049
4.44161685 0.49659901 0.29741698
4.44010828 0.50297318 0.30172572
4.43858697 0.50940123 0.30610749
4.43705287 0.51588327 0.31056306
4.43550597 0.52241941 0.31509316
4.43394626 0.52900969 0.31969850
4.43237372 0.53565416 0.32437972
4.43078836 0.54235282 0.32913744
4.42919018 0.54910563 0.33397222
4.42757920 0.55591253 0.33888457
4.42595545 0.56277341 0.34387494
4.42431895 0.56968815 0.34894374
4.42266974 0.57665655 0.35409129
4.42100789 0.58367839 0.35931786
4.41933345 0.59075343 0.36462364
4.41764650 0.59788134 0.37000875
4.41594712 0.60506177 0.37547321
4.41423540 0.61229433 0.38101699
4.41251145 0.61957855 0.38663992
4.41077539 0.62691395 0.39234179
4.40902735 0.63429997 0.39812224
4.40726747 0.64173600 0.40398085
4.40549592 0.64922137 0.40991705
4.40371285 0.65675536 0.41593020
4.40191847 0.66433720 0.42201951
4.40011296 0.67196605 0.42818408
4.39829653 0.67964100 0.43442289
4.39646943 0.68736110 0.44073478
4.39463188 0.69512531 0.44711848
4.39278415 0.70293256 0.45357255
4.39092650 0.71078167 0.46009544
4.38905924 0.71867144 0.46668546
4.38718266 0.72660057 0.47334075
4.38529708 0.73456772 0.48005934
4.38340284 0.74257145 0.48683909
4.38150030 0.75061029 0.49367771
4.37958981 0.75868268 0.50057279
4.37767177 0.76678700 0.50752175
4.37574657 0.77492157 0.51452187
4.37381463 0.78308462 0.52157029
4.37187637 0.79127434 0.52866400
4.36993225 0.79948886 0.53579985
4.36798272 0.80772623 0.54297456
4.36602825 0.81598445 0.55018472
4.36406933 0.82426146 0.55742679
4.36210647 0.83255514 0.56469711
4.36014018 0.84086333 0.57199189
4.35817098 0.84918380 0.57930725
4.35619941 0.85751427 0.58663920
4.35422602 0.86585245 0.59398366
4.35225137 0.87419596 0.60133647
4.35027602 0.88254240 0.60869339
4.34830055 0.89088935 0.61605011
4.34632555 0.89923434 0.62340229
4.34435160 0.90757488 0.63074550
4.34237930 0.91590844 0.63807534
4.34040925 0.92423251 0.64538734
4.33844205 0.93254451 0.65267705
4.33647831 0.94084190 0.65994000
4.33451863 0.94912211 0.66717177
4.33256364 0.95738257 0.67436795
4.33061392 0.96562071 0.68152416
4.32867009 0.97383398 0.68863610
4.32673274 0.98201985 0.69569952
4.32480248 0.99017578 0.70271025
4.32287990 0.99829927 0.70966421
4.32096557 1.00638786 0.71655743
4.31906009 1.01443909 0.72338603
4.31716402 1.02245057 0.73014628
4.31527791 1.03041992 0.73683456
4.31340233 1.03834484 0.74344740
4.31153780 1.04622304 0.74998147
4.30968485 1.05405232 0.75643362
4.30784399 1.06183050 0.76280083
4.30601571 1.06955549 0.76908027
4.30420051 1.07722525 0.77526929
4.30239885 1.08483781 0.78136539
4.30061118 1.09239127 0.78736629
4.29883793 1.09988379 0.79326986
4.29707951 1.10731362 0.79907419
4.29533634 1.11467907 0.80477752
4.29360877 1.12197854 0.81037832
4.29189719 1.12921051 0.81587520
4.29020192 1.13637352 0.82126700
4.28852329 1.14346622 0.82655273
4.28686162 1.15048732 0.83173155
4.28521717 1.15743561 0.83680285
4.28359021 1.16430998 0.84176615
4.28198100 1.17110940 0.84662116
4.28038975 1.17783290 0.85136776
4.27881668 1.18447962 0.85600597
4.27726197 1.19104875 0.86053597
4.27572578 1.19753959 0.86495809
4.27420828 1.20395150 0.86927280
4.27270959 1.21028392 0.87348071
4.27122983 1.21653637 0.87758253
4.26976909 1.22270844 0.88157912
4.26832746 1.22879980 0.88547144
4.26690499 1.23481018 0.88926055
4.26550173 1.24073938 0.89294762
4.26411772 1.24658728 0.89653389
4.26275296 1.25235380 0.90002072
4.26140746 1.25803896 0.90340950
4.26008121 1.26364280 0.90670172
4.25877417 1.26916545 0.90989894
4.25748631 1.27460707 0.91300275
4.25621758 1.27996788 0.91601480
4.25496790 1.28524817 0.91893680
4.25373720 1.29044827 0.92177048
4.25252540 1.29556853 0.92451760
4.25133239 1.30060938 0.92717996
4.25015807 1.30557127 0.92975937
4.24900232 1.31045469 0.93225767
4.24786502 1.31526019 0.93467670
4.24674602 1.31998833 0.93701830
4.24564519 1.32463970 0.93928434
4.24456238 1.32921495 0.94147667
4.24349743 1.33371473 0.94359713
4.24245018 1.33813972 0.94564758
4.24142047 1.34249064 0.94762983
4.24040811 1.34676822 0.94954571
4.23941293 1.35097322 0.95139702
4.23843474 1.35510640 0.95318554
4.23747336 1.35916856 0.95491303
4.23652861 1.36316050 0.95658124
4.23560028 1.36708305 0.95819186
4.23468817 1.37093703 0.95974660
4.23379210 1.37472328 0.96124712
4.23291185 1.37844267 0.96269503
4.23204722 1.38209605 0.96409195
4.23119801 1.38568429 0.96543945
4.23036401 1.38920826 0.96673905
4.22954501 1.39266884 0.96799227
4.22874081 1.39606691 0.96920059
4.22795120 1.39940335 0.97036543
4.22717596 1.40267906 0.97148821
4.22641488 1.40589491 0.97257029
4.22566776 1.40905179 0.97361302
4.22493439 1.41215059 0.97461771
4.22421456 1.41519218 0.97558561
4.22350806 1.41817745 0.97651797
4.22281469 1.42110726 0.97741599
4.22213423 1.42398250 0.97828084
4.22146648 1.42680404 0.97911367
4.22081124 1.42957272 0.97991556
4.22016830 1.43228941 0.98068761
4.21953747 1.43495495 0.98143084
4.21891855 1.43757020 0.98214627
4.21831133 1.44013598 0.98283488
4.21771562 1.44265313 0.98349762
4.21713123 1.44512247 0.98413540
4.21655796 1.44754480 0.98474913
4.21599563 1.44992094 0.98533966
4.21544404 1.45225168 0.98590783
4.21490301 1.45453781 0.98645445
4.21437235 1.45678010 0.98698030
4.21385189 1.45897933 0.98748614
4.21334144 1.46113625 0.98797270
4.21284082 1.46325161 0.98844068
4.21234986 1.46532617 0.98889077
4.21186840 1.46736063 0.98932363
4.21139624 1.46935574 0.98973989
4.21093324 1.47131219 0.99014018
4.21047922 1.47323069 0.99052509
4.21003401 1.47511193 0.99089518
4.20959746 1.47695659 0.99125102
4.20916941 1.47876535 0.99159314
4.20874971 1.48053886 0.99192205
4.20833819 1.48227778 0.99223825
4.20793470 1.48398274 0.99254222
4.20753911 1.48565438 0.99283442
4.20715125 1.48729332 0.99311530
4.20677098 1.48890018 0.99338529
4.20639817 1.49047554 0.99364480
4.20603267 1.49202002 0.99389422
4.20567434 1.49353418 0.99413395
4.20532306 1.49501860 0.99436436
4.20497867 1.49647385 0.99458579
4.20464107 1.49790047 0.99479860
4.20431010 1.49929902 0.99500312
4.20398566 1.50067002 0.99519965
4.20366761 1.50201401 0.99538852
4.20335583 1.50333149 0.99557001
4.20305020 1.50462299 0.99574440
4.20275061 1.50588899 0.99591199
4.20245693 1.50712999 0.99607301
4.20216905 1.50834647 0.99622774
4.20188687 1.50953890 0.99637640
4.20161027 1.51070775 0.99651925
4.20133914 1.51185347 0.99665649
4.20107338 1.51297651 0.99678836
4.20081289 1.51407731 0.99691506
4.20055755 1.51515631 0.99703678
4.20030728 1.51621392 0.99715373
4.20006196 1.51725057 0.99726608
4.19982152 1.51826665 0.99737403
4.19958584 1.51926258 0.99747773
4.19935484 1.52023875 0.99757736
4.19912843 1.52119553 0.99767307
4.19890651 1.52213332 0.99776501
4.19868900 1.52305248 0.99785335
4.19847582 1.52395338 0.99793820
4.19826687 1.52483638 0.99801972
4.19806207 1.52570183 0.99809802
4.19786135 1.52655006 0.99817325
4.19766462 1.52738143 0.99824551
4.19747180 1.52819626 0.99831493
4.19728282 1.52899488 0.99838161
4.19709760 1.52977761 0.99844566
4.19691607 1.53054476 0.99850719
4.19673815 1.53129663 0.99856629
4.19656377 1.53203354 0.99862306
4.19639287 1.53275577 0.99867760
4.19622537 1.53346361 0.99872998
4.19606121 1.53415736 0.99878030
4.19590032 1.53483728 0.99882863
4.19574264 1.53550365 0.99887505
4.19558810 1.53615674 0.99891964
4.19543664 1.53679681 0.99896248
4.19528820 1.53742413 0.99900362
4.19514272 1.53803893 0.99904313
4.19500015 1.53864148 0.99908109
4.19486041 1.53923201 0.99911755
4.19472346 1.53981076 0.99915257
4.19458925 1.54037797 0.99918620
4.19445771 1.54093386 0.99921851
4.19432880 1.54147866 0.99924954
4.19420246 1.54201259 0.99927934
4.19407864 1.54253587 0.99930797
4.19395729 1.54304870 0.99933546
4.19383837 1.54355130 0.99936187
4.19372182 1.54404387 0.99938724
4.19360759 1.54452661 0.99941160
4.19349565 1.54499970 0.99943500
4.19338594 1.54546336 0.99945747
4.19327842 1.54591775 0.99947906
4.19317305 1.54636307 0.99949979
4.19306978 1.54679950 0.99951971
4.19296858 1.54722722 0.99953883
4.19286940 1.54764639 0.99955720
4.19277219 1.54805720 0.99957484
4.19267693 1.54845979 0.99959179
4.19258358 1.54885435 0.99960806
4.19249209 1.54924102 0.99962369
4.19240242 1.54961997 0.99963871
4.19231455 1.54999135 0.99965313
4.19222843 1.55035531 0.99966697
4.19214404 1.55071200 0.99968027
4.19206133 1.55106157 0.99969305
4.19198027 1.55140415 0.99970532
4.19190083 1.55173988 0.99971710
4.19182298 1.55206890 0.99972842
4.19174669 1.55239135 0.99973929
4.19167192 1.55270736 0.99974973
4.19159864 1.55301705 0.99975976
4.19152683 1.55332056 0.99976939
4.19145646 1.55361800 0.99977863
4.19138749 1.55390949 0.99978752
4.19131990 1.55419516 0.99979605
4.19125366 1.55447512 0.99980424
4.19118875 1.55474948 0.99981211
4.19112513 1.55501836 0.99981967
4.19106278 1.55528186 0.99982693
4.19100168 1.55554010 0.99983390
4.19094181 1.55579318 0.99984060
4.19088313 1.55604119 0.99984703
4.19082562 1.55628425 0.99985320
4.19076926 1.55652245 0.99985913
4.19071403 1.55675589 0.99986483
4.19065990 1.55698467 0.99987030
4.19060686 1.55720886 0.99987556
4.19055488 1.55742858 0.99988060
4.19050393 1.55764391 0.99988545
4.19045400 1.55785493 0.99989011
4.19040508 1.55806173 0.99989458
4.19035713 1.55826439 0.99989887
4.19031014 1.55846301 0.99990300
4.19026409 1.55865765 0.99990696
4.19021896 1.55884841 0.99991076
4.19017473 1.55903535 0.99991441
4.19013139 1.55921855 0.99991792
4.19008891 1.55939808 0.99992129
4.19004728 1.55957403 0.99992453
4.19000649 1.55974646 0.99992764
4.18996651 1.55991545 0.99993062
4.18992733 1.56008105 0.99993349
4.18988893 1.56024335 0.99993624
4.18985130 1.56040239 0.99993889
4.18981443 1.56055826 0.99994143
4.18977829 1.56071101 0.99994387
4.18974287 1.56086071 0.99994621
4.18970817 1.56100741 0.99994846
4.18967415 1.56115118 0.99995062
4.18964082 1.56129208 0.99995270
4.18960815 1.56143016 0.99995469
4.18957614 1.56156547 0.99995660
4.18954477 1.56169809 0.99995844
4.18951402 1.56182805 0.99996021
4.18948389 1.56195541 0.99996190
4.18945436 1.56208022 0.99996353
4.18942543 1.56220254 0.99996510
4.18939707 1.56232241 0.99996660
4.18936928 1.56243989 0.99996804
4.18934204 1.56255501 0.99996943
4.18931535 1.56266784 0.99997076
4.18928919 1.56277841 0.99997203
4.18926356 1.56288676 0.99997326
4.18923844 1.56299295 0.99997444
4.18921382 1.56309702 0.99997557
4.18918969 1.56319900 0.99997666
4.18916605 1.56329895 0.99997770
4.18914288 1.56339690 0.99997871
4.18912017 1.56349289 0.99997967
4.18909791 1.56358696 0.99998060
4.18907611 1.56367914 0.99998148
4.18905473 1.56376949 0.99998234
4.18903379 1.56385803 0.99998316
4.18901326 1.56394479 0.99998394
4.18899315 1.56402983 0.99998470
4.18897343 1.56411316 0.99998543
4.18895412 1.56419482 0.99998612
4.18893518 1.56427485 0.99998679
4.18891663 1.56435329 0.99998744
4.18889845 1.56443015 0.99998805
4.18888063 1.56450548 0.99998865
4.18886317 1.56457929 0.99998922
4.18884605 1.56465164 0.99998976
4.18882928 1.56472254 0.99999029
4.18881285 1.56479201 0.99999079
4.18879674 1.56486010 0.99999128
4.18878095 1.56492683 0.99999174
4.18876548 1.56499222 0.99999219
4.18875033 1.56505631 0.99999262
4.18873547 1.56511911 0.99999303
4.18872091 1.56518066 0.99999343
4.18870664 1.56524098 0.99999381
4.18869266 1.56530009 0.99999417
4.18867896 1.56535802 0.99999452
4.18866553 1.56541479 0.99999486
4.18865237 1.56547042 0.99999519
4.18863947 1.56552495 0.99999550
4.18862683 1.56557838 0.99999579
4.18861444 1.56563074 0.99999608
4.18860231 1.56568206 0.99999636
4.18859041 1.56573235 0.99999662
4.18857875 1.56578163 0.99999687
4.18856733 1.56582993 0.99999712
4.18855613 1.56587726 0.99999735
4.18854516 1.56592365 0.99999758
4.18853441 1.56596911 0.99999779
4.18852387 1.56601366 0.99999800
4.18851354 1.56605732 0.99999820
4.18850342 1.56610010 0.99999839
4.18849350 1.56614203 0.99999858
4.18848378 1.56618312 0.99999875
4.18847426 1.56622339 0.99999892
4.18846492 1.56626286 0.99999908
4.18845578 1.56630153 0.99999924
4.18844681 1.56633943 0.99999939
4.18843802 1.56637658 0.99999954
4.18842941 1.56641298 0.99999967
4.18842098 1.56644865 0.99999981
4.18841271 1.56648361 0.99999993
4.18840460 1.56651787 1.00000006
4.18839666 1.56655144 1.00000017
4.18838888 1.56658435 1.00000029
4.18838125 1.56661659 1.00000040
4.18837378 1.56664819 1.00000050
4.18836645 1.56667916 1.00000060
4.18835928 1.56670951 1.00000070
4.18835224 1.56673925 1.00000079
4.18834535 1.56676840 1.00000088
4.18833859 1.56679696 1.00000096
4.18833197 1.56682496 1.00000105
4.18832548 1.56685239 1.00000112
4.18831912 1.56687928 1.00000120
4.18831289 1.56690562 1.00000127
4.18830678 1.56693144 1.00000134
4.18830080 1.56695675 1.00000141
4.18829493 1.56698155 1.00000147
4.18828918 1.56700585 1.00000154
4.18828355 1.56702966 1.00000159
4.18827803 1.56705300 1.00000165
4.18827262 1.56707588 1.00000171
4.18826732 1.56709829 1.00000176
4.18826212 1.56712026 1.00000181
4.18825703 1.56714179 1.00000186
4.18825204 1.56716288 1.00000190
4.18824715 1.56718356 1.00000195
4.18824236 1.56720382 1.00000199
4.18823766 1.56722368 1.00000203
4.18823306 1.56724314 1.00000207
4.18822855 1.56726221 1.00000211
4.18822413 1.56728090 1.00000215
4.18821980 1.56729921 1.00000218
4.18821555 1.56731716 1.00000222
4.18821139 1.56733475 1.00000225
4.18820732 1.56735199 1.00000228
4.18820332 1.56736888 1.00000231
4.18819941 1.56738544 1.00000234
4.18819557 1.56740166 1.00000237
4.18819181 1.56741756 1.00000239
4.18818812 1.56743315 1.00000242
4.18818451 1.56744842 1.00000244
4.18818097 1.56746338 1.00000247
4.18817750 1.56747805 1.00000249
4.18817411 1.56749242 1.00000251
4.18817077 1.56750650 1.00000253
4.18816751 1.56752031 1.00000255
4.18816431 1.56753384 1.00000257
4.18816118 1.56754709 1.00000259
4.18815810 1.56756008 1.00000261
4.18815509 1.56757282 1.00000262
4.18815214 1.56758529 1.00000264
4.18814925 1.56759752 1.00000265
4.18814642 1.56760950 1.00000267
4.18814364 1.56762125 1.00000268
4.18814092 1.56763276 1.00000270
4.18813825 1.56764403 1.00000271
4.18813564 1.56765509 1.00000272
4.18813307 1.56766592 1.00000274
4.18813056 1.56767653 1.00000275
4.18812810 1.56768694 1.00000276
4.18812569 1.56769713 1.00000277
4.18812333 1.56770712 1.00000278
4.18812101 1.56771691 1.00000279
