0.28319671 1.24283276 0.30815896
0.28397660 1.23619160 0.31264890
0.28476297 1.22949520 0.31721371
0.28555583 1.22274351 0.32185406
0.28635519 1.21593651 0.32657058
0.28716104 1.20907422 0.33136387
0.28797337 1.20215669 0.33623446
0.28879219 1.19518400 0.34118283
0.28961746 1.18815627 0.34620943
0.29044919 1.18107366 0.35131460
0.29128733 1.17393638 0.35649867
0.29213186 1.16674466 0.36176185
0.29298275 1.15949881 0.36710430
0.29383996 1.15219914 0.37252610
0.29470344 1.14484606 0.37802726
0.29557315 1.13743998 0.38360766
0.29644902 1.12998140 0.38926713
0.29733100 1.12247084 0.39500538
0.29821900 1.11490891 0.40082204
0.29911297 1.10729624 0.40671660
0.30001281 1.09963354 0.41268848
0.30091844 1.09192157 0.41873695
0.30182975 1.08416116 0.42486118
0.30274665 1.07635320 0.43106022
0.30366902 1.06849862 0.43733297
0.30459675 1.06059844 0.44367824
0.30552970 1.05265375 0.45009466
0.30646775 1.04466567 0.45658076
0.30741075 1.03663543 0.46313491
0.30835855 1.02856430 0.46975535
0.30931100 1.02045362 0.47644017
0.31026792 1.01230480 0.48318731
0.31122915 1.00411934 0.48999458
0.31219450 0.99589877 0.49685962
0.31316378 0.98764472 0.50377994
0.31413680 0.97935886 0.51075291
0.31511335 0.97104296 0.51777572
0.31609321 0.96269884 0.52484546
0.31707616 0.95432837 0.53195906
0.31806198 0.94593350 0.53911329
0.31905042 0.93751625 0.54630483
0.32004125 0.92907868 0.55353019
0.32103422 0.92062293 0.56078578
0.32202907 0.91215118 0.56806788
0.32302553 0.90366567 0.57537267
0.32402334 0.89516869 0.58269620
0.32502222 0.88666258 0.59003444
0.32602189 0.87814973 0.59738329
0.32702207 0.86963256 0.60473852
0.32802247 0.86111353 0.61209588
0.32902279 0.85259515 0.61945104
0.33002274 0.84407994 0.62679962
0.33102201 0.83557047 0.63413719
0.33202031 0.82706930 0.64145933
0.33301733 0.81857904 0.64876157
0.33401277 0.81010228 0.65603945
0.33500631 0.80164166 0.66328852
0.33599764 0.79319978 0.67050437
0.33698647 0.78477928 0.67768260
0.33797248 0.77638275 0.68481886
0.33895537 0.76801281 0.69190888
0.33993484 0.75967203 0.69894843
0.34091058 0.75136299 0.70593340
0.34188229 0.74308823 0.71285975
0.34284968 0.73485026 0.71972355
0.34381246 0.72665154 0.72652099
0.34477035 0.71849452 0.73324838
0.34572306 0.71038160 0.73990219
0.34667031 0.70231511 0.74647899
0.34761185 0.69429734 0.75297555
0.34854739 0.68633055 0.75938877
0.34947670 0.67841689 0.76571572
0.35039952 0.67055850 0.77195365
0.35131561 0.66275741 0.77809998
0.35222473 0.65501561 0.78415232
0.35312667 0.64733501 0.79010845
0.35402121 0.63971744 0.79596633
0.35490814 0.63216465 0.80172414
0.35578727 0.62467834 0.80738022
0.35665840 0.61726010 0.81293311
0.35752136 0.60991145 0.81838151
0.35837597 0.60263383 0.82372435
0.35922209 0.59542859 0.82896071
0.36005956 0.58829700 0.83408986
0.36088824 0.58124026 0.83911124
0.36170800 0.57425946 0.84402447
0.36251872 0.56735562 0.84882933
0.36332030 0.56052969 0.85352577
0.36411263 0.55378251 0.85811389
0.36489561 0.54711486 0.86259393
0.36566918 0.54052743 0.86696629
0.36643326 0.53402083 0.87123150
0.36718778 0.52759559 0.87539023
0.36793269 0.52125218 0.87944325
0.36866795 0.51499097 0.88339147
0.36939352 0.50881227 0.88723590
0.37010937 0.50271632 0.89097765
0.37081549 0.49670329 0.89461792
0.37151186 0.49077328 0.89815800
0.37219847 0.48492633 0.90159928
0.37287533 0.47916241 0.90494320
0.37354245 0.47348142 0.90819126
0.37419985 0.46788324 0.91134505
0.37484755 0.46236766 0.91440620
0.37548558 0.45693441 0.91737636
0.37611398 0.45158321 0.92025727
0.37673278 0.44631369 0.92305067
0.37734204 0.44112546 0.92575835
0.37794181 0.43601806 0.92838209
0.37853214 0.43099103 0.93092374
0.37911309 0.42604383 0.93338512
0.37968474 0.42117590 0.93576808
0.38024714 0.41638665 0.93807448
0.38080038 0.41167544 0.94030618
0.38134454 0.40704163 0.94246501
0.38187968 0.40248452 0.94455284
0.38240590 0.39800341 0.94657150
0.38292329 0.39359756 0.94852280
0.38343192 0.38926620 0.95040857
0.38393190 0.38500856 0.95223059
0.38442331 0.38082385 0.95399064
0.38490626 0.37671124 0.95569048
0.38538084 0.37266991 0.95733181
0.38584714 0.36869903 0.95891636
0.38630527 0.36479772 0.96044579
0.38675534 0.36096513 0.96192175
0.38719744 0.35720038 0.96334586
0.38763167 0.35350260 0.96471970
0.38805815 0.34987089 0.96604483
0.38847697 0.34630436 0.96732277
0.38888824 0.34280211 0.96855502
0.38929207 0.33936324 0.96974302
0.38968856 0.33598685 0.97088822
0.39007782 0.33267203 0.97199198
0.39045996 0.32941789 0.97305568
0.39083508 0.32622351 0.97408062
0.39120328 0.32308800 0.97506812
0.39156468 0.32001046 0.97601940
0.39191938 0.31698999 0.97693571
0.39226748 0.31402570 0.97781823
0.39260908 0.31111670 0.97866810
0.39294430 0.30826212 0.97948646
0.39327323 0.30546106 0.98027440
0.39359598 0.30271267 0.98103296
0.39391264 0.30001608 0.98176319
0.39422332 0.29737043 0.98246608
0.39452812 0.29477487 0.98314258
0.39482713 0.29222856 0.98379364
0.39512046 0.28973067 0.98442017
0.39540820 0.28728036 0.98502305
0.39569045 0.28487683 0.98560311
0.39596731 0.28251925 0.98616120
0.39623885 0.28020685 0.98669809
0.39650519 0.27793881 0.98721457
0.39676641 0.27571437 0.98771138
0.39702260 0.27353275 0.98818924
0.39727385 0.27139320 0.98864885
0.39752025 0.26929495 0.98909087
0.39776188 0.26723728 0.98951595
0.39799884 0.26521944 0.98992474
0.39823120 0.26324071 0.99031782
0.39845905 0.26130040 0.99069579
0.39868248 0.25939778 0.99105920
0.39890156 0.25753219 0.99140861
0.39911637 0.25570292 0.99174454
0.39932699 0.25390932 0.99206750
0.39953351 0.25215072 0.99237797
0.39973599 0.25042648 0.99267642
0.39993451 0.24873595 0.99296332
0.40012914 0.24707850 0.99323909
0.40031997 0.24545352 0.99350416
0.40050705 0.24386039 0.99375895
0.40069046 0.24229852 0.99400383
0.40087027 0.24076731 0.99423919
0.40104655 0.23926619 0.99446538
0.40121936 0.23779459 0.99468277
0.40138877 0.23635193 0.99489169
0.40155485 0.23493768 0.99509246
0.40171766 0.23355129 0.99528540
0.40187725 0.23219223 0.99547081
0.40203370 0.23085998 0.99564897
0.40218706 0.22955401 0.99582017
0.40233739 0.22827383 0.99598467
0.40248475 0.22701894 0.99614274
0.40262921 0.22578885 0.99629462
0.40277080 0.22458309 0.99644056
0.40290959 0.22340118 0.99658077
0.40304564 0.22224265 0.99671550
0.40317899 0.22110707 0.99684493
0.40330970 0.21999398 0.99696930
0.40343782 0.21890294 0.99708878
0.40356341 0.21783353 0.99720357
0.40368650 0.21678533 0.99731385
0.40380715 0.21575792 0.99741980
0.40392540 0.21475089 0.99752159
0.40404131 0.21376385 0.99761938
0.40415492 0.21279641 0.99771332
0.40426627 0.21184818 0.99780357
0.40437541 0.21091879 0.99789027
0.40448238 0.21000787 0.99797356
0.40458722 0.20911505 0.99805356
0.40468998 0.20823999 0.99813042
0.40479070 0.20738232 0.99820425
0.40488941 0.20654171 0.99827518
0.40498616 0.20571783 0.99834331
0.40508099 0.20491034 0.99840875
0.40517392 0.20411892 0.99847162
0.40526501 0.20334326 0.99853201
0.40535428 0.20258304 0.99859001
0.40544178 0.20183795 0.99864573
0.40552753 0.20110771 0.99869926
0.40561158 0.20039202 0.99875067
0.40569395 0.19969058 0.99880005
0.40577468 0.19900312 0.99884748
0.40585380 0.19832937 0.99889305
0.40593134 0.19766904 0.99893681
0.40600734 0.19702187 0.99897885
0.40608182 0.19638761 0.99901922
0.40615482 0.19576600 0.99905801
0.40622636 0.19515678 0.99909526
0.40629647 0.19455971 0.99913104
0.40636519 0.19397455 0.99916540
0.40643253 0.19340107 0.99919841
0.40649853 0.19283902 0.99923012
0.40656322 0.19228819 0.99926057
0.40662661 0.19174836 0.99928982
0.40668874 0.19121929 0.99931792
0.40674963 0.19070079 0.99934490
0.40680930 0.19019263 0.99937082
0.40686778 0.18969462 0.99939571
0.40692510 0.18920655 0.99941962
0.40698127 0.18872822 0.99944258
0.40703632 0.18825945 0.99946464
0.40709027 0.18780003 0.99948582
0.40714314 0.18734979 0.99950617
0.40719495 0.18690854 0.99952571
0.40724574 0.18647610 0.99954448
0.40729550 0.18605230 0.99956250
0.40734428 0.18563696 0.99957982
0.40739208 0.18522992 0.99959645
0.40743892 0.18483101 0.99961242
0.40748483 0.18444007 0.99962776
0.40752982 0.18405694 0.99964249
0.40757391 0.18368146 0.99965664
0.40761712 0.18331349 0.99967023
0.40765947 0.18295286 0.99968328
0.40770097 0.18259944 0.99969582
0.40774165 0.18225309 0.99970786
0.40778151 0.18191365 0.99971942
0.40782057 0.18158100 0.99973053
0.40785885 0.18125499 0.99974120
0.40789637 0.18093550 0.99975144
0.40793314 0.18062240 0.99976128
0.40796917 0.18031555 0.99977073
0.40800449 0.18001484 0.99977981
0.40803909 0.17972013 0.99978852
0.40807301 0.17943132 0.99979689
0.40810625 0.17914828 0.99980494
0.40813882 0.17887089 0.99981266
0.40817074 0.17859905 0.99982007
0.40820203 0.17833265 0.99982720
0.40823269 0.17807156 0.99983404
0.40826273 0.17781570 0.99984061
0.40829218 0.17756496 0.99984692
0.40832104 0.17731922 0.99985298
0.40834932 0.17707840 0.99985880
0.40837703 0.17684239 0.99986439
0.40840419 0.17661110 0.99986976
0.40843081 0.17638444 0.99987492
0.40845689 0.17616230 0.99987987
0.40848246 0.17594461 0.99988463
0.40850751 0.17573127 0.99988919
0.40853206 0.17552220 0.99989358
0.40855612 0.17531730 0.99989779
0.40857970 0.17511650 0.99990184
0.40860281 0.17491972 0.99990573
0.40862546 0.17472687 0.99990946
0.40864765 0.17453788 0.99991305
0.40866940 0.17435266 0.99991649
0.40869072 0.17417115 0.99991979
0.40871161 0.17399327 0.99992297
0.40873208 0.17381894 0.99992602
0.40875214 0.17364811 0.99992895
0.40877180 0.17348068 0.99993176
0.40879107 0.17331661 0.99993447
0.40880995 0.17315581 0.99993706
0.40882845 0.17299823 0.99993955
0.40884659 0.17284380 0.99994195
0.40886436 0.17269246 0.99994424
0.40888178 0.17254415 0.99994645
0.40889884 0.17239880 0.99994857
0.40891557 0.17225636 0.99995061
0.40893196 0.17211677 0.99995256
0.40894803 0.17197997 0.99995444
0.40896377 0.17184590 0.99995625
0.40897920 0.17171451 0.99995798
0.40899432 0.17158576 0.99995964
0.40900914 0.17145957 0.99996124
0.40902366 0.17133591 0.99996278
0.40903789 0.17121473 0.99996425
0.40905184 0.17109596 0.99996567
0.40906551 0.17097958 0.99996703
0.40907890 0.17086552 0.99996833
0.40909203 0.17075374 0.99996959
0.40910489 0.17064419 0.99997079
0.40911750 0.17053684 0.99997195
0.40912985 0.17043163 0.99997306
0.40914196 0.17032853 0.99997412
0.40915382 0.17022749 0.99997515
0.40916545 0.17012847 0.99997613
0.40917685 0.17003143 0.99997708
0.40918802 0.16993633 0.99997799
0.40919896 0.16984313 0.99997886
0.40920968 0.16975180 0.99997969
0.40922020 0.16966229 0.99998050
0.40923050 0.16957457 0.99998127
0.40924059 0.16948861 0.99998201
0.40925048 0.16940437 0.99998272
0.40926018 0.16932181 0.99998341
0.40926968 0.16924090 0.99998407
0.40927899 0.16916161 0.99998470
0.40928812 0.16908391 0.99998530
0.40929706 0.16900776 0.99998588
0.40930582 0.16893313 0.99998644
0.40931441 0.16886000 0.99998698
0.40932283 0.16878832 0.99998750
0.40933107 0.16871809 0.99998799
0.40933916 0.16864925 0.99998847
0.40934708 0.16858179 0.99998892
0.40935484 0.16851569 0.99998936
0.40936245 0.16845090 0.99998978
0.40936991 0.16838741 0.99999019
0.40937721 0.16832519 0.99999058
0.40938437 0.16826421 0.99999095
0.40939139 0.16820446 0.99999131
0.40939827 0.16814590 0.99999165
0.40940501 0.16808851 0.99999198
0.40941161 0.16803226 0.99999230
0.40941808 0.16797714 0.99999261
0.40942443 0.16792313 0.99999290
0.40943064 0.16787019 0.99999318
0.40943673 0.16781832 0.99999345
0.40944270 0.16776748 0.99999371
0.40944856 0.16771766 0.99999396
0.40945429 0.16766883 0.99999420
0.40945991 0.16762098 0.99999443
0.40946541 0.16757409 0.99999465
0.40947081 0.16752814 0.99999486
0.40947610 0.16748310 0.99999506
0.40948128 0.16743897 0.99999526
0.40948636 0.16739571 0.99999545
0.40949134 0.16735333 0.99999563
0.40949622 0.16731179 0.99999580
0.40950100 0.16727108 0.99999597
0.40950568 0.16723118 0.99999613
0.40951027 0.16719209 0.99999628
0.40951477 0.16715377 0.99999643
0.40951918 0.16711623 0.99999657
0.40952350 0.16707943 0.99999670
0.40952774 0.16704337 0.99999683
0.40953189 0.16700803 0.99999696
0.40953596 0.16697339 0.99999708
0.40953994 0.16693945 0.99999720
0.40954385 0.16690619 0.99999731
0.40954767 0.16687359 0.99999741
0.40955143 0.16684165 0.99999752
0.40955510 0.16681034 0.99999761
0.40955870 0.16677966 0.99999771
0.40956224 0.16674960 0.99999780
0.40956570 0.16672013 0.99999789
0.40956909 0.16669126 0.99999797
0.40957241 0.16666296 0.99999805
0.40957567 0.16663523 0.99999813
0.40957886 0.16660805 0.99999820
0.40958199 0.16658142 0.99999827
0.40958505 0.16655532 0.99999834
0.40958805 0.16652974 0.99999841
0.40959100 0.16650467 0.99999847
0.40959388 0.16648010 0.99999853
0.40959671 0.16645603 0.99999859
0.40959948 0.16643243 0.99999865
0.40960220 0.16640931 0.99999870
0.40960486 0.16638665 0.99999875
0.40960746 0.16636445 0.99999880
0.40961002 0.16634269 0.99999885
0.40961252 0.16632136 0.99999889
0.40961498 0.16630046 0.99999894
0.40961738 0.16627998 0.99999898
0.40961974 0.16625990 0.99999902
0.40962205 0.16624023 0.99999906
0.40962431 0.16622096 0.99999910
0.40962653 0.16620206 0.99999913
0.40962871 0.16618355 0.99999917
0.40963084 0.16616541 0.99999920
0.40963293 0.16614762 0.99999923
0.40963497 0.16613020 0.99999926
0.40963698 0.16611312 0.99999929
0.40963894 0.16609639 0.99999932
0.40964087 0.16607999 0.99999935
0.40964276 0.16606391 0.99999937
0.40964461 0.16604816 0.99999940
0.40964642 0.16603273 0.99999942
0.40964819 0.16601760 0.99999944
0.40964994 0.16600277 0.99999947
0.40965164 0.16598825 0.99999949
0.40965331 0.16597401 0.99999951
0.40965495 0.16596006 0.99999953
0.40965656 0.16594638 0.99999954
0.40965813 0.16593298 0.99999956
0.40965967 0.16591985 0.99999958
0.40966119 0.16590698 0.99999960
0.40966267 0.16589437 0.99999961
0.40966412 0.16588201 0.99999963
0.40966554 0.16586989 0.99999964
0.40966693 0.16585802 0.99999966
0.40966830 0.16584639 0.99999967
0.40966964 0.16583499 0.99999968
0.40967095 0.16582382 0.99999970
0.40967224 0.16581287 0.99999971
0.40967350 0.16580214 0.99999972
0.40967473 0.16579162 0.99999973
0.40967594 0.16578132 0.99999974
0.40967713 0.16577122 0.99999975
