6.81779544 8.26368736 0.03797013
6.81863296 8.26440957 0.03809273
6.81947473 8.26513498 0.03821650
6.82032077 8.26586360 0.03834147
6.82117110 8.26659547 0.03846764
6.82202576 8.26733061 0.03859504
6.82288478 8.26806903 0.03872367
6.82374817 8.26881076 0.03885354
6.82461598 8.26955583 0.03898468
6.82548822 8.27030425 0.03911710
6.82636493 8.27105605 0.03925080
6.82724614 8.27181126 0.03938582
6.82813188 8.27256989 0.03952216
6.82902217 8.27333198 0.03965983
6.82991705 8.27409753 0.03979886
6.83081655 8.27486659 0.03993926
6.83172070 8.27563918 0.04008105
6.83262953 8.27641531 0.04022424
6.83354307 8.27719502 0.04036884
6.83446135 8.27797832 0.04051488
6.83538441 8.27876526 0.04066238
6.83631228 8.27955584 0.04081135
6.83724499 8.28035011 0.04096180
6.83818257 8.28114807 0.04111376
6.83912506 8.28194977 0.04126725
6.84007249 8.28275523 0.04142227
6.84102490 8.28356448 0.04157886
6.84198231 8.28437753 0.04173703
6.84294477 8.28519443 0.04189680
6.84391232 8.28601520 0.04205818
6.84488497 8.28683987 0.04222121
6.84586278 8.28766846 0.04238590
6.84684578 8.28850101 0.04255226
6.84783401 8.28933755 0.04272033
6.84882749 8.29017810 0.04289011
6.84982627 8.29102270 0.04306164
6.85083040 8.29187137 0.04323494
6.85183989 8.29272415 0.04341002
6.85285481 8.29358106 0.04358691
6.85387517 8.29444214 0.04376563
6.85490103 8.29530743 0.04394621
6.85593242 8.29617694 0.04412866
6.85696939 8.29705072 0.04431302
6.85801197 8.29792880 0.04449931
6.85906021 8.29881121 0.04468754
6.86011414 8.29969798 0.04487775
6.86117382 8.30058915 0.04506996
6.86223927 8.30148475 0.04526420
6.86331055 8.30238481 0.04546050
6.86438771 8.30328938 0.04565887
6.86547077 8.30419848 0.04585935
6.86655979 8.30511216 0.04606197
6.86765482 8.30603044 0.04626674
6.86875590 8.30695337 0.04647371
6.86986307 8.30788098 0.04668290
6.87097638 8.30881331 0.04689433
6.87209588 8.30975039 0.04710805
6.87322162 8.31069227 0.04732407
6.87435364 8.31163898 0.04754243
6.87549200 8.31259056 0.04776317
6.87663673 8.31354706 0.04798630
6.87778791 8.31450850 0.04821187
6.87894556 8.31547494 0.04843991
6.88010976 8.31644641 0.04867045
6.88128053 8.31742296 0.04890352
6.88245795 8.31840462 0.04913917
6.88364206 8.31939144 0.04937742
6.88483291 8.32038346 0.04961830
6.88603057 8.32138072 0.04986187
6.88723508 8.32238327 0.05010815
6.88844650 8.32339115 0.05035718
6.88966488 8.32440441 0.05060900
6.89089029 8.32542310 0.05086364
6.89212278 8.32644725 0.05112116
6.89336241 8.32747691 0.05138158
6.89460924 8.32851214 0.05164495
6.89586333 8.32955298 0.05191131
6.89712473 8.33059947 0.05218070
6.89839351 8.33165167 0.05245317
6.89966974 8.33270963 0.05272876
6.90095347 8.33377339 0.05300751
6.90224476 8.33484301 0.05328947
6.90354369 8.33591853 0.05357468
6.90485031 8.33700001 0.05386320
6.90616470 8.33808751 0.05415507
6.90748692 8.33918107 0.05445034
6.90881703 8.34028075 0.05474906
6.91015511 8.34138660 0.05505128
6.91150123 8.34249867 0.05535705
6.91285544 8.34361703 0.05566642
6.91421784 8.34474174 0.05597945
6.91558848 8.34587283 0.05629619
6.91696745 8.34701039 0.05661669
6.91835480 8.34815445 0.05694102
6.91975063 8.34930509 0.05726923
6.92115500 8.35046237 0.05760137
6.92256800 8.35162634 0.05793752
6.92398969 8.35279706 0.05827772
6.92542016 8.35397460 0.05862205
6.92685950 8.35515903 0.05897055
6.92830777 8.35635040 0.05932331
6.92976506 8.35754878 0.05968038
6.93123145 8.35875424 0.06004183
6.93270704 8.35996684 0.06040772
6.93419190 8.36118666 0.06077814
6.93568612 8.36241375 0.06115314
6.93718978 8.36364819 0.06153280
6.93870299 8.36489006 0.06191719
6.94022582 8.36613941 0.06230639
6.94175836 8.36739633 0.06270048
6.94330072 8.36866088 0.06309953
6.94485299 8.36993315 0.06350362
6.94641525 8.37121320 0.06391283
6.94798761 8.37250111 0.06432724
6.94957016 8.37379696 0.06474695
6.95116301 8.37510083 0.06517202
6.95276625 8.37641279 0.06560256
6.95437998 8.37773294 0.06603865
6.95600432 8.37906134 0.06648039
6.95763935 8.38039808 0.06692786
6.95928520 8.38174325 0.06738116
6.96094196 8.38309694 0.06784038
6.96260976 8.38445921 0.06830564
6.96428869 8.38583018 0.06877702
6.96597887 8.38720991 0.06925462
6.96768041 8.38859851 0.06973857
6.96939344 8.38999606 0.07022895
6.97111806 8.39140266 0.07072589
6.97285440 8.39281840 0.07122949
6.97460258 8.39424338 0.07173987
6.97636272 8.39567769 0.07225714
6.97813495 8.39712142 0.07278143
6.97991939 8.39857469 0.07331285
6.98171617 8.40003759 0.07385153
6.98352542 8.40151022 0.07439759
6.98534727 8.40299268 0.07495117
6.98718186 8.40448509 0.07551240
6.98902932 8.40598755 0.07608142
6.99088979 8.40750016 0.07665835
6.99276342 8.40902303 0.07724335
6.99465034 8.41055629 0.07783655
6.99655069 8.41210003 0.07843811
6.99846464 8.41365439 0.07904817
7.00039231 8.41521946 0.07966690
7.00233387 8.41679537 0.08029444
7.00428948 8.41838225 0.08093096
7.00625927 8.41998021 0.08157662
7.00824342 8.42158937 0.08223160
7.01024209 8.42320986 0.08289606
7.01225543 8.42484182 0.08357018
7.01428361 8.42648536 0.08425414
7.01632681 8.42814062 0.08494812
7.01838519 8.42980773 0.08565232
7.02045893 8.43148684 0.08636693
7.02254821 8.43317807 0.08709214
7.02465320 8.43488156 0.08782815
7.02677408 8.43659746 0.08857518
7.02891105 8.43832591 0.08933343
7.03106428 8.44006706 0.09010312
7.03323398 8.44182106 0.09088447
7.03542033 8.44358805 0.09167771
7.03762353 8.44536819 0.09248308
7.03984379 8.44716163 0.09330080
7.04208131 8.44896854 0.09413112
7.04433629 8.45078907 0.09497429
7.04660894 8.45262338 0.09583056
7.04889948 8.45447165 0.09670021
7.05120813 8.45633403 0.09758349
7.05353511 8.45821070 0.09848067
7.05588064 8.46010184 0.09939205
7.05824495 8.46200761 0.10031790
7.06062828 8.46392820 0.10125852
7.06303085 8.46586379 0.10221421
7.06545292 8.46781457 0.10318529
7.06789472 8.46978071 0.10417207
7.07035650 8.47176241 0.10517487
7.07283851 8.47375987 0.10619402
7.07534101 8.47577328 0.10722988
7.07786427 8.47780284 0.10828278
7.08040854 8.47984876 0.10935308
7.08297409 8.48191123 0.11044116
7.08556121 8.48399048 0.11154739
7.08817017 8.48608670 0.11267216
7.09080124 8.48820013 0.11381586
7.09345473 8.49033097 0.11497889
7.09613092 8.49247945 0.11616168
7.09883011 8.49464580 0.11736466
7.10155261 8.49683025 0.11858825
7.10429872 8.49903302 0.11983291
7.10706876 8.50125437 0.12109910
7.10986304 8.50349453 0.12238730
7.11268190 8.50575375 0.12369799
7.11552565 8.50803227 0.12503166
7.11839464 8.51033035 0.12638882
7.12128920 8.51264825 0.12777001
7.12420969 8.51498622 0.12917576
7.12715646 8.51734454 0.13060662
7.13012986 8.51972347 0.13206316
7.13313026 8.52212328 0.13354595
7.13615803 8.52454426 0.13505560
7.13921355 8.52698669 0.13659271
7.14229721 8.52945086 0.13815792
7.14540939 8.53193705 0.13975187
7.14855049 8.53444556 0.14137522
7.15172091 8.53697669 0.14302865
7.15492107 8.53953076 0.14471286
7.15815138 8.54210806 0.14642857
7.16141227 8.54470891 0.14817651
7.16470417 8.54733364 0.14995743
7.16802751 8.54998256 0.15177211
7.17138275 8.55265600 0.15362135
7.17477034 8.55535431 0.15550596
7.17819073 8.55807781 0.15742678
7.18164440 8.56082686 0.15938467
7.18513183 8.56360179 0.16138051
7.18865349 8.56640297 0.16341522
7.19220988 8.56923075 0.16548971
7.19580150 8.57208549 0.16760495
7.19942885 8.57496757 0.16976192
7.20309246 8.57787736 0.17196163
7.20679285 8.58081524 0.17420510
7.21053054 8.58378158 0.17649340
7.21430608 8.58677679 0.17882762
7.21812002 8.58980125 0.18120887
7.22197291 8.59285536 0.18363830
7.22586532 8.59593952 0.18611708
7.22979782 8.59905414 0.18864643
7.23377100 8.60219964 0.19122757
7.23778544 8.60537644 0.19386178
7.24184175 8.60858495 0.19655036
7.24594053 8.61182560 0.19929464
7.25008239 8.61509882 0.20209598
7.25426797 8.61840505 0.20495580
7.25849788 8.62174472 0.20787553
7.26277278 8.62511829 0.21085663
7.26709330 8.62852619 0.21390062
7.27146011 8.63196888 0.21700904
7.27587387 8.63544681 0.22018348
7.28033525 8.63896043 0.22342554
7.28484493 8.64251022 0.22673689
7.28940359 8.64609661 0.23011922
7.29401193 8.64972009 0.23357426
7.29867065 8.65338112 0.23710379
7.30338045 8.65708016 0.24070960
7.30814204 8.66081768 0.24439356
7.31295615 8.66459416 0.24815755
7.31782349 8.66841005 0.25200349
7.32274479 8.67226583 0.25593334
7.32772079 8.67616197 0.25994912
7.33275222 8.68009892 0.26405286
7.33783981 8.68407716 0.26824665
7.34298433 8.68809714 0.27253258
7.34818650 8.69215932 0.27691282
7.35344707 8.69626416 0.28138955
7.35876678 8.70041209 0.28596498
7.36414640 8.70460357 0.29064137
7.36958665 8.70883902 0.29542101
7.37508827 8.71311887 0.30030618
7.38065202 8.71744353 0.30529925
7.38627862 8.72181341 0.31040256
7.39196880 8.72622891 0.31561849
7.39772329 8.73069041 0.32094945
7.40354279 8.73519827 0.32639785
7.40942801 8.73975285 0.33196612
7.41537965 8.74435448 0.33765669
7.42139838 8.74900347 0.34347200
7.42748487 8.75370013 0.34941449
7.43363977 8.75844472 0.35548658
7.43986371 8.76323751 0.36169070
7.44615731 8.76807870 0.36802925
7.45252115 8.77296851 0.37450459
7.45895579 8.77790709 0.38111908
7.46546178 8.78289458 0.38787501
7.47203962 8.78793109 0.39477464
7.47868980 8.79301668 0.40182017
7.48541275 8.79815138 0.40901374
7.49220889 8.80333518 0.41635742
7.49907857 8.80856802 0.42385316
7.50602213 8.81384979 0.43150287
7.51303984 8.81918035 0.43930830
7.52013194 8.82455950 0.44727112
7.52729860 8.82998698 0.45539285
7.53453996 8.83546248 0.46367487
7.54185606 8.84098563 0.47211840
7.54924693 8.84655599 0.48072451
7.55671251 8.85217308 0.48949406
7.56425266 8.85783632 0.49842771
7.57186719 8.86354508 0.50752594
7.57955582 8.86929866 0.51678896
7.58731820 8.87509628 0.52621677
7.59515391 8.88093707 0.53580909
7.60306243 8.88682009 0.54556537
7.61104314 8.89274434 0.55548479
7.61909536 8.89870869 0.56556622
7.62721830 8.90471195 0.57580819
7.63541107 8.91075286 0.58620894
7.64367268 8.91683003 0.59676633
7.65200205 8.92294201 0.60747791
7.66039799 8.92908725 0.61834082
7.66885921 8.93526409 0.62935186
7.67738429 8.94147080 0.64050742
7.68597174 8.94770555 0.65180353
7.69461991 8.95396641 0.66323579
7.70332709 8.96025137 0.67479943
7.71209143 8.96655831 0.68648928
7.72091097 8.97288505 0.69829974
7.72978366 8.97922928 0.71022486
7.73870732 8.98558864 0.72225825
7.74767966 8.99196068 0.73439317
7.75669830 8.99834286 0.74662249
7.76576077 9.00473256 0.75893873
7.77486445 9.01112711 0.77133405
7.78400668 9.01752376 0.78380029
7.79318467 9.02391970 0.79632897
7.80239555 9.03031206 0.80891135
7.81163638 9.03669792 0.82153839
7.82090413 9.04307433 0.83420085
7.83019571 9.04943828 0.84688926
7.83950794 9.05578676 0.85959400
7.84883761 9.06211670 0.87230528
7.85818143 9.06842506 0.88501324
7.86753610 9.07470875 0.89770792
7.87689825 9.08096472 0.91037934
7.88626450 9.08718990 0.92301752
7.89563145 9.09338125 0.93561251
7.90499567 9.09953575 0.94815447
7.91435374 9.10565044 0.96063364
7.92370225 9.11172236 0.97304043
7.93303778 9.11774864 0.98536544
7.94235696 9.12372645 0.99759948
7.95165642 9.12965303 1.00973364
7.96093285 9.13552568 1.02175926
7.97018296 9.14134181 1.03366803
7.97940354 9.14709890 1.04545196
7.98859141 9.15279451 1.05710343
7.99774349 9.15842631 1.06861522
8.00685673 9.16399210 1.07998051
8.01592819 9.16948974 1.09119289
8.02495501 9.17491724 1.10224640
8.03393440 9.18027271 1.11313552
8.04286368 9.18555438 1.12385520
8.05174026 9.19076060 1.13440083
8.06056165 9.19588985 1.14476827
8.06932547 9.20094074 1.15495383
8.07802945 9.20591198 1.16495429
8.08667141 9.21080244 1.17476687
8.09524929 9.21561108 1.18438924
8.10376115 9.22033701 1.19381949
8.11220514 9.22497946 1.20305616
8.12057955 9.22953776 1.21209816
8.12888276 9.23401139 1.22094482
8.13711326 9.23839992 1.22959584
8.14526967 9.24270306 1.23805128
8.15335070 9.24692061 1.24631154
8.16135517 9.25105248 1.25437734
8.16928201 9.25509869 1.26224971
8.17713025 9.25905936 1.26992997
8.18489902 9.26293471 1.27741969
8.19258756 9.26672503 1.28472069
8.20019517 9.27043073 1.29183502
8.20772128 9.27405227 1.29876495
8.21516539 9.27759022 1.30551291
8.22252710 9.28104520 1.31208151
8.22980606 9.28441791 1.31847351
8.23700204 9.28770912 1.32469183
8.24411486 9.29091964 1.33073947
8.25114442 9.29405037 1.33661955
8.25809069 9.29710223 1.34233527
8.26495370 9.30007620 1.34788992
8.27173354 9.30297332 1.35328683
8.27843038 9.30579464 1.35852937
8.28504441 9.30854127 1.36362098
8.29157591 9.31121434 1.36856508
8.29802518 9.31381501 1.37336514
8.30439259 9.31634447 1.37802460
8.31067853 9.31880394 1.38254693
8.31688344 9.32119463 1.38693555
8.32300782 9.32351780 1.39119389
8.32905216 9.32577470 1.39532534
8.33501702 9.32796659 1.39933325
8.34090298 9.33009475 1.40322095
8.34671064 9.33216046 1.40699171
8.35244062 9.33416501 1.41064876
8.35809359 9.33610967 1.41419529
8.36367022 9.33799573 1.41763441
8.36917120 9.33982446 1.42096920
8.37459724 9.34159714 1.42420265
8.37994906 9.34331503 1.42733773
8.38522741 9.34497940 1.43037731
8.39043304 9.34659149 1.43332422
8.39556670 9.34815254 1.43618122
8.40062918 9.34966377 1.43895098
8.40562125 9.35112641 1.44163615
8.41054369 9.35254164 1.44423929
8.41539730 9.35391066 1.44676287
8.42018287 9.35523463 1.44920935
8.42490120 9.35651470 1.45158107
8.42955309 9.35775201 1.45388034
8.43413934 9.35894769 1.45610939
8.43866076 9.36010282 1.45827039
8.44311815 9.36121848 1.46036547
8.44751230 9.36229576 1.46239665
8.45184402 9.36333567 1.46436595
8.45611411 9.36433926 1.46627527
8.46032335 9.36530753 1.46812650
8.46447254 9.36624145 1.46992145
8.46856247 9.36714200 1.47166189
8.47259391 9.36801013 1.47334951
8.47656765 9.36884676 1.47498598
8.48048445 9.36965279 1.47657289
8.48434509 9.37042912 1.47811179
8.48815032 9.37117661 1.47960420
8.49190089 9.37189611 1.48105156
8.49559755 9.37258845 1.48245529
8.49924105 9.37325443 1.48381675
8.50283212 9.37389485 1.48513727
8.50637149 9.37451048 1.48641812
8.50985986 9.37510207 1.48766054
8.51329797 9.37567036 1.48886573
8.51668650 9.37621606 1.49003485
8.52002616 9.37673988 1.49116902
8.52331764 9.37724248 1.49226933
8.52656162 9.37772454 1.49333683
8.52975877 9.37818670 1.49437254
8.53290975 9.37862959 1.49537745
8.53601524 9.37905383 1.49635250
8.53907586 9.37946001 1.49729862
8.54209227 9.37984871 1.49821670
8.54506510 9.38022049 1.49910761
8.54799498 9.38057591 1.49997218
8.55088251 9.38091551 1.50081121
8.55372832 9.38123979 1.50162550
8.55653301 9.38154927 1.50241580
8.55929716 9.38184444 1.50318284
8.56202136 9.38212577 1.50392733
8.56470619 9.38239373 1.50464996
8.56735223 9.38264877 1.50535140
8.56996003 9.38289134 1.50603229
8.57253014 9.38312184 1.50669324
8.57506312 9.38334070 1.50733487
8.57755951 9.38354832 1.50795776
8.58001983 9.38374509 1.50856248
8.58244461 9.38393138 1.50914957
8.58483437 9.38410757 1.50971956
8.58718962 9.38427400 1.51027296
8.58951086 9.38443102 1.51081028
8.59179858 9.38457897 1.51133200
8.59405328 9.38471818 1.51183857
8.59627544 9.38484895 1.51233047
8.59846552 9.38497159 1.51280811
8.60062400 9.38508640 1.51327193
8.60275135 9.38519367 1.51372233
8.60484800 9.38529367 1.51415972
8.60691442 9.38538667 1.51458449
8.60895104 9.38547294 1.51499699
8.61095829 9.38555272 1.51539761
8.61293661 9.38562627 1.51578668
8.61488642 9.38569381 1.51616456
8.61680813 9.38575559 1.51653156
8.61870215 9.38581181 1.51688801
8.62056890 9.38586270 1.51723422
8.62240875 9.38590847 1.51757049
8.62422212 9.38594931 1.51789711
8.62600938 9.38598542 1.51821436
8.62777091 9.38601700 1.51852252
8.62950709 9.38604422 1.51882185
8.63121829 9.38606726 1.51911261
8.63290488 9.38608630 1.51939506
8.63456721 9.38610149 1.51966943
8.63620563 9.38611300 1.51993595
8.63782050 9.38612099 1.52019486
8.63941215 9.38612559 1.52044638
8.64098093 9.38612697 1.52069071
8.64252716 9.38612525 1.52092808
8.64405118 9.38612057 1.52115868
8.64555331 9.38611307 1.52138271
8.64703387 9.38610286 1.52160035
8.64849317 9.38609008 1.52181179
8.64993152 9.38607484 1.52201722
8.65134922 9.38605724 1.52221680
8.65274658 9.38603741 1.52241070
8.65412389 9.38601545 1.52259909
8.65548144 9.38599146 1.52278212
8.65681952 9.38596554 1.52295995
8.65813841 9.38593778 1.52313273
8.65943839 9.38590828 1.52330060
8.66071973 9.38587712 1.52346371
8.66198271 9.38584440 1.52362219
8.66322759 9.38581019 1.52377617
8.66445463 9.38577457 1.52392578
8.66566409 9.38573762 1.52407116
8.66685623 9.38569941 1.52421241
8.66803130 9.38566002 1.52434965
8.66918954 9.38561952 1.52448301
8.67033120 9.38557796 1.52461259
8.67145652 9.38553542 1.52473850
8.67256573 9.38549196 1.52486085
8.67365907 9.38544762 1.52497973
8.67473676 9.38540248 1.52509525
8.67579904 9.38535659 1.52520750
8.67684613 9.38530999 1.52531657
8.67787824 9.38526274 1.52542256
8.67889559 9.38521490 1.52552555
8.67989839 9.38516649 1.52562563
8.68088686 9.38511758 1.52572288
8.68186121 9.38506820 1.52581738
8.68282163 9.38501840 1.52590921
8.68376832 9.38496821 1.52599844
8.68470149 9.38491768 1.52608516
8.68562133 9.38486683 1.52616942
8.68652803 9.38481571 1.52625131
8.68742178 9.38476436 1.52633088
8.68830277 9.38471279 1.52640821
8.68917118 9.38466105 1.52648335
8.69002720 9.38460916 1.52655638
8.69087099 9.38455716 1.52662734
8.69170274 9.38450507 1.52669630
8.69252263 9.38445291 1.52676331
8.69333081 9.38440071 1.52682843
8.69412746 9.38434850 1.52689172
8.69491275 9.38429630 1.52695322
8.69568684 9.38424413 1.52701298
8.69644988 9.38419201 1.52707106
8.69720205 9.38413996 1.52712751
8.69794348 9.38408801 1.52718236
8.69867435 9.38403616 1.52723566
8.69939480 9.38398445 1.52728746
8.70010498 9.38393287 1.52733780
8.70080503 9.38388146 1.52738673
8.70149511 9.38383022 1.52743427
8.70217536 9.38377917 1.52748047
8.70284591 9.38372832 1.52752538
8.70350691 9.38367769 1.52756901
8.70415849 9.38362728 1.52761142
8.70480079 9.38357712 1.52765263
8.70543394 9.38352720 1.52769268
8.70605808 9.38347755 1.52773161
8.70667332 9.38342817 1.52776943
8.70727981 9.38337907 1.52780619
8.70787766 9.38333025 1.52784192
8.70846699 9.38328174 1.52787664
8.70904794 9.38323353 1.52791038
8.70962062 9.38318563 1.52794317
8.71018515 9.38313805 1.52797504
8.71074164 9.38309080 1.52800601
8.71129021 9.38304388 1.52803611
8.71183098 9.38299730 1.52806536
8.71236405 9.38295106 1.52809379
8.71288954 9.38290516 1.52812141
8.71340755 9.38285962 1.52814826
8.71391820 9.38281444 1.52817436
8.71442157 9.38276961 1.52819971
8.71491779 9.38272515 1.52822436
8.71540696 9.38268105 1.52824831
8.71588916 9.38263732 1.52827159
8.71636451 9.38259397 1.52829421
8.71683310 9.38255099 1.52831620
8.71729502 9.38250838 1.52833756
8.71775038 9.38246615 1.52835833
8.71819926 9.38242430 1.52837851
8.71864177 9.38238283 1.52839812
8.71907798 9.38234175 1.52841718
8.71950799 9.38230104 1.52843571
8.71993189 9.38226072 1.52845371
8.72034977 9.38222079 1.52847121
8.72076170 9.38218123 1.52848821
8.72116779 9.38214206 1.52850474
8.72156810 9.38210328 1.52852080
8.72196272 9.38206488 1.52853641
8.72235174 9.38202686 1.52855158
8.72273523 9.38198922 1.52856632
8.72311327 9.38195197 1.52858065
8.72348595 9.38191510 1.52859457
8.72385332 9.38187861 1.52860811
8.72421548 9.38184250 1.52862126
8.72457250 9.38180676 1.52863404
8.72492444 9.38177141 1.52864646
8.72527139 9.38173642 1.52865854
8.72561341 9.38170182 1.52867027
8.72595057 9.38166758 1.52868167
8.72628294 9.38163372 1.52869276
8.72661060 9.38160022 1.52870353
8.72693360 9.38156710 1.52871400
8.72725202 9.38153433 1.52872417
8.72756591 9.38150193 1.52873406
8.72787535 9.38146989 1.52874367
8.72818039 9.38143822 1.52875301
8.72848111 9.38140689 1.52876208
8.72877755 9.38137592 1.52877090
8.72906979 9.38134531 1.52877948
8.72935788 9.38131504 1.52878781
8.72964188 9.38128513 1.52879591
8.72992185 9.38125555 1.52880377
8.73019785 9.38122632 1.52881142
8.73046993 9.38119743 1.52881886
8.73073815 9.38116888 1.52882608
8.73100256 9.38114066 1.52883310
8.73126322 9.38111277 1.52883992
8.73152018 9.38108522 1.52884656
8.73177349 9.38105799 1.52885300
8.73202321 9.38103108 1.52885927
8.73226939 9.38100450 1.52886535
8.73251208 9.38097824 1.52887127
8.73275132 9.38095229 1.52887702
8.73298716 9.38092665 1.52888261
8.73321966 9.38090133 1.52888804
8.73344887 9.38087631 1.52889332
8.73367482 9.38085160 1.52889845
8.73389756 9.38082719 1.52890343
8.73411715 9.38080308 1.52890828
8.73433362 9.38077926 1.52891299
8.73454702 9.38075574 1.52891756
8.73475740 9.38073251 1.52892201
8.73496479 9.38070957 1.52892633
8.73516923 9.38068691 1.52893054
8.73537078 9.38066454 1.52893462
8.73556947 9.38064245 1.52893859
8.73576535 9.38062063 1.52894244
8.73595844 9.38059908 1.52894619
8.73614880 9.38057781 1.52894983
8.73633645 9.38055681 1.52895337
8.73652145 9.38053607 1.52895682
8.73670382 9.38051559 1.52896016
8.73688361 9.38049537 1.52896341
8.73706085 9.38047541 1.52896657
8.73723557 9.38045571 1.52896964
8.73740782 9.38043626 1.52897262
8.73757762 9.38041705 1.52897552
8.73774502 9.38039809 1.52897834
8.73791004 9.38037938 1.52898108
8.73807273 9.38036090 1.52898374
8.73823310 9.38034267 1.52898633
8.73839121 9.38032467 1.52898884
8.73854707 9.38030690 1.52899128
8.73870072 9.38028936 1.52899366
8.73885220 9.38027206 1.52899597
8.73900152 9.38025497 1.52899821
8.73914873 9.38023811 1.52900039
8.73929386 9.38022147 1.52900251
8.73943692 9.38020504 1.52900457
8.73957796 9.38018883 1.52900657
8.73971700 9.38017284 1.52900851
8.73985407 9.38015705 1.52901040
8.73998919 9.38014147 1.52901224
8.74012240 9.38012609 1.52901403
8.74025372 9.38011092 1.52901576
8.74038318 9.38009595 1.52901745
8.74051081 9.38008118 1.52901909
8.74063663 9.38006660 1.52902068
8.74076066 9.38005221 1.52902223
8.74088294 9.38003801 1.52902373
8.74100348 9.38002401 1.52902519
8.74112231 9.38001019 1.52902662
8.74123946 9.37999655 1.52902800
8.74135495 9.37998310 1.52902934
8.74146881 9.37996982 1.52903064
8.74158104 9.37995672 1.52903191
8.74169169 9.37994380 1.52903314
8.74180077 9.37993105 1.52903434
8.74190831 9.37991847 1.52903551
8.74201432 9.37990606 1.52903664
8.74211883 9.37989381 1.52903774
8.74222186 9.37988173 1.52903880
8.74232343 9.37986981 1.52903984
8.74242356 9.37985805 1.52904085
8.74252227 9.37984646 1.52904183
8.74261958 9.37983501 1.52904279
8.74271551 9.37982372 1.52904371
8.74281008 9.37981259 1.52904461
8.74290332 9.37980160 1.52904549
8.74299523 9.37979077 1.52904634
8.74308584 9.37978008 1.52904717
8.74317516 9.37976953 1.52904797
8.74326322 9.37975913 1.52904875
8.74335004 9.37974887 1.52904951
8.74343562 9.37973874 1.52905025
8.74351999 9.37972876 1.52905096
8.74360316 9.37971891 1.52905166
8.74368516 9.37970920 1.52905234
8.74376599 9.37969961 1.52905299
8.74384568 9.37969016 1.52905363
8.74392424 9.37968084 1.52905425
8.74400169 9.37967164 1.52905486
8.74407804 9.37966257 1.52905545
8.74415331 9.37965363 1.52905602
8.74422751 9.37964480 1.52905657
8.74430066 9.37963610 1.52905711
8.74437277 9.37962752 1.52905763
8.74444387 9.37961905 1.52905814
8.74451395 9.37961070 1.52905864
8.74458304 9.37960246 1.52905912
8.74465116 9.37959434 1.52905958
8.74471831 9.37958633 1.52906004
8.74478450 9.37957843 1.52906048
8.74484976 9.37957063 1.52906091
8.74491410 9.37956295 1.52906133
8.74497752 9.37955537 1.52906173
8.74504005 9.37954789 1.52906212
8.74510169 9.37954052 1.52906251
8.74516246 9.37953325 1.52906288
8.74522236 9.37952608 1.52906324
8.74528142 9.37951900 1.52906359
8.74533964 9.37951203 1.52906393
8.74539704 9.37950515 1.52906426
8.74545362 9.37949837 1.52906459
8.74550940 9.37949168 1.52906490
8.74556439 9.37948508 1.52906520
8.74561860 9.37947857 1.52906550
8.74567205 9.37947216 1.52906579
8.74572473 9.37946583 1.52906607
8.74577668 9.37945959 1.52906634
8.74582788 9.37945344 1.52906660
8.74587836 9.37944737 1.52906686
8.74592813 9.37944139 1.52906711
8.74597719 9.37943549 1.52906735
8.74602555 9.37942967 1.52906759
8.74607323 9.37942393 1.52906782
8.74612023 9.37941827 1.52906804
8.74616657 9.37941269 1.52906826
8.74621226 9.37940719 1.52906847
8.74625729 9.37940176 1.52906867
8.74630169 9.37939641 1.52906887
8.74634546 9.37939113 1.52906906
8.74638861 9.37938593 1.52906925
8.74643114 9.37938080 1.52906943
8.74647308 9.37937574 1.52906961
8.74651442 9.37937075 1.52906978
8.74655518 9.37936583 1.52906995
8.74659535 9.37936098 1.52907011
8.74663496 9.37935620 1.52907027
8.74667401 9.37935148 1.52907042
8.74671251 9.37934683 1.52907057
8.74675046 9.37934224 1.52907072
8.74678787 9.37933772 1.52907086
8.74682475 9.37933326 1.52907100
8.74686111 9.37932886 1.52907113
8.74689696 9.37932453 1.52907126
8.74693230 9.37932025 1.52907138
8.74696713 9.37931604 1.52907151
8.74700148 9.37931188 1.52907162
8.74703533 9.37930778 1.52907174
8.74706871 9.37930374 1.52907185
8.74710162 9.37929976 1.52907196
8.74713406 9.37929583 1.52907207
8.74716603 9.37929196 1.52907217
8.74719756 9.37928814 1.52907227
8.74722864 9.37928437 1.52907237
8.74725928 9.37928066 1.52907246
8.74728949 9.37927699 1.52907255
8.74731927 9.37927338 1.52907264
8.74734862 9.37926982 1.52907273
8.74737756 9.37926631 1.52907282
8.74740609 9.37926285 1.52907290
8.74743422 9.37925944 1.52907298
8.74746195 9.37925608 1.52907305
8.74748928 9.37925276 1.52907313
8.74751623 9.37924949 1.52907320
8.74754280 9.37924626 1.52907327
8.74756899 9.37924308 1.52907334
8.74759481 9.37923995 1.52907341
8.74762026 9.37923685 1.52907348
8.74764536 9.37923381 1.52907354
8.74767010 9.37923080 1.52907360
8.74769448 9.37922784 1.52907366
8.74771853 9.37922492 1.52907372
8.74774223 9.37922204 1.52907378
8.74776560 9.37921920 1.52907383
8.74778863 9.37921640 1.52907388
8.74781134 9.37921364 1.52907394
8.74783373 9.37921091 1.52907399
8.74785580 9.37920823 1.52907404
8.74787756 9.37920558 1.52907408
8.74789901 9.37920297 1.52907413
8.74792015 9.37920040 1.52907417
8.74794100 9.37919787 1.52907422
8.74796155 9.37919536 1.52907426
8.74798181 9.37919290 1.52907430
8.74800178 9.37919047 1.52907434
8.74802147 9.37918807 1.52907438
8.74804089 9.37918571 1.52907442
8.74806002 9.37918338 1.52907446
8.74807889 9.37918108 1.52907449
8.74809749 9.37917882 1.52907453
8.74811582 9.37917659 1.52907456
8.74813390 9.37917438 1.52907459
8.74815172 9.37917221 1.52907463
8.74816928 9.37917007 1.52907466
8.74818660 9.37916796 1.52907469
8.74820368 9.37916588 1.52907472
8.74822051 9.37916383 1.52907475
8.74823710 9.37916181 1.52907477
8.74825346 9.37915982 1.52907480
8.74826959 9.37915785 1.52907483
8.74828548 9.37915592 1.52907485
8.74830116 9.37915401 1.52907488
8.74831661 9.37915212 1.52907490
8.74833184 9.37915027 1.52907492
8.74834686 9.37914843 1.52907495
8.74836166 9.37914663 1.52907497
8.74837625 9.37914485 1.52907499
8.74839064 9.37914310 1.52907501
8.74840483 9.37914137 1.52907503
8.74841881 9.37913966 1.52907505
8.74843259 9.37913798 1.52907507
8.74844618 9.37913632 1.52907509
8.74845958 9.37913469 1.52907511
8.74847279 9.37913308 1.52907512
8.74848581 9.37913149 1.52907514
8.74849864 9.37912992 1.52907516
8.74851130 9.37912838 1.52907517
8.74852377 9.37912686 1.52907519
8.74853607 9.37912535 1.52907521
8.74854820 9.37912388 1.52907522
8.74856015 9.37912242 1.52907523
8.74857193 9.37912098 1.52907525
8.74858355 9.37911956 1.52907526
8.74859500 9.37911816 1.52907528
8.74860629 9.37911678 1.52907529
8.74861742 9.37911543 1.52907530
8.74862839 9.37911409 1.52907531
8.74863921 9.37911277 1.52907532
8.74864987 9.37911146 1.52907534
8.74866039 9.37911018 1.52907535
8.74867075 9.37910891 1.52907536
8.74868097 9.37910767 1.52907537
8.74869104 9.37910644 1.52907538
