3.14099904 3.66072002 0.01168848
3.14147596 3.66084408 0.01171278
3.14195375 3.66096836 0.01173718
3.14243243 3.66109287 0.01176166
3.14291199 3.66121760 0.01178624
3.14339244 3.66134257 0.01181091
3.14387379 3.66146777 0.01183567
3.14435603 3.66159320 0.01186052
3.14483917 3.66171887 0.01188547
3.14532321 3.66184476 0.01191050
3.14580816 3.66197089 0.01193564
3.14629402 3.66209726 0.01196086
3.14678078 3.66222386 0.01198618
3.14726847 3.66235070 0.01201160
3.14775707 3.66247777 0.01203711
3.14824659 3.66260509 0.01206272
3.14873703 3.66273264 0.01208842
3.14922840 3.66286043 0.01211422
3.14972071 3.66298846 0.01214012
3.15021394 3.66311674 0.01216612
3.15070812 3.66324525 0.01219222
3.15120323 3.66337401 0.01221842
3.15169929 3.66350302 0.01224471
3.15219629 3.66363226 0.01227111
3.15269425 3.66376176 0.01229761
3.15319316 3.66389150 0.01232421
3.15369302 3.66402149 0.01235091
3.15419385 3.66415172 0.01237771
3.15469564 3.66428221 0.01240462
3.15519839 3.66441294 0.01243163
3.15570212 3.66454393 0.01245875
3.15620682 3.66467517 0.01248597
3.15671250 3.66480666 0.01251330
3.15721916 3.66493840 0.01254073
3.15772681 3.66507040 0.01256827
3.15823544 3.66520266 0.01259592
3.15874506 3.66533517 0.01262367
3.15925568 3.66546794 0.01265153
3.15976730 3.66560096 0.01267951
3.16027992 3.66573425 0.01270759
3.16079354 3.66586779 0.01273578
3.16130818 3.66600160 0.01276408
3.16182383 3.66613567 0.01279250
3.16234049 3.66627000 0.01282103
3.16285818 3.66640459 0.01284967
3.16337689 3.66653945 0.01287842
3.16389663 3.66667458 0.01290729
3.16441740 3.66680997 0.01293627
3.16493920 3.66694563 0.01296537
3.16546205 3.66708156 0.01299458
3.16598594 3.66721776 0.01302391
3.16651087 3.66735422 0.01305336
3.16703686 3.66749096 0.01308292
3.16756390 3.66762798 0.01311261
3.16809199 3.66776526 0.01314241
3.16862115 3.66790282 0.01317233
3.16915138 3.66804066 0.01320238
3.16968268 3.66817877 0.01323254
3.17021505 3.66831716 0.01326283
3.17074850 3.66845583 0.01329324
3.17128303 3.66859478 0.01332378
3.17181865 3.66873401 0.01335443
3.17235536 3.66887352 0.01338522
3.17289316 3.66901332 0.01341613
3.17343206 3.66915340 0.01344716
3.17397207 3.66929376 0.01347832
3.17451318 3.66943441 0.01350961
3.17505540 3.66957535 0.01354103
3.17559874 3.66971657 0.01357258
3.17614320 3.66985809 0.01360426
3.17668878 3.66999989 0.01363607
3.17723548 3.67014199 0.01366801
3.17778332 3.67028437 0.01370008
3.17833230 3.67042706 0.01373229
3.17888242 3.67057003 0.01376463
3.17943368 3.67071331 0.01379711
3.17998609 3.67085688 0.01382972
3.18053966 3.67100074 0.01386247
3.18109438 3.67114491 0.01389535
3.18165027 3.67128938 0.01392837
3.18220732 3.67143415 0.01396153
3.18276555 3.67157922 0.01399484
3.18332495 3.67172459 0.01402828
3.18388553 3.67187028 0.01406186
3.18444730 3.67201626 0.01409559
3.18501026 3.67216256 0.01412945
3.18557441 3.67230916 0.01416347
3.18613976 3.67245607 0.01419762
3.18670632 3.67260330 0.01423193
3.18727408 3.67275084 0.01426637
3.18784306 3.67289869 0.01430097
3.18841325 3.67304685 0.01433572
3.18898467 3.67319533 0.01437061
3.18955732 3.67334413 0.01440565
3.19013120 3.67349325 0.01444085
3.19070631 3.67364268 0.01447620
3.19128267 3.67379244 0.01451170
3.19186028 3.67394252 0.01454735
3.19243913 3.67409292 0.01458316
3.19301925 3.67424365 0.01461912
3.19360062 3.67439470 0.01465524
3.19418327 3.67454608 0.01469152
3.19476718 3.67469779 0.01472796
3.19535238 3.67484983 0.01476456
3.19593885 3.67500220 0.01480131
3.19652661 3.67515490 0.01483823
3.19711567 3.67530794 0.01487531
3.19770602 3.67546131 0.01491256
3.19829768 3.67561502 0.01494997
3.19889065 3.67576907 0.01498754
3.19948493 3.67592346 0.01502529
3.20008052 3.67607818 0.01506320
3.20067745 3.67623325 0.01510127
3.20127570 3.67638867 0.01513952
3.20187529 3.67654442 0.01517794
3.20247621 3.67670053 0.01521653
3.20307849 3.67685698 0.01525530
3.20368211 3.67701378 0.01529424
3.20428710 3.67717093 0.01533335
3.20489344 3.67732843 0.01537264
3.20550116 3.67748629 0.01541211
3.20611025 3.67764450 0.01545176
3.20672071 3.67780307 0.01549158
3.20733257 3.67796200 0.01553159
3.20794581 3.67812128 0.01557178
3.20856046 3.67828093 0.01561215
3.20917650 3.67844093 0.01565271
3.20979395 3.67860131 0.01569345
3.21041282 3.67876204 0.01573438
3.21103311 3.67892315 0.01577550
3.21165483 3.67908462 0.01581681
3.21227797 3.67924646 0.01585831
3.21290256 3.67940868 0.01590000
3.21352859 3.67957126 0.01594188
3.21415607 3.67973423 0.01598396
3.21478501 3.67989756 0.01602623
3.21541541 3.68006128 0.01606870
3.21604728 3.68022537 0.01611137
3.21668063 3.68038985 0.01615424
3.21731545 3.68055471 0.01619731
3.21795177 3.68071995 0.01624058
3.21858958 3.68088558 0.01628406
3.21922889 3.68105160 0.01632773
3.21986971 3.68121800 0.01637162
3.22051204 3.68138480 0.01641571
3.22115590 3.68155199 0.01646002
3.22180127 3.68171957 0.01650453
3.22244819 3.68188755 0.01654925
3.22309664 3.68205593 0.01659419
3.22374664 3.68222470 0.01663934
3.22439819 3.68239388 0.01668471
3.22505131 3.68256346 0.01673030
3.22570599 3.68273345 0.01677610
3.22636225 3.68290384 0.01682213
3.22702008 3.68307464 0.01686838
3.22767951 3.68324585 0.01691485
3.22834053 3.68341747 0.01696154
3.22900315 3.68358950 0.01700847
3.22966738 3.68376195 0.01705562
3.23033322 3.68393482 0.01710300
3.23100069 3.68410811 0.01715061
3.23166979 3.68428181 0.01719846
3.23234053 3.68445594 0.01724654
3.23301291 3.68463050 0.01729485
3.23368695 3.68480548 0.01734341
3.23436264 3.68498089 0.01739220
3.23504001 3.68515673 0.01744124
3.23571905 3.68533300 0.01749051
3.23639977 3.68550971 0.01754003
3.23708218 3.68568685 0.01758980
3.23776628 3.68586443 0.01763982
3.23845210 3.68604245 0.01769008
3.23913962 3.68622092 0.01774060
3.23982887 3.68639982 0.01779137
3.24051984 3.68657918 0.01784240
3.24121256 3.68675898 0.01789368
3.24190701 3.68693923 0.01794522
3.24260322 3.68711994 0.01799702
3.24330119 3.68730110 0.01804909
3.24400093 3.68748271 0.01810141
3.24470244 3.68766479 0.01815401
3.24540574 3.68784732 0.01820687
3.24611084 3.68803032 0.01826000
3.24681773 3.68821378 0.01831341
3.24752644 3.68839771 0.01836709
3.24823696 3.68858211 0.01842104
3.24894931 3.68876698 0.01847527
3.24966350 3.68895232 0.01852978
3.25037953 3.68913814 0.01858458
3.25109741 3.68932444 0.01863965
3.25181715 3.68951122 0.01869502
3.25253877 3.68969848 0.01875067
3.25326226 3.68988623 0.01880661
3.25398764 3.69007446 0.01886284
3.25471492 3.69026318 0.01891937
3.25544410 3.69045240 0.01897620
3.25617520 3.69064211 0.01903332
3.25690822 3.69083231 0.01909075
3.25764318 3.69102302 0.01914848
3.25838008 3.69121422 0.01920651
3.25911893 3.69140593 0.01926486
3.25985974 3.69159814 0.01932351
3.26060253 3.69179087 0.01938247
3.26134729 3.69198410 0.01944175
3.26209404 3.69217785 0.01950135
3.26284279 3.69237211 0.01956127
3.26359356 3.69256689 0.01962151
3.26434634 3.69276220 0.01968207
3.26510115 3.69295802 0.01974296
3.26585799 3.69315438 0.01980418
3.26661689 3.69335126 0.01986573
3.26737785 3.69354867 0.01992762
3.26814087 3.69374661 0.01998984
3.26890598 3.69394510 0.02005241
3.26967317 3.69414412 0.02011531
3.27044246 3.69434368 0.02017856
3.27121387 3.69454379 0.02024216
3.27198739 3.69474444 0.02030611
3.27276305 3.69494564 0.02037041
3.27354085 3.69514740 0.02043507
3.27432080 3.69534971 0.02050008
3.27510291 3.69555258 0.02056546
3.27588720 3.69575601 0.02063120
3.27667367 3.69596001 0.02069731
3.27746234 3.69616457 0.02076378
3.27825322 3.69636970 0.02083063
3.27904631 3.69657540 0.02089786
3.27984164 3.69678168 0.02096546
3.28063920 3.69698853 0.02103345
3.28143902 3.69719597 0.02110182
3.28224111 3.69740399 0.02117058
3.28304547 3.69761260 0.02123973
3.28385211 3.69782180 0.02130927
3.28466106 3.69803159 0.02137921
3.28547231 3.69824197 0.02144955
3.28628589 3.69845296 0.02152030
3.28710181 3.69866454 0.02159145
3.28792007 3.69887674 0.02166301
3.28874069 3.69908954 0.02173498
3.28956369 3.69930295 0.02180737
3.29038906 3.69951698 0.02188018
3.29121684 3.69973163 0.02195342
3.29204702 3.69994689 0.02202708
3.29287962 3.70016278 0.02210117
3.29371466 3.70037930 0.02217570
3.29455215 3.70059645 0.02225066
3.29539210 3.70081424 0.02232607
3.29623452 3.70103266 0.02240192
3.29707942 3.70125172 0.02247821
3.29792683 3.70147143 0.02255496
3.29877675 3.70169179 0.02263217
3.29962920 3.70191280 0.02270984
3.30048418 3.70213446 0.02278797
3.30134173 3.70235678 0.02286657
3.30220183 3.70257976 0.02294563
3.30306452 3.70280341 0.02302518
3.30392981 3.70302773 0.02310520
3.30479770 3.70325272 0.02318571
3.30566822 3.70347839 0.02326671
3.30654138 3.70370474 0.02334819
3.30741719 3.70393177 0.02343018
3.30829567 3.70415948 0.02351266
3.30917682 3.70438789 0.02359565
3.31006068 3.70461700 0.02367914
3.31094724 3.70484680 0.02376315
3.31183654 3.70507731 0.02384768
3.31272857 3.70530852 0.02393273
3.31362336 3.70554045 0.02401831
3.31452092 3.70577309 0.02410441
3.31542127 3.70600644 0.02419106
3.31632442 3.70624052 0.02427824
3.31723039 3.70647533 0.02436597
3.31813920 3.70671086 0.02445425
3.31905085 3.70694713 0.02454308
3.31996537 3.70718414 0.02463247
3.32088278 3.70742190 0.02472243
3.32180308 3.70766040 0.02481296
3.32272630 3.70789965 0.02490406
3.32365245 3.70813966 0.02499574
3.32458155 3.70838042 0.02508801
3.32551362 3.70862195 0.02518087
3.32644867 3.70886426 0.02527432
3.32738672 3.70910733 0.02536837
3.32832779 3.70935118 0.02546303
3.32927189 3.70959581 0.02555830
3.33021904 3.70984123 0.02565419
3.33116926 3.71008744 0.02575070
3.33212257 3.71033445 0.02584784
3.33307899 3.71058226 0.02594561
3.33403853 3.71083087 0.02604403
3.33500122 3.71108029 0.02614308
3.33596706 3.71133052 0.02624280
3.33693608 3.71158158 0.02634316
3.33790831 3.71183346 0.02644420
3.33888374 3.71208617 0.02654590
3.33986242 3.71233971 0.02664828
3.34084435 3.71259409 0.02675134
3.34182955 3.71284931 0.02685509
3.34281805 3.71310539 0.02695953
3.34380987 3.71336231 0.02706468
3.34480502 3.71362010 0.02717054
3.34580352 3.71387875 0.02727711
3.34680540 3.71413827 0.02738440
3.34781067 3.71439866 0.02749242
3.34881935 3.71465994 0.02760118
3.34983148 3.71492210 0.02771067
3.35084706 3.71518515 0.02782092
3.35186611 3.71544909 0.02793193
3.35288867 3.71571394 0.02804370
3.35391475 3.71597969 0.02815624
3.35494437 3.71624636 0.02826956
3.35597756 3.71651395 0.02838366
3.35701433 3.71678246 0.02849856
3.35805471 3.71705189 0.02861426
3.35909873 3.71732227 0.02873077
3.36014639 3.71759358 0.02884810
3.36119774 3.71786584 0.02896625
3.36225278 3.71813906 0.02908523
3.36331155 3.71841323 0.02920506
3.36437406 3.71868837 0.02932574
3.36544034 3.71896448 0.02944727
3.36651042 3.71924157 0.02956968
3.36758432 3.71951964 0.02969295
3.36866206 3.71979870 0.02981712
3.36974366 3.72007875 0.02994217
3.37082916 3.72035981 0.03006813
3.37191857 3.72064188 0.03019499
3.37301193 3.72092496 0.03032278
3.37410925 3.72120906 0.03045150
3.37521057 3.72149419 0.03058115
3.37631590 3.72178036 0.03071176
3.37742528 3.72206757 0.03084332
3.37853873 3.72235582 0.03097585
3.37965628 3.72264514 0.03110936
3.38077795 3.72293551 0.03124385
3.38190378 3.72322695 0.03137934
3.38303378 3.72351947 0.03151585
3.38416799 3.72381307 0.03165336
3.38530644 3.72410776 0.03179191
3.38644915 3.72440355 0.03193150
3.38759614 3.72470045 0.03207214
3.38874746 3.72499845 0.03221384
3.38990313 3.72529758 0.03235662
3.39106317 3.72559783 0.03250047
3.39222762 3.72589922 0.03264543
3.39339651 3.72620174 0.03279149
3.39456987 3.72650542 0.03293867
3.39574772 3.72681026 0.03308698
3.39693010 3.72711626 0.03323643
3.39811704 3.72742344 0.03338704
3.39930857 3.72773179 0.03353882
3.40050471 3.72804134 0.03369177
3.40170552 3.72835208 0.03384592
3.40291100 3.72866403 0.03400127
3.40412121 3.72897720 0.03415785
3.40533616 3.72929158 0.03431565
3.40655590 3.72960720 0.03447470
3.40778045 3.72992406 0.03463501
3.40900985 3.73024216 0.03479659
3.41024414 3.73056152 0.03495946
3.41148334 3.73088215 0.03512363
3.41272750 3.73120405 0.03528912
3.41397665 3.73152724 0.03545593
3.41523081 3.73185172 0.03562409
3.41649004 3.73217750 0.03579362
3.41775436 3.73250459 0.03596451
3.41902382 3.73283300 0.03613680
3.42029844 3.73316274 0.03631049
3.42157826 3.73349382 0.03648560
3.42286333 3.73382625 0.03666216
3.42415368 3.73416004 0.03684016
3.42544935 3.73449520 0.03701964
3.42675037 3.73483173 0.03720061
3.42805679 3.73516966 0.03738308
3.42936865 3.73550898 0.03756707
3.43068598 3.73584971 0.03775261
3.43200883 3.73619186 0.03793970
3.43333724 3.73653544 0.03812837
3.43467124 3.73688046 0.03831863
3.43601088 3.73722693 0.03851050
3.43735620 3.73757486 0.03870400
3.43870724 3.73792427 0.03889916
3.44006405 3.73827515 0.03909599
3.44142667 3.73862753 0.03929450
3.44279514 3.73898142 0.03949473
3.44416951 3.73933682 0.03969668
3.44554982 3.73969376 0.03990039
3.44693612 3.74005223 0.04010586
3.44832845 3.74041225 0.04031314
3.44972685 3.74077384 0.04052222
3.45113138 3.74113700 0.04073314
3.45254209 3.74150175 0.04094592
3.45395901 3.74186810 0.04116058
3.45538220 3.74223606 0.04137715
3.45681170 3.74260564 0.04159564
3.45824757 3.74297686 0.04181608
3.45968985 3.74334973 0.04203850
3.46113859 3.74372426 0.04226292
3.46259385 3.74410047 0.04248936
3.46405568 3.74447837 0.04271785
3.46552412 3.74485797 0.04294841
3.46699924 3.74523928 0.04318108
3.46848107 3.74562232 0.04341587
3.46996969 3.74600710 0.04365281
3.47146513 3.74639364 0.04389194
3.47296745 3.74678195 0.04413327
3.47447672 3.74717205 0.04437684
3.47599298 3.74756394 0.04462267
3.47751630 3.74795765 0.04487080
3.47904672 3.74835318 0.04512124
3.48058431 3.74875056 0.04537405
3.48212912 3.74914979 0.04562923
3.48368122 3.74955090 0.04588683
3.48524067 3.74995389 0.04614687
3.48680751 3.75035879 0.04640939
3.48838182 3.75076560 0.04667441
3.48996366 3.75117435 0.04694198
3.49155309 3.75158506 0.04721213
3.49315017 3.75199773 0.04748488
3.49475497 3.75241238 0.04776028
3.49636755 3.75282903 0.04803835
3.49798797 3.75324770 0.04831914
3.49961630 3.75366840 0.04860268
3.50125262 3.75409115 0.04888900
3.50289698 3.75451597 0.04917815
3.50454945 3.75494288 0.04947017
3.50621011 3.75537189 0.04976508
3.50787902 3.75580301 0.05006293
3.50955626 3.75623628 0.05036377
3.51124189 3.75667171 0.05066763
3.51293599 3.75710931 0.05097454
3.51463864 3.75754911 0.05128457
3.51634990 3.75799112 0.05159774
3.51806985 3.75843537 0.05191410
3.51979856 3.75888186 0.05223370
3.52153612 3.75933063 0.05255657
3.52328260 3.75978169 0.05288278
3.52503809 3.76023507 0.05321235
3.52680265 3.76069077 0.05354535
3.52857637 3.76114883 0.05388181
3.53035933 3.76160927 0.05422179
3.53215162 3.76207209 0.05456534
3.53395331 3.76253734 0.05491251
3.53576450 3.76300502 0.05526335
3.53758527 3.76347517 0.05561791
3.53941570 3.76394779 0.05597624
3.54125588 3.76442293 0.05633841
3.54310590 3.76490059 0.05670446
3.54496585 3.76538079 0.05707446
3.54683582 3.76586358 0.05744845
3.54871591 3.76634896 0.05782651
3.55060620 3.76683696 0.05820868
3.55250679 3.76732761 0.05859503
3.55441778 3.76782092 0.05898562
3.55633927 3.76831694 0.05938052
3.55827134 3.76881567 0.05977978
3.56021410 3.76931714 0.06018348
3.56216765 3.76982139 0.06059168
3.56413210 3.77032843 0.06100444
3.56610753 3.77083830 0.06142184
3.56809407 3.77135102 0.06184395
3.57009181 3.77186661 0.06227083
3.57210086 3.77238511 0.06270257
3.57412134 3.77290654 0.06313923
3.57615333 3.77343093 0.06358089
3.57819697 3.77395830 0.06402763
3.58025237 3.77448870 0.06447952
3.58231962 3.77502214 0.06493665
3.58439886 3.77555865 0.06539910
3.58649020 3.77609827 0.06586695
3.58859375 3.77664103 0.06634028
3.59070963 3.77718695 0.06681919
3.59283798 3.77773607 0.06730375
3.59497890 3.77828842 0.06779407
3.59713253 3.77884403 0.06829022
3.59929899 3.77940293 0.06879231
3.60147841 3.77996516 0.06930042
3.60367092 3.78053075 0.06981467
3.60587664 3.78109973 0.07033513
3.60809572 3.78167214 0.07086192
3.61032828 3.78224800 0.07139514
3.61257447 3.78282737 0.07193489
3.61483442 3.78341026 0.07248127
3.61710827 3.78399672 0.07303441
3.61939616 3.78458678 0.07359440
3.62169824 3.78518049 0.07416136
3.62401465 3.78577787 0.07473541
3.62634554 3.78637897 0.07531666
3.62869106 3.78698381 0.07590524
3.63105137 3.78759246 0.07650127
3.63342660 3.78820493 0.07710486
3.63581693 3.78882127 0.07771616
3.63822251 3.78944153 0.07833529
3.64064350 3.79006573 0.07896238
3.64308005 3.79069394 0.07959756
3.64553234 3.79132617 0.08024098
3.64800053 3.79196249 0.08089278
3.65048479 3.79260292 0.08155310
3.65298530 3.79324753 0.08222209
3.65550221 3.79389634 0.08289990
3.65803572 3.79454940 0.08358668
3.66058599 3.79520677 0.08428258
3.66315321 3.79586848 0.08498777
3.66573756 3.79653458 0.08570241
3.66833923 3.79720513 0.08642667
3.67095841 3.79788016 0.08716071
3.67359527 3.79855973 0.08790471
3.67625003 3.79924389 0.08865885
3.67892287 3.79993268 0.08942331
3.68161399 3.80062616 0.09019826
3.68432360 3.80132437 0.09098390
3.68705189 3.80202738 0.09178043
3.68979908 3.80273523 0.09258803
3.69256537 3.80344798 0.09340692
3.69535097 3.80416568 0.09423728
3.69815610 3.80488838 0.09507934
3.70098099 3.80561615 0.09593331
3.70382584 3.80634903 0.09679940
3.70669089 3.80708709 0.09767784
3.70957636 3.80783038 0.09856885
3.71248248 3.80857896 0.09947267
3.71540948 3.80933290 0.10038955
3.71835761 3.81009225 0.10131970
3.72132709 3.81085707 0.10226340
3.72431818 3.81162743 0.10322089
3.72733113 3.81240338 0.10419243
3.73036617 3.81318500 0.10517828
3.73342356 3.81397234 0.10617872
3.73650357 3.81476548 0.10719402
3.73960644 3.81556447 0.10822447
3.74273245 3.81636939 0.10927035
3.74588186 3.81718031 0.11033195
3.74905493 3.81799728 0.11140959
3.75225196 3.81882039 0.11250356
3.75547320 3.81964971 0.11361418
3.75871895 3.82048529 0.11474177
3.76198948 3.82132723 0.11588666
3.76528509 3.82217559 0.11704919
3.76860607 3.82303044 0.11822970
3.77195272 3.82389187 0.11942854
3.77532533 3.82475994 0.12064607
3.77872421 3.82563474 0.12188265
3.78214968 3.82651635 0.12313865
3.78560203 3.82740484 0.12441447
3.78908158 3.82830029 0.12571048
3.79258866 3.82920279 0.12702710
3.79612359 3.83011242 0.12836471
3.79968669 3.83102926 0.12972376
3.80327831 3.83195339 0.13110464
3.80689876 3.83288491 0.13250781
3.81054840 3.83382390 0.13393371
3.81422757 3.83477044 0.13538278
3.81793661 3.83572463 0.13685550
3.82167587 3.83668655 0.13835233
3.82544572 3.83765630 0.13987376
3.82924651 3.83863396 0.14142028
3.83307861 3.83961964 0.14299240
3.83694238 3.84061341 0.14459062
3.84083820 3.84161539 0.14621548
3.84476643 3.84262566 0.14786752
3.84872747 3.84364431 0.14954727
3.85272170 3.84467146 0.15125529
3.85674949 3.84570719 0.15299217
3.86081125 3.84675161 0.15475847
3.86490737 3.84780481 0.15655480
3.86903825 3.84886690 0.15838175
3.87320429 3.84993799 0.16023995
3.87740589 3.85101816 0.16213003
3.88164347 3.85210754 0.16405262
3.88591744 3.85320621 0.16600839
3.89022821 3.85431430 0.16799799
3.89457620 3.85543189 0.17002212
3.89896184 3.85655911 0.17208146
3.90338555 3.85769607 0.17417672
3.90784776 3.85884285 0.17630861
3.91234890 3.85999959 0.17847787
3.91688940 3.86116639 0.18068525
3.92146969 3.86234335 0.18293150
3.92609022 3.86353059 0.18521740
3.93075142 3.86472823 0.18754371
3.93545373 3.86593636 0.18991125
3.94019760 3.86715511 0.19232083
3.94498346 3.86838458 0.19477326
3.94981176 3.86962490 0.19726937
3.95468295 3.87087616 0.19981003
3.95959747 3.87213849 0.20239608
3.96455575 3.87341199 0.20502840
3.96955825 3.87469678 0.20770787
3.97460541 3.87599298 0.21043538
3.97969766 3.87730068 0.21321185
3.98483545 3.87862000 0.21603818
3.99001921 3.87995106 0.21891531
3.99524938 3.88129396 0.22184416
4.00052639 3.88264881 0.22482569
4.00585066 3.88401572 0.22786085
4.01122262 3.88539479 0.23095059
4.01664268 3.88678613 0.23409589
4.02211125 3.88818984 0.23729771
4.02762875 3.88960603 0.24055704
4.03319556 3.89103480 0.24387486
4.03881208 3.89247624 0.24725216
4.04447869 3.89393044 0.25068991
4.05019576 3.89539751 0.25418912
4.05596365 3.89687753 0.25775075
4.06178272 3.89837059 0.26137581
4.06765331 3.89987678 0.26506526
4.07357573 3.90139617 0.26882008
4.07955030 3.90292884 0.27264125
4.08557732 3.90447487 0.27652970
4.09165707 3.90603432 0.28048640
4.09778981 3.90760727 0.28451227
4.10397579 3.90919376 0.28860822
4.11021523 3.91079386 0.29277516
4.11650833 3.91240762 0.29701396
4.12285528 3.91403507 0.30132546
4.12925623 3.91567625 0.30571051
4.13571132 3.91733120 0.31016988
4.14222065 3.91899994 0.31470434
4.14878431 3.92068249 0.31931463
4.15540234 3.92237885 0.32400142
4.16207476 3.92408903 0.32876536
4.16880155 3.92581302 0.33360705
4.17558268 3.92755080 0.33852703
4.18241806 3.92930234 0.34352580
4.18930756 3.93106763 0.34860378
4.19625104 3.93284660 0.35376135
4.20324827 3.93463920 0.35899882
4.21029904 3.93644537 0.36431640
4.21740305 3.93826503 0.36971427
4.22455996 3.94009808 0.37519249
4.23176941 3.94194443 0.38075105
4.23903096 3.94380397 0.38638987
4.24634414 3.94567656 0.39210874
4.25370841 3.94756207 0.39790736
4.26112319 3.94946033 0.40378536
4.26858785 3.95137118 0.40974222
4.27610169 3.95329444 0.41577733
4.28366395 3.95522991 0.42188995
4.29127383 3.95717737 0.42807924
4.29893044 3.95913659 0.43434421
4.30663285 3.96110733 0.44068376
4.31438006 3.96308932 0.44709664
4.32217102 3.96508229 0.45358149
4.33000458 3.96708593 0.46013678
4.33787956 3.96909995 0.46676087
4.34579470 3.97112399 0.47345194
4.35374867 3.97315773 0.48020806
4.36174007 3.97520079 0.48702712
4.36976744 3.97725279 0.49390690
4.37782927 3.97931334 0.50084499
4.38592394 3.98138201 0.50783885
4.39404980 3.98345837 0.51488580
4.40220512 3.98554197 0.52198299
4.41038812 3.98763235 0.52912745
4.41859692 3.98972901 0.53631606
4.42682961 3.99183147 0.54354554
4.43508422 3.99393919 0.55081251
4.44335871 3.99605165 0.55811342
4.45165096 3.99816831 0.56544463
4.45995885 4.00028860 0.57280235
4.46828016 4.00241195 0.58018271
4.47661263 4.00453777 0.58758170
4.48495397 4.00666546 0.59499523
4.49330184 4.00879441 0.60241913
4.50165384 4.01092400 0.60984914
4.51000756 4.01305360 0.61728093
4.51836054 4.01518257 0.62471011
4.52671029 4.01731026 0.63213225
4.53505432 4.01943603 0.63954287
4.54339008 4.02155920 0.64693749
4.55171503 4.02367913 0.65431160
4.56002662 4.02579513 0.66166068
4.56832228 4.02790656 0.66898025
4.57659943 4.03001273 0.67626583
4.58485553 4.03211297 0.68351299
4.59308800 4.03420664 0.69071735
4.60129430 4.03629305 0.69787459
4.60947190 4.03837155 0.70498046
4.61761829 4.04044150 0.71203081
4.62573099 4.04250223 0.71902157
4.63380754 4.04455312 0.72594879
4.64184553 4.04659354 0.73280865
4.64984258 4.04862287 0.73959743
4.65779635 4.05064050 0.74631158
4.66570456 4.05264583 0.75294768
4.67356497 4.05463829 0.75950247
4.68137541 4.05661731 0.76597285
4.68913374 4.05858234 0.77235589
4.69683793 4.06053284 0.77864885
4.70448596 4.06246830 0.78484914
4.71207592 4.06438821 0.79095437
4.71960595 4.06629210 0.79696234
4.72707428 4.06817951 0.80287102
4.73447919 4.07004999 0.80867860
4.74181906 4.07190311 0.81438343
4.74909233 4.07373849 0.81998405
4.75629754 4.07555573 0.82547922
4.76343330 4.07735448 0.83086785
4.77049829 4.07913440 0.83614906
4.77749128 4.08089518 0.84132212
4.78441114 4.08263652 0.84638652
4.79125680 4.08435814 0.85134188
4.79802728 4.08605980 0.85618800
4.80472167 4.08774126 0.86092487
4.81133916 4.08940233 0.86555260
4.81787901 4.09104280 0.87007146
4.82434056 4.09266251 0.87448187
4.83072322 4.09426131 0.87878438
4.83702648 4.09583909 0.88297969
4.84324992 4.09739573 0.88706859
4.84939316 4.09893114 0.89105200
4.85545593 4.10044526 0.89493096
4.86143801 4.10193803 0.89870660
4.86733923 4.10340942 0.90238015
4.87315951 4.10485943 0.90595292
4.87889883 4.10628804 0.90942629
4.88455722 4.10769527 0.91280174
4.89013477 4.10908116 0.91608079
4.89563164 4.11044576 0.91926504
4.90104802 4.11178913 0.92235612
4.90638418 4.11311134 0.92535573
4.91164042 4.11441248 0.92826559
4.91681709 4.11569266 0.93108748
4.92191458 4.11695197 0.93382317
4.92693333 4.11819056 0.93647448
4.93187383 4.11940856 0.93904326
4.93673657 4.12060610 0.94153135
4.94152212 4.12178334 0.94394059
4.94623106 4.12294045 0.94627287
4.95086400 4.12407759 0.94853004
4.95542158 4.12519495 0.95071395
4.95990448 4.12629271 0.95282647
4.96431339 4.12737106 0.95486943
4.96864903 4.12843020 0.95684467
4.97291213 4.12947033 0.95875400
4.97710346 4.13049167 0.96059923
4.98122379 4.13149443 0.96238212
4.98527392 4.13247882 0.96410445
4.98925464 4.13344507 0.96576792
4.99316678 4.13439341 0.96737426
4.99701118 4.13532405 0.96892515
5.00078866 4.13623723 0.97042222
5.00450008 4.13713319 0.97186710
5.00814629 4.13801216 0.97326139
5.01172816 4.13887437 0.97460664
5.01524655 4.13972006 0.97590437
5.01870234 4.14054948 0.97715609
5.02209639 4.14136285 0.97836324
5.02542958 4.14216042 0.97952726
5.02870279 4.14294244 0.98064954
5.03191690 4.14370913 0.98173143
5.03507276 4.14446074 0.98277427
5.03817127 4.14519750 0.98377934
5.04121329 4.14591966 0.98474791
5.04419969 4.14662745 0.98568119
5.04713133 4.14732110 0.98658038
5.05000906 4.14800085 0.98744662
5.05283375 4.14866694 0.98828106
5.05560624 4.14931959 0.98908478
5.05832738 4.14995904 0.98985884
5.06099800 4.15058551 0.99060428
5.06361892 4.15119922 0.99132208
5.06619098 4.15180041 0.99201322
5.06871499 4.15238929 0.99267865
5.07119174 4.15296608 0.99331926
5.07362205 4.15353101 0.99393593
5.07600671 4.15408427 0.99452954
5.07834648 4.15462610 0.99510089
5.08064215 4.15515669 0.99565078
5.08289448 4.15567626 0.99618000
5.08510423 4.15618501 0.99668929
5.08727214 4.15668313 0.99717937
5.08939894 4.15717084 0.99765094
5.09148536 4.15764833 0.99810468
5.09353213 4.15811578 0.99854124
5.09553994 4.15857340 0.99896126
5.09750949 4.15902137 0.99936533
5.09944147 4.15945988 0.99975405
5.10133657 4.15988911 1.00012798
5.10319543 4.16030924 1.00048768
5.10501874 4.16072044 1.00083367
5.10680712 4.16112290 1.00116646
5.10856123 4.16151679 1.00148654
5.11028168 4.16190226 1.00179440
5.11196910 4.16227950 1.00209048
5.11362410 4.16264867 1.00237523
5.11524728 4.16300991 1.00264908
5.11683922 4.16336341 1.00291243
5.11840051 4.16370930 1.00316568
5.11993172 4.16404774 1.00340921
5.12143340 4.16437889 1.00364339
5.12290612 4.16470288 1.00386857
5.12435040 4.16501988 1.00408509
5.12576680 4.16533001 1.00429328
5.12715583 4.16563342 1.00449346
5.12851800 4.16593024 1.00468594
5.12985383 4.16622062 1.00487099
5.13116381 4.16650468 1.00504892
5.13244844 4.16678255 1.00521999
5.13370818 4.16705436 1.00538445
5.13494352 4.16732024 1.00554257
5.13615492 4.16758031 1.00569459
5.13734283 4.16783470 1.00584073
5.13850771 4.16808350 1.00598123
5.13964999 4.16832686 1.00611630
5.14077010 4.16856487 1.00624615
5.14186847 4.16879766 1.00637098
5.14294551 4.16902532 1.00649099
5.14400163 4.16924798 1.00660634
5.14503724 4.16946573 1.00671724
5.14605272 4.16967867 1.00682384
5.14704847 4.16988691 1.00692632
5.14802486 4.17009055 1.00702483
5.14898227 4.17028969 1.00711952
5.14992106 4.17048442 1.00721055
5.15084159 4.17067483 1.00729804
5.15174421 4.17086102 1.00738215
5.15262927 4.17104307 1.00746300
5.15349710 4.17122108 1.00754072
5.15434805 4.17139513 1.00761542
5.15518243 4.17156530 1.00768722
5.15600057 4.17173169 1.00775624
5.15680278 4.17189436 1.00782259
5.15758937 4.17205340 1.00788636
5.15836064 4.17220889 1.00794766
5.15911689 4.17236090 1.00800657
5.15985840 4.17250951 1.00806321
5.16058548 4.17265480 1.00811764
5.16129839 4.17279682 1.00816997
5.16199741 4.17293566 1.00822026
5.16268281 4.17307139 1.00826860
5.16335486 4.17320406 1.00831507
5.16401381 4.17333375 1.00835973
5.16465992 4.17346052 1.00840266
5.16529344 4.17358444 1.00844392
5.16591461 4.17370556 1.00848358
5.16652367 4.17382395 1.00852170
5.16712086 4.17393967 1.00855834
5.16770642 4.17405277 1.00859356
5.16828055 4.17416332 1.00862741
5.16884350 4.17427136 1.00865994
5.16939548 4.17437695 1.00869122
5.16993669 4.17448016 1.00872127
5.17046735 4.17458102 1.00875017
5.17098767 4.17467959 1.00877794
5.17149785 4.17477592 1.00880463
5.17199808 4.17487006 1.00883028
5.17248855 4.17496206 1.00885494
5.17296947 4.17505196 1.00887864
5.17344101 4.17513981 1.00890142
5.17390335 4.17522566 1.00892332
5.17435669 4.17530955 1.00894437
5.17480118 4.17539152 1.00896460
5.17523701 4.17547162 1.00898404
5.17566435 4.17554988 1.00900273
5.17608335 4.17562636 1.00902069
5.17649418 4.17570107 1.00903796
5.17689701 4.17577408 1.00905455
5.17729198 4.17584541 1.00907051
5.17767925 4.17591510 1.00908584
5.17805898 4.17598319 1.00910057
5.17843130 4.17604971 1.00911474
5.17879636 4.17611470 1.00912835
5.17915431 4.17617819 1.00914144
5.17950528 4.17624022 1.00915402
5.17984941 4.17630081 1.00916611
5.18018683 4.17636000 1.00917773
5.18051768 4.17641783 1.00918890
5.18084208 4.17647432 1.00919963
5.18116015 4.17652950 1.00920995
5.18147202 4.17658340 1.00921987
5.18177782 4.17663604 1.00922941
5.18207766 4.17668747 1.00923857
5.18237165 4.17673770 1.00924738
5.18265992 4.17678676 1.00925585
5.18294256 4.17683469 1.00926398
5.18321970 4.17688149 1.00927181
5.18349144 4.17692720 1.00927933
5.18375789 4.17697185 1.00928655
5.18401914 4.17701545 1.00929350
5.18427530 4.17705803 1.00930018
5.18452647 4.17709962 1.00930659
5.18477275 4.17714024 1.00931276
5.18501423 4.17717990 1.00931869
5.18525100 4.17721863 1.00932439
5.18548317 4.17725645 1.00932987
5.18571081 4.17729338 1.00933514
5.18593401 4.17732944 1.00934020
5.18615287 4.17736466 1.00934507
5.18636746 4.17739904 1.00934974
5.18657788 4.17743262 1.00935424
5.18678419 4.17746540 1.00935856
5.18698649 4.17749740 1.00936271
5.18718485 4.17752865 1.00936671
5.18737934 4.17755916 1.00937054
5.18757005 4.17758895 1.00937423
5.18775704 4.17761803 1.00937778
5.18794039 4.17764641 1.00938119
5.18812018 4.17767413 1.00938447
5.18829646 4.17770118 1.00938761
5.18846930 4.17772759 1.00939064
5.18863879 4.17775338 1.00939355
5.18880497 4.17777854 1.00939635
5.18896792 4.17780311 1.00939904
5.18912769 4.17782708 1.00940162
5.18928436 4.17785049 1.00940411
5.18943797 4.17787333 1.00940650
5.18958860 4.17789563 1.00940879
5.18973629 4.17791739 1.00941100
5.18988111 4.17793862 1.00941312
5.19002310 4.17795935 1.00941516
5.19016234 4.17797958 1.00941712
5.19029886 4.17799932 1.00941900
5.19043273 4.17801858 1.00942082
5.19056399 4.17803738 1.00942256
5.19069270 4.17805572 1.00942423
5.19081891 4.17807362 1.00942584
5.19094265 4.17809108 1.00942739
5.19106399 4.17810812 1.00942887
5.19118297 4.17812475 1.00943030
5.19129963 4.17814097 1.00943168
5.19141403 4.17815680 1.00943300
5.19152619 4.17817224 1.00943427
5.19163618 4.17818731 1.00943549
5.19174403 4.17820200 1.00943666
5.19184977 4.17821634 1.00943779
5.19195346 4.17823033 1.00943887
5.19205514 4.17824397 1.00943991
5.19215483 4.17825728 1.00944091
5.19225259 4.17827026 1.00944188
5.19234844 4.17828292 1.00944280
5.19244243 4.17829527 1.00944369
5.19253460 4.17830731 1.00944455
5.19262497 4.17831906 1.00944537
5.19271358 4.17833052 1.00944616
5.19280047 4.17834169 1.00944692
5.19288567 4.17835258 1.00944765
5.19296921 4.17836321 1.00944835
5.19305113 4.17837357 1.00944903
5.19313145 4.17838367 1.00944968
5.19321022 4.17839352 1.00945030
5.19328745 4.17840312 1.00945090
5.19336318 4.17841249 1.00945148
5.19343744 4.17842162 1.00945203
5.19351025 4.17843052 1.00945257
5.19358165 4.17843919 1.00945308
5.19365166 4.17844765 1.00945357
5.19372031 4.17845590 1.00945404
5.19378762 4.17846393 1.00945450
5.19385363 4.17847177 1.00945494
5.19391835 4.17847940 1.00945536
5.19398182 4.17848685 1.00945576
5.19404405 4.17849410 1.00945615
5.19410507 4.17850117 1.00945652
5.19416491 4.17850806 1.00945688
5.19422358 4.17851477 1.00945723
5.19428112 4.17852131 1.00945756
5.19433753 4.17852769 1.00945788
5.19439285 4.17853390 1.00945819
5.19444710 4.17853995 1.00945848
5.19450029 4.17854585 1.00945877
5.19455244 4.17855159 1.00945904
5.19460359 4.17855719 1.00945930
5.19465374 4.17856264 1.00945955
5.19470291 4.17856795 1.00945979
5.19475113 4.17857312 1.00946003
5.19479841 4.17857816 1.00946025
5.19484478 4.17858306 1.00946047
5.19489024 4.17858784 1.00946067
5.19493482 4.17859249 1.00946087
5.19497854 4.17859703 1.00946106
5.19502140 4.17860144 1.00946125
5.19506344 4.17860573 1.00946142
5.19510465 4.17860992 1.00946159
5.19514507 4.17861399 1.00946176
5.19518470 4.17861796 1.00946191
5.19522356 4.17862182 1.00946207
5.19526167 4.17862557 1.00946221
5.19529903 4.17862923 1.00946235
5.19533568 4.17863279 1.00946248
5.19537160 4.17863626 1.00946261
5.19540684 4.17863963 1.00946274
5.19544138 4.17864291 1.00946286
5.19547526 4.17864610 1.00946297
5.19550848 4.17864921 1.00946308
5.19554105 4.17865223 1.00946319
5.19557300 4.17865517 1.00946329
5.19560432 4.17865804 1.00946339
5.19563503 4.17866082 1.00946348
5.19566515 4.17866353 1.00946357
5.19569468 4.17866616 1.00946366
5.19572364 4.17866872 1.00946374
5.19575204 4.17867121 1.00946382
5.19577988 4.17867363 1.00946390
5.19580719 4.17867599 1.00946398
5.19583397 4.17867828 1.00946405
5.19586022 4.17868050 1.00946412
5.19588597 4.17868267 1.00946418
5.19591121 4.17868477 1.00946425
5.19593597 4.17868682 1.00946431
5.19596025 4.17868880 1.00946436
5.19598405 4.17869073 1.00946442
5.19600740 4.17869261 1.00946448
5.19603029 4.17869443 1.00946453
5.19605273 4.17869621 1.00946458
5.19607474 4.17869793 1.00946463
5.19609633 4.17869960 1.00946467
5.19611749 4.17870122 1.00946472
5.19613825 4.17870280 1.00946476
5.19615860 4.17870433 1.00946480
5.19617855 4.17870582 1.00946484
5.19619812 4.17870726 1.00946488
5.19621731 4.17870866 1.00946492
5.19623613 4.17871002 1.00946495
5.19625458 4.17871134 1.00946499
5.19627268 4.17871262 1.00946502
5.19629042 4.17871387 1.00946505
5.19630782 4.17871507 1.00946508
5.19632488 4.17871624 1.00946511
5.19634161 4.17871738 1.00946514
5.19635802 4.17871848 1.00946516
5.19637411 4.17871955 1.00946519
5.19638989 4.17872058 1.00946521
5.19640536 4.17872159 1.00946524
5.19642053 4.17872256 1.00946526
5.19643540 4.17872350 1.00946528
5.19644999 4.17872442 1.00946530
5.19646430 4.17872530 1.00946532
5.19647832 4.17872616 1.00946534
5.19649208 4.17872699 1.00946536
5.19650557 4.17872780 1.00946538
5.19651880 4.17872858 1.00946540
5.19653177 4.17872933 1.00946541
5.19654449 4.17873006 1.00946543
5.19655696 4.17873077 1.00946545
5.19656919 4.17873145 1.00946546
5.19658119 4.17873212 1.00946547
5.19659295 4.17873276 1.00946549
5.19660448 4.17873338 1.00946550
5.19661579 4.17873398 1.00946551
5.19662688 4.17873455 1.00946553
5.19663776 4.17873511 1.00946554
5.19664842 4.17873566 1.00946555
5.19665888 4.17873618 1.00946556
5.19666914 4.17873668 1.00946557
5.19667919 4.17873717 1.00946558
