5.06418399 6.30657750 0.02313642
5.06469208 6.30670624 0.02316394
5.06520189 6.30683513 0.02319164
5.06571344 6.30696418 0.02321952
5.06622672 6.30709339 0.02324758
5.06674175 6.30722276 0.02327582
5.06725854 6.30735228 0.02330426
5.06777708 6.30748197 0.02333287
5.06829739 6.30761182 0.02336168
5.06881948 6.30774183 0.02339067
5.06934335 6.30787200 0.02341986
5.06986901 6.30800234 0.02344924
5.07039647 6.30813284 0.02347881
5.07092574 6.30826351 0.02350858
5.07145681 6.30839434 0.02353855
5.07198971 6.30852534 0.02356871
5.07252443 6.30865651 0.02359907
5.07306099 6.30878786 0.02362964
5.07359940 6.30891937 0.02366041
5.07413965 6.30905105 0.02369138
5.07468177 6.30918290 0.02372256
5.07522575 6.30931493 0.02375395
5.07577160 6.30944714 0.02378554
5.07631934 6.30957952 0.02381735
5.07686897 6.30971207 0.02384937
5.07742050 6.30984481 0.02388160
5.07797393 6.30997772 0.02391405
5.07852928 6.31011081 0.02394672
5.07908655 6.31024408 0.02397961
5.07964575 6.31037754 0.02401271
5.08020690 6.31051117 0.02404604
5.08076999 6.31064500 0.02407960
5.08133504 6.31077900 0.02411338
5.08190205 6.31091319 0.02414739
5.08247104 6.31104757 0.02418162
5.08304200 6.31118214 0.02421609
5.08361496 6.31131690 0.02425080
5.08418992 6.31145184 0.02428573
5.08476688 6.31158698 0.02432091
5.08534587 6.31172232 0.02435632
5.08592687 6.31185784 0.02439198
5.08650991 6.31199356 0.02442787
5.08709500 6.31212948 0.02446401
5.08768213 6.31226559 0.02450040
5.08827133 6.31240191 0.02453704
5.08886260 6.31253842 0.02457392
5.08945595 6.31267513 0.02461106
5.09005138 6.31281205 0.02464845
5.09064891 6.31294917 0.02468610
5.09124855 6.31308649 0.02472401
5.09185031 6.31322402 0.02476218
5.09245419 6.31336175 0.02480061
5.09306020 6.31349970 0.02483930
5.09366837 6.31363785 0.02487827
5.09427868 6.31377622 0.02491750
5.09489116 6.31391479 0.02495700
5.09550581 6.31405358 0.02499677
5.09612265 6.31419259 0.02503682
5.09674168 6.31433181 0.02507715
5.09736291 6.31447125 0.02511776
5.09798635 6.31461090 0.02515865
5.09861202 6.31475078 0.02519982
5.09923992 6.31489088 0.02524128
5.09987006 6.31503120 0.02528303
5.10050246 6.31517174 0.02532507
5.10113712 6.31531251 0.02536741
5.10177405 6.31545351 0.02541004
5.10241327 6.31559473 0.02545297
5.10305479 6.31573619 0.02549620
5.10369861 6.31587787 0.02553973
5.10434474 6.31601979 0.02558357
5.10499320 6.31616194 0.02562772
5.10564400 6.31630433 0.02567218
5.10629715 6.31644695 0.02571695
5.10695265 6.31658981 0.02576204
5.10761053 6.31673291 0.02580745
5.10827078 6.31687626 0.02585318
5.10893343 6.31701984 0.02589923
5.10959848 6.31716367 0.02594561
5.11026595 6.31730775 0.02599232
5.11093584 6.31745207 0.02603936
5.11160817 6.31759664 0.02608674
5.11228294 6.31774146 0.02613445
5.11296018 6.31788653 0.02618251
5.11363989 6.31803186 0.02623091
5.11432208 6.31817744 0.02627965
5.11500677 6.31832328 0.02632875
5.11569396 6.31846938 0.02637819
5.11638367 6.31861574 0.02642799
5.11707592 6.31876236 0.02647815
5.11777070 6.31890924 0.02652867
5.11846804 6.31905639 0.02657956
5.11916795 6.31920380 0.02663081
5.11987044 6.31935149 0.02668244
5.12057552 6.31949944 0.02673443
5.12128321 6.31964766 0.02678681
5.12199351 6.31979616 0.02683956
5.12270644 6.31994494 0.02689270
5.12342202 6.32009399 0.02694622
5.12414025 6.32024332 0.02700013
5.12486115 6.32039293 0.02705444
5.12558473 6.32054283 0.02710914
5.12631100 6.32069301 0.02716425
5.12703999 6.32084347 0.02721975
5.12777169 6.32099422 0.02727567
5.12850613 6.32114527 0.02733199
5.12924332 6.32129660 0.02738873
5.12998326 6.32144823 0.02744589
5.13072599 6.32160016 0.02750346
5.13147150 6.32175238 0.02756147
5.13221981 6.32190490 0.02761990
5.13297095 6.32205773 0.02767876
5.13372491 6.32221085 0.02773806
5.13448172 6.32236429 0.02779780
5.13524138 6.32251803 0.02785799
5.13600392 6.32267208 0.02791862
5.13676935 6.32282644 0.02797970
5.13753769 6.32298112 0.02804125
5.13830894 6.32313611 0.02810325
5.13908312 6.32329142 0.02816571
5.13986025 6.32344705 0.02822864
5.14064034 6.32360300 0.02829205
5.14142341 6.32375928 0.02835593
5.14220947 6.32391589 0.02842029
5.14299854 6.32407282 0.02848514
5.14379063 6.32423008 0.02855048
5.14458576 6.32438768 0.02861631
5.14538394 6.32454561 0.02868264
5.14618520 6.32470388 0.02874947
5.14698954 6.32486249 0.02881681
5.14779699 6.32502144 0.02888466
5.14860755 6.32518074 0.02895303
5.14942125 6.32534039 0.02902192
5.15023810 6.32550038 0.02909134
5.15105812 6.32566073 0.02916128
5.15188132 6.32582142 0.02923177
5.15270772 6.32598248 0.02930279
5.15353734 6.32614390 0.02937436
5.15437020 6.32630567 0.02944648
5.15520631 6.32646781 0.02951916
5.15604568 6.32663032 0.02959239
5.15688835 6.32679320 0.02966620
5.15773432 6.32695644 0.02974057
5.15858361 6.32712007 0.02981552
5.15943624 6.32728406 0.02989106
5.16029223 6.32744844 0.02996718
5.16115160 6.32761320 0.03004389
5.16201436 6.32777835 0.03012121
5.16288053 6.32794388 0.03019912
5.16375013 6.32810980 0.03027765
5.16462319 6.32827611 0.03035680
5.16549971 6.32844282 0.03043656
5.16637972 6.32860993 0.03051695
5.16726324 6.32877744 0.03059798
5.16815028 6.32894535 0.03067964
5.16904088 6.32911367 0.03076195
5.16993503 6.32928240 0.03084491
5.17083277 6.32945154 0.03092853
5.17173412 6.32962110 0.03101282
5.17263909 6.32979108 0.03109777
5.17354770 6.32996147 0.03118341
5.17445998 6.33013229 0.03126972
5.17537595 6.33030354 0.03135673
5.17629562 6.33047522 0.03144443
5.17721903 6.33064733 0.03153283
5.17814618 6.33081988 0.03162195
5.17907710 6.33099287 0.03171179
5.18001181 6.33116630 0.03180234
5.18095033 6.33134018 0.03189363
5.18189269 6.33151451 0.03198566
5.18283891 6.33168928 0.03207844
5.18378901 6.33186452 0.03217197
5.18474300 6.33204021 0.03226626
5.18570093 6.33221637 0.03236131
5.18666279 6.33239299 0.03245715
5.18762863 6.33257008 0.03255376
5.18859846 6.33274765 0.03265117
5.18957230 6.33292569 0.03274938
5.19055018 6.33310421 0.03284839
5.19153213 6.33328321 0.03294823
5.19251816 6.33346270 0.03304888
5.19350831 6.33364268 0.03315037
5.19450258 6.33382316 0.03325269
5.19550102 6.33400413 0.03335587
5.19650364 6.33418560 0.03345990
5.19751047 6.33436758 0.03356480
5.19852154 6.33455006 0.03367058
5.19953686 6.33473306 0.03377724
5.20055647 6.33491658 0.03388479
5.20158039 6.33510061 0.03399325
5.20260864 6.33528517 0.03410261
5.20364126 6.33547026 0.03421290
5.20467827 6.33565587 0.03432412
5.20571969 6.33584203 0.03443628
5.20676556 6.33602872 0.03454938
5.20781590 6.33621596 0.03466345
5.20887073 6.33640375 0.03477849
5.20993009 6.33659209 0.03489451
5.21099401 6.33678098 0.03501151
5.21206250 6.33697044 0.03512952
5.21313560 6.33716046 0.03524854
5.21421335 6.33735105 0.03536859
5.21529576 6.33754222 0.03548966
5.21638286 6.33773396 0.03561178
5.21747469 6.33792628 0.03573495
5.21857128 6.33811919 0.03585919
5.21967265 6.33831270 0.03598451
5.22077884 6.33850680 0.03611092
5.22188988 6.33870150 0.03623842
5.22300579 6.33889680 0.03636704
5.22412661 6.33909272 0.03649679
5.22525237 6.33928925 0.03662767
5.22638310 6.33948640 0.03675970
5.22751883 6.33968417 0.03689289
5.22865960 6.33988257 0.03702726
5.22980543 6.34008161 0.03716282
5.23095637 6.34028129 0.03729957
5.23211244 6.34048161 0.03743754
5.23327368 6.34068258 0.03757673
5.23444012 6.34088420 0.03771717
5.23561180 6.34108649 0.03785886
5.23678875 6.34128944 0.03800182
5.23797100 6.34149306 0.03814606
5.23915859 6.34169735 0.03829159
5.24035155 6.34190233 0.03843844
5.24154993 6.34210799 0.03858661
5.24275375 6.34231434 0.03873613
5.24396306 6.34252139 0.03888700
5.24517789 6.34272915 0.03903924
5.24639828 6.34293761 0.03919287
5.24762426 6.34314679 0.03934790
5.24885587 6.34335669 0.03950435
5.25009316 6.34356731 0.03966224
5.25133616 6.34377866 0.03982157
5.25258490 6.34399076 0.03998238
5.25383944 6.34420359 0.04014467
5.25509980 6.34441718 0.04030846
5.25636604 6.34463152 0.04047377
5.25763818 6.34484663 0.04064062
5.25891627 6.34506250 0.04080902
5.26020035 6.34527915 0.04097900
5.26149047 6.34549658 0.04115057
5.26278667 6.34571480 0.04132374
5.26408898 6.34593381 0.04149855
5.26539746 6.34615362 0.04167501
5.26671214 6.34637424 0.04185314
5.26803307 6.34659568 0.04203295
5.26936030 6.34681793 0.04221447
5.27069386 6.34704101 0.04239772
5.27203381 6.34726493 0.04258272
5.27338019 6.34748969 0.04276949
5.27473305 6.34771530 0.04295806
5.27609243 6.34794177 0.04314843
5.27745838 6.34816910 0.04334065
5.27883095 6.34839730 0.04353472
5.28021018 6.34862638 0.04373067
5.28159614 6.34885634 0.04392852
5.28298886 6.34908720 0.04412830
5.28438839 6.34931896 0.04433003
5.28579479 6.34955162 0.04453374
5.28720811 6.34978521 0.04473944
5.28862839 6.35001971 0.04494717
5.29005569 6.35025515 0.04515695
5.29149007 6.35049153 0.04536880
5.29293157 6.35072886 0.04558276
5.29438025 6.35096715 0.04579884
5.29583617 6.35120640 0.04601707
5.29729937 6.35144663 0.04623749
5.29876992 6.35168783 0.04646012
5.30024787 6.35193003 0.04668498
5.30173328 6.35217323 0.04691211
5.30322620 6.35241744 0.04714153
5.30472669 6.35266266 0.04737327
5.30623481 6.35290891 0.04760737
5.30775062 6.35315619 0.04784386
5.30927419 6.35340452 0.04808276
5.31080556 6.35365391 0.04832410
5.31234480 6.35390435 0.04856792
5.31389198 6.35415587 0.04881426
5.31544716 6.35440848 0.04906314
5.31701039 6.35466217 0.04931459
5.31858175 6.35491697 0.04956866
5.32016129 6.35517288 0.04982537
5.32174909 6.35542991 0.05008476
5.32334521 6.35568807 0.05034687
5.32494972 6.35594738 0.05061173
5.32656268 6.35620784 0.05087938
5.32818417 6.35646946 0.05114986
5.32981424 6.35673226 0.05142320
5.33145298 6.35699624 0.05169945
5.33310046 6.35726142 0.05197864
5.33475673 6.35752781 0.05226081
5.33642189 6.35779542 0.05254601
5.33809600 6.35806425 0.05283427
5.33977913 6.35833433 0.05312564
5.34147137 6.35860565 0.05342016
5.34317278 6.35887825 0.05371788
5.34488344 6.35915212 0.05401883
5.34660344 6.35942728 0.05432307
5.34833284 6.35970373 0.05463063
5.35007174 6.35998151 0.05494157
5.35182021 6.36026060 0.05525594
5.35357833 6.36054104 0.05557378
5.35534618 6.36082282 0.05589513
5.35712385 6.36110597 0.05622006
5.35891143 6.36139050 0.05654861
5.36070899 6.36167641 0.05688083
5.36251663 6.36196373 0.05721678
5.36433443 6.36225247 0.05755651
5.36616248 6.36254263 0.05790008
5.36800088 6.36283424 0.05824753
5.36984971 6.36312731 0.05859893
5.37170906 6.36342185 0.05895433
5.37357903 6.36371788 0.05931380
5.37545971 6.36401541 0.05967738
5.37735119 6.36431445 0.06004515
5.37925359 6.36461503 0.06041716
5.38116698 6.36491715 0.06079349
5.38309148 6.36522084 0.06117418
5.38502717 6.36552610 0.06155931
5.38697417 6.36583295 0.06194894
5.38893258 6.36614141 0.06234314
5.39090249 6.36645150 0.06274198
5.39288403 6.36676323 0.06314553
5.39487728 6.36707661 0.06355386
5.39688236 6.36739167 0.06396705
5.39889939 6.36770843 0.06438516
5.40092846 6.36802688 0.06480828
5.40296970 6.36834707 0.06523647
5.40502321 6.36866900 0.06566983
5.40708912 6.36899269 0.06610843
5.40916754 6.36931815 0.06655234
5.41125858 6.36964542 0.06700166
5.41336237 6.36997450 0.06745647
5.41547903 6.37030542 0.06791685
5.41760868 6.37063818 0.06838289
5.41975145 6.37097283 0.06885468
5.42190746 6.37130936 0.06933232
5.42407684 6.37164781 0.06981589
5.42625971 6.37198818 0.07030549
5.42845622 6.37233051 0.07080121
5.43066649 6.37267481 0.07130317
5.43289066 6.37302111 0.07181145
5.43512886 6.37336942 0.07232615
5.43738124 6.37371976 0.07284739
5.43964792 6.37407217 0.07337527
5.44192906 6.37442665 0.07390990
5.44422480 6.37478323 0.07445139
5.44653529 6.37514194 0.07499985
5.44886066 6.37550279 0.07555539
5.45120108 6.37586582 0.07611814
5.45355669 6.37623104 0.07668822
5.45592764 6.37659847 0.07726574
5.45831410 6.37696815 0.07785083
5.46071621 6.37734009 0.07844362
5.46313415 6.37771432 0.07904424
5.46556807 6.37809086 0.07965282
5.46801814 6.37846975 0.08026950
5.47048451 6.37885100 0.08089442
5.47296737 6.37923465 0.08152771
5.47546689 6.37962071 0.08216952
5.47798323 6.38000922 0.08282000
5.48051657 6.38040020 0.08347929
5.48306710 6.38079368 0.08414755
5.48563498 6.38118969 0.08482494
5.48822041 6.38158825 0.08551161
5.49082357 6.38198940 0.08620773
5.49344465 6.38239317 0.08691346
5.49608384 6.38279957 0.08762898
5.49874133 6.38320865 0.08835445
5.50141732 6.38362044 0.08909006
5.50411201 6.38403495 0.08983598
5.50682560 6.38445224 0.09059240
5.50955829 6.38487232 0.09135950
5.51231029 6.38529522 0.09213748
5.51508182 6.38572099 0.09292654
5.51787308 6.38614965 0.09372687
5.52068429 6.38658124 0.09453869
5.52351567 6.38701579 0.09536219
5.52636744 6.38745334 0.09619760
5.52923982 6.38789391 0.09704513
5.53213305 6.38833755 0.09790500
5.53504736 6.38878429 0.09877745
5.53798298 6.38923417 0.09966271
5.54094014 6.38968721 0.10056101
5.54391910 6.39014347 0.10147260
5.54692008 6.39060298 0.10239772
5.54994335 6.39106578 0.10333663
5.55298915 6.39153190 0.10428960
5.55605774 6.39200138 0.10525687
5.55914937 6.39247427 0.10623874
5.56226431 6.39295060 0.10723546
5.56540282 6.39343041 0.10824733
5.56856518 6.39391376 0.10927464
5.57175164 6.39440067 0.11031768
5.57496250 6.39489119 0.11137675
5.57819802 6.39538537 0.11245216
5.58145851 6.39588324 0.11354422
5.58474423 6.39638486 0.11465327
5.58805548 6.39689026 0.11577962
5.59139257 6.39739950 0.11692362
5.59475578 6.39791261 0.11808561
5.59814542 6.39842965 0.11926595
5.60156181 6.39895067 0.12046498
5.60500524 6.39947570 0.12168309
5.60847604 6.40000480 0.12292064
5.61197453 6.40053803 0.12417802
5.61550103 6.40107542 0.12545563
5.61905587 6.40161703 0.12675386
5.62263938 6.40216291 0.12807312
5.62625189 6.40271311 0.12941384
5.62989376 6.40326769 0.13077644
5.63356532 6.40382670 0.13216137
5.63726693 6.40439019 0.13356906
5.64099893 6.40495821 0.13499998
5.64476169 6.40553083 0.13645459
5.64855558 6.40610809 0.13793337
5.65238095 6.40669006 0.13943681
5.65623817 6.40727679 0.14096541
5.66012764 6.40786833 0.14251968
5.66404971 6.40846476 0.14410014
5.66800479 6.40906612 0.14570731
5.67199326 6.40967248 0.14734176
5.67601551 6.41028390 0.14900402
5.68007194 6.41090044 0.15069466
5.68416296 6.41152216 0.15241427
5.68828896 6.41214912 0.15416344
5.69245037 6.41278139 0.15594276
5.69664759 6.41341903 0.15775286
5.70088105 6.41406210 0.15959436
5.70515116 6.41471068 0.16146791
5.70945836 6.41536482 0.16337416
5.71380308 6.41602460 0.16531378
5.71818575 6.41669008 0.16728745
5.72260682 6.41736133 0.16929586
5.72706671 6.41803841 0.17133973
5.73156589 6.41872140 0.17341977
5.73610480 6.41941036 0.17553673
5.74068389 6.42010537 0.17769135
5.74530362 6.42080650 0.17988441
5.74996445 6.42151381 0.18211667
5.75466684 6.42222738 0.18438894
5.75941126 6.42294728 0.18670203
5.76419817 6.42367358 0.18905674
5.76902804 6.42440636 0.19145393
5.77390135 6.42514568 0.19389445
5.77881856 6.42589163 0.19637915
5.78378016 6.42664427 0.19890892
5.78878662 6.42740368 0.20148466
5.79383841 6.42816993 0.20410727
5.79893601 6.42894310 0.20677767
5.80407991 6.42972326 0.20949680
5.80927057 6.43051048 0.21226561
5.81450848 6.43130485 0.21508506
5.81979411 6.43210643 0.21795613
5.82512793 6.43291529 0.22087979
5.83051042 6.43373152 0.22385706
5.83594204 6.43455518 0.22688894
5.84142328 6.43538635 0.22997645
5.84695458 6.43622510 0.23312063
5.85253640 6.43707150 0.23632250
5.85816922 6.43792562 0.23958313
5.86385346 6.43878754 0.24290357
5.86958958 6.43965732 0.24628488
5.87537801 6.44053504 0.24972813
5.88121918 6.44142075 0.25323440
5.88711352 6.44231454 0.25680476
5.89306143 6.44321645 0.26044029
5.89906331 6.44412656 0.26414208
5.90511956 6.44504494 0.26791120
5.91123056 6.44597163 0.27174873
5.91739666 6.44690669 0.27565575
5.92361823 6.44785020 0.27963333
5.92989559 6.44880219 0.28368252
5.93622907 6.44976273 0.28780437
5.94261897 6.45073185 0.29199993
5.94906558 6.45170962 0.29627021
5.95556916 6.45269607 0.30061622
5.96212995 6.45369125 0.30503895
5.96874818 6.45469519 0.30953936
5.97542404 6.45570792 0.31411840
5.98215771 6.45672949 0.31877697
5.98894933 6.45775991 0.32351595
5.99579901 6.45879920 0.32833619
6.00270685 6.45984740 0.33323848
6.00967290 6.46090451 0.33822360
6.01669719 6.46197054 0.34329226
6.02377970 6.46304550 0.34844512
6.03092039 6.46412938 0.35368280
6.03811917 6.46522218 0.35900586
6.04537592 6.46632389 0.36441478
6.05269047 6.46743449 0.36990999
6.06006262 6.46855395 0.37549185
6.06749211 6.46968225 0.38116062
6.07497865 6.47081935 0.38691652
6.08252188 6.47196520 0.39275964
6.09012142 6.47311975 0.39869001
6.09777680 6.47428295 0.40470755
6.10548754 6.47545472 0.41081210
6.11325308 6.47663500 0.41700337
6.12107281 6.47782370 0.42328097
6.12894605 6.47902073 0.42964441
6.13687209 6.48022599 0.43609305
6.14485013 6.48143937 0.44262617
6.15287932 6.48266076 0.44924288
6.16095876 6.48389003 0.45594219
6.16908746 6.48512704 0.46272296
6.17726439 6.48637165 0.46958391
6.18548845 6.48762371 0.47652364
6.19375845 6.48888305 0.48354057
6.20207316 6.49014950 0.49063300
6.21043128 6.49142288 0.49779907
6.21883144 6.49270299 0.50503679
6.22727218 6.49398963 0.51234397
6.23575201 6.49528259 0.51971833
6.24426935 6.49658165 0.52715738
6.25282257 6.49788658 0.53465853
6.26140994 6.49919713 0.54221899
6.27002972 6.50051305 0.54983585
6.27868005 6.50183410 0.55750606
6.28735905 6.50315999 0.56522641
6.29606476 6.50449046 0.57299355
6.30479516 6.50582521 0.58080401
6.31354819 6.50716396 0.58865418
6.32232173 6.50850640 0.59654032
6.33111359 6.50985223 0.60445859
6.33992156 6.51120113 0.61240503
6.34874337 6.51255278 0.62037557
6.35757670 6.51390686 0.62836608
6.36641921 6.51526302 0.63637230
6.37526852 6.51662094 0.64438993
6.38412220 6.51798027 0.65241460
6.39297783 6.51934067 0.66044188
6.40183293 6.52070178 0.66846730
6.41068502 6.52206326 0.67648637
6.41953160 6.52342476 0.68449456
6.42837017 6.52478591 0.69248736
6.43719822 6.52614636 0.70046025
6.44601323 6.52750576 0.70840873
6.45481269 6.52886376 0.71632834
6.46359412 6.53021999 0.72421464
6.47235501 6.53157411 0.73206328
6.48109290 6.53292577 0.73986994
6.48980536 6.53427463 0.74763041
6.49848996 6.53562034 0.75534054
6.50714431 6.53696257 0.76299631
6.51576608 6.53830098 0.77059378
6.52435294 6.53963526 0.77812915
6.53290264 6.54096507 0.78559874
6.54141296 6.54229011 0.79299902
6.54988173 6.54361008 0.80032659
6.55830684 6.54492467 0.80757820
6.56668625 6.54623360 0.81475077
6.57501797 6.54753659 0.82184137
6.58330006 6.54883336 0.82884725
6.59153068 6.55012366 0.83576583
6.59970802 6.55140722 0.84259469
6.60783038 6.55268382 0.84933161
6.61589610 6.55395321 0.85597452
6.62390362 6.55521517 0.86252155
6.63185143 6.55646950 0.86897101
6.63973812 6.55771599 0.87532136
6.64756235 6.55895446 0.88157126
6.65532284 6.56018471 0.88771954
6.66301841 6.56140659 0.89376520
6.67064795 6.56261994 0.89970741
6.67821043 6.56382460 0.90554548
6.68570489 6.56502044 0.91127892
6.69313046 6.56620734 0.91690737
6.70048632 6.56738518 0.92243061
6.70777175 6.56855385 0.92784858
6.71498609 6.56971325 0.93316137
6.72212877 6.57086331 0.93836916
6.72919926 6.57200393 0.94347231
6.73619713 6.57313506 0.94847125
6.74312199 6.57425664 0.95336655
6.74997354 6.57536862 0.95815890
6.75675153 6.57647095 0.96284905
6.76345577 6.57756360 0.96743788
6.77008613 6.57864654 0.97192633
6.77664255 6.57971977 0.97631546
6.78312501 6.58078326 0.98060636
6.78953356 6.58183702 0.98480021
6.79586827 6.58288104 0.98889826
6.80212930 6.58391534 0.99290180
6.80831682 6.58493993 0.99681219
6.81443106 6.58595484 1.00063081
6.82047230 6.58696009 1.00435911
6.82644085 6.58795571 1.00799856
6.83233706 6.58894173 1.01155065
6.83816131 6.58991821 1.01501691
6.84391402 6.59088518 1.01839890
6.84959565 6.59184270 1.02169818
6.85520666 6.59279082 1.02491632
6.86074757 6.59372959 1.02805493
6.86621891 6.59465907 1.03111559
6.87162124 6.59557934 1.03409990
6.87695513 6.59649044 1.03700946
6.88222119 6.59739246 1.03984586
6.88742003 6.59828546 1.04261070
6.89255229 6.59916952 1.04530556
6.89761861 6.60004470 1.04793201
6.90261966 6.60091109 1.05049160
6.90755612 6.60176877 1.05298588
6.91242867 6.60261780 1.05541639
6.91723802 6.60345828 1.05778463
6.92198486 6.60429029 1.06009210
6.92666992 6.60511390 1.06234026
6.93129391 6.60592920 1.06453057
6.93585755 6.60673627 1.06666447
6.94036158 6.60753520 1.06874334
6.94480673 6.60832607 1.07076859
6.94919374 6.60910897 1.07274156
6.95352334 6.60988398 1.07466360
6.95779626 6.61065118 1.07653600
6.96201325 6.61141067 1.07836006
6.96617505 6.61216252 1.08013702
6.97028238 6.61290683 1.08186812
6.97433598 6.61364367 1.08355457
6.97833658 6.61437313 1.08519754
6.98228491 6.61509529 1.08679818
6.98618169 6.61581024 1.08835763
6.99002764 6.61651806 1.08987697
6.99382348 6.61721883 1.09135730
6.99756991 6.61791263 1.09279964
7.00126764 6.61859955 1.09420504
7.00491737 6.61927966 1.09557449
7.00851980 6.61995305 1.09690895
7.01207559 6.62061980 1.09820939
7.01558545 6.62127997 1.09947672
7.01905004 6.62193366 1.10071185
7.02247003 6.62258093 1.10191565
7.02584607 6.62322186 1.10308899
7.02917881 6.62385654 1.10423268
7.03246891 6.62448502 1.10534755
7.03571700 6.62510739 1.10643438
7.03892371 6.62572372 1.10749394
7.04208965 6.62633408 1.10852698
7.04521544 6.62693854 1.10953422
7.04830170 6.62753718 1.11051636
7.05134900 6.62813005 1.11147410
7.05435795 6.62871723 1.11240811
7.05732912 6.62929879 1.11331902
7.06026309 6.62987479 1.11420748
7.06316042 6.63044530 1.11507410
7.06602167 6.63101038 1.11591947
7.06884739 6.63157010 1.11674417
7.07163811 6.63212452 1.11754877
7.07439438 6.63267370 1.11833381
7.07711672 6.63321771 1.11909982
7.07980563 6.63375661 1.11984733
7.08246164 6.63429045 1.12057683
7.08508524 6.63481929 1.12128880
7.08767693 6.63534319 1.12198373
7.09023719 6.63586222 1.12266208
7.09276650 6.63637642 1.12332428
7.09526533 6.63688585 1.12397077
7.09773414 6.63739057 1.12460198
7.10017340 6.63789063 1.12521831
7.10258353 6.63838608 1.12582017
7.10496500 6.63887699 1.12640793
7.10731823 6.63936339 1.12698198
7.10964364 6.63984534 1.12754267
7.11194167 6.64032289 1.12809036
7.11421271 6.64079610 1.12862539
7.11645718 6.64126500 1.12914811
7.11867547 6.64172966 1.12965882
7.12086799 6.64219011 1.13015785
7.12303510 6.64264640 1.13064550
7.12517720 6.64309859 1.13112208
7.12729466 6.64354671 1.13158786
7.12938783 6.64399081 1.13204313
7.13145710 6.64443093 1.13248816
7.13350280 6.64486713 1.13292321
7.13552528 6.64529944 1.13334855
7.13752490 6.64572791 1.13376442
7.13950198 6.64615257 1.13417106
7.14145686 6.64657347 1.13456872
7.14338986 6.64699066 1.13495761
7.14530131 6.64740416 1.13533796
7.14719152 6.64781403 1.13571000
7.14906079 6.64822029 1.13607392
7.15090943 6.64862300 1.13642993
7.15273775 6.64902218 1.13677824
7.15454602 6.64941788 1.13711903
7.15633455 6.64981013 1.13745249
7.15810362 6.65019897 1.13777881
7.15985351 6.65058443 1.13809815
7.16158448 6.65096656 1.13841071
7.16329681 6.65134539 1.13871663
7.16499077 6.65172094 1.13901609
7.16666662 6.65209327 1.13930924
7.16832460 6.65246239 1.13959624
7.16996498 6.65282835 1.13987723
7.17158801 6.65319117 1.14015237
7.17319391 6.65355090 1.14042179
7.17478294 6.65390755 1.14068564
7.17635534 6.65426117 1.14094404
7.17791132 6.65461179 1.14119713
7.17945112 6.65495943 1.14144503
7.18097496 6.65530413 1.14168788
7.18248307 6.65564592 1.14192577
7.18397565 6.65598482 1.14215885
7.18545293 6.65632087 1.14238721
7.18691510 6.65665410 1.14261098
7.18836238 6.65698453 1.14283025
7.18979497 6.65731220 1.14304513
7.19121306 6.65763713 1.14325573
7.19261686 6.65795934 1.14346214
7.19400655 6.65827888 1.14366447
7.19538233 6.65859575 1.14386280
7.19674437 6.65891000 1.14405723
7.19809287 6.65922164 1.14424784
7.19942800 6.65953071 1.14443473
7.20074994 6.65983723 1.14461798
7.20205886 6.66014122 1.14479767
7.20335494 6.66044270 1.14497388
7.20463834 6.66074172 1.14514669
7.20590923 6.66103828 1.14531618
7.20716777 6.66133242 1.14548242
7.20841413 6.66162415 1.14564549
7.20964845 6.66191350 1.14580545
7.21087090 6.66220050 1.14596238
7.21208163 6.66248516 1.14611633
7.21328079 6.66276752 1.14626738
7.21446853 6.66304758 1.14641560
7.21564498 6.66332539 1.14656103
7.21681031 6.66360095 1.14670375
7.21796464 6.66387429 1.14684382
7.21910811 6.66414543 1.14698128
7.22024087 6.66441439 1.14711620
7.22136304 6.66468119 1.14724863
7.22247476 6.66494586 1.14737862
7.22357616 6.66520842 1.14750623
7.22466736 6.66546888 1.14763152
7.22574850 6.66572726 1.14775451
7.22681970 6.66598359 1.14787528
7.22788107 6.66623788 1.14799385
7.22893275 6.66649016 1.14811029
7.22997484 6.66674044 1.14822463
7.23100747 6.66698875 1.14833692
7.23203075 6.66723509 1.14844721
7.23304479 6.66747950 1.14855552
7.23404971 6.66772199 1.14866191
7.23504561 6.66796257 1.14876641
7.23603260 6.66820126 1.14886907
7.23701079 6.66843809 1.14896992
7.23798029 6.66867307 1.14906899
7.23894119 6.66890621 1.14916633
7.23989360 6.66913754 1.14926197
7.24083762 6.66936708 1.14935594
7.24177334 6.66959483 1.14944829
7.24270087 6.66982081 1.14953903
7.24362030 6.67004505 1.14962820
7.24453173 6.67026755 1.14971584
7.24543524 6.67048834 1.14980198
7.24633093 6.67070743 1.14988664
7.24721889 6.67092484 1.14996986
7.24809920 6.67114058 1.15005166
7.24897197 6.67135466 1.15013207
7.24983726 6.67156711 1.15021112
7.25069517 6.67177793 1.15028883
7.25154578 6.67198714 1.15036524
7.25238918 6.67219477 1.15044037
7.25322544 6.67240081 1.15051423
7.25405464 6.67260529 1.15058687
7.25487687 6.67280822 1.15065829
7.25569219 6.67300962 1.15072853
7.25650070 6.67320949 1.15079760
7.25730246 6.67340786 1.15086554
7.25809755 6.67360473 1.15093236
7.25888604 6.67380012 1.15099807
7.25966801 6.67399405 1.15106272
7.26044353 6.67418652 1.15112630
7.26121266 6.67437755 1.15118885
7.26197548 6.67456716 1.15125038
7.26273205 6.67475535 1.15131092
7.26348245 6.67494213 1.15137047
7.26422673 6.67512753 1.15142907
7.26496497 6.67531155 1.15148672
7.26569723 6.67549421 1.15154345
7.26642358 6.67567552 1.15159927
7.26714407 6.67585548 1.15165420
7.26785877 6.67603412 1.15170825
7.26856775 6.67621144 1.15176145
7.26927105 6.67638746 1.15181380
7.26996874 6.67656218 1.15186533
7.27066089 6.67673563 1.15191604
7.27134754 6.67690780 1.15196596
7.27202876 6.67707871 1.15201509
7.27270460 6.67724838 1.15206345
7.27337512 6.67741681 1.15211106
7.27404037 6.67758401 1.15215793
7.27470041 6.67775000 1.15220407
7.27535529 6.67791478 1.15224950
7.27600506 6.67807837 1.15229422
7.27664978 6.67824078 1.15233825
7.27728950 6.67840202 1.15238161
7.27792427 6.67856209 1.15242430
7.27855413 6.67872100 1.15246634
7.27917914 6.67887878 1.15250773
7.27979935 6.67903542 1.15254849
7.28041481 6.67919094 1.15258864
7.28102555 6.67934535 1.15262817
7.28163164 6.67949866 1.15266711
7.28223312 6.67965087 1.15270546
7.28283002 6.67980199 1.15274323
7.28342240 6.67995204 1.15278043
7.28401031 6.68010103 1.15281707
7.28459378 6.68024896 1.15285317
7.28517286 6.68039584 1.15288873
7.28574760 6.68054168 1.15292375
7.28631803 6.68068649 1.15295826
7.28688419 6.68083028 1.15299226
7.28744614 6.68097306 1.15302575
7.28800390 6.68111483 1.15305875
7.28855752 6.68125561 1.15309126
7.28910705 6.68139541 1.15312329
7.28965251 6.68153422 1.15315485
7.29019395 6.68167207 1.15318596
7.29073140 6.68180895 1.15321660
7.29126491 6.68194488 1.15324680
7.29179451 6.68207986 1.15327656
7.29232024 6.68221391 1.15330589
7.29284214 6.68234703 1.15333480
7.29336024 6.68247922 1.15336328
7.29387457 6.68261050 1.15339136
7.29438518 6.68274087 1.15341903
7.29489209 6.68287035 1.15344630
7.29539534 6.68299893 1.15347319
7.29589497 6.68312663 1.15349968
7.29639101 6.68325345 1.15352580
7.29688349 6.68337940 1.15355155
7.29737245 6.68350450 1.15357693
7.29785791 6.68362873 1.15360196
7.29833991 6.68375212 1.15362662
7.29881849 6.68387466 1.15365094
7.29929366 6.68399638 1.15367492
7.29976547 6.68411726 1.15369856
7.30023394 6.68423732 1.15372186
7.30069911 6.68435657 1.15374484
7.30116100 6.68447502 1.15376750
7.30161965 6.68459266 1.15378984
7.30207507 6.68470951 1.15381187
7.30252731 6.68482557 1.15383359
7.30297639 6.68494085 1.15385501
7.30342234 6.68505536 1.15387614
7.30386518 6.68516910 1.15389697
7.30430494 6.68528207 1.15391751
7.30474166 6.68539429 1.15393777
7.30517535 6.68550576 1.15395776
7.30560605 6.68561648 1.15397746
7.30603377 6.68572647 1.15399690
7.30645856 6.68583573 1.15401607
7.30688042 6.68594426 1.15403498
7.30729940 6.68605207 1.15405364
7.30771550 6.68615916 1.15407203
7.30812876 6.68626555 1.15409018
7.30853921 6.68637123 1.15410809
7.30894686 6.68647622 1.15412575
7.30935174 6.68658051 1.15414317
7.30975388 6.68668412 1.15416035
7.31015329 6.68678705 1.15417731
7.31055001 6.68688930 1.15419404
7.31094404 6.68699088 1.15421054
7.31133543 6.68709180 1.15422682
7.31172418 6.68719205 1.15424288
7.31211033 6.68729166 1.15425873
7.31249389 6.68739061 1.15427437
7.31287488 6.68748892 1.15428980
7.31325333 6.68758659 1.15430503
7.31362926 6.68768362 1.15432005
7.31400269 6.68778003 1.15433488
7.31437364 6.68787581 1.15434951
7.31474213 6.68797097 1.15436394
7.31510818 6.68806552 1.15437819
7.31547181 6.68815946 1.15439225
7.31583304 6.68825279 1.15440612
7.31619189 6.68834553 1.15441981
7.31654839 6.68843766 1.15443333
7.31690254 6.68852921 1.15444666
7.31725438 6.68862017 1.15445983
7.31760391 6.68871055 1.15447282
7.31795116 6.68880035 1.15448564
7.31829614 6.68888957 1.15449830
7.31863888 6.68897823 1.15451079
7.31897939 6.68906632 1.15452312
7.31931769 6.68915386 1.15453529
7.31965380 6.68924083 1.15454731
7.31998773 6.68932726 1.15455917
7.32031951 6.68941314 1.15457087
7.32064915 6.68949847 1.15458243
7.32097666 6.68958327 1.15459384
7.32130207 6.68966753 1.15460510
7.32162539 6.68975126 1.15461622
7.32194664 6.68983446 1.15462720
7.32226583 6.68991714 1.15463804
7.32258298 6.68999930 1.15464874
7.32289811 6.69008095 1.15465930
7.32321123 6.69016208 1.15466973
7.32352236 6.69024271 1.15468003
7.32383152 6.69032283 1.15469019
7.32413871 6.69040246 1.15470023
7.32444395 6.69048158 1.15471014
7.32474727 6.69056022 1.15471993
7.32504867 6.69063836 1.15472960
7.32534817 6.69071603 1.15473914
7.32564579 6.69079320 1.15474856
7.32594153 6.69086991 1.15475787
7.32623542 6.69094613 1.15476706
7.32652746 6.69102189 1.15477613
7.32681768 6.69109718 1.15478509
7.32710608 6.69117200 1.15479394
7.32739268 6.69124636 1.15480268
7.32767750 6.69132027 1.15481131
7.32796054 6.69139372 1.15481984
7.32824182 6.69146672 1.15482826
7.32852136 6.69153928 1.15483657
7.32879916 6.69161139 1.15484478
7.32907524 6.69168305 1.15485289
7.32934962 6.69175429 1.15486090
7.32962230 6.69182508 1.15486882
7.32989330 6.69189545 1.15487663
7.33016263 6.69196539 1.15488435
7.33043031 6.69203490 1.15489198
7.33069634 6.69210399 1.15489951
7.33096074 6.69217266 1.15490695
7.33122352 6.69224092 1.15491429
7.33148469 6.69230876 1.15492155
7.33174427 6.69237619 1.15492872
7.33200226 6.69244322 1.15493581
7.33225868 6.69250984 1.15494281
7.33251354 6.69257606 1.15494972
7.33276685 6.69264188 1.15495655
7.33301863 6.69270730 1.15496329
7.33326888 6.69277234 1.15496996
7.33351761 6.69283698 1.15497654
7.33376484 6.69290124 1.15498305
7.33401057 6.69296511 1.15498948
7.33425482 6.69302860 1.15499583
7.33449761 6.69309171 1.15500210
7.33473893 6.69315444 1.15500830
7.33497879 6.69321680 1.15501442
7.33521722 6.69327879 1.15502047
7.33545422 6.69334041 1.15502645
7.33568981 6.69340167 1.15503236
7.33592398 6.69346256 1.15503820
7.33615675 6.69352309 1.15504396
7.33638813 6.69358327 1.15504966
7.33661814 6.69364308 1.15505529
7.33684678 6.69370255 1.15506086
7.33707405 6.69376166 1.15506636
7.33729998 6.69382042 1.15507179
7.33752456 6.69387884 1.15507716
7.33774782 6.69393692 1.15508247
7.33796975 6.69399465 1.15508771
7.33819038 6.69405204 1.15509289
7.33840970 6.69410910 1.15509801
7.33862772 6.69416582 1.15510307
7.33884446 6.69422222 1.15510807
7.33905993 6.69427828 1.15511301
7.33927413 6.69433401 1.15511790
7.33948707 6.69438942 1.15512273
7.33969876 6.69444451 1.15512750
7.33990922 6.69449927 1.15513221
7.34011844 6.69455372 1.15513687
7.34032643 6.69460785 1.15514148
7.34053322 6.69466167 1.15514603
7.34073879 6.69471517 1.15515053
7.34094317 6.69476837 1.15515498
7.34114636 6.69482125 1.15515937
7.34134837 6.69487383 1.15516372
7.34154920 6.69492611 1.15516801
7.34174887 6.69497809 1.15517226
7.34194738 6.69502976 1.15517645
7.34214475 6.69508114 1.15518060
7.34234097 6.69513222 1.15518470
7.34253605 6.69518301 1.15518875
7.34273001 6.69523351 1.15519276
7.34292286 6.69528371 1.15519671
7.34311459 6.69533363 1.15520063
7.34330522 6.69538327 1.15520450
7.34349475 6.69543262 1.15520832
7.34368319 6.69548168 1.15521210
7.34387055 6.69553047 1.15521584
7.34405684 6.69557898 1.15521954
7.34424206 6.69562721 1.15522319
7.34442623 6.69567517 1.15522680
7.34460934 6.69572285 1.15523037
7.34479140 6.69577027 1.15523390
7.34497243 6.69581741 1.15523739
7.34515242 6.69586429 1.15524084
7.34533139 6.69591090 1.15524425
7.34550934 6.69595724 1.15524762
7.34568628 6.69600333 1.15525096
7.34586222 6.69604915 1.15525425
7.34603716 6.69609472 1.15525751
7.34621111 6.69614002 1.15526073
7.34638407 6.69618507 1.15526392
7.34655606 6.69622987 1.15526707
7.34672707 6.69627442 1.15527018
7.34689712 6.69631871 1.15527326
7.34706621 6.69636276 1.15527630
7.34723434 6.69640656 1.15527932
7.34740153 6.69645011 1.15528229
7.34756778 6.69649342 1.15528523
7.34773310 6.69653649 1.15528815
7.34789749 6.69657931 1.15529102
7.34806095 6.69662190 1.15529387
7.34822350 6.69666425 1.15529668
7.34838514 6.69670636 1.15529946
7.34854588 6.69674823 1.15530222
7.34870571 6.69678988 1.15530494
7.34886466 6.69683129 1.15530763
7.34902272 6.69687247 1.15531029
7.34917989 6.69691342 1.15531292
7.34933619 6.69695415 1.15531552
7.34949162 6.69699465 1.15531809
7.34964619 6.69703492 1.15532064
7.34979990 6.69707497 1.15532315
7.34995276 6.69711480 1.15532564
7.35010476 6.69715441 1.15532810
7.35025593 6.69719380 1.15533053
7.35040626 6.69723297 1.15533294
7.35055575 6.69727193 1.15533532
7.35070442 6.69731067 1.15533767
7.35085227 6.69734919 1.15534000
7.35099931 6.69738751 1.15534231
7.35114553 6.69742561 1.15534458
7.35129094 6.69746351 1.15534683
7.35143556 6.69750120 1.15534906
7.35157938 6.69753868 1.15535126
7.35172241 6.69757595 1.15535344
7.35186466 6.69761302 1.15535560
7.35200612 6.69764989 1.15535773
7.35214681 6.69768655 1.15535984
7.35228673 6.69772302 1.15536192
7.35242588 6.69775928 1.15536398
7.35256427 6.69779535 1.15536602
7.35270190 6.69783122 1.15536804
7.35283878 6.69786690 1.15537004
7.35297492 6.69790238 1.15537201
7.35311031 6.69793766 1.15537396
7.35324496 6.69797276 1.15537589
7.35337888 6.69800766 1.15537780
7.35351208 6.69804238 1.15537969
7.35364455 6.69807691 1.15538156
7.35377629 6.69811124 1.15538341
7.35390733 6.69814540 1.15538524
7.35403765 6.69817937 1.15538705
7.35416726 6.69821315 1.15538884
7.35429618 6.69824675 1.15539061
7.35442439 6.69828017 1.15539236
7.35455191 6.69831341 1.15539409
7.35467875 6.69834647 1.15539580
7.35480489 6.69837935 1.15539750
7.35493036 6.69841206 1.15539918
7.35505515 6.69844458 1.15540083
7.35517927 6.69847694 1.15540247
7.35530272 6.69850912 1.15540410
7.35542550 6.69854112 1.15540570
7.35554762 6.69857296 1.15540729
7.35566909 6.69860462 1.15540886
7.35578990 6.69863611 1.15541042
7.35591007 6.69866744 1.15541196
7.35602959 6.69869859 1.15541348
7.35614847 6.69872958 1.15541498
7.35626672 6.69876041 1.15541647
7.35638433 6.69879107 1.15541795
7.35650131 6.69882156 1.15541940
7.35661766 6.69885189 1.15542084
7.35673340 6.69888206 1.15542227
7.35684852 6.69891207 1.15542368
7.35696302 6.69894192 1.15542508
7.35707691 6.69897161 1.15542646
7.35719019 6.69900115 1.15542783
7.35730288 6.69903052 1.15542918
7.35741496 6.69905974 1.15543052
7.35752644 6.69908880 1.15543184
7.35763734 6.69911771 1.15543315
7.35774764 6.69914647 1.15543445
7.35785736 6.69917507 1.15543573
7.35796649 6.69920353 1.15543700
7.35807505 6.69923183 1.15543825
7.35818303 6.69925998 1.15543950
7.35829045 6.69928798 1.15544072
7.35839729 6.69931583 1.15544194
7.35850357 6.69934354 1.15544314
7.35860928 6.69937110 1.15544433
7.35871444 6.69939852 1.15544551
7.35881904 6.69942579 1.15544668
7.35892309 6.69945292 1.15544783
7.35902659 6.69947990 1.15544897
7.35912955 6.69950674 1.15545010
7.35923196 6.69953344 1.15545122
7.35933384 6.69956000 1.15545232
7.35943518 6.69958642 1.15545342
7.35953598 6.69961271 1.15545450
7.35963626 6.69963885 1.15545557
7.35973601 6.69966486 1.15545663
7.35983524 6.69969073 1.15545768
7.35993394 6.69971646 1.15545872
7.36003213 6.69974206 1.15545974
7.36012981 6.69976753 1.15546076
7.36022697 6.69979286 1.15546177
7.36032363 6.69981806 1.15546276
7.36041978 6.69984313 1.15546375
7.36051542 6.69986807 1.15546472
7.36061057 6.69989287 1.15546568
7.36070522 6.69991755 1.15546664
7.36079938 6.69994210 1.15546758
7.36089304 6.69996652 1.15546852
7.36098622 6.69999082 1.15546944
7.36107891 6.70001498 1.15547036
7.36117112 6.70003902 1.15547126
7.36126285 6.70006294 1.15547216
7.36135410 6.70008673 1.15547305
7.36144488 6.70011040 1.15547392
7.36153519 6.70013395 1.15547479
7.36162502 6.70015737 1.15547565
7.36171439 6.70018067 1.15547650
7.36180330 6.70020385 1.15547735
7.36189175 6.70022692 1.15547818
7.36197974 6.70024986 1.15547900
7.36206727 6.70027268 1.15547982
7.36215435 6.70029539 1.15548063
7.36224098 6.70031797 1.15548143
7.36232716 6.70034044 1.15548222
7.36241289 6.70036280 1.15548300
7.36249818 6.70038504 1.15548378
7.36258304 6.70040716 1.15548454
7.36266745 6.70042917 1.15548530
7.36275143 6.70045107 1.15548605
7.36283497 6.70047285 1.15548680
7.36291809 6.70049452 1.15548753
7.36300077 6.70051608 1.15548826
7.36308304 6.70053753 1.15548898
7.36316487 6.70055887 1.15548970
7.36324629 6.70058010 1.15549040
7.36332729 6.70060122 1.15549110
7.36340787 6.70062223 1.15549179
7.36348804 6.70064313 1.15549248
7.36356780 6.70066393 1.15549315
7.36364714 6.70068462 1.15549382
7.36372608 6.70070520 1.15549449
7.36380462 6.70072568 1.15549515
7.36388275 6.70074605 1.15549580
7.36396049 6.70076632 1.15549644
7.36403782 6.70078649 1.15549708
7.36411476 6.70080655 1.15549771
7.36419131 6.70082651 1.15549833
7.36426746 6.70084636 1.15549895
7.36434323 6.70086612 1.15549956
7.36441861 6.70088578 1.15550017
7.36449360 6.70090533 1.15550077
7.36456821 6.70092479 1.15550136
7.36464244 6.70094414 1.15550195
7.36471630 6.70096340 1.15550253
7.36478977 6.70098256 1.15550310
7.36486287 6.70100162 1.15550367
7.36493560 6.70102058 1.15550423
7.36500796 6.70103945 1.15550479
7.36507996 6.70105822 1.15550534
7.36515158 6.70107690 1.15550589
7.36522284 6.70109548 1.15550643
7.36529374 6.70111397 1.15550697
7.36536428 6.70113236 1.15550750
7.36543446 6.70115066 1.15550802
7.36550429 6.70116887 1.15550854
7.36557376 6.70118698 1.15550906
7.36564287 6.70120500 1.15550956
7.36571164 6.70122294 1.15551007
7.36578006 6.70124078 1.15551057
7.36584814 6.70125853 1.15551106
7.36591587 6.70127619 1.15551155
7.36598325 6.70129376 1.15551203
7.36605030 6.70131124 1.15551251
7.36611700 6.70132864 1.15551299
7.36618337 6.70134594 1.15551345
7.36624941 6.70136316 1.15551392
7.36631511 6.70138029 1.15551438
7.36638048 6.70139734 1.15551483
7.36644552 6.70141430 1.15551529
7.36651023 6.70143117 1.15551573
7.36657461 6.70144796 1.15551617
7.36663867 6.70146466 1.15551661
7.36670241 6.70148128 1.15551704
7.36676583 6.70149782 1.15551747
7.36682893 6.70151427 1.15551790
7.36689171 6.70153064 1.15551832
7.36695417 6.70154693 1.15551873
7.36701632 6.70156314 1.15551914
7.36707816 6.70157926 1.15551955
7.36713969 6.70159531 1.15551995
7.36720090 6.70161127 1.15552035
7.36726181 6.70162715 1.15552075
7.36732242 6.70164296 1.15552114
7.36738272 6.70165868 1.15552153
7.36744272 6.70167433 1.15552191
7.36750242 6.70168989 1.15552229
7.36756182 6.70170538 1.15552267
7.36762092 6.70172079 1.15552304
7.36767972 6.70173613 1.15552341
7.36773824 6.70175138 1.15552377
7.36779645 6.70176656 1.15552413
7.36785438 6.70178167 1.15552449
7.36791202 6.70179670 1.15552484
7.36796937 6.70181165 1.15552519
7.36802643 6.70182653 1.15552554
7.36808321 6.70184134 1.15552588
7.36813970 6.70185607 1.15552622
7.36819591 6.70187073 1.15552656
7.36825185 6.70188531 1.15552689
7.36830750 6.70189982 1.15552722
7.36836287 6.70191426 1.15552755
7.36841797 6.70192863 1.15552787
7.36847280 6.70194293 1.15552819
7.36852735 6.70195715 1.15552851
7.36858163 6.70197131 1.15552882
7.36863564 6.70198539 1.15552914
7.36868938 6.70199940 1.15552944
7.36874285 6.70201335 1.15552975
7.36879606 6.70202722 1.15553005
7.36884900 6.70204103 1.15553035
7.36890168 6.70205477 1.15553064
7.36895410 6.70206843 1.15553094
7.36900626 6.70208203 1.15553123
7.36905816 6.70209557 1.15553151
7.36910980 6.70210903 1.15553180
7.36916118 6.70212243 1.15553208
7.36921231 6.70213577 1.15553236
7.36926319 6.70214903 1.15553263
7.36931381 6.70216223 1.15553291
7.36936419 6.70217537 1.15553318
7.36941431 6.70218844 1.15553344
7.36946418 6.70220144 1.15553371
7.36951381 6.70221439 1.15553397
7.36956320 6.70222726 1.15553423
7.36961233 6.70224008 1.15553449
7.36966123 6.70225283 1.15553474
7.36970988 6.70226551 1.15553500
7.36975830 6.70227814 1.15553524
7.36980647 6.70229070 1.15553549
7.36985441 6.70230320 1.15553574
7.36990210 6.70231564 1.15553598
7.36994957 6.70232801 1.15553622
7.36999680 6.70234033 1.15553646
7.37004379 6.70235258 1.15553669
7.37009056 6.70236478 1.15553693
7.37013709 6.70237691 1.15553716
7.37018339 6.70238899 1.15553738
7.37022947 6.70240100 1.15553761
7.37027532 6.70241296 1.15553783
7.37032094 6.70242486 1.15553806
7.37036634 6.70243669 1.15553828
7.37041151 6.70244847 1.15553849
7.37045647 6.70246020 1.15553871
7.37050120 6.70247186 1.15553892
7.37054571 6.70248347 1.15553913
7.37059000 6.70249502 1.15553934
7.37063407 6.70250651 1.15553955
7.37067793 6.70251795 1.15553975
7.37072157 6.70252933 1.15553996
7.37076500 6.70254065 1.15554016
7.37080822 6.70255192 1.15554036
7.37085122 6.70256313 1.15554055
7.37089401 6.70257429 1.15554075
7.37093659 6.70258539 1.15554094
7.37097896 6.70259644 1.15554113
7.37102113 6.70260744 1.15554132
7.37106308 6.70261838 1.15554151
7.37110483 6.70262927 1.15554170
7.37114638 6.70264010 1.15554188
7.37118772 6.70265088 1.15554206
7.37122887 6.70266161 1.15554224
7.37126980 6.70267228 1.15554242
7.37131054 6.70268291 1.15554260
7.37135108 6.70269348 1.15554277
7.37139142 6.70270400 1.15554295
7.37143157 6.70271447 1.15554312
7.37147152 6.70272488 1.15554329
7.37151127 6.70273525 1.15554346
7.37155082 6.70274557 1.15554362
7.37159019 6.70275583 1.15554379
7.37162936 6.70276604 1.15554395
7.37166834 6.70277621 1.15554411
7.37170713 6.70278632 1.15554427
7.37174573 6.70279639 1.15554443
7.37178414 6.70280641 1.15554459
7.37182237 6.70281637 1.15554474
7.37186041 6.70282629 1.15554490
7.37189826 6.70283616 1.15554505
7.37193593 6.70284599 1.15554520
7.37197341 6.70285576 1.15554535
7.37201071 6.70286549 1.15554550
7.37204783 6.70287517 1.15554565
7.37208477 6.70288480 1.15554579
7.37212153 6.70289439 1.15554594
7.37215811 6.70290392 1.15554608
7.37219451 6.70291342 1.15554622
7.37223074 6.70292286 1.15554636
7.37226679 6.70293226 1.15554650
7.37230266 6.70294162 1.15554664
7.37233836 6.70295093 1.15554677
7.37237388 6.70296019 1.15554691
7.37240924 6.70296941 1.15554704
7.37244442 6.70297858 1.15554717
7.37247942 6.70298771 1.15554730
7.37251426 6.70299680 1.15554743
7.37254893 6.70300584 1.15554756
7.37258343 6.70301483 1.15554769
7.37261777 6.70302379 1.15554781
7.37265194 6.70303270 1.15554794
7.37268594 6.70304156 1.15554806
7.37271977 6.70305039 1.15554818
7.37275344 6.70305917 1.15554830
7.37278695 6.70306790 1.15554842
7.37282030 6.70307660 1.15554854
7.37285348 6.70308525 1.15554866
7.37288651 6.70309386 1.15554877
7.37291937 6.70310243 1.15554889
7.37295207 6.70311096 1.15554900
7.37298462 6.70311945 1.15554912
7.37301701 6.70312790 1.15554923
7.37304924 6.70313630 1.15554934
7.37308131 6.70314466 1.15554945
7.37311323 6.70315299 1.15554956
7.37314500 6.70316127 1.15554966
7.37317661 6.70316951 1.15554977
7.37320807 6.70317772 1.15554988
7.37323938 6.70318588 1.15554998
7.37327053 6.70319401 1.15555008
7.37330154 6.70320209 1.15555019
7.37333239 6.70321014 1.15555029
7.37336310 6.70321814 1.15555039
7.37339365 6.70322611 1.15555049
7.37342406 6.70323404 1.15555059
7.37345432 6.70324193 1.15555068
7.37348444 6.70324979 1.15555078
7.37351441 6.70325760 1.15555088
7.37354424 6.70326538 1.15555097
7.37357392 6.70327312 1.15555106
7.37360346 6.70328082 1.15555116
7.37363286 6.70328849 1.15555125
7.37366211 6.70329612 1.15555134
7.37369122 6.70330371 1.15555143
7.37372020 6.70331126 1.15555152
7.37374903 6.70331878 1.15555161
7.37377772 6.70332626 1.15555170
7.37380628 6.70333371 1.15555178
7.37383470 6.70334112 1.15555187
7.37386298 6.70334850 1.15555195
7.37389112 6.70335583 1.15555204
7.37391913 6.70336314 1.15555212
7.37394701 6.70337041 1.15555221
7.37397475 6.70337764 1.15555229
7.37400236 6.70338484 1.15555237
7.37402983 6.70339200 1.15555245
7.37405717 6.70339913 1.15555253
7.37408438 6.70340623 1.15555261
7.37411146 6.70341329 1.15555269
7.37413841 6.70342032 1.15555276
7.37416523 6.70342731 1.15555284
7.37419192 6.70343427 1.15555292
7.37421848 6.70344120 1.15555299
7.37424492 6.70344809 1.15555307
7.37427122 6.70345495 1.15555314
7.37429741 6.70346178 1.15555321
7.37432346 6.70346857 1.15555328
7.37434939 6.70347534 1.15555336
7.37437520 6.70348206 1.15555343
7.37440088 6.70348876 1.15555350
7.37442644 6.70349543 1.15555357
7.37445187 6.70350206 1.15555364
7.37447719 6.70350866 1.15555370
7.37450238 6.70351523 1.15555377
7.37452745 6.70352177 1.15555384
7.37455240 6.70352827 1.15555390
7.37457723 6.70353475 1.15555397
7.37460194 6.70354119 1.15555404
7.37462654 6.70354761 1.15555410
7.37465101 6.70355399 1.15555416
7.37467537 6.70356034 1.15555423
7.37469961 6.70356666 1.15555429
7.37472374 6.70357295 1.15555435
7.37474775 6.70357921 1.15555441
7.37477164 6.70358544 1.15555447
7.37479543 6.70359165 1.15555453
7.37481909 6.70359782 1.15555459
7.37484265 6.70360396 1.15555465
7.37486609 6.70361007 1.15555471
7.37488941 6.70361616 1.15555477
7.37491263 6.70362221 1.15555483
7.37493574 6.70362823 1.15555488
7.37495873 6.70363423 1.15555494
7.37498162 6.70364020 1.15555500
7.37500439 6.70364614 1.15555505
7.37502706 6.70365205 1.15555511
7.37504962 6.70365793 1.15555516
7.37507207 6.70366378 1.15555521
7.37509441 6.70366961 1.15555527
7.37511665 6.70367541 1.15555532
7.37513878 6.70368118 1.15555537
7.37516080 6.70368692 1.15555542
7.37518272 6.70369264 1.15555547
7.37520453 6.70369833 1.15555553
7.37522624 6.70370399 1.15555558
7.37524785 6.70370962 1.15555563
7.37526935 6.70371523 1.15555567
7.37529075 6.70372081 1.15555572
7.37531205 6.70372636 1.15555577
7.37533325 6.70373189 1.15555582
7.37535434 6.70373739 1.15555587
7.37537534 6.70374287 1.15555591
7.37539623 6.70374832 1.15555596
7.37541703 6.70375374 1.15555601
7.37543772 6.70375914 1.15555605
7.37545832 6.70376451 1.15555610
7.37547882 6.70376985 1.15555614
7.37549922 6.70377517 1.15555619
7.37551952 6.70378047 1.15555623
7.37553973 6.70378574 1.15555627
7.37555984 6.70379098 1.15555632
7.37557986 6.70379620 1.15555636
7.37559978 6.70380139 1.15555640
7.37561960 6.70380656 1.15555644
7.37563933 6.70381171 1.15555649
7.37565897 6.70381683 1.15555653
7.37567851 6.70382192 1.15555657
7.37569796 6.70382700 1.15555661
7.37571731 6.70383204 1.15555665
7.37573658 6.70383707 1.15555669
7.37575575 6.70384207 1.15555673
7.37577483 6.70384704 1.15555676
7.37579383 6.70385200 1.15555680
7.37581273 6.70385692 1.15555684
7.37583154 6.70386183 1.15555688
7.37585026 6.70386671 1.15555692
7.37586889 6.70387157 1.15555695
7.37588743 6.70387641 1.15555699
7.37590589 6.70388122 1.15555703
7.37592426 6.70388601 1.15555706
7.37594254 6.70389077 1.15555710
7.37596073 6.70389552 1.15555713
7.37597884 6.70390024 1.15555717
7.37599686 6.70390494 1.15555720
7.37601479 6.70390962 1.15555724
7.37603264 6.70391427 1.15555727
7.37605041 6.70391890 1.15555730
7.37606809 6.70392351 1.15555734
7.37608568 6.70392810 1.15555737
7.37610320 6.70393267 1.15555740
7.37612063 6.70393721 1.15555744
7.37613797 6.70394174 1.15555747
7.37615524 6.70394624 1.15555750
7.37617242 6.70395072 1.15555753
7.37618952 6.70395518 1.15555756
7.37620654 6.70395962 1.15555759
7.37622348 6.70396404 1.15555762
7.37624034 6.70396843 1.15555765
7.37625712 6.70397281 1.15555768
7.37627382 6.70397716 1.15555771
7.37629044 6.70398150 1.15555774
7.37630698 6.70398581 1.15555777
7.37632344 6.70399010 1.15555780
7.37633983 6.70399437 1.15555783
7.37635613 6.70399863 1.15555786
7.37637236 6.70400286 1.15555789
7.37638851 6.70400707 1.15555791
7.37640459 6.70401126 1.15555794
7.37642059 6.70401543 1.15555797
7.37643651 6.70401959 1.15555800
7.37645236 6.70402372 1.15555802
7.37646814 6.70402783 1.15555805
7.37648384 6.70403193 1.15555808
7.37649946 6.70403600 1.15555810
7.37651501 6.70404006 1.15555813
7.37653049 6.70404409 1.15555815
7.37654589 6.70404811 1.15555818
7.37656122 6.70405211 1.15555820
7.37657648 6.70405609 1.15555823
7.37659166 6.70406004 1.15555825
7.37660678 6.70406399 1.15555828
7.37662182 6.70406791 1.15555830
7.37663679 6.70407181 1.15555832
7.37665169 6.70407570 1.15555835
7.37666652 6.70407956 1.15555837
7.37668128 6.70408341 1.15555839
7.37669597 6.70408724 1.15555842
7.37671059 6.70409106 1.15555844
7.37672514 6.70409485 1.15555846
7.37673962 6.70409863 1.15555849
7.37675403 6.70410239 1.15555851
7.37676838 6.70410613 1.15555853
7.37678266 6.70410985 1.15555855
7.37679687 6.70411356 1.15555857
7.37681101 6.70411724 1.15555859
7.37682509 6.70412091 1.15555862
7.37683909 6.70412457 1.15555864
7.37685304 6.70412820 1.15555866
7.37686692 6.70413182 1.15555868
7.37688073 6.70413542 1.15555870
7.37689447 6.70413901 1.15555872
7.37690815 6.70414258 1.15555874
7.37692177 6.70414613 1.15555876
7.37693532 6.70414966 1.15555878
7.37694881 6.70415318 1.15555880
7.37696224 6.70415668 1.15555882
7.37697560 6.70416016 1.15555883
7.37698890 6.70416363 1.15555885
7.37700213 6.70416708 1.15555887
7.37701530 6.70417052 1.15555889
7.37702842 6.70417394 1.15555891
7.37704146 6.70417734 1.15555893
7.37705445 6.70418072 1.15555895
7.37706738 6.70418410 1.15555896
7.37708024 6.70418745 1.15555898
7.37709305 6.70419079 1.15555900
7.37710579 6.70419411 1.15555902
7.37711847 6.70419742 1.15555903
7.37713110 6.70420071 1.15555905
7.37714366 6.70420399 1.15555907
7.37715617 6.70420725 1.15555908
7.37716861 6.70421049 1.15555910
7.37718100 6.70421372 1.15555912
7.37719333 6.70421694 1.15555913
7.37720560 6.70422014 1.15555915
7.37721781 6.70422332 1.15555916
7.37722997 6.70422649 1.15555918
7.37724206 6.70422965 1.15555920
7.37725410 6.70423279 1.15555921
7.37726609 6.70423591 1.15555923
7.37727802 6.70423902 1.15555924
7.37728989 6.70424212 1.15555926
7.37730170 6.70424520 1.15555927
7.37731346 6.70424827 1.15555929
7.37732517 6.70425132 1.15555930
7.37733682 6.70425436 1.15555931
7.37734841 6.70425738 1.15555933
7.37735995 6.70426039 1.15555934
7.37737144 6.70426338 1.15555936
7.37738287 6.70426636 1.15555937
7.37739424 6.70426933 1.15555939
7.37740557 6.70427228 1.15555940
7.37741684 6.70427522 1.15555941
7.37742805 6.70427815 1.15555943
7.37743922 6.70428106 1.15555944
7.37745033 6.70428396 1.15555945
7.37746139 6.70428684 1.15555947
7.37747240 6.70428971 1.15555948
7.37748335 6.70429257 1.15555949
7.37749426 6.70429541 1.15555950
7.37750511 6.70429824 1.15555952
7.37751591 6.70430106 1.15555953
7.37752666 6.70430386 1.15555954
7.37753736 6.70430665 1.15555955
7.37754801 6.70430943 1.15555957
7.37755861 6.70431219 1.15555958
7.37756916 6.70431494 1.15555959
7.37757966 6.70431768 1.15555960
7.37759011 6.70432041 1.15555961
7.37760052 6.70432312 1.15555962
7.37761087 6.70432582 1.15555964
7.37762117 6.70432851 1.15555965
7.37763143 6.70433118 1.15555966
7.37764164 6.70433384 1.15555967
7.37765179 6.70433649 1.15555968
7.37766191 6.70433913 1.15555969
7.37767197 6.70434175 1.15555970
7.37768199 6.70434437 1.15555971
7.37769196 6.70434696 1.15555972
7.37770188 6.70434955 1.15555973
7.37771176 6.70435213 1.15555974
7.37772159 6.70435469 1.15555975
7.37773137 6.70435724 1.15555976
7.37774111 6.70435978 1.15555977
7.37775080 6.70436231 1.15555978
