4.20223927 3.73730884 0.30414632
4.20113860 3.73072995 0.30861483
4.20002832 3.72409441 0.31316053
4.19890838 3.71740209 0.31778428
4.19777876 3.71065286 0.32248690
4.19663942 3.70384663 0.32726919
4.19549035 3.69698334 0.33213188
4.19433153 3.69006295 0.33707569
4.19316295 3.68308548 0.34210128
4.19198459 3.67605095 0.34720924
4.19079646 3.66895944 0.35240013
4.18959857 3.66181107 0.35767444
4.18839091 3.65460599 0.36303259
4.18717352 3.64734439 0.36847494
4.18594641 3.64002652 0.37400177
4.18470961 3.63265265 0.37961330
4.18346316 3.62522312 0.38530965
4.18220710 3.61773830 0.39109084
4.18094149 3.61019863 0.39695684
4.17966639 3.60260459 0.40290748
4.17838186 3.59495671 0.40894252
4.17708799 3.58725557 0.41506161
4.17578485 3.57950183 0.42126426
4.17447254 3.57169620 0.42754990
4.17315117 3.56383942 0.43391784
4.17182084 3.55593233 0.44036723
4.17048167 3.54797581 0.44689714
4.16913381 3.53997081 0.45350648
4.16777739 3.53191835 0.46019403
4.16641255 3.52381949 0.46695844
4.16503947 3.51567540 0.47379820
4.16365830 3.50748726 0.48071167
4.16226924 3.49925637 0.48769707
4.16087247 3.49098406 0.49475246
4.15946819 3.48267175 0.50187575
4.15805661 3.47432092 0.50906471
4.15663797 3.46593310 0.51631696
4.15521247 3.45750992 0.52362995
4.15378037 3.44905306 0.53100100
4.15234193 3.44056424 0.53842728
4.15089738 3.43204529 0.54590581
4.14944702 3.42349808 0.55343345
4.14799111 3.41492453 0.56100696
4.14652995 3.40632665 0.56862293
4.14506383 3.39770647 0.57627782
4.14359305 3.38906611 0.58396800
4.14211793 3.38040772 0.59168967
4.14063878 3.37173352 0.59943896
4.13915594 3.36304576 0.60721188
4.13766973 3.35434674 0.61500433
4.13618050 3.34563880 0.62281215
4.13468859 3.33692433 0.63063108
4.13319435 3.32820574 0.63845680
4.13169813 3.31948548 0.64628494
4.13020029 3.31076600 0.65411106
4.12870119 3.30204982 0.66193071
4.12720119 3.29333943 0.66973940
4.12570066 3.28463735 0.67753265
4.12419996 3.27594613 0.68530595
4.12269946 3.26726830 0.69305482
4.12119952 3.25860638 0.70077481
4.11970051 3.24996291 0.70846150
4.11820279 3.24134042 0.71611051
4.11670672 3.23274139 0.72371754
4.11521266 3.22416831 0.73127834
4.11372096 3.21562366 0.73878878
4.11223198 3.20710985 0.74624479
4.11074604 3.19862928 0.75364242
4.10926350 3.19018432 0.76097783
4.10778469 3.18177729 0.76824732
4.10630993 3.17341045 0.77544732
4.10483954 3.16508603 0.78257438
4.10337383 3.15680620 0.78962522
4.10191310 3.14857308 0.79659673
4.10045765 3.14038872 0.80348592
4.09900777 3.13225511 0.81029001
4.09756372 3.12417418 0.81700636
4.09612577 3.11614778 0.82363253
4.09469419 3.10817770 0.83016623
4.09326921 3.10026566 0.83660537
4.09185107 3.09241329 0.84294804
4.09044000 3.08462216 0.84919250
4.08903621 3.07689376 0.85533720
4.08763990 3.06922950 0.86138075
4.08625127 3.06163071 0.86732195
4.08487049 3.05409865 0.87315979
4.08349775 3.04663448 0.87889340
4.08213320 3.03923931 0.88452211
4.08077699 3.03191415 0.89004537
4.07942927 3.02465994 0.89546284
4.07809015 3.01747753 0.90077429
4.07675976 3.01036772 0.90597968
4.07543822 3.00333120 0.91107906
4.07412561 2.99636862 0.91607267
4.07282203 2.98948052 0.92096084
4.07152756 2.98266741 0.92574405
4.07024228 2.97592969 0.93042289
4.06896624 2.96926772 0.93499805
4.06769950 2.96268177 0.93947033
4.06644211 2.95617208 0.94384065
4.06519410 2.94973878 0.94810999
4.06395551 2.94338198 0.95227943
4.06272637 2.93710172 0.95635011
4.06150668 2.93089798 0.96032328
4.06029647 2.92477067 0.96420022
4.05909573 2.91871969 0.96798227
4.05790446 2.91274484 0.97167085
4.05672266 2.90684592 0.97526741
4.05555032 2.90102265 0.97877343
4.05438741 2.89527473 0.98219046
4.05323392 2.88960180 0.98552005
4.05208983 2.88400348 0.98876379
4.05095509 2.87847934 0.99192330
4.04982968 2.87302892 0.99500020
4.04871355 2.86765174 0.99799614
4.04760668 2.86234727 1.00091276
4.04650901 2.85711496 1.00375174
4.04542049 2.85195424 1.00651473
4.04434108 2.84686452 1.00920339
4.04327073 2.84184516 1.01181938
4.04220938 2.83689554 1.01436435
4.04115697 2.83201498 1.01683994
4.04011345 2.82720282 1.01924779
4.03907876 2.82245835 1.02158951
4.03805284 2.81778087 1.02386670
4.03703562 2.81316967 1.02608095
4.03602705 2.80862401 1.02823383
4.03502705 2.80414314 1.03032687
4.03403557 2.79972633 1.03236161
4.03305253 2.79537281 1.03433954
4.03207788 2.79108182 1.03626215
4.03111154 2.78685259 1.03813087
4.03015345 2.78268435 1.03994715
4.02920353 2.77857632 1.04171238
4.02826174 2.77452774 1.04342793
4.02732798 2.77053780 1.04509516
4.02640221 2.76660575 1.04671538
4.02548435 2.76273080 1.04828989
4.02457432 2.75891216 1.04981994
4.02367208 2.75514908 1.05130677
4.02277754 2.75144076 1.05275160
4.02189065 2.74778644 1.05415560
4.02101133 2.74418535 1.05551993
4.02013953 2.74063673 1.05684570
4.01927516 2.73713983 1.05813402
4.01841818 2.73369387 1.05938596
4.01756851 2.73029813 1.06060255
4.01672610 2.72695185 1.06178482
4.01589087 2.72365430 1.06293376
4.01506276 2.72040474 1.06405032
4.01424172 2.71720246 1.06513545
4.01342767 2.71404674 1.06619005
4.01262057 2.71093687 1.06721503
4.01182034 2.70787214 1.06821123
4.01102693 2.70485187 1.06917951
4.01024027 2.70187537 1.07012067
4.00946032 2.69894195 1.07103552
4.00868701 2.69605095 1.07192481
4.00792028 2.69320171 1.07278931
4.00716007 2.69039357 1.07362974
4.00640634 2.68762589 1.07444681
4.00565902 2.68489803 1.07524119
4.00491806 2.68220936 1.07601357
4.00418340 2.67955926 1.07676458
4.00345499 2.67694712 1.07749486
4.00273278 2.67437234 1.07820501
4.00201671 2.67183433 1.07889563
4.00130673 2.66933250 1.07956728
4.00060280 2.66686626 1.08022053
3.99990485 2.66443507 1.08085592
3.99921284 2.66203834 1.08147397
3.99852671 2.65967554 1.08207518
3.99784643 2.65734612 1.08266005
3.99717193 2.65504954 1.08322907
3.99650318 2.65278529 1.08378269
3.99584012 2.65055283 1.08432136
3.99518270 2.64835167 1.08484551
3.99453089 2.64618130 1.08535558
3.99388463 2.64404122 1.08585197
3.99324387 2.64193096 1.08633508
3.99260858 2.63985002 1.08680529
3.99197870 2.63779796 1.08726298
3.99135419 2.63577429 1.08770850
3.99073501 2.63377857 1.08814222
3.99012112 2.63181036 1.08856447
3.98951247 2.62986920 1.08897558
3.98890901 2.62795468 1.08937587
3.98831071 2.62606635 1.08976566
3.98771753 2.62420382 1.09014523
3.98712942 2.62236666 1.09051489
3.98654634 2.62055447 1.09087492
3.98596825 2.61876686 1.09122559
3.98539511 2.61700344 1.09156716
3.98482688 2.61526382 1.09189990
3.98426352 2.61354762 1.09222406
3.98370499 2.61185448 1.09253987
3.98315126 2.61018403 1.09284758
3.98260227 2.60853592 1.09314740
3.98205801 2.60690979 1.09343957
3.98151842 2.60530530 1.09372429
3.98098347 2.60372210 1.09400177
3.98045312 2.60215987 1.09427222
3.97992734 2.60061828 1.09453583
3.97940609 2.59909700 1.09479279
3.97888933 2.59759572 1.09504328
3.97837702 2.59611413 1.09528749
3.97786914 2.59465193 1.09552558
3.97736564 2.59320880 1.09575773
3.97686649 2.59178446 1.09598409
3.97637166 2.59037862 1.09620483
3.97588111 2.58899099 1.09642010
3.97539480 2.58762130 1.09663004
3.97491270 2.58626926 1.09683481
3.97443478 2.58493461 1.09703454
3.97396101 2.58361708 1.09722936
3.97349134 2.58231642 1.09741942
3.97302575 2.58103236 1.09760483
3.97256421 2.57976465 1.09778573
3.97210668 2.57851305 1.09796223
3.97165313 2.57727731 1.09813445
3.97120353 2.57605719 1.09830250
3.97075784 2.57485246 1.09846650
3.97031604 2.57366290 1.09862656
3.96987808 2.57248826 1.09878277
3.96944395 2.57132833 1.09893523
3.96901361 2.57018289 1.09908406
3.96858703 2.56905172 1.09922933
3.96816418 2.56793461 1.09937115
3.96774503 2.56683136 1.09950961
3.96732954 2.56574176 1.09964479
3.96691770 2.56466561 1.09977677
3.96650946 2.56360271 1.09990564
3.96610480 2.56255287 1.10003149
3.96570370 2.56151589 1.10015438
3.96530611 2.56049160 1.10027440
3.96491202 2.55947980 1.10039161
3.96452139 2.55848031 1.10050609
3.96413419 2.55749296 1.10061792
3.96375040 2.55651756 1.10072714
3.96336999 2.55555396 1.10083384
3.96299294 2.55460198 1.10093808
3.96261920 2.55366145 1.10103992
3.96224876 2.55273220 1.10113941
3.96188159 2.55181409 1.10123662
3.96151767 2.55090694 1.10133161
3.96115695 2.55001062 1.10142442
3.96079943 2.54912495 1.10151513
3.96044506 2.54824979 1.10160376
3.96009383 2.54738500 1.10169039
3.95974571 2.54653042 1.10177505
3.95940068 2.54568592 1.10185780
3.95905870 2.54485136 1.10193869
3.95871975 2.54402659 1.10201775
3.95838381 2.54321148 1.10209504
3.95805086 2.54240590 1.10217059
3.95772085 2.54160971 1.10224446
3.95739378 2.54082278 1.10231667
3.95706962 2.54004500 1.10238728
3.95674834 2.53927622 1.10245632
3.95642991 2.53851634 1.10252382
3.95611432 2.53776522 1.10258983
3.95580154 2.53702275 1.10265438
3.95549155 2.53628881 1.10271750
3.95518432 2.53556329 1.10277924
3.95487983 2.53484607 1.10283961
3.95457805 2.53413704 1.10289866
3.95427897 2.53343609 1.10295642
3.95398255 2.53274311 1.10301292
3.95368879 2.53205800 1.10306818
3.95339764 2.53138064 1.10312224
3.95310910 2.53071095 1.10317513
3.95282314 2.53004881 1.10322686
3.95253974 2.52939412 1.10327748
3.95225888 2.52874679 1.10332700
3.95198052 2.52810673 1.10337545
3.95170466 2.52747382 1.10342286
3.95143127 2.52684799 1.10346925
3.95116033 2.52622914 1.10351464
3.95089182 2.52561718 1.10355906
3.95062572 2.52501201 1.10360253
3.95036200 2.52441355 1.10364507
3.95010065 2.52382172 1.10368671
3.94984165 2.52323642 1.10372745
3.94958497 2.52265758 1.10376733
3.94933059 2.52208511 1.10380637
3.94907850 2.52151893 1.10384457
3.94882868 2.52095896 1.10388197
3.94858110 2.52040511 1.10391858
3.94833575 2.51985732 1.10395442
3.94809260 2.51931550 1.10398950
3.94785164 2.51877958 1.10402384
3.94761285 2.51824949 1.10405747
3.94737621 2.51772515 1.10409039
3.94714170 2.51720649 1.10412262
3.94690930 2.51669343 1.10415417
3.94667900 2.51618592 1.10418507
3.94645077 2.51568387 1.10421533
3.94622459 2.51518722 1.10424495
3.94600046 2.51469591 1.10427396
3.94577834 2.51420986 1.10430237
3.94555823 2.51372902 1.10433019
3.94534011 2.51325331 1.10435744
3.94512395 2.51278268 1.10438412
3.94490974 2.51231707 1.10441025
3.94469747 2.51185640 1.10443585
3.94448711 2.51140063 1.10446092
3.94427865 2.51094969 1.10448547
3.94407207 2.51050352 1.10450952
3.94386736 2.51006206 1.10453308
3.94366450 2.50962526 1.10455615
3.94346347 2.50919307 1.10457875
3.94326425 2.50876542 1.10460090
3.94306684 2.50834226 1.10462259
3.94287121 2.50792354 1.10464384
3.94267735 2.50750920 1.10466466
3.94248525 2.50709920 1.10468506
3.94229488 2.50669347 1.10470504
3.94210623 2.50629198 1.10472462
3.94191929 2.50589466 1.10474380
3.94173403 2.50550148 1.10476260
3.94155046 2.50511237 1.10478101
3.94136854 2.50472730 1.10479906
3.94118828 2.50434622 1.10481674
3.94100964 2.50396907 1.10483407
3.94083262 2.50359582 1.10485105
3.94065720 2.50322641 1.10486769
3.94048337 2.50286080 1.10488399
3.94031111 2.50249896 1.10489997
3.94014042 2.50214083 1.10491563
3.93997127 2.50178636 1.10493098
3.93980365 2.50143553 1.10494602
3.93963755 2.50108829 1.10496077
3.93947295 2.50074459 1.10497522
3.93930984 2.50040439 1.10498938
3.93914821 2.50006766 1.10500326
3.93898805 2.49973436 1.10501687
3.93882933 2.49940444 1.10503020
3.93867206 2.49907786 1.10504328
3.93851621 2.49875460 1.10505609
3.93836177 2.49843461 1.10506865
3.93820873 2.49811785 1.10508097
3.93805707 2.49780429 1.10509304
3.93790679 2.49749390 1.10510487
3.93775788 2.49718662 1.10511648
3.93761031 2.49688244 1.10512785
3.93746408 2.49658132 1.10513900
3.93731917 2.49628322 1.10514993
3.93717558 2.49598810 1.10516065
3.93703329 2.49569594 1.10517116
3.93689228 2.49540671 1.10518146
3.93675256 2.49512036 1.10519156
3.93661410 2.49483687 1.10520147
3.93647690 2.49455620 1.10521118
3.93634094 2.49427833 1.10522070
3.93620621 2.49400322 1.10523004
3.93607270 2.49373085 1.10523920
3.93594041 2.49346117 1.10524818
3.93580931 2.49319417 1.10525698
3.93567940 2.49292982 1.10526562
3.93555066 2.49266808 1.10527408
3.93542310 2.49240893 1.10528239
3.93529669 2.49215233 1.10529053
3.93517142 2.49189826 1.10529851
3.93504729 2.49164670 1.10530634
3.93492429 2.49139761 1.10531402
3.93480240 2.49115098 1.10532156
3.93468161 2.49090676 1.10532894
3.93456192 2.49066494 1.10533619
3.93444331 2.49042549 1.10534329
3.93432578 2.49018838 1.10535026
3.93420931 2.48995360 1.10535710
3.93409389 2.48972111 1.10536380
3.93397953 2.48949089 1.10537038
3.93386619 2.48926291 1.10537683
3.93375389 2.48903716 1.10538316
3.93364260 2.48881360 1.10538937
3.93353232 2.48859222 1.10539545
3.93342304 2.48837299 1.10540142
3.93331474 2.48815589 1.10540728
3.93320743 2.48794090 1.10541303
3.93310109 2.48772799 1.10541867
3.93299571 2.48751714 1.10542419
3.93289129 2.48730833 1.10542962
3.93278781 2.48710155 1.10543494
3.93268527 2.48689675 1.10544016
3.93258366 2.48669394 1.10544528
3.93248296 2.48649308 1.10545031
3.93238318 2.48629416 1.10545524
3.93228430 2.48609715 1.10546007
3.93218632 2.48590203 1.10546482
3.93208922 2.48570879 1.10546947
3.93199300 2.48551741 1.10547404
3.93189765 2.48532786 1.10547852
3.93180316 2.48514014 1.10548291
3.93170953 2.48495421 1.10548723
3.93161674 2.48477005 1.10549146
3.93152480 2.48458767 1.10549561
3.93143368 2.48440702 1.10549969
3.93134339 2.48422810 1.10550368
3.93125392 2.48405089 1.10550761
3.93116525 2.48387536 1.10551145
3.93107739 2.48370151 1.10551523
3.93099032 2.48352932 1.10551894
3.93090403 2.48335877 1.10552257
3.93081853 2.48318983 1.10552614
3.93073380 2.48302250 1.10552964
3.93064984 2.48285676 1.10553308
3.93056663 2.48269260 1.10553645
3.93048418 2.48252999 1.10553976
3.93040247 2.48236892 1.10554300
3.93032149 2.48220937 1.10554619
3.93024125 2.48205134 1.10554932
3.93016174 2.48189480 1.10555239
3.93008294 2.48173974 1.10555540
3.93000485 2.48158614 1.10555835
3.92992747 2.48143399 1.10556125
3.92985079 2.48128328 1.10556410
3.92977480 2.48113399 1.10556689
3.92969949 2.48098610 1.10556963
3.92962487 2.48083961 1.10557232
3.92955092 2.48069450 1.10557496
3.92947763 2.48055075 1.10557755
3.92940501 2.48040835 1.10558010
3.92933304 2.48026728 1.10558259
3.92926172 2.48012754 1.10558504
3.92919104 2.47998912 1.10558745
3.92912100 2.47985199 1.10558981
3.92905160 2.47971614 1.10559212
3.92898281 2.47958157 1.10559440
3.92891465 2.47944825 1.10559663
3.92884710 2.47931618 1.10559882
3.92878017 2.47918535 1.10560097
3.92871383 2.47905574 1.10560308
3.92864809 2.47892733 1.10560515
3.92858295 2.47880013 1.10560718
3.92851839 2.47867411 1.10560918
3.92845441 2.47854927 1.10561114
3.92839101 2.47842559 1.10561306
3.92832818 2.47830306 1.10561495
3.92826592 2.47818167 1.10561680
3.92820421 2.47806141 1.10561862
3.92814307 2.47794227 1.10562040
3.92808247 2.47782424 1.10562216
3.92802242 2.47770730 1.10562388
3.92796290 2.47759145 1.10562557
3.92790393 2.47747667 1.10562722
3.92784548 2.47736296 1.10562885
3.92778756 2.47725030 1.10563045
3.92773016 2.47713868 1.10563202
3.92767328 2.47702810 1.10563356
3.92761691 2.47691854 1.10563507
3.92756105 2.47680999 1.10563655
3.92750568 2.47670245 1.10563801
3.92745082 2.47659590 1.10563944
3.92739645 2.47649033 1.10564084
3.92734257 2.47638574 1.10564222
3.92728917 2.47628212 1.10564357
3.92723625 2.47617945 1.10564490
3.92718381 2.47607773 1.10564620
3.92713184 2.47597694 1.10564748
3.92708033 2.47587709 1.10564874
3.92702929 2.47577815 1.10564997
3.92697870 2.47568013 1.10565118
3.92692858 2.47558300 1.10565237
3.92687890 2.47548677 1.10565354
3.92682966 2.47539142 1.10565469
3.92678087 2.47529695 1.10565581
3.92673252 2.47520335 1.10565692
3.92668460 2.47511061 1.10565800
3.92663711 2.47501872 1.10565907
3.92659005 2.47492767 1.10566011
3.92654340 2.47483745 1.10566114
3.92649718 2.47474806 1.10566215
3.92645137 2.47465950 1.10566314
3.92640598 2.47457174 1.10566411
3.92636099 2.47448479 1.10566506
3.92631640 2.47439863 1.10566600
3.92627221 2.47431326 1.10566692
3.92622842 2.47422867 1.10566782
3.92618502 2.47414486 1.10566871
3.92614201 2.47406181 1.10566958
3.92609939 2.47397952 1.10567043
3.92605715 2.47389798 1.10567127
3.92601528 2.47381718 1.10567210
3.92597380 2.47373713 1.10567291
3.92593268 2.47365780 1.10567370
3.92589193 2.47357920 1.10567448
3.92585155 2.47350131 1.10567525
3.92581152 2.47342413 1.10567600
3.92577186 2.47334766 1.10567674
3.92573255 2.47327188 1.10567747
3.92569359 2.47319679 1.10567818
3.92565499 2.47312239 1.10567888
3.92561672 2.47304866 1.10567956
3.92557880 2.47297561 1.10568024
3.92554122 2.47290321 1.10568090
3.92550398 2.47283148 1.10568155
3.92546707 2.47276040 1.10568219
3.92543048 2.47268996 1.10568282
3.92539423 2.47262016 1.10568343
3.92535830 2.47255100 1.10568404
3.92532269 2.47248246 1.10568463
3.92528740 2.47241455 1.10568521
3.92525243 2.47234725 1.10568579
3.92521776 2.47228056 1.10568635
3.92518341 2.47221448 1.10568690
3.92514937 2.47214900 1.10568744
3.92511562 2.47208411 1.10568798
3.92508218 2.47201980 1.10568850
3.92504904 2.47195608 1.10568901
3.92501620 2.47189294 1.10568952
3.92498365 2.47183036 1.10569001
3.92495139 2.47176836 1.10569050
3.92491941 2.47170691 1.10569098
3.92488773 2.47164602 1.10569145
3.92485632 2.47158568 1.10569191
3.92482520 2.47152589 1.10569236
3.92479435 2.47146663 1.10569280
3.92476378 2.47140792 1.10569324
3.92473348 2.47134973 1.10569367
3.92470346 2.47129206 1.10569409
3.92467370 2.47123492 1.10569450
3.92464420 2.47117829 1.10569491
3.92461497 2.47112218 1.10569531
3.92458600 2.47106657 1.10569570
3.92455729 2.47101146 1.10569608
3.92452883 2.47095685 1.10569646
3.92450063 2.47090273 1.10569683
3.92447268 2.47084910 1.10569719
3.92444498 2.47079595 1.10569755
3.92441753 2.47074328 1.10569790
3.92439032 2.47069108 1.10569825
3.92436335 2.47063935 1.10569859
3.92433662 2.47058809 1.10569892
3.92431013 2.47053729 1.10569925
3.92428388 2.47048695 1.10569957
3.92425786 2.47043706 1.10569988
3.92423208 2.47038762 1.10570019
3.92420652 2.47033863 1.10570050
3.92418119 2.47029007 1.10570079
3.92415609 2.47024195 1.10570109
3.92413121 2.47019426 1.10570138
3.92410655 2.47014701 1.10570166
3.92408211 2.47010017 1.10570194
3.92405789 2.47005376 1.10570221
3.92403388 2.47000776 1.10570248
3.92401009 2.46996218 1.10570274
3.92398651 2.46991700 1.10570300
3.92396314 2.46987223 1.10570325
3.92393998 2.46982786 1.10570350
3.92391702 2.46978389 1.10570375
3.92389427 2.46974032 1.10570399
3.92387172 2.46969713 1.10570422
3.92384937 2.46965433 1.10570446
3.92382722 2.46961192 1.10570468
3.92380527 2.46956989 1.10570491
3.92378351 2.46952823 1.10570513
3.92376194 2.46948694 1.10570534
3.92374057 2.46944603 1.10570556
3.92371939 2.46940548 1.10570576
3.92369839 2.46936529 1.10570597
3.92367759 2.46932547 1.10570617
3.92365696 2.46928600 1.10570637
3.92363652 2.46924688 1.10570656
3.92361627 2.46920811 1.10570675
3.92359619 2.46916969 1.10570694
3.92357629 2.46913162 1.10570712
3.92355657 2.46909388 1.10570730
3.92353702 2.46905648 1.10570748
3.92351765 2.46901942 1.10570765
3.92349845 2.46898269 1.10570782
3.92347942 2.46894628 1.10570799
3.92346055 2.46891020 1.10570816
3.92344186 2.46887445 1.10570832
3.92342333 2.46883901 1.10570848
3.92340497 2.46880389 1.10570864
3.92338677 2.46876908 1.10570879
3.92336873 2.46873459 1.10570894
3.92335085 2.46870040 1.10570909
3.92333313 2.46866651 1.10570923
3.92331557 2.46863293 1.10570938
3.92329816 2.46859965 1.10570952
3.92328091 2.46856667 1.10570966
3.92326381 2.46853397 1.10570979
3.92324686 2.46850158 1.10570992
3.92323006 2.46846947 1.10571005
3.92321341 2.46843764 1.10571018
3.92319691 2.46840610 1.10571031
3.92318056 2.46837484 1.10571043
3.92316435 2.46834386 1.10571055
3.92314829 2.46831316 1.10571067
3.92313236 2.46828273 1.10571079
3.92311658 2.46825257 1.10571091
3.92310094 2.46822268 1.10571102
3.92308544 2.46819305 1.10571113
3.92307007 2.46816369 1.10571124
3.92305484 2.46813459 1.10571135
3.92303975 2.46810575 1.10571145
3.92302479 2.46807717 1.10571156
3.92300996 2.46804884 1.10571166
3.92299526 2.46802076 1.10571176
3.92298070 2.46799294 1.10571186
3.92296626 2.46796536 1.10571195
3.92295195 2.46793802 1.10571205
3.92293777 2.46791093 1.10571214
3.92292371 2.46788408 1.10571223
3.92290978 2.46785747 1.10571232
3.92289597 2.46783110 1.10571241
3.92288229 2.46780496 1.10571250
3.92286872 2.46777905 1.10571258
3.92285528 2.46775337 1.10571267
3.92284195 2.46772792 1.10571275
3.92282874 2.46770270 1.10571283
3.92281565 2.46767770 1.10571291
3.92280268 2.46765293 1.10571299
3.92278982 2.46762837 1.10571306
3.92277707 2.46760403 1.10571314
3.92276444 2.46757991 1.10571321
3.92275192 2.46755600 1.10571328
3.92273951 2.46753231 1.10571336
3.92272721 2.46750882 1.10571343
3.92271502 2.46748555 1.10571349
3.92270293 2.46746248 1.10571356
3.92269096 2.46743961 1.10571363
3.92267909 2.46741695 1.10571369
3.92266732 2.46739449 1.10571376
3.92265566 2.46737223 1.10571382
3.92264410 2.46735016 1.10571388
3.92263265 2.46732830 1.10571394
3.92262129 2.46730662 1.10571400
3.92261004 2.46728514 1.10571406
3.92259888 2.46726385 1.10571412
3.92258783 2.46724275 1.10571418
3.92257687 2.46722183 1.10571423
3.92256601 2.46720110 1.10571429
3.92255524 2.46718056 1.10571434
3.92254457 2.46716019 1.10571439
3.92253400 2.46714001 1.10571444
3.92252351 2.46712001 1.10571449
3.92251312 2.46710018 1.10571454
3.92250283 2.46708053 1.10571459
3.92249262 2.46706105 1.10571464
3.92248250 2.46704175 1.10571469
3.92247248 2.46702261 1.10571473
3.92246254 2.46700365 1.10571478
3.92245269 2.46698485 1.10571482
3.92244293 2.46696622 1.10571487
3.92243325 2.46694776 1.10571491
3.92242366 2.46692946 1.10571495
3.92241415 2.46691132 1.10571500
3.92240473 2.46689334 1.10571504
3.92239539 2.46687553 1.10571508
3.92238613 2.46685786 1.10571512
3.92237696 2.46684036 1.10571516
3.92236787 2.46682301 1.10571519
3.92235885 2.46680582 1.10571523
3.92234992 2.46678877 1.10571527
3.92234106 2.46677188 1.10571531
3.92233229 2.46675514 1.10571534
3.92232359 2.46673854 1.10571538
3.92231497 2.46672209 1.10571541
3.92230642 2.46670579 1.10571544
3.92229795 2.46668963 1.10571548
3.92228955 2.46667362 1.10571551
3.92228123 2.46665774 1.10571554
3.92227298 2.46664201 1.10571557
3.92226481 2.46662642 1.10571560
3.92225671 2.46661096 1.10571563
3.92224868 2.46659564 1.10571566
3.92224071 2.46658046 1.10571569
3.92223282 2.46656541 1.10571572
3.92222500 2.46655049 1.10571575
3.92221725 2.46653571 1.10571578
3.92220957 2.46652106 1.10571580
3.92220195 2.46650653 1.10571583
3.92219441 2.46649214 1.10571586
3.92218693 2.46647787 1.10571588
3.92217951 2.46646372 1.10571591
3.92217216 2.46644971 1.10571593
3.92216488 2.46643581 1.10571596
3.92215765 2.46642204 1.10571598
3.92215050 2.46640840 1.10571601
3.92214340 2.46639487 1.10571603
3.92213637 2.46638146 1.10571605
3.92212940 2.46636817 1.10571607
3.92212250 2.46635500 1.10571610
3.92211565 2.46634194 1.10571612
3.92210886 2.46632900 1.10571614
3.92210214 2.46631617 1.10571616
3.92209547 2.46630346 1.10571618
3.92208886 2.46629086 1.10571620
3.92208231 2.46627837 1.10571622
3.92207582 2.46626599 1.10571624
3.92206939 2.46625372 1.10571626
3.92206301 2.46624156 1.10571628
3.92205669 2.46622950 1.10571630
3.92205042 2.46621756 1.10571632
3.92204421 2.46620571 1.10571633
3.92203805 2.46619398 1.10571635
3.92203195 2.46618234 1.10571637
3.92202590 2.46617081 1.10571638
3.92201991 2.46615938 1.10571640
3.92201397 2.46614805 1.10571642
3.92200808 2.46613683 1.10571643
3.92200224 2.46612570 1.10571645
3.92199646 2.46611466 1.10571646
3.92199072 2.46610373 1.10571648
3.92198504 2.46609289 1.10571649
3.92197940 2.46608215 1.10571651
3.92197382 2.46607151 1.10571652
3.92196828 2.46606095 1.10571654
3.92196280 2.46605049 1.10571655
3.92195736 2.46604013 1.10571657
3.92195197 2.46602985 1.10571658
3.92194663 2.46601966 1.10571659
3.92194133 2.46600957 1.10571660
3.92193608 2.46599956 1.10571662
3.92193088 2.46598965 1.10571663
3.92192572 2.46597982 1.10571664
3.92192061 2.46597007 1.10571665
3.92191555 2.46596041 1.10571667
3.92191053 2.46595084 1.10571668
3.92190555 2.46594135 1.10571669
3.92190062 2.46593195 1.10571670
3.92189573 2.46592263 1.10571671
3.92189088 2.46591339 1.10571672
3.92188608 2.46590423 1.10571673
3.92188131 2.46589515 1.10571674
3.92187659 2.46588616 1.10571675
3.92187192 2.46587724 1.10571676
