4.01139408 0.71923381 0.07572817
4.00898523 0.71889580 0.07632171
4.00656116 0.71855566 0.07692279
4.00412172 0.71821334 0.07753153
4.00166675 0.71786884 0.07814805
3.99919609 0.71752213 0.07877249
3.99670956 0.71717318 0.07940497
3.99420701 0.71682198 0.08004565
3.99168826 0.71646849 0.08069466
3.98915314 0.71611270 0.08135213
3.98660148 0.71575459 0.08201823
3.98403311 0.71539412 0.08269309
3.98144784 0.71503126 0.08337686
3.97884549 0.71466601 0.08406971
3.97622589 0.71429833 0.08477179
3.97358884 0.71392818 0.08548327
3.97093415 0.71355556 0.08620430
3.96826164 0.71318043 0.08693506
3.96557111 0.71280276 0.08767571
3.96286237 0.71242252 0.08842644
3.96013522 0.71203970 0.08918742
3.95738945 0.71165425 0.08995883
3.95462486 0.71126616 0.09074087
3.95184124 0.71087538 0.09153372
3.94903839 0.71048190 0.09233758
3.94621609 0.71008569 0.09315264
3.94337413 0.70968670 0.09397911
3.94051229 0.70928492 0.09481720
3.93763034 0.70888030 0.09566712
3.93472806 0.70847283 0.09652909
3.93180523 0.70806246 0.09740332
3.92886161 0.70764917 0.09829004
3.92589698 0.70723292 0.09918948
3.92291108 0.70681368 0.10010189
3.91990369 0.70639141 0.10102749
3.91687456 0.70596608 0.10196654
3.91382344 0.70553766 0.10291928
3.91075008 0.70510611 0.10388598
3.90765423 0.70467140 0.10486690
3.90453564 0.70423349 0.10586229
3.90139403 0.70379234 0.10687244
3.89822916 0.70334791 0.10789763
3.89504075 0.70290017 0.10893815
3.89182853 0.70244909 0.10999427
3.88859222 0.70199461 0.11106631
3.88533156 0.70153671 0.11215457
3.88204625 0.70107534 0.11325935
3.87873601 0.70061047 0.11438098
3.87540056 0.70014204 0.11551979
3.87203959 0.69967003 0.11667609
3.86865282 0.69919439 0.11785024
3.86523994 0.69871507 0.11904259
3.86180065 0.69823204 0.12025347
3.85833464 0.69774526 0.12148327
3.85484159 0.69725467 0.12273234
3.85132120 0.69676023 0.12400106
3.84777314 0.69626190 0.12528983
3.84419709 0.69575964 0.12659903
3.84059272 0.69525339 0.12792908
3.83695969 0.69474311 0.12928037
3.83329768 0.69422875 0.13065333
3.82960633 0.69371027 0.13204840
3.82588532 0.69318762 0.13346600
3.82213428 0.69266074 0.13490660
3.81835287 0.69212960 0.13637064
3.81454072 0.69159413 0.13785859
3.81069749 0.69105429 0.13937094
3.80682280 0.69051002 0.14090817
3.80291629 0.68996129 0.14247077
3.79897758 0.68940802 0.14405926
3.79500630 0.68885017 0.14567416
3.79100206 0.68828769 0.14731599
3.78696449 0.68772052 0.14898530
3.78289319 0.68714861 0.15068264
3.77878776 0.68657191 0.15240857
3.77464783 0.68599034 0.15416366
3.77047297 0.68540387 0.15594851
3.76626280 0.68481244 0.15776371
3.76201690 0.68421598 0.15960988
3.75773486 0.68361444 0.16148763
3.75341627 0.68300776 0.16339759
3.74906070 0.68239588 0.16534042
3.74466775 0.68177875 0.16731678
3.74023698 0.68115630 0.16932733
3.73576797 0.68052847 0.17137276
3.73126029 0.67989521 0.17345377
3.72671350 0.67925645 0.17557106
3.72212717 0.67861213 0.17772536
3.71750086 0.67796219 0.17991741
3.71283414 0.67730657 0.18214794
3.70812655 0.67664520 0.18441773
3.70337766 0.67597803 0.18672755
3.69858702 0.67530499 0.18907817
3.69375418 0.67462602 0.19147041
3.68887870 0.67394105 0.19390507
3.68396013 0.67325003 0.19638297
3.67899802 0.67255288 0.19890495
3.67399191 0.67184956 0.20147187
3.66894138 0.67113998 0.20408457
3.66384595 0.67042410 0.20674393
3.65870519 0.66970185 0.20945083
3.65351866 0.66897316 0.21220616
3.64828590 0.66823798 0.21501083
3.64300649 0.66749623 0.21786575
3.63767997 0.66674787 0.22077185
3.63230592 0.66599283 0.22373004
3.62688390 0.66523104 0.22674128
3.62141349 0.66446245 0.22980651
3.61589426 0.66368701 0.23292668
3.61032581 0.66290464 0.23610275
3.60470772 0.66211530 0.23933569
3.59903958 0.66131892 0.24262646
3.59332102 0.66051546 0.24597604
3.58755164 0.65970485 0.24938539
3.58173106 0.65888705 0.25285548
3.57585892 0.65806201 0.25638730
3.56993487 0.65722967 0.25998181
3.56395857 0.65638998 0.26363996
3.55792968 0.65554291 0.26736273
3.55184790 0.65468840 0.27115107
3.54571292 0.65382642 0.27500590
3.53952446 0.65295692 0.27892818
3.53328226 0.65207987 0.28291880
3.52698607 0.65119523 0.28697868
3.52063566 0.65030298 0.29110869
3.51423084 0.64940308 0.29530970
3.50777140 0.64849550 0.29958255
3.50125721 0.64758023 0.30392804
3.49468813 0.64665725 0.30834697
3.48806404 0.64572653 0.31284007
3.48138487 0.64478808 0.31740807
3.47465057 0.64384188 0.32205164
3.46786112 0.64288794 0.32677141
3.46101654 0.64192624 0.33156797
3.45411688 0.64095681 0.33644187
3.44716222 0.63997965 0.34139357
3.44015269 0.63899478 0.34642351
3.43308844 0.63800222 0.35153206
3.42596969 0.63700200 0.35671951
3.41879667 0.63599416 0.36198609
3.41156968 0.63497874 0.36733195
3.40428905 0.63395578 0.37275717
3.39695516 0.63292534 0.37826173
3.38956846 0.63188748 0.38384556
3.38212942 0.63084227 0.38950844
3.37463858 0.62978978 0.39525010
3.36709654 0.62873009 0.40107015
3.35950393 0.62766330 0.40696809
3.35186146 0.62658951 0.41294332
3.34416991 0.62550883 0.41899512
3.33643008 0.62442136 0.42512265
3.32864287 0.62332723 0.43132494
3.32080922 0.62222659 0.43760092
3.31293015 0.62111956 0.44394935
3.30500673 0.62000630 0.45036890
3.29704010 0.61888698 0.45685806
3.28903148 0.61776176 0.46341521
3.28098213 0.61663081 0.47003858
3.27289341 0.61549434 0.47672625
3.26476672 0.61435254 0.48347616
3.25660355 0.61320561 0.49028611
3.24840544 0.61205378 0.49715373
3.24017400 0.61089727 0.50407654
3.23191093 0.60973632 0.51105189
3.22361797 0.60857117 0.51807697
3.21529694 0.60740208 0.52514886
3.20694971 0.60622931 0.53226448
3.19857824 0.60505314 0.53942061
3.19018453 0.60387385 0.54661390
3.18177065 0.60269173 0.55384088
3.17333873 0.60150708 0.56109794
3.16489093 0.60032021 0.56838136
3.15642951 0.59913142 0.57568730
3.14795675 0.59794105 0.58301184
3.13947498 0.59674941 0.59035092
3.13098658 0.59555685 0.59770043
3.12249397 0.59436371 0.60505616
3.11399962 0.59317032 0.61241385
3.10550600 0.59197704 0.61976915
3.09701566 0.59078423 0.62711769
3.08853113 0.58959224 0.63445506
3.08005499 0.58840144 0.64177679
3.07158983 0.58721218 0.64907845
3.06313824 0.58602484 0.65635558
3.05470285 0.58483978 0.66360371
3.04628625 0.58365736 0.67081843
3.03789106 0.58247797 0.67799536
3.02951989 0.58130195 0.68513014
3.02117533 0.58012968 0.69221850
3.01285996 0.57896151 0.69925622
3.00457634 0.57779782 0.70623919
2.99632699 0.57663894 0.71316337
2.98811443 0.57548525 0.72002485
2.97994111 0.57433707 0.72681981
2.97180947 0.57319476 0.73354457
2.96372188 0.57205864 0.74019559
2.95568069 0.57092905 0.74676948
2.94768818 0.56980631 0.75326299
2.93974657 0.56869072 0.75967303
2.93185804 0.56758260 0.76599668
2.92402470 0.56648225 0.77223120
2.91624857 0.56538994 0.77837401
2.90853164 0.56430595 0.78442273
2.90087580 0.56323056 0.79037515
2.89328289 0.56216401 0.79622924
2.88575465 0.56110656 0.80198319
2.87829274 0.56005844 0.80763533
2.87089878 0.55901987 0.81318421
2.86357427 0.55799106 0.81862857
2.85632063 0.55697222 0.82396731
2.84913922 0.55596354 0.82919953
2.84203129 0.55496519 0.83432451
2.83499804 0.55397734 0.83934170
2.82804056 0.55300014 0.84425072
2.82115985 0.55203373 0.84905136
2.81435686 0.55107825 0.85374358
2.80763243 0.55013382 0.85832747
2.80098732 0.54920053 0.86280329
2.79442223 0.54827850 0.86717146
2.78793775 0.54736780 0.87143249
2.78153443 0.54646851 0.87558706
2.77521270 0.54558069 0.87963596
2.76897295 0.54470439 0.88358009
2.76281549 0.54383966 0.88742046
2.75674054 0.54298653 0.89115819
2.75074828 0.54214503 0.89479450
2.74483879 0.54131515 0.89833067
2.73901213 0.54049693 0.90176809
2.73326824 0.53969033 0.90510820
2.72760706 0.53889537 0.90835252
2.72202842 0.53811200 0.91150263
2.71653214 0.53734021 0.91456015
2.71111794 0.53657996 0.91752676
2.70578553 0.53583120 0.92040418
2.70053456 0.53509389 0.92319416
2.69536461 0.53436797 0.92589848
2.69027526 0.53365338 0.92851895
2.68526600 0.53295004 0.93105739
2.68033633 0.53225789 0.93351563
2.67548567 0.53157685 0.93589553
2.67071344 0.53090682 0.93819894
2.66601900 0.53024773 0.94042772
2.66140170 0.52959948 0.94258371
2.65686086 0.52896198 0.94466876
2.65239575 0.52833512 0.94668472
2.64800566 0.52771880 0.94863339
2.64368982 0.52711292 0.95051660
2.63944745 0.52651736 0.95233614
2.63527775 0.52593201 0.95409377
2.63117993 0.52535677 0.95579125
2.62715314 0.52479150 0.95743030
2.62319655 0.52423610 0.95901264
2.61930931 0.52369045 0.96053992
2.61549054 0.52315441 0.96201379
2.61173939 0.52262788 0.96343588
2.60805497 0.52211072 0.96480776
2.60443639 0.52160282 0.96613099
2.60088277 0.52110404 0.96740709
2.59739320 0.52061427 0.96863756
2.59396680 0.52013336 0.96982384
2.59060265 0.51966121 0.97096736
2.58729987 0.51919767 0.97206951
2.58405754 0.51874263 0.97313165
2.58087477 0.51829596 0.97415509
2.57775066 0.51785753 0.97514112
2.57468431 0.51742721 0.97609100
2.57167483 0.51700489 0.97700595
2.56872134 0.51659042 0.97788714
2.56582294 0.51618370 0.97873575
2.56297875 0.51578460 0.97955289
2.56018791 0.51539298 0.98033964
2.55744954 0.51500874 0.98109706
2.55476279 0.51463175 0.98182619
2.55212680 0.51426189 0.98252801
2.54954071 0.51389904 0.98320349
2.54700370 0.51354309 0.98385357
2.54451493 0.51319391 0.98447914
2.54207357 0.51285139 0.98508110
2.53967882 0.51251541 0.98566028
2.53732987 0.51218587 0.98621751
2.53502591 0.51186265 0.98675359
2.53276617 0.51154564 0.98726927
2.53054987 0.51123472 0.98776532
2.52837623 0.51092980 0.98824245
2.52624450 0.51063077 0.98870134
2.52415394 0.51033752 0.98914268
2.52210379 0.51004994 0.98956711
2.52009333 0.50976794 0.98997526
2.51812186 0.50949141 0.99036774
2.51618864 0.50922026 0.99074512
2.51429299 0.50895438 0.99110797
2.51243423 0.50869368 0.99145684
2.51061166 0.50843806 0.99179225
2.50882463 0.50818743 0.99211470
2.50707247 0.50794170 0.99242469
2.50535454 0.50770077 0.99272268
2.50367020 0.50746456 0.99300913
2.50201882 0.50723298 0.99328448
2.50039979 0.50700594 0.99354914
2.49881249 0.50678336 0.99380352
2.49725634 0.50656515 0.99404802
2.49573074 0.50635123 0.99428301
2.49423512 0.50614151 0.99450886
2.49276890 0.50593593 0.99472591
2.49133153 0.50573439 0.99493450
2.48992245 0.50553683 0.99513496
2.48854114 0.50534316 0.99532759
2.48718705 0.50515332 0.99551271
2.48585967 0.50496722 0.99569059
2.48455849 0.50478481 0.99586152
2.48328299 0.50460599 0.99602577
2.48203270 0.50443072 0.99618359
2.48080711 0.50425891 0.99633524
2.47960575 0.50409050 0.99648094
2.47842816 0.50392543 0.99662094
2.47727388 0.50376363 0.99675545
2.47614245 0.50360504 0.99688469
2.47503343 0.50344959 0.99700885
2.47394638 0.50329723 0.99712815
2.47288088 0.50314789 0.99724276
2.47183651 0.50300152 0.99735287
2.47081285 0.50285805 0.99745866
2.46980951 0.50271743 0.99756029
2.46882608 0.50257961 0.99765792
2.46786217 0.50244453 0.99775172
2.46691740 0.50231213 0.99784182
2.46599141 0.50218236 0.99792838
2.46508381 0.50205518 0.99801154
2.46419425 0.50193053 0.99809142
2.46332238 0.50180836 0.99816816
2.46246785 0.50168862 0.99824188
2.46163031 0.50157127 0.99831269
2.46080943 0.50145626 0.99838071
2.46000489 0.50134353 0.99844606
2.45921635 0.50123305 0.99850883
2.45844352 0.50112478 0.99856912
2.45768607 0.50101866 0.99862704
2.45694371 0.50091466 0.99868267
2.45621612 0.50081273 0.99873611
2.45550304 0.50071284 0.99878744
2.45480416 0.50061494 0.99883674
2.45411920 0.50051899 0.99888410
2.45344790 0.50042496 0.99892959
2.45278998 0.50033280 0.99897329
2.45214517 0.50024248 0.99901526
2.45151321 0.50015397 0.99905558
2.45089386 0.50006722 0.99909430
2.45028686 0.49998220 0.99913149
2.44969196 0.49989889 0.99916722
2.44910893 0.49981723 0.99920153
2.44853753 0.49973721 0.99923449
2.44797753 0.49965879 0.99926614
2.44742871 0.49958193 0.99929655
2.44689083 0.49950661 0.99932575
2.44636369 0.49943279 0.99935380
2.44584707 0.49936045 0.99938074
2.44534076 0.49928955 0.99940662
2.44484456 0.49922007 0.99943147
2.44435826 0.49915198 0.99945535
2.44388167 0.49908526 0.99947827
2.44341459 0.49901986 0.99950030
2.44295684 0.49895577 0.99952145
2.44250823 0.49889297 0.99954176
2.44206858 0.49883142 0.99956127
2.44163771 0.49877110 0.99958001
2.44121545 0.49871198 0.99959801
2.44080162 0.49865405 0.99961530
2.44039605 0.49859728 0.99963190
2.43999858 0.49854164 0.99964785
2.43960906 0.49848712 0.99966316
2.43922731 0.49843369 0.99967787
2.43885320 0.49838132 0.99969200
2.43848655 0.49833000 0.99970557
2.43812723 0.49827971 0.99971860
2.43777509 0.49823043 0.99973112
2.43742999 0.49818213 0.99974314
2.43709178 0.49813480 0.99975469
2.43676033 0.49808842 0.99976578
2.43643551 0.49804296 0.99977643
2.43611717 0.49799841 0.99978666
2.43580520 0.49795476 0.99979648
2.43549946 0.49791197 0.99980591
2.43519983 0.49787005 0.99981498
2.43490619 0.49782896 0.99982368
2.43461841 0.49778870 0.99983204
2.43433639 0.49774924 0.99984007
2.43406001 0.49771057 0.99984778
2.43378915 0.49767267 0.99985518
2.43352371 0.49763554 0.99986230
2.43326357 0.49759914 0.99986913
2.43300863 0.49756348 0.99987569
2.43275878 0.49752853 0.99988199
2.43251393 0.49749427 0.99988804
2.43227398 0.49746071 0.99989385
2.43203882 0.49742781 0.99989943
2.43180836 0.49739558 0.99990479
2.43158252 0.49736399 0.99990994
2.43136118 0.49733303 0.99991489
2.43114427 0.49730269 0.99991964
2.43093170 0.49727296 0.99992420
2.43072337 0.49724383 0.99992858
2.43051922 0.49721527 0.99993278
2.43031914 0.49718729 0.99993683
2.43012306 0.49715987 0.99994071
2.42993091 0.49713300 0.99994443
2.42974259 0.49710667 0.99994801
2.42955804 0.49708086 0.99995145
2.42937718 0.49705557 0.99995475
2.42919994 0.49703079 0.99995792
2.42902624 0.49700650 0.99996097
2.42885601 0.49698270 0.99996389
2.42868919 0.49695937 0.99996670
2.42852570 0.49693652 0.99996940
2.42836549 0.49691412 0.99997199
2.42820847 0.49689217 0.99997448
2.42805460 0.49687065 0.99997687
2.42790380 0.49684957 0.99997916
2.42775602 0.49682891 0.99998137
2.42761119 0.49680867 0.99998349
2.42746926 0.49678883 0.99998552
2.42733016 0.49676939 0.99998747
2.42719385 0.49675033 0.99998935
2.42706026 0.49673166 0.99999115
2.42692935 0.49671336 0.99999288
2.42680105 0.49669543 0.99999454
2.42667532 0.49667786 0.99999614
2.42655210 0.49666064 0.99999767
2.42643135 0.49664376 0.99999914
2.42631301 0.49662723 1.00000055
2.42619703 0.49661102 1.00000191
2.42608338 0.49659514 1.00000321
2.42597200 0.49657957 1.00000447
2.42586285 0.49656432 1.00000567
2.42575588 0.49654937 1.00000682
2.42565104 0.49653472 1.00000793
2.42554831 0.49652037 1.00000900
2.42544763 0.49650630 1.00001002
2.42534896 0.49649252 1.00001100
2.42525227 0.49647901 1.00001195
2.42515751 0.49646577 1.00001285
2.42506464 0.49645280 1.00001372
2.42497363 0.49644008 1.00001456
2.42488444 0.49642762 1.00001536
2.42479704 0.49641541 1.00001613
2.42471138 0.49640345 1.00001687
2.42462744 0.49639172 1.00001759
2.42454517 0.49638023 1.00001827
2.42446455 0.49636897 1.00001893
2.42438554 0.49635794 1.00001956
2.42430812 0.49634712 1.00002016
2.42423224 0.49633652 1.00002074
2.42415787 0.49632614 1.00002130
2.42408500 0.49631596 1.00002184
2.42401358 0.49630599 1.00002235
2.42394359 0.49629621 1.00002284
2.42387500 0.49628663 1.00002332
2.42380779 0.49627725 1.00002378
2.42374191 0.49626805 1.00002421
2.42367736 0.49625904 1.00002463
2.42361409 0.49625020 1.00002504
2.42355209 0.49624154 1.00002543
2.42349133 0.49623306 1.00002580
2.42343178 0.49622475 1.00002616
2.42337343 0.49621660 1.00002650
2.42331624 0.49620862 1.00002683
2.42326020 0.49620079 1.00002715
2.42320528 0.49619313 1.00002745
2.42315145 0.49618561 1.00002774
2.42309870 0.49617825 1.00002803
2.42304701 0.49617103 1.00002829
2.42299635 0.49616396 1.00002855
2.42294671 0.49615703 1.00002880
2.42289805 0.49615024 1.00002904
2.42285037 0.49614359 1.00002927
2.42280365 0.49613706 1.00002949
2.42275785 0.49613067 1.00002970
2.42271298 0.49612441 1.00002991
2.42266900 0.49611827 1.00003010
2.42262590 0.49611226 1.00003029
2.42258366 0.49610636 1.00003047
2.42254227 0.49610059 1.00003064
2.42250170 0.49609493 1.00003081
2.42246195 0.49608938 1.00003097
2.42242299 0.49608394 1.00003112
2.42238481 0.49607861 1.00003127
2.42234740 0.49607339 1.00003141
2.42231073 0.49606828 1.00003154
2.42227479 0.49606326 1.00003168
2.42223958 0.49605835 1.00003180
2.42220507 0.49605354 1.00003192
2.42217124 0.49604882 1.00003204
2.42213810 0.49604419 1.00003215
2.42210562 0.49603966 1.00003225
2.42207378 0.49603522 1.00003236
2.42204259 0.49603087 1.00003245
2.42201202 0.49602661 1.00003255
2.42198206 0.49602243 1.00003264
2.42195269 0.49601833 1.00003273
2.42192392 0.49601432 1.00003281
2.42189572 0.49601039 1.00003289
2.42186809 0.49600653 1.00003297
2.42184101 0.49600275 1.00003304
2.42181446 0.49599905 1.00003311
2.42178845 0.49599543 1.00003318
2.42176297 0.49599187 1.00003325
2.42173799 0.49598839 1.00003331
2.42171351 0.49598497 1.00003337
2.42168951 0.49598163 1.00003343
2.42166600 0.49597835 1.00003348
2.42164296 0.49597514 1.00003354
2.42162038 0.49597199 1.00003359
2.42159826 0.49596890 1.00003364
2.42157657 0.49596588 1.00003368
2.42155532 0.49596292 1.00003373
2.42153449 0.49596001 1.00003377
2.42151408 0.49595717 1.00003382
2.42149408 0.49595438 1.00003386
2.42147448 0.49595165 1.00003390
2.42145526 0.49594897 1.00003393
2.42143644 0.49594634 1.00003397
2.42141799 0.49594377 1.00003400
2.42139991 0.49594125 1.00003404
2.42138219 0.49593878 1.00003407
2.42136482 0.49593636 1.00003410
2.42134781 0.49593399 1.00003413
2.42133113 0.49593167 1.00003416
2.42131479 0.49592939 1.00003418
2.42129877 0.49592716 1.00003421
2.42128307 0.49592497 1.00003423
2.42126769 0.49592283 1.00003426
2.42125262 0.49592072 1.00003428
2.42123784 0.49591867 1.00003430
2.42122337 0.49591665 1.00003432
2.42120918 0.49591467 1.00003434
2.42119527 0.49591273 1.00003436
2.42118165 0.49591084 1.00003438
2.42116829 0.49590897 1.00003440
2.42115521 0.49590715 1.00003442
2.42114238 0.49590536 1.00003443
2.42112981 0.49590361 1.00003445
2.42111749 0.49590190 1.00003446
2.42110542 0.49590022 1.00003448
2.42109359 0.49589857 1.00003449
2.42108200 0.49589695 1.00003451
2.42107064 0.49589537 1.00003452
2.42105951 0.49589382 1.00003453
2.42104859 0.49589230 1.00003454
2.42103790 0.49589081 1.00003456
2.42102742 0.49588935 1.00003457
2.42101715 0.49588792 1.00003458
2.42100709 0.49588652 1.00003459
