4.01472154 4.27433901 0.48187984
4.01884972 4.28089638 0.48790175
4.02298951 4.28750046 0.49399435
4.02714040 4.29415002 0.50015600
4.03130182 4.30084378 0.50638489
4.03547319 4.30758036 0.51267908
4.03965388 4.31435834 0.51903647
4.04384326 4.32117623 0.52545480
4.04804062 4.32803249 0.53193167
4.05224527 4.33492549 0.53846453
4.05645646 4.34185358 0.54505068
4.06067342 4.34881500 0.55168726
4.06489534 4.35580796 0.55837129
4.06912140 4.36283063 0.56509962
4.07335073 4.36988107 0.57186898
4.07758244 4.37695734 0.57867597
4.08181562 4.38405742 0.58551706
4.08604932 4.39117925 0.59238859
4.09028259 4.39832071 0.59928680
4.09451444 4.40547965 0.60620782
4.09874384 4.41265388 0.61314767
4.10296978 4.41984114 0.62010230
4.10719119 4.42703919 0.62706757
4.11140702 4.43424570 0.63403925
4.11561618 4.44145835 0.64101310
4.11981757 4.44867478 0.64798478
4.12401009 4.45589261 0.65494994
4.12819261 4.46310945 0.66190420
4.13236400 4.47032290 0.66884317
4.13652315 4.47753053 0.67576244
4.14066891 4.48472992 0.68265764
4.14480014 4.49191866 0.68952440
4.14891571 4.49909433 0.69635840
4.15301450 4.50625452 0.70315534
4.15709536 4.51339683 0.70991102
4.16115719 4.52051890 0.71662129
4.16519887 4.52761836 0.72328207
4.16921930 4.53469288 0.72988941
4.17321741 4.54174016 0.73643942
4.17719214 4.54875794 0.74292837
4.18114242 4.55574399 0.74935263
4.18506723 4.56269611 0.75570870
4.18896558 4.56961218 0.76199323
4.19283648 4.57649009 0.76820302
4.19667897 4.58332780 0.77433503
4.20049214 4.59012333 0.78038638
4.20427507 4.59687475 0.78635435
4.20802691 4.60358018 0.79223641
4.21174682 4.61023783 0.79803018
4.21543399 4.61684595 0.80373348
4.21908767 4.62340286 0.80934431
4.22270711 4.62990697 0.81486083
4.22629163 4.63635674 0.82028141
4.22984055 4.64275070 0.82560459
4.23335327 4.64908747 0.83082909
4.23682918 4.65536572 0.83595380
4.24026775 4.66158421 0.84097781
4.24366846 4.66774178 0.84590036
4.24703085 4.67383733 0.85072087
4.25035448 4.67986984 0.85543893
4.25363896 4.68583835 0.86005428
4.25688392 4.69174201 0.86456682
4.26008906 4.69758000 0.86897661
4.26325408 4.70335160 0.87328384
4.26637875 4.70905616 0.87748884
4.26946285 4.71469308 0.88159209
4.27250620 4.72026185 0.88559416
4.27550868 4.72576202 0.88949577
4.27847016 4.73119319 0.89329775
4.28139059 4.73655506 0.89700101
4.28426991 4.74184735 0.90060658
4.28710812 4.74706988 0.90411557
4.28990523 4.75222250 0.90752919
4.29266130 4.75730513 0.91084871
4.29537641 4.76231774 0.91407548
4.29805065 4.76726036 0.91721091
4.30068416 4.77213306 0.92025646
4.30327709 4.77693597 0.92321367
4.30582963 4.78166926 0.92608409
4.30834196 4.78633313 0.92886934
4.31081431 4.79092786 0.93157105
4.31324693 4.79545374 0.93419090
4.31564008 4.79991111 0.93673058
4.31799403 4.80430033 0.93919181
4.32030909 4.80862182 0.94157631
4.32258556 4.81287602 0.94388582
4.32482377 4.81706339 0.94612208
4.32702408 4.82118444 0.94828685
4.32918682 4.82523969 0.95038187
4.33131237 4.82922969 0.95240888
4.33340110 4.83315502 0.95436962
4.33545341 4.83701626 0.95626581
4.33746969 4.84081404 0.95809915
4.33945035 4.84454898 0.95987134
4.34139580 4.84822174 0.96158407
4.34330646 4.85183297 0.96323898
4.34518275 4.85538337 0.96483771
4.34702512 4.85887361 0.96638187
4.34883399 4.86230440 0.96787304
4.35060981 4.86567644 0.96931280
4.35235302 4.86899047 0.97070267
4.35406406 4.87224721 0.97204415
4.35574339 4.87544738 0.97333873
4.35739146 4.87859173 0.97458784
4.35900871 4.88168100 0.97579291
4.36059561 4.88471593 0.97695532
4.36215260 4.88769728 0.97807643
4.36368012 4.89062580 0.97915754
4.36517865 4.89350222 0.98019997
4.36664862 4.89632732 0.98120496
4.36809048 4.89910182 0.98217374
4.36950469 4.90182649 0.98310751
4.37089168 4.90450207 0.98400744
4.37225189 4.90712930 0.98487465
4.37358578 4.90970892 0.98571025
4.37489377 4.91224168 0.98651531
4.37617629 4.91472830 0.98729088
4.37743378 4.91716951 0.98803796
4.37866666 4.91956603 0.98875754
4.37987536 4.92191859 0.98945056
4.38106029 4.92422789 0.99011796
4.38222187 4.92649465 0.99076063
4.38336050 4.92871955 0.99137944
4.38447660 4.93090330 0.99197523
4.38557056 4.93304658 0.99254882
4.38664278 4.93515007 0.99310099
4.38769365 4.93721444 0.99363252
4.38872356 4.93924036 0.99414414
4.38973288 4.94122849 0.99463657
4.39072200 4.94317947 0.99511049
4.39169129 4.94509394 0.99556659
4.39264111 4.94697254 0.99600551
4.39357183 4.94881590 0.99642786
4.39448380 4.95062463 0.99683427
4.39537737 4.95239934 0.99722530
4.39625289 4.95414063 0.99760153
4.39711069 4.95584909 0.99796350
4.39795113 4.95752532 0.99831174
4.39877451 4.95916988 0.99864675
4.39958118 4.96078334 0.99896902
4.40037145 4.96236626 0.99927903
4.40114564 4.96391920 0.99957723
4.40190405 4.96544269 0.99986406
4.40264699 4.96693727 1.00013995
4.40337477 4.96840347 1.00040531
4.40408767 4.96984180 1.00066052
4.40478598 4.97125278 1.00090598
4.40547000 4.97263690 1.00114204
4.40614000 4.97399466 1.00136907
4.40679625 4.97532655 1.00158739
4.40743903 4.97663304 1.00179735
4.40806860 4.97791460 1.00199925
4.40868523 4.97917169 1.00219340
4.40928916 4.98040478 1.00238010
4.40988066 4.98161430 1.00255962
4.41045997 4.98280069 1.00273224
4.41102733 4.98396439 1.00289822
4.41158297 4.98510582 1.00305781
4.41212715 4.98622540 1.00321127
4.41266007 4.98732353 1.00335881
4.41318198 4.98840062 1.00350067
4.41369309 4.98945707 1.00363706
4.41419362 4.99049327 1.00376819
4.41468377 4.99150958 1.00389427
4.41516377 4.99250640 1.00401548
4.41563382 4.99348409 1.00413201
4.41609411 4.99444301 1.00424405
4.41654484 4.99538351 1.00435176
4.41698621 4.99630595 1.00445531
4.41741842 4.99721066 1.00455486
4.41784163 4.99809799 1.00465056
4.41825604 4.99896827 1.00474257
4.41866183 4.99982181 1.00483102
4.41905917 5.00065893 1.00491604
4.41944824 5.00147996 1.00499778
4.41982920 5.00228519 1.00507636
4.42020221 5.00307493 1.00515190
4.42056745 5.00384947 1.00522451
4.42092507 5.00460910 1.00529432
4.42127523 5.00535411 1.00536142
4.42161808 5.00608477 1.00542592
4.42195376 5.00680137 1.00548793
4.42228243 5.00750417 1.00554754
4.42260424 5.00819343 1.00560484
4.42291932 5.00886941 1.00565992
4.42322780 5.00953237 1.00571286
4.42352984 5.01018256 1.00576376
4.42382555 5.01082022 1.00581268
4.42411507 5.01144560 1.00585970
4.42439853 5.01205892 1.00590491
4.42467606 5.01266042 1.00594836
4.42494776 5.01325033 1.00599013
4.42521378 5.01382887 1.00603028
4.42547421 5.01439625 1.00606887
4.42572919 5.01495270 1.00610597
4.42597882 5.01549842 1.00614163
4.42622321 5.01603361 1.00617591
4.42646247 5.01655849 1.00620886
4.42669670 5.01707325 1.00624053
4.42692602 5.01757808 1.00627097
4.42715053 5.01807318 1.00630024
4.42737031 5.01855873 1.00632836
4.42758548 5.01903491 1.00635540
4.42779612 5.01950192 1.00638139
4.42800234 5.01995991 1.00640637
4.42820422 5.02040908 1.00643039
4.42840185 5.02084958 1.00645347
4.42859533 5.02128158 1.00647565
4.42878473 5.02170526 1.00649698
4.42897015 5.02212076 1.00651748
4.42915166 5.02252824 1.00653718
4.42932935 5.02292787 1.00655613
4.42950330 5.02331979 1.00657433
4.42967359 5.02370415 1.00659183
4.42984028 5.02408110 1.00660865
4.43000347 5.02445078 1.00662482
4.43016321 5.02481333 1.00664036
4.43031958 5.02516888 1.00665530
4.43047266 5.02551758 1.00666966
4.43062251 5.02585955 1.00668347
4.43076920 5.02619492 1.00669674
4.43091279 5.02652383 1.00670949
4.43105335 5.02684639 1.00672175
4.43119094 5.02716274 1.00673353
4.43132563 5.02747298 1.00674486
4.43145748 5.02777723 1.00675575
4.43158654 5.02807562 1.00676621
4.43171287 5.02836826 1.00677627
4.43183653 5.02865525 1.00678594
4.43195758 5.02893671 1.00679524
4.43207607 5.02921273 1.00680417
4.43219206 5.02948344 1.00681276
4.43230559 5.02974893 1.00682102
4.43241673 5.03000929 1.00682895
4.43252551 5.03026464 1.00683658
4.43263199 5.03051506 1.00684391
4.43273621 5.03076065 1.00685096
4.43283824 5.03100151 1.00685774
4.43293810 5.03123772 1.00686425
4.43303584 5.03146938 1.00687051
4.43313152 5.03169657 1.00687653
4.43322517 5.03191938 1.00688231
4.43331684 5.03213790 1.00688787
4.43340656 5.03235220 1.00689322
4.43349438 5.03256237 1.00689835
4.43358035 5.03276849 1.00690329
4.43366449 5.03297064 1.00690804
4.43374684 5.03316889 1.00691260
4.43382745 5.03336332 1.00691699
4.43390635 5.03355400 1.00692121
4.43398357 5.03374100 1.00692526
4.43405916 5.03392440 1.00692916
4.43413314 5.03410426 1.00693290
4.43420556 5.03428066 1.00693650
4.43427643 5.03445366 1.00693996
4.43434580 5.03462333 1.00694329
4.43441370 5.03478972 1.00694649
4.43448016 5.03495291 1.00694956
4.43454520 5.03511295 1.00695252
4.43460886 5.03526991 1.00695536
4.43467117 5.03542384 1.00695809
4.43473215 5.03557481 1.00696072
4.43479184 5.03572287 1.00696324
4.43485026 5.03586808 1.00696567
4.43490744 5.03601049 1.00696800
4.43496340 5.03615015 1.00697024
4.43501817 5.03628712 1.00697239
4.43507177 5.03642146 1.00697447
4.43512424 5.03655321 1.00697646
4.43517559 5.03668241 1.00697837
4.43522584 5.03680913 1.00698021
4.43527503 5.03693341 1.00698198
4.43532316 5.03705530 1.00698368
4.43537028 5.03717483 1.00698532
4.43541639 5.03729207 1.00698689
4.43546151 5.03740704 1.00698840
4.43550568 5.03751980 1.00698985
4.43554890 5.03763039 1.00699125
4.43559120 5.03773885 1.00699259
4.43563260 5.03784523 1.00699388
4.43567312 5.03794955 1.00699512
4.43571277 5.03805186 1.00699631
4.43575158 5.03815221 1.00699746
4.43578956 5.03825062 1.00699856
4.43582673 5.03834713 1.00699962
4.43586311 5.03844179 1.00700064
4.43589871 5.03853462 1.00700161
4.43593354 5.03862567 1.00700256
4.43596764 5.03871497 1.00700346
4.43600101 5.03880254 1.00700433
4.43603366 5.03888843 1.00700517
4.43606562 5.03897267 1.00700597
4.43609689 5.03905528 1.00700674
4.43612750 5.03913631 1.00700749
4.43615745 5.03921577 1.00700820
4.43618676 5.03929370 1.00700889
4.43621545 5.03937014 1.00700955
4.43624352 5.03944510 1.00701018
4.43627099 5.03951862 1.00701079
4.43629787 5.03959073 1.00701138
4.43632418 5.03966144 1.00701194
4.43634992 5.03973080 1.00701248
4.43637511 5.03979882 1.00701300
4.43639977 5.03986554 1.00701350
4.43642389 5.03993096 1.00701399
4.43644750 5.03999513 1.00701445
4.43647061 5.04005807 1.00701489
4.43649322 5.04011979 1.00701532
4.43651534 5.04018033 1.00701573
4.43653699 5.04023970 1.00701613
4.43655817 5.04029793 1.00701651
4.43657891 5.04035504 1.00701687
4.43659919 5.04041105 1.00701723
4.43661904 5.04046598 1.00701756
4.43663847 5.04051986 1.00701789
4.43665748 5.04057270 1.00701820
4.43667608 5.04062452 1.00701850
4.43669428 5.04067534 1.00701879
4.43671209 5.04072519 1.00701907
4.43672952 5.04077408 1.00701933
4.43674657 5.04082203 1.00701959
4.43676326 5.04086906 1.00701984
4.43677959 5.04091518 1.00702007
4.43679557 5.04096041 1.00702030
4.43681120 5.04100478 1.00702052
4.43682650 5.04104829 1.00702073
4.43684147 5.04109097 1.00702093
4.43685612 5.04113282 1.00702113
4.43687045 5.04117387 1.00702132
4.43688448 5.04121413 1.00702150
4.43689820 5.04125362 1.00702167
4.43691163 5.04129234 1.00702184
4.43692476 5.04133032 1.00702200
4.43693762 5.04136758 1.00702215
4.43695020 5.04140411 1.00702230
4.43696250 5.04143995 1.00702244
4.43697455 5.04147509 1.00702258
4.43698633 5.04150956 1.00702271
4.43699786 5.04154336 1.00702283
4.43700914 5.04157652 1.00702296
4.43702017 5.04160904 1.00702307
4.43703097 5.04164093 1.00702318
4.43704154 5.04167221 1.00702329
4.43705188 5.04170289 1.00702340
4.43706199 5.04173298 1.00702350
4.43707189 5.04176249 1.00702359
4.43708157 5.04179144 1.00702368
4.43709104 5.04181982 1.00702377
4.43710031 5.04184766 1.00702386
4.43710938 5.04187497 1.00702394
4.43711826 5.04190175 1.00702402
4.43712694 5.04192802 1.00702409
4.43713543 5.04195378 1.00702417
4.43714374 5.04197905 1.00702424
4.43715187 5.04200383 1.00702431
4.43715982 5.04202814 1.00702437
4.43716761 5.04205198 1.00702443
4.43717522 5.04207536 1.00702449
4.43718267 5.04209829 1.00702455
4.43718996 5.04212078 1.00702461
4.43719709 5.04214284 1.00702466
4.43720406 5.04216447 1.00702471
4.43721089 5.04218569 1.00702476
4.43721756 5.04220651 1.00702481
4.43722409 5.04222692 1.00702485
4.43723048 5.04224694 1.00702490
4.43723674 5.04226657 1.00702494
4.43724285 5.04228583 1.00702498
4.43724883 5.04230472 1.00702502
4.43725469 5.04232324 1.00702505
4.43726041 5.04234141 1.00702509
4.43726602 5.04235923 1.00702512
4.43727150 5.04237671 1.00702516
4.43727686 5.04239385 1.00702519
4.43728210 5.04241067 1.00702522
4.43728723 5.04242716 1.00702525
4.43729225 5.04244333 1.00702528
4.43729716 5.04245919 1.00702531
4.43730197 5.04247475 1.00702533
4.43730667 5.04249001 1.00702536
4.43731126 5.04250498 1.00702538
4.43731576 5.04251966 1.00702540
4.43732016 5.04253406 1.00702543
4.43732446 5.04254818 1.00702545
4.43732867 5.04256203 1.00702547
4.43733279 5.04257561 1.00702549
4.43733682 5.04258893 1.00702551
4.43734076 5.04260200 1.00702553
4.43734461 5.04261482 1.00702554
4.43734838 5.04262739 1.00702556
4.43735207 5.04263972 1.00702558
4.43735568 5.04265181 1.00702559
4.43735921 5.04266367 1.00702561
4.43736266 5.04267530 1.00702562
4.43736604 5.04268671 1.00702564
4.43736934 5.04269790 1.00702565
4.43737257 5.04270888 1.00702566
4.43737573 5.04271964 1.00702568
4.43737882 5.04273020 1.00702569
4.43738184 5.04274056 1.00702570
4.43738480 5.04275071 1.00702571
4.43738769 5.04276068 1.00702572
4.43739052 5.04277045 1.00702573
