9.52627300 7.36574657 1.83752481
9.50600871 7.36873851 1.87962379
9.48565830 7.37205812 1.92227022
9.46523841 7.37571659 1.96542661
9.44476661 7.37972481 2.00905310
9.42426131 7.38409330 2.05310783
9.40374172 7.38883213 2.09754741
9.38322771 7.39395091 2.14232737
9.36273970 7.39945867 2.18740276
9.34229853 7.40536381 2.23272873
9.32192534 7.41167404 2.27826112
9.30164140 7.41839630 2.32395711
9.28146795 7.42553670 2.36977579
9.26142603 7.43310045 2.41567873
9.24153633 7.44109180 2.46163045
9.22181905 7.44951397 2.50759887
9.20229369 7.45836909 2.55355555
9.18297893 7.46765814 2.59947591
9.16389253 7.47738093 2.64533931
9.14505116 7.48753598 2.69112892
9.12647031 7.49812054 2.73683154
9.10816423 7.50913054 2.78243729
9.09014584 7.52056056 2.82793912
9.07242670 7.53240378 2.87333231
9.05501695 7.54465205 2.91861385
9.03792536 7.55729580 2.96378177
9.02115930 7.57032414 3.00883450
9.00472476 7.58372485 3.05377017
8.98862641 7.59748443 3.09858600
8.97286764 7.61158818 3.14327774
8.95745063 7.62602028 3.18783917
8.94237642 7.64076385 3.23226174
8.92764494 7.65580112 3.27653428
8.91325516 7.67111348 3.32064286
8.89920511 7.68668166 3.36457077
8.88549199 7.70248587 3.40829860
8.87211226 7.71850594 3.45180444
8.85906166 7.73472147 3.49506417
8.84633537 7.75111197 3.53805184
8.83392803 7.76765704 3.58074009
8.82183380 7.78433653 3.62310063
8.81004647 7.80113062 3.66510471
8.79855951 7.81801999 3.70672360
8.78736611 7.83498596 3.74792911
8.77645924 7.85201051 3.78869394
8.76583173 7.86907647 3.82899214
8.75547627 7.88616752 3.86879938
8.74538552 7.90326826 3.90809329
8.73555209 7.92036427 3.94685359
8.72596861 7.93744208 3.98506228
8.71662775 7.95448926 4.02270373
8.70752228 7.97149434 4.05976466
8.69864506 7.98844681 4.09623413
8.68998908 8.00533712 4.13210348
8.68154749 8.02215660 4.16736622
8.67331361 8.03889746 4.20201785
8.66528097 8.05555266 4.23605574
8.65744327 8.07211596 4.26947894
8.64979444 8.08858176 4.30228795
8.64232864 8.10494511 4.33448460
8.63504025 8.12120159 4.36607177
8.62792389 8.13734729 4.39705327
8.62097442 8.15337874 4.42743363
8.61418693 8.16929283 4.45721791
8.60755674 8.18508679 4.48641159
8.60107942 8.20075807 4.51502039
8.59475078 8.21630439 4.54305016
8.58856682 8.23172360 4.57050674
8.58252380 8.24701369 4.59739591
8.57661816 8.26217274 4.62372327
8.57084658 8.27719887 4.64949419
8.56520591 8.29209023 4.67471377
8.55969320 8.30684499 4.69938677
8.55430568 8.32146126 4.72351765
8.54904073 8.33593713 4.74711047
8.54389593 8.35027065 4.77016898
8.53886896 8.36445977 4.79269658
8.53395766 8.37850239 4.81469636
8.52916000 8.39239634 4.83617113
8.52447407 8.40613936 4.85712345
8.51989803 8.41972914 4.87755566
8.51543018 8.43316328 4.89746997
8.51106887 8.44643934 4.91686849
8.50681253 8.45955481 4.93575324
8.50265966 8.47250717 4.95412631
8.49860881 8.48529386 4.97198979
8.49465857 8.49791231 4.98934595
8.49080757 8.51035996 5.00619720
8.48705446 8.52263428 5.02254619
8.48339792 8.53473277 5.03839585
8.47983663 8.54665299 5.05374944
8.47636928 8.55839257 5.06861057
8.47299458 8.56994924 5.08298326
8.46971120 8.58132084 5.09687197
8.46651783 8.59250530 5.11028159
8.46341313 8.60350074 5.12321752
8.46039575 8.61430540 5.13568561
8.45746433 8.62491768 5.14769222
8.45461747 8.63533617 5.15924419
8.45185377 8.64555965 5.17034886
8.44917180 8.65558708 5.18101403
8.44657010 8.66541764 5.19124795
8.44404719 8.67505069 5.20105931
8.44160157 8.68448582 5.21045721
8.43923173 8.69372284 5.21945113
8.43693614 8.70276177 5.22805087
8.43471323 8.71160283 5.23626657
8.43256144 8.72024647 5.24410861
8.43047918 8.72869336 5.25158763
8.42846488 8.73694435 5.25871444
8.42651692 8.74500050 5.26550001
8.42463370 8.75286308 5.27195541
8.42281362 8.76053353 5.27809181
8.42105507 8.76801349 5.28392037
8.41935645 8.77530474 5.28945229
8.41771616 8.78240926 5.29469869
8.41613261 8.78932916 5.29967064
8.41460422 8.79606670 5.30437910
8.41312944 8.80262428 5.30883489
8.41170670 8.80900441 5.31304867
8.41033448 8.81520973 5.31703092
8.40901126 8.82124296 5.32079191
8.40773555 8.82710695 5.32434167
8.40650589 8.83280459 5.32768999
8.40532082 8.83833888 5.33084643
8.40417894 8.84371287 5.33382023
8.40307885 8.84892964 5.33662038
8.40201918 8.85399236 5.33925557
8.40099860 8.85890421 5.34173422
8.40001581 8.86366839 5.34406440
8.39906954 8.86828816 5.34625393
8.39815853 8.87276674 5.34831030
8.39728157 8.87710740 5.35024071
8.39643749 8.88131339 5.35205205
8.39562514 8.88538796 5.35375092
8.39484339 8.88933434 5.35534364
8.39409116 8.89315575 5.35683622
8.39336740 8.89685538 5.35823442
8.39267108 8.90043641 5.35954371
8.39200120 8.90390196 5.36076928
8.39135681 8.90725514 5.36191608
8.39073697 8.91049901 5.36298881
8.39014078 8.91363659 5.36399193
8.38956737 8.91667087 5.36492964
8.38901589 8.91960476 5.36580596
8.38848552 8.92244115 5.36662464
8.38797547 8.92518287 5.36738927
8.38748499 8.92783271 5.36810322
8.38701333 8.93039337 5.36876968
8.38655978 8.93286754 5.36939163
8.38612367 8.93525782 5.36997192
8.38570432 8.93756678 5.37051320
8.38530110 8.93979691 5.37101798
8.38491340 8.94195066 5.37148862
8.38454061 8.94403041 5.37192733
8.38418218 8.94603848 5.37233621
8.38383755 8.94797716 5.37271719
8.38350619 8.94984865 5.37307212
8.38318759 8.95165510 5.37340273
8.38288126 8.95339862 5.37371061
8.38258672 8.95508126 5.37399729
8.38230353 8.95670499 5.37426418
8.38203124 8.95827175 5.37451261
8.38176944 8.95978342 5.37474383
8.38151771 8.96124183 5.37495898
8.38127567 8.96264875 5.37515917
8.38104294 8.96400590 5.37534540
8.38081916 8.96531495 5.37551864
8.38060399 8.96657753 5.37567975
8.38039709 8.96779520 5.37582959
8.38019815 8.96896950 5.37596891
8.38000684 8.97010191 5.37609844
8.37982289 8.97119385 5.37621886
8.37964599 8.97224671 5.37633079
8.37947589 8.97326185 5.37643483
8.37931231 8.97424056 5.37653153
8.37915500 8.97518410 5.37662138
8.37900372 8.97609370 5.37670487
8.37885824 8.97697054 5.37678245
8.37871833 8.97781576 5.37685452
8.37858378 8.97863046 5.37692147
8.37845438 8.97941573 5.37698366
8.37832992 8.98017259 5.37704142
8.37821023 8.98090204 5.37709508
8.37809510 8.98160505 5.37714490
8.37798438 8.98228256 5.37719117
8.37787788 8.98293546 5.37723414
8.37777545 8.98356464 5.37727404
8.37767693 8.98417094 5.37731108
8.37758216 8.98475516 5.37734547
8.37749100 8.98531811 5.37737740
8.37740332 8.98586053 5.37740704
8.37731897 8.98638317 5.37743455
8.37723784 8.98688673 5.37746009
8.37715979 8.98737190 5.37748380
8.37708471 8.98783933 5.37750580
8.37701248 8.98828967 5.37752622
8.37694300 8.98872353 5.37754518
8.37687615 8.98914151 5.37756276
8.37681185 8.98954417 5.37757909
8.37674998 8.98993208 5.37759423
8.37669046 8.99030576 5.37760829
8.37663320 8.99066573 5.37762133
8.37657811 8.99101250 5.37763343
8.37652510 8.99134653 5.37764466
8.37647410 8.99166828 5.37765508
8.37642504 8.99197822 5.37766474
8.37637783 8.99227676 5.37767371
8.37633240 8.99256432 5.37768203
8.37628869 8.99284130 5.37768975
8.37624664 8.99310808 5.37769691
8.37620617 8.99336505 5.37770355
8.37616723 8.99361255 5.37770971
8.37612976 8.99385093 5.37771543
8.37609371 8.99408053 5.37772073
8.37605901 8.99430166 5.37772565
8.37602563 8.99451464 5.37773021
8.37599350 8.99471977 5.37773444
8.37596259 8.99491733 5.37773837
8.37593284 8.99510759 5.37774201
8.37590420 8.99529084 5.37774538
8.37587665 8.99546732 5.37774851
8.37585014 8.99563728 5.37775142
8.37582462 8.99580097 5.37775411
8.37580006 8.99595861 5.37775661
8.37577643 8.99611042 5.37775893
8.37575369 8.99625663 5.37776108
8.37573180 8.99639743 5.37776307
8.37571073 8.99653302 5.37776492
8.37569045 8.99666360 5.37776663
8.37567094 8.99678935 5.37776822
8.37565216 8.99691045 5.37776969
8.37563408 8.99702707 5.37777106
8.37561668 8.99713938 5.37777233
8.37559994 8.99724753 5.37777350
8.37558382 8.99735168 5.37777459
8.37556831 8.99745197 5.37777560
8.37555338 8.99754855 5.37777654
8.37553901 8.99764155 5.37777741
8.37552517 8.99773111 5.37777822
8.37551186 8.99781735 5.37777896
8.37549904 8.99790040 5.37777966
8.37548671 8.99798038 5.37778030
8.37547483 8.99805739 5.37778090
8.37546341 8.99813154 5.37778145
8.37545240 8.99820295 5.37778196
8.37544182 8.99827172 5.37778244
8.37543162 8.99833793 5.37778288
8.37542181 8.99840169 5.37778329
8.37541237 8.99846309 5.37778366
8.37540327 8.99852221 5.37778402
8.37539452 8.99857915 5.37778434
8.37538610 8.99863397 5.37778464
8.37537799 8.99868675 5.37778492
8.37537018 8.99873758 5.37778518
8.37536267 8.99878653 5.37778542
8.37535544 8.99883366 5.37778565
8.37534847 8.99887904 5.37778585
8.37534177 8.99892274 5.37778605
8.37533532 8.99896482 5.37778622
8.37532910 8.99900534 5.37778639
8.37532312 8.99904436 5.37778654
8.37531737 8.99908193 5.37778668
8.37531183 8.99911810 5.37778681
8.37530649 8.99915293 5.37778694
8.37530135 8.99918647 5.37778705
8.37529641 8.99921877 5.37778715
8.37529165 8.99924987 5.37778725
8.37528707 8.99927981 5.37778734
8.37528266 8.99930864 5.37778742
8.37527841 8.99933641 5.37778750
8.37527432 8.99936314 5.37778757
8.37527039 8.99938888 5.37778764
8.37526660 8.99941367 5.37778770
8.37526295 8.99943753 5.37778776
8.37525944 8.99946051 5.37778781
8.37525606 8.99948264 5.37778786
8.37525280 8.99950394 5.37778791
8.37524967 8.99952446 5.37778795
8.37524665 8.99954421 5.37778799
8.37524375 8.99956323 5.37778802
8.37524095 8.99958155 5.37778806
8.37523826 8.99959918 5.37778809
8.37523567 8.99961616 5.37778812
8.37523317 8.99963251 5.37778815
8.37523077 8.99964825 5.37778817
8.37522846 8.99966341 5.37778819
8.37522623 8.99967801 5.37778821
8.37522409 8.99969206 5.37778823
8.37522202 8.99970559 5.37778825
8.37522004 8.99971862 5.37778827
8.37521812 8.99973117 5.37778829
8.37521628 8.99974325 5.37778830
8.37521451 8.99975488 5.37778831
8.37521280 8.99976608 5.37778833
8.37521116 8.99977686 5.37778834
8.37520958 8.99978725 5.37778835
8.37520805 8.99979725 5.37778836
