8.63880978 4.12544517 2.07132927
8.63312962 4.13361537 2.08134620
8.62732796 4.14198215 2.09183009
8.62140616 4.15054567 2.10279004
8.61536593 4.15930574 2.11423393
8.60920939 4.16826177 2.12616828
8.60293906 4.17741279 2.13859813
8.59655788 4.18675739 2.15152687
8.59006923 4.19629375 2.16495612
8.58347693 4.20601958 2.17888559
8.57678525 4.21593218 2.19331298
8.56999892 4.22602836 2.20823387
8.56312312 4.23630450 2.22364163
8.55616350 4.24675650 2.23952736
8.54912615 4.25737982 2.25587982
8.54201761 4.26816947 2.27268545
8.53484483 4.27912004 2.28992835
8.52761520 4.29022568 2.30759030
8.52033648 4.30148014 2.32565082
8.51301681 4.31287681 2.34408730
8.50566466 4.32440870 2.36287504
8.49828884 4.33606853 2.38198746
8.49089839 4.34784869 2.40139623
8.48350264 4.35974134 2.42107149
8.47611108 4.37173840 2.44098201
8.46873339 4.38383161 2.46109550
8.46137936 4.39601259 2.48137879
8.45405885 4.40827283 2.50179811
8.44678177 4.42060378 2.52231938
8.43955801 4.43299687 2.54290843
8.43239741 4.44544355 2.56353132
8.42530972 4.45793534 2.58415454
8.41830456 4.47046388 2.60474533
8.41139137 4.48302095 2.62527186
8.40457938 4.49559850 2.64570350
8.39787761 4.50818873 2.66601098
8.39129478 4.52078406 2.68616663
8.38483931 4.53337721 2.70614448
8.37851933 4.54596121 2.72592045
8.37234260 4.55852942 2.74547244
8.36631653 4.57107556 2.76478042
8.36044814 4.58359369 2.78382649
8.35474409 4.59607831 2.80259496
8.34921061 4.60852428 2.82107230
8.34385356 4.62092688 2.83924722
8.33867838 4.63328180 2.85711057
8.33369010 4.64558517 2.87465535
8.32889337 4.65783350 2.89187665
8.32429243 4.67002375 2.90877156
8.31989112 4.68215329 2.92533911
8.31569290 4.69421988 2.94158016
8.31170086 4.70622169 2.95749732
8.30791772 4.71815729 2.97309483
8.30434586 4.73002561 2.98837846
8.30098730 4.74182597 3.00335537
8.29784374 4.75355802 3.01803404
8.29491657 4.76522177 3.03242412
8.29220686 4.77681755 3.04653632
8.28971541 4.78834598 3.06038232
8.28744275 4.79980798 3.07397463
8.28538912 4.81120477 3.08732649
8.28355454 4.82253779 3.10045180
8.28193877 4.83380873 3.11336497
8.28054137 4.84501951 3.12608086
8.27936165 4.85617224 3.13861468
8.27839876 4.86726922 3.15098190
8.27765163 4.87831291 3.16319820
8.27711900 4.88930593 3.17527933
8.27679946 4.90025101 3.18724110
8.27669142 4.91115102 3.19909930
8.27679312 4.92200889 3.21086960
8.27710267 4.93282766 3.22256753
8.27761799 4.94361039 3.23420841
8.27833690 4.95436022 3.24580730
8.27925705 4.96508029 3.25737893
8.28037597 4.97577377 3.26893767
8.28169104 4.98644379 3.28049748
8.28319950 4.99709347 3.29207186
8.28489849 5.00772591 3.30367383
8.28678499 5.01834411 3.31531582
8.28885584 5.02895104 3.32700973
8.29110777 5.03954955 3.33876678
8.29353736 5.05014239 3.35059757
8.29614107 5.06073222 3.36251196
8.29891521 5.07132153 3.37451909
8.30185594 5.08191267 3.38662731
8.30495931 5.09250785 3.39884413
8.30822121 5.10310909 3.41117625
8.31163737 5.11371820 3.42362942
8.31520340 5.12433683 3.43620852
8.31891476 5.13496638 3.44891744
8.32276674 5.14560805 3.46175908
8.32675450 5.15626280 3.47473534
8.33087305 5.16693132 3.48784708
8.33511724 5.17761408 3.50109408
8.33948178 5.18831126 3.51447507
8.34396124 5.19902280 3.52798766
8.34855005 5.20974832 3.54162838
8.35324247 5.22048720 3.55539265
8.35803268 5.23123852 3.56927481
8.36291468 5.24200108 3.58326809
8.36788240 5.25277337 3.59736468
8.37292961 5.26355364 3.61155570
8.37805002 5.27433982 3.62583129
8.38323723 5.28512958 3.64018062
8.38848476 5.29592031 3.65459193
8.39378607 5.30670914 3.66905261
8.39913457 5.31749295 3.68354927
8.40452363 5.32826837 3.69806777
8.40994661 5.33903182 3.71259337
8.41539685 5.34977948 3.72711075
8.42086772 5.36050733 3.74160414
8.42635262 5.37121120 3.75605743
8.43184500 5.38188674 3.77045421
8.43733838 5.39252944 3.78477795
8.44282638 5.40313470 3.79901207
8.44830271 5.41369779 3.81314004
8.45376123 5.42421393 3.82714549
8.45919594 5.43467828 3.84101235
8.46460098 5.44508594 3.85472489
8.46997072 5.45543204 3.86826787
8.47529968 5.46571171 3.88162661
8.48058261 5.47592011 3.89478708
8.48581450 5.48605247 3.90773597
8.49099054 5.49610409 3.92046076
8.49610621 5.50607037 3.93294980
8.50115722 5.51594684 3.94519233
8.50613957 5.52572916 3.95717856
8.51104950 5.53541315 3.96889967
8.51588355 5.54499479 3.98034784
8.52063854 5.55447025 3.99151629
8.52531157 5.56383589 4.00239924
8.52990000 5.57308827 4.01299194
8.53440150 5.58222418 4.02329063
8.53881400 5.59124061 4.03329256
8.54313570 5.60013479 4.04299589
8.54736508 5.60890417 4.05239975
8.55150086 5.61754646 4.06150413
8.55554203 5.62605955 4.07030984
8.55948782 5.63444162 4.07881850
8.56333769 5.64269105 4.08703246
8.56709132 5.65080645 4.09495477
8.57074862 5.65878666 4.10258909
8.57430967 5.66663074 4.10993966
8.57777478 5.67433795 4.11701124
8.58114441 5.68190779 4.12380905
8.58441920 5.68933993 4.13033873
8.58759995 5.69663423 4.13660627
8.59068758 5.70379076 4.14261797
8.59368318 5.71080975 4.14838037
8.59658792 5.71769159 4.15390024
8.59940311 5.72443683 4.15918451
8.60213015 5.73104619 4.16424023
8.60477051 5.73752050 4.16907454
8.60732577 5.74386074 4.17369463
8.60979756 5.75006800 4.17810770
8.61218755 5.75614349 4.18232096
8.61449751 5.76208851 4.18634156
8.61672919 5.76790447 4.19017659
8.61888443 5.77359286 4.19383307
8.62096506 5.77915525 4.19731790
8.62297295 5.78459328 4.20063786
8.62490996 5.78990864 4.20379961
8.62677798 5.79510310 4.20680965
8.62857889 5.80017847 4.20967433
8.63031456 5.80513659 4.21239982
8.63198688 5.80997934 4.21499214
8.63359770 5.81470866 4.21745712
8.63514885 5.81932647 4.21980040
8.63664217 5.82383474 4.22202745
8.63807944 5.82823545 4.22414354
8.63946246 5.83253059 4.22615378
8.64079295 5.83672215 4.22806307
8.64207264 5.84081213 4.22987614
8.64330321 5.84480253 4.23159752
8.64448631 5.84869533 4.23323158
8.64562355 5.85249253 4.23478250
8.64671652 5.85619611 4.23625431
8.64776676 5.85980801 4.23765084
8.64877577 5.86333020 4.23897578
8.64974503 5.86676461 4.24023264
8.65067595 5.87011314 4.24142480
8.65156994 5.87337770 4.24255547
8.65242833 5.87656014 4.24362771
8.65325245 5.87966232 4.24464446
8.65404357 5.88268606 4.24560851
8.65480293 5.88563316 4.24652252
8.65553172 5.88850538 4.24738902
8.65623110 5.89130446 4.24821045
8.65690220 5.89403213 4.24898908
8.65754610 5.89669007 4.24972712
8.65816387 5.89927993 4.25042664
8.65875651 5.90180334 4.25108963
8.65932500 5.90426190 4.25171796
8.65987030 5.90665718 4.25231343
8.66039331 5.90899071 4.25287774
8.66089493 5.91126400 4.25341249
8.66137600 5.91347853 4.25391923
8.66183735 5.91563574 4.25439941
8.66227976 5.91773706 4.25485440
8.66270400 5.91978386 4.25528553
8.66311080 5.92177751 4.25569404
8.66350087 5.92371935 4.25608111
8.66387489 5.92561065 4.25644786
8.66423351 5.92745271 4.25679535
8.66457736 5.92924675 4.25712459
8.66490705 5.93099400 4.25743654
8.66522316 5.93269563 4.25773210
8.66552624 5.93435282 4.25801214
8.66581683 5.93596669 4.25827746
8.66609545 5.93753835 4.25852884
8.66636260 5.93906888 4.25876702
8.66661875 5.94055933 4.25899268
8.66686436 5.94201073 4.25920648
8.66709986 5.94342409 4.25940905
8.66732567 5.94480039 4.25960098
8.66754221 5.94614057 4.25978283
8.66774985 5.94744559 4.25995512
8.66794898 5.94871634 4.26011837
8.66813993 5.94995371 4.26027304
8.66832307 5.95115857 4.26041958
8.66849871 5.95233177 4.26055843
8.66866717 5.95347412 4.26068999
8.66882874 5.95458643 4.26081465
8.66898373 5.95566948 4.26093276
8.66913240 5.95672404 4.26104467
8.66927502 5.95775084 4.26115071
8.66941185 5.95875062 4.26125118
8.66954312 5.95972407 4.26134638
8.66966907 5.96067189 4.26143659
8.66978993 5.96159475 4.26152207
8.66990591 5.96249330 4.26160306
8.67001720 5.96336817 4.26167981
8.67012402 5.96422000 4.26175253
8.67022654 5.96504937 4.26182144
8.67032496 5.96585689 4.26188674
8.67041943 5.96664313 4.26194861
8.67051012 5.96740863 4.26200725
8.67059720 5.96815396 4.26206281
8.67068081 5.96887963 4.26211546
8.67076110 5.96958617 4.26216535
8.67083821 5.97027408 4.26221263
8.67091227 5.97094385 4.26225744
8.67098341 5.97159595 4.26229990
8.67105174 5.97223085 4.26234013
8.67111740 5.97284901 4.26237826
8.67118047 5.97345086 4.26241440
8.67124109 5.97403683 4.26244864
8.67129934 5.97460735 4.26248110
8.67135532 5.97516281 4.26251185
8.67140913 5.97570362 4.26254100
8.67146086 5.97623017 4.26256862
8.67151060 5.97674282 4.26259479
8.67155842 5.97724194 4.26261960
8.67160440 5.97772790 4.26264311
8.67164862 5.97820103 4.26266540
8.67169116 5.97866168 4.26268651
8.67173207 5.97911018 4.26270653
8.67177144 5.97954684 4.26272549
8.67180931 5.97997198 4.26274347
8.67184575 5.98038590 4.26276051
8.67188082 5.98078890 4.26277666
8.67191458 5.98118126 4.26279196
8.67194707 5.98156328 4.26280646
8.67197836 5.98193521 4.26282021
8.67200848 5.98229733 4.26283324
8.67203748 5.98264989 4.26284559
8.67206541 5.98299315 4.26285729
8.67209232 5.98332735 4.26286838
8.67211823 5.98365274 4.26287890
8.67214320 5.98396954 4.26288886
8.67216726 5.98427798 4.26289831
8.67219044 5.98457828 4.26290726
8.67221278 5.98487066 4.26291575
8.67223432 5.98515532 4.26292379
8.67225508 5.98543247 4.26293141
8.67227509 5.98570231 4.26293863
8.67229439 5.98596503 4.26294548
8.67231301 5.98622082 4.26295197
8.67233096 5.98646986 4.26295812
8.67234827 5.98671233 4.26296395
8.67236498 5.98694840 4.26296948
8.67238109 5.98717824 4.26297472
8.67239665 5.98740202 4.26297969
8.67241165 5.98761989 4.26298439
8.67242614 5.98783202 4.26298885
8.67244012 5.98803855 4.26299308
8.67245362 5.98823963 4.26299709
8.67246666 5.98843541 4.26300089
8.67247925 5.98862602 4.26300449
8.67249140 5.98881160 4.26300790
8.67250314 5.98899229 4.26301114
8.67251449 5.98916821 4.26301420
8.67252544 5.98933949 4.26301711
8.67253603 5.98950625 4.26301987
8.67254626 5.98966862 4.26302248
8.67255615 5.98982670 4.26302495
8.67256571 5.98998061 4.26302730
8.67257495 5.99013045 4.26302952
8.67258388 5.99027635 4.26303163
8.67259252 5.99041840 4.26303363
8.67260087 5.99055670 4.26303553
8.67260895 5.99069135 4.26303732
8.67261676 5.99082245 4.26303902
8.67262432 5.99095010 4.26304064
8.67263163 5.99107437 4.26304217
8.67263871 5.99119537 4.26304362
8.67264555 5.99131318 4.26304499
8.67265218 5.99142788 4.26304629
8.67265859 5.99153955 4.26304753
8.67266479 5.99164828 4.26304870
8.67267080 5.99175414 4.26304981
8.67267662 5.99185721 4.26305086
8.67268225 5.99195756 4.26305186
8.67268770 5.99205527 4.26305280
8.67269298 5.99215039 4.26305370
8.67269810 5.99224301 4.26305455
8.67270305 5.99233319 4.26305535
8.67270785 5.99242098 4.26305611
8.67271250 5.99250646 4.26305684
8.67271701 5.99258969 4.26305752
8.67272137 5.99267072 4.26305817
8.67272560 5.99274962 4.26305879
8.67272970 5.99282643 4.26305937
8.67273368 5.99290122 4.26305993
8.67273753 5.99297404 4.26306045
8.67274126 5.99304493 4.26306095
8.67274488 5.99311396 4.26306142
8.67274839 5.99318116 4.26306187
8.67275180 5.99324660 4.26306229
8.67275510 5.99331030 4.26306269
8.67275830 5.99337233 4.26306307
8.67276140 5.99343272 4.26306343
8.67276441 5.99349152 4.26306377
8.67276733 5.99354877 4.26306410
8.67277017 5.99360451 4.26306441
8.67277292 5.99365878 4.26306470
8.67277558 5.99371162 4.26306497
8.67277817 5.99376306 4.26306524
8.67278068 5.99381315 4.26306548
8.67278312 5.99386192 4.26306572
8.67278549 5.99390940 4.26306594
8.67278778 5.99395563 4.26306615
8.67279001 5.99400064 4.26306635
8.67279217 5.99404446 4.26306654
8.67279427 5.99408713 4.26306672
8.67279631 5.99412867 4.26306689
8.67279829 5.99416912 4.26306706
8.67280021 5.99420850 4.26306721
8.67280208 5.99424684 4.26306736
8.67280389 5.99428417 4.26306749
8.67280565 5.99432052 4.26306762
8.67280736 5.99435590 4.26306775
8.67280902 5.99439036 4.26306787
8.67281063 5.99442391 4.26306798
8.67281220 5.99445657 4.26306808
8.67281372 5.99448837 4.26306818
8.67281520 5.99451933 4.26306828
8.67281663 5.99454948 4.26306837
8.67281802 5.99457883 4.26306845
8.67281938 5.99460740 4.26306853
8.67282070 5.99463523 4.26306861
8.67282198 5.99466232 4.26306868
8.67282322 5.99468869 4.26306875
8.67282443 5.99471437 4.26306882
8.67282560 5.99473937 4.26306888
8.67282674 5.99476372 4.26306894
8.67282785 5.99478742 4.26306899
8.67282893 5.99481049 4.26306904
8.67282997 5.99483296 4.26306909
8.67283099 5.99485484 4.26306914
8.67283198 5.99487614 4.26306919
8.67283294 5.99489687 4.26306923
8.67283388 5.99491707 4.26306927
8.67283479 5.99493672 4.26306931
8.67283567 5.99495586 4.26306934
8.67283653 5.99497450 4.26306938
8.67283736 5.99499264 4.26306941
8.67283818 5.99501031 4.26306944
8.67283896 5.99502751 4.26306947
8.67283973 5.99504425 4.26306950
8.67284048 5.99506056 4.26306953
8.67284120 5.99507643 4.26306955
8.67284191 5.99509189 4.26306957
8.67284260 5.99510694 4.26306960
8.67284326 5.99512159 4.26306962
8.67284391 5.99513585 4.26306964
8.67284454 5.99514974 4.26306966
8.67284516 5.99516327 4.26306967
8.67284575 5.99517643 4.26306969
8.67284634 5.99518925 4.26306971
8.67284690 5.99520173 4.26306972
8.67284745 5.99521388 4.26306974
8.67284798 5.99522572 4.26306975
8.67284850 5.99523724 4.26306976
8.67284901 5.99524845 4.26306978
8.67284950 5.99525937 4.26306979
8.67284998 5.99527001 4.26306980
8.67285044 5.99528036 4.26306981
8.67285090 5.99529044 4.26306982
