4.15915934 9.76016274 3.22358052
4.15923435 9.74189378 3.25634930
4.15944200 9.72429320 3.28675499
4.15978239 9.70735205 3.31492218
4.16025503 9.69105877 3.34097969
4.16085891 9.67539957 3.36505813
4.16159254 9.66035884 3.38728770
4.16245400 9.64591951 3.40779650
4.16344099 9.63206335 3.42670912
4.16455093 9.61877126 3.44414557
4.16578096 9.60602359 3.46022049
4.16712798 9.59380028 3.47504266
4.16858875 9.58208112 3.48871458
4.17015989 9.57084590 3.50133239
4.17183792 9.56007452 3.51298580
4.17361932 9.54974719 3.52375819
4.17550051 9.53984443 3.53372678
4.17747793 9.53034721 3.54296285
4.17954802 9.52123701 3.55153203
4.18170729 9.51249584 3.55949461
4.18395227 9.50410627 3.56690582
4.18627957 9.49605149 3.57381619
4.18868590 9.48831531 3.58027190
4.19116804 9.48088216 3.58631506
4.19372288 9.47373707 3.59198402
4.19634741 9.46686573 3.59731371
4.19903874 9.46025441 3.60233590
4.20179409 9.45388999 3.60707945
4.20461079 9.44775995 3.61157060
4.20748629 9.44185233 3.61583314
4.21041817 9.43615571 3.61988872
4.21340412 9.43065923 3.62375695
4.21644194 9.42535252 3.62745565
4.21952955 9.42022572 3.63100101
4.22266501 9.41526943 3.63440769
4.22584646 9.41047472 3.63768905
4.22907216 9.40583308 3.64085720
4.23234048 9.40133643 3.64392317
4.23564991 9.39697707 3.64689697
4.23899902 9.39274769 3.64978775
4.24238650 9.38864132 3.65260380
4.24581112 9.38465135 3.65535273
4.24927175 9.38077148 3.65804146
4.25276736 9.37699574 3.66067633
4.25629701 9.37331842 3.66326313
4.25985982 9.36973411 3.66580720
4.26345504 9.36623766 3.66831342
4.26708196 9.36282416 3.67078630
4.27073996 9.35948894 3.67322999
4.27442851 9.35622756 3.67564834
4.27814713 9.35303578 3.67804490
4.28189544 9.34990957 3.68042301
4.28567310 9.34684508 3.68278573
4.28947985 9.34383866 3.68513598
4.29331550 9.34088680 3.68747645
4.29717991 9.33798617 3.68980971
4.30107302 9.33513359 3.69213818
4.30499481 9.33232602 3.69446415
4.30894533 9.32956055 3.69678980
4.31292468 9.32683441 3.69911724
4.31693303 9.32414493 3.70144846
4.32097058 9.32148959 3.70378542
4.32503760 9.31886594 3.70613000
4.32913440 9.31627164 3.70848403
4.33326135 9.31370447 3.71084930
4.33741888 9.31116228 3.71322757
4.34160744 9.30864300 3.71562057
4.34582756 9.30614465 3.71803004
4.35007978 9.30366532 3.72045766
4.35436474 9.30120319 3.72290516
4.35868307 9.29875647 3.72537423
4.36303548 9.29632347 3.72786659
4.36742273 9.29390255 3.73038397
4.37184560 9.29149210 3.73292812
4.37630495 9.28909059 3.73550080
4.38080165 9.28669654 3.73810382
4.38533664 9.28430850 3.74073901
4.38991090 9.28192506 3.74340824
4.39452545 9.27954488 3.74611344
4.39918137 9.27716663 3.74885657
4.40387978 9.27478902 3.75163965
4.40862184 9.27241080 3.75446476
4.41340878 9.27003075 3.75733404
4.41824184 9.26764768 3.76024969
4.42312235 9.26526042 3.76321402
4.42805167 9.26286784 3.76622937
4.43303121 9.26046881 3.76929820
4.43806243 9.25806224 3.77242304
4.44314687 9.25564707 3.77560652
4.44828607 9.25322223 3.77885138
4.45348168 9.25078669 3.78216045
4.45873538 9.24833943 3.78553669
4.46404889 9.24587945 3.78898317
4.46942402 9.24340577 3.79250309
4.47486263 9.24091741 3.79609978
4.48036662 9.23841341 3.79977672
4.48593798 9.23589282 3.80353753
4.49157875 9.23335472 3.80738599
4.49729104 9.23079819 3.81132604
4.50307702 9.22822231 3.81536180
4.50893892 9.22562619 3.81949758
4.51487907 9.22300895 3.82373785
4.52089985 9.22036972 3.82808732
4.52700370 9.21770764 3.83255089
4.53319316 9.21502187 3.83713368
4.53947084 9.21231157 3.84184105
4.54583943 9.20957594 3.84667862
4.55230168 9.20681417 3.85165223
4.55886044 9.20402549 3.85676803
4.56551865 9.20120913 3.86203241
4.57227932 9.19836435 3.86745209
4.57914556 9.19549043 3.87303407
4.58612055 9.19258668 3.87878571
4.59320759 9.18965244 3.88471466
4.60041004 9.18668705 3.89082896
4.60773138 9.18368992 3.89713701
4.61517517 9.18066047 3.90364757
4.62274507 9.17759818 3.91036984
4.63044485 9.17450256 3.91731340
4.63827838 9.17137316 3.92448830
4.64624960 9.16820959 3.93190501
4.65436259 9.16501153 3.93957449
4.66262153 9.16177869 3.94750819
4.67103068 9.15851087 3.95571806
4.67959442 9.15520794 3.96421659
4.68831725 9.15186985 3.97301680
4.69720376 9.14849661 3.98213229
4.70625865 9.14508837 3.99157725
4.71548674 9.14164534 4.00136647
4.72489294 9.13816785 4.01151538
4.73448229 9.13465635 4.02204004
4.74425991 9.13111141 4.03295723
4.75423107 9.12753373 4.04428436
4.76440110 9.12392415 4.05603962
4.77477547 9.12028366 4.06824191
4.78535975 9.11661343 4.08091091
4.79615960 9.11291475 4.09406707
4.80718082 9.10918914 4.10773168
4.81842928 9.10543827 4.12192687
4.82991097 9.10166401 4.13667565
4.84163197 9.09786844 4.15200192
4.85359847 9.09405384 4.16793053
4.86581675 9.09022271 4.18448728
4.87829320 9.08637777 4.20169898
4.89103428 9.08252196 4.21959350
4.90404657 9.07865846 4.23819975
4.91733671 9.07479067 4.25754778
4.93091143 9.07092222 4.27766879
4.94477754 9.06705697 4.29859517
4.95894193 9.06319899 4.32036057
4.97341153 9.05935259 4.34299987
4.98819334 9.05552227 4.36654928
5.00329438 9.05171271 4.39104633
5.01872170 9.04792877 4.41652989
5.03448237 9.04417549 4.44304017
5.05058340 9.04045799 4.47061871
5.06703176 9.03678153 4.49930830
5.08383435 9.03315141 4.52915294
5.10099788 9.02957297 4.56019772
5.11852891 9.02605154 4.59248858
5.13643372 9.02259238 4.62607217
5.15471824 9.01920064 4.66099543
5.17338797 9.01588129 4.69730525
5.19244787 9.01263909 4.73504794
5.21190222 9.00947850 4.77426855
5.23175449 9.00640361 4.81501013
5.25200713 9.00341810 4.85731275
5.27266146 9.00052513 4.90121240
5.29371739 8.99772731 4.94673972
5.31517321 8.99502661 4.99391846
5.33702536 8.99242428 5.04276382
5.35926811 8.98992085 5.09328063
5.38189334 8.98751599 5.14546131
5.40489021 8.98520856 5.19928376
5.42824484 8.98299652 5.25470914
5.45194007 8.98087693 5.31167974
5.47595518 8.97884599 5.37011688
5.50026561 8.97689901 5.42991905
5.52484280 8.97503052 5.49096041
5.54965403 8.97323430 5.55308975
5.57466236 8.97150349 5.61613013
5.59982665 8.96983073 5.67987921
5.62510171 8.96820827 5.74411054
5.65043850 8.96662816 5.80857581
5.67578451 8.96508240 5.87300804
5.70108427 8.96356316 5.93712585
5.72627991 8.96206290 6.00063858
5.75131188 8.96057460 6.06325210
5.77611978 8.95909188 6.12467520
5.80064318 8.95760918 6.18462614
5.82482255 8.95612183 6.24283909
5.84860017 8.95462613 6.29907026
5.87192098 8.95311942 6.35310311
5.89473340 8.95160005 6.40475276
5.91699007 8.95006739 6.45386909
5.93864844 8.94852174 6.50033862
5.95967121 8.94696427 6.54408501
5.98002673 8.94539687 6.58506837
5.99968910 8.94382209 6.62328342
6.01863823 8.94224299 6.65875670
6.03685978 8.94066298 6.69154313
6.05434488 8.93908576 6.72172202
6.07108990 8.93751515 6.74939292
6.08709600 8.93595500 6.77467136
6.10236874 8.93440911 6.79768480
6.11691755 8.93288116 6.81856875
6.13075533 8.93137461 6.83746338
6.14389786 8.92989270 6.85451050
6.15636341 8.92843837 6.86985097
6.16817223 8.92701428 6.88362264
6.17934614 8.92562276 6.89595865
6.18990816 8.92426581 6.90698624
6.19988213 8.92294515 6.91682577
6.20929243 8.92166216 6.92559019
6.21816368 8.92041793 6.93338474
6.22652053 8.91921331 6.94030676
6.23438742 8.91804884 6.94644587
6.24178847 8.91692486 6.95188408
6.24874730 8.91584149 6.95669614
6.25528694 8.91479862 6.96094988
6.26142972 8.91379602 6.96470665
6.26719724 8.91283327 6.96802176
6.27261029 8.91190981 6.97094492
6.27768885 8.91102499 6.97352069
6.28245202 8.91017804 6.97578893
6.28691806 8.90936811 6.97778520
6.29110438 8.90859429 6.97954121
6.29502754 8.90785560 6.98108512
6.29870326 8.90715101 6.98244198
6.30214643 8.90647947 6.98363396
6.30537119 8.90583991 6.98468073
6.30839087 8.90523122 6.98559967
6.31121808 8.90465229 6.98640616
6.31386473 8.90410204 6.98711375
6.31634203 8.90357934 6.98773442
6.31866056 8.90308311 6.98827873
6.32083027 8.90261227 6.98875596
6.32286051 8.90216575 6.98917431
6.32476009 8.90174250 6.98954097
6.32653728 8.90134152 6.98986228
6.32819986 8.90096180 6.99014381
6.32975510 8.90060237 6.99039045
6.33120987 8.90026230 6.99060649
6.33257057 8.89994066 6.99079572
6.33384324 8.89963659 6.99096144
6.33503352 8.89934922 6.99110655
6.33614670 8.89907774 6.99123362
6.33718773 8.89882136 6.99134487
6.33816128 8.89857931 6.99144227
6.33907168 8.89835088 6.99152754
6.33992301 8.89813535 6.99160218
6.34071909 8.89793206 6.99166751
6.34146349 8.89774037 6.99172469
6.34215955 8.89755966 6.99177474
6.34281041 8.89738935 6.99181854
6.34341898 8.89722889 6.99185688
6.34398802 8.89707774 6.99189042
6.34452008 8.89693539 6.99191978
6.34501757 8.89680136 6.99194547
6.34548272 8.89667519 6.99196795
6.34591764 8.89655645 6.99198762
6.34632429 8.89644472 6.99200483
6.34670451 8.89633961 6.99201989
6.34706001 8.89624074 6.99203306
6.34739240 8.89614776 6.99204459
6.34770318 8.89606034 6.99205467
6.34799376 8.89597815 6.99206350
6.34826545 8.89590090 6.99207122
6.34851948 8.89582830 6.99207797
6.34875699 8.89576009 6.99208388
6.34897907 8.89569599 6.99208905
6.34918671 8.89563579 6.99209358
6.34938086 8.89557924 6.99209753
6.34956238 8.89552613 6.99210099
6.34973211 8.89547626 6.99210402
6.34989081 8.89542944 6.99210667
6.35003919 8.89538549 6.99210899
6.35017794 8.89534423 6.99211102
6.35030766 8.89530551 6.99211279
6.35042896 8.89526917 6.99211434
6.35054238 8.89523507 6.99211570
6.35064843 8.89520308 6.99211689
6.35074759 8.89517306 6.99211792
6.35084031 8.89514490 6.99211883
6.35092701 8.89511849 6.99211963
6.35100807 8.89509372 6.99212032
6.35108388 8.89507049 6.99212093
6.35115475 8.89504870 6.99212146
6.35122103 8.89502827 6.99212193
6.35128300 8.89500912 6.99212234
6.35134095 8.89499116 6.99212269
6.35139514 8.89497433 6.99212300
6.35144581 8.89495855 6.99212328
6.35149319 8.89494375 6.99212352
6.35153750 8.89492989 6.99212372
6.35157892 8.89491690 6.99212391
6.35161767 8.89490472 6.99212407
6.35165389 8.89489331 6.99212421
6.35168777 8.89488262 6.99212433
6.35171945 8.89487260 6.99212443
6.35174907 8.89486322 6.99212453
6.35177677 8.89485442 6.99212461
6.35180267 8.89484618 6.99212468
6.35182689 8.89483847 6.99212474
6.35184954 8.89483124 6.99212480
6.35187073 8.89482446 6.99212485
6.35189054 8.89481812 6.99212489
6.35190906 8.89481218 6.99212492
6.35192638 8.89480662 6.99212496
6.35194258 8.89480141 6.99212498
6.35195773 8.89479653 6.99212501
6.35197189 8.89479196 6.99212503
6.35198514 8.89478768 6.99212505
6.35199753 8.89478367 6.99212507
6.35200911 8.89477992 6.99212508
6.35201995 8.89477640 6.99212509
6.35203008 8.89477311 6.99212510
