0.53604689 4.03583404 3.25867045
0.55369863 4.02317077 3.30577310
0.57102114 4.01019492 3.35253974
0.58802124 3.99690985 3.39902503
0.60470626 3.98332016 3.44527966
0.62108389 3.96943186 3.49134912
0.63716206 3.95525244 3.53727264
0.65294877 3.94079097 3.58308211
0.66845200 3.92605825 3.62880114
0.68367954 3.91106684 3.67444421
0.69863893 3.89583116 3.72001593
0.71333734 3.88036755 3.76551045
0.72778146 3.86469426 3.81091105
0.74197741 3.84883150 3.85618995
0.75593070 3.83280139 3.90130825
0.76964615 3.81662793 3.94621623
0.78312780 3.80033685 3.99085377
0.79637896 3.78395557 4.03515117
0.80940210 3.76751295 4.07903013
0.82219893 3.75103916 4.12240503
0.83477033 3.73456540 4.16518442
0.84711646 3.71812368 4.20727273
0.85923677 3.70174647 4.24857212
0.87113006 3.68546649 4.28898444
0.88279458 3.66931626 4.32841322
0.89422810 3.65332790 4.36676565
0.90542803 3.63753272 4.40395448
0.91639153 3.62196092 4.43989971
0.92711563 3.60664132 4.47453014
0.93759732 3.59160105 4.50778459
0.94783367 3.57686534 4.53961291
0.95782196 3.56245729 4.56997661
0.96755977 3.54839772 4.59884918
0.97704504 3.53470503 4.62621608
0.98627618 3.52139516 4.65207454
0.99525211 3.50848148 4.67643292
1.00397231 3.49597487 4.69931004
1.01243685 3.48388373 4.72073419
1.02064641 3.47221403 4.74074206
1.02860230 3.46096947 4.75937763
1.03630641 3.45015153 4.77669094
1.04376121 3.43975970 4.79273693
1.05096974 3.42979158 4.80757428
1.05793556 3.42024307 4.82126431
1.06466268 3.41110856 4.83386999
1.07115556 3.40238108 4.84545499
1.07741904 3.39405246 4.85608294
1.08345827 3.38611355 4.86581667
1.08927870 3.37855434 4.87471765
1.09488600 3.37136412 4.88284553
1.10028603 3.36453161 4.89025772
1.10548479 3.35804513 4.89700915
1.11048836 3.35189267 4.90315201
1.11530290 3.34606202 4.90873565
1.11993459 3.34054087 4.91380647
1.12438957 3.33531687 4.91840795
1.12867400 3.33037775 4.92258064
1.13279392 3.32571133 4.92636221
1.13675534 3.32130561 4.92978756
1.14056411 3.31714882 4.93288891
1.14422602 3.31322943 4.93569592
1.14774669 3.30953620 4.93823585
1.15113162 3.30605822 4.94053366
1.15438615 3.30278488 4.94261217
1.15751546 3.29970594 4.94449224
1.16052458 3.29681153 4.94619284
1.16341837 3.29409212 4.94773123
1.16620154 3.29153855 4.94912310
1.16887860 3.28914206 4.95038268
1.17145394 3.28689420 4.95152285
1.17393174 3.28478695 4.95255528
1.17631605 3.28281259 4.95349052
1.17861076 3.28096378 4.95433809
1.18081958 3.27923351 4.95510660
1.18294610 3.27761511 4.95580381
1.18499374 3.27610224 4.95643671
1.18696578 3.27468885 4.95701161
1.18886536 3.27336920 4.95753418
1.19069550 3.27213786 4.95800953
1.19245908 3.27098966 4.95844227
1.19415884 3.26991971 4.95883653
1.19579742 3.26892335 4.95919605
1.19737734 3.26799622 4.95952416
1.19890100 3.26713413 4.95982389
1.20037071 3.26633318 4.96009794
1.20178865 3.26558963 4.96034876
1.20315694 3.26489999 4.96057854
1.20447757 3.26426093 4.96078925
1.20575246 3.26366932 4.96098267
1.20698344 3.26312221 4.96116040
1.20817225 3.26261681 4.96132387
1.20932058 3.26215050 4.96147440
1.21043001 3.26172079 4.96161314
1.21150207 3.26132535 4.96174115
1.21253821 3.26096199 4.96185938
1.21353984 3.26062863 4.96196868
1.21450827 3.26032332 4.96206984
1.21544478 3.26004423 4.96216356
1.21635059 3.25978963 4.96225046
1.21722686 3.25955790 4.96233112
1.21807470 3.25934751 4.96240607
1.21889518 3.25915703 4.96247575
1.21968932 3.25898511 4.96254062
1.22045807 3.25883048 4.96260104
1.22120239 3.25869195 4.96265738
1.22192317 3.25856841 4.96270996
1.22262124 3.25845881 4.96275906
1.22329745 3.25836216 4.96280494
1.22395256 3.25827754 4.96284786
1.22458733 3.25820408 4.96288804
1.22520249 3.25814098 4.96292566
1.22579871 3.25808746 4.96296093
1.22637667 3.25804283 4.96299400
1.22693699 3.25800641 4.96302504
1.22748029 3.25797758 4.96305419
1.22800716 3.25795574 4.96308157
1.22851814 3.25794036 4.96310731
1.22901379 3.25793093 4.96313151
1.22949462 3.25792695 4.96315429
1.22996112 3.25792799 4.96317573
1.23041378 3.25793362 4.96319592
1.23085305 3.25794346 4.96321494
1.23127937 3.25795714 4.96323287
1.23169318 3.25797432 4.96324978
1.23209487 3.25799468 4.96326572
1.23248484 3.25801792 4.96328076
1.23286347 3.25804377 4.96329496
1.23323113 3.25807198 4.96330837
1.23358815 3.25810230 4.96332102
1.23393489 3.25813450 4.96333298
1.23427167 3.25816839 4.96334428
1.23459879 3.25820377 4.96335495
1.23491657 3.25824046 4.96336504
1.23522530 3.25827829 4.96337459
1.23552524 3.25831712 4.96338361
1.23581668 3.25835679 4.96339214
1.23609988 3.25839718 4.96340021
1.23637509 3.25843816 4.96340785
1.23664255 3.25847963 4.96341507
1.23690250 3.25852147 4.96342191
1.23715517 3.25856359 4.96342838
1.23740077 3.25860590 4.96343451
1.23763951 3.25864832 4.96344031
1.23787161 3.25869078 4.96344580
1.23809725 3.25873321 4.96345100
1.23831664 3.25877554 4.96345593
1.23852995 3.25881772 4.96346059
1.23873736 3.25885969 4.96346501
1.23893906 3.25890141 4.96346920
1.23913519 3.25894284 4.96347316
1.23932593 3.25898392 4.96347692
1.23951144 3.25902464 4.96348048
1.23969186 3.25906495 4.96348385
1.23986734 3.25910483 4.96348705
1.24003803 3.25914425 4.96349007
1.24020405 3.25918319 4.96349294
1.24036555 3.25922163 4.96349566
1.24052266 3.25925956 4.96349824
1.24067549 3.25929695 4.96350068
1.24082418 3.25933379 4.96350300
1.24096883 3.25937008 4.96350519
1.24110956 3.25940579 4.96350727
1.24124649 3.25944094 4.96350925
1.24137971 3.25947550 4.96351112
1.24150934 3.25950947 4.96351289
1.24163548 3.25954286 4.96351457
1.24175821 3.25957565 4.96351616
1.24187764 3.25960785 4.96351767
1.24199386 3.25963946 4.96351910
1.24210696 3.25967047 4.96352046
1.24221702 3.25970089 4.96352175
1.24232413 3.25973073 4.96352297
1.24242837 3.25975997 4.96352412
1.24252982 3.25978864 4.96352522
1.24262855 3.25981673 4.96352626
1.24272465 3.25984424 4.96352724
1.24281818 3.25987119 4.96352818
1.24290921 3.25989758 4.96352907
1.24299781 3.25992341 4.96352991
1.24308405 3.25994869 4.96353070
1.24316799 3.25997343 4.96353146
1.24324970 3.25999763 4.96353218
1.24332923 3.26002131 4.96353286
1.24340664 3.26004447 4.96353350
1.24348200 3.26006711 4.96353411
1.24355536 3.26008925 4.96353469
1.24362677 3.26011089 4.96353524
1.24369628 3.26013205 4.96353576
1.24376395 3.26015272 4.96353626
1.24382983 3.26017292 4.96353672
1.24389396 3.26019266 4.96353717
1.24395639 3.26021194 4.96353759
1.24401716 3.26023078 4.96353799
1.24407633 3.26024917 4.96353837
1.24413394 3.26026714 4.96353873
1.24419002 3.26028468 4.96353907
1.24424461 3.26030181 4.96353939
1.24429777 3.26031853 4.96353970
1.24434952 3.26033485 4.96353999
1.24439990 3.26035079 4.96354026
1.24444895 3.26036634 4.96354053
1.24449671 3.26038152 4.96354077
1.24454321 3.26039633 4.96354101
1.24458848 3.26041078 4.96354123
1.24463256 3.26042489 4.96354144
1.24467547 3.26043865 4.96354164
1.24471726 3.26045207 4.96354183
1.24475794 3.26046516 4.96354201
1.24479755 3.26047794 4.96354218
1.24483612 3.26049040 4.96354235
1.24487367 3.26050255 4.96354250
1.24491024 3.26051440 4.96354265
1.24494584 3.26052596 4.96354278
1.24498050 3.26053723 4.96354292
1.24501426 3.26054823 4.96354304
1.24504712 3.26055894 4.96354316
1.24507912 3.26056940 4.96354327
1.24511028 3.26057959 4.96354338
1.24514062 3.26058952 4.96354348
1.24517017 3.26059921 4.96354357
1.24519893 3.26060865 4.96354366
1.24522694 3.26061785 4.96354375
1.24525422 3.26062683 4.96354383
1.24528078 3.26063557 4.96354391
1.24530664 3.26064410 4.96354398
1.24533182 3.26065241 4.96354405
1.24535634 3.26066051 4.96354411
1.24538022 3.26066841 4.96354418
1.24540347 3.26067610 4.96354424
1.24542611 3.26068360 4.96354429
1.24544815 3.26069091 4.96354435
1.24546962 3.26069803 4.96354440
1.24549052 3.26070497 4.96354444
1.24551088 3.26071174 4.96354449
1.24553070 3.26071833 4.96354453
1.24555000 3.26072475 4.96354457
1.24556880 3.26073101 4.96354461
1.24558710 3.26073711 4.96354465
1.24560492 3.26074305 4.96354468
1.24562228 3.26074884 4.96354472
1.24563918 3.26075448 4.96354475
1.24565563 3.26075998 4.96354478
1.24567166 3.26076533 4.96354481
1.24568727 3.26077055 4.96354483
1.24570246 3.26077564 4.96354486
1.24571726 3.26078059 4.96354488
1.24573167 3.26078541 4.96354490
1.24574570 3.26079012 4.96354493
1.24575937 3.26079470 4.96354495
1.24577268 3.26079916 4.96354497
1.24578563 3.26080350 4.96354498
1.24579825 3.26080774 4.96354500
1.24581054 3.26081186 4.96354502
1.24582251 3.26081588 4.96354503
1.24583416 3.26081980 4.96354505
1.24584551 3.26082361 4.96354506
1.24585656 3.26082732 4.96354508
1.24586732 3.26083094 4.96354509
1.24587780 3.26083447 4.96354510
1.24588800 3.26083790 4.96354511
1.24589794 3.26084125 4.96354512
1.24590762 3.26084450 4.96354513
