7.77404838 9.71826426 1.70085811
7.77597833 9.70159817 1.72908508
7.77807950 9.68485713 1.75763707
7.78035493 9.66803682 1.78653761
7.78280759 9.65113236 1.81581251
7.78544038 9.63413834 1.84548993
7.78825608 9.61704885 1.87560041
7.79125741 9.59985741 1.90617694
7.79444696 9.58255703 1.93725496
7.79782720 9.56514018 1.96887244
7.80140049 9.54759883 2.00106986
7.80516902 9.52992443 2.03389030
7.80913481 9.51210793 2.06737940
7.81329970 9.49413979 2.10158538
7.81766528 9.47601003 2.13655904
7.82223289 9.45770820 2.17235371
7.82700356 9.43922345 2.20902517
7.83197798 9.42054453 2.24663162
7.83715641 9.40165985 2.28523351
7.84253869 9.38255751 2.32489338
7.84812408 9.36322534 2.36567566
7.85391127 9.34365098 2.40764641
7.85989824 9.32382191 2.45087294
7.86608220 9.30372555 2.49542347
7.87245948 9.28334934 2.54136659
7.87902541 9.26268080 2.58877070
7.88577424 9.24170767 2.63770341
7.89269899 9.22041797 2.68823069
7.89979134 9.19880016 2.74041611
7.90704150 9.17684327 2.79431987
7.91443810 9.15453700 2.84999780
7.92196804 9.13187186 2.90750028
7.92961640 9.10883935 2.96687113
7.93736631 9.08543210 3.02814648
7.94519889 9.06164397 3.09135364
7.95309316 9.03747024 3.15651003
7.96102600 9.01290772 3.22362230
7.96897217 8.98795487 3.29268545
7.97690430 8.96261191 3.36368231
7.98479299 8.93688088 3.43658320
7.99260691 8.91076572 3.51134588
8.00031300 8.88427228 3.58791587
8.00787667 8.85740836 3.66622710
8.01526212 8.83018362 3.74620284
8.02243262 8.80260957 3.82775705
8.02935093 8.77469949 3.91079587
8.03597968 8.74646831 3.99521930
8.04228191 8.71793252 4.08092305
8.04822145 8.68911004 4.16780017
8.05376349 8.66002008 4.25574270
8.05887503 8.63068312 4.34464288
8.06352539 8.60112072 4.43439408
8.06768668 8.57135553 4.52489117
8.07133420 8.54141128 4.61603038
8.07444685 8.51131272 4.70770866
8.07700746 8.48108570 4.79982243
8.07900305 8.45075727 4.89226589
8.08042511 8.42035572 4.98492905
8.08126967 8.38991072 5.07769546
8.08153746 8.35945340 5.17043991
8.08123388 8.32901651 5.26302633
8.08036901 8.29863441 5.35530596
8.07895744 8.26834318 5.44711603
8.07701815 8.23818054 5.53827915
8.07457425 8.20818581 5.62860346
8.07165270 8.17839974 5.71788364
8.06828395 8.14886428 5.80590287
8.06450157 8.11962230 5.89243560
8.06034176 8.09071720 5.97725116
8.05584292 8.06219252 6.06011793
8.05104509 8.03409141 6.14080809
8.04598947 8.00645618 6.21910242
8.04071782 7.97932775 6.29479528
8.03527194 7.95274514 6.36769916
8.02969316 7.92674499 6.43764886
8.02402180 7.90136112 6.50450498
8.01829673 7.87662410 6.56815652
8.01255494 7.85256097 6.62852269
8.00683118 7.82919497 6.68555360
8.00115763 7.80654535 6.73923018
7.99556371 7.78462734 6.78956311
7.99007590 7.76345209 6.83659104
7.98471761 7.74302675 6.88037818
7.97950917 7.72335465 6.92101137
7.97446786 7.70443541 6.95859693
7.96960796 7.68626524 6.99325726
7.96494089 7.66883720 7.02512742
7.96047536 7.65214147 7.05435188
7.95621756 7.63616570 7.08108137
7.95217136 7.62089531 7.10547007
7.94833853 7.60631382 7.12767307
7.94471897 7.59240312 7.14784416
7.94131094 7.57914382 7.16613403
7.93811127 7.56651549 7.18268874
7.93511558 7.55449694 7.19764855
7.93231845 7.54306640 7.21114707
7.92971368 7.53220182 7.22331059
7.92729436 7.52188096 7.23425777
7.92505312 7.51208163 7.24409939
7.92298220 7.50278178 7.25293839
7.92107360 7.49395965 7.26086993
7.91931920 7.48559388 7.26798165
7.91771082 7.47766353 7.27435391
7.91624031 7.47014824 7.28006020
7.91489966 7.46302821 7.28516748
7.91368096 7.45628427 7.28973664
7.91257655 7.44989792 7.29382285
7.91157898 7.44385133 7.29747606
7.91068106 7.43812736 7.30074133
7.90987591 7.43270956 7.30365932
7.90915692 7.42758219 7.30626659
7.90851780 7.42273016 7.30859601
7.90795258 7.41813911 7.31067707
7.90745558 7.41379530 7.31253624
7.90702146 7.40968565 7.31419721
7.90664516 7.40579773 7.31568118
7.90632194 7.40211968 7.31700713
7.90604734 7.39864026 7.31819201
7.90581720 7.39534878 7.31925096
7.90562760 7.39223512 7.32019752
7.90547490 7.38928964 7.32104375
7.90535573 7.38650325 7.32180044
7.90526691 7.38386730 7.32247718
7.90520553 7.38137360 7.32308257
7.90516886 7.37901443 7.32362423
7.90515441 7.37678243 7.32410900
7.90515983 7.37467069 7.32454295
7.90518300 7.37267264 7.32493151
7.90522193 7.37078206 7.32527951
7.90527481 7.36899310 7.32559127
7.90533997 7.36730021 7.32587063
7.90541587 7.36569813 7.32612103
7.90550112 7.36418192 7.32634552
7.90559443 7.36274688 7.32654685
7.90569463 7.36138859 7.32672745
7.90580066 7.36010287 7.32688950
7.90591153 7.35888577 7.32703494
7.90602638 7.35773354 7.32716550
7.90614439 7.35664266 7.32728275
7.90626486 7.35560979 7.32738806
7.90638712 7.35463179 7.32748267
7.90651059 7.35370567 7.32756770
7.90663474 7.35282863 7.32764413
7.90675910 7.35199801 7.32771284
7.90688325 7.35121130 7.32777464
7.90700682 7.35046612 7.32783022
7.90712948 7.34976024 7.32788023
7.90725093 7.34909154 7.32792524
7.90737091 7.34845801 7.32796575
7.90748921 7.34785777 7.32800222
7.90760564 7.34728903 7.32803507
7.90772002 7.34675009 7.32806465
7.90783221 7.34623937 7.32809129
7.90794211 7.34575535 7.32811530
7.90804960 7.34529660 7.32813694
7.90815461 7.34486179 7.32815645
7.90825708 7.34444962 7.32817403
7.90835696 7.34405891 7.32818988
7.90845422 7.34368850 7.32820418
7.90854884 7.34333732 7.32821708
7.90864080 7.34300434 7.32822871
7.90873010 7.34268862 7.32823920
7.90881676 7.34238923 7.32824868
7.90890078 7.34210531 7.32825722
7.90898220 7.34183605 7.32826494
7.90906103 7.34158067 7.32827190
7.90913731 7.34133844 7.32827819
7.90921109 7.34110868 7.32828387
7.90928239 7.34089073 7.32828900
7.90935127 7.34068397 7.32829363
7.90941778 7.34048781 7.32829782
7.90948196 7.34030170 7.32830160
7.90954387 7.34012511 7.32830501
7.90960356 7.33995756 7.32830810
7.90966109 7.33979856 7.32831088
7.90971651 7.33964768 7.32831340
7.90976988 7.33950449 7.32831568
7.90982125 7.33936860 7.32831774
7.90987068 7.33923961 7.32831960
7.90991823 7.33911719 7.32832128
7.90996396 7.33900098 7.32832281
7.91000792 7.33889067 7.32832418
7.91005017 7.33878595 7.32832542
7.91009076 7.33868654 7.32832655
7.91012974 7.33859216 7.32832757
7.91016718 7.33850255 7.32832849
7.91020311 7.33841747 7.32832932
7.91023760 7.33833668 7.32833007
7.91027069 7.33825997 7.32833075
7.91030244 7.33818712 7.32833137
7.91033288 7.33811794 7.32833193
7.91036208 7.33805225 7.32833243
7.91039006 7.33798985 7.32833289
7.91041689 7.33793059 7.32833330
7.91044259 7.33787431 7.32833367
7.91046722 7.33782085 7.32833401
7.91049081 7.33777007 7.32833432
7.91051341 7.33772184 7.32833459
7.91053505 7.33767601 7.32833484
7.91055577 7.33763249 7.32833507
7.91057560 7.33759113 7.32833528
7.91059458 7.33755185 7.32833546
7.91061275 7.33751452 7.32833563
7.91063013 7.33747906 7.32833578
7.91064676 7.33744536 7.32833592
7.91066267 7.33741335 7.32833604
7.91067789 7.33738293 7.32833616
7.91069244 7.33735402 7.32833626
7.91070636 7.33732655 7.32833635
7.91071967 7.33730045 7.32833644
7.91073239 7.33727564 7.32833651
7.91074455 7.33725206 7.32833658
7.91075617 7.33722966 7.32833664
7.91076728 7.33720837 7.32833670
7.91077789 7.33718813 7.32833675
7.91078803 7.33716889 7.32833680
7.91079772 7.33715061 7.32833684
7.91080698 7.33713323 7.32833688
7.91081583 7.33711671 7.32833691
7.91082427 7.33710101 7.32833694
7.91083234 7.33708609 7.32833697
7.91084004 7.33707190 7.32833699
7.91084740 7.33705841 7.32833702
7.91085442 7.33704559 7.32833704
7.91086113 7.33703340 7.32833706
7.91086753 7.33702181 7.32833707
7.91087365 7.33701080 7.32833709
7.91087948 7.33700032 7.32833710
7.91088505 7.33699036 7.32833712
7.91089037 7.33698090 7.32833713
7.91089544 7.33697189 7.32833714
