9.38382380 2.79521580 1.61143928
9.36975420 2.80302331 1.63750299
9.35560622 2.81113260 1.66428004
9.34137436 2.81955132 1.69181917
9.32705267 2.82828726 1.72017241
9.31263481 2.83734843 1.74939518
9.29811398 2.84674302 1.77954649
9.28348298 2.85647943 1.81068917
9.26873410 2.86656627 1.84289005
9.25385924 2.87701238 1.87622014
9.23884981 2.88782680 1.91075489
9.22369677 2.89901880 1.94657436
9.20839061 2.91059786 1.98376340
9.19292142 2.92257367 2.02241188
9.17727880 2.93495612 2.06261479
9.16145199 2.94775524 2.10447233
9.14542983 2.96098123 2.14809002
9.12920080 2.97464436 2.19357859
9.11275312 2.98875491 2.24105385
9.09607480 3.00332314 2.29063640
9.07915369 3.01835913 2.34245114
9.06197763 3.03387269 2.39662649
9.04453460 3.04987316 2.45329344
9.02681284 3.06636928 2.51258410
9.00880107 3.08336886 2.57462990
8.99048872 3.10087857 2.63955919
8.97186625 3.11890358 2.70749429
8.95292540 3.13744712 2.77854782
8.93365962 3.15651011 2.85281824
8.91406448 3.17609054 2.93038457
8.89413813 3.19618299 3.01130028
8.87388179 3.21677793 3.09558635
8.85330033 3.23786108 3.18322361
8.83240282 3.25941268 3.27414466
8.81120306 3.28140687 3.36822560
8.78972016 3.30381095 3.46527814
8.76797896 3.32658489 3.56504261
8.74601039 3.34968085 3.66718279
8.72385176 3.37304298 3.77128318
8.70154669 3.39660741 3.87684981
8.67914496 3.42030263 3.98331502
8.65670204 3.44405013 4.09004699
8.63427836 3.46776549 4.19636401
8.61193826 3.49135976 4.30155315
8.58974872 3.51474130 4.40489251
8.56777794 3.53781773 4.50567564
8.54609373 3.56049812 4.60323635
8.52476191 3.58269522 4.69697203
8.50384470 3.60432756 4.78636353
8.48339942 3.62532135 4.87099023
8.46347723 3.64561196 4.95053917
8.44412232 3.66514514 5.02480802
8.42537134 3.68387760 5.09370216
8.40725315 3.70177727 5.15722679
8.38978890 3.71882310 5.21547516
8.37299236 3.73500446 5.26861442
8.35687043 3.75032029 5.31687037
8.34142381 3.76477810 5.36051222
8.32664776 3.77839273 5.39983835
8.31253287 3.79118520 5.43516371
8.29906591 3.80318149 5.46680905
8.28623050 3.81441146 5.49509232
8.27400788 3.82490777 5.52032192
8.26237746 3.83470500 5.54279191
8.25131743 3.84383883 5.56277873
8.24080517 3.85234544 5.58053920
8.23081770 3.86026085 5.59630966
8.22133193 3.86762061 5.61030582
8.21232497 3.87445934 5.62272326
8.20377431 3.88081054 5.63373830
8.19565798 3.88670636 5.64350920
8.18795465 3.89217751 5.65217741
8.18064373 3.89725314 5.65986902
8.17370543 3.90196083 5.66669609
8.16712077 3.90632656 5.67275806
8.16087161 3.91037474 5.67814297
8.15494063 3.91412825 5.68292873
8.14931136 3.91760847 5.68718418
8.14396813 3.92083536 5.69097013
8.13889607 3.92382750 5.69434025
8.13408106 3.92660218 5.69734194
8.12950972 3.92917547 5.70001703
8.12516938 3.93156228 5.70240243
8.12104801 3.93377644 5.70453075
8.11713427 3.93583078 5.70643079
8.11341737 3.93773716 5.70812799
8.10988715 3.93950658 5.70964484
8.10653395 3.94114920 5.71100125
8.10334866 3.94267444 5.71221483
8.10032264 3.94409100 5.71330118
8.09744771 3.94540692 5.71427411
8.09471616 3.94662965 5.71514589
8.09212064 3.94776606 5.71592740
8.08965423 3.94882251 5.71662830
8.08731036 3.94980487 5.71725717
8.08508281 3.95071858 5.71782164
8.08296569 3.95156866 5.71832851
8.08095342 3.95235976 5.71878384
8.07904072 3.95309615 5.71919300
8.07722256 3.95378182 5.71956080
8.07549419 3.95442043 5.71989154
8.07385112 3.95501538 5.72018905
8.07228906 3.95556980 5.72045673
8.07080397 3.95608661 5.72069765
8.06939201 3.95656848 5.72091455
8.06804952 3.95701791 5.72110987
8.06677306 3.95743720 5.72128579
8.06555932 3.95782848 5.72144429
8.06440521 3.95819373 5.72158711
8.06330777 3.95853477 5.72171584
8.06226418 3.95885330 5.72183189
8.06127177 3.95915089 5.72193653
8.06032803 3.95942900 5.72203090
8.05943054 3.95968897 5.72211601
8.05857703 3.95993205 5.72219279
8.05776531 3.96015941 5.72226207
8.05699334 3.96037213 5.72232459
8.05625916 3.96057119 5.72238100
8.05556090 3.96075754 5.72243193
8.05489680 3.96093202 5.72247790
8.05426518 3.96109545 5.72251941
8.05366445 3.96124856 5.72255688
8.05309308 3.96139204 5.72259073
8.05254965 3.96152654 5.72262129
8.05203277 3.96165264 5.72264889
8.05154115 3.96177092 5.72267383
8.05107355 3.96188187 5.72269635
8.05062879 3.96198599 5.72271670
8.05020576 3.96208372 5.72273509
8.04980338 3.96217547 5.72275170
8.04942065 3.96226164 5.72276671
8.04905661 3.96234258 5.72278027
8.04871035 3.96241863 5.72279253
8.04838099 3.96249010 5.72280361
8.04806771 3.96255728 5.72281362
8.04776972 3.96262045 5.72282267
8.04748628 3.96267986 5.72283085
8.04721667 3.96273575 5.72283825
8.04696022 3.96278834 5.72284493
8.04671628 3.96283784 5.72285097
8.04648425 3.96288443 5.72285644
8.04626355 3.96292830 5.72286138
8.04605361 3.96296961 5.72286584
8.04585392 3.96300853 5.72286988
8.04566397 3.96304520 5.72287353
8.04548330 3.96307976 5.72287683
8.04531144 3.96311233 5.72287981
8.04514796 3.96314304 5.72288251
8.04499246 3.96317200 5.72288495
8.04484456 3.96319932 5.72288716
8.04470386 3.96322508 5.72288916
8.04457004 3.96324939 5.72289096
8.04444274 3.96327234 5.72289259
8.04432166 3.96329399 5.72289407
8.04420648 3.96331444 5.72289540
8.04409693 3.96333374 5.72289661
8.04399272 3.96335197 5.72289770
8.04389359 3.96336919 5.72289869
8.04379931 3.96338546 5.72289958
8.04370962 3.96340083 5.72290039
8.04362431 3.96341536 5.72290112
8.04354317 3.96342909 5.72290178
8.04346598 3.96344207 5.72290238
8.04339257 3.96345434 5.72290292
8.04332273 3.96346595 5.72290341
8.04325631 3.96347693 5.72290385
8.04319312 3.96348731 5.72290425
8.04313302 3.96349713 5.72290461
8.04307585 3.96350642 5.72290494
8.04302148 3.96351522 5.72290524
8.04296976 3.96352354 5.72290550
8.04292056 3.96353142 5.72290575
8.04287376 3.96353888 5.72290597
8.04282925 3.96354594 5.72290616
8.04278691 3.96355262 5.72290634
8.04274664 3.96355895 5.72290650
8.04270833 3.96356495 5.72290665
8.04267190 3.96357063 5.72290678
8.04263724 3.96357601 5.72290690
8.04260428 3.96358111 5.72290701
8.04257292 3.96358594 5.72290711
8.04254310 3.96359052 5.72290720
8.04251473 3.96359486 5.72290728
8.04248774 3.96359897 5.72290735
8.04246208 3.96360287 5.72290742
8.04243766 3.96360657 5.72290748
8.04241444 3.96361007 5.72290753
8.04239236 3.96361339 5.72290758
8.04237135 3.96361654 5.72290762
8.04235137 3.96361953 5.72290766
8.04233236 3.96362236 5.72290770
8.04231428 3.96362505 5.72290773
8.04229708 3.96362760 5.72290776
8.04228073 3.96363002 5.72290779
8.04226517 3.96363231 5.72290781
8.04225037 3.96363449 5.72290784
8.04223630 3.96363655 5.72290785
8.04222291 3.96363851 5.72290787
8.04221018 3.96364037 5.72290789
8.04219806 3.96364214 5.72290790
8.04218654 3.96364381 5.72290792
8.04217559 3.96364540 5.72290793
8.04216516 3.96364691 5.72290794
