4.87954091 8.26567295 1.84308301
4.87919516 8.25922064 1.84723879
4.87891377 8.25282523 1.85131779
4.87869897 8.24648666 1.85532150
4.87855300 8.24020478 1.85925164
4.87847816 8.23397933 1.86311014
4.87847679 8.22780997 1.86689913
4.87855127 8.22169624 1.87062095
4.87870402 8.21563760 1.87427814
4.87893751 8.20963344 1.87787347
4.87925425 8.20368303 1.88140988
4.87965680 8.19778557 1.88489055
4.88014776 8.19194017 1.88831885
4.88072980 8.18614587 1.89169837
4.88140563 8.18040162 1.89503293
4.88217799 8.17470628 1.89832654
4.88304971 8.16905867 1.90158344
4.88402363 8.16345750 1.90480811
4.88510267 8.15790143 1.90800525
4.88628980 8.15238904 1.91117980
4.88758803 8.14691886 1.91433693
4.88900041 8.14148935 1.91748207
4.89053006 8.13609889 1.92062090
4.89218013 8.13074583 1.92375936
4.89395383 8.12542846 1.92690365
4.89585440 8.12014501 1.93006025
4.89788511 8.11489367 1.93323592
4.90004927 8.10967256 1.93643769
4.90235023 8.10447980 1.93967290
4.90479135 8.09931343 1.94294917
4.90737600 8.09417149 1.94627442
4.91010758 8.08905196 1.94965687
4.91298948 8.08395281 1.95310504
4.91602507 8.07887200 1.95662773
4.91921772 8.07380744 1.96023406
4.92257076 8.06875706 1.96393342
4.92608749 8.06371876 1.96773547
4.92977114 8.05869047 1.97165017
4.93362486 8.05367009 1.97568767
4.93765173 8.04865555 1.97985837
4.94185472 8.04364482 1.98417288
4.94623667 8.03863585 1.98864195
4.95080027 8.03362668 1.99327645
4.95554805 8.02861535 1.99808733
4.96048233 8.02359998 2.00308558
4.96560522 8.01857874 2.00828213
4.97091860 8.01354988 2.01368782
4.97642405 8.00851172 2.01931328
4.98212286 8.00346269 2.02516890
4.98801599 7.99840131 2.03126470
4.99410403 7.99332622 2.03761023
5.00038719 7.98823620 2.04421447
5.00686522 7.98313015 2.05108570
5.01353745 7.97800713 2.05823140
5.02040270 7.97286635 2.06565811
5.02745926 7.96770722 2.07337128
5.03470490 7.96252930 2.08137516
5.04213678 7.95733238 2.08967265
5.04975148 7.95211642 2.09826518
5.05754495 7.94688163 2.10715257
5.06551250 7.94162840 2.11633293
5.07364875 7.93635737 2.12580251
5.08194770 7.93106943 2.13555566
5.09040264 7.92576568 2.14558470
5.09900620 7.92044746 2.15587991
5.10775034 7.91511636 2.16642946
5.11662635 7.90977420 2.17721942
5.12562491 7.90442303 2.18823378
5.13473607 7.89906511 2.19945451
5.14394931 7.89370295 2.21086160
5.15325359 7.88833921 2.22243326
5.16263737 7.88297679 2.23414599
5.17208868 7.87761874 2.24597480
5.18159517 7.87226824 2.25789340
5.19114420 7.86692864 2.26987446
5.20072288 7.86160339 2.28188981
5.21031817 7.85629601 2.29391078
5.21991694 7.85101010 2.30590844
5.22950604 7.84574930 2.31785388
5.23907241 7.84051725 2.32971853
5.24860313 7.83531758 2.34147444
5.25808551 7.83015389 2.35309452
5.26750716 7.82502971 2.36455283
5.27685604 7.81994849 2.37582479
5.28612058 7.81491356 2.38688740
5.29528968 7.80992813 2.39771940
5.30435277 7.80499526 2.40830143
5.31329991 7.80011786 2.41861616
5.32212177 7.79529866 2.42864832
5.33080967 7.79054017 2.43838478
5.33935564 7.78584475 2.44781456
5.34775240 7.78121452 2.45692881
5.35599337 7.77665141 2.46572077
5.36407272 7.77215714 2.47418568
5.37198530 7.76773319 2.48232071
5.37972666 7.76338087 2.49012487
5.38729306 7.75910124 2.49759883
5.39468141 7.75489521 2.50474484
5.40188926 7.75076343 2.51156658
5.40891479 7.74670643 2.51806899
5.41575674 7.74272450 2.52425814
5.42241444 7.73881779 2.53014111
5.42888771 7.73498629 2.53572580
5.43517687 7.73122983 2.54102082
5.44128268 7.72754810 2.54603538
5.44720632 7.72394067 2.55077911
5.45294936 7.72040698 2.55526202
5.45851369 7.71694636 2.55949434
5.46390152 7.71355805 2.56348645
5.46911535 7.71024119 2.56724879
5.47415790 7.70699487 2.57079179
5.47903214 7.70381808 2.57412579
5.48374120 7.70070976 2.57726100
5.48828838 7.69766879 2.58020742
5.49267712 7.69469403 2.58297486
5.49691096 7.69178428 2.58557284
5.50099354 7.68893831 2.58801058
5.50492856 7.68615488 2.59029700
5.50871979 7.68343271 2.59244070
5.51237102 7.68077054 2.59444993
5.51588607 7.67816708 2.59633259
5.51926874 7.67562103 2.59809622
5.52252286 7.67313110 2.59974802
5.52565221 7.67069602 2.60129484
5.52866057 7.66831449 2.60274318
5.53155166 7.66598525 2.60409921
5.53432916 7.66370706 2.60536875
5.53699670 7.66147865 2.60655733
5.53955787 7.65929881 2.60767013
5.54201616 7.65716634 2.60871206
5.54437503 7.65508004 2.60968774
5.54663785 7.65303875 2.61060149
5.54880791 7.65104133 2.61145741
5.55088845 7.64908665 2.61225930
5.55288261 7.64717362 2.61301075
5.55479346 7.64530117 2.61371512
5.55662398 7.64346823 2.61437556
5.55837709 7.64167380 2.61499500
5.56005560 7.63991687 2.61557619
5.56166227 7.63819645 2.61612169
5.56319975 7.63651161 2.61663391
5.56467065 7.63486142 2.61711508
5.56607745 7.63324497 2.61756729
5.56742259 7.63166138 2.61799248
5.56870842 7.63010981 2.61839247
5.56993721 7.62858941 2.61876895
5.57111117 7.62709939 2.61912349
5.57223242 7.62563895 2.61945755
5.57330302 7.62420734 2.61977251
5.57432496 7.62280381 2.62006962
5.57530014 7.62142765 2.62035008
5.57623043 7.62007815 2.62061498
5.57711761 7.61875464 2.62086535
5.57796340 7.61745645 2.62110213
5.57876946 7.61618296 2.62132621
5.57953739 7.61493354 2.62153842
5.58026874 7.61370758 2.62173951
5.58096500 7.61250451 2.62193022
5.58162759 7.61132376 2.62211118
5.58225789 7.61016477 2.62228303
5.58285724 7.60902702 2.62244633
5.58342691 7.60790999 2.62260162
5.58396812 7.60681318 2.62274939
5.58448207 7.60573610 2.62289011
5.58496990 7.60467827 2.62302420
5.58543268 7.60363925 2.62315206
5.58587149 7.60261858 2.62327408
5.58628733 7.60161583 2.62339058
5.58668117 7.60063059 2.62350191
5.58705394 7.59966245 2.62360835
5.58740656 7.59871102 2.62371019
5.58773987 7.59777592 2.62380768
5.58805472 7.59685676 2.62390109
5.58835189 7.59595320 2.62399062
5.58863215 7.59506489 2.62407650
5.58889624 7.59419147 2.62415892
5.58914486 7.59333263 2.62423806
5.58937869 7.59248805 2.62431411
5.58959838 7.59165741 2.62438721
5.58980456 7.59084041 2.62445753
5.58999781 7.59003677 2.62452521
5.59017873 7.58924618 2.62459037
5.59034785 7.58846838 2.62465315
5.59050572 7.58770310 2.62471365
5.59065283 7.58695008 2.62477199
5.59078967 7.58620906 2.62482827
5.59091672 7.58547979 2.62488259
5.59103441 7.58476204 2.62493504
5.59114318 7.58405556 2.62498569
5.59124344 7.58336014 2.62503464
5.59133559 7.58267555 2.62508196
5.59142000 7.58200158 2.62512771
5.59149704 7.58133801 2.62517197
5.59156705 7.58068465 2.62521480
5.59163037 7.58004129 2.62525626
5.59168732 7.57940774 2.62529640
5.59173820 7.57878381 2.62533528
5.59178330 7.57816932 2.62537294
5.59182292 7.57756408 2.62540945
5.59185731 7.57696794 2.62544483
5.59188673 7.57638071 2.62547914
5.59191143 7.57580223 2.62551241
5.59193166 7.57523233 2.62554468
5.59194762 7.57467087 2.62557600
5.59195954 7.57411769 2.62560638
5.59196763 7.57357263 2.62563588
5.59197209 7.57303555 2.62566452
5.59197310 7.57250632 2.62569232
5.59197085 7.57198478 2.62571933
5.59196551 7.57147081 2.62574555
5.59195724 7.57096427 2.62577104
5.59194621 7.57046503 2.62579579
5.59193258 7.56997296 2.62581985
5.59191647 7.56948795 2.62584324
5.59189804 7.56900987 2.62586597
5.59187741 7.56853860 2.62588806
5.59185472 7.56807402 2.62590955
5.59183008 7.56761604 2.62593044
5.59180361 7.56716452 2.62595075
5.59177542 7.56671938 2.62597051
5.59174562 7.56628049 2.62598973
5.59171431 7.56584776 2.62600842
5.59168159 7.56542109 2.62602661
5.59164754 7.56500038 2.62604430
5.59161226 7.56458553 2.62606152
5.59157583 7.56417645 2.62607827
5.59153833 7.56377304 2.62609458
5.59149984 7.56337522 2.62611044
5.59146042 7.56298289 2.62612589
5.59142016 7.56259596 2.62614092
5.59137911 7.56221436 2.62615555
5.59133734 7.56183800 2.62616979
5.59129491 7.56146680 2.62618366
5.59125188 7.56110068 2.62619716
5.59120830 7.56073955 2.62621030
5.59116422 7.56038334 2.62622310
5.59111970 7.56003199 2.62623556
5.59107478 7.55968540 2.62624770
5.59102950 7.55934351 2.62625951
5.59098391 7.55900625 2.62627102
5.59093805 7.55867355 2.62628222
5.59089195 7.55834533 2.62629313
5.59084567 7.55802154 2.62630376
5.59079922 7.55770211 2.62631411
5.59075264 7.55738696 2.62632420
5.59070596 7.55707605 2.62633402
5.59065922 7.55676930 2.62634358
5.59061244 7.55646665 2.62635290
5.59056565 7.55616804 2.62636197
5.59051887 7.55587342 2.62637082
5.59047213 7.55558273 2.62637943
5.59042545 7.55529590 2.62638782
5.59037885 7.55501289 2.62639599
5.59033235 7.55473364 2.62640395
5.59028597 7.55445809 2.62641171
5.59023973 7.55418619 2.62641927
5.59019365 7.55391788 2.62642663
5.59014774 7.55365313 2.62643381
5.59010201 7.55339187 2.62644079
5.59005649 7.55313405 2.62644760
5.59001118 7.55287964 2.62645424
5.58996610 7.55262857 2.62646070
5.58992125 7.55238081 2.62646700
5.58987666 7.55213630 2.62647314
5.58983232 7.55189500 2.62647912
5.58978825 7.55165687 2.62648495
5.58974446 7.55142185 2.62649063
5.58970096 7.55118992 2.62649616
5.58965775 7.55096102 2.62650155
5.58961485 7.55073511 2.62650680
5.58957225 7.55051215 2.62651192
5.58952996 7.55029211 2.62651691
5.58948799 7.55007493 2.62652177
5.58944635 7.54986058 2.62652651
5.58940503 7.54964903 2.62653113
5.58936405 7.54944023 2.62653563
5.58932341 7.54923414 2.62654001
5.58928310 7.54903074 2.62654428
5.58924314 7.54882997 2.62654845
5.58920353 7.54863181 2.62655250
5.58916426 7.54843622 2.62655646
5.58912535 7.54824317 2.62656031
5.58908679 7.54805262 2.62656407
5.58904858 7.54786454 2.62656773
5.58901072 7.54767889 2.62657129
5.58897323 7.54749564 2.62657477
5.58893609 7.54731476 2.62657816
5.58889931 7.54713622 2.62658146
5.58886288 7.54695998 2.62658468
5.58882681 7.54678602 2.62658781
5.58879110 7.54661430 2.62659087
5.58875575 7.54644480 2.62659385
5.58872076 7.54627748 2.62659675
5.58868612 7.54611232 2.62659958
5.58865184 7.54594928 2.62660234
5.58861791 7.54578835 2.62660503
5.58858433 7.54562948 2.62660765
5.58855111 7.54547266 2.62661020
5.58851824 7.54531785 2.62661269
5.58848572 7.54516503 2.62661511
5.58845354 7.54501418 2.62661748
5.58842172 7.54486526 2.62661978
5.58839023 7.54471825 2.62662203
5.58835909 7.54457313 2.62662422
5.58832829 7.54442987 2.62662635
5.58829783 7.54428845 2.62662843
5.58826771 7.54414884 2.62663046
5.58823792 7.54401102 2.62663243
5.58820846 7.54387496 2.62663436
5.58817934 7.54374065 2.62663623
5.58815054 7.54360806 2.62663806
5.58812207 7.54347716 2.62663985
5.58809392 7.54334794 2.62664159
5.58806609 7.54322037 2.62664328
5.58803858 7.54309443 2.62664493
5.58801138 7.54297010 2.62664654
5.58798450 7.54284736 2.62664811
5.58795793 7.54272619 2.62664964
5.58793167 7.54260656 2.62665113
5.58790571 7.54248846 2.62665258
5.58788005 7.54237187 2.62665400
5.58785470 7.54225677 2.62665538
5.58782964 7.54214314 2.62665672
5.58780487 7.54203095 2.62665803
5.58778040 7.54192020 2.62665931
5.58775622 7.54181086 2.62666056
5.58773232 7.54170291 2.62666177
5.58770871 7.54159634 2.62666296
5.58768537 7.54149113 2.62666411
5.58766232 7.54138725 2.62666524
5.58763954 7.54128470 2.62666633
5.58761703 7.54118346 2.62666740
5.58759480 7.54108351 2.62666844
5.58757283 7.54098482 2.62666946
5.58755112 7.54088740 2.62667045
5.58752968 7.54079121 2.62667141
5.58750849 7.54069625 2.62667235
5.58748756 7.54060249 2.62667327
5.58746689 7.54050993 2.62667417
5.58744646 7.54041854 2.62667504
5.58742629 7.54032832 2.62667589
5.58740636 7.54023924 2.62667671
5.58738667 7.54015129 2.62667752
5.58736722 7.54006447 2.62667831
5.58734801 7.53997874 2.62667907
5.58732904 7.53989411 2.62667982
5.58731029 7.53981055 2.62668055
5.58729178 7.53972805 2.62668126
5.58727349 7.53964660 2.62668195
5.58725543 7.53956618 2.62668263
5.58723759 7.53948678 2.62668329
5.58721997 7.53940840 2.62668393
5.58720257 7.53933100 2.62668455
5.58718538 7.53925459 2.62668516
5.58716841 7.53917915 2.62668576
5.58715164 7.53910466 2.62668634
5.58713508 7.53903113 2.62668690
5.58711873 7.53895852 2.62668745
5.58710258 7.53888683 2.62668799
5.58708663 7.53881606 2.62668851
5.58707087 7.53874618 2.62668902
5.58705532 7.53867718 2.62668952
5.58703995 7.53860906 2.62669000
5.58702478 7.53854181 2.62669047
5.58700979 7.53847541 2.62669094
5.58699500 7.53840985 2.62669138
5.58698038 7.53834511 2.62669182
5.58696595 7.53828120 2.62669225
5.58695170 7.53821810 2.62669266
5.58693763 7.53815580 2.62669307
5.58692373 7.53809429 2.62669346
5.58691000 7.53803356 2.62669385
5.58689645 7.53797359 2.62669423
5.58688307 7.53791439 2.62669459
5.58686985 7.53785594 2.62669495
5.58685680 7.53779822 2.62669530
5.58684391 7.53774124 2.62669564
5.58683118 7.53768498 2.62669597
5.58681862 7.53762943 2.62669629
5.58680621 7.53757458 2.62669660
5.58679395 7.53752043 2.62669691
5.58678185 7.53746696 2.62669721
5.58676990 7.53741417 2.62669750
5.58675810 7.53736205 2.62669778
5.58674645 7.53731059 2.62669806
5.58673495 7.53725977 2.62669833
5.58672359 7.53720961 2.62669859
5.58671237 7.53716007 2.62669885
5.58670129 7.53711116 2.62669910
5.58669036 7.53706287 2.62669934
5.58667956 7.53701520 2.62669958
5.58666889 7.53696812 2.62669981
5.58665836 7.53692164 2.62670004
5.58664797 7.53687575 2.62670026
5.58663770 7.53683044 2.62670047
5.58662756 7.53678570 2.62670068
5.58661755 7.53674153 2.62670088
5.58660767 7.53669791 2.62670108
5.58659791 7.53665485 2.62670128
5.58658827 7.53661233 2.62670146
5.58657876 7.53657035 2.62670165
5.58656937 7.53652890 2.62670183
5.58656009 7.53648797 2.62670200
5.58655093 7.53644757 2.62670217
5.58654188 7.53640767 2.62670234
5.58653295 7.53636827 2.62670250
5.58652414 7.53632938 2.62670266
5.58651543 7.53629097 2.62670281
5.58650683 7.53625305 2.62670296
5.58649835 7.53621561 2.62670311
5.58648996 7.53617865 2.62670325
5.58648169 7.53614215 2.62670339
5.58647352 7.53610611 2.62670353
5.58646545 7.53607052 2.62670366
5.58645748 7.53603539 2.62670379
5.58644962 7.53600070 2.62670392
5.58644185 7.53596645 2.62670404
5.58643418 7.53593263 2.62670416
5.58642661 7.53589924 2.62670427
5.58641914 7.53586627 2.62670439
5.58641176 7.53583371 2.62670450
5.58640447 7.53580157 2.62670461
5.58639727 7.53576983 2.62670471
5.58639017 7.53573850 2.62670481
5.58638315 7.53570756 2.62670491
5.58637622 7.53567701 2.62670501
5.58636938 7.53564684 2.62670511
5.58636263 7.53561706 2.62670520
5.58635596 7.53558766 2.62670529
5.58634938 7.53555862 2.62670538
5.58634288 7.53552995 2.62670546
5.58633646 7.53550164 2.62670555
5.58633012 7.53547370 2.62670563
5.58632386 7.53544610 2.62670571
5.58631769 7.53541885 2.62670579
5.58631159 7.53539195 2.62670586
5.58630556 7.53536538 2.62670594
5.58629961 7.53533915 2.62670601
5.58629374 7.53531325 2.62670608
5.58628795 7.53528768 2.62670615
5.58628222 7.53526244 2.62670621
5.58627657 7.53523751 2.62670628
5.58627099 7.53521289 2.62670634
5.58626548 7.53518859 2.62670640
5.58626004 7.53516459 2.62670646
5.58625466 7.53514089 2.62670652
5.58624936 7.53511750 2.62670658
5.58624412 7.53509440 2.62670663
5.58623895 7.53507159 2.62670669
5.58623385 7.53504907 2.62670674
5.58622881 7.53502683 2.62670679
5.58622383 7.53500487 2.62670684
5.58621891 7.53498320 2.62670689
5.58621406 7.53496179 2.62670694
5.58620927 7.53494065 2.62670699
5.58620454 7.53491979 2.62670703
5.58619987 7.53489918 2.62670708
5.58619526 7.53487883 2.62670712
5.58619071 7.53485875 2.62670716
5.58618621 7.53483891 2.62670720
5.58618177 7.53481933 2.62670724
5.58617739 7.53479999 2.62670728
5.58617306 7.53478089 2.62670732
5.58616879 7.53476204 2.62670736
5.58616457 7.53474342 2.62670739
5.58616040 7.53472504 2.62670743
5.58615629 7.53470690 2.62670746
5.58615223 7.53468898 2.62670750
5.58614822 7.53467128 2.62670753
5.58614426 7.53465381 2.62670756
5.58614035 7.53463656 2.62670759
5.58613649 7.53461953 2.62670762
5.58613268 7.53460271 2.62670765
5.58612892 7.53458611 2.62670768
5.58612520 7.53456971 2.62670771
5.58612153 7.53455352 2.62670774
5.58611791 7.53453754 2.62670776
5.58611433 7.53452175 2.62670779
5.58611080 7.53450617 2.62670782
5.58610732 7.53449078 2.62670784
5.58610387 7.53447559 2.62670786
5.58610048 7.53446059 2.62670789
5.58609712 7.53444577 2.62670791
5.58609381 7.53443115 2.62670793
5.58609053 7.53441671 2.62670796
5.58608730 7.53440245 2.62670798
5.58608411 7.53438837 2.62670800
5.58608096 7.53437446 2.62670802
5.58607786 7.53436074 2.62670804
5.58607478 7.53434718 2.62670806
5.58607175 7.53433380 2.62670807
5.58606876 7.53432059 2.62670809
5.58606580 7.53430754 2.62670811
5.58606289 7.53429466 2.62670813
5.58606001 7.53428194 2.62670815
5.58605716 7.53426938 2.62670816
5.58605435 7.53425698 2.62670818
5.58605158 7.53424473 2.62670819
5.58604884 7.53423264 2.62670821
5.58604614 7.53422070 2.62670822
5.58604347 7.53420891 2.62670824
5.58604083 7.53419728 2.62670825
5.58603823 7.53418578 2.62670827
5.58603566 7.53417444 2.62670828
5.58603312 7.53416323 2.62670829
5.58603061 7.53415217 2.62670831
5.58602814 7.53414124 2.62670832
5.58602570 7.53413046 2.62670833
5.58602329 7.53411981 2.62670834
5.58602090 7.53410929 2.62670835
5.58601855 7.53409891 2.62670836
5.58601623 7.53408866 2.62670838
5.58601394 7.53407854 2.62670839
5.58601168 7.53406854 2.62670840
5.58600944 7.53405867 2.62670841
