4.59138446 15.23287544
4.58122360 15.24333196
4.57080334 15.25432651
4.56012221 15.26587556
4.54917909 15.27799504
4.53797321 15.29070024
4.52650414 15.30400572
4.51477187 15.31792516
4.50277676 15.33247127
4.49051958 15.34765573
4.47800150 15.36348898
4.46522415 15.37998021
4.45218953 15.39713723
4.43890011 15.41496636
4.42535878 15.43347236
4.41156886 15.45265832
4.39753411 15.47252562
4.38325870 15.49307385
4.36874726 15.51430076
4.35400480 15.53620215
4.33903677 15.55877194
4.32384903 15.58200202
4.30844780 15.60588231
4.29283974 15.63040070
4.27703185 15.65554304
4.26103153 15.68129317
4.24484652 15.70763289
4.22848494 15.73454199
4.21195523 15.76199823
4.19526620 15.78997743
4.17842697 15.81845341
4.16144701 15.84739807
4.14433608 15.87678142
4.12710431 15.90657160
4.10976211 15.93673490
4.09232021 15.96723588
4.07478967 15.99803736
4.05718184 16.02910048
4.03950838 16.06038483
4.02178125 16.09184849
4.00401271 16.12344813
3.98621529 16.15513915
3.96840182 16.18687576
3.95058535 16.21861121
3.93277921 16.25029786
3.91499692 16.28188748
3.89725222 16.31333134
3.87955899 16.34458055
3.86193125 16.37558623
3.84438311 16.40629985
3.82692871 16.43667344
3.80958220 16.46665993
3.79235766 16.49621347
3.77526906 16.52528969
3.75833019 16.55384603
3.74155461 16.58184205
3.72495557 16.60923968
3.70854597 16.63600354
3.69233827 16.66210112
3.67634445 16.68750305
3.66057595 16.71218324
3.64504362 16.73611904
3.62975763 16.75929134
3.61472749 16.78168463
3.59996195 16.80328701
3.58546903 16.82409020
3.57125592 16.84408942
3.55732903 16.86328335
3.54369394 16.88167396
3.53035542 16.89926632
3.51731739 16.91606847
3.50458298 16.93209116
3.49215453 16.94734762
3.48003358 16.96185332
3.46822096 16.97562573
3.45671675 16.98868407
3.44552035 17.00104901
3.43463053 17.01274250
3.42404543 17.02378745
3.41376265 17.03420756
3.40377925 17.04402709
3.39409181 17.05327063
3.38469648 17.06196298
3.37558902 17.07012890
3.36676481 17.07779302
3.35821896 17.08497972
3.34994627 17.09171293
3.34194133 17.09801611
3.33419852 17.10391216
3.32671206 17.10942328
3.31947603 17.11457100
3.31248441 17.11937608
3.30573111 17.12385850
3.29920999 17.12803742
3.29291486 17.13193117
3.28683955 17.13555729
3.28097790 17.13893243
3.27532376 17.14207247
3.26987105 17.14499246
3.26461373 17.14770664
3.25954586 17.15022849
3.25466155 17.15257076
3.24995503 17.15474542
3.24542061 17.15676379
3.24105271 17.15863649
3.23684588 17.16037350
3.23279477 17.16198419
3.22889415 17.16347732
3.22513894 17.16486114
3.22152415 17.16614332
3.21804494 17.16733105
3.21469659 17.16843106
3.21147453 17.16944961
3.20837429 17.17039255
3.20539155 17.17126533
3.20252211 17.17207304
3.19976189 17.17282040
3.19710694 17.17351180
3.19455345 17.17415136
3.19209771 17.17474287
3.18973613 17.17528987
3.18746526 17.17579564
3.18528172 17.17626324
3.18318229 17.17669550
3.18116384 17.17709505
3.17922334 17.17746433
3.17735787 17.17780559
3.17556461 17.17812094
3.17384084 17.17841232
3.17218393 17.17868152
3.17059136 17.17893022
3.16906069 17.17915996
3.16758956 17.17937217
3.16617569 17.17956818
3.16481692 17.17974921
3.16351112 17.17991639
3.16225627 17.18007078
3.16105041 17.18021335
3.15989167 17.18034500
3.15877822 17.18046655
3.15770833 17.18057878
3.15668031 17.18068239
3.15569254 17.18077805
3.15474347 17.18086636
3.15383160 17.18094788
3.15295548 17.18102313
3.15211373 17.18109259
3.15130502 17.18115671
3.15052806 17.18121589
3.14978162 17.18127052
3.14906450 17.18132093
3.14837557 17.18136746
3.14771372 17.18141040
3.14707790 17.18145004
3.14646709 17.18148661
3.14588032 17.18152036
3.14531664 17.18155151
3.14477516 17.18158025
3.14425500 17.18160678
3.14375532 17.18163125
3.14327534 17.18165384
3.14281426 17.18167468
3.14237136 17.18169391
3.14194592 17.18171165
3.14153726 17.18172802
3.14114471 17.18174313
3.14076764 17.18175707
3.14040545 17.18176992
3.14005755 17.18178179
3.13972338 17.18179274
3.13940240 17.18180284
3.13909408 17.18181215
3.13879794 17.18182075
3.13851349 17.18182868
3.13824027 17.18183600
3.13797784 17.18184275
3.13772578 17.18184898
3.13748367 17.18185472
3.13725113 17.18186003
3.13702777 17.18186492
3.13681324 17.18186943
3.13660719 17.18187359
3.13640927 17.18187743
3.13621919 17.18188097
3.13603661 17.18188424
3.13586125 17.18188725
3.13569282 17.18189003
3.13553105 17.18189260
3.13537568 17.18189496
3.13522645 17.18189715
3.13508312 17.18189916
3.13494545 17.18190102
3.13481323 17.18190273
3.13468624 17.18190431
3.13456428 17.18190577
3.13444713 17.18190712
3.13433462 17.18190836
3.13422656 17.18190950
3.13412277 17.18191056
3.13402309 17.18191153
3.13392736 17.18191243
3.13383541 17.18191326
3.13374709 17.18191402
3.13366228 17.18191473
3.13358081 17.18191538
3.13350257 17.18191598
3.13342743 17.18191653
3.13335526 17.18191704
3.13328594 17.18191751
3.13321937 17.18191795
3.13315543 17.18191835
3.13309403 17.18191872
3.13303505 17.18191906
3.13297841 17.18191937
3.13292400 17.18191966
3.13287176 17.18191993
3.13282158 17.18192018
3.13277338 17.18192041
3.13272709 17.18192062
3.13268264 17.18192081
3.13263994 17.18192099
3.13259894 17.18192115
3.13255955 17.18192131
3.13252173 17.18192145
3.13248540 17.18192158
3.13245051 17.18192170
3.13241701 17.18192181
3.13238482 17.18192191
3.13235392 17.18192200
3.13232423 17.18192209
3.13229572 17.18192217
3.13226834 17.18192224
3.13224205 17.18192231
3.13221679 17.18192237
3.13219253 17.18192243
3.13216924 17.18192248
3.13214686 17.18192253
3.13212538 17.18192258
3.13210474 17.18192262
3.13208492 17.18192266
3.13206588 17.18192269
3.13204760 17.18192272
3.13203004 17.18192275
3.13201318 17.18192278
3.13199699 17.18192281
3.13198143 17.18192283
3.13196649 17.18192285
3.13195215 17.18192287
3.13193837 17.18192289
3.13192513 17.18192291
3.13191242 17.18192293
3.13190022 17.18192294
3.13188849 17.18192295
3.13187724 17.18192297
3.13186642 17.18192298
3.13185604 17.18192299
