0.51925774 11.60854593
0.57324163 11.89321563
0.62472833 12.15224561
0.67386729 12.38826377
0.72079397 12.60355637
0.76562647 12.80008136
0.80846480 12.97950434
0.84939199 13.14324425
0.88847625 13.29252081
0.92577374 13.42839888
0.96133156 13.55182723
0.99519054 13.66367040
1.02738796 13.76473333
1.05795972 13.85577902
1.08694215 13.93754008
1.11437336 14.01072504
1.14029404 14.07602068
1.16474799 14.13409148
1.18778217 14.18557731
1.20944657 14.23109023
1.22979384 14.27121118
1.24887873 14.30648701
1.26675760 14.33742818
1.28348772 14.36450735
1.29912677 14.38815877
1.31373219 14.40877857
1.32736077 14.42672573
1.34006819 14.44232353
1.35190864 14.45586160
1.36293461 14.46759807
1.37319658 14.47776207
1.38274294 14.48655611
1.39161985 14.49415861
1.39987118 14.50072629
1.40753852 14.50639638
1.41466113 14.51128883
1.42127605 14.51550821
1.42741810 14.51914556
1.43311997 14.52227998
1.43841231 14.52498012
1.44332380 14.52730548
1.44788125 14.52930756
1.45210970 14.53103093
1.45603250 14.53251410
1.45967144 14.53379033
1.46304678 14.53488833
1.46617743 14.53583288
1.46908093 14.53664531
1.47177364 14.53734405
1.47427075 14.53794495
1.47658637 14.53846166
1.47873362 14.53890596
1.48072468 14.53928797
1.48257087 14.53961641
1.48428267 14.53989877
1.48586985 14.54014151
1.48734144 14.54035018
1.48870584 14.54052956
1.48997085 14.54068376
1.49114368 14.54081630
1.49223105 14.54093023
1.49323916 14.54102815
1.49417379 14.54111232
1.49504029 14.54118467
1.49584362 14.54124685
1.49658837 14.54130029
1.49727882 14.54134622
1.49791893 14.54138570
1.49851235 14.54141963
1.49906249 14.54144880
1.49957251 14.54147386
1.50004534 14.54149540
1.50048367 14.54151391
1.50089004 14.54152983
1.50126676 14.54154350
1.50161600 14.54155525
1.50193977 14.54156535
1.50223992 14.54157403
1.50251817 14.54158149
1.50277613 14.54158790
1.50301526 14.54159341
1.50323695 14.54159815
1.50344247 14.54160222
1.50363299 14.54160572
1.50380962 14.54160872
1.50397335 14.54161131
1.50412515 14.54161353
1.50426586 14.54161543
1.50439631 14.54161707
1.50451725 14.54161848
1.50462936 14.54161969
1.50473329 14.54162073
1.50482963 14.54162163
1.50491895 14.54162240
1.50500175 14.54162306
1.50507851 14.54162363
1.50514967 14.54162411
1.50521564 14.54162453
1.50527679 14.54162489
1.50533348 14.54162520
1.50538604 14.54162547
1.50543476 14.54162570
1.50547993 14.54162589
1.50552180 14.54162606
1.50556061 14.54162621
1.50559660 14.54162633
1.50562996 14.54162644
1.50566088 14.54162653
1.50568955 14.54162661
1.50571612 14.54162668
1.50574076 14.54162674
1.50576360 14.54162679
1.50578477 14.54162683
1.50580440 14.54162687
1.50582260 14.54162690
1.50583946 14.54162693
1.50585510 14.54162695
1.50586960 14.54162697
1.50588304 14.54162699
1.50589549 14.54162700
1.50590704 14.54162702
1.50591775 14.54162703
