9.56388121 14.16069697
9.52026801 14.34194001
9.48074589 14.49101346
9.44480893 14.61447693
9.41201514 14.71746386
9.38198239 14.80398423
9.35438201 14.87717593
9.32893179 14.93950419
9.30538934 14.99291623
9.28354609 15.03895956
9.26322212 15.07887215
9.24426166 15.11365098
9.22652942 15.14410434
9.20990745 15.17089189
9.19429249 15.19455542
9.17959386 15.21554265
9.16573155 15.23422578
9.15263480 15.25091595
9.14024073 15.26587468
9.12849332 15.27932289
9.11734248 15.29144813
9.10674328 15.30241037
9.09665532 15.31234662
9.08704214 15.32137476
9.07787076 15.32959659
9.06911127 15.33710035
9.06073647 15.34396283
9.05272158 15.35025105
9.04504395 15.35602373
9.03768286 15.36133245
9.03061927 15.36622265
9.02383572 15.37073452
9.01731609 15.37490364
9.01104554 15.37876163
9.00501032 15.38233665
8.99919772 15.38565383
8.99359595 15.38873568
8.98819405 15.39160236
8.98298184 15.39427199
8.97794983 15.39676089
8.97308916 15.39908377
8.96839157 15.40125393
8.96384932 15.40328343
8.95945516 15.40518317
8.95520232 15.40696308
8.95108441 15.40863219
8.94709545 15.41019872
8.94322981 15.41167018
8.93948218 15.41305343
8.93584757 15.41435475
8.93232126 15.41557989
8.92889880 15.41673413
8.92557599 15.41782232
8.92234883 15.41884892
8.91921356 15.41981804
8.91616661 15.42073347
8.91320459 15.42159870
8.91032429 15.42241697
8.90752266 15.42319125
8.90479679 15.42392432
8.90214393 15.42461874
8.89956145 15.42527688
8.89704685 15.42590096
8.89459774 15.42649302
8.89221185 15.42705497
8.88988702 15.42758859
8.88762117 15.42809553
8.88541233 15.42857733
8.88325859 15.42903544
8.88115817 15.42947119
8.87910932 15.42988585
8.87711039 15.43028059
8.87515979 15.43065650
8.87325600 15.43101462
8.87139756 15.43135591
8.86958308 15.43168127
8.86781121 15.43199156
8.86608066 15.43228757
8.86439020 15.43257004
8.86273863 15.43283969
8.86112481 15.43309717
8.85954764 15.43334311
8.85800606 15.43357809
8.85649906 15.43380266
8.85502564 15.43401735
8.85358487 15.43422264
8.85217583 15.43441901
8.85079765 15.43460687
8.84944948 15.43478666
8.84813050 15.43495876
8.84683992 15.43512353
8.84557699 15.43528133
8.84434096 15.43543249
8.84313112 15.43557731
8.84194680 15.43571610
8.84078733 15.43584914
8.83965206 15.43597668
8.83854037 15.43609899
8.83745167 15.43621629
8.83638538 15.43632882
8.83534093 15.43643680
8.83431777 15.43654042
8.83331539 15.43663988
8.83233327 15.43673537
8.83137091 15.43682705
8.83042784 15.43691510
8.82950359 15.43699968
8.82859771 15.43708093
8.82770976 15.43715899
8.82683932 15.43723401
8.82598597 15.43730612
8.82514932 15.43737544
8.82432898 15.43744208
8.82352457 15.43750616
8.82273573 15.43756779
8.82196209 15.43762706
8.82120332 15.43768409
8.82045907 15.43773895
8.81972903 15.43779174
8.81901287 15.43784254
8.81831028 15.43789144
8.81762097 15.43793850
8.81694463 15.43798382
8.81628100 15.43802744
8.81562979 15.43806946
8.81499073 15.43810992
8.81436355 15.43814889
8.81374801 15.43818642
8.81314386 15.43822259
8.81255085 15.43825743
8.81196874 15.43829100
8.81139732 15.43832336
8.81083634 15.43835454
8.81028560 15.43838460
8.80974488 15.43841357
8.80921397 15.43844150
8.80869268 15.43846843
8.80818079 15.43849440
8.80767813 15.43851944
8.80718450 15.43854358
8.80669972 15.43856687
8.80622361 15.43858934
8.80575600 15.43861101
8.80529671 15.43863192
8.80484558 15.43865209
8.80440245 15.43867155
8.80396716 15.43869033
8.80353954 15.43870846
8.80311946 15.43872595
8.80270677 15.43874283
8.80230131 15.43875913
8.80190295 15.43877486
8.80151156 15.43879004
8.80112698 15.43880470
8.80074910 15.43881886
8.80037779 15.43883253
8.80001292 15.43884573
8.79965436 15.43885847
8.79930199 15.43887078
8.79895571 15.43888267
8.79861539 15.43889415
8.79828092 15.43890524
8.79795218 15.43891595
8.79762909 15.43892630
8.79731151 15.43893630
8.79699937 15.43894596
8.79669254 15.43895530
8.79639094 15.43896432
8.79609446 15.43897303
8.79580302 15.43898145
8.79551652 15.43898959
8.79523487 15.43899746
8.79495798 15.43900506
8.79468576 15.43901241
8.79441813 15.43901951
8.79415500 15.43902638
8.79389630 15.43903301
8.79364194 15.43903943
8.79339184 15.43904563
8.79314593 15.43905163
8.79290414 15.43905743
8.79266638 15.43906303
8.79243259 15.43906845
8.79220269 15.43907369
8.79197662 15.43907876
8.79175431 15.43908366
8.79153569 15.43908840
8.79132070 15.43909299
8.79110927 15.43909742
8.79090133 15.43910171
8.79069684 15.43910585
8.79049572 15.43910987
8.79029792 15.43911375
8.79010338 15.43911750
8.78991204 15.43912113
8.78972385 15.43912464
8.78953876 15.43912804
8.78935670 15.43913133
8.78917762 15.43913451
8.78900148 15.43913759
8.78882823 15.43914056
8.78865781 15.43914344
8.78849017 15.43914623
8.78832527 15.43914893
8.78816306 15.43915154
8.78800350 15.43915406
8.78784653 15.43915651
8.78769212 15.43915887
8.78754021 15.43916116
8.78739078 15.43916338
8.78724377 15.43916552
8.78709915 15.43916759
8.78695687 15.43916960
8.78681689 15.43917155
8.78667918 15.43917343
8.78654370 15.43917525
8.78641041 15.43917701
8.78627927 15.43917872
8.78615025 15.43918037
8.78602331 15.43918196
8.78589841 15.43918351
8.78577552 15.43918501
8.78565462 15.43918646
8.78553566 15.43918786
8.78541861 15.43918922
8.78530344 15.43919054
8.78519012 15.43919181
8.78507862 15.43919305
8.78496891 15.43919424
8.78486096 15.43919540
8.78475473 15.43919652
8.78465021 15.43919760
8.78454736 15.43919865
8.78444615 15.43919966
8.78434656 15.43920065
8.78424857 15.43920160
8.78415214 15.43920252
8.78405724 15.43920342
8.78396386 15.43920428
8.78387197 15.43920512
8.78378155 15.43920593
8.78369256 15.43920672
8.78360499 15.43920748
8.78351881 15.43920821
8.78343401 15.43920893
8.78335055 15.43920962
8.78326842 15.43921029
8.78318760 15.43921094
8.78310805 15.43921156
8.78302978 15.43921217
8.78295274 15.43921276
8.78287692 15.43921333
8.78280231 15.43921388
8.78272887 15.43921442
8.78265661 15.43921494
8.78258548 15.43921544
8.78251548 15.43921592
8.78244659 15.43921639
8.78237879 15.43921685
8.78231206 15.43921729
8.78224638 15.43921772
8.78218175 15.43921813
8.78211813 15.43921854
8.78205552 15.43921892
8.78199389 15.43921930
8.78193324 15.43921967
8.78187354 15.43922002
8.78181479 15.43922036
8.78175696 15.43922069
8.78170005 15.43922102
8.78164402 15.43922133
8.78158889 15.43922163
8.78153462 15.43922192
8.78148120 15.43922220
8.78142863 15.43922248
8.78137688 15.43922274
8.78132594 15.43922300
8.78127581 15.43922325
8.78122646 15.43922349
8.78117789 15.43922373
8.78113008 15.43922395
8.78108303 15.43922417
8.78103671 15.43922439
8.78099112 15.43922459
8.78094624 15.43922479
8.78090207 15.43922499
8.78085859 15.43922517
8.78081580 15.43922535
8.78077367 15.43922553
8.78073221 15.43922570
8.78069139 15.43922587
8.78065121 15.43922603
8.78061167 15.43922618
8.78057274 15.43922633
8.78053442 15.43922648
8.78049670 15.43922662
8.78045958 15.43922676
8.78042303 15.43922689
8.78038705 15.43922702
8.78035164 15.43922714
8.78031678 15.43922726
8.78028247 15.43922738
8.78024869 15.43922749
8.78021544 15.43922760
8.78018271 15.43922771
8.78015050 15.43922781
8.78011878 15.43922791
8.78008756 15.43922801
8.78005683 15.43922810
8.78002658 15.43922819
8.77999680 15.43922828
8.77996748 15.43922836
8.77993863 15.43922845
8.77991022 15.43922853
8.77988225 15.43922861
8.77985473 15.43922868
8.77982763 15.43922875
8.77980095 15.43922882
8.77977469 15.43922889
8.77974884 15.43922896
8.77972340 15.43922902
8.77969834 15.43922908
8.77967368 15.43922915
8.77964941 15.43922920
8.77962551 15.43922926
8.77960198 15.43922932
8.77957883 15.43922937
8.77955603 15.43922942
8.77953358 15.43922947
8.77951149 15.43922952
8.77948974 15.43922957
8.77946833 15.43922961
8.77944725 15.43922966
8.77942650 15.43922970
8.77940607 15.43922974
8.77938596 15.43922978
8.77936617 15.43922982
8.77934668 15.43922986
8.77932749 15.43922989
8.77930860 15.43922993
8.77929001 15.43922996
8.77927171 15.43923000
8.77925369 15.43923003
8.77923595 15.43923006
8.77921848 15.43923009
8.77920129 15.43923012
8.77918437 15.43923015
8.77916770 15.43923017
8.77915130 15.43923020
8.77913515 15.43923023
8.77911925 15.43923025
8.77910360 15.43923028
8.77908820 15.43923030
8.77907303 15.43923032
8.77905810 15.43923034
8.77904340 15.43923037
8.77902892 15.43923039
8.77901468 15.43923041
8.77900065 15.43923043
8.77898684 15.43923045
8.77897325 15.43923046
8.77895986 15.43923048
8.77894669 15.43923050
8.77893372 15.43923052
8.77892095 15.43923053
8.77890838 15.43923055
8.77889600 15.43923056
8.77888382 15.43923058
8.77887182 15.43923059
8.77886001 15.43923061
8.77884838 15.43923062
8.77883694 15.43923063
8.77882567 15.43923064
8.77881458 15.43923066
8.77880366 15.43923067
8.77879290 15.43923068
8.77878232 15.43923069
8.77877190 15.43923070
8.77876164 15.43923071
8.77875154 15.43923072
