9.12532757 17.86483249
9.07416587 18.12258975
9.02451338 18.36609369
8.97603753 18.59880460
8.92846435 18.82343245
8.88157173 19.04208280
8.83518399 19.25636122
8.78916756 19.46744788
8.74342749 19.67615139
8.69790436 19.88294987
8.65257149 20.08802537
8.60743191 20.29129658
8.56251521 20.49245318
8.51787390 20.69099393
8.47357954 20.88626884
8.42971848 21.07752439
8.38638758 21.26394999
8.34368999 21.44472286
8.30173125 21.61904880
8.26061582 21.78619679
8.22044426 21.94552589
8.18131089 22.09650419
8.14330223 22.23872008
8.10649576 22.37188693
8.07095925 22.49584223
8.03675037 22.61054274
8.00391644 22.71605653
7.97249447 22.81255303
7.94251118 22.90029153
7.91398320 22.97960883
7.88691731 23.05090631
7.86131076 23.11463661
7.83715176 23.17129051
7.81442000 23.22138404
7.79308735 23.26544634
7.77311859 23.30400852
7.75447231 23.33759372
7.73710177 23.36670872
7.72095591 23.39183708
7.70598024 23.41343391
7.69211783 23.43192222
7.67931013 23.44769067
7.66749782 23.46109263
7.65662151 23.47244634
7.64662242 23.48203582
7.63744289 23.49011258
7.62902685 23.49689767
7.62132019 23.50258407
7.61427102 23.50733923
7.60782987 23.51130763
7.60194986 23.51461334
7.59658673 23.51736236
7.59169893 23.51964489
7.58724753 23.52153742
7.58319625 23.52310457
7.57951134 23.52440075
7.57616149 23.52547166
7.57311776 23.52635560
7.57035342 23.52708457
7.56784386 23.52768525
7.56556644 23.52817985
7.56350040 23.52858684
7.56162670 23.52892154
7.55992789 23.52919664
7.55838806 23.52942263
7.55699263 23.52960821
7.55572833 23.52976053
7.55458306 23.52988551
7.55354579 23.52998803
7.55260647 23.53007209
7.55175598 23.53014100
7.55098601 23.53019748
7.55028902 23.53024375
7.54965816 23.53028166
7.54908721 23.53031271
7.54857052 23.53033814
7.54810297 23.53035896
7.54767992 23.53037600
7.54729716 23.53038995
7.54695087 23.53040137
7.54663759 23.53041072
7.54635418 23.53041837
7.54609782 23.53042463
7.54586592 23.53042975
7.54565616 23.53043394
7.54546644 23.53043737
7.54529484 23.53044017
7.54513964 23.53044246
7.54499927 23.53044434
7.54487231 23.53044588
7.54475750 23.53044713
7.54465366 23.53044816
7.54455976 23.53044900
7.54447483 23.53044968
7.54439804 23.53045025
7.54432858 23.53045070
7.54426578 23.53045108
7.54420898 23.53045139
7.54415762 23.53045164
7.54411117 23.53045184
7.54406917 23.53045201
7.54403119 23.53045215
7.54399685 23.53045226
7.54396579 23.53045235
7.54393771 23.53045243
7.54391231 23.53045249
7.54388935 23.53045254
7.54386858 23.53045258
7.54384981 23.53045261
7.54383283 23.53045264
7.54381747 23.53045266
7.54380359 23.53045268
7.54379104 23.53045270
7.54377968 23.53045271
7.54376942 23.53045272
