3.06169425 9.85086873
3.08412468 9.90414410
3.10920362 9.97080028
3.13728968 10.05447593
3.16879815 10.15988711
3.20421025 10.29316506
3.24408284 10.46229362
3.28905752 10.67765938
3.33986668 10.95270606
3.39733182 11.30462701
3.46234577 11.75490137
3.53582451 12.32922485
3.61860654 13.05595810
3.71127113 13.96167523
3.81385089 15.06219424
3.92544867 16.34881352
4.04385776 17.77393720
4.16541427 19.24685898
4.28536190 20.65136393
4.39879552 21.88265714
4.50180154 22.88099630
4.59218004 23.63984745
4.66945218 24.18978944
4.73437061 24.57588811
4.78833044 24.84186037
4.83292352 25.02326549
4.86968238 25.14648502
4.89996623 25.23013395
4.92492949 25.28699974
4.94553030 25.32575085
4.96255453 25.35223181
4.97664337 25.37037965
4.98831913 25.38285062
4.99800749 25.39144197
5.00605599 25.39737389
5.01274898 25.40147767
5.01831966 25.40432157
5.02295977 25.40629529
5.02682728 25.40766683
5.03005263 25.40862093
5.03274373 25.40928525
5.03498996 25.40974816
5.03686551 25.41007094
5.03843200 25.41029613
5.03974066 25.41045331
5.04083416 25.41056306
5.04174803 25.41063972
5.04251188 25.41069328
5.04315042 25.41073071
5.04368426 25.41075688
5.04413061 25.41077517
5.04450382 25.41078796
5.04481591 25.41079690
5.04507689 25.41080315
5.04529515 25.41080753
5.04547768 25.41081058
5.04563034 25.41081272
5.04575802 25.41081422
5.04586480 25.41081527
5.04595412 25.41081600
5.04602882 25.41081651
5.04609130 25.41081687
5.04614357 25.41081712
5.04618728 25.41081730
5.04622384 25.41081742
5.04625443 25.41081751
5.04628001 25.41081757
5.04630141 25.41081761
5.04631930 25.41081764
5.04633427 25.41081766
5.04634680 25.41081767
5.04635727 25.41081768
