4.40504519 19.44169064
4.42610596 19.48523765
4.44639747 19.52565412
4.46594082 19.56314008
4.48475865 19.59789128
4.50287473 19.63009717
4.52031351 19.65993940
4.53709987 19.68759082
4.55325879 19.71321477
4.56881512 19.73696484
4.58379345 19.75898470
4.59821790 19.77940827
4.61211201 19.79835995
4.62549867 19.81595500
4.63840006 19.83229991
4.65083756 19.84749295
4.66283176 19.86162463
4.67440242 19.87477819
4.68556848 19.88703014
4.69634807 19.89845075
4.70675847 19.90910449
4.71681620 19.91905052
4.72653699 19.92834311
4.73593581 19.93703201
4.74502692 19.94516286
4.75382388 19.95277754
4.76233956 19.95991444
4.77058621 19.96660883
4.77857547 19.97289305
4.78631839 19.97879683
4.79382546 19.98434749
4.80110666 19.98957012
4.80817144 19.99448782
4.81502882 19.99912186
4.82168733 20.00349180
4.82815509 20.00761569
4.83443983 20.01151016
4.84054888 20.01519057
4.84648921 20.01867109
4.85226747 20.02196482
4.85788995 20.02508387
4.86336268 20.02803945
4.86869136 20.03084193
4.87388144 20.03350094
4.87893811 20.03602539
4.88386632 20.03842355
4.88867076 20.04070312
4.89335595 20.04287123
4.89792616 20.04493453
4.90238549 20.04689919
4.90673784 20.04877098
4.91098694 20.05055524
4.91513636 20.05225700
4.91918950 20.05388091
4.92314962 20.05543133
4.92701984 20.05691234
4.93080313 20.05832774
4.93450235 20.05968109
4.93812024 20.06097574
4.94165941 20.06221480
4.94512236 20.06340120
4.94851151 20.06453770
4.95182917 20.06562687
4.95507753 20.06667113
4.95825874 20.06767276
4.96137482 20.06863390
4.96442773 20.06955656
4.96741936 20.07044264
4.97035152 20.07129391
4.97322594 20.07211207
4.97604429 20.07289869
4.97880818 20.07365528
4.98151916 20.07438324
4.98417872 20.07508391
4.98678830 20.07575855
4.98934927 20.07640834
4.99186297 20.07703442
4.99433068 20.07763786
4.99675365 20.07821965
4.99913305 20.07878075
5.00147006 20.07932208
5.00376577 20.07984449
5.00602126 20.08034878
5.00823757 20.08083575
5.01041570 20.08130612
5.01255661 20.08176058
5.01466125 20.08219980
5.01673050 20.08262441
5.01876526 20.08303500
5.02076635 20.08343215
5.02273461 20.08381639
5.02467082 20.08418825
5.02657574 20.08454821
5.02845013 20.08489675
5.03029469 20.08523430
5.03211013 20.08556129
5.03389711 20.08587814
5.03565629 20.08618522
5.03738831 20.08648290
5.03909378 20.08677155
5.04077329 20.08705149
5.04242743 20.08732305
5.04405674 20.08758654
5.04566179 20.08784225
5.04724309 20.08809046
5.04880116 20.08833145
5.05033650 20.08856546
5.05184959 20.08879276
5.05334090 20.08901357
5.05481089 20.08922812
5.05626000 20.08943663
5.05768867 20.08963931
5.05909731 20.08983635
5.06048633 20.09002795
5.06185614 20.09021430
5.06320711 20.09039556
5.06453962 20.09057191
5.06585404 20.09074352
5.06715073 20.09091053
5.06843002 20.09107310
5.06969227 20.09123137
5.07093780 20.09138548
5.07216692 20.09153556
5.07337996 20.09168175
5.07457721 20.09182416
5.07575898 20.09196292
5.07692554 20.09209814
5.07807719 20.09222992
5.07921420 20.09235839
5.08033684 20.09248362
5.08144537 20.09260574
5.08254004 20.09272482
5.08362110 20.09284097
5.08468880 20.09295427
5.08574337 20.09306480
5.08678504 20.09317265
5.08781405 20.09327789
5.08883061 20.09338061
5.08983494 20.09348087
5.09082724 20.09357875
5.09180773 20.09367432
5.09277660 20.09376763
5.09373405 20.09385877
5.09468028 20.09394778
5.09561547 20.09403473
5.09653980 20.09411967
5.09745346 20.09420267
5.09835661 20.09428377
5.09924944 20.09436303
5.10013210 20.09444050
5.10100477 20.09451623
5.10186760 20.09459026
5.10272075 20.09466264
5.10356438 20.09473341
5.10439863 20.09480262
5.10522365 20.09487031
5.10603959 20.09493652
5.10684658 20.09500129
5.10764477 20.09506466
5.10843430 20.09512666
5.10921528 20.09518732
5.10998786 20.09524669
5.11075217 20.09530479
5.11150831 20.09536166
5.11225643 20.09541734
5.11299663 20.09547184
5.11372903 20.09552520
5.11445376 20.09557745
5.11517092 20.09562861
5.11588062 20.09567872
5.11658297 20.09572779
5.11727808 20.09577586
5.11796605 20.09582295
5.11864699 20.09586908
5.11932099 20.09591428
5.11998815 20.09595856
5.12064857 20.09600196
5.12130234 20.09604449
5.12194956 20.09608617
5.12259032 20.09612702
5.12322470 20.09616706
5.12385280 20.09620632
5.12447470 20.09624480
5.12509048 20.09628254
5.12570023 20.09631954
5.12630403 20.09635582
5.12690196 20.09639139
5.12749410 20.09642629
5.12808053 20.09646051
5.12866131 20.09649408
5.12923654 20.09652701
5.12980627 20.09655932
5.13037058 20.09659101
5.13092954 20.09662211
5.13148323 20.09665262
5.13203170 20.09668256
5.13257503 20.09671194
5.13311329 20.09674078
5.13364652 20.09676908
5.13417481 20.09679686
5.13469822 20.09682413
5.13521679 20.09685090
5.13573061 20.09687718
5.13623971 20.09690298
5.13674417 20.09692831
5.13724404 20.09695319
5.13773938 20.09697761
5.13823024 20.09700160
5.13871668 20.09702515
5.13919875 20.09704829
5.13967651 20.09707101
5.14015000 20.09709333
5.14061928 20.09711525
5.14108439 20.09713679
5.14154540 20.09715795
5.14200234 20.09717874
5.14245527 20.09719916
5.14290422 20.09721923
5.14334926 20.09723895
5.14379042 20.09725833
5.14422776 20.09727737
5.14466130 20.09729609
5.14509111 20.09731448
5.14551722 20.09733256
5.14593967 20.09735033
5.14635850 20.09736780
5.14677377 20.09738497
5.14718550 20.09740185
5.14759373 20.09741844
5.14799852 20.09743476
5.14839989 20.09745080
5.14879788 20.09746658
5.14919254 20.09748209
5.14958389 20.09749734
5.14997198 20.09751234
5.15035683 20.09752709
5.15073850 20.09754159
5.15111701 20.09755586
5.15149239 20.09756989
5.15186468 20.09758370
5.15223391 20.09759727
5.15260012 20.09761063
5.15296334 20.09762377
5.15332360 20.09763669
5.15368094 20.09764941
5.15403537 20.09766192
5.15438694 20.09767423
5.15473568 20.09768635
5.15508161 20.09769826
5.15542476 20.09770999
5.15576516 20.09772153
5.15610285 20.09773289
5.15643785 20.09774407
5.15677018 20.09775507
5.15709988 20.09776590
5.15742698 20.09777655
5.15775149 20.09778704
5.15807344 20.09779737
5.15839287 20.09780753
5.15870980 20.09781754
5.15902425 20.09782739
5.15933624 20.09783708
5.15964581 20.09784663
5.15995298 20.09785603
5.16025776 20.09786528
5.16056019 20.09787439
5.16086029 20.09788336
5.16115808 20.09789220
5.16145358 20.09790090
5.16174682 20.09790946
5.16203782 20.09791790
5.16232659 20.09792620
5.16261317 20.09793439
5.16289758 20.09794244
5.16317983 20.09795038
5.16345994 20.09795820
5.16373794 20.09796590
5.16401385 20.09797348
5.16428768 20.09798095
5.16455946 20.09798831
5.16482920 20.09799556
5.16509693 20.09800270
5.16536267 20.09800973
5.16562643 20.09801667
5.16588823 20.09802349
5.16614809 20.09803022
5.16640602 20.09803685
5.16666206 20.09804338
5.16691621 20.09804982
5.16716849 20.09805616
5.16741892 20.09806241
5.16766751 20.09806856
5.16791429 20.09807463
5.16815927 20.09808061
5.16840246 20.09808650
5.16864389 20.09809231
5.16888357 20.09809804
5.16912151 20.09810368
5.16935773 20.09810924
5.16959224 20.09811472
5.16982507 20.09812012
5.17005622 20.09812544
5.17028572 20.09813069
5.17051357 20.09813586
5.17073979 20.09814096
5.17096440 20.09814599
5.17118741 20.09815095
5.17140883 20.09815583
5.17162868 20.09816065
5.17184697 20.09816540
5.17206372 20.09817008
5.17227894 20.09817469
5.17249264 20.09817924
5.17270483 20.09818373
5.17291553 20.09818815
5.17312476 20.09819252
5.17333252 20.09819682
5.17353883 20.09820106
5.17374369 20.09820524
5.17394713 20.09820936
5.17414915 20.09821343
5.17434977 20.09821744
5.17454900 20.09822140
5.17474685 20.09822530
5.17494333 20.09822915
5.17513846 20.09823294
5.17533223 20.09823668
5.17552468 20.09824037
5.17571580 20.09824401
5.17590562 20.09824760
5.17609413 20.09825115
5.17628135 20.09825464
5.17646730 20.09825808
5.17665197 20.09826148
5.17683539 20.09826484
5.17701756 20.09826814
5.17719850 20.09827141
5.17737821 20.09827463
5.17755670 20.09827780
5.17773399 20.09828093
5.17791007 20.09828402
5.17808498 20.09828707
5.17825870 20.09829008
5.17843126 20.09829305
5.17860266 20.09829598
5.17877291 20.09829886
5.17894202 20.09830171
5.17911001 20.09830453
5.17927687 20.09830730
5.17944262 20.09831004
5.17960726 20.09831274
5.17977081 20.09831541
5.17993328 20.09831804
5.18009467 20.09832063
5.18025499 20.09832320
5.18041425 20.09832572
5.18057246 20.09832822
5.18072963 20.09833068
5.18088576 20.09833311
5.18104086 20.09833551
5.18119495 20.09833788
5.18134803 20.09834021
5.18150010 20.09834252
5.18165118 20.09834479
5.18180127 20.09834704
5.18195038 20.09834925
5.18209852 20.09835144
5.18224569 20.09835360
5.18239191 20.09835573
5.18253718 20.09835783
5.18268150 20.09835991
5.18282490 20.09836196
5.18296736 20.09836398
5.18310890 20.09836598
5.18324953 20.09836795
5.18338925 20.09836990
5.18352807 20.09837182
5.18366600 20.09837371
5.18380305 20.09837559
5.18393921 20.09837743
5.18407450 20.09837926
5.18420893 20.09838106
5.18434249 20.09838284
5.18447520 20.09838459
5.18460707 20.09838633
5.18473809 20.09838804
5.18486828 20.09838973
5.18499765 20.09839140
5.18512619 20.09839304
5.18525391 20.09839467
5.18538083 20.09839627
5.18550694 20.09839786
5.18563225 20.09839943
5.18575678 20.09840097
5.18588051 20.09840250
5.18600347 20.09840400
5.18612565 20.09840549
5.18624707 20.09840696
5.18636772 20.09840841
5.18648761 20.09840985
5.18660675 20.09841126
5.18672514 20.09841266
5.18684280 20.09841404
5.18695971 20.09841540
5.18707590 20.09841675
5.18719136 20.09841808
5.18730611 20.09841939
5.18742013 20.09842068
5.18753345 20.09842196
5.18764607 20.09842323
5.18775798 20.09842448
5.18786920 20.09842571
5.18797973 20.09842693
5.18808958 20.09842813
5.18819875 20.09842932
5.18830724 20.09843049
5.18841506 20.09843165
5.18852222 20.09843280
5.18862872 20.09843393
5.18873456 20.09843504
5.18883975 20.09843615
5.18894430 20.09843724
5.18904820 20.09843831
5.18915146 20.09843938
5.18925410 20.09844043
5.18935610 20.09844146
5.18945748 20.09844249
5.18955824 20.09844350
5.18965839 20.09844450
5.18975792 20.09844549
5.18985685 20.09844646
5.18995517 20.09844743
5.19005290 20.09844838
5.19015003 20.09844932
5.19024657 20.09845025
5.19034253 20.09845117
5.19043790 20.09845207
5.19053270 20.09845297
5.19062692 20.09845386
5.19072057 20.09845473
5.19081366 20.09845559
5.19090618 20.09845645
5.19099815 20.09845729
5.19108956 20.09845812
5.19118042 20.09845895
5.19127073 20.09845976
5.19136050 20.09846056
5.19144973 20.09846136
5.19153843 20.09846214
5.19162659 20.09846292
5.19171422 20.09846368
5.19180133 20.09846444
5.19188792 20.09846519
5.19197399 20.09846592
5.19205954 20.09846665
5.19214458 20.09846738
5.19222912 20.09846809
5.19231315 20.09846879
5.19239668 20.09846949
5.19247972 20.09847017
5.19256226 20.09847085
5.19264430 20.09847153
5.19272586 20.09847219
5.19280694 20.09847284
5.19288754 20.09847349
5.19296765 20.09847413
5.19304730 20.09847476
5.19312647 20.09847539
5.19320517 20.09847601
5.19328341 20.09847662
5.19336119 20.09847722
5.19343850 20.09847782
5.19351536 20.09847840
5.19359177 20.09847899
5.19366773 20.09847956
5.19374324 20.09848013
5.19381830 20.09848069
5.19389293 20.09848125
5.19396711 20.09848180
5.19404086 20.09848234
5.19411418 20.09848287
5.19418707 20.09848340
5.19425953 20.09848393
5.19433156 20.09848445
5.19440318 20.09848496
5.19447437 20.09848546
5.19454515 20.09848596
5.19461552 20.09848646
5.19468547 20.09848694
5.19475502 20.09848743
5.19482416 20.09848790
5.19489290 20.09848837
5.19496124 20.09848884
5.19502918 20.09848930
5.19509672 20.09848975
5.19516388 20.09849020
5.19523064 20.09849065
5.19529702 20.09849109
5.19536301 20.09849152
5.19542861 20.09849195
5.19549384 20.09849238
5.19555869 20.09849279
5.19562317 20.09849321
5.19568727 20.09849362
5.19575100 20.09849402
5.19581436 20.09849442
5.19587736 20.09849482
5.19593999 20.09849521
5.19600226 20.09849560
5.19606418 20.09849598
5.19612573 20.09849636
5.19618694 20.09849673
5.19624779 20.09849710
5.19630829 20.09849747
5.19636844 20.09849783
5.19642824 20.09849818
5.19648771 20.09849854
5.19654683 20.09849888
5.19660561 20.09849923
5.19666406 20.09849957
5.19672217 20.09849991
5.19677995 20.09850024
5.19683740 20.09850057
5.19689452 20.09850089
5.19695131 20.09850121
5.19700778 20.09850153
5.19706392 20.09850185
5.19711975 20.09850216
5.19717525 20.09850246
5.19723044 20.09850277
5.19728532 20.09850307
5.19733988 20.09850337
5.19739413 20.09850366
5.19744808 20.09850395
5.19750171 20.09850424
5.19755505 20.09850452
5.19760807 20.09850480
5.19766080 20.09850508
5.19771323 20.09850535
5.19776536 20.09850562
5.19781719 20.09850589
5.19786874 20.09850616
5.19791999 20.09850642
5.19797094 20.09850668
5.19802161 20.09850693
5.19807200 20.09850719
5.19812210 20.09850744
5.19817191 20.09850768
5.19822145 20.09850793
5.19827070 20.09850817
5.19831968 20.09850841
5.19836838 20.09850865
5.19841680 20.09850888
5.19846496 20.09850911
5.19851284 20.09850934
5.19856045 20.09850957
5.19860779 20.09850979
5.19865487 20.09851001
5.19870168 20.09851023
5.19874823 20.09851044
5.19879452 20.09851066
5.19884054 20.09851087
5.19888631 20.09851108
5.19893183 20.09851128
5.19897708 20.09851149
5.19902208 20.09851169
5.19906684 20.09851189
5.19911134 20.09851209
5.19915559 20.09851228
5.19919959 20.09851248
5.19924335 20.09851267
5.19928686 20.09851286
5.19933013 20.09851304
5.19937315 20.09851323
5.19941594 20.09851341
5.19945849 20.09851359
5.19950080 20.09851377
5.19954287 20.09851395
5.19958471 20.09851412
5.19962632 20.09851429
5.19966769 20.09851446
5.19970883 20.09851463
5.19974975 20.09851480
5.19979043 20.09851496
5.19983089 20.09851513
5.19987113 20.09851529
5.19991114 20.09851545
5.19995093 20.09851561
5.19999050 20.09851576
5.20002984 20.09851592
5.20006897 20.09851607
5.20010788 20.09851622
5.20014658 20.09851637
5.20018506 20.09851652
5.20022333 20.09851666
5.20026139 20.09851681
5.20029923 20.09851695
5.20033687 20.09851709
5.20037430 20.09851723
5.20041152 20.09851737
5.20044853 20.09851751
5.20048534 20.09851764
5.20052195 20.09851778
5.20055835 20.09851791
5.20059455 20.09851804
5.20063055 20.09851817
5.20066636 20.09851830
5.20070196 20.09851842
5.20073737 20.09851855
5.20077259 20.09851867
5.20080761 20.09851879
5.20084243 20.09851891
5.20087707 20.09851903
5.20091151 20.09851915
5.20094577 20.09851927
5.20097984 20.09851938
5.20101371 20.09851950
5.20104741 20.09851961
5.20108091 20.09851972
5.20111424 20.09851983
5.20114738 20.09851994
5.20118033 20.09852005
5.20121311 20.09852016
5.20124571 20.09852027
5.20127812 20.09852037
5.20131036 20.09852047
5.20134243 20.09852058
5.20137431 20.09852068
5.20140603 20.09852078
5.20143756 20.09852088
5.20146893 20.09852098
5.20150012 20.09852107
5.20153115 20.09852117
5.20156200 20.09852126
5.20159268 20.09852136
5.20162320 20.09852145
5.20165355 20.09852154
5.20168373 20.09852163
5.20171375 20.09852172
5.20174361 20.09852181
5.20177330 20.09852190
5.20180283 20.09852199
5.20183219 20.09852207
5.20186140 20.09852216
5.20189045 20.09852224
5.20191934 20.09852233
5.20194807 20.09852241
5.20197665 20.09852249
5.20200507 20.09852257
5.20203333 20.09852265
5.20206144 20.09852273
5.20208940 20.09852281
5.20211721 20.09852288
5.20214486 20.09852296
5.20217236 20.09852303
5.20219972 20.09852311
5.20222692 20.09852318
5.20225398 20.09852326
5.20228089 20.09852333
5.20230765 20.09852340
5.20233427 20.09852347
5.20236075 20.09852354
5.20238708 20.09852361
5.20241326 20.09852368
5.20243931 20.09852375
5.20246521 20.09852381
5.20249097 20.09852388
5.20251660 20.09852394
5.20254208 20.09852401
5.20256743 20.09852407
5.20259264 20.09852414
5.20261771 20.09852420
5.20264264 20.09852426
5.20266744 20.09852432
5.20269211 20.09852438
5.20271664 20.09852444
5.20274104 20.09852450
5.20276531 20.09852456
5.20278945 20.09852462
5.20281346 20.09852468
5.20283733 20.09852473
5.20286108 20.09852479
5.20288470 20.09852485
5.20290819 20.09852490
5.20293156 20.09852495
5.20295479 20.09852501
5.20297791 20.09852506
5.20300090 20.09852511
5.20302376 20.09852517
5.20304650 20.09852522
5.20306912 20.09852527
5.20309161 20.09852532
5.20311399 20.09852537
5.20313624 20.09852542
5.20315838 20.09852547
5.20318039 20.09852552
5.20320229 20.09852556
5.20322407 20.09852561
5.20324573 20.09852566
5.20326727 20.09852570
5.20328870 20.09852575
5.20331001 20.09852580
5.20333121 20.09852584
5.20335229 20.09852588
5.20337326 20.09852593
5.20339412 20.09852597
5.20341487 20.09852602
5.20343550 20.09852606
5.20345602 20.09852610
5.20347644 20.09852614
5.20349674 20.09852618
5.20351693 20.09852622
5.20353702 20.09852626
5.20355700 20.09852630
5.20357687 20.09852634
5.20359663 20.09852638
5.20361629 20.09852642
5.20363584 20.09852646
5.20365529 20.09852650
5.20367463 20.09852653
5.20369387 20.09852657
5.20371301 20.09852661
5.20373204 20.09852664
5.20375097 20.09852668
5.20376980 20.09852671
5.20378853 20.09852675
5.20380716 20.09852678
5.20382569 20.09852682
5.20384412 20.09852685
5.20386245 20.09852688
5.20388068 20.09852692
5.20389882 20.09852695
5.20391685 20.09852698
5.20393480 20.09852702
5.20395264 20.09852705
5.20397039 20.09852708
5.20398805 20.09852711
5.20400561 20.09852714
5.20402308 20.09852717
5.20404045 20.09852720
5.20405773 20.09852723
5.20407492 20.09852726
5.20409201 20.09852729
5.20410902 20.09852732
5.20412593 20.09852735
5.20414276 20.09852737
5.20415949 20.09852740
5.20417614 20.09852743
5.20419269 20.09852746
5.20420916 20.09852748
5.20422554 20.09852751
5.20424183 20.09852754
5.20425804 20.09852756
5.20427416 20.09852759
5.20429019 20.09852762
5.20430614 20.09852764
5.20432200 20.09852767
5.20433778 20.09852769
5.20435348 20.09852772
5.20436909 20.09852774
5.20438461 20.09852776
5.20440006 20.09852779
5.20441542 20.09852781
5.20443070 20.09852783
5.20444590 20.09852786
5.20446102 20.09852788
5.20447606 20.09852790
5.20449101 20.09852793
5.20450589 20.09852795
5.20452069 20.09852797
5.20453541 20.09852799
5.20455005 20.09852801
5.20456462 20.09852803
5.20457910 20.09852805
5.20459351 20.09852808
5.20460785 20.09852810
5.20462210 20.09852812
5.20463628 20.09852814
5.20465039 20.09852816
5.20466442 20.09852818
5.20467838 20.09852819
5.20469226 20.09852821
5.20470607 20.09852823
5.20471980 20.09852825
5.20473347 20.09852827
5.20474706 20.09852829
5.20476057 20.09852831
5.20477402 20.09852833
5.20478739 20.09852834
5.20480070 20.09852836
5.20481393 20.09852838
5.20482709 20.09852840
5.20484019 20.09852841
5.20485321 20.09852843
5.20486616 20.09852845
5.20487905 20.09852846
5.20489187 20.09852848
5.20490462 20.09852850
5.20491730 20.09852851
5.20492991 20.09852853
5.20494246 20.09852854
5.20495494 20.09852856
5.20496736 20.09852857
5.20497971 20.09852859
5.20499199 20.09852860
5.20500421 20.09852862
5.20501636 20.09852863
5.20502845 20.09852865
5.20504048 20.09852866
5.20505244 20.09852868
5.20506434 20.09852869
5.20507618 20.09852871
5.20508795 20.09852872
5.20509966 20.09852873
5.20511131 20.09852875
5.20512290 20.09852876
5.20513443 20.09852877
5.20514589 20.09852879
5.20515730 20.09852880
5.20516864 20.09852881
5.20517992 20.09852882
5.20519115 20.09852884
5.20520232 20.09852885
5.20521342 20.09852886
5.20522447 20.09852887
5.20523546 20.09852889
5.20524639 20.09852890
5.20525726 20.09852891
5.20526808 20.09852892
5.20527884 20.09852893
5.20528954 20.09852894
5.20530019 20.09852896
5.20531078 20.09852897
5.20532131 20.09852898
5.20533179 20.09852899
5.20534221 20.09852900
5.20535258 20.09852901
5.20536289 20.09852902
5.20537315 20.09852903
5.20538336 20.09852904
5.20539351 20.09852905
5.20540360 20.09852906
5.20541365 20.09852907
