9.08580691 10.83346379
9.00777820 11.46064180
8.92503538 12.16591448
8.83733790 12.95669211
8.74479466 13.83357418
8.64801689 14.78606311
8.54823197 15.78935892
8.44728092 16.80489930
8.34743495 17.78652411
8.25104219 18.69091278
8.16012256 19.48746094
8.07607518 20.16277677
7.99959425 20.71882908
7.93076808 21.16751823
7.86926487 21.52508055
7.81451708 21.80815416
7.76586074 22.03170741
7.72262338 22.20829343
7.68417162 22.34803299
7.64993216 22.45891092
7.61939748 22.54715822
7.59212363 22.61761585
7.56772450 22.67404316
7.54586491 22.71936516
7.52625377 22.75586497
7.50863786 22.78533167
7.49279631 22.80917293
7.47853592 22.82850095
7.46568719 22.84419791
7.45410095 22.85696620
7.44364556 22.86736695
7.43420452 22.87584986
7.42567449 22.88277639
7.41796357 22.88843778
7.41098988 22.89306929
7.40468034 22.89686131
7.39896959 22.89996824
7.39379908 22.90251550
7.38911632 22.90460512
7.38487417 22.90632021
7.38103025 22.90772855
7.37754643 22.90888549
7.37438837 22.90983626
7.37152509 22.91061788
7.36892869 22.91126063
7.36657396 22.91178933
7.36443812 22.91222433
7.36250060 22.91258231
7.36074282 22.91287697
7.35914793 22.91311956
7.35770074 22.91331931
7.35638745 22.91348380
7.35519560 22.91361929
7.35411389 22.91373090
7.35313208 22.91382284
7.35224090 22.91389860
7.35143195 22.91396102
7.35069761 22.91401246
7.35003098 22.91405485
7.34942578 22.91408979
7.34887635 22.91411859
7.34837752 22.91414233
7.34792463 22.91416189
7.34751343 22.91417802
7.34714008 22.91419132
7.34680109 22.91420228
7.34649330 22.91421132
7.34621381 22.91421877
7.34596004 22.91422492
7.34572961 22.91422998
7.34552037 22.91423416
7.34533036 22.91423760
7.34515783 22.91424044
7.34500116 22.91424279
7.34485889 22.91424472
7.34472970 22.91424631
7.34461239 22.91424762
7.34450585 22.91424870
7.34440911 22.91424960
7.34432126 22.91425033
7.34424148 22.91425094
7.34416903 22.91425144
7.34410324 22.91425185
7.34404350 22.91425219
7.34398924 22.91425248
7.34393997 22.91425271
7.34389523 22.91425290
7.34385459 22.91425306
7.34381769 22.91425319
7.34378418 22.91425329
7.34375375 22.91425338
7.34372612 22.91425345
7.34370102 22.91425351
7.34367823 22.91425356
7.34365753 22.91425360
7.34363874 22.91425364
7.34362167 22.91425367
7.34360617 22.91425369
7.34359209 22.91425371
7.34357931 22.91425372
7.34356770 22.91425374
7.34355715 22.91425375
