4.18233452 19.87249188
4.09687369 20.61198148
4.00965844 21.37167981
3.92307643 22.10967134
3.83959701 22.78598594
3.76141672 23.37129648
3.69017231 23.85165688
3.62680562 24.22790281
3.57159125 24.51128147
3.52427540 24.71808145
3.48425481 24.86532156
3.45074144 24.96820327
3.42288725 25.03908424
3.39986539 25.08741018
3.38091568 25.12010507
3.36536507 25.14209933
3.35263239 25.15683313
3.34222427 25.16667247
3.33372684 25.17322799
3.32679577 25.17758801
3.32114631 25.18048398
3.31654393 25.18240557
3.31279611 25.18367963
3.30974514 25.18452385
3.30726208 25.18508299
3.30524160 25.18545317
3.30359779 25.18569819
3.30226058 25.18586032
3.30117289 25.18596758
3.30028823 25.18603854
3.29956875 25.18608547
3.29898363 25.18611651
3.29850781 25.18613703
3.29812087 25.18615061
3.29780623 25.18615958
3.29755038 25.18616552
3.29734234 25.18616944
3.29717317 25.18617204
3.29703562 25.18617375
3.29692378 25.18617488
3.29683284 25.18617563
3.29675889 25.18617613
3.29669877 25.18617646
3.29664989 25.18617667
3.29661014 25.18617682
3.29657782 25.18617691
3.29655154 25.18617698
3.29653018 25.18617702
3.29651280 25.18617704
3.29649868 25.18617706
3.29648719 25.18617707
