4.15642125 16.05059935
4.08783328 16.52592157
4.01783037 17.02074994
3.94648119 17.53422825
3.87393257 18.06419085
3.80043725 18.60670391
3.72637671 19.15572803
3.65227212 19.70306261
3.57877596 20.23872684
3.50663924 20.75184146
3.43665500 21.23190259
3.36958656 21.67015111
3.30609564 22.06065388
3.24668628 22.40080072
3.19167587 22.69114578
3.14119522 22.93475099
3.09521180 23.13630528
3.05356600 23.30127253
3.01601052 23.43522115
2.98224615 23.54338156
2.95195046 23.63040787
2.92479852 23.70028977
2.90047678 23.75635962
2.87869121 23.80135094
2.85917157 23.83747846
2.84167280 23.86652188
2.82597479 23.88990392
2.81188105 23.90875855
2.79921694 23.92398831
2.78782756 23.93631144
2.77757577 23.94629983
2.76834015 23.95440938
2.76001321 23.96100411
2.75249971 23.96637521
2.74571521 23.97075605
2.73958476 23.97433406
2.73404173 23.97726007
2.72902683 23.97965572
2.72448720 23.98161929
2.72037569 23.98323034
2.71665014 23.98455340
2.71327284 23.98564088
2.71020999 23.98653544
2.70743130 23.98727184
2.70490954 23.98787844
2.70262023 23.98837844
2.70054135 23.98879079
2.69865307 23.98913104
2.69693749 23.98941193
2.69537849 23.98964391
2.69396148 23.98983557
2.69267329 23.98999398
2.69150203 23.99012495
2.69043690 23.99023326
2.68946817 23.99032286
2.68858699 23.99039701
2.68778536 23.99045837
2.68705601 23.99050917
2.68639238 23.99055123
2.68578847 23.99058606
2.68523888 23.99061490
2.68473868 23.99063880
2.68428340 23.99065860
2.68386898 23.99067500
2.68349174 23.99068859
2.68314831 23.99069986
2.68283567 23.99070920
2.68255102 23.99071694
2.68229187 23.99072335
2.68205591 23.99072867
2.68184106 23.99073308
2.68164544 23.99073674
2.68146730 23.99073977
2.68130510 23.99074228
2.68115739 23.99074436
2.68102288 23.99074609
2.68090039 23.99074753
2.68078885 23.99074872
2.68068726 23.99074970
2.68059475 23.99075052
2.68051050 23.99075120
2.68043378 23.99075176
2.68036390 23.99075223
2.68030026 23.99075261
2.68024230 23.99075293
2.68018952 23.99075320
2.68014144 23.99075342
2.68009766 23.99075360
2.68005778 23.99075376
2.68002146 23.99075388
2.67998839 23.99075399
2.67995826 23.99075407
2.67993082 23.99075414
2.67990583 23.99075420
2.67988307 23.99075425
2.67986234 23.99075430
2.67984346 23.99075433
2.67982626 23.99075436
2.67981059 23.99075438
2.67979633 23.99075440
2.67978334 23.99075442
2.67977150 23.99075443
2.67976072 23.99075444
