4.02094767 16.54101105
4.07399908 16.82375587
4.12746066 17.10957524
4.18083958 17.39314877
4.23362412 17.66910646
4.28531668 17.93252697
4.33546573 18.17936655
4.38369157 18.40673557
4.42970230 18.61298661
4.47329914 18.79763060
4.51437211 18.96113397
4.55288905 19.10466173
4.58888090 19.22982173
4.62242613 19.33844539
4.65363625 19.43242032
4.68264341 19.51357547
4.70959056 19.58361084
4.73462406 19.64406153
4.75788843 19.69628535
4.77952282 19.74146583
4.79965889 19.78062379
4.81841957 19.81463340
4.83591859 19.84423960
4.85226047 19.87007530
4.86754080 19.89267735
4.88184671 19.91250089
4.89525743 19.92993184
4.90784491 19.94529776
4.91967447 19.95887703
4.93080536 19.97090666
4.94129137 19.98158880
4.95118133 19.99109627
4.96051961 19.99957715
4.96934658 20.00715862
4.97769901 20.01395018
4.98561038 20.02004633
4.99311130 20.02552884
5.00022971 20.03046864
5.00699121 20.03492738
5.01341924 20.03895881
5.01953533 20.04260988
5.02535925 20.04592171
5.03090920 20.04893036
5.03620196 20.05166757
5.04125301 20.05416131
5.04607664 20.05643629
5.05068611 20.05851436
5.05509366 20.06041493
5.05931067 20.06215522
5.06334770 20.06375056
5.06721456 20.06521463
5.07092042 20.06655966
5.07447377 20.06779656
5.07788258 20.06893514
5.08115427 20.06998421
5.08429579 20.07095166
5.08731363 20.07184462
5.09021388 20.07266952
5.09300226 20.07343215
5.09568414 20.07413777
5.09826453 20.07479111
5.10074820 20.07539650
5.10313960 20.07595783
5.10544292 20.07647866
5.10766215 20.07696223
5.10980100 20.07741147
5.11186303 20.07782908
5.11385156 20.07821751
5.11576976 20.07857899
5.11762062 20.07891558
5.11940696 20.07922915
5.12113148 20.07952143
5.12279672 20.07979399
5.12440510 20.08004829
5.12595891 20.08028565
5.12746033 20.08050729
5.12891145 20.08071436
5.13031423 20.08090787
5.13167056 20.08108881
5.13298222 20.08125803
5.13425093 20.08141637
5.13547831 20.08156457
5.13666592 20.08170334
5.13781524 20.08183331
5.13892768 20.08195509
5.14000460 20.08206922
5.14104729 20.08217622
5.14205700 20.08227656
5.14303490 20.08237069
5.14398212 20.08245901
5.14489976 20.08254191
5.14578886 20.08261973
5.14665040 20.08269281
5.14748536 20.08276145
5.14829463 20.08282594
5.14907911 20.08288654
5.14983964 20.08294350
5.15057703 20.08299705
5.15129206 20.08304741
5.15198548 20.08309476
5.15265800 20.08313931
5.15331033 20.08318123
5.15394311 20.08322067
5.15455701 20.08325780
5.15515262 20.08329275
5.15573055 20.08332565
5.15629137 20.08335664
5.15683562 20.08338582
5.15736384 20.08341331
5.15787653 20.08343921
5.15837420 20.08346362
5.15885731 20.08348662
5.15932632 20.08350829
5.15978167 20.08352873
5.16022380 20.08354799
5.16065311 20.08356616
5.16107000 20.08358328
5.16147485 20.08359944
5.16186803 20.08361468
5.16224990 20.08362905
5.16262081 20.08364261
5.16298109 20.08365540
5.16333106 20.08366748
5.16367104 20.08367887
5.16400132 20.08368962
5.16432220 20.08369977
5.16463395 20.08370935
5.16493686 20.08371840
5.16523118 20.08372694
5.16551718 20.08373500
5.16579509 20.08374262
5.16606516 20.08374981
5.16632762 20.08375660
5.16658269 20.08376301
5.16683059 20.08376907
5.16707153 20.08377480
5.16730571 20.08378020
5.16753333 20.08378531
5.16775458 20.08379014
5.16796965 20.08379470
5.16817871 20.08379901
5.16838195 20.08380308
5.16857952 20.08380693
5.16877159 20.08381057
5.16895831 20.08381401
5.16913985 20.08381726
5.16931636 20.08382033
5.16948796 20.08382323
5.16965481 20.08382598
5.16981704 20.08382858
5.16997478 20.08383103
5.17012817 20.08383335
5.17027731 20.08383554
5.17042234 20.08383762
5.17056337 20.08383958
5.17070051 20.08384143
5.17083388 20.08384319
5.17096357 20.08384485
5.17108969 20.08384642
5.17121235 20.08384790
5.17133164 20.08384930
5.17144766 20.08385063
5.17156049 20.08385189
5.17167022 20.08385307
5.17177695 20.08385420
5.17188076 20.08385526
5.17198172 20.08385627
5.17207992 20.08385722
5.17217543 20.08385812
5.17226833 20.08385897
5.17235870 20.08385977
5.17244659 20.08386054
5.17253209 20.08386126
5.17261525 20.08386194
5.17269615 20.08386258
5.17277483 20.08386319
5.17285138 20.08386377
5.17292584 20.08386432
5.17299827 20.08386484
5.17306873 20.08386533
5.17313727 20.08386579
5.17320394 20.08386623
5.17326880 20.08386664
5.17333190 20.08386704
5.17339329 20.08386741
5.17345300 20.08386776
5.17351110 20.08386809
5.17356762 20.08386841
5.17362260 20.08386871
5.17367609 20.08386899
5.17372813 20.08386926
5.17377875 20.08386951
5.17382801 20.08386975
5.17387593 20.08386997
5.17392255 20.08387019
5.17396791 20.08387039
5.17401204 20.08387058
5.17405497 20.08387077
5.17409674 20.08387094
5.17413738 20.08387110
5.17417692 20.08387125
5.17421539 20.08387140
5.17425282 20.08387154
5.17428923 20.08387167
5.17432466 20.08387179
5.17435914 20.08387191
5.17439268 20.08387202
5.17442531 20.08387213
5.17445707 20.08387223
5.17448796 20.08387232
5.17451802 20.08387241
5.17454727 20.08387249
5.17457573 20.08387257
5.17460341 20.08387265
5.17463036 20.08387272
5.17465657 20.08387279
5.17468208 20.08387285
5.17470689 20.08387291
5.17473104 20.08387297
5.17475454 20.08387303
5.17477740 20.08387308
5.17479965 20.08387313
5.17482129 20.08387317
5.17484235 20.08387322
5.17486285 20.08387326
5.17488279 20.08387330
5.17490219 20.08387333
5.17492107 20.08387337
5.17493944 20.08387340
5.17495732 20.08387343
5.17497471 20.08387346
5.17499164 20.08387349
5.17500810 20.08387352
5.17502413 20.08387354
5.17503972 20.08387357
5.17505490 20.08387359
5.17506966 20.08387361
5.17508403 20.08387363
5.17509801 20.08387365
5.17511161 20.08387367
5.17512485 20.08387369
5.17513773 20.08387370
5.17515026 20.08387372
5.17516246 20.08387373
5.17517433 20.08387375
5.17518587 20.08387376
5.17519711 20.08387377
5.17520805 20.08387378
5.17521869 20.08387380
5.17522904 20.08387381
5.17523911 20.08387382
