4.75880211 16.83069134
4.73124844 16.90763244
4.70299430 16.98818450
4.67427015 17.07107837
4.64531843 17.15493275
4.61638341 17.23834617
4.58770110 17.31998872
4.55949016 17.39868128
4.53194467 17.47345299
4.50522911 17.54357269
4.47947588 17.60855476
4.45478496 17.66814370
4.43122551 17.72228400
4.40883873 17.77108202
4.38764163 17.81476590
4.36763100 17.85364782
4.34878746 17.88809117
4.33107922 17.91848401
4.31446534 17.94521870
4.29889865 17.96867731
4.28432801 17.98922189
4.27070019 18.00718854
4.25796137 18.02288445
4.24605817 18.03658694
4.23493850 18.04854406
4.22455206 18.05897602
4.21485080 18.06807719
4.20578908 18.07601836
4.19732378 18.08294907
4.18941441 18.08899996
4.18202299 18.09428485
4.17511405 18.09890286
4.16865451 18.10294015
4.16261356 18.10647159
4.15696255 18.10956226
4.15167486 18.11226864
4.14672576 18.11463985
4.14209229 18.11671853
4.13775313 18.11854175
4.13368850 18.12014178
4.12988004 18.12154666
4.12631069 18.12278082
4.12296460 18.12386553
4.11982707 18.12481935
4.11688442 18.12565846
4.11412393 18.12639696
4.11153378 18.12704721
4.10910296 18.12761997
4.10682123 18.12812467
4.10467904 18.12856956
4.10266751 18.12896187
4.10077835 18.12930793
4.09900384 18.12961329
4.09733675 18.12988281
4.09577036 18.13012077
4.09429838 18.13033093
4.09291495 18.13051657
4.09161457 18.13068060
4.09039212 18.13082556
4.08924280 18.13095371
4.08816213 18.13106702
4.08714589 18.13116721
4.08619016 18.13125584
4.08529125 18.13133424
4.08444573 18.13140361
4.08365034 18.13146500
4.08290207 18.13151934
4.08219807 18.13156744
4.08153568 18.13161002
4.08091240 18.13164772
4.08032588 18.13168110
4.07977393 18.13171067
4.07925449 18.13173686
4.07876560 18.13176006
4.07830546 18.13178061
4.07787235 18.13179882
4.07746467 18.13181495
4.07708091 18.13182925
4.07671965 18.13184191
4.07637956 18.13185314
4.07605940 18.13186309
4.07575797 18.13187191
4.07547419 18.13187973
4.07520700 18.13188666
4.07495543 18.13189280
4.07471857 18.13189825
4.07449554 18.13190308
4.07428554 18.13190736
4.07408779 18.13191116
4.07390159 18.13191452
4.07372625 18.13191751
4.07356114 18.13192015
4.07340565 18.13192250
4.07325923 18.13192458
4.07312134 18.13192643
4.07299149 18.13192806
4.07286920 18.13192952
4.07275403 18.13193080
4.07264557 18.13193195
4.07254343 18.13193296
4.07244723 18.13193386
4.07235663 18.13193466
4.07227130 18.13193536
4.07219094 18.13193599
4.07211526 18.13193655
4.07204397 18.13193704
4.07197684 18.13193748
4.07191360 18.13193786
4.07185405 18.13193821
4.07179796 18.13193851
4.07174513 18.13193879
4.07169537 18.13193903
4.07164850 18.13193924
4.07160436 18.13193943
4.07156278 18.13193960
4.07152362 18.13193974
4.07148674 18.13193988
4.07145200 18.13193999
4.07141928 18.13194010
4.07138846 18.13194019
4.07135943 18.13194027
4.07133208 18.13194034
4.07130633 18.13194041
4.07128207 18.13194047
4.07125922 18.13194052
4.07123770 18.13194056
4.07121743 18.13194060
4.07119834 18.13194064
4.07118035 18.13194067
4.07116341 18.13194070
4.07114746 18.13194072
4.07113243 18.13194074
4.07111827 18.13194076
4.07110494 18.13194078
4.07109238 18.13194080
4.07108055 18.13194081
4.07106940 18.13194082
4.07105891 18.13194083
