4.64592595 18.34223276
4.62954301 18.36908894
4.61314019 18.39601099
4.59671691 18.42299968
4.58027413 18.45005051
4.56381448 18.47715359
4.54734223 18.50429354
4.53086330 18.53144944
4.51438530 18.55859485
4.49791750 18.58569795
4.48147077 18.61272172
4.46505754 18.63962425
4.44869171 18.66635918
4.43238857 18.69287622
4.41616464 18.71912183
4.40003750 18.74503995
4.38402567 18.77057287
4.36814836 18.79566216
4.35242527 18.82024963
4.33687637 18.84427834
4.32152168 18.86769359
4.30638098 18.89044385
4.29147364 18.91248165
4.27681834 18.93376438
4.26243290 18.95425492
4.24833407 18.97392215
4.23453734 18.99274133
4.22105683 19.01069430
4.20790516 19.02776954
4.19509334 19.04396201
4.18263075 19.05927299
4.17052508 19.07370965
4.15878234 19.08728466
4.14740689 19.10001559
4.13640149 19.11192439
4.12576733 19.12303673
4.11550415 19.13338141
4.10561034 19.14298972
4.09608298 19.15189486
4.08691805 19.16013137
4.07811044 19.16773461
4.06965416 19.17474032
4.06154237 19.18118418
4.05376756 19.18710148
4.04632161 19.19252679
4.03919591 19.19749372
4.03238148 19.20203472
4.02586900 19.20618095
4.01964893 19.20996211
4.01371161 19.21340641
4.00804724 19.21654050
4.00264605 19.21938946
3.99749826 19.22197680
3.99259417 19.22432448
3.98792420 19.22645295
3.98347891 19.22838118
3.97924904 19.23012676
3.97522553 19.23170593
3.97139954 19.23313365
3.96776244 19.23442369
3.96430589 19.23558869
3.96102178 19.23664022
3.95790228 19.23758887
3.95493980 19.23844434
3.95212704 19.23921544
3.94945698 19.23991023
3.94692284 19.24053602
3.94451814 19.24109948
3.94223662 19.24160664
3.94007232 19.24206300
3.93801951 19.24247353
3.93607270 19.24284273
3.93422666 19.24317468
3.93247638 19.24347308
3.93081707 19.24374124
3.92924417 19.24398219
3.92775332 19.24419865
3.92634038 19.24439306
3.92500139 19.24456766
3.92373257 19.24472442
3.92253035 19.24486516
3.92139131 19.24499149
3.92031220 19.24510487
3.91928994 19.24520662
3.91832158 19.24529791
3.91740433 19.24537982
3.91653555 19.24545331
3.91571271 19.24551922
3.91493342 19.24557834
3.91419540 19.24563137
3.91349650 19.24567892
3.91283467 19.24572156
3.91220798 19.24575979
3.91161456 19.24579407
3.91105268 19.24582480
3.91052067 19.24585235
3.91001696 19.24587705
3.90954007 19.24589919
3.90908856 19.24591903
3.90866111 19.24593681
3.90825643 19.24595275
3.90787333 19.24596704
3.90751066 19.24597984
3.90716734 19.24599131
3.90684234 19.24600159
3.90653469 19.24601081
3.90624347 19.24601906
3.90596780 19.24602646
3.90570686 19.24603308
3.90545986 19.24603902
3.90522606 19.24604434
3.90500477 19.24604911
3.90479531 19.24605338
3.90459705 19.24605720
3.90440939 19.24606063
3.90423178 19.24606370
3.90406367 19.24606645
3.90390455 19.24606892
3.90375396 19.24607112
3.90361142 19.24607310
3.90347652 19.24607487
3.90334884 19.24607646
3.90322800 19.24607788
3.90311363 19.24607915
3.90300539 19.24608029
3.90290294 19.24608131
3.90280598 19.24608223
3.90271422 19.24608305
3.90262738 19.24608378
3.90254519 19.24608444
3.90246740 19.24608503
3.90239378 19.24608556
3.90232411 19.24608603
3.90225818 19.24608645
3.90219577 19.24608683
3.90213672 19.24608717
3.90208083 19.24608747
3.90202793 19.24608775
3.90197787 19.24608799
3.90193050 19.24608821
3.90188567 19.24608840
3.90184324 19.24608858
3.90180308 19.24608874
3.90176508 19.24608888
3.90172912 19.24608900
3.90169508 19.24608911
3.90166288 19.24608922
3.90163239 19.24608931
3.90160355 19.24608939
3.90157625 19.24608946
3.90155041 19.24608952
3.90152596 19.24608958
3.90150283 19.24608963
3.90148093 19.24608968
3.90146021 19.24608972
3.90144060 19.24608976
3.90142204 19.24608979
3.90140448 19.24608982
3.90138786 19.24608985
3.90137213 19.24608988
3.90135724 19.24608990
3.90134316 19.24608992
3.90132982 19.24608993
3.90131721 19.24608995
3.90130527 19.24608996
3.90129397 19.24608998
3.90128328 19.24608999
