7.69500849 7.58537609 8.00646532 0.12518420
7.69481390 7.58294691 8.00704165 0.12581284
7.69461859 7.58050491 8.00761754 0.12644773
7.69442257 7.57805001 8.00819295 0.12708892
7.69422580 7.57558213 8.00876786 0.12773649
7.69402828 7.57310120 8.00934224 0.12839050
7.69383000 7.57060713 8.00991604 0.12905103
7.69363093 7.56809985 8.01048922 0.12971815
7.69343108 7.56557927 8.01106176 0.13039193
7.69323041 7.56304531 8.01163362 0.13107245
7.69302892 7.56049789 8.01220475 0.13175978
7.69282659 7.55793693 8.01277511 0.13245398
7.69262341 7.55536234 8.01334468 0.13315515
7.69241936 7.55277405 8.01391339 0.13386335
7.69221443 7.55017197 8.01448122 0.13457867
7.69200860 7.54755601 8.01504812 0.13530117
7.69180185 7.54492609 8.01561405 0.13603095
7.69159418 7.54228213 8.01617896 0.13676807
7.69138557 7.53962404 8.01674281 0.13751263
7.69117599 7.53695174 8.01730555 0.13826470
7.69096544 7.53426514 8.01786713 0.13902436
7.69075389 7.53156415 8.01842751 0.13979170
7.69054134 7.52884868 8.01898663 0.14056681
7.69032776 7.52611866 8.01954445 0.14134976
7.69011314 7.52337398 8.02010092 0.14214065
7.68989746 7.52061457 8.02065597 0.14293956
7.68968071 7.51784034 8.02120957 0.14374659
7.68946287 7.51505119 8.02176165 0.14456181
7.68924392 7.51224704 8.02231216 0.14538532
7.68902384 7.50942779 8.02286104 0.14621721
7.68880262 7.50659337 8.02340824 0.14705757
7.68858024 7.50374366 8.02395369 0.14790650
7.68835669 7.50087860 8.02449734 0.14876409
7.68813193 7.49799807 8.02503912 0.14963044
7.68790597 7.49510200 8.02557898 0.15050564
7.68767877 7.49219029 8.02611685 0.15138979
7.68745033 7.48926285 8.02665266 0.15228298
7.68722062 7.48631958 8.02718634 0.15318532
7.68698963 7.48336039 8.02771784 0.15409691
7.68675733 7.48038519 8.02824708 0.15501785
7.68652371 7.47739389 8.02877399 0.15594823
7.68628875 7.47438638 8.02929850 0.15688818
7.68605243 7.47136258 8.02982054 0.15783778
7.68581474 7.46832239 8.03034003 0.15879715
7.68557565 7.46526572 8.03085690 0.15976639
7.68533515 7.46219246 8.03137107 0.16074561
7.68509321 7.45910252 8.03188245 0.16173492
7.68484982 7.45599582 8.03239098 0.16273443
7.68460496 7.45287224 8.03289657 0.16374425
7.68435861 7.44973170 8.03339914 0.16476450
7.68411076 7.44657409 8.03389860 0.16579528
7.68386137 7.44339932 8.03439486 0.16683672
7.68361044 7.44020729 8.03488784 0.16788893
7.68335794 7.43699791 8.03537744 0.16895203
7.68310385 7.43377107 8.03586359 0.17002614
7.68284816 7.43052668 8.03634617 0.17111137
7.68259084 7.42726463 8.03682510 0.17220785
7.68233189 7.42398484 8.03730029 0.17331570
7.68207127 7.42068719 8.03777162 0.17443504
7.68180897 7.41737160 8.03823901 0.17556600
7.68154496 7.41403795 8.03870235 0.17670871
7.68127924 7.41068616 8.03916154 0.17786329
7.68101178 7.40731612 8.03961646 0.17902988
7.68074256 7.40392773 8.04006702 0.18020859
7.68047156 7.40052089 8.04051310 0.18139957
7.68019877 7.39709550 8.04095459 0.18260295
7.67992417 7.39365146 8.04139138 0.18381886
7.67964773 7.39018868 8.04182335 0.18504743
7.67936944 7.38670704 8.04225038 0.18628881
7.67908928 7.38320645 8.04267236 0.18754313
7.67880723 7.37968681 8.04308915 0.18881053
7.67852327 7.37614802 8.04350065 0.19009115
7.67823739 7.37258998 8.04390671 0.19138514
7.67794957 7.36901258 8.04430721 0.19269264
7.67765979 7.36541573 8.04470202 0.19401379
7.67736803 7.36179932 8.04509101 0.19534874
7.67707428 7.35816326 8.04547404 0.19669764
7.67677851 7.35450744 8.04585097 0.19806064
7.67648072 7.35083176 8.04622166 0.19943789
7.67618089 7.34713613 8.04658597 0.20082954
7.67587900 7.34342044 8.04694375 0.20223575
7.67557503 7.33968459 8.04729486 0.20365667
7.67526897 7.33592848 8.04763914 0.20509246
7.67496081 7.33215202 8.04797644 0.20654328
7.67465053 7.32835511 8.04830661 0.20800928
7.67433811 7.32453763 8.04862948 0.20949063
7.67402355 7.32069950 8.04894490 0.21098750
7.67370683 7.31684062 8.04925270 0.21250004
7.67338793 7.31296089 8.04955272 0.21402842
7.67306685 7.30906021 8.04984479 0.21557282
7.67274358 7.30513848 8.05012873 0.21713339
7.67241809 7.30119561 8.05040437 0.21871032
7.67209039 7.29723149 8.05067153 0.22030376
7.67176047 7.29324604 8.05093004 0.22191391
7.67142830 7.28923915 8.05117970 0.22354093
7.67109389 7.28521074 8.05142034 0.22518500
7.67075723 7.28116070 8.05165176 0.22684630
7.67041831 7.27708895 8.05187377 0.22852501
7.67007713 7.27299538 8.05208618 0.23022131
7.66973367 7.26887991 8.05228878 0.23193539
7.66938794 7.26474244 8.05248138 0.23366743
7.66903993 7.26058288 8.05266377 0.23541762
7.66868964 7.25640115 8.05283575 0.23718614
7.66833707 7.25219714 8.05299710 0.23897320
7.66798221 7.24797078 8.05314761 0.24077897
7.66762508 7.24372197 8.05328706 0.24260366
7.66726566 7.23945062 8.05341523 0.24444746
7.66690396 7.23515666 8.05353190 0.24631057
7.66653999 7.23083998 8.05363684 0.24819319
7.66617375 7.22650052 8.05372983 0.25009551
7.66580525 7.22213818 8.05381062 0.25201774
7.66543449 7.21775289 8.05387898 0.25396009
7.66506149 7.21334455 8.05393467 0.25592276
7.66468625 7.20891310 8.05397745 0.25790595
7.66430878 7.20445846 8.05400707 0.25990988
7.66392911 7.19998054 8.05402328 0.26193476
7.66354724 7.19547927 8.05402583 0.26398081
7.66316319 7.19095457 8.05401445 0.26604822
7.66277698 7.18640638 8.05398890 0.26813723
7.66238863 7.18183462 8.05394890 0.27024805
7.66199816 7.17723922 8.05389419 0.27238090
7.66160559 7.17262011 8.05382450 0.27453600
7.66121095 7.16797723 8.05373955 0.27671358
7.66081427 7.16331051 8.05363906 0.27891385
7.66041557 7.15861989 8.05352276 0.28113705
7.66001488 7.15390531 8.05339037 0.28338340
7.65961225 7.14916670 8.05324158 0.28565314
7.65920769 7.14440402 8.05307612 0.28794649
7.65880126 7.13961719 8.05289369 0.29026369
7.65839299 7.13480619 8.05269399 0.29260498
7.65798292 7.12997094 8.05247671 0.29497058
7.65757110 7.12511141 8.05224157 0.29736074
7.65715756 7.12022754 8.05198824 0.29977570
7.65674237 7.11531930 8.05171641 0.30221570
7.65632557 7.11038665 8.05142579 0.30468097
7.65590722 7.10542954 8.05111603 0.30717177
7.65548737 7.10044794 8.05078684 0.30968834
7.65506608 7.09544181 8.05043788 0.31223093
7.65464341 7.09041114 8.05006882 0.31479978
7.65421943 7.08535588 8.04967935 0.31739514
7.65379420 7.08027602 8.04926912 0.32001726
7.65336779 7.07517154 8.04883780 0.32266640
7.65294029 7.07004242 8.04838506 0.32534281
7.65251175 7.06488864 8.04791055 0.32804674
7.65208227 7.05971020 8.04741394 0.33077844
7.65165191 7.05450710 8.04689487 0.33353817
7.65122078 7.04927931 8.04635301 0.33632619
7.65078895 7.04402686 8.04578800 0.33914276
7.65035651 7.03874974 8.04519948 0.34198812
7.64992356 7.03344796 8.04458711 0.34486254
7.64949019 7.02812154 8.04395053 0.34776627
7.64905651 7.02277050 8.04328939 0.35069958
7.64862262 7.01739485 8.04260332 0.35366272
7.64818862 7.01199463 8.04189197 0.35665594
7.64775463 7.00656987 8.04115496 0.35967952
7.64732075 7.00112060 8.04039195 0.36273369
7.64688710 6.99564687 8.03960257 0.36581872
7.64645381 6.99014872 8.03878644 0.36893487
7.64602098 6.98462621 8.03794322 0.37208239
7.64558876 6.97907940 8.03707252 0.37526152
7.64515726 6.97350835 8.03617400 0.37847253
7.64472661 6.96791313 8.03524727 0.38171566
7.64429697 6.96229382 8.03429198 0.38499115
7.64386845 6.95665051 8.03330776 0.38829926
7.64344120 6.95098328 8.03229425 0.39164022
7.64301536 6.94529223 8.03125109 0.39501428
7.64259109 6.93957746 8.03017791 0.39842166
7.64216852 6.93383909 8.02907435 0.40186260
7.64174782 6.92807723 8.02794006 0.40533733
7.64132913 6.92229201 8.02677468 0.40884607
7.64091262 6.91648356 8.02557786 0.41238903
7.64049844 6.91065204 8.02434925 0.41596643
7.64008676 6.90479758 8.02308849 0.41957848
7.63967773 6.89892034 8.02179526 0.42322537
7.63927153 6.89302051 8.02046921 0.42690729
7.63886833 6.88709824 8.01911000 0.43062442
7.63846829 6.88115374 8.01771731 0.43437696
7.63807159 6.87518720 8.01629081 0.43816505
7.63767839 6.86919882 8.01483019 0.44198886
7.63728889 6.86318882 8.01333512 0.44584853
7.63690324 6.85715744 8.01180532 0.44974420
7.63652164 6.85110490 8.01024046 0.45367599
7.63614425 6.84503146 8.00864028 0.45764402
7.63577125 6.83893739 8.00700447 0.46164837
7.63540283 6.83282295 8.00533277 0.46568914
7.63503917 6.82668843 8.00362492 0.46976638
7.63468043 6.82053413 8.00188066 0.47388016
7.63432681 6.81436036 8.00009973 0.47803050
7.63397847 6.80816745 7.99828192 0.48221742
7.63363560 6.80195574 7.99642699 0.48644092
7.63329837 6.79572557 7.99453474 0.49070098
7.63296696 6.78947731 7.99260497 0.49499753
7.63264153 6.78321135 7.99063749 0.49933053
7.63232227 6.77692808 7.98863213 0.50369988
7.63200933 6.77062791 7.98658874 0.50810546
7.63170289 6.76431127 7.98450717 0.51254712
7.63140310 6.75797859 7.98238731 0.51702471
7.63111013 6.75163035 7.98022903 0.52153801
7.63082413 6.74526701 7.97803226 0.52608680
7.63054525 6.73888906 7.97579692 0.53067082
7.63027365 6.73249702 7.97352294 0.53528978
7.63000946 6.72609142 7.97121030 0.53994336
7.62975282 6.71967279 7.96885899 0.54463118
7.62950386 6.71324171 7.96646900 0.54935286
7.62926272 6.70679874 7.96404036 0.55410796
7.62902950 6.70034450 7.96157312 0.55889600
7.62880434 6.69387959 7.95906735 0.56371647
7.62858733 6.68740467 7.95652315 0.56856882
7.62837857 6.68092037 7.95394062 0.57345244
7.62817817 6.67442739 7.95131992 0.57836670
7.62798620 6.66792640 7.94866121 0.58331090
7.62780274 6.66141814 7.94596467 0.58828432
7.62762787 6.65490333 7.94323054 0.59328618
7.62746165 6.64838273 7.94045905 0.59831565
7.62730412 6.64185711 7.93765048 0.60337185
7.62715533 6.63532726 7.93480512 0.60845386
7.62701533 6.62879400 7.93192331 0.61356071
7.62688412 6.62225816 7.92900539 0.61869136
7.62676173 6.61572059 7.92605176 0.62384475
7.62664816 6.60918216 7.92306283 0.62901974
7.62654341 6.60264376 7.92003903 0.63421516
7.62644747 6.59610629 7.91698085 0.63942978
7.62636031 6.58957069 7.91388878 0.64466231
7.62628189 6.58303790 7.91076336 0.64991143
7.62621217 6.57650888 7.90760514 0.65517574
7.62615110 6.56998460 7.90441472 0.66045383
7.62609861 6.56346607 7.90119272 0.66574421
7.62605461 6.55695428 7.89793978 0.67104534
7.62601904 6.55045028 7.89465660 0.67635566
7.62599178 6.54395509 7.89134387 0.68167354
7.62597274 6.53746977 7.88800235 0.68699732
7.62596179 6.53099538 7.88463278 0.69232528
7.62595880 6.52453301 7.88123597 0.69765569
7.62596365 6.51808373 7.87781273 0.70298675
7.62597619 6.51164866 7.87436393 0.70831664
7.62599626 6.50522889 7.87089042 0.71364351
7.62602369 6.49882555 7.86739312 0.71896547
7.62605832 6.49243974 7.86387294 0.72428061
7.62609996 6.48607261 7.86033084 0.72958699
7.62614843 6.47972527 7.85676778 0.73488265
7.62620352 6.47339888 7.85318476 0.74016562
7.62626504 6.46709455 7.84958278 0.74543390
7.62633278 6.46081343 7.84596290 0.75068550
7.62640652 6.45455665 7.84232614 0.75591839
7.62648603 6.44832534 7.83867360 0.76113057
7.62657109 6.44212063 7.83500633 0.76632003
7.62666147 6.43594365 7.83132546 0.77148476
7.62675694 6.42979552 7.82763208 0.77662276
7.62685724 6.42367733 7.82392732 0.78173204
7.62696214 6.41759018 7.82021231 0.78681063
7.62707139 6.41153517 7.81648819 0.79185659
7.62718474 6.40551337 7.81275612 0.79686799
7.62730194 6.39952584 7.80901725 0.80184294
7.62742274 6.39357362 7.80527272 0.80677958
7.62754688 6.38765775 7.80152372 0.81167608
7.62767412 6.38177922 7.79777138 0.81653065
7.62780421 6.37593904 7.79401688 0.82134157
7.62793688 6.37013816 7.79026138 0.82610714
7.62807189 6.36437754 7.78650601 0.83082571
7.62820900 6.35865811 7.78275194 0.83549570
7.62834795 6.35298075 7.77900031 0.84011559
7.62848851 6.34734635 7.77525224 0.84468390
7.62863043 6.34175574 7.77150885 0.84919923
7.62877347 6.33620976 7.76777127 0.85366025
7.62891741 6.33070918 7.76404057 0.85806566
7.62906202 6.32525477 7.76031786 0.86241428
7.62920708 6.31984727 7.75660419 0.86670498
7.62935235 6.31448736 7.75290061 0.87093668
7.62949765 6.30917573 7.74920816 0.87510841
7.62964274 6.30391299 7.74552784 0.87921925
7.62978745 6.29869977 7.74186066 0.88326837
7.62993156 6.29353662 7.73820758 0.88725501
7.63007490 6.28842409 7.73456955 0.89117849
7.63021728 6.28336267 7.73094749 0.89503819
7.63035852 6.27835284 7.72734231 0.89883358
7.63049845 6.27339503 7.72375488 0.90256421
7.63063693 6.26848965 7.72018606 0.90622970
7.63077378 6.26363705 7.71663666 0.90982974
7.63090886 6.25883757 7.71310749 0.91336409
7.63104204 6.25409151 7.70959932 0.91683260
7.63117318 6.24939914 7.70611289 0.92023515
7.63130216 6.24476068 7.70264891 0.92357174
7.63142885 6.24017634 7.69920807 0.92684240
7.63155315 6.23564628 7.69579103 0.93004724
7.63167495 6.23117064 7.69239842 0.93318643
7.63179415 6.22674952 7.68903085 0.93626019
7.63191067 6.22238299 7.68568888 0.93926882
7.63202442 6.21807108 7.68237306 0.94221265
7.63213532 6.21381382 7.67908390 0.94509210
7.63224331 6.20961119 7.67582190 0.94790760
7.63234832 6.20546313 7.67258751 0.95065965
7.63245029 6.20136958 7.66938116 0.95334880
7.63254918 6.19733043 7.66620326 0.95597564
7.63264494 6.19334555 7.66305419 0.95854079
7.63273752 6.18941480 7.65993429 0.96104492
7.63282691 6.18553799 7.65684388 0.96348874
7.63291306 6.18171492 7.65378327 0.96587299
7.63299595 6.17794538 7.65075273 0.96819842
7.63307558 6.17422911 7.64775250 0.97046585
7.63315193 6.17056584 7.64478280 0.97267608
7.63322498 6.16695530 7.64184384 0.97482998
7.63329474 6.16339718 7.63893578 0.97692839
7.63336120 6.15989115 7.63605879 0.97897223
7.63342438 6.15643686 7.63321298 0.98096238
7.63348428 6.15303396 7.63039848 0.98289977
7.63354091 6.14968208 7.62761536 0.98478532
7.63359430 6.14638083 7.62486369 0.98661999
7.63364445 6.14312980 7.62214352 0.98840472
7.63369140 6.13992857 7.61945488 0.99014047
7.63373517 6.13677672 7.61679778 0.99182820
7.63377579 6.13367381 7.61417221 0.99346889
7.63381329 6.13061938 7.61157815 0.99506349
7.63384771 6.12761297 7.60901555 0.99661299
7.63387907 6.12465412 7.60648436 0.99811834
7.63390743 6.12174233 7.60398451 0.99958052
7.63393281 6.11887713 7.60151591 1.00100048
7.63395527 6.11605801 7.59907845 1.00237919
7.63397485 6.11328449 7.59667204 1.00371759
7.63399158 6.11055604 7.59429653 1.00501664
7.63400552 6.10787216 7.59195180 1.00627726
7.63401672 6.10523234 7.58963769 1.00750039
7.63402523 6.10263604 7.58735404 1.00868694
7.63403109 6.10008275 7.58510069 1.00983783
7.63403436 6.09757194 7.58287744 1.01095394
7.63403509 6.09510307 7.58068412 1.01203617
7.63403332 6.09267562 7.57852053 1.01308539
7.63402913 6.09028906 7.57638645 1.01410245
7.63402255 6.08794285 7.57428167 1.01508821
7.63401364 6.08563645 7.57220598 1.01604350
7.63400245 6.08336933 7.57015915 1.01696913
7.63398905 6.08114096 7.56814093 1.01786592
7.63397348 6.07895080 7.56615110 1.01873465
7.63395580 6.07679833 7.56418940 1.01957609
7.63393606 6.07468300 7.56225559 1.02039101
7.63391432 6.07260430 7.56034940 1.02118016
7.63389064 6.07056169 7.55847059 1.02194426
7.63386505 6.06855465 7.55661889 1.02268403
7.63383763 6.06658265 7.55479404 1.02340017
7.63380842 6.06464519 7.55299576 1.02409336
7.63377748 6.06274174 7.55122377 1.02476427
7.63374485 6.06087178 7.54947782 1.02541356
7.63371059 6.05903482 7.54775762 1.02604186
7.63367475 6.05723034 7.54606288 1.02664980
7.63363739 6.05545784 7.54439334 1.02723799
7.63359855 6.05371683 7.54274871 1.02780701
7.63355828 6.05200681 7.54112871 1.02835746
7.63351663 6.05032730 7.53953305 1.02888988
7.63347366 6.04867781 7.53796145 1.02940484
7.63342940 6.04705785 7.53641362 1.02990287
7.63338391 6.04546697 7.53488929 1.03038449
7.63333723 6.04390468 7.53338816 1.03085021
7.63328940 6.04237052 7.53190995 1.03130052
7.63324048 6.04086404 7.53045437 1.03173591
7.63319051 6.03938477 7.52902115 1.03215684
7.63313952 6.03793227 7.52761001 1.03256376
7.63308757 6.03650609 7.52622064 1.03295712
7.63303469 6.03510581 7.52485279 1.03333736
7.63298093 6.03373097 7.52350616 1.03370488
7.63292632 6.03238116 7.52218048 1.03406009
7.63287091 6.03105595 7.52087547 1.03440339
7.63281473 6.02975493 7.51959086 1.03473516
7.63275783 6.02847768 7.51832636 1.03505577
7.63270023 6.02722380 7.51708172 1.03536558
7.63264198 6.02599289 7.51585665 1.03566494
7.63258311 6.02478455 7.51465089 1.03595420
7.63252365 6.02359839 7.51346417 1.03623367
7.63246365 6.02243404 7.51229623 1.03650369
7.63240313 6.02129110 7.51114680 1.03676455
7.63234212 6.02016921 7.51001563 1.03701657
7.63228066 6.01906800 7.50890245 1.03726002
7.63221878 6.01798710 7.50780701 1.03749521
7.63215650 6.01692617 7.50672905 1.03772238
7.63209386 6.01588485 7.50566832 1.03794182
7.63203089 6.01486279 7.50462458 1.03815378
7.63196761 6.01385964 7.50359758 1.03835851
7.63190405 6.01287509 7.50258706 1.03855624
7.63184024 6.01190879 7.50159280 1.03874722
7.63177620 6.01096042 7.50061455 1.03893166
7.63171195 6.01002966 7.49965208 1.03910979
7.63164753 6.00911619 7.49870514 1.03928181
7.63158296 6.00821971 7.49777352 1.03944794
7.63151825 6.00733991 7.49685698 1.03960837
7.63145344 6.00647648 7.49595529 1.03976329
7.63138853 6.00562914 7.49506823 1.03991289
7.63132356 6.00479760 7.49419557 1.04005735
7.63125855 6.00398155 7.49333711 1.04019684
7.63119351 6.00318074 7.49249263 1.04033153
7.63112846 6.00239487 7.49166191 1.04046158
7.63106342 6.00162368 7.49084473 1.04058715
7.63099841 6.00086691 7.49004090 1.04070840
7.63093345 6.00012428 7.48925021 1.04082546
7.63086856 5.99939554 7.48847246 1.04093848
7.63080374 5.99868043 7.48770744 1.04104761
7.63073902 5.99797871 7.48695495 1.04115297
7.63067441 5.99729013 7.48621481 1.04125469
7.63060993 5.99661445 7.48548683 1.04135289
7.63054559 5.99595143 7.48477080 1.04144770
7.63048140 5.99530085 7.48406654 1.04153923
7.63041738 5.99466246 7.48337388 1.04162759
7.63035354 5.99403605 7.48269262 1.04171290
7.63028990 5.99342139 7.48202258 1.04179525
7.63022646 5.99281827 7.48136360 1.04187476
7.63016323 5.99222648 7.48071549 1.04195151
7.63010023 5.99164580 7.48007809 1.04202560
7.63003747 5.99107603 7.47945122 1.04209712
7.62997496 5.99051697 7.47883471 1.04216617
7.62991271 5.98996841 7.47822840 1.04223282
7.62985072 5.98943017 7.47763214 1.04229716
7.62978901 5.98890205 7.47704575 1.04235927
7.62972759 5.98838387 7.47646907 1.04241922
7.62966645 5.98787543 7.47590197 1.04247710
7.62960562 5.98737656 7.47534427 1.04253296
7.62954510 5.98688708 7.47479583 1.04258689
7.62948490 5.98640681 7.47425650 1.04263895
7.62942501 5.98593559 7.47372614 1.04268920
7.62936546 5.98547324 7.47320459 1.04273770
7.62930624 5.98501960 7.47269172 1.04278452
7.62924737 5.98457450 7.47218738 1.04282971
7.62918884 5.98413779 7.47169144 1.04287334
7.62913066 5.98370931 7.47120377 1.04291545
7.62907284 5.98328890 7.47072422 1.04295609
7.62901539 5.98287642 7.47025266 1.04299533
7.62895830 5.98247171 7.46978897 1.04303320
7.62890159 5.98207463 7.46933302 1.04306975
7.62884525 5.98168503 7.46888468 1.04310504
7.62878929 5.98130278 7.46844382 1.04313910
7.62873371 5.98092775 7.46801033 1.04317197
7.62867852 5.98055978 7.46758408 1.04320370
7.62862372 5.98019875 7.46716496 1.04323433
7.62856931 5.97984454 7.46675284 1.04326390
7.62851529 5.97949700 7.46634763 1.04329244
7.62846168 5.97915602 7.46594919 1.04331998
7.62840846 5.97882147 7.46555742 1.04334657
7.62835565 5.97849324 7.46517221 1.04337224
7.62830324 5.97817120 7.46479345 1.04339701
7.62825123 5.97785524 7.46442104 1.04342092
7.62819964 5.97754523 7.46405487 1.04344400
7.62814845 5.97724108 7.46369483 1.04346628
7.62809767 5.97694267 7.46334084 1.04348778
7.62804730 5.97664989 7.46299278 1.04350854
7.62799734 5.97636263 7.46265056 1.04352857
7.62794780 5.97608080 7.46231409 1.04354791
7.62789866 5.97580429 7.46198326 1.04356658
7.62784995 5.97553299 7.46165798 1.04358460
7.62780164 5.97526682 7.46133817 1.04360199
7.62775375 5.97500567 7.46102374 1.04361878
7.62770627 5.97474944 7.46071458 1.04363498
7.62765921 5.97449806 7.46041062 1.04365063
7.62761256 5.97425142 7.46011177 1.04366572
7.62756632 5.97400943 7.45981794 1.04368030
7.62752050 5.97377201 7.45952906 1.04369437
7.62747509 5.97353908 7.45924503 1.04370795
7.62743009 5.97331054 7.45896578 1.04372105
7.62738550 5.97308631 7.45869123 1.04373371
7.62734132 5.97286632 7.45842130 1.04374592
7.62729755 5.97265047 7.45815592 1.04375771
7.62725419 5.97243871 7.45789500 1.04376909
7.62721123 5.97223093 7.45763848 1.04378007
7.62716868 5.97202708 7.45738627 1.04379068
7.62712654 5.97182708 7.45713831 1.04380091
7.62708480 5.97163085 7.45689454 1.04381079
7.62704346 5.97143833 7.45665486 1.04382033
7.62700252 5.97124943 7.45641923 1.04382954
7.62696198 5.97106410 7.45618757 1.04383842
7.62692184 5.97088227 7.45595981 1.04384700
7.62688209 5.97070387 7.45573590 1.04385528
7.62684274 5.97052884 7.45551576 1.04386328
7.62680377 5.97035710 7.45529933 1.04387100
7.62676520 5.97018861 7.45508655 1.04387844
7.62672702 5.97002330 7.45487736 1.04388564
7.62668922 5.96986110 7.45467170 1.04389258
7.62665181 5.96970197 7.45446951 1.04389928
7.62661477 5.96954583 7.45427073 1.04390575
7.62657812 5.96939264 7.45407531 1.04391199
7.62654185 5.96924234 7.45388319 1.04391802
7.62650595 5.96909488 7.45369431 1.04392384
7.62647042 5.96895019 7.45350861 1.04392946
7.62643527 5.96880823 7.45332606 1.04393488
7.62640049 5.96866896 7.45314658 1.04394012
7.62636607 5.96853230 7.45297014 1.04394517
7.62633201 5.96839822 7.45279668 1.04395005
7.62629832 5.96826667 7.45262614 1.04395476
7.62626499 5.96813760 7.45245849 1.04395931
7.62623201 5.96801097 7.45229367 1.04396370
7.62619939 5.96788672 7.45213163 1.04396794
7.62616712 5.96776481 7.45197234 1.04397203
7.62613520 5.96764520 7.45181573 1.04397598
7.62610363 5.96752784 7.45166177 1.04397980
7.62607240 5.96741269 7.45151042 1.04398348
7.62604152 5.96729972 7.45136162 1.04398703
7.62601097 5.96718887 7.45121534 1.04399047
7.62598076 5.96708011 7.45107153 1.04399378
7.62595089 5.96697340 7.45093015 1.04399698
7.62592135 5.96686870 7.45079116 1.04400007
7.62589213 5.96676597 7.45065453 1.04400305
7.62586324 5.96666518 7.45052020 1.04400593
7.62583468 5.96656628 7.45038814 1.04400870
7.62580644 5.96646925 7.45025832 1.04401139
7.62577851 5.96637404 7.45013070 1.04401398
7.62575091 5.96628062 7.45000523 1.04401648
7.62572361 5.96618897 7.44988189 1.04401889
7.62569663 5.96609904 7.44976063 1.04402123
7.62566995 5.96601080 7.44964142 1.04402348
7.62564358 5.96592422 7.44952423 1.04402565
7.62561752 5.96583927 7.44940903 1.04402775
7.62559175 5.96575592 7.44929577 1.04402977
7.62556628 5.96567414 7.44918443 1.04403173
7.62554110 5.96559389 7.44907497 1.04403362
7.62551622 5.96551516 7.44896737 1.04403544
7.62549163 5.96543791 7.44886159 1.04403720
7.62546732 5.96536211 7.44875759 1.04403890
7.62544330 5.96528773 7.44865536 1.04404055
7.62541956 5.96521476 7.44855486 1.04404213
7.62539610 5.96514315 7.44845606 1.04404366
7.62537291 5.96507289 7.44835893 1.04404514
7.62535000 5.96500396 7.44826345 1.04404657
7.62532736 5.96493631 7.44816958 1.04404794
7.62530499 5.96486994 7.44807730 1.04404927
7.62528289 5.96480482 7.44798659 1.04405056
7.62526105 5.96474092 7.44789741 1.04405180
7.62523947 5.96467822 7.44780974 1.04405300
7.62521815 5.96461670 7.44772356 1.04405415
7.62519708 5.96455634 7.44763883 1.04405527
7.62517627 5.96449711 7.44755554 1.04405635
7.62515571 5.96443899 7.44747366 1.04405739
7.62513539 5.96438196 7.44739316 1.04405840
7.62511532 5.96432600 7.44731403 1.04405937
7.62509550 5.96427110 7.44723624 1.04406030
7.62507592 5.96421722 7.44715977 1.04406121
7.62505657 5.96416436 7.44708459 1.04406208
7.62503746 5.96411248 7.44701069 1.04406293
7.62501859 5.96406159 7.44693804 1.04406374
7.62499995 5.96401164 7.44686661 1.04406453
7.62498153 5.96396264 7.44679640 1.04406529
7.62496334 5.96391455 7.44672738 1.04406603
7.62494538 5.96386737 7.44665952 1.04406674
7.62492763 5.96382107 7.44659282 1.04406742
7.62491011 5.96377563 7.44652724 1.04406808
7.62489280 5.96373106 7.44646278 1.04406872
7.62487571 5.96368731 7.44639941 1.04406934
7.62485883 5.96364439 7.44633711 1.04406993
7.62484216 5.96360227 7.44627587 1.04407051
7.62482570 5.96356094 7.44621566 1.04407106
7.62480945 5.96352039 7.44615648 1.04407160
7.62479339 5.96348059 7.44609829 1.04407212
7.62477754 5.96344154 7.44604110 1.04407262
7.62476189 5.96340322 7.44598487 1.04407310
7.62474644 5.96336563 7.44592959 1.04407357
7.62473118 5.96332873 7.44587525 1.04407402
7.62471611 5.96329253 7.44582184 1.04407445
7.62470123 5.96325700 7.44576932 1.04407488
7.62468654 5.96322214 7.44571770 1.04407528
7.62467204 5.96318793 7.44566695 1.04407567
7.62465772 5.96315436 7.44561706 1.04407605
7.62464358 5.96312142 7.44556802 1.04407642
7.62462962 5.96308910 7.44551980 1.04407677
7.62461584 5.96305738 7.44547241 1.04407711
7.62460224 5.96302626 7.44542582 1.04407744
7.62458881 5.96299571 7.44538001 1.04407776
7.62457555 5.96296574 7.44533498 1.04407807
7.62456246 5.96293633 7.44529072 1.04407837
7.62454954 5.96290747 7.44524721 1.04407865
7.62453679 5.96287915 7.44520443 1.04407893
7.62452420 5.96285136 7.44516238 1.04407920
7.62451177 5.96282409 7.44512104 1.04407946
7.62449951 5.96279733 7.44508040 1.04407970
7.62448740 5.96277107 7.44504045 1.04407995
7.62447545 5.96274530 7.44500117 1.04408018
7.62446365 5.96272001 7.44496256 1.04408040
7.62445201 5.96269519 7.44492461 1.04408062
7.62444051 5.96267084 7.44488730 1.04408083
7.62442917 5.96264694 7.44485062 1.04408103
7.62441797 5.96262349 7.44481456 1.04408123
7.62440693 5.96260047 7.44477911 1.04408142
7.62439602 5.96257789 7.44474427 1.04408160
7.62438526 5.96255573 7.44471001 1.04408178
7.62437464 5.96253398 7.44467634 1.04408195
7.62436415 5.96251264 7.44464323 1.04408211
7.62435381 5.96249169 7.44461069 1.04408227
7.62434360 5.96247114 7.44457869 1.04408243
7.62433352 5.96245097 7.44454724 1.04408257
7.62432358 5.96243117 7.44451632 1.04408272
7.62431377 5.96241175 7.44448593 1.04408286
7.62430409 5.96239269 7.44445605 1.04408299
7.62429453 5.96237398 7.44442668 1.04408312
7.62428510 5.96235562 7.44439780 1.04408324
7.62427580 5.96233761 7.44436942 1.04408337
7.62426662 5.96231993 7.44434151 1.04408348
7.62425756 5.96230258 7.44431408 1.04408359
7.62424862 5.96228555 7.44428711 1.04408370
7.62423980 5.96226884 7.44426060 1.04408381
7.62423110 5.96225244 7.44423454 1.04408391
7.62422252 5.96223635 7.44420892 1.04408401
7.62421404 5.96222056 7.44418373 1.04408410
7.62420568 5.96220506 7.44415897 1.04408419
7.62419744 5.96218985 7.44413463 1.04408428
7.62418930 5.96217492 7.44411071 1.04408437
7.62418127 5.96216028 7.44408718 1.04408445
7.62417335 5.96214590 7.44406406 1.04408453
7.62416554 5.96213179 7.44404133 1.04408461
7.62415783 5.96211794 7.44401898 1.04408468
7.62415022 5.96210436 7.44399701 1.04408475
7.62414272 5.96209102 7.44397541 1.04408482
7.62413532 5.96207793 7.44395418 1.04408489
7.62412801 5.96206509 7.44393331 1.04408495
7.62412081 5.96205248 7.44391279 1.04408502
7.62411370 5.96204011 7.44389262 1.04408508
7.62410669 5.96202797 7.44387279 1.04408514
7.62409977 5.96201606 7.44385330 1.04408519
7.62409295 5.96200436 7.44383414 1.04408525
7.62408622 5.96199289 7.44381530 1.04408530
7.62407958 5.96198163 7.44379678 1.04408535
7.62407303 5.96197057 7.44377858 1.04408540
7.62406657 5.96195972 7.44376068 1.04408545
7.62406020 5.96194908 7.44374308 1.04408549
7.62405391 5.96193863 7.44372579 1.04408554
7.62404771 5.96192837 7.44370879 1.04408558
7.62404160 5.96191831 7.44369207 1.04408562
7.62403556 5.96190843 7.44367564 1.04408566
7.62402961 5.96189874 7.44365948 1.04408570
7.62402374 5.96188922 7.44364360 1.04408574
7.62401796 5.96187989 7.44362799 1.04408577
7.62401225 5.96187072 7.44361264 1.04408581
7.62400661 5.96186173 7.44359756 1.04408584
7.62400106 5.96185290 7.44358272 1.04408588
7.62399558 5.96184424 7.44356814 1.04408591
7.62399018 5.96183573 7.44355381 1.04408594
7.62398485 5.96182739 7.44353972 1.04408597
7.62397959 5.96181920 7.44352586 1.04408600
7.62397441 5.96181116 7.44351225 1.04408602
7.62396930 5.96180327 7.44349886 1.04408605
7.62396426 5.96179553 7.44348570 1.04408608
7.62395928 5.96178793 7.44347276 1.04408610
7.62395438 5.96178047 7.44346004 1.04408612
7.62394954 5.96177315 7.44344753 1.04408615
7.62394478 5.96176596 7.44343524 1.04408617
7.62394007 5.96175891 7.44342316 1.04408619
7.62393543 5.96175199 7.44341128 1.04408621
7.62393086 5.96174519 7.44339960 1.04408623
7.62392635 5.96173853 7.44338812 1.04408625
7.62392190 5.96173198 7.44337683 1.04408627
7.62391751 5.96172556 7.44336573 1.04408629
7.62391319 5.96171926 7.44335483 1.04408631
7.62390892 5.96171307 7.44334410 1.04408632
7.62390472 5.96170699 7.44333356 1.04408634
7.62390057 5.96170103 7.44332320 1.04408636
7.62389648 5.96169518 7.44331301 1.04408637
7.62389245 5.96168944 7.44330299 1.04408639
7.62388847 5.96168381 7.44329315 1.04408640
7.62388455 5.96167827 7.44328347 1.04408641
7.62388068 5.96167284 7.44327395 1.04408643
7.62387687 5.96166751 7.44326460 1.04408644
7.62387311 5.96166228 7.44325540 1.04408645
7.62386940 5.96165715 7.44324636 1.04408647
7.62386574 5.96165211 7.44323747 1.04408648
7.62386214 5.96164716 7.44322873 1.04408649
7.62385859 5.96164231 7.44322014 1.04408650
7.62385508 5.96163754 7.44321170 1.04408651
7.62385163 5.96163287 7.44320339 1.04408652
