8.10560064 4.10456676 5.58987855 0.33386658
8.11128922 4.10604266 5.58628498 0.33863164
8.11702764 4.10753101 5.58266505 0.34347652
8.12281596 4.10903185 5.57901892 0.34840182
8.12865421 4.11054522 5.57534680 0.35340810
8.13454238 4.11207113 5.57164889 0.35849588
8.14048046 4.11360961 5.56792542 0.36366558
8.14646839 4.11516065 5.56417667 0.36891760
8.15250608 4.11672426 5.56040291 0.37425224
8.15859339 4.11830044 5.55660446 0.37966975
8.16473017 4.11988915 5.55278165 0.38517030
8.17091623 4.12149038 5.54893487 0.39075395
8.17715132 4.12310409 5.54506449 0.39642071
8.18343517 4.12473022 5.54117096 0.40217048
8.18976746 4.12636873 5.53725472 0.40800308
8.19614783 4.12801953 5.53331626 0.41391821
8.20257588 4.12968256 5.52935611 0.41991549
8.20905115 4.13135772 5.52537480 0.42599440
8.21557315 4.13304490 5.52137292 0.43215434
8.22214133 4.13474398 5.51735109 0.43839457
8.22875510 4.13645484 5.51330996 0.44471424
8.23541380 4.13817734 5.50925022 0.45111237
8.24211674 4.13991132 5.50517257 0.45758785
8.24886318 4.14165660 5.50107777 0.46413943
8.25565229 4.14341301 5.49696661 0.47076575
8.26248323 4.14518034 5.49283992 0.47746528
8.26935507 4.14695839 5.48869854 0.48423636
8.27626684 4.14874692 5.48454337 0.49107718
8.28321751 4.15054570 5.48037534 0.49798581
8.29020599 4.15235447 5.47619541 0.50496014
8.29723114 4.15417295 5.47200457 0.51199792
8.30429175 4.15600087 5.46780386 0.51909676
8.31138656 4.15783791 5.46359433 0.52625412
8.31851425 4.15968376 5.45937707 0.53346729
8.32567345 4.16153809 5.45515322 0.54073345
8.33286271 4.16340054 5.45092393 0.54804960
8.34008054 4.16527077 5.44669038 0.55541262
8.34732539 4.16714839 5.44245378 0.56281924
8.35459567 4.16903301 5.43821538 0.57026606
8.36188972 4.17092423 5.43397643 0.57774953
8.36920581 4.17282162 5.42973823 0.58526601
8.37654221 4.17472476 5.42550208 0.59281170
8.38389709 4.17663320 5.42126932 0.60038272
8.39126860 4.17854649 5.41704130 0.60797505
8.39865484 4.18046414 5.41281937 0.61558461
8.40605386 4.18238569 5.40860491 0.62320720
8.41346369 4.18431063 5.40439932 0.63083856
8.42088229 4.18623848 5.40020398 0.63847433
8.42830762 4.18816871 5.39602031 0.64611013
8.43573759 4.19010081 5.39184972 0.65374149
8.44317007 4.19203425 5.38769361 0.66136393
8.45060294 4.19396849 5.38355340 0.66897292
8.45803403 4.19590300 5.37943049 0.67656394
8.46546116 4.19783723 5.37532628 0.68413245
8.47288214 4.19977063 5.37124216 0.69167392
8.48029475 4.20170265 5.36717952 0.69918385
8.48769680 4.20363272 5.36313971 0.70665775
8.49508607 4.20556030 5.35912408 0.71409120
8.50246035 4.20748483 5.35513397 0.72147983
8.50981743 4.20940575 5.35117068 0.72881934
8.51715510 4.21132250 5.34723549 0.73610551
8.52447120 4.21323453 5.34332965 0.74333421
8.53176356 4.21514129 5.33945439 0.75050143
8.53903001 4.21704224 5.33561090 0.75760325
8.54626846 4.21893685 5.33180034 0.76463589
8.55347679 4.22082456 5.32802383 0.77159570
8.56065296 4.22270487 5.32428247 0.77847918
8.56779494 4.22457725 5.32057728 0.78528296
8.57490073 4.22644120 5.31690928 0.79200385
8.58196841 4.22829622 5.31327943 0.79863880
8.58899606 4.23014181 5.30968865 0.80518496
8.59598184 4.23197751 5.30613780 0.81163963
8.60292395 4.23380285 5.30262771 0.81800029
8.60982064 4.23561737 5.29915916 0.82426462
8.61667022 4.23742065 5.29573287 0.83043046
8.62347105 4.23921225 5.29234954 0.83649586
8.63022157 4.24099176 5.28900979 0.84245904
8.63692026 4.24275880 5.28571419 0.84831841
8.64356567 4.24451298 5.28246330 0.85407257
8.65015642 4.24625393 5.27925759 0.85972031
8.65669118 4.24798130 5.27609749 0.86526058
8.66316870 4.24969477 5.27298339 0.87069253
8.66958779 4.25139402 5.26991563 0.87601548
8.67594734 4.25307874 5.26689451 0.88122893
8.68224628 4.25474866 5.26392025 0.88633253
8.68848363 4.25640350 5.26099307 0.89132611
8.69465848 4.25804301 5.25811310 0.89620964
8.70076996 4.25966696 5.25528047 0.90098328
8.70681730 4.26127513 5.25249523 0.90564728
8.71279978 4.26286731 5.24975740 0.91020207
8.71871673 4.26444333 5.24706698 0.91464820
8.72456758 4.26600301 5.24442389 0.91898635
8.73035179 4.26754619 5.24182805 0.92321731
8.73606890 4.26907274 5.23927932 0.92734199
8.74171850 4.27058253 5.23677754 0.93136141
8.74730024 4.27207545 5.23432249 0.93527668
8.75281385 4.27355140 5.23191396 0.93908900
8.75825909 4.27501031 5.22955168 0.94279966
8.76363578 4.27645211 5.22723535 0.94641004
8.76894380 4.27787674 5.22496465 0.94992155
8.77418308 4.27928415 5.22273923 0.95333572
8.77935360 4.28067433 5.22055873 0.95665409
8.78445539 4.28204725 5.21842274 0.95987828
8.78948851 4.28340290 5.21633086 0.96300994
8.79445308 4.28474130 5.21428264 0.96605077
8.79934926 4.28606246 5.21227764 0.96900251
8.80417725 4.28736641 5.21031537 0.97186691
8.80893729 4.28865317 5.20839535 0.97464575
8.81362966 4.28992281 5.20651707 0.97734084
8.81825466 4.29117537 5.20468002 0.97995400
8.82281264 4.29241091 5.20288367 0.98248705
8.82730397 4.29362952 5.20112748 0.98494182
8.83172906 4.29483126 5.19941090 0.98732015
8.83608834 4.29601623 5.19773337 0.98962388
8.84038228 4.29718452 5.19609433 0.99185482
8.84461134 4.29833622 5.19449320 0.99401480
8.84877606 4.29947146 5.19292941 0.99610563
8.85287694 4.30059033 5.19140238 0.99812910
8.85691455 4.30169296 5.18991151 1.00008699
8.86088945 4.30277946 5.18845623 1.00198106
8.86480222 4.30384998 5.18703594 1.00381305
8.86865347 4.30490463 5.18565005 1.00558467
8.87244381 4.30594356 5.18429796 1.00729763
8.87617387 4.30696691 5.18297910 1.00895357
8.87984429 4.30797481 5.18169286 1.01055416
8.88345572 4.30896742 5.18043865 1.01210099
8.88700883 4.30994489 5.17921590 1.01359565
8.89050428 4.31090736 5.17802402 1.01503970
8.89394276 4.31185500 5.17686242 1.01643465
8.89732494 4.31278795 5.17573053 1.01778200
8.90065151 4.31370638 5.17462777 1.01908321
8.90392317 4.31461045 5.17355358 1.02033970
8.90714062 4.31550032 5.17250740 1.02155287
8.91030456 4.31637615 5.17148866 1.02272409
8.91341568 4.31723811 5.17049681 1.02385468
8.91647471 4.31808636 5.16953130 1.02494594
8.91948233 4.31892107 5.16859160 1.02599913
8.92243926 4.31974240 5.16767716 1.02701549
8.92534620 4.32055052 5.16678746 1.02799622
8.92820385 4.32134560 5.16592198 1.02894249
8.93101293 4.32212780 5.16508021 1.02985542
8.93377411 4.32289729 5.16426162 1.03073614
8.93648812 4.32365423 5.16346573 1.03158570
8.93915563 4.32439881 5.16269204 1.03240517
8.94177734 4.32513117 5.16194006 1.03319554
8.94435394 4.32585148 5.16120931 1.03395780
8.94688611 4.32655992 5.16049933 1.03469291
8.94937453 4.32725663 5.15980964 1.03540179
8.95181986 4.32794180 5.15913980 1.03608535
8.95422279 4.32861557 5.15848935 1.03674445
8.95658396 4.32927812 5.15785785 1.03737994
8.95890404 4.32992959 5.15724487 1.03799264
8.96118367 4.33057016 5.15664998 1.03858333
8.96342351 4.33119997 5.15607276 1.03915278
8.96562419 4.33181920 5.15551281 1.03970175
8.96778633 4.33242798 5.15496971 1.04023093
8.96991057 4.33302648 5.15444308 1.04074104
8.97199753 4.33361485 5.15393252 1.04123274
8.97404780 4.33419323 5.15343765 1.04170669
8.97606201 4.33476179 5.15295810 1.04216351
8.97804074 4.33532067 5.15249350 1.04260381
8.97998458 4.33587002 5.15204350 1.04302818
8.98189411 4.33640998 5.15160773 1.04343719
8.98376992 4.33694070 5.15118586 1.04383138
8.98561256 4.33746232 5.15077754 1.04421129
8.98742260 4.33797498 5.15038245 1.04457742
8.98920059 4.33847883 5.15000026 1.04493028
8.99094707 4.33897399 5.14963064 1.04527034
8.99266259 4.33946061 5.14927330 1.04559806
8.99434766 4.33993882 5.14892791 1.04591388
8.99600282 4.34040875 5.14859420 1.04621825
8.99762858 4.34087054 5.14827185 1.04651156
8.99922544 4.34132432 5.14796060 1.04679422
9.00079391 4.34177021 5.14766015 1.04706662
9.00233448 4.34220834 5.14737023 1.04732913
9.00384763 4.34263884 5.14709057 1.04758210
9.00533384 4.34306182 5.14682092 1.04782590
9.00679358 4.34347742 5.14656101 1.04806083
9.00822731 4.34388575 5.14631060 1.04828725
9.00963550 4.34428693 5.14606944 1.04850544
9.01101859 4.34468107 5.14583728 1.04871571
9.01237701 4.34506830 5.14561390 1.04891836
9.01371121 4.34544872 5.14539907 1.04911365
9.01502162 4.34582245 5.14519255 1.04930186
9.01630865 4.34618960 5.14499414 1.04948325
9.01757272 4.34655028 5.14480361 1.04965806
9.01881424 4.34690459 5.14462077 1.04982654
9.02003360 4.34725264 5.14444540 1.04998891
9.02123120 4.34759454 5.14427730 1.05014541
9.02240743 4.34793038 5.14411628 1.05029625
9.02356267 4.34826028 5.14396214 1.05044162
9.02469730 4.34858432 5.14381471 1.05058175
9.02581167 4.34890261 5.14367380 1.05071680
9.02690617 4.34921524 5.14353923 1.05084698
9.02798113 4.34952232 5.14341083 1.05097246
9.02903691 4.34982392 5.14328842 1.05109341
9.03007386 4.35012016 5.14317185 1.05121001
9.03109231 4.35041111 5.14306095 1.05132239
9.03209260 4.35069687 5.14295556 1.05143073
9.03307505 4.35097752 5.14285553 1.05153518
9.03403998 4.35125315 5.14276071 1.05163586
9.03498771 4.35152385 5.14267094 1.05173292
9.03591855 4.35178971 5.14258610 1.05182650
9.03683281 4.35205079 5.14250603 1.05191672
9.03773077 4.35230720 5.14243061 1.05200371
9.03861274 4.35255900 5.14235969 1.05208757
9.03947901 4.35280628 5.14229315 1.05216843
9.04032985 4.35304911 5.14223085 1.05224640
9.04116555 4.35328757 5.14217269 1.05232158
9.04198638 4.35352174 5.14211853 1.05239408
9.04279261 4.35375169 5.14206825 1.05246398
9.04358451 4.35397749 5.14202175 1.05253139
9.04436232 4.35419921 5.14197891 1.05259640
9.04512632 4.35441693 5.14193962 1.05265910
9.04587674 4.35463072 5.14190377 1.05271956
9.04661384 4.35484064 5.14187126 1.05277788
9.04733785 4.35504676 5.14184198 1.05283413
9.04804902 4.35524914 5.14181585 1.05288838
9.04874757 4.35544786 5.14179275 1.05294070
9.04943373 4.35564297 5.14177260 1.05299118
9.05010773 4.35583455 5.14175531 1.05303987
9.05076979 4.35602264 5.14174078 1.05308684
9.05142013 4.35620731 5.14172893 1.05313215
9.05205895 4.35638863 5.14171967 1.05317586
9.05268647 4.35656665 5.14171293 1.05321804
9.05330289 4.35674142 5.14170860 1.05325873
9.05390841 4.35691301 5.14170663 1.05329799
9.05450323 4.35708147 5.14170693 1.05333587
9.05508755 4.35724686 5.14170943 1.05337242
9.05566155 4.35740923 5.14171405 1.05340769
9.05622542 4.35756863 5.14172073 1.05344173
9.05677934 4.35772512 5.14172939 1.05347458
9.05732350 4.35787875 5.14173996 1.05350628
9.05785807 4.35802956 5.14175238 1.05353687
9.05838323 4.35817762 5.14176659 1.05356640
9.05889914 4.35832296 5.14178253 1.05359490
9.05940598 4.35846563 5.14180012 1.05362241
9.05990390 4.35860569 5.14181932 1.05364897
9.06039307 4.35874318 5.14184006 1.05367461
9.06087365 4.35887814 5.14186229 1.05369936
9.06134579 4.35901062 5.14188596 1.05372325
9.06180965 4.35914066 5.14191101 1.05374632
9.06226538 4.35926831 5.14193738 1.05376859
9.06271311 4.35939361 5.14196503 1.05379009
9.06315300 4.35951661 5.14199392 1.05381086
9.06358519 4.35963733 5.14202398 1.05383091
9.06400982 4.35975583 5.14205518 1.05385027
9.06442703 4.35987214 5.14208746 1.05386897
9.06483694 4.35998631 5.14212079 1.05388703
9.06523969 4.36009836 5.14215512 1.05390448
9.06563541 4.36020835 5.14219041 1.05392133
9.06602423 4.36031630 5.14222662 1.05393760
9.06640627 4.36042225 5.14226371 1.05395332
9.06678165 4.36052624 5.14230165 1.05396850
9.06715050 4.36062830 5.14234038 1.05398317
9.06751292 4.36072848 5.14237988 1.05399735
9.06786905 4.36082679 5.14242011 1.05401104
9.06821898 4.36092328 5.14246104 1.05402427
9.06856283 4.36101798 5.14250263 1.05403705
9.06890072 4.36111092 5.14254486 1.05404941
9.06923274 4.36120213 5.14258768 1.05406134
9.06955901 4.36129164 5.14263107 1.05407288
9.06987962 4.36137949 5.14267500 1.05408403
9.07019468 4.36146570 5.14271944 1.05409480
9.07050429 4.36155031 5.14276437 1.05410522
9.07080855 4.36163334 5.14280974 1.05411529
9.07110755 4.36171482 5.14285554 1.05412502
9.07140138 4.36179479 5.14290175 1.05413442
9.07169015 4.36187326 5.14294833 1.05414352
9.07197393 4.36195026 5.14299526 1.05415231
9.07225282 4.36202582 5.14304253 1.05416081
9.07252691 4.36209997 5.14309009 1.05416903
9.07279629 4.36217274 5.14313794 1.05417698
9.07306103 4.36224414 5.14318605 1.05418466
9.07332122 4.36231421 5.14323441 1.05419210
9.07357694 4.36238296 5.14328298 1.05419928
9.07382827 4.36245042 5.14333175 1.05420624
9.07407529 4.36251662 5.14338071 1.05421296
9.07431808 4.36258158 5.14342982 1.05421946
9.07455671 4.36264531 5.14347909 1.05422576
9.07479126 4.36270785 5.14352848 1.05423184
9.07502179 4.36276921 5.14357798 1.05423773
9.07524838 4.36282942 5.14362757 1.05424342
9.07547111 4.36288850 5.14367724 1.05424894
9.07569003 4.36294646 5.14372698 1.05425427
9.07590522 4.36300334 5.14377676 1.05425943
9.07611675 4.36305914 5.14382658 1.05426442
9.07632467 4.36311388 5.14387642 1.05426925
9.07652905 4.36316760 5.14392626 1.05427393
9.07672996 4.36322030 5.14397610 1.05427845
9.07692745 4.36327201 5.14402591 1.05428283
9.07712160 4.36332274 5.14407570 1.05428707
9.07731244 4.36337251 5.14412544 1.05429118
9.07750006 4.36342134 5.14417513 1.05429515
9.07768449 4.36346924 5.14422475 1.05429900
9.07786580 4.36351624 5.14427430 1.05430272
9.07804405 4.36356235 5.14432376 1.05430633
9.07821928 4.36360758 5.14437313 1.05430982
9.07839156 4.36365196 5.14442239 1.05431320
9.07856093 4.36369549 5.14447153 1.05431647
9.07872744 4.36373820 5.14452055 1.05431964
9.07889114 4.36378009 5.14456944 1.05432271
9.07905209 4.36382119 5.14461819 1.05432568
9.07921033 4.36386151 5.14466679 1.05432856
9.07936591 4.36390106 5.14471523 1.05433135
9.07951888 4.36393986 5.14476351 1.05433405
9.07966928 4.36397792 5.14481162 1.05433667
9.07981716 4.36401526 5.14485955 1.05433921
9.07996256 4.36405188 5.14490730 1.05434166
9.08010553 4.36408781 5.14495486 1.05434404
9.08024610 4.36412305 5.14500223 1.05434635
9.08038432 4.36415761 5.14504939 1.05434859
9.08052024 4.36419152 5.14509634 1.05435075
9.08065388 4.36422478 5.14514309 1.05435285
9.08078530 4.36425740 5.14518961 1.05435488
9.08091453 4.36428940 5.14523592 1.05435686
9.08104160 4.36432078 5.14528200 1.05435877
9.08116656 4.36435157 5.14532784 1.05436062
9.08128944 4.36438176 5.14537346 1.05436241
9.08141029 4.36441138 5.14541883 1.05436415
9.08152912 4.36444042 5.14546396 1.05436584
9.08164599 4.36446891 5.14550884 1.05436748
9.08176092 4.36449686 5.14555347 1.05436906
9.08187394 4.36452426 5.14559785 1.05437060
9.08198510 4.36455114 5.14564198 1.05437209
9.08209442 4.36457750 5.14568584 1.05437354
9.08220193 4.36460336 5.14572945 1.05437494
9.08230767 4.36462871 5.14577278 1.05437630
9.08241167 4.36465358 5.14581585 1.05437762
9.08251395 4.36467797 5.14585866 1.05437890
9.08261454 4.36470189 5.14590119 1.05438014
9.08271349 4.36472535 5.14594344 1.05438134
9.08281081 4.36474835 5.14598543 1.05438251
9.08290652 4.36477091 5.14602713 1.05438364
9.08300067 4.36479303 5.14606856 1.05438474
9.08309328 4.36481473 5.14610971 1.05438581
9.08318437 4.36483600 5.14615057 1.05438684
9.08327396 4.36485687 5.14619115 1.05438784
9.08336210 4.36487733 5.14623145 1.05438882
9.08344879 4.36489739 5.14627147 1.05438976
9.08353407 4.36491706 5.14631119 1.05439068
9.08361795 4.36493636 5.14635064 1.05439157
9.08370047 4.36495527 5.14638979 1.05439243
9.08378165 4.36497382 5.14642866 1.05439327
9.08386150 4.36499201 5.14646724 1.05439408
9.08394006 4.36500985 5.14650552 1.05439487
9.08401734 4.36502734 5.14654353 1.05439564
9.08409336 4.36504448 5.14658124 1.05439638
9.08416816 4.36506130 5.14661866 1.05439711
9.08424174 4.36507779 5.14665579 1.05439781
9.08431413 4.36509395 5.14669263 1.05439849
9.08438535 4.36510980 5.14672918 1.05439915
9.08445542 4.36512534 5.14676545 1.05439979
9.08452436 4.36514057 5.14680142 1.05440041
9.08459218 4.36515551 5.14683711 1.05440102
9.08465891 4.36517016 5.14687250 1.05440161
9.08472457 4.36518452 5.14690761 1.05440218
9.08478917 4.36519860 5.14694243 1.05440273
9.08485274 4.36521240 5.14697696 1.05440327
9.08491528 4.36522593 5.14701121 1.05440379
9.08497681 4.36523920 5.14704517 1.05440430
9.08503737 4.36525220 5.14707884 1.05440480
9.08509695 4.36526495 5.14711223 1.05440527
9.08515557 4.36527745 5.14714534 1.05440574
9.08521326 4.36528970 5.14717816 1.05440619
9.08527003 4.36530172 5.14721070 1.05440663
9.08532589 4.36531349 5.14724296 1.05440706
9.08538086 4.36532504 5.14727494 1.05440747
9.08543496 4.36533635 5.14730664 1.05440788
9.08548819 4.36534744 5.14733806 1.05440827
9.08554057 4.36535832 5.14736920 1.05440865
9.08559213 4.36536898 5.14740007 1.05440902
9.08564286 4.36537943 5.14743066 1.05440938
9.08569279 4.36538967 5.14746098 1.05440973
9.08574193 4.36539971 5.14749103 1.05441007
9.08579029 4.36540955 5.14752080 1.05441040
9.08583788 4.36541919 5.14755031 1.05441072
9.08588472 4.36542864 5.14757954 1.05441103
9.08593082 4.36543791 5.14760851 1.05441133
9.08597619 4.36544699 5.14763722 1.05441163
9.08602085 4.36545589 5.14766565 1.05441191
9.08606480 4.36546462 5.14769383 1.05441219
9.08610806 4.36547317 5.14772174 1.05441246
9.08615064 4.36548155 5.14774939 1.05441272
9.08619256 4.36548977 5.14777679 1.05441298
9.08623381 4.36549782 5.14780392 1.05441323
9.08627441 4.36550570 5.14783080 1.05441347
9.08631438 4.36551344 5.14785743 1.05441370
9.08635373 4.36552101 5.14788380 1.05441393
9.08639245 4.36552844 5.14790992 1.05441416
9.08643057 4.36553572 5.14793579 1.05441437
9.08646810 4.36554285 5.14796141 1.05441458
9.08650504 4.36554984 5.14798678 1.05441479
9.08654140 4.36555669 5.14801191 1.05441498
9.08657720 4.36556340 5.14803680 1.05441518
9.08661244 4.36556997 5.14806144 1.05441537
9.08664713 4.36557642 5.14808585 1.05441555
9.08668129 4.36558273 5.14811001 1.05441573
9.08671491 4.36558892 5.14813394 1.05441590
9.08674801 4.36559498 5.14815763 1.05441607
9.08678060 4.36560092 5.14818109 1.05441623
9.08681268 4.36560674 5.14820432 1.05441639
9.08684427 4.36561245 5.14822731 1.05441654
9.08687536 4.36561804 5.14825008 1.05441670
9.08690598 4.36562351 5.14827262 1.05441684
9.08693613 4.36562888 5.14829493 1.05441698
9.08696581 4.36563413 5.14831702 1.05441712
9.08699503 4.36563928 5.14833889 1.05441726
9.08702380 4.36564433 5.14836054 1.05441739
9.08705213 4.36564927 5.14838197 1.05441752
9.08708003 4.36565411 5.14840318 1.05441764
9.08710749 4.36565885 5.14842418 1.05441776
9.08713454 4.36566350 5.14844496 1.05441788
9.08716117 4.36566805 5.14846553 1.05441799
9.08718739 4.36567251 5.14848589 1.05441811
9.08721321 4.36567688 5.14850604 1.05441821
9.08723864 4.36568116 5.14852598 1.05441832
9.08726368 4.36568535 5.14854572 1.05441842
9.08728833 4.36568946 5.14856526 1.05441852
9.08731261 4.36569348 5.14858459 1.05441862
9.08733652 4.36569742 5.14860372 1.05441871
9.08736007 4.36570128 5.14862266 1.05441881
9.08738326 4.36570506 5.14864139 1.05441890
9.08740609 4.36570876 5.14865994 1.05441898
9.08742858 4.36571239 5.14867828 1.05441907
9.08745073 4.36571594 5.14869644 1.05441915
9.08747254 4.36571942 5.14871440 1.05441923
9.08749402 4.36572283 5.14873218 1.05441931
9.08751518 4.36572616 5.14874977 1.05441939
9.08753601 4.36572943 5.14876717 1.05441946
9.08755654 4.36573263 5.14878439 1.05441953
9.08757675 4.36573577 5.14880143 1.05441960
9.08759665 4.36573883 5.14881829 1.05441967
9.08761626 4.36574184 5.14883497 1.05441974
9.08763557 4.36574478 5.14885147 1.05441980
9.08765459 4.36574767 5.14886779 1.05441987
9.08767333 4.36575049 5.14888394 1.05441993
9.08769178 4.36575325 5.14889992 1.05441999
9.08770996 4.36575596 5.14891573 1.05442005
9.08772786 4.36575861 5.14893136 1.05442010
9.08774550 4.36576120 5.14894683 1.05442016
9.08776287 4.36576374 5.14896213 1.05442021
9.08777998 4.36576623 5.14897727 1.05442027
9.08779684 4.36576866 5.14899224 1.05442032
9.08781344 4.36577104 5.14900706 1.05442037
9.08782980 4.36577338 5.14902171 1.05442041
9.08784591 4.36577566 5.14903620 1.05442046
9.08786178 4.36577790 5.14905053 1.05442051
9.08787742 4.36578009 5.14906471 1.05442055
9.08789282 4.36578223 5.14907874 1.05442060
9.08790800 4.36578433 5.14909261 1.05442064
9.08792295 4.36578638 5.14910633 1.05442068
9.08793768 4.36578839 5.14911990 1.05442072
9.08795218 4.36579036 5.14913332 1.05442076
9.08796648 4.36579229 5.14914659 1.05442080
9.08798056 4.36579417 5.14915972 1.05442083
9.08799444 4.36579602 5.14917271 1.05442087
9.08800811 4.36579783 5.14918555 1.05442091
9.08802157 4.36579959 5.14919825 1.05442094
9.08803484 4.36580132 5.14921081 1.05442097
9.08804792 4.36580302 5.14922323 1.05442101
9.08806080 4.36580467 5.14923551 1.05442104
9.08807349 4.36580629 5.14924766 1.05442107
9.08808599 4.36580788 5.14925967 1.05442110
9.08809832 4.36580943 5.14927155 1.05442113
9.08811046 4.36581095 5.14928329 1.05442116
9.08812242 4.36581244 5.14929491 1.05442119
9.08813420 4.36581389 5.14930639 1.05442121
9.08814582 4.36581532 5.14931775 1.05442124
9.08815726 4.36581671 5.14932898 1.05442126
9.08816854 4.36581807 5.14934009 1.05442129
9.08817965 4.36581941 5.14935107 1.05442131
9.08819060 4.36582071 5.14936193 1.05442134
9.08820139 4.36582199 5.14937267 1.05442136
9.08821202 4.36582323 5.14938328 1.05442138
9.08822250 4.36582445 5.14939378 1.05442141
9.08823282 4.36582565 5.14940416 1.05442143
9.08824300 4.36582682 5.14941442 1.05442145
9.08825302 4.36582796 5.14942456 1.05442147
9.08826291 4.36582908 5.14943460 1.05442149
9.08827264 4.36583017 5.14944451 1.05442151
9.08828224 4.36583124 5.14945432 1.05442153
9.08829170 4.36583229 5.14946401 1.05442154
9.08830102 4.36583331 5.14947360 1.05442156
9.08831020 4.36583431 5.14948307 1.05442158
9.08831926 4.36583529 5.14949244 1.05442160
9.08832818 4.36583624 5.14950171 1.05442161
9.08833697 4.36583718 5.14951086 1.05442163
9.08834564 4.36583809 5.14951991 1.05442164
9.08835418 4.36583899 5.14952886 1.05442166
9.08836260 4.36583986 5.14953771 1.05442168
9.08837090 4.36584071 5.14954646 1.05442169
9.08837907 4.36584155 5.14955510 1.05442170
9.08838713 4.36584237 5.14956365 1.05442172
9.08839508 4.36584317 5.14957210 1.05442173
9.08840291 4.36584395 5.14958046 1.05442174
9.08841063 4.36584471 5.14958871 1.05442176
9.08841823 4.36584545 5.14959688 1.05442177
9.08842573 4.36584618 5.14960494 1.05442178
9.08843312 4.36584690 5.14961292 1.05442179
9.08844041 4.36584759 5.14962081 1.05442180
9.08844759 4.36584827 5.14962860 1.05442182
9.08845467 4.36584894 5.14963630 1.05442183
9.08846165 4.36584959 5.14964392 1.05442184
9.08846853 4.36585022 5.14965145 1.05442185
9.08847531 4.36585084 5.14965889 1.05442186
