7.35678870 4.58979279 9.89306154 0.37113664
7.36043155 4.58408324 9.88705797 0.37939107
7.36412694 4.57827612 9.88096838 0.38790259
7.36787566 4.57236930 9.87479148 0.39667993
7.37167850 4.56636056 9.86852599 0.40573205
7.37553625 4.56024770 9.86217069 0.41506813
7.37944965 4.55402847 9.85572435 0.42469755
7.38341944 4.54770060 9.84918580 0.43462986
7.38744633 4.54126179 9.84255394 0.44487482
7.39153099 4.53470975 9.83582767 0.45544234
7.39567406 4.52804214 9.82900601 0.46634247
7.39987614 4.52125663 9.82208799 0.47758537
7.40413778 4.51435091 9.81507277 0.48918129
7.40845949 4.50732262 9.80795958 0.50114054
7.41284170 4.50016946 9.80074774 0.51347343
7.41728479 4.49288911 9.79343668 0.52619027
7.42178907 4.48547929 9.78602598 0.53930127
7.42635474 4.47793774 9.77851532 0.55281655
7.43098196 4.47026227 9.77090457 0.56674602
7.43567074 4.46245070 9.76319372 0.58109934
7.44042103 4.45450094 9.75538297 0.59588586
7.44523262 4.44641095 9.74747270 0.61111455
7.45010521 4.43817879 9.73946351 0.62679388
7.45503835 4.42980262 9.73135623 0.64293174
7.46003142 4.42128068 9.72315191 0.65953538
7.46508369 4.41261136 9.71485190 0.67661127
7.47019420 4.40379319 9.70645781 0.69416500
7.47536187 4.39482484 9.69797155 0.71220117
7.48058538 4.38570514 9.68939536 0.73072327
7.48586324 4.37643313 9.68073179 0.74973357
7.49119372 4.36700804 9.67198377 0.76923299
7.49657487 4.35742930 9.66315459 0.78922097
7.50200453 4.34769660 9.65424792 0.80969536
7.50748025 4.33780986 9.64526785 0.83065230
7.51299937 4.32776927 9.63621885 0.85208611
7.51855895 4.31757529 9.62710585 0.87398916
7.52415578 4.30722869 9.61793419 0.89635183
7.52978638 4.29673052 9.60870966 0.91916236
7.53544699 4.28608217 9.59943849 0.94240685
7.54113359 4.27528533 9.59012736 0.96606916
7.54684188 4.26434205 9.58078338 0.99013094
7.55256726 4.25325468 9.57141410 1.01457157
7.55830491 4.24202593 9.56202750 1.03936824
7.56404970 4.23065885 9.55263194 1.06449598
7.56979630 4.21915680 9.54323619 1.08992775
7.57553910 4.20752350 9.53384937 1.11563457
7.58127231 4.19576294 9.52448093 1.14158564
7.58698992 4.18387946 9.51514062 1.16774856
7.59268575 4.17187765 9.50583843 1.19408953
7.59835345 4.15976239 9.49658460 1.22057356
7.60398657 4.14753877 9.48738950 1.24716479
7.60957855 4.13521213 9.47826363 1.27382674
7.61512275 4.12278797 9.46921756 1.30052261
7.62061252 4.11027197 9.46026186 1.32721564
7.62604118 4.09766991 9.45140704 1.35386938
7.63140210 4.08498767 9.44266352 1.38044805
7.63668871 4.07223120 9.43404153 1.40691685
7.64189455 4.05940644 9.42555111 1.43324226
7.64701328 4.04651934 9.41720197 1.45939234
7.65203872 4.03357579 9.40900353 1.48533697
7.65696490 4.02058160 9.40096480 1.51104814
7.66178607 4.00754248 9.39309434 1.53650009
7.66649672 3.99446399 9.38540027 1.56166952
7.67109163 3.98135152 9.37789015 1.58653571
7.67556587 3.96821030 9.37057101 1.61108060
7.67991482 3.95504534 9.36344929 1.63528886
7.68413419 3.94186141 9.35653082 1.65914789
7.68822003 3.92866309 9.34982081 1.68264780
7.69216876 3.91545470 9.34332383 1.70578133
7.69597712 3.90224032 9.33704381 1.72854377
7.69964223 3.88902377 9.33098401 1.75093285
7.70316158 3.87580868 9.32514708 1.77294854
7.70653298 3.86259839 9.31953501 1.79459295
7.70975464 3.84939606 9.31414915 1.81587007
7.71282507 3.83620462 9.30899026 1.83678562
7.71574315 3.82302680 9.30405850 1.85734684
7.71850807 3.80986516 9.29935344 1.87756223
7.72111932 3.79672209 9.29487412 1.89744137
7.72357673 3.78359983 9.29061903 1.91699473
7.72588037 3.77050050 9.28658620 1.93623342
7.72803063 3.75742613 9.28277314 1.95516899
7.73002811 3.74437864 9.27917695 1.97381327
7.73187369 3.73135990 9.27579431 1.99217821
7.73356846 3.71837173 9.27262151 2.01027563
7.73511372 3.70541593 9.26965449 2.02811716
7.73651097 3.69249429 9.26688887 2.04571407
7.73776190 3.67960860 9.26431996 2.06307713
7.73886834 3.66676069 9.26194281 2.08021655
7.73983230 3.65395242 9.25975223 2.09714184
7.74065590 3.64118570 9.25774282 2.11386178
7.74134143 3.62846252 9.25590897 2.13038433
7.74189123 3.61578491 9.25424493 2.14671662
7.74230779 3.60315501 9.25274482 2.16286488
7.74259367 3.59057503 9.25140261 2.17883445
7.74275149 3.57804728 9.25021221 2.19462975
7.74278396 3.56557416 9.24916744 2.21025433
7.74269383 3.55315814 9.24826208 2.22571084
7.74248390 3.54080182 9.24748987 2.24100108
7.74215700 3.52850786 9.24684455 2.25612603
7.74171598 3.51627902 9.24631985 2.27108590
7.74116373 3.50411813 9.24590955 2.28588017
7.74050313 3.49202810 9.24560744 2.30050765
7.73973707 3.48001191 9.24540738 2.31496654
7.73886843 3.46807258 9.24530330 2.32925451
7.73790008 3.45621319 9.24528921 2.34336873
7.73683488 3.44443684 9.24535920 2.35730597
7.73567565 3.43274668 9.24550751 2.37106267
7.73442518 3.42114586 9.24572845 2.38463499
7.73308625 3.40963751 9.24601648 2.39801889
7.73166156 3.39822477 9.24636622 2.41121023
7.73015380 3.38691076 9.24677240 2.42420477
7.72856559 3.37569854 9.24722992 2.43699830
7.72689950 3.36459115 9.24773384 2.44958665
7.72515806 3.35359153 9.24827939 2.46196580
7.72334371 3.34270258 9.24886197 2.47413188
7.72145886 3.33192710 9.24947716 2.48608125
7.71950582 3.32126780 9.25012070 2.49781053
7.71748688 3.31072727 9.25078854 2.50931666
7.71540421 3.30030800 9.25147678 2.52059690
7.71325995 3.29001235 9.25218174 2.53164889
7.71105615 3.27984255 9.25289989 2.54247065
7.70879478 3.26980069 9.25362791 2.55306063
7.70647777 3.25988871 9.25436265 2.56341767
7.70410694 3.25010841 9.25510114 2.57354109
7.70168405 3.24046142 9.25584060 2.58343059
7.69921081 3.23094923 9.25657840 2.59308636
7.69668882 3.22157315 9.25731210 2.60250898
7.69411964 3.21233435 9.25803943 2.61169949
7.69150474 3.20323380 9.25875827 2.62065933
7.68884554 3.19427235 9.25946668 2.62939033
7.68614336 3.18545066 9.26016284 2.63789473
7.68339949 3.17676922 9.26084510 2.64617512
7.68061513 3.16822839 9.26151195 2.65423445
7.67779143 3.15982835 9.26216203 2.66207599
7.67492946 3.15156913 9.26279407 2.66970331
7.67203025 3.14345062 9.26340697 2.67712026
7.66909477 3.13547254 9.26399973 2.68433096
7.66612391 3.12763449 9.26457145 2.69133975
7.66311853 3.11993592 9.26512136 2.69815118
7.66007942 3.11237617 9.26564878 2.70476997
7.65700734 3.10495443 9.26615312 2.71120102
7.65390298 3.09766978 9.26663389 2.71744935
7.65076700 3.09052118 9.26709067 2.72352010
7.64759999 3.08350749 9.26752313 2.72941850
7.64440253 3.07662746 9.26793102 2.73514986
7.64117512 3.06987975 9.26831413 2.74071951
7.63791827 3.06326293 9.26867233 2.74613284
7.63463240 3.05677548 9.26900555 2.75139524
7.63131793 3.05041580 9.26931376 2.75651212
7.62797523 3.04418223 9.26959699 2.76148885
7.62460464 3.03807304 9.26985532 2.76633077
7.62120647 3.03208643 9.27008884 2.77104318
7.61778100 3.02622056 9.27029770 2.77563134
7.61432850 3.02047352 9.27048208 2.78010041
7.61084917 3.01484339 9.27064218 2.78445551
7.60734323 3.00932817 9.27077824 2.78870165
7.60381085 3.00392586 9.27089051 2.79284377
7.60025218 2.99863441 9.27097925 2.79688669
7.59666738 2.99345176 9.27104476 2.80083515
7.59305654 2.98837581 9.27108734 2.80469378
7.58941978 2.98340446 9.27110731 2.80846707
7.58575716 2.97853559 9.27110498 2.81215944
7.58206875 2.97376708 9.27108070 2.81577516
7.57835461 2.96909680 9.27103479 2.81931840
7.57461477 2.96452261 9.27096761 2.82279320
7.57084925 2.96004237 9.27087949 2.82620349
7.56705806 2.95565397 9.27077078 2.82955309
7.56324121 2.95135527 9.27064182 2.83284566
7.55939868 2.94714417 9.27049297 2.83608480
7.55553045 2.94301855 9.27032456 2.83927395
7.55163651 2.93897634 9.27013692 2.84241645
7.54771681 2.93501546 9.26993040 2.84551551
7.54377132 2.93113385 9.26970532 2.84857426
7.53979999 2.92732947 9.26946201 2.85159570
7.53580278 2.92360032 9.26920078 2.85458270
7.53177962 2.91994439 9.26892194 2.85753808
7.52773047 2.91635972 9.26862580 2.86046449
7.52365526 2.91284435 9.26831265 2.86336454
7.51955394 2.90939638 9.26798278 2.86624069
7.51542644 2.90601390 9.26763647 2.86909535
7.51127271 2.90269505 9.26727399 2.87193079
7.50709268 2.89943800 9.26689560 2.87474923
7.50288631 2.89624092 9.26650157 2.87755279
7.49865354 2.89310205 9.26609213 2.88034347
7.49439431 2.89001964 9.26566753 2.88312324
7.49010859 2.88699196 9.26522799 2.88589396
7.48579633 2.88401733 9.26477373 2.88865740
7.48145750 2.88109409 9.26430498 2.89141527
7.47709207 2.87822062 9.26382192 2.89416920
7.47270002 2.87539533 9.26332477 2.89692075
7.46828135 2.87261664 9.26281371 2.89967141
7.46383604 2.86988305 9.26228891 2.90242259
7.45936411 2.86719304 9.26175057 2.90517563
7.45486557 2.86454516 9.26119883 2.90793183
7.45034047 2.86193797 9.26063387 2.91069239
7.44578884 2.85937008 9.26005583 2.91345846
7.44121075 2.85684011 9.25946487 2.91623114
7.43660626 2.85434673 9.25886112 2.91901145
7.43197546 2.85188865 9.25824473 2.92180036
7.42731847 2.84946458 9.25761581 2.92459877
7.42263539 2.84707329 9.25697451 2.92740753
7.41792638 2.84471357 9.25632094 2.93022743
7.41319160 2.84238425 9.25565521 2.93305920
7.40843121 2.84008419 9.25497744 2.93590350
7.40364543 2.83781227 9.25428774 2.93876096
7.39883447 2.83556742 9.25358621 2.94163213
7.39399859 2.83334858 9.25287296 2.94451752
7.38913804 2.83115475 9.25214810 2.94741756
7.38425313 2.82898492 9.25141171 2.95033264
7.37934416 2.82683815 9.25066390 2.95326309
7.37441150 2.82471351 9.24990476 2.95620919
7.36945549 2.82261010 9.24913439 2.95917115
7.36447655 2.82052707 9.24835288 2.96214912
7.35947510 2.81846357 9.24756033 2.96514322
7.35445159 2.81641880 9.24675684 2.96815349
7.34940651 2.81439200 9.24594249 2.97117991
7.34434037 2.81238240 9.24511740 2.97422240
7.33925372 2.81038930 9.24428164 2.97728085
7.33414714 2.80841202 9.24343533 2.98035506
7.32902123 2.80644988 9.24257857 2.98344479
7.32387664 2.80450227 9.24171146 2.98654973
7.31871403 2.80256858 9.24083412 2.98966952
7.31353411 2.80064824 9.23994664 2.99280374
7.30833763 2.79874071 9.23904915 2.99595191
7.30312534 2.79684547 9.23814176 2.99911350
7.29789805 2.79496204 9.23722460 3.00228792
7.29265660 2.79308994 9.23629779 3.00547451
7.28740186 2.79122876 9.23536147 3.00867256
7.28213473 2.78937807 9.23441576 3.01188132
7.27685614 2.78753751 9.23346082 3.01509998
7.27156706 2.78570671 9.23249679 3.01832765
7.26626849 2.78388535 9.23152383 3.02156343
7.26096144 2.78207312 9.23054209 3.02480633
7.25564699 2.78026975 9.22955173 3.02805534
7.25032621 2.77847498 9.22855293 3.03130939
7.24500022 2.77668859 9.22754587 3.03456735
7.23967017 2.77491036 9.22653073 3.03782808
7.23433721 2.77314012 9.22550769 3.04109037
7.22900254 2.77137772 9.22447697 3.04435297
7.22366739 2.76962300 9.22343875 3.04761463
7.21833298 2.76787586 9.22239326 3.05087401
7.21300057 2.76613621 9.22134070 3.05412979
7.20767145 2.76440397 9.22028131 3.05738059
7.20234691 2.76267909 9.21921531 3.06062502
7.19702827 2.76096153 9.21814294 3.06386166
7.19171684 2.75925130 9.21706445 3.06708908
7.18641396 2.75754838 9.21598008 3.07030582
7.18112099 2.75585281 9.21489009 3.07351044
7.17583927 2.75416462 9.21379474 3.07670145
7.17057017 2.75248387 9.21269431 3.07987739
7.16531506 2.75081062 9.21158906 3.08303679
7.16007530 2.74914497 9.21047927 3.08617819
7.15485225 2.74748701 9.20936524 3.08930012
7.14964728 2.74583686 9.20824724 3.09240114
7.14446176 2.74419463 9.20712558 3.09547981
7.13929702 2.74256047 9.20600055 3.09853473
7.13415442 2.74093453 9.20487246 3.10156451
7.12903528 2.73931695 9.20374160 3.10456778
7.12394092 2.73770791 9.20260830 3.10754321
7.11887264 2.73610757 9.20147286 3.11048951
7.11383173 2.73451612 9.20033560 3.11340541
7.10881945 2.73293375 9.19919683 3.11628969
7.10383703 2.73136064 9.19805688 3.11914117
7.09888570 2.72979700 9.19691607 3.12195873
7.09396665 2.72824303 9.19577471 3.12474128
7.08908104 2.72669893 9.19463313 3.12748777
7.08423000 2.72516491 9.19349165 3.13019724
7.07941465 2.72364118 9.19235060 3.13286875
7.07463605 2.72212794 9.19121029 3.13550143
7.06989523 2.72062542 9.19007104 3.13809448
7.06519321 2.71913381 9.18893318 3.14064713
7.06053094 2.71765332 9.18779702 3.14315869
7.05590935 2.71618416 9.18666287 3.14562853
7.05132935 2.71472654 9.18553105 3.14805608
7.04679177 2.71328066 9.18440186 3.15044082
7.04229742 2.71184670 9.18327561 3.15278231
7.03784708 2.71042488 9.18215261 3.15508015
7.03344148 2.70901536 9.18103314 3.15733403
7.02908130 2.70761834 9.17991751 3.15954366
7.02476719 2.70623399 9.17880599 3.16170885
7.02049975 2.70486248 9.17769888 3.16382945
7.01627953 2.70350399 9.17659645 3.16590536
7.01210707 2.70215865 9.17549897 3.16793654
7.00798282 2.70082663 9.17440670 3.16992302
7.00390724 2.69950807 9.17331991 3.17186487
6.99988070 2.69820311 9.17223885 3.17376220
6.99590356 2.69691186 9.17116377 3.17561520
6.99197613 2.69563446 9.17009490 3.17742408
6.98809868 2.69437100 9.16903249 3.17918910
6.98427144 2.69312160 9.16797674 3.18091058
6.98049460 2.69188635 9.16692789 3.18258886
6.97676830 2.69066533 9.16588615 3.18422434
6.97309267 2.68945863 9.16485171 3.18581743
6.96946778 2.68826630 9.16382477 3.18736860
6.96589367 2.68708842 9.16280553 3.18887835
6.96237036 2.68592502 9.16179415 3.19034719
6.95889781 2.68477615 9.16079082 3.19177567
6.95547597 2.68364186 9.15979570 3.19316438
6.95210474 2.68252216 9.15880895 3.19451391
6.94878401 2.68141706 9.15783071 3.19582489
6.94551362 2.68032659 9.15686113 3.19709795
6.94229339 2.67925074 9.15590034 3.19833375
6.93912312 2.67818950 9.15494847 3.19953297
6.93600257 2.67714287 9.15400563 3.20069630
6.93293149 2.67611081 9.15307194 3.20182442
6.92990959 2.67509330 9.15214750 3.20291806
6.92693658 2.67409031 9.15123240 3.20397792
6.92401212 2.67310179 9.15032674 3.20500473
6.92113587 2.67212768 9.14943060 3.20599921
6.91830746 2.67116794 9.14854405 3.20696209
6.91552651 2.67022250 9.14766715 3.20789411
6.91279262 2.66929130 9.14679997 3.20879599
6.91010538 2.66837425 9.14594257 3.20966846
6.90746434 2.66747128 9.14509498 3.21051226
6.90486908 2.66658231 9.14425725 3.21132811
6.90231912 2.66570723 9.14342942 3.21211672
6.89981399 2.66484596 9.14261151 3.21287882
6.89735322 2.66399840 9.14180354 3.21361510
6.89493632 2.66316444 9.14100554 3.21432628
6.89256277 2.66234397 9.14021750 3.21501305
6.89023208 2.66153689 9.13943944 3.21567609
6.88794373 2.66074307 9.13867136 3.21631607
6.88569719 2.65996239 9.13791325 3.21693367
6.88349193 2.65919474 9.13716510 3.21752953
6.88132743 2.65843998 9.13642689 3.21810430
6.87920313 2.65769799 9.13569861 3.21865862
6.87711851 2.65696864 9.13498023 3.21919311
6.87507300 2.65625179 9.13427172 3.21970837
6.87306607 2.65554730 9.13357305 3.22020500
6.87109717 2.65485505 9.13288418 3.22068360
6.86916574 2.65417488 9.13220507 3.22114472
6.86727123 2.65350665 9.13153567 3.22158894
6.86541310 2.65285023 9.13087594 3.22201680
6.86359078 2.65220548 9.13022583 3.22242883
6.86180373 2.65157223 9.12958527 3.22282555
6.86005140 2.65095035 9.12895422 3.22320747
6.85833324 2.65033969 9.12833261 3.22357509
6.85664871 2.64974011 9.12772037 3.22392889
6.85499726 2.64915145 9.12711744 3.22426935
6.85337836 2.64857356 9.12652375 3.22459691
6.85179146 2.64800630 9.12593923 3.22491202
6.85023603 2.64744952 9.12536381 3.22521511
6.84871154 2.64690307 9.12479740 3.22550661
6.84721747 2.64636679 9.12423994 3.22578693
6.84575329 2.64584055 9.12369134 3.22605645
6.84431849 2.64532419 9.12315151 3.22631556
6.84291256 2.64481756 9.12262039 3.22656464
6.84153498 2.64432052 9.12209788 3.22680404
6.84018526 2.64383291 9.12158389 3.22703412
6.83886290 2.64335460 9.12107834 3.22725522
6.83756740 2.64288544 9.12058115 3.22746766
6.83629829 2.64242528 9.12009221 3.22767176
6.83505507 2.64197397 9.11961145 3.22786783
6.83383728 2.64153139 9.11913876 3.22805616
6.83264444 2.64109737 9.11867407 3.22823705
6.83147610 2.64067180 9.11821727 3.22841077
6.83033179 2.64025451 9.11776826 3.22857760
6.82921107 2.63984538 9.11732697 3.22873778
6.82811349 2.63944427 9.11689329 3.22889158
6.82703862 2.63905104 9.11646713 3.22903924
6.82598601 2.63866556 9.11604839 3.22918098
6.82495525 2.63828769 9.11563698 3.22931704
6.82394591 2.63791730 9.11523280 3.22944763
6.82295758 2.63755427 9.11483576 3.22957296
6.82198986 2.63719846 9.11444577 3.22969324
6.82104234 2.63684975 9.11406272 3.22980866
6.82011463 2.63650801 9.11368652 3.22991941
6.81920634 2.63617312 9.11331708 3.23002567
6.81831709 2.63584494 9.11295430 3.23012762
6.81744651 2.63552337 9.11259809 3.23022543
6.81659421 2.63520828 9.11224836 3.23031926
6.81575984 2.63489956 9.11190500 3.23040926
6.81494305 2.63459708 9.11156793 3.23049558
6.81414348 2.63430073 9.11123705 3.23057838
6.81336078 2.63401040 9.11091227 3.23065779
6.81259462 2.63372598 9.11059351 3.23073394
6.81184466 2.63344736 9.11028066 3.23080697
6.81111058 2.63317442 9.10997363 3.23087700
6.81039205 2.63290707 9.10967235 3.23094415
6.80968876 2.63264519 9.10937671 3.23100853
6.80900039 2.63238868 9.10908663 3.23107026
6.80832665 2.63213744 9.10880202 3.23112944
6.80766723 2.63189137 9.10852280 3.23118618
6.80702184 2.63165037 9.10824887 3.23124057
6.80639020 2.63141434 9.10798015 3.23129270
6.80577201 2.63118319 9.10771656 3.23134268
6.80516700 2.63095682 9.10745801 3.23139059
6.80457491 2.63073513 9.10720442 3.23143650
6.80399545 2.63051805 9.10695571 3.23148051
6.80342838 2.63030547 9.10671179 3.23152269
6.80287343 2.63009731 9.10647258 3.23156311
6.80233035 2.62989349 9.10623801 3.23160185
6.80179890 2.62969391 9.10600800 3.23163897
6.80127882 2.62949849 9.10578246 3.23167454
6.80076989 2.62930716 9.10556133 3.23170863
6.80027188 2.62911982 9.10534451 3.23174130
6.79978454 2.62893641 9.10513195 3.23177259
6.79930766 2.62875684 9.10492356 3.23180258
6.79884102 2.62858103 9.10471927 3.23183131
6.79838441 2.62840891 9.10451901 3.23185884
6.79793760 2.62824040 9.10432271 3.23188522
6.79750041 2.62807544 9.10413030 3.23191048
6.79707261 2.62791395 9.10394170 3.23193469
6.79665402 2.62775586 9.10375685 3.23195788
6.79624444 2.62760111 9.10357569 3.23198009
6.79584368 2.62744961 9.10339814 3.23200137
6.79545156 2.62730132 9.10322413 3.23202175
6.79506788 2.62715616 9.10305361 3.23204128
6.79469247 2.62701407 9.10288651 3.23205998
6.79432516 2.62687498 9.10272277 3.23207790
6.79396577 2.62673884 9.10256233 3.23209506
6.79361413 2.62660558 9.10240511 3.23211149
6.79327009 2.62647515 9.10225107 3.23212723
6.79293347 2.62634749 9.10210015 3.23214231
6.79260412 2.62622254 9.10195228 3.23215675
6.79228189 2.62610024 9.10180741 3.23217058
6.79196662 2.62598054 9.10166549 3.23218382
6.79165816 2.62586339 9.10152645 3.23219650
6.79135637 2.62574873 9.10139024 3.23220865
6.79106110 2.62563651 9.10125681 3.23222028
6.79077222 2.62552668 9.10112610 3.23223142
6.79048959 2.62541920 9.10099807 3.23224209
6.79021308 2.62531400 9.10087266 3.23225230
6.78994255 2.62521105 9.10074982 3.23226208
6.78967787 2.62511030 9.10062950 3.23227145
6.78941893 2.62501170 9.10051165 3.23228042
6.78916559 2.62491521 9.10039623 3.23228901
6.78891774 2.62482078 9.10028319 3.23229723
6.78867526 2.62472838 9.10017248 3.23230510
6.78843803 2.62463794 9.10006406 3.23231264
6.78820594 2.62454945 9.09995787 3.23231986
6.78797888 2.62446285 9.09985388 3.23232677
6.78775675 2.62437811 9.09975205 3.23233339
6.78753943 2.62429518 9.09965233 3.23233973
6.78732682 2.62421403 9.09955468 3.23234579
6.78711882 2.62413462 9.09945906 3.23235160
6.78691534 2.62405692 9.09936542 3.23235716
6.78671626 2.62398088 9.09927374 3.23236249
6.78652151 2.62390648 9.09918396 3.23236758
6.78633098 2.62383367 9.09909606 3.23237246
6.78614459 2.62376243 9.09900999 3.23237713
6.78596224 2.62369272 9.09892573 3.23238161
6.78578385 2.62362451 9.09884322 3.23238589
6.78560933 2.62355777 9.09876244 3.23238999
6.78543860 2.62349246 9.09868335 3.23239391
6.78527157 2.62342856 9.09860592 3.23239767
6.78510818 2.62336603 9.09853011 3.23240126
6.78494833 2.62330485 9.09845590 3.23240471
6.78479195 2.62324499 9.09838324 3.23240800
6.78463897 2.62318642 9.09831212 3.23241116
6.78448931 2.62312911 9.09824249 3.23241418
6.78434290 2.62307304 9.09817432 3.23241707
6.78419968 2.62301817 9.09810759 3.23241984
6.78405956 2.62296449 9.09804227 3.23242249
6.78392249 2.62291197 9.09797833 3.23242502
6.78378840 2.62286058 9.09791574 3.23242745
6.78365722 2.62281030 9.09785446 3.23242977
6.78352890 2.62276111 9.09779449 3.23243200
6.78340336 2.62271297 9.09773578 3.23243413
6.78328055 2.62266588 9.09767832 3.23243616
6.78316041 2.62261980 9.09762207 3.23243811
6.78304288 2.62257472 9.09756702 3.23243998
6.78292791 2.62253062 9.09751313 3.23244177
6.78281544 2.62248747 9.09746039 3.23244348
6.78270541 2.62244525 9.09740876 3.23244512
6.78259777 2.62240394 9.09735823 3.23244668
6.78249248 2.62236353 9.09730878 3.23244818
6.78238947 2.62232399 9.09726038 3.23244962
6.78228871 2.62228530 9.09721300 3.23245099
6.78219014 2.62224746 9.09716664 3.23245231
6.78209371 2.62221043 9.09712126 3.23245357
6.78199937 2.62217420 9.09707685 3.23245477
6.78190709 2.62213876 9.09703338 3.23245593
6.78181682 2.62210409 9.09699084 3.23245703
6.78172851 2.62207016 9.09694921 3.23245809
6.78164212 2.62203697 9.09690847 3.23245910
6.78155761 2.62200450 9.09686860 3.23246007
6.78147494 2.62197274 9.09682958 3.23246099
6.78139407 2.62194166 9.09679139 3.23246188
6.78131496 2.62191125 9.09675402 3.23246273
6.78123756 2.62188151 9.09671745 3.23246354
6.78116186 2.62185240 9.09668166 3.23246432
6.78108780 2.62182393 9.09664664 3.23246506
6.78101535 2.62179608 9.09661236 3.23246578
6.78094448 2.62176883 9.09657882 3.23246646
6.78087515 2.62174217 9.09654600 3.23246711
6.78080732 2.62171609 9.09651389 3.23246773
6.78074098 2.62169058 9.09648246 3.23246833
6.78067608 2.62166561 9.09645170 3.23246890
6.78061259 2.62164120 9.09642161 3.23246945
6.78055048 2.62161731 9.09639216 3.23246997
6.78048973 2.62159393 9.09636334 3.23247048
6.78043029 2.62157107 9.09633514 3.23247095
6.78037215 2.62154870 9.09630755 3.23247141
6.78031528 2.62152682 9.09628055 3.23247185
6.78025964 2.62150541 9.09625413 3.23247227
6.78020522 2.62148447 9.09622828 3.23247268
6.78015198 2.62146398 9.09620298 3.23247306
6.78009989 2.62144393 9.09617823 3.23247343
6.78004895 2.62142433 9.09615401 3.23247378
6.77999911 2.62140514 9.09613031 3.23247412
6.77995035 2.62138638 9.09610713 3.23247444
6.77990266 2.62136802 9.09608444 3.23247475
6.77985601 2.62135006 9.09606224 3.23247505
6.77981037 2.62133249 9.09604052 3.23247533
6.77976572 2.62131530 9.09601926 3.23247560
6.77972205 2.62129849 9.09599847 3.23247586
6.77967933 2.62128204 9.09597812 3.23247611
6.77963754 2.62126594 9.09595821 3.23247635
6.77959665 2.62125020 9.09593873 3.23247658
6.77955666 2.62123480 9.09591968 3.23247679
6.77951754 2.62121974 9.09590103 3.23247700
6.77947927 2.62120500 9.09588278 3.23247720
6.77944183 2.62119058 9.09586493 3.23247739
6.77940521 2.62117648 9.09584747 3.23247757
6.77936939 2.62116268 9.09583038 3.23247775
6.77933434 2.62114918 9.09581366 3.23247792
6.77930006 2.62113598 9.09579730 3.23247808
6.77926653 2.62112306 9.09578129 3.23247823
6.77923373 2.62111042 9.09576563 3.23247838
6.77920164 2.62109806 9.09575031 3.23247852
6.77917024 2.62108597 9.09573532 3.23247865
6.77913954 2.62107414 9.09572066 3.23247878
6.77910950 2.62106256 9.09570631 3.23247890
6.77908011 2.62105124 9.09569227 3.23247902
6.77905137 2.62104017 9.09567854 3.23247913
6.77902325 2.62102933 9.09566510 3.23247924
6.77899574 2.62101873 9.09565195 3.23247934
6.77896883 2.62100836 9.09563909 3.23247944
6.77894251 2.62099822 9.09562651 3.23247954
6.77891676 2.62098830 9.09561419 3.23247963
6.77889158 2.62097859 9.09560215 3.23247971
6.77886694 2.62096910 9.09559037 3.23247979
6.77884283 2.62095981 9.09557884 3.23247987
6.77881926 2.62095072 9.09556756 3.23247995
6.77879619 2.62094183 9.09555652 3.23248002
6.77877363 2.62093314 9.09554573 3.23248009
6.77875156 2.62092463 9.09553516 3.23248016
6.77872997 2.62091631 9.09552483 3.23248022
6.77870885 2.62090817 9.09551472 3.23248028
6.77868819 2.62090021 9.09550483 3.23248034
6.77866798 2.62089242 9.09549515 3.23248040
6.77864821 2.62088480 9.09548569 3.23248045
6.77862887 2.62087734 9.09547643 3.23248050
6.77860995 2.62087005 9.09546737 3.23248055
6.77859144 2.62086292 9.09545850 3.23248060
6.77857334 2.62085594 9.09544983 3.23248064
6.77855563 2.62084911 9.09544135 3.23248068
6.77853831 2.62084243 9.09543305 3.23248072
6.77852136 2.62083590 9.09542493 3.23248076
6.77850479 2.62082951 9.09541699 3.23248080
6.77848857 2.62082326 9.09540922 3.23248084
6.77847271 2.62081714 9.09540161 3.23248087
6.77845719 2.62081116 9.09539418 3.23248090
6.77844201 2.62080531 9.09538690 3.23248093
6.77842716 2.62079958 9.09537978 3.23248096
6.77841264 2.62079398 9.09537282 3.23248099
6.77839843 2.62078851 9.09536601 3.23248102
6.77838453 2.62078315 9.09535934 3.23248105
6.77837093 2.62077790 9.09535282 3.23248107
6.77835763 2.62077278 9.09534644 3.23248110
6.77834462 2.62076776 9.09534020 3.23248112
6.77833190 2.62076285 9.09533410 3.23248114
6.77831945 2.62075805 9.09532813 3.23248116
6.77830727 2.62075336 9.09532228 3.23248118
6.77829535 2.62074876 9.09531657 3.23248120
6.77828370 2.62074427 9.09531098 3.23248122
6.77827230 2.62073987 9.09530551 3.23248124
6.77826115 2.62073557 9.09530016 3.23248126
6.77825024 2.62073137 9.09529492 3.23248127
6.77823957 2.62072725 9.09528980 3.23248129
6.77822913 2.62072322 9.09528479 3.23248130
6.77821892 2.62071929 9.09527989 3.23248132
6.77820893 2.62071543 9.09527510 3.23248133
6.77819915 2.62071167 9.09527041 3.23248134
6.77818960 2.62070798 9.09526582 3.23248136
6.77818024 2.62070437 9.09526133 3.23248137
6.77817110 2.62070085 9.09525694 3.23248138
6.77816215 2.62069740 9.09525264 3.23248139
6.77815340 2.62069402 9.09524844 3.23248140
6.77814483 2.62069072 9.09524433 3.23248141
