0.84978964 2.52566539 9.84393822 0.34308859
0.84437097 2.52948565 9.84160913 0.34804612
0.83890842 2.53333558 9.83926426 0.35308163
0.83340212 2.53721511 9.83690370 0.35819545
0.82785226 2.54112410 9.83452756 0.36338782
0.82225905 2.54506243 9.83213593 0.36865894
0.81662272 2.54902993 9.82972895 0.37400891
0.81094356 2.55302640 9.82730675 0.37943778
0.80522189 2.55705163 9.82486948 0.38494547
0.79945807 2.56110538 9.82241732 0.39053185
0.79365249 2.56518738 9.81995045 0.39619668
0.78780560 2.56929732 9.81746907 0.40193963
0.78191789 2.57343488 9.81497340 0.40776024
0.77598988 2.57759969 9.81246367 0.41365798
0.77002214 2.58179136 9.80994015 0.41963218
0.76401530 2.58600946 9.80740309 0.42568208
0.75797003 2.59025354 9.80485279 0.43180678
0.75188704 2.59452311 9.80228956 0.43800526
0.74576710 2.59881764 9.79971372 0.44427637
0.73961104 2.60313657 9.79712563 0.45061885
0.73341970 2.60747929 9.79452564 0.45703128
0.72719403 2.61184519 9.79191416 0.46351212
0.72093499 2.61623359 9.78929157 0.47005968
0.71464361 2.62064378 9.78665832 0.47667215
0.70832097 2.62507503 9.78401484 0.48334754
0.70196820 2.62952655 9.78136161 0.49008375
0.69558648 2.63399753 9.77869911 0.49687852
0.68917707 2.63848711 9.77602785 0.50372944
0.68274124 2.64299440 9.77334836 0.51063398
0.67628035 2.64751849 9.77066119 0.51758942
0.66979579 2.65205840 9.76796689 0.52459295
0.66328902 2.65661313 9.76526607 0.53164159
0.65676154 2.66118166 9.76255933 0.53873222
0.65021488 2.66576292 9.75984728 0.54586159
0.64365066 2.67035580 9.75713057 0.55302633
0.63707052 2.67495918 9.75440986 0.56022293
0.63047614 2.67957188 9.75168582 0.56744776
0.62386927 2.68419271 9.74895915 0.57469710
0.61725166 2.68882046 9.74623055 0.58196709
0.61062515 2.69345386 9.74350074 0.58925378
0.60399158 2.69809165 9.74077044 0.59655314
0.59735282 2.70273253 9.73804042 0.60386105
0.59071081 2.70737517 9.73531142 0.61117330
0.58406749 2.71201824 9.73258420 0.61848565
0.57742482 2.71666037 9.72985955 0.62579379
0.57078480 2.72130019 9.72713823 0.63309334
0.56414944 2.72593632 9.72442105 0.64037993
0.55752077 2.73056735 9.72170879 0.64764916
0.55090083 2.73519189 9.71900225 0.65489659
0.54429167 2.73980851 9.71630222 0.66211783
0.53769534 2.74441580 9.71360950 0.66930848
0.53111391 2.74901234 9.71092489 0.67646416
0.52454942 2.75359673 9.70824919 0.68358056
0.51800392 2.75816754 9.70558318 0.69065339
0.51147945 2.76272337 9.70292765 0.69767845
0.50497803 2.76726283 9.70028337 0.70465161
0.49850167 2.77178454 9.69765112 0.71156881
0.49205235 2.77628712 9.69503165 0.71842612
0.48563203 2.78076923 9.69242573 0.72521969
0.47924265 2.78522954 9.68983407 0.73194581
0.47288610 2.78966674 9.68725741 0.73860088
0.46656425 2.79407954 9.68469645 0.74518147
0.46027892 2.79846669 9.68215189 0.75168425
0.45403190 2.80282696 9.67962439 0.75810610
0.44782492 2.80715915 9.67711462 0.76444401
0.44165968 2.81146209 9.67462321 0.77069516
0.43553783 2.81573466 9.67215077 0.77685690
0.42946094 2.81997575 9.66969791 0.78292675
0.42343056 2.82418432 9.66726518 0.78890243
0.41744816 2.82835935 9.66485315 0.79478182
0.41151516 2.83249985 9.66246233 0.80056299
0.40563293 2.83660490 9.66009323 0.80624420
0.39980276 2.84067360 9.65774633 0.81182388
0.39402589 2.84470509 9.65542207 0.81730067
0.38830349 2.84869858 9.65312089 0.82267338
0.38263667 2.85265330 9.65084317 0.82794100
0.37702647 2.85656854 9.64858931 0.83310270
0.37147387 2.86044362 9.64635964 0.83815783
0.36597979 2.86427791 9.64415450 0.84310591
0.36054507 2.86807084 9.64197417 0.84794663
0.35517049 2.87182187 9.63981894 0.85267983
0.34985676 2.87553051 9.63768904 0.85730553
0.34460455 2.87919631 9.63558470 0.86182388
0.33941444 2.88281886 9.63350612 0.86623518
0.33428696 2.88639781 9.63145346 0.87053989
0.32922257 2.88993284 9.62942688 0.87473858
0.32422168 2.89342367 9.62742649 0.87883195
0.31928463 2.89687008 9.62545241 0.88282081
0.31441170 2.90027185 9.62350471 0.88670612
0.30960313 2.90362885 9.62158345 0.89048889
0.30485909 2.90694095 9.61968866 0.89417028
0.30017970 2.91020808 9.61782035 0.89775150
0.29556504 2.91343018 9.61597853 0.90123386
0.29101511 2.91660725 9.61416317 0.90461876
0.28652990 2.91973931 9.61237423 0.90790765
0.28210931 2.92282641 9.61061165 0.91110204
0.27775324 2.92586865 9.60887534 0.91420353
0.27346152 2.92886615 9.60716522 0.91721372
0.26923395 2.93181903 9.60548118 0.92013430
0.26507027 2.93472748 9.60382309 0.92296698
0.26097021 2.93759170 9.60219082 0.92571350
0.25693345 2.94041190 9.60058421 0.92837562
0.25295964 2.94318833 9.59900309 0.93095515
0.24904839 2.94592126 9.59744731 0.93345388
0.24519930 2.94861098 9.59591666 0.93587365
0.24141192 2.95125778 9.59441094 0.93821628
0.23768579 2.95386201 9.59292996 0.94048361
0.23402040 2.95642399 9.59147350 0.94267747
0.23041526 2.95894409 9.59004132 0.94479969
0.22686981 2.96142269 9.58863320 0.94685210
0.22338350 2.96386017 9.58724890 0.94883651
0.21995575 2.96625692 9.58588817 0.95075472
0.21658598 2.96861337 9.58455076 0.95260852
0.21327357 2.97092993 9.58323640 0.95439968
0.21001790 2.97320704 9.58194484 0.95612994
0.20681833 2.97544513 9.58067580 0.95780102
0.20367422 2.97764465 9.57942902 0.95941464
0.20058492 2.97980607 9.57820422 0.96097246
0.19754975 2.98192984 9.57700113 0.96247613
0.19456803 2.98401643 9.57581945 0.96392727
0.19163910 2.98606632 9.57465891 0.96532748
0.18876226 2.98807997 9.57351922 0.96667832
0.18593682 2.99005787 9.57240010 0.96798131
0.18316208 2.99200050 9.57130126 0.96923794
0.18043734 2.99390835 9.57022241 0.97044970
0.17776191 2.99578190 9.56916325 0.97161800
0.17513508 2.99762163 9.56812352 0.97274425
0.17255615 2.99942804 9.56710290 0.97382981
0.17002441 3.00120162 9.56610112 0.97487602
0.16753916 3.00294284 9.56511789 0.97588416
0.16509970 3.00465220 9.56415293 0.97685552
0.16270533 3.00633018 9.56320594 0.97779132
0.16035536 3.00797726 9.56227664 0.97869276
0.15804908 3.00959393 9.56136475 0.97956101
0.15578582 3.01118065 9.56047000 0.98039720
0.15356487 3.01273791 9.55959209 0.98120243
0.15138557 3.01426618 9.55873076 0.98197777
0.14924724 3.01576593 9.55788573 0.98272427
0.14714919 3.01723762 9.55705673 0.98344292
0.14509077 3.01868172 9.55624348 0.98413471
0.14307132 3.02009868 9.55544573 0.98480059
0.14109017 3.02148896 9.55466320 0.98544147
0.13914669 3.02285300 9.55389563 0.98605824
0.13724022 3.02419126 9.55314277 0.98665176
0.13537014 3.02550417 9.55240436 0.98722288
0.13353581 3.02679216 9.55168014 0.98777240
0.13173662 3.02805567 9.55096987 0.98830109
0.12997194 3.02929512 9.55027330 0.98880972
0.12824118 3.03051094 9.54959019 0.98929901
0.12654373 3.03170353 9.54892029 0.98976968
0.12487900 3.03287332 9.54826336 0.99022241
0.12324641 3.03402069 9.54761918 0.99065784
0.12164538 3.03514606 9.54698750 0.99107664
0.12007534 3.03624982 9.54636811 0.99147940
0.11853574 3.03733235 9.54576078 0.99186672
0.11702601 3.03839404 9.54516529 0.99223918
0.11554562 3.03943526 9.54458141 0.99259734
0.11409402 3.04045639 9.54400894 0.99294171
0.11267069 3.04145780 9.54344766 0.99327283
0.11127511 3.04243984 9.54289736 0.99359119
0.10990676 3.04340288 9.54235784 0.99389727
0.10856514 3.04434725 9.54182890 0.99419153
0.10724975 3.04527332 9.54131034 0.99447442
0.10596010 3.04618141 9.54080196 0.99474636
0.10469571 3.04707186 9.54030358 0.99500777
0.10345611 3.04794500 9.53981499 0.99525906
0.10224083 3.04880116 9.53933603 0.99550061
0.10104940 3.04964065 9.53886649 0.99573278
0.09988139 3.05046378 9.53840621 0.99595593
0.09873634 3.05127086 9.53795500 0.99617042
0.09761382 3.05206220 9.53751270 0.99637656
0.09651340 3.05283808 9.53707914 0.99657469
0.09543466 3.05359882 9.53665413 0.99676510
0.09437718 3.05434468 9.53623753 0.99694809
0.09334056 3.05507596 9.53582917 0.99712396
0.09232441 3.05579293 9.53542888 0.99729296
0.09132831 3.05649587 9.53503652 0.99745537
0.09035190 3.05718504 9.53465193 0.99761144
0.08939478 3.05786071 9.53427496 0.99776142
0.08845660 3.05852313 9.53390547 0.99790553
0.08753697 3.05917255 9.53354329 0.99804402
0.08663555 3.05980924 9.53318831 0.99817708
0.08575197 3.06043343 9.53284036 0.99830495
0.08488591 3.06104537 9.53249933 0.99842780
0.08403700 3.06164528 9.53216506 0.99854585
0.08320493 3.06223340 9.53183744 0.99865928
0.08238935 3.06280997 9.53151632 0.99876826
0.08158996 3.06337520 9.53120159 0.99887297
0.08080643 3.06392931 9.53089311 0.99897357
0.08003846 3.06447252 9.53059077 0.99907023
0.07928574 3.06500504 9.53029444 0.99916310
0.07854797 3.06552707 9.53000401 0.99925233
0.07782486 3.06603883 9.52971936 0.99933805
0.07711612 3.06654051 9.52944038 0.99942041
0.07642148 3.06703230 9.52916695 0.99949953
0.07574065 3.06751440 9.52889896 0.99957554
0.07507336 3.06798700 9.52863631 0.99964857
0.07441934 3.06845028 9.52837890 0.99971873
0.07377834 3.06890443 9.52812661 0.99978614
0.07315010 3.06934962 9.52787936 0.99985089
0.07253437 3.06978603 9.52763703 0.99991309
0.07193090 3.07021383 9.52739953 0.99997285
0.07133945 3.07063319 9.52716677 1.00003026
0.07075978 3.07104427 9.52693865 1.00008541
0.07019166 3.07144724 9.52671508 1.00013840
0.06963486 3.07184225 9.52649596 1.00018929
0.06908916 3.07222946 9.52628122 1.00023818
0.06855434 3.07260902 9.52607077 1.00028515
0.06803017 3.07298109 9.52586451 1.00033027
0.06751647 3.07334581 9.52566237 1.00037361
0.06701300 3.07370332 9.52546427 1.00041525
0.06651958 3.07405377 9.52527012 1.00045524
0.06603600 3.07439729 9.52507984 1.00049366
0.06556207 3.07473403 9.52489337 1.00053057
0.06509759 3.07506410 9.52471062 1.00056602
0.06464238 3.07538766 9.52453151 1.00060008
0.06419626 3.07570482 9.52435599 1.00063279
0.06375904 3.07601570 9.52418397 1.00066422
0.06333055 3.07632044 9.52401538 1.00069440
0.06291062 3.07661916 9.52385016 1.00072340
0.06249907 3.07691196 9.52368825 1.00075125
0.06209573 3.07719898 9.52352956 1.00077801
0.06170046 3.07748032 9.52337405 1.00080371
0.06131307 3.07775609 9.52322165 1.00082839
0.06093342 3.07802641 9.52307229 1.00085210
0.06056136 3.07829138 9.52292591 1.00087488
0.06019673 3.07855111 9.52278246 1.00089676
0.05983938 3.07880570 9.52264188 1.00091778
0.05948917 3.07905525 9.52250410 1.00093797
0.05914596 3.07929987 9.52236908 1.00095736
0.05880960 3.07953964 9.52223676 1.00097598
0.05847997 3.07977467 9.52210709 1.00099387
0.05815693 3.08000505 9.52198000 1.00101106
0.05784034 3.08023086 9.52185546 1.00102757
0.05753008 3.08045221 9.52173340 1.00104342
0.05722602 3.08066918 9.52161379 1.00105865
0.05692803 3.08088185 9.52149656 1.00107328
0.05663601 3.08109031 9.52138168 1.00108733
0.05634982 3.08129465 9.52126910 1.00110083
0.05606935 3.08149494 9.52115877 1.00111379
0.05579449 3.08169126 9.52105064 1.00112625
0.05552513 3.08188370 9.52094467 1.00113821
0.05526115 3.08207233 9.52084083 1.00114970
0.05500245 3.08225722 9.52073906 1.00116073
0.05474892 3.08243845 9.52063932 1.00117133
0.05450046 3.08261610 9.52054158 1.00118152
0.05425697 3.08279022 9.52044580 1.00119130
0.05401835 3.08296090 9.52035192 1.00120069
0.05378450 3.08312820 9.52025993 1.00120971
0.05355533 3.08329219 9.52016978 1.00121838
0.05333074 3.08345292 9.52008142 1.00122670
0.05311064 3.08361048 9.51999484 1.00123470
0.05289494 3.08376491 9.51990999 1.00124238
0.05268356 3.08391629 9.51982683 1.00124976
0.05247641 3.08406467 9.51974534 1.00125684
0.05227340 3.08421011 9.51966547 1.00126365
0.05207445 3.08435267 9.51958721 1.00127018
0.05187948 3.08449240 9.51951050 1.00127646
0.05168841 3.08462937 9.51943534 1.00128249
0.05150117 3.08476363 9.51936167 1.00128829
0.05131766 3.08489522 9.51928948 1.00129385
0.05113783 3.08502421 9.51921874 1.00129920
0.05096160 3.08515065 9.51914940 1.00130433
0.05078889 3.08527458 9.51908146 1.00130926
0.05061964 3.08539605 9.51901487 1.00131400
0.05045378 3.08551512 9.51894962 1.00131855
0.05029123 3.08563183 9.51888567 1.00132291
0.05013193 3.08574623 9.51882300 1.00132711
0.04997582 3.08585837 9.51876158 1.00133114
0.04982284 3.08596828 9.51870139 1.00133501
0.04967291 3.08607601 9.51864240 1.00133873
0.04952599 3.08618161 9.51858460 1.00134230
0.04938201 3.08628512 9.51852795 1.00134574
0.04924090 3.08638658 9.51847243 1.00134903
0.04910262 3.08648603 9.51841803 1.00135220
0.04896711 3.08658351 9.51836471 1.00135524
0.04883431 3.08667906 9.51831246 1.00135816
0.04870416 3.08677271 9.51826125 1.00136096
0.04857662 3.08686451 9.51821107 1.00136366
0.04845163 3.08695449 9.51816189 1.00136624
0.04832915 3.08704269 9.51811369 1.00136873
0.04820911 3.08712914 9.51806646 1.00137112
0.04809148 3.08721388 9.51802018 1.00137341
0.04797620 3.08729694 9.51797481 1.00137561
0.04786322 3.08737835 9.51793036 1.00137773
0.04775251 3.08745815 9.51788680 1.00137976
0.04764401 3.08753637 9.51784410 1.00138171
0.04753769 3.08761305 9.51780226 1.00138359
0.04743349 3.08768820 9.51776126 1.00138539
0.04733138 3.08776186 9.51772108 1.00138711
0.04723131 3.08783406 9.51768170 1.00138878
0.04713324 3.08790484 9.51764311 1.00139037
0.04703714 3.08797421 9.51760529 1.00139190
0.04694295 3.08804221 9.51756823 1.00139338
0.04685066 3.08810886 9.51753191 1.00139479
0.04676021 3.08817419 9.51749631 1.00139615
0.04667157 3.08823822 9.51746143 1.00139745
0.04658471 3.08830099 9.51742724 1.00139870
0.04649958 3.08836251 9.51739374 1.00139991
0.04641616 3.08842281 9.51736091 1.00140106
0.04633440 3.08848192 9.51732873 1.00140217
0.04625429 3.08853986 9.51729720 1.00140324
0.04617577 3.08859665 9.51726630 1.00140426
0.04609883 3.08865232 9.51723602 1.00140525
0.04602343 3.08870688 9.51720634 1.00140619
0.04594953 3.08876036 9.51717726 1.00140710
0.04587712 3.08881279 9.51714875 1.00140797
0.04580616 3.08886417 9.51712082 1.00140881
0.04573661 3.08891453 9.51709345 1.00140961
0.04566846 3.08896390 9.51706662 1.00141039
0.04560167 3.08901229 9.51704033 1.00141113
0.04553622 3.08905972 9.51701457 1.00141184
0.04547207 3.08910621 9.51698932 1.00141252
0.04540922 3.08915178 9.51696458 1.00141318
0.04534762 3.08919645 9.51694033 1.00141381
0.04528725 3.08924023 9.51691657 1.00141442
0.04522809 3.08928315 9.51689328 1.00141500
0.04517011 3.08932521 9.51687045 1.00141556
0.04511330 3.08936645 9.51684809 1.00141610
0.04505762 3.08940686 9.51682617 1.00141662
0.04500306 3.08944647 9.51680469 1.00141711
0.04494959 3.08948530 9.51678364 1.00141759
0.04489719 3.08952336 9.51676301 1.00141804
0.04484583 3.08956067 9.51674279 1.00141848
0.04479551 3.08959724 9.51672298 1.00141891
0.04474619 3.08963308 9.51670356 1.00141931
0.04469786 3.08966821 9.51668453 1.00141970
0.04465050 3.08970265 9.51666588 1.00142007
0.04460409 3.08973640 9.51664761 1.00142043
0.04455860 3.08976949 9.51662970 1.00142078
0.04451402 3.08980192 9.51661215 1.00142111
0.04447034 3.08983370 9.51659495 1.00142143
0.04442753 3.08986486 9.51657809 1.00142173
0.04438558 3.08989540 9.51656157 1.00142203
0.04434447 3.08992534 9.51654538 1.00142231
0.04430418 3.08995468 9.51652952 1.00142258
0.04426470 3.08998344 9.51651397 1.00142284
0.04422600 3.09001163 9.51649873 1.00142309
0.04418809 3.09003926 9.51648380 1.00142333
0.04415093 3.09006635 9.51646917 1.00142356
0.04411451 3.09009290 9.51645483 1.00142378
0.04407883 3.09011892 9.51644077 1.00142399
0.04404385 3.09014442 9.51642700 1.00142420
0.04400958 3.09016943 9.51641350 1.00142440
0.04397599 3.09019393 9.51640027 1.00142458
0.04394308 3.09021795 9.51638731 1.00142476
0.04391083 3.09024150 9.51637461 1.00142494
0.04387922 3.09026458 9.51636216 1.00142511
0.04384824 3.09028720 9.51634996 1.00142527
0.04381788 3.09030937 9.51633800 1.00142542
0.04378813 3.09033110 9.51632628 1.00142557
0.04375898 3.09035241 9.51631480 1.00142571
0.04373041 3.09037329 9.51630354 1.00142585
0.04370241 3.09039375 9.51629251 1.00142598
0.04367497 3.09041382 9.51628171 1.00142610
0.04364809 3.09043348 9.51627111 1.00142622
0.04362173 3.09045276 9.51626073 1.00142634
0.04359591 3.09047165 9.51625056 1.00142645
0.04357061 3.09049017 9.51624059 1.00142656
0.04354581 3.09050832 9.51623082 1.00142666
0.04352150 3.09052611 9.51622125 1.00142676
0.04349769 3.09054355 9.51621186 1.00142686
0.04347435 3.09056064 9.51620267 1.00142695
0.04345147 3.09057740 9.51619366 1.00142704
0.04342906 3.09059382 9.51618482 1.00142712
0.04340709 3.09060992 9.51617617 1.00142720
0.04338557 3.09062570 9.51616769 1.00142728
0.04336447 3.09064117 9.51615938 1.00142735
0.04334380 3.09065633 9.51615123 1.00142742
0.04332354 3.09067119 9.51614325 1.00142749
0.04330368 3.09068575 9.51613542 1.00142756
0.04328423 3.09070003 9.51612776 1.00142762
0.04326516 3.09071402 9.51612024 1.00142768
0.04324647 3.09072774 9.51611288 1.00142774
0.04322816 3.09074119 9.51610566 1.00142780
0.04321022 3.09075436 9.51609859 1.00142785
0.04319263 3.09076728 9.51609166 1.00142790
0.04317540 3.09077994 9.51608487 1.00142795
0.04315851 3.09079235 9.51607821 1.00142800
0.04314196 3.09080452 9.51607169 1.00142805
0.04312574 3.09081644 9.51606530 1.00142809
0.04310984 3.09082813 9.51605903 1.00142813
0.04309427 3.09083959 9.51605289 1.00142818
0.04307900 3.09085082 9.51604688 1.00142821
0.04306404 3.09086182 9.51604098 1.00142825
0.04304938 3.09087261 9.51603520 1.00142829
0.04303502 3.09088319 9.51602954 1.00142832
0.04302094 3.09089355 9.51602399 1.00142836
0.04300714 3.09090371 9.51601855 1.00142839
0.04299362 3.09091367 9.51601322 1.00142842
0.04298037 3.09092343 9.51600800 1.00142845
0.04296738 3.09093300 9.51600288 1.00142848
0.04295466 3.09094238 9.51599786 1.00142850
0.04294219 3.09095157 9.51599295 1.00142853
0.04292997 3.09096058 9.51598813 1.00142856
0.04291799 3.09096942 9.51598341 1.00142858
0.04290626 3.09097807 9.51597878 1.00142860
0.04289475 3.09098656 9.51597424 1.00142862
0.04288348 3.09099488 9.51596980 1.00142865
0.04287244 3.09100303 9.51596544 1.00142867
0.04286161 3.09101102 9.51596118 1.00142869
0.04285100 3.09101885 9.51595699 1.00142871
0.04284061 3.09102653 9.51595289 1.00142872
0.04283042 3.09103406 9.51594888 1.00142874
0.04282044 3.09104143 9.51594494 1.00142876
0.04281065 3.09104866 9.51594108 1.00142877
0.04280107 3.09105575 9.51593730 1.00142879
0.04279167 3.09106270 9.51593360 1.00142880
0.04278246 3.09106951 9.51592997 1.00142882
0.04277344 3.09107618 9.51592641 1.00142883
0.04276460 3.09108272 9.51592292 1.00142885
0.04275593 3.09108913 9.51591950 1.00142886
0.04274744 3.09109542 9.51591615 1.00142887
0.04273912 3.09110158 9.51591287 1.00142888
0.04273096 3.09110762 9.51590965 1.00142889
0.04272297 3.09111354 9.51590650 1.00142890
0.04271514 3.09111934 9.51590341 1.00142891
