7.09844579 7.46043925 1.25575492 0.13603860
7.09598971 7.45891993 1.25664615 0.13695519
7.09352047 7.45738543 1.25754464 0.13788425
7.09103796 7.45583561 1.25845050 0.13882598
7.08854211 7.45427028 1.25936384 0.13978060
7.08603280 7.45268931 1.26028475 0.14074832
7.08350995 7.45109251 1.26121334 0.14172936
7.08097347 7.44947973 1.26214972 0.14272394
7.07842324 7.44785079 1.26309400 0.14373228
7.07585918 7.44620552 1.26404629 0.14475463
7.07328119 7.44454374 1.26500671 0.14579121
7.07068917 7.44286530 1.26597537 0.14684226
7.06808303 7.44116999 1.26695238 0.14790803
7.06546266 7.43945765 1.26793786 0.14898877
7.06282797 7.43772809 1.26893194 0.15008472
7.06017886 7.43598113 1.26993473 0.15119615
7.05751523 7.43421657 1.27094636 0.15232331
7.05483699 7.43243423 1.27196696 0.15346649
7.05214402 7.43063392 1.27299665 0.15462594
7.04943623 7.42881544 1.27403557 0.15580194
7.04671353 7.42697859 1.27508384 0.15699479
7.04397581 7.42512318 1.27614160 0.15820476
7.04122298 7.42324900 1.27720899 0.15943215
7.03845493 7.42135584 1.27828614 0.16067726
7.03567156 7.41944350 1.27937320 0.16194039
7.03287278 7.41751178 1.28047030 0.16322185
7.03005848 7.41556044 1.28157760 0.16452196
7.02722856 7.41358929 1.28269524 0.16584104
7.02438294 7.41159810 1.28382337 0.16717942
7.02152150 7.40958665 1.28496214 0.16853742
7.01864415 7.40755472 1.28611170 0.16991540
7.01575078 7.40550208 1.28727222 0.17131369
7.01284131 7.40342850 1.28844384 0.17273265
7.00991564 7.40133375 1.28962674 0.17417263
7.00697366 7.39921760 1.29082108 0.17563400
7.00401528 7.39707980 1.29202702 0.17711714
7.00104041 7.39492012 1.29324474 0.17862241
6.99804894 7.39273831 1.29447439 0.18015022
6.99504079 7.39053413 1.29571617 0.18170093
6.99201586 7.38830733 1.29697024 0.18327497
6.98897406 7.38605765 1.29823679 0.18487273
6.98591529 7.38378485 1.29951599 0.18649462
6.98283946 7.38148865 1.30080804 0.18814107
6.97974650 7.37916881 1.30211312 0.18981251
6.97663629 7.37682506 1.30343142 0.19150936
6.97350877 7.37445712 1.30476314 0.19323208
6.97036384 7.37206474 1.30610847 0.19498112
6.96720142 7.36964764 1.30746760 0.19675692
6.96402142 7.36720554 1.30884076 0.19855997
6.96082377 7.36473817 1.31022813 0.20039073
6.95760839 7.36224524 1.31162993 0.20224968
6.95437519 7.35972647 1.31304636 0.20413732
6.95112410 7.35718157 1.31447765 0.20605415
6.94785505 7.35461026 1.31592401 0.20800066
6.94456797 7.35201223 1.31738565 0.20997738
6.94126279 7.34938720 1.31886281 0.21198483
6.93793944 7.34673487 1.32035571 0.21402354
6.93459786 7.34405493 1.32186457 0.21609405
6.93123799 7.34134708 1.32338964 0.21819691
6.92785977 7.33861102 1.32493114 0.22033267
6.92446314 7.33584644 1.32648931 0.22250189
6.92104806 7.33305302 1.32806441 0.22470516
6.91761447 7.33023046 1.32965666 0.22694306
6.91416234 7.32737843 1.33126632 0.22921616
6.91069162 7.32449662 1.33289364 0.23152508
6.90720227 7.32158470 1.33453887 0.23387042
6.90369427 7.31864236 1.33620226 0.23625279
6.90016757 7.31566928 1.33788409 0.23867282
6.89662217 7.31266511 1.33958461 0.24113113
6.89305804 7.30962955 1.34130409 0.24362837
6.88947516 7.30656225 1.34304278 0.24616519
6.88587354 7.30346289 1.34480098 0.24874223
6.88225315 7.30033113 1.34657894 0.25136016
6.87861401 7.29716664 1.34837695 0.25401965
6.87495612 7.29396908 1.35019528 0.25672137
6.87127950 7.29073813 1.35203422 0.25946602
6.86758417 7.28747344 1.35389404 0.26225427
6.86387015 7.28417467 1.35577505 0.26508683
6.86013747 7.28084150 1.35767751 0.26796439
6.85638618 7.27747358 1.35960173 0.27088767
6.85261633 7.27407058 1.36154799 0.27385738
6.84882796 7.27063217 1.36351660 0.27687424
6.84502115 7.26715800 1.36550784 0.27993897
6.84119595 7.26364774 1.36752201 0.28305229
6.83735247 7.26010107 1.36955941 0.28621494
6.83349077 7.25651765 1.37162035 0.28942765
6.82961096 7.25289716 1.37370511 0.29269115
6.82571314 7.24923926 1.37581401 0.29600619
6.82179744 7.24554364 1.37794735 0.29937349
6.81786397 7.24180998 1.38010542 0.30279380
6.81391288 7.23803795 1.38228853 0.30626785
6.80994430 7.23422726 1.38449698 0.30979638
6.80595841 7.23037758 1.38673107 0.31338012
6.80195536 7.22648863 1.38899111 0.31701979
6.79793534 7.22256010 1.39127739 0.32071614
6.79389855 7.21859171 1.39359020 0.32446987
6.78984518 7.21458317 1.39592985 0.32828169
6.78577545 7.21053420 1.39829663 0.33215231
6.78168960 7.20644454 1.40069083 0.33608243
6.77758787 7.20231393 1.40311274 0.34007273
6.77347051 7.19814212 1.40556263 0.34412387
6.76933781 7.19392888 1.40804079 0.34823652
6.76519003 7.18967396 1.41054750 0.35241133
6.76102749 7.18537715 1.41308303 0.35664890
6.75685050 7.18103825 1.41564763 0.36094986
6.75265939 7.17665707 1.41824157 0.36531478
6.74845451 7.17223343 1.42086511 0.36974423
6.74423621 7.16776715 1.42351847 0.37423874
6.74000488 7.16325811 1.42620190 0.37879883
6.73576091 7.15870616 1.42891564 0.38342497
6.73150472 7.15411118 1.43165988 0.38811761
6.72723673 7.14947310 1.43443485 0.39287718
6.72295739 7.14479182 1.43724074 0.39770404
6.71866716 7.14006729 1.44007773 0.40259854
6.71436653 7.13529949 1.44294600 0.40756098
6.71005600 7.13048839 1.44584571 0.41259161
6.70573607 7.12563401 1.44877700 0.41769062
6.70140730 7.12073639 1.45174000 0.42285819
6.69707023 7.11579558 1.45473484 0.42809442
6.69272545 7.11081169 1.45776160 0.43339934
6.68837353 7.10578482 1.46082038 0.43877294
6.68401510 7.10071512 1.46391123 0.44421516
6.67965079 7.09560278 1.46703419 0.44972585
6.67528124 7.09044799 1.47018929 0.45530479
6.67090713 7.08525101 1.47337654 0.46095172
6.66652914 7.08001210 1.47659591 0.46666627
6.66214798 7.07473158 1.47984735 0.47244801
6.65776437 7.06940979 1.48313081 0.47829643
6.65337907 7.06404712 1.48644619 0.48421092
6.64899283 7.05864399 1.48979337 0.49019079
6.64460643 7.05320086 1.49317221 0.49623527
6.64022067 7.04771823 1.49658254 0.50234349
6.63583637 7.04219665 1.50002415 0.50851447
6.63145437 7.03663669 1.50349682 0.51474716
6.62707551 7.03103900 1.50700028 0.52104038
6.62270066 7.02540423 1.51053425 0.52739287
6.61833070 7.01973311 1.51409840 0.53380324
6.61396653 7.01402640 1.51769238 0.54027001
6.60960906 7.00828491 1.52131580 0.54679160
6.60525923 7.00250948 1.52496823 0.55336628
6.60091796 6.99670103 1.52864922 0.55999225
6.59658621 6.99086050 1.53235829 0.56666759
6.59226495 6.98498888 1.53609490 0.57339024
6.58795514 6.97908723 1.53985849 0.58015806
6.58365777 6.97315662 1.54364848 0.58696877
6.57937383 6.96719820 1.54746421 0.59382001
6.57510432 6.96121315 1.55130504 0.60070928
6.57085024 6.95520270 1.55517025 0.60763399
6.56661261 6.94916813 1.55905910 0.61459143
6.56239244 6.94311076 1.56297083 0.62157879
6.55819075 6.93703196 1.56690462 0.62859317
6.55400855 6.93093314 1.57085963 0.63563157
6.54984687 6.92481574 1.57483497 0.64269088
6.54570672 6.91868127 1.57882975 0.64976791
6.54158912 6.91253126 1.58284302 0.65685940
6.53749507 6.90636726 1.58687380 0.66396199
6.53342558 6.90019090 1.59092109 0.67107227
6.52938165 6.89400381 1.59498385 0.67818675
6.52536426 6.88780766 1.59906103 0.68530189
6.52137440 6.88160416 1.60315153 0.69241408
6.51741303 6.87539503 1.60725424 0.69951969
6.51348110 6.86918203 1.61136803 0.70661505
6.50957955 6.86296694 1.61549173 0.71369646
6.50570931 6.85675154 1.61962418 0.72076018
6.50187127 6.85053766 1.62376416 0.72780251
6.49806633 6.84432712 1.62791048 0.73481971
6.49429535 6.83812175 1.63206190 0.74180806
6.49055917 6.83192341 1.63621718 0.74876387
6.48685860 6.82573394 1.64037508 0.75568345
6.48319446 6.81955519 1.64453434 0.76256319
6.47956749 6.81338901 1.64869370 0.76939949
6.47597845 6.80723725 1.65285189 0.77618882
6.47242805 6.80110173 1.65700766 0.78292772
6.46891697 6.79498430 1.66115973 0.78961281
6.46544587 6.78888674 1.66530684 0.79624076
6.46201536 6.78281087 1.66944775 0.80280838
6.45862604 6.77675844 1.67358121 0.80931253
6.45527848 6.77073120 1.67770597 0.81575021
6.45197318 6.76473087 1.68182083 0.82211853
6.44871065 6.75875915 1.68592457 0.82841471
6.44549133 6.75281768 1.69001599 0.83463609
6.44231565 6.74690810 1.69409394 0.84078015
6.43918401 6.74103198 1.69815725 0.84684452
6.43609673 6.73519086 1.70220480 0.85282694
6.43305416 6.72938626 1.70623548 0.85872532
6.43005655 6.72361962 1.71024821 0.86453770
6.42710416 6.71789235 1.71424195 0.87026228
6.42419721 6.71220582 1.71821567 0.87589739
6.42133585 6.70656134 1.72216837 0.88144155
6.41852023 6.70096017 1.72609910 0.88689340
6.41575046 6.69540352 1.73000693 0.89225174
6.41302661 6.68989254 1.73389095 0.89751551
6.41034871 6.68442833 1.73775032 0.90268383
6.40771678 6.67901194 1.74158420 0.90775593
6.40513078 6.67364436 1.74539180 0.91273123
6.40259065 6.66832652 1.74917237 0.91760924
6.40009632 6.66305929 1.75292518 0.92238966
6.39764766 6.65784350 1.75664956 0.92707229
6.39524452 6.65267992 1.76034485 0.93165708
6.39288673 6.64756924 1.76401046 0.93614410
6.39057408 6.64251212 1.76764580 0.94053355
6.38830636 6.63750916 1.77125034 0.94482573
6.38608330 6.63256090 1.77482359 0.94902109
6.38390462 6.62766782 1.77836507 0.95312014
6.38177004 6.62283036 1.78187436 0.95712353
6.37967923 6.61804891 1.78535107 0.96103200
6.37763184 6.61332378 1.78879484 0.96484636
6.37562752 6.60865528 1.79220533 0.96856752
6.37366588 6.60404362 1.79558227 0.97219649
6.37174653 6.59948900 1.79892539 0.97573431
6.36986905 6.59499154 1.80223447 0.97918213
6.36803301 6.59055135 1.80550930 0.98254114
6.36623797 6.58616848 1.80874972 0.98581259
6.36448347 6.58184294 1.81195560 0.98899780
6.36276904 6.57757468 1.81512682 0.99209812
6.36109420 6.57336365 1.81826330 0.99511494
6.35945846 6.56920974 1.82136498 0.99804970
6.35786131 6.56511280 1.82443184 1.00090386
6.35630226 6.56107265 1.82746387 1.00367892
6.35478077 6.55708908 1.83046108 1.00637640
6.35329634 6.55316186 1.83342352 1.00899783
6.35184842 6.54929071 1.83635124 1.01154477
6.35043649 6.54547533 1.83924433 1.01401878
6.34906000 6.54171540 1.84210288 1.01642144
6.34771842 6.53801057 1.84492702 1.01875432
6.34641120 6.53436045 1.84771687 1.02101901
6.34513779 6.53076466 1.85047261 1.02321707
6.34389764 6.52722278 1.85319439 1.02535009
6.34269021 6.52373438 1.85588239 1.02741963
6.34151494 6.52029899 1.85853682 1.02942725
6.34037129 6.51691614 1.86115789 1.03137450
6.33925871 6.51358536 1.86374581 1.03326290
6.33817665 6.51030613 1.86630082 1.03509398
6.33712457 6.50707795 1.86882317 1.03686923
6.33610192 6.50390029 1.87131311 1.03859014
6.33510816 6.50077261 1.87377091 1.04025816
6.33414276 6.49769436 1.87619683 1.04187474
6.33320519 6.49466499 1.87859116 1.04344130
6.33229491 6.49168394 1.88095419 1.04495923
6.33141140 6.48875063 1.88328620 1.04642990
6.33055415 6.48586449 1.88558750 1.04785465
6.32972262 6.48302494 1.88785839 1.04923480
6.32891632 6.48023139 1.89009918 1.05057165
6.32813474 6.47748325 1.89231019 1.05186646
6.32737737 6.47477993 1.89449173 1.05312048
6.32664372 6.47212084 1.89664412 1.05433491
6.32593331 6.46950538 1.89876768 1.05551094
6.32524566 6.46693295 1.90086275 1.05664972
6.32458027 6.46440295 1.90292964 1.05775240
6.32393669 6.46191480 1.90496870 1.05882006
6.32331445 6.45946789 1.90698023 1.05985379
6.32271310 6.45706163 1.90896459 1.06085463
6.32213218 6.45469543 1.91092209 1.06182361
6.32157124 6.45236870 1.91285308 1.06276172
6.32102985 6.45008084 1.91475787 1.06366992
6.32050758 6.44783128 1.91663681 1.06454917
6.32000401 6.44561943 1.91849022 1.06540036
6.31951871 6.44344472 1.92031843 1.06622441
6.31905128 6.44130657 1.92212177 1.06702216
6.31860131 6.43920442 1.92390056 1.06779447
6.31816840 6.43713769 1.92565514 1.06854214
6.31775217 6.43510583 1.92738582 1.06926597
6.31735222 6.43310828 1.92909292 1.06996673
6.31696819 6.43114450 1.93077677 1.07064517
6.31659969 6.42921393 1.93243768 1.07130200
6.31624638 6.42731605 1.93407596 1.07193794
6.31590788 6.42545032 1.93569193 1.07255366
6.31558386 6.42361620 1.93728590 1.07314982
6.31527396 6.42181318 1.93885818 1.07372707
6.31497784 6.42004075 1.94040906 1.07428601
6.31469518 6.41829840 1.94193885 1.07482726
6.31442565 6.41658561 1.94344785 1.07535138
6.31416893 6.41490190 1.94493635 1.07585895
6.31392471 6.41324678 1.94640465 1.07635051
6.31369268 6.41161976 1.94785303 1.07682659
6.31347254 6.41002037 1.94928178 1.07728769
6.31326400 6.40844813 1.95069118 1.07773432
6.31306676 6.40690258 1.95208151 1.07816694
6.31288055 6.40538326 1.95345305 1.07858602
6.31270508 6.40388973 1.95480606 1.07899201
6.31254009 6.40242154 1.95614083 1.07938534
6.31238531 6.40097824 1.95745761 1.07976643
6.31224048 6.39955941 1.95875667 1.08013568
6.31210534 6.39816463 1.96003826 1.08049348
6.31197965 6.39679347 1.96130265 1.08084022
6.31186315 6.39544552 1.96255008 1.08117625
6.31175561 6.39412038 1.96378080 1.08150193
6.31165679 6.39281765 1.96499506 1.08181760
6.31156647 6.39153693 1.96619310 1.08212359
6.31148442 6.39027784 1.96737517 1.08242022
6.31141042 6.38904000 1.96854148 1.08270779
6.31134426 6.38782303 1.96969229 1.08298662
6.31128572 6.38662657 1.97082781 1.08325697
6.31123460 6.38545025 1.97194828 1.08351914
6.31119070 6.38429371 1.97305391 1.08377338
6.31115381 6.38315661 1.97414493 1.08401997
6.31112376 6.38203860 1.97522154 1.08425914
6.31110034 6.38093935 1.97628397 1.08449114
6.31108338 6.37985852 1.97733243 1.08471621
6.31107270 6.37879578 1.97836711 1.08493457
6.31106811 6.37775081 1.97938822 1.08514644
6.31106944 6.37672329 1.98039597 1.08535203
6.31107654 6.37571292 1.98139055 1.08555155
6.31108923 6.37471940 1.98237216 1.08574518
6.31110735 6.37374241 1.98334098 1.08593313
6.31113074 6.37278166 1.98429721 1.08611557
6.31115925 6.37183687 1.98524103 1.08629268
6.31119274 6.37090776 1.98617262 1.08646464
6.31123105 6.36999403 1.98709217 1.08663160
6.31127403 6.36909542 1.98799985 1.08679374
6.31132156 6.36821166 1.98889583 1.08695120
6.31137349 6.36734248 1.98978029 1.08710413
6.31142968 6.36648763 1.99065340 1.08725267
6.31149002 6.36564684 1.99151532 1.08739698
6.31155436 6.36481987 1.99236622 1.08753717
6.31162259 6.36400647 1.99320626 1.08767339
6.31169458 6.36320640 1.99403559 1.08780575
6.31177022 6.36241941 1.99485438 1.08793438
6.31184938 6.36164529 1.99566278 1.08805939
6.31193195 6.36088380 1.99646093 1.08818090
6.31201783 6.36013471 1.99724899 1.08829903
6.31210690 6.35939780 1.99802711 1.08841386
6.31219906 6.35867286 1.99879542 1.08852551
6.31229421 6.35795967 1.99955408 1.08863408
6.31239224 6.35725803 2.00030321 1.08873965
6.31249305 6.35656772 2.00104297 1.08884233
6.31259656 6.35588856 2.00177348 1.08894220
6.31270266 6.35522034 2.00249487 1.08903935
6.31281126 6.35456286 2.00320728 1.08913386
6.31292228 6.35391594 2.00391085 1.08922582
6.31303562 6.35327939 2.00460568 1.08931529
6.31315121 6.35265302 2.00529191 1.08940236
6.31326896 6.35203666 2.00596967 1.08948710
6.31338878 6.35143013 2.00663907 1.08956957
6.31351060 6.35083326 2.00730023 1.08964986
6.31363435 6.35024586 2.00795327 1.08972801
6.31375994 6.34966779 2.00859831 1.08980411
6.31388730 6.34909887 2.00923546 1.08987820
6.31401636 6.34853895 2.00986483 1.08995035
6.31414706 6.34798785 2.01048652 1.09002061
6.31427932 6.34744544 2.01110066 1.09008905
6.31441307 6.34691155 2.01170735 1.09015571
6.31454826 6.34638604 2.01230668 1.09022065
6.31468481 6.34586876 2.01289877 1.09028392
6.31482267 6.34535957 2.01348371 1.09034556
6.31496178 6.34485832 2.01406161 1.09040563
6.31510207 6.34436488 2.01463256 1.09046417
6.31524350 6.34387911 2.01519667 1.09052122
6.31538600 6.34340088 2.01575402 1.09057683
6.31552952 6.34293005 2.01630471 1.09063104
6.31567401 6.34246649 2.01684883 1.09068389
6.31581941 6.34201009 2.01738648 1.09073542
6.31596568 6.34156071 2.01791774 1.09078566
6.31611277 6.34111824 2.01844270 1.09083465
6.31626063 6.34068255 2.01896145 1.09088243
6.31640921 6.34025352 2.01947408 1.09092903
6.31655846 6.33983105 2.01998066 1.09097449
6.31670835 6.33941502 2.02048128 1.09101883
6.31685884 6.33900532 2.02097602 1.09106209
6.31700986 6.33860183 2.02146497 1.09110430
6.31716140 6.33820446 2.02194819 1.09114548
6.31731341 6.33781309 2.02242578 1.09118568
6.31746585 6.33742763 2.02289780 1.09122490
6.31761867 6.33704798 2.02336433 1.09126318
6.31777186 6.33667402 2.02382545 1.09130055
6.31792536 6.33630567 2.02428122 1.09133703
6.31807915 6.33594284 2.02473172 1.09137264
6.31823320 6.33558542 2.02517703 1.09140741
6.31838746 6.33523332 2.02561720 1.09144136
6.31854191 6.33488646 2.02605232 1.09147451
6.31869651 6.33454475 2.02648244 1.09150689
6.31885124 6.33420809 2.02690763 1.09153851
6.31900607 6.33387641 2.02732796 1.09156939
6.31916097 6.33354961 2.02774350 1.09159956
6.31931591 6.33322762 2.02815430 1.09162904
6.31947086 6.33291036 2.02856044 1.09165783
6.31962580 6.33259774 2.02896196 1.09168596
6.31978070 6.33228970 2.02935894 1.09171345
6.31993554 6.33198614 2.02975142 1.09174031
6.32009030 6.33168700 2.03013948 1.09176656
6.32024494 6.33139220 2.03052317 1.09179222
6.32039945 6.33110167 2.03090255 1.09181730
6.32055381 6.33081534 2.03127766 1.09184181
6.32070800 6.33053314 2.03164858 1.09186578
6.32086199 6.33025500 2.03201534 1.09188920
6.32101576 6.32998085 2.03237801 1.09191211
6.32116930 6.32971063 2.03273665 1.09193450
6.32132258 6.32944427 2.03309129 1.09195640
6.32147559 6.32918171 2.03344200 1.09197782
6.32162832 6.32892288 2.03378882 1.09199876
6.32178073 6.32866773 2.03413180 1.09201924
6.32193283 6.32841619 2.03447099 1.09203928
6.32208458 6.32816821 2.03480645 1.09205888
6.32223598 6.32792372 2.03513822 1.09207805
6.32238700 6.32768267 2.03546634 1.09209680
6.32253765 6.32744501 2.03579086 1.09211515
6.32268789 6.32721067 2.03611184 1.09213310
6.32283772 6.32697961 2.03642930 1.09215067
6.32298713 6.32675176 2.03674330 1.09216786
6.32313610 6.32652709 2.03705389 1.09218468
6.32328462 6.32630553 2.03736109 1.09220115
6.32343267 6.32608704 2.03766497 1.09221726
6.32358025 6.32587157 2.03796555 1.09223303
6.32372735 6.32565906 2.03826288 1.09224847
6.32387395 6.32544948 2.03855700 1.09226358
6.32402005 6.32524277 2.03884795 1.09227838
6.32416563 6.32503888 2.03913577 1.09229286
6.32431068 6.32483779 2.03942050 1.09230704
6.32445520 6.32463943 2.03970218 1.09232093
6.32459918 6.32444376 2.03998084 1.09233452
6.32474261 6.32425075 2.04025653 1.09234783
6.32488547 6.32406034 2.04052927 1.09236087
6.32502777 6.32387251 2.04079910 1.09237364
6.32516949 6.32368720 2.04106607 1.09238614
6.32531064 6.32350438 2.04133020 1.09239839
6.32545119 6.32332401 2.04159154 1.09241039
6.32559114 6.32314605 2.04185010 1.09242214
6.32573050 6.32297047 2.04210594 1.09243365
6.32586924 6.32279722 2.04235907 1.09244492
6.32600737 6.32262626 2.04260954 1.09245597
6.32614488 6.32245758 2.04285738 1.09246679
6.32628177 6.32229111 2.04310261 1.09247740
6.32641803 6.32212685 2.04334528 1.09248779
6.32655365 6.32196474 2.04358540 1.09249797
6.32668863 6.32180476 2.04382302 1.09250795
6.32682297 6.32164687 2.04405816 1.09251773
6.32695666 6.32149104 2.04429084 1.09252731
6.32708970 6.32133724 2.04452111 1.09253670
6.32722209 6.32118543 2.04474899 1.09254590
6.32735381 6.32103560 2.04497450 1.09255492
6.32748488 6.32088770 2.04519768 1.09256376
6.32761528 6.32074171 2.04541855 1.09257243
6.32774501 6.32059760 2.04563714 1.09258093
6.32787408 6.32045534 2.04585348 1.09258926
6.32800247 6.32031490 2.04606760 1.09259742
6.32813019 6.32017625 2.04627951 1.09260542
6.32825722 6.32003937 2.04648925 1.09261327
6.32838359 6.31990424 2.04669684 1.09262097
6.32850927 6.31977081 2.04690231 1.09262851
6.32863426 6.31963908 2.04710568 1.09263591
6.32875858 6.31950900 2.04730697 1.09264316
6.32888221 6.31938057 2.04750622 1.09265028
6.32900515 6.31925375 2.04770344 1.09265725
6.32912741 6.31912852 2.04789865 1.09266409
6.32924898 6.31900486 2.04809189 1.09267080
6.32936986 6.31888274 2.04828317 1.09267738
6.32949005 6.31876214 2.04847251 1.09268383
6.32960955 6.31864303 2.04865995 1.09269016
6.32972837 6.31852541 2.04884549 1.09269637
6.32984649 6.31840923 2.04902916 1.09270246
6.32996392 6.31829449 2.04921099 1.09270843
6.33008066 6.31818116 2.04939100 1.09271429
6.33019672 6.31806923 2.04956919 1.09272004
6.33031208 6.31795866 2.04974561 1.09272568
6.33042675 6.31784944 2.04992025 1.09273121
6.33054074 6.31774156 2.05009316 1.09273664
6.33065403 6.31763498 2.05026434 1.09274196
6.33076664 6.31752970 2.05043381 1.09274718
6.33087857 6.31742570 2.05060160 1.09275231
6.33098980 6.31732294 2.05076772 1.09275734
6.33110035 6.31722143 2.05093220 1.09276227
6.33121022 6.31712114 2.05109504 1.09276711
6.33131941 6.31702205 2.05125628 1.09277187
6.33142791 6.31692415 2.05141592 1.09277653
6.33153573 6.31682741 2.05157398 1.09278110
6.33164287 6.31673183 2.05173049 1.09278559
6.33174934 6.31663738 2.05188546 1.09279000
6.33185513 6.31654405 2.05203890 1.09279432
6.33196025 6.31645183 2.05219083 1.09279857
6.33206469 6.31636069 2.05234128 1.09280273
6.33216846 6.31627063 2.05249025 1.09280682
6.33227156 6.31618162 2.05263777 1.09281083
6.33237399 6.31609366 2.05278384 1.09281477
6.33247576 6.31600673 2.05292849 1.09281864
6.33257687 6.31592081 2.05307173 1.09282243
6.33267731 6.31583589 2.05321357 1.09282616
6.33277709 6.31575196 2.05335404 1.09282981
6.33287622 6.31566900 2.05349314 1.09283340
6.33297469 6.31558701 2.05363089 1.09283693
6.33307250 6.31550595 2.05376731 1.09284038
6.33316967 6.31542583 2.05390241 1.09284378
6.33326618 6.31534663 2.05403620 1.09284711
6.33336205 6.31526834 2.05416870 1.09285039
6.33345728 6.31519095 2.05429992 1.09285360
6.33355186 6.31511443 2.05442988 1.09285675
6.33364580 6.31503879 2.05455859 1.09285985
6.33373911 6.31496401 2.05468606 1.09286289
6.33383178 6.31489008 2.05481231 1.09286588
6.33392382 6.31481698 2.05493735 1.09286881
6.33401523 6.31474471 2.05506119 1.09287169
6.33410602 6.31467325 2.05518384 1.09287451
6.33419618 6.31460259 2.05530532 1.09287729
6.33428572 6.31453273 2.05542565 1.09288001
6.33437464 6.31446365 2.05554482 1.09288269
6.33446294 6.31439534 2.05566286 1.09288532
6.33455064 6.31432780 2.05577978 1.09288790
6.33463772 6.31426100 2.05589559 1.09289043
6.33472419 6.31419494 2.05601029 1.09289292
6.33481006 6.31412962 2.05612391 1.09289536
6.33489533 6.31406502 2.05623646 1.09289776
6.33497999 6.31400113 2.05634793 1.09290012
6.33506406 6.31393795 2.05645836 1.09290244
6.33514754 6.31387546 2.05656774 1.09290471
6.33523043 6.31381365 2.05667609 1.09290694
6.33531273 6.31375252 2.05678341 1.09290914
6.33539445 6.31369206 2.05688973 1.09291129
6.33547558 6.31363225 2.05699505 1.09291341
6.33555613 6.31357310 2.05709937 1.09291548
6.33563611 6.31351459 2.05720272 1.09291752
6.33571552 6.31345671 2.05730510 1.09291953
6.33579436 6.31339946 2.05740652 1.09292150
6.33587263 6.31334282 2.05750699 1.09292343
6.33595033 6.31328680 2.05760652 1.09292533
6.33602748 6.31323137 2.05770512 1.09292720
6.33610407 6.31317655 2.05780280 1.09292903
6.33618010 6.31312230 2.05789957 1.09293083
6.33625558 6.31306864 2.05799544 1.09293260
6.33633052 6.31301555 2.05809041 1.09293434
6.33640490 6.31296302 2.05818451 1.09293605
6.33647875 6.31291106 2.05827773 1.09293772
6.33655205 6.31285964 2.05837008 1.09293937
6.33662482 6.31280877 2.05846158 1.09294099
6.33669706 6.31275843 2.05855223 1.09294258
6.33676877 6.31270862 2.05864204 1.09294414
6.33683994 6.31265934 2.05873102 1.09294567
6.33691060 6.31261058 2.05881917 1.09294718
6.33698073 6.31256233 2.05890652 1.09294866
6.33705035 6.31251458 2.05899306 1.09295012
6.33711945 6.31246733 2.05907880 1.09295155
6.33718804 6.31242057 2.05916375 1.09295295
6.33725612 6.31237430 2.05924792 1.09295433
6.33732370 6.31232851 2.05933132 1.09295569
6.33739077 6.31228319 2.05941395 1.09295702
6.33745734 6.31223835 2.05949582 1.09295833
6.33752342 6.31219396 2.05957694 1.09295961
6.33758900 6.31215004 2.05965732 1.09296088
6.33765409 6.31210656 2.05973696 1.09296212
6.33771870 6.31206354 2.05981588 1.09296334
6.33778282 6.31202095 2.05989407 1.09296454
6.33784646 6.31197880 2.05997155 1.09296572
6.33790962 6.31193708 2.06004832 1.09296687
6.33797230 6.31189579 2.06012440 1.09296801
6.33803452 6.31185492 2.06019978 1.09296913
6.33809626 6.31181446 2.06027447 1.09297023
6.33815754 6.31177442 2.06034849 1.09297131
6.33821835 6.31173478 2.06042183 1.09297237
6.33827871 6.31169554 2.06049450 1.09297341
6.33833860 6.31165670 2.06056652 1.09297443
6.33839805 6.31161825 2.06063788 1.09297544
6.33845704 6.31158018 2.06070860 1.09297643
6.33851558 6.31154250 2.06077868 1.09297740
6.33857368 6.31150520 2.06084812 1.09297835
6.33863133 6.31146827 2.06091694 1.09297929
6.33868855 6.31143171 2.06098513 1.09298021
6.33874532 6.31139552 2.06105271 1.09298112
6.33880167 6.31135968 2.06111968 1.09298201
6.33885758 6.31132421 2.06118604 1.09298288
6.33891307 6.31128908 2.06125181 1.09298374
6.33896813 6.31125431 2.06131698 1.09298459
6.33902276 6.31121988 2.06138157 1.09298542
6.33907698 6.31118579 2.06144558 1.09298624
6.33913078 6.31115204 2.06150902 1.09298704
6.33918417 6.31111862 2.06157188 1.09298783
6.33923715 6.31108552 2.06163418 1.09298860
6.33928971 6.31105276 2.06169592 1.09298936
6.33934188 6.31102032 2.06175711 1.09299011
6.33939364 6.31098819 2.06181775 1.09299085
6.33944500 6.31095638 2.06187785 1.09299157
6.33949596 6.31092488 2.06193741 1.09299228
6.33954653 6.31089369 2.06199644 1.09299298
6.33959670 6.31086280 2.06205494 1.09299367
6.33964649 6.31083221 2.06211292 1.09299434
6.33969589 6.31080192 2.06217039 1.09299500
6.33974491 6.31077193 2.06222734 1.09299566
6.33979355 6.31074222 2.06228378 1.09299630
6.33984181 6.31071281 2.06233972 1.09299693
6.33988969 6.31068367 2.06239517 1.09299754
6.33993720 6.31065482 2.06245012 1.09299815
6.33998434 6.31062625 2.06250458 1.09299875
6.34003111 6.31059795 2.06255856 1.09299934
6.34007752 6.31056992 2.06261206 1.09299992
6.34012357 6.31054217 2.06266509 1.09300048
6.34016925 6.31051468 2.06271764 1.09300104
6.34021458 6.31048745 2.06276973 1.09300159
6.34025955 6.31046048 2.06282136 1.09300213
6.34030418 6.31043377 2.06287253 1.09300266
6.34034845 6.31040732 2.06292325 1.09300318
6.34039237 6.31038112 2.06297353 1.09300369
6.34043595 6.31035517 2.06302335 1.09300420
6.34047919 6.31032946 2.06307274 1.09300469
6.34052209 6.31030400 2.06312169 1.09300518
6.34056465 6.31027878 2.06317022 1.09300566
6.34060687 6.31025379 2.06321831 1.09300613
6.34064877 6.31022905 2.06326598 1.09300659
6.34069033 6.31020454 2.06331323 1.09300704
6.34073157 6.31018026 2.06336006 1.09300749
6.34077248 6.31015621 2.06340649 1.09300793
6.34081307 6.31013238 2.06345250 1.09300836
6.34085333 6.31010878 2.06349811 1.09300878
6.34089328 6.31008540 2.06354332 1.09300920
6.34093292 6.31006224 2.06358813 1.09300961
6.34097224 6.31003930 2.06363255 1.09301001
6.34101125 6.31001657 2.06367658 1.09301041
6.34104995 6.30999405 2.06372023 1.09301080
6.34108834 6.30997175 2.06376349 1.09301118
6.34112643 6.30994965 2.06380637 1.09301156
6.34116422 6.30992776 2.06384888 1.09301193
6.34120171 6.30990607 2.06389102 1.09301229
6.34123890 6.30988458 2.06393279 1.09301265
6.34127580 6.30986330 2.06397419 1.09301300
6.34131240 6.30984221 2.06401523 1.09301334
6.34134871 6.30982131 2.06405592 1.09301368
6.34138474 6.30980061 2.06409625 1.09301402
6.34142047 6.30978010 2.06413622 1.09301435
6.34145593 6.30975978 2.06417585 1.09301467
6.34149110 6.30973965 2.06421514 1.09301499
6.34152599 6.30971971 2.06425408 1.09301530
6.34156060 6.30969994 2.06429268 1.09301560
6.34159493 6.30968036 2.06433095 1.09301591
6.34162900 6.30966096 2.06436888 1.09301620
6.34166279 6.30964174 2.06440649 1.09301649
6.34169631 6.30962269 2.06444376 1.09301678
6.34172956 6.30960382 2.06448072 1.09301706
6.34176255 6.30958512 2.06451735 1.09301734
6.34179527 6.30956659 2.06455367 1.09301761
6.34182773 6.30954823 2.06458967 1.09301788
6.34185994 6.30953004 2.06462536 1.09301814
6.34189188 6.30951202 2.06466073 1.09301840
6.34192357 6.30949416 2.06469581 1.09301865
6.34195501 6.30947646 2.06473057 1.09301890
6.34198619 6.30945892 2.06476504 1.09301915
6.34201712 6.30944154 2.06479921 1.09301939
6.34204781 6.30942432 2.06483309 1.09301963
6.34207825 6.30940726 2.06486667 1.09301986
6.34210844 6.30939035 2.06489996 1.09302009
6.34213840 6.30937359 2.06493296 1.09302032
6.34216811 6.30935699 2.06496568 1.09302054
6.34219758 6.30934054 2.06499811 1.09302076
6.34222682 6.30932423 2.06503027 1.09302097
6.34225582 6.30930807 2.06506215 1.09302118
6.34228459 6.30929206 2.06509375 1.09302139
6.34231313 6.30927619 2.06512508 1.09302159
6.34234144 6.30926046 2.06515615 1.09302179
6.34236952 6.30924488 2.06518694 1.09302199
6.34239738 6.30922944 2.06521747 1.09302219
6.34242501 6.30921413 2.06524773 1.09302238
6.34245241 6.30919896 2.06527774 1.09302256
6.34247960 6.30918393 2.06530749 1.09302275
6.34250657 6.30916903 2.06533698 1.09302293
6.34253332 6.30915427 2.06536622 1.09302311
6.34255985 6.30913964 2.06539520 1.09302328
6.34258617 6.30912514 2.06542394 1.09302345
6.34261228 6.30911076 2.06545243 1.09302362
6.34263818 6.30909652 2.06548068 1.09302379
6.34266387 6.30908240 2.06550868 1.09302395
6.34268935 6.30906841 2.06553645 1.09302411
6.34271463 6.30905455 2.06556398 1.09302427
6.34273970 6.30904080 2.06559127 1.09302443
6.34276457 6.30902718 2.06561832 1.09302458
6.34278923 6.30901368 2.06564515 1.09302473
6.34281370 6.30900031 2.06567174 1.09302488
6.34283797 6.30898704 2.06569811 1.09302503
6.34286205 6.30897390 2.06572425 1.09302517
6.34288593 6.30896087 2.06575017 1.09302531
6.34290961 6.30894796 2.06577586 1.09302545
6.34293311 6.30893517 2.06580134 1.09302558
6.34295641 6.30892248 2.06582660 1.09302572
6.34297952 6.30890991 2.06585164 1.09302585
6.34300245 6.30889745 2.06587647 1.09302598
6.34302519 6.30888510 2.06590109 1.09302610
6.34304775 6.30887286 2.06592550 1.09302623
6.34307013 6.30886072 2.06594969 1.09302635
6.34309232 6.30884870 2.06597369 1.09302647
6.34311433 6.30883678 2.06599747 1.09302659
6.34313617 6.30882496 2.06602106 1.09302671
6.34315783 6.30881325 2.06604444 1.09302682
6.34317931 6.30880164 2.06606763 1.09302694
6.34320062 6.30879013 2.06609061 1.09302705
6.34322175 6.30877872 2.06611340 1.09302716
6.34324271 6.30876742 2.06613600 1.09302726
6.34326351 6.30875621 2.06615841 1.09302737
6.34328413 6.30874510 2.06618062 1.09302747
6.34330459 6.30873409 2.06620264 1.09302757
6.34332488 6.30872318 2.06622448 1.09302768
6.34334500 6.30871236 2.06624613 1.09302777
6.34336496 6.30870163 2.06626760 1.09302787
6.34338476 6.30869100 2.06628889 1.09302797
6.34340440 6.30868046 2.06630999 1.09302806
6.34342388 6.30867001 2.06633091 1.09302815
6.34344320 6.30865966 2.06635166 1.09302824
6.34346236 6.30864939 2.06637223 1.09302833
6.34348137 6.30863922 2.06639263 1.09302842
6.34350022 6.30862913 2.06641285 1.09302851
6.34351892 6.30861913 2.06643290 1.09302859
6.34353746 6.30860922 2.06645279 1.09302867
6.34355586 6.30859939 2.06647250 1.09302876
6.34357410 6.30858965 2.06649204 1.09302884
6.34359220 6.30858000 2.06651142 1.09302892
6.34361015 6.30857042 2.06653064 1.09302899
6.34362795 6.30856093 2.06654969 1.09302907
6.34364561 6.30855153 2.06656858 1.09302915
6.34366312 6.30854220 2.06658732 1.09302922
6.34368049 6.30853296 2.06660589 1.09302929
6.34369772 6.30852379 2.06662430 1.09302937
6.34371481 6.30851471 2.06664256 1.09302944
6.34373176 6.30850570 2.06666067 1.09302950
6.34374857 6.30849677 2.06667862 1.09302957
6.34376524 6.30848792 2.06669642 1.09302964
6.34378178 6.30847915 2.06671407 1.09302971
6.34379818 6.30847045 2.06673157 1.09302977
6.34381445 6.30846182 2.06674892 1.09302983
6.34383059 6.30845327 2.06676613 1.09302990
6.34384659 6.30844480 2.06678319 1.09302996
6.34386247 6.30843640 2.06680011 1.09303002
6.34387821 6.30842806 2.06681688 1.09303008
6.34389383 6.30841981 2.06683351 1.09303014
6.34390931 6.30841162 2.06685000 1.09303020
6.34392467 6.30840350 2.06686636 1.09303025
6.34393991 6.30839546 2.06688257 1.09303031
6.34395502 6.30838748 2.06689865 1.09303036
6.34397001 6.30837957 2.06691459 1.09303042
6.34398487 6.30837173 2.06693040 1.09303047
6.34399962 6.30836395 2.06694607 1.09303052
6.34401424 6.30835625 2.06696161 1.09303057
6.34402874 6.30834860 2.06697702 1.09303062
6.34404313 6.30834103 2.06699230 1.09303067
6.34405740 6.30833352 2.06700746 1.09303072
6.34407155 6.30832607 2.06702248 1.09303077
6.34408558 6.30831869 2.06703738 1.09303082
6.34409950 6.30831137 2.06705215 1.09303086
6.34411331 6.30830412 2.06706680 1.09303091
6.34412700 6.30829692 2.06708132 1.09303095
6.34414058 6.30828979 2.06709573 1.09303100
6.34415405 6.30828272 2.06711001 1.09303104
6.34416741 6.30827571 2.06712417 1.09303108
6.34418066 6.30826876 2.06713821 1.09303113
6.34419380 6.30826186 2.06715213 1.09303117
6.34420683 6.30825503 2.06716594 1.09303121
6.34421976 6.30824826 2.06717963 1.09303125
6.34423258 6.30824154 2.06719320 1.09303129
6.34424530 6.30823488 2.06720667 1.09303133
6.34425791 6.30822828 2.06722001 1.09303136
6.34427042 6.30822173 2.06723325 1.09303140
6.34428282 6.30821524 2.06724637 1.09303144
6.34429513 6.30820881 2.06725939 1.09303147
6.34430733 6.30820243 2.06727229 1.09303151
6.34431943 6.30819610 2.06728509 1.09303154
6.34433144 6.30818983 2.06729778 1.09303158
6.34434334 6.30818361 2.06731036 1.09303161
6.34435515 6.30817744 2.06732284 1.09303164
6.34436686 6.30817133 2.06733521 1.09303168
6.34437848 6.30816527 2.06734748 1.09303171
6.34439000 6.30815926 2.06735965 1.09303174
6.34440142 6.30815330 2.06737171 1.09303177
6.34441276 6.30814739 2.06738367 1.09303180
6.34442399 6.30814154 2.06739553 1.09303183
6.34443514 6.30813573 2.06740730 1.09303186
6.34444620 6.30812997 2.06741896 1.09303189
6.34445716 6.30812426 2.06743053 1.09303192
6.34446804 6.30811860 2.06744199 1.09303195
6.34447882 6.30811299 2.06745337 1.09303198
6.34448952 6.30810742 2.06746464 1.09303200
6.34450013 6.30810190 2.06747583 1.09303203
6.34451065 6.30809643 2.06748692 1.09303206
6.34452108 6.30809101 2.06749791 1.09303208
6.34453143 6.30808563 2.06750882 1.09303211
6.34454170 6.30808029 2.06751963 1.09303213
6.34455188 6.30807500 2.06753035 1.09303216
6.34456198 6.30806976 2.06754099 1.09303218
6.34457199 6.30806456 2.06755153 1.09303220
6.34458192 6.30805941 2.06756198 1.09303223
6.34459177 6.30805429 2.06757235 1.09303225
6.34460154 6.30804923 2.06758263 1.09303227
6.34461123 6.30804420 2.06759283 1.09303229
6.34462084 6.30803922 2.06760294 1.09303232
6.34463037 6.30803428 2.06761296 1.09303234
6.34463982 6.30802938 2.06762290 1.09303236
6.34464920 6.30802452 2.06763276 1.09303238
6.34465850 6.30801970 2.06764254 1.09303240
6.34466772 6.30801493 2.06765223 1.09303242
6.34467686 6.30801019 2.06766184 1.09303244
6.34468593 6.30800549 2.06767138 1.09303246
6.34469493 6.30800084 2.06768083 1.09303248
6.34470385 6.30799622 2.06769020 1.09303250
6.34471270 6.30799164 2.06769950 1.09303252
6.34472148 6.30798710 2.06770872 1.09303253
6.34473018 6.30798260 2.06771786 1.09303255
6.34473881 6.30797814 2.06772692 1.09303257
6.34474737 6.30797371 2.06773591 1.09303259
6.34475586 6.30796933 2.06774482 1.09303260
6.34476428 6.30796497 2.06775366 1.09303262
6.34477264 6.30796066 2.06776243 1.09303264
6.34478092 6.30795638 2.06777112 1.09303265
6.34478913 6.30795214 2.06777974 1.09303267
6.34479728 6.30794793 2.06778829 1.09303269
6.34480536 6.30794376 2.06779676 1.09303270
6.34481337 6.30793962 2.06780517 1.09303272
6.34482132 6.30793552 2.06781350 1.09303273
6.34482920 6.30793146 2.06782177 1.09303275
6.34483702 6.30792742 2.06782996 1.09303276
6.34484478 6.30792343 2.06783809 1.09303277
6.34485247 6.30791946 2.06784615 1.09303279
6.34486009 6.30791553 2.06785415 1.09303280
6.34486766 6.30791163 2.06786207 1.09303281
6.34487516 6.30790776 2.06786993 1.09303283
6.34488260 6.30790393 2.06787773 1.09303284
6.34488998 6.30790013 2.06788546 1.09303285
6.34489729 6.30789636 2.06789312 1.09303287
6.34490455 6.30789262 2.06790073 1.09303288
6.34491175 6.30788892 2.06790826 1.09303289
6.34491889 6.30788524 2.06791574 1.09303290
6.34492597 6.30788160 2.06792315 1.09303291
6.34493299 6.30787798 2.06793050 1.09303293
6.34493995 6.30787440 2.06793779 1.09303294
6.34494686 6.30787085 2.06794502 1.09303295
6.34495371 6.30786732 2.06795219 1.09303296
6.34496050 6.30786383 2.06795930 1.09303297
6.34496724 6.30786036 2.06796635 1.09303298
6.34497392 6.30785693 2.06797334 1.09303299
6.34498055 6.30785352 2.06798027 1.09303300
6.34498712 6.30785014 2.06798715 1.09303301
