3.87502311 2.33391569 1.43728986 0.42169185
3.88155589 2.33677826 1.43580852 0.42702190
3.88814031 2.33967658 1.43430807 0.43244606
3.89477600 2.34261056 1.43278851 0.43796464
3.90146255 2.34558007 1.43124981 0.44357783
3.90819951 2.34858495 1.42969201 0.44928574
3.91498636 2.35162502 1.42811513 0.45508837
3.92182256 2.35470008 1.42651922 0.46098562
3.92870751 2.35780986 1.42490435 0.46697724
3.93564054 2.36095411 1.42327059 0.47306290
3.94262097 2.36413250 1.42161806 0.47924211
3.94964802 2.36734469 1.41994686 0.48551427
3.95672089 2.37059030 1.41825714 0.49187863
3.96383871 2.37386892 1.41654905 0.49833431
3.97100055 2.37718009 1.41482278 0.50488027
3.97820543 2.38052332 1.41307851 0.51151532
3.98545231 2.38389809 1.41131648 0.51823813
3.99274008 2.38730383 1.40953693 0.52504720
4.00006760 2.39073994 1.40774011 0.53194086
4.00743364 2.39420577 1.40592630 0.53891728
4.01483691 2.39770065 1.40409582 0.54597448
4.02227609 2.40122385 1.40224899 0.55311030
4.02974978 2.40477461 1.40038616 0.56032239
4.03725651 2.40835212 1.39850770 0.56760826
4.04479476 2.41195556 1.39661400 0.57496522
4.05236296 2.41558404 1.39470547 0.58239044
4.05995948 2.41923665 1.39278256 0.58988090
4.06758262 2.42291242 1.39084571 0.59743343
4.07523064 2.42661037 1.38889541 0.60504467
4.08290174 2.43032947 1.38693215 0.61271112
4.09059406 2.43406866 1.38495645 0.62042913
4.09830571 2.43782683 1.38296885 0.62819488
4.10603473 2.44160285 1.38096989 0.63600443
4.11377914 2.44539556 1.37896016 0.64385368
4.12153688 2.44920377 1.37694025 0.65173843
4.12930588 2.45302625 1.37491075 0.65965433
4.13708402 2.45686174 1.37287230 0.66759693
4.14486916 2.46070898 1.37082552 0.67556169
4.15265911 2.46456667 1.36877106 0.68354397
4.16045167 2.46843347 1.36670960 0.69153906
4.16824460 2.47230807 1.36464179 0.69954216
4.17603565 2.47618908 1.36256833 0.70754845
4.18382256 2.48007516 1.36048989 0.71555305
4.19160304 2.48396490 1.35840718 0.72355106
4.19937481 2.48785693 1.35632091 0.73153754
4.20713558 2.49174984 1.35423177 0.73950760
4.21488307 2.49564222 1.35214048 0.74745631
4.22261498 2.49953268 1.35004775 0.75537880
4.23032904 2.50341979 1.34795429 0.76327023
4.23802300 2.50730218 1.34586082 0.77112583
4.24569461 2.51117843 1.34376804 0.77894087
4.25334165 2.51504716 1.34167665 0.78671073
4.26096193 2.51890700 1.33958737 0.79443086
4.26855330 2.52275658 1.33750087 0.80209683
4.27611361 2.52659457 1.33541785 0.80970434
4.28364079 2.53041963 1.33333897 0.81724919
4.29113279 2.53423046 1.33126491 0.82472734
4.29858760 2.53802579 1.32919631 0.83213490
4.30600327 2.54180434 1.32713382 0.83946813
4.31337791 2.54556490 1.32507806 0.84672345
4.32070966 2.54930627 1.32302965 0.85389748
4.32799674 2.55302729 1.32098918 0.86098698
4.33523743 2.55672681 1.31895722 0.86798893
4.34243006 2.56040374 1.31693435 0.87490048
4.34957302 2.56405702 1.31492110 0.88171898
4.35666479 2.56768562 1.31291801 0.88844196
4.36370390 2.57128856 1.31092556 0.89506718
4.37068894 2.57486488 1.30894426 0.90159256
4.37761860 2.57841369 1.30697456 0.90801624
4.38449161 2.58193412 1.30501691 0.91433654
4.39130679 2.58542534 1.30307174 0.92055199
4.39806303 2.58888657 1.30113944 0.92666132
4.40475928 2.59231707 1.29922040 0.93266341
4.41139457 2.59571615 1.29731498 0.93855736
4.41796800 2.59908315 1.29542352 0.94434245
4.42447875 2.60241746 1.29354633 0.95001812
4.43092606 2.60571852 1.29168372 0.95558399
4.43730924 2.60898579 1.28983597 0.96103985
4.44362766 2.61221879 1.28800332 0.96638562
4.44988078 2.61541707 1.28618601 0.97162141
4.45606810 2.61858023 1.28438427 0.97674746
4.46218920 2.62170792 1.28259828 0.98176414
4.46824372 2.62479979 1.28082822 0.98667196
4.47423136 2.62785557 1.27907426 0.99147156
4.48015189 2.63087500 1.27733654 0.99616369
4.48600511 2.63385787 1.27561517 1.00074920
4.49179089 2.63680401 1.27391027 1.00522906
4.49750917 2.63971327 1.27222193 1.00960432
4.50315993 2.64258553 1.27055021 1.01387614
4.50874318 2.64542073 1.26889519 1.01804573
4.51425900 2.64821880 1.26725690 1.02211440
4.51970752 2.65097975 1.26563537 1.02608352
4.52508889 2.65370356 1.26403062 1.02995450
4.53040332 2.65639029 1.26244265 1.03372885
4.53565106 2.65904000 1.26087146 1.03740809
4.54083239 2.66165278 1.25931702 1.04099379
4.54594762 2.66422873 1.25777931 1.04448756
4.55099711 2.66676800 1.25625827 1.04789106
4.55598122 2.66927074 1.25475386 1.05120594
4.56090039 2.67173713 1.25326602 1.05443390
4.56575503 2.67416737 1.25179468 1.05757665
4.57054563 2.67656167 1.25033975 1.06063591
4.57527265 2.67892026 1.24890115 1.06361341
4.57993663 2.68124340 1.24747878 1.06651089
4.58453807 2.68353134 1.24607255 1.06933007
4.58907754 2.68578437 1.24468235 1.07207270
4.59355560 2.68800276 1.24330806 1.07474050
4.59797284 2.69018684 1.24194957 1.07733520
4.60232984 2.69233690 1.24060676 1.07985850
4.60662723 2.69445328 1.23927948 1.08231210
4.61086561 2.69653630 1.23796762 1.08469768
4.61504563 2.69858631 1.23667104 1.08701692
4.61916792 2.70060365 1.23538960 1.08927145
4.62323314 2.70258869 1.23412315 1.09146290
4.62724193 2.70454179 1.23287154 1.09359288
4.63119497 2.70646330 1.23163465 1.09566296
4.63509291 2.70835362 1.23041230 1.09767471
4.63893642 2.71021312 1.22920436 1.09962964
4.64272619 2.71204217 1.22801066 1.10152926
4.64646289 2.71384116 1.22683105 1.10337506
4.65014718 2.71561049 1.22566539 1.10516848
4.65377976 2.71735053 1.22451350 1.10691093
4.65736130 2.71906169 1.22337524 1.10860382
4.66089246 2.72074435 1.22225045 1.11024850
4.66437394 2.72239890 1.22113896 1.11184631
4.66780641 2.72402574 1.22004063 1.11339855
4.67119052 2.72562527 1.21895528 1.11490651
4.67452696 2.72719787 1.21788278 1.11637142
4.67781639 2.72874394 1.21682295 1.11779450
4.68105946 2.73026386 1.21577564 1.11917694
4.68425684 2.73175803 1.21474070 1.12051989
4.68740917 2.73322684 1.21371797 1.12182450
4.69051710 2.73467067 1.21270730 1.12309186
4.69358128 2.73608990 1.21170853 1.12432304
4.69660233 2.73748492 1.21072151 1.12551910
4.69958090 2.73885610 1.20974608 1.12668104
4.70251760 2.74020382 1.20878211 1.12780986
4.70541305 2.74152845 1.20782943 1.12890653
4.70826786 2.74283037 1.20688791 1.12997198
4.71108264 2.74410993 1.20595739 1.13100713
4.71385799 2.74536750 1.20503774 1.13201287
4.71659449 2.74660345 1.20412880 1.13299005
4.71929274 2.74781811 1.20323043 1.13393953
4.72195330 2.74901186 1.20234251 1.13486211
4.72457675 2.75018503 1.20146488 1.13575858
4.72716365 2.75133796 1.20059741 1.13662973
4.72971455 2.75247101 1.19973996 1.13747629
4.73223001 2.75358449 1.19889241 1.13829898
4.73471056 2.75467876 1.19805461 1.13909853
4.73715674 2.75575412 1.19722644 1.13987560
4.73956908 2.75681091 1.19640777 1.14063087
4.74194808 2.75784944 1.19559847 1.14136498
4.74429427 2.75887004 1.19479842 1.14207855
4.74660814 2.75987300 1.19400749 1.14277219
4.74889019 2.76085863 1.19322557 1.14344649
4.75114092 2.76182724 1.19245252 1.14410203
4.75336080 2.76277912 1.19168823 1.14473935
4.75555030 2.76371457 1.19093259 1.14535900
4.75770990 2.76463387 1.19018548 1.14596149
4.75984005 2.76553731 1.18944678 1.14654733
4.76194121 2.76642517 1.18871639 1.14711702
4.76401383 2.76729772 1.18799418 1.14767102
4.76605833 2.76815523 1.18728007 1.14820980
4.76807516 2.76899797 1.18657392 1.14873381
4.77006473 2.76982621 1.18587565 1.14924347
4.77202747 2.77064020 1.18518515 1.14973922
4.77396379 2.77144020 1.18450231 1.15022145
4.77587410 2.77222645 1.18382704 1.15069057
4.77775878 2.77299921 1.18315922 1.15114694
4.77961824 2.77375871 1.18249878 1.15159096
4.78145285 2.77450519 1.18184560 1.15202297
4.78326301 2.77523889 1.18119960 1.15244333
4.78504908 2.77596004 1.18056068 1.15285238
4.78681142 2.77666886 1.17992875 1.15325043
4.78855040 2.77736557 1.17930372 1.15363782
4.79026638 2.77805040 1.17868550 1.15401484
4.79195970 2.77872356 1.17807400 1.15438181
4.79363071 2.77938526 1.17746913 1.15473900
4.79527974 2.78003570 1.17687081 1.15508669
4.79690713 2.78067509 1.17627896 1.15542517
4.79851320 2.78130363 1.17569349 1.15575470
4.80009827 2.78192152 1.17511432 1.15607552
4.80166266 2.78252896 1.17454138 1.15638789
4.80320668 2.78312612 1.17397458 1.15669206
4.80473063 2.78371319 1.17341384 1.15698825
4.80623482 2.78429037 1.17285909 1.15727668
4.80771954 2.78485782 1.17231026 1.15755759
4.80918508 2.78541573 1.17176726 1.15783117
4.81063172 2.78596427 1.17123004 1.15809765
4.81205974 2.78650361 1.17069850 1.15835721
4.81346943 2.78703391 1.17017259 1.15861006
4.81486105 2.78755534 1.16965224 1.15885638
4.81623487 2.78806807 1.16913737 1.15909635
4.81759115 2.78857224 1.16862792 1.15933015
4.81893014 2.78906802 1.16812382 1.15955796
4.82025211 2.78955555 1.16762500 1.15977993
4.82155730 2.79003499 1.16713141 1.15999623
4.82284596 2.79050648 1.16664298 1.16020702
4.82411832 2.79097017 1.16615964 1.16041246
4.82537463 2.79142619 1.16568134 1.16061268
4.82661511 2.79187469 1.16520801 1.16080783
4.82784000 2.79231581 1.16473959 1.16099805
4.82904952 2.79274967 1.16427603 1.16118347
4.83024389 2.79317641 1.16381726 1.16136423
4.83142334 2.79359615 1.16336324 1.16154045
4.83258807 2.79400903 1.16291389 1.16171226
4.83373830 2.79441517 1.16246918 1.16187978
4.83487423 2.79481468 1.16202904 1.16204312
4.83599607 2.79520769 1.16159341 1.16220239
4.83710401 2.79559432 1.16116225 1.16235770
4.83819826 2.79597468 1.16073551 1.16250917
4.83927901 2.79634888 1.16031313 1.16265689
4.84034645 2.79671703 1.15989505 1.16280097
4.84140077 2.79707924 1.15948124 1.16294150
4.84244215 2.79743563 1.15907164 1.16307857
4.84347077 2.79778628 1.15866621 1.16321228
4.84448682 2.79813131 1.15826489 1.16334272
4.84549047 2.79847082 1.15786763 1.16346997
4.84648188 2.79880491 1.15747440 1.16359412
4.84746124 2.79913366 1.15708514 1.16371525
4.84842871 2.79945718 1.15669982 1.16383344
4.84938445 2.79977557 1.15631837 1.16394877
4.85032863 2.80008890 1.15594077 1.16406130
4.85126141 2.80039728 1.15556697 1.16417112
4.85218293 2.80070078 1.15519692 1.16427829
4.85309336 2.80099950 1.15483059 1.16438289
4.85399286 2.80129353 1.15446792 1.16448498
4.85488156 2.80158294 1.15410889 1.16458462
4.85575961 2.80186781 1.15375344 1.16468188
4.85662717 2.80214823 1.15340155 1.16477682
4.85748437 2.80242427 1.15305316 1.16486950
4.85833135 2.80269602 1.15270825 1.16495997
4.85916826 2.80296354 1.15236677 1.16504830
4.85999522 2.80322692 1.15202868 1.16513454
4.86081237 2.80348622 1.15169395 1.16521874
4.86161985 2.80374151 1.15136254 1.16530095
4.86241778 2.80399287 1.15103442 1.16538123
4.86320629 2.80424037 1.15070954 1.16545962
4.86398551 2.80448407 1.15038788 1.16553617
4.86475555 2.80472403 1.15006939 1.16561092
4.86551655 2.80496034 1.14975405 1.16568393
4.86626862 2.80519303 1.14944182 1.16575523
4.86701188 2.80542219 1.14913267 1.16582488
4.86774645 2.80564787 1.14882655 1.16589290
4.86847243 2.80587013 1.14852345 1.16595934
4.86918995 2.80608903 1.14822333 1.16602424
4.86989912 2.80630463 1.14792615 1.16608765
4.87060004 2.80651699 1.14763188 1.16614958
4.87129282 2.80672616 1.14734050 1.16621009
4.87197757 2.80693219 1.14705197 1.16626920
4.87265439 2.80713514 1.14676627 1.16632696
4.87332338 2.80733507 1.14648336 1.16638339
4.87398466 2.80753202 1.14620321 1.16643852
4.87463831 2.80772605 1.14592579 1.16649240
4.87528443 2.80791720 1.14565108 1.16654504
4.87592313 2.80810553 1.14537904 1.16659649
4.87655449 2.80829107 1.14510965 1.16664676
4.87717862 2.80847389 1.14484289 1.16669589
4.87779559 2.80865402 1.14457872 1.16674390
4.87840552 2.80883152 1.14431711 1.16679083
4.87900848 2.80900642 1.14405804 1.16683669
4.87960456 2.80917876 1.14380149 1.16688152
4.88019386 2.80934861 1.14354742 1.16692534
4.88077645 2.80951598 1.14329581 1.16696817
4.88135242 2.80968093 1.14304664 1.16701003
4.88192186 2.80984350 1.14279988 1.16705096
4.88248485 2.81000372 1.14255550 1.16709097
4.88304147 2.81016164 1.14231349 1.16713008
4.88359180 2.81031729 1.14207381 1.16716832
4.88413591 2.81047071 1.14183645 1.16720570
4.88467389 2.81062194 1.14160137 1.16724225
4.88520582 2.81077102 1.14136856 1.16727799
4.88573176 2.81091797 1.14113799 1.16731293
4.88625179 2.81106284 1.14090965 1.16734709
4.88676599 2.81120566 1.14068350 1.16738050
4.88727443 2.81134646 1.14045952 1.16741317
4.88777717 2.81148528 1.14023769 1.16744511
4.88827430 2.81162215 1.14001800 1.16747635
4.88876588 2.81175710 1.13980042 1.16750690
4.88925197 2.81189016 1.13958492 1.16753678
4.88973264 2.81202136 1.13937149 1.16756599
4.89020797 2.81215073 1.13916010 1.16759457
4.89067802 2.81227831 1.13895075 1.16762252
4.89114284 2.81240411 1.13874339 1.16764986
4.89160251 2.81252818 1.13853802 1.16767660
4.89205709 2.81265054 1.13833462 1.16770275
4.89250664 2.81277121 1.13813316 1.16772833
4.89295122 2.81289022 1.13793362 1.16775336
4.89339089 2.81300760 1.13773599 1.16777784
4.89382570 2.81312338 1.13754025 1.16780179
4.89425573 2.81323758 1.13734638 1.16782521
4.89468103 2.81335022 1.13715436 1.16784813
4.89510164 2.81346133 1.13696417 1.16787055
4.89551764 2.81357094 1.13677579 1.16789249
4.89592907 2.81367907 1.13658920 1.16791395
4.89633600 2.81378574 1.13640440 1.16793495
4.89673846 2.81389097 1.13622135 1.16795549
4.89713652 2.81399479 1.13604005 1.16797559
4.89753024 2.81409723 1.13586047 1.16799526
4.89791965 2.81419829 1.13568260 1.16801450
4.89830482 2.81429800 1.13550642 1.16803333
4.89868579 2.81439639 1.13533192 1.16805176
4.89906261 2.81449348 1.13515907 1.16806979
4.89943533 2.81458927 1.13498787 1.16808744
4.89980400 2.81468381 1.13481829 1.16810471
4.90016868 2.81477709 1.13465032 1.16812161
4.90052939 2.81486915 1.13448395 1.16813814
4.90088620 2.81496001 1.13431915 1.16815433
4.90123915 2.81504967 1.13415592 1.16817017
4.90158827 2.81513816 1.13399423 1.16818567
4.90193363 2.81522550 1.13383408 1.16820085
4.90227525 2.81531170 1.13367544 1.16821570
4.90261320 2.81539679 1.13351831 1.16823023
4.90294750 2.81548077 1.13336267 1.16824446
4.90327820 2.81556367 1.13320849 1.16825838
4.90360534 2.81564550 1.13305578 1.16827202
4.90392897 2.81572628 1.13290451 1.16828536
4.90424912 2.81580602 1.13275468 1.16829842
4.90456583 2.81588474 1.13260626 1.16831120
4.90487915 2.81596246 1.13245924 1.16832372
4.90518911 2.81603918 1.13231362 1.16833597
4.90549576 2.81611493 1.13216937 1.16834797
4.90579913 2.81618972 1.13202648 1.16835971
4.90609925 2.81626357 1.13188494 1.16837120
4.90639617 2.81633647 1.13174474 1.16838246
4.90668992 2.81640846 1.13160587 1.16839347
4.90698054 2.81647955 1.13146830 1.16840426
4.90726807 2.81654974 1.13133203 1.16841482
4.90755253 2.81661905 1.13119705 1.16842516
4.90783397 2.81668750 1.13106335 1.16843528
4.90811242 2.81675509 1.13093090 1.16844520
4.90838791 2.81682184 1.13079970 1.16845490
4.90866048 2.81688777 1.13066974 1.16846441
4.90893015 2.81695287 1.13054101 1.16847371
4.90919697 2.81701717 1.13041349 1.16848282
4.90946097 2.81708068 1.13028717 1.16849174
4.90972217 2.81714340 1.13016204 1.16850048
4.90998061 2.81720536 1.13003809 1.16850903
4.91023633 2.81726655 1.12991531 1.16851741
4.91048934 2.81732700 1.12979368 1.16852561
4.91073968 2.81738671 1.12967320 1.16853365
4.91098739 2.81744569 1.12955385 1.16854151
4.91123248 2.81750395 1.12943563 1.16854922
4.91147499 2.81756150 1.12931852 1.16855676
4.91171496 2.81761836 1.12920251 1.16856415
4.91195240 2.81767453 1.12908760 1.16857139
4.91218735 2.81773002 1.12897376 1.16857847
4.91241983 2.81778485 1.12886100 1.16858541
4.91264987 2.81783901 1.12874929 1.16859221
4.91287750 2.81789253 1.12863864 1.16859887
4.91310274 2.81794541 1.12852903 1.16860539
4.91332563 2.81799765 1.12842045 1.16861178
4.91354618 2.81804927 1.12831289 1.16861803
4.91376443 2.81810028 1.12820634 1.16862416
4.91398040 2.81815068 1.12810079 1.16863016
4.91419411 2.81820048 1.12799624 1.16863604
4.91440559 2.81824969 1.12789266 1.16864180
4.91461486 2.81829833 1.12779006 1.16864744
4.91482196 2.81834639 1.12768843 1.16865296
4.91502689 2.81839388 1.12758775 1.16865837
4.91522970 2.81844082 1.12748802 1.16866367
4.91543039 2.81848720 1.12738922 1.16866886
4.91562899 2.81853305 1.12729135 1.16867395
4.91582554 2.81857835 1.12719440 1.16867893
4.91602004 2.81862313 1.12709836 1.16868381
4.91621252 2.81866739 1.12700322 1.16868859
4.91640300 2.81871114 1.12690898 1.16869328
4.91659151 2.81875438 1.12681562 1.16869787
4.91677806 2.81879711 1.12672314 1.16870236
4.91696269 2.81883936 1.12663152 1.16870677
4.91714540 2.81888112 1.12654077 1.16871108
4.91732622 2.81892239 1.12645087 1.16871531
4.91750517 2.81896319 1.12636181 1.16871945
4.91768228 2.81900353 1.12627359 1.16872350
4.91785755 2.81904340 1.12618619 1.16872748
4.91803102 2.81908282 1.12609962 1.16873137
4.91820269 2.81912178 1.12601386 1.16873519
4.91837260 2.81916030 1.12592890 1.16873892
4.91854075 2.81919839 1.12584474 1.16874259
4.91870717 2.81923604 1.12576138 1.16874618
4.91887188 2.81927327 1.12567879 1.16874969
4.91903489 2.81931007 1.12559698 1.16875314
4.91919623 2.81934646 1.12551593 1.16875651
4.91935591 2.81938244 1.12543565 1.16875982
4.91951394 2.81941801 1.12535612 1.16876306
4.91967036 2.81945318 1.12527733 1.16876623
4.91982517 2.81948796 1.12519929 1.16876934
4.91997839 2.81952235 1.12512198 1.16877239
4.92013004 2.81955635 1.12504539 1.16877538
4.92028013 2.81958997 1.12496952 1.16877830
4.92042869 2.81962322 1.12489436 1.16878117
4.92057572 2.81965610 1.12481991 1.16878398
4.92072126 2.81968861 1.12474616 1.16878674
4.92086530 2.81972076 1.12467310 1.16878943
4.92100787 2.81975256 1.12460072 1.16879208
4.92114898 2.81978400 1.12452902 1.16879467
4.92128865 2.81981510 1.12445800 1.16879721
4.92142689 2.81984585 1.12438764 1.16879970
4.92156373 2.81987626 1.12431794 1.16880213
4.92169916 2.81990634 1.12424889 1.16880452
4.92183322 2.81993609 1.12418050 1.16880687
4.92196591 2.81996551 1.12411274 1.16880916
4.92209725 2.81999461 1.12404562 1.16881141
4.92222725 2.82002339 1.12397913 1.16881361
4.92235592 2.82005186 1.12391326 1.16881577
4.92248329 2.82008002 1.12384801 1.16881789
4.92260936 2.82010787 1.12378338 1.16881996
4.92273415 2.82013541 1.12371935 1.16882200
4.92285767 2.82016266 1.12365592 1.16882399
4.92297994 2.82018961 1.12359308 1.16882594
4.92310096 2.82021627 1.12353084 1.16882785
4.92322076 2.82024264 1.12346918 1.16882973
4.92333934 2.82026873 1.12340809 1.16883157
4.92345672 2.82029453 1.12334758 1.16883337
4.92357291 2.82032006 1.12328764 1.16883514
4.92368792 2.82034531 1.12322826 1.16883687
4.92380176 2.82037029 1.12316944 1.16883856
4.92391445 2.82039500 1.12311117 1.16884022
4.92402600 2.82041945 1.12305344 1.16884185
4.92413643 2.82044363 1.12299626 1.16884345
4.92424573 2.82046756 1.12293961 1.16884501
4.92435393 2.82049123 1.12288350 1.16884655
4.92446104 2.82051465 1.12282791 1.16884805
4.92456706 2.82053781 1.12277284 1.16884953
4.92467202 2.82056074 1.12271829 1.16885097
4.92477591 2.82058341 1.12266425 1.16885239
4.92487876 2.82060585 1.12261072 1.16885377
4.92498056 2.82062805 1.12255769 1.16885513
4.92508135 2.82065001 1.12250516 1.16885647
4.92518111 2.82067175 1.12245312 1.16885777
4.92527987 2.82069325 1.12240158 1.16885905
4.92537763 2.82071452 1.12235051 1.16886031
4.92547441 2.82073557 1.12229992 1.16886154
4.92557022 2.82075640 1.12224981 1.16886275
4.92566506 2.82077701 1.12220017 1.16886393
4.92575894 2.82079740 1.12215099 1.16886509
4.92585189 2.82081758 1.12210228 1.16886623
4.92594389 2.82083755 1.12205402 1.16886734
4.92603498 2.82085730 1.12200622 1.16886843
4.92612514 2.82087685 1.12195886 1.16886950
4.92621440 2.82089620 1.12191195 1.16887055
4.92630277 2.82091534 1.12186548 1.16887158
4.92639025 2.82093429 1.12181945 1.16887259
4.92647685 2.82095304 1.12177385 1.16887357
4.92656258 2.82097159 1.12172868 1.16887454
4.92664745 2.82098995 1.12168393 1.16887549
4.92673147 2.82100811 1.12163960 1.16887642
4.92681465 2.82102609 1.12159569 1.16887734
4.92689699 2.82104388 1.12155219 1.16887823
4.92697851 2.82106149 1.12150909 1.16887911
4.92705922 2.82107892 1.12146641 1.16887997
4.92713911 2.82109616 1.12142412 1.16888081
4.92721821 2.82111323 1.12138223 1.16888164
4.92729651 2.82113012 1.12134074 1.16888245
4.92737403 2.82114684 1.12129963 1.16888324
4.92745078 2.82116338 1.12125891 1.16888402
4.92752676 2.82117976 1.12121858 1.16888478
4.92760198 2.82119596 1.12117862 1.16888553
4.92767645 2.82121200 1.12113904 1.16888626
4.92775017 2.82122787 1.12109983 1.16888698
4.92782316 2.82124359 1.12106099 1.16888769
4.92789542 2.82125914 1.12102251 1.16888838
4.92796695 2.82127453 1.12098439 1.16888905
4.92803778 2.82128976 1.12094664 1.16888972
4.92810790 2.82130484 1.12090923 1.16889037
4.92817731 2.82131976 1.12087218 1.16889101
4.92824604 2.82133453 1.12083548 1.16889163
4.92831408 2.82134915 1.12079912 1.16889225
4.92838144 2.82136362 1.12076311 1.16889285
4.92844814 2.82137795 1.12072743 1.16889344
4.92851416 2.82139212 1.12069209 1.16889402
4.92857954 2.82140616 1.12065708 1.16889458
4.92864425 2.82142005 1.12062240 1.16889514
4.92870833 2.82143380 1.12058805 1.16889568
4.92877177 2.82144741 1.12055402 1.16889622
4.92883458 2.82146088 1.12052031 1.16889674
4.92889676 2.82147422 1.12048691 1.16889725
4.92895832 2.82148742 1.12045383 1.16889776
4.92901927 2.82150049 1.12042107 1.16889825
4.92907962 2.82151342 1.12038861 1.16889873
4.92913937 2.82152623 1.12035645 1.16889921
4.92919852 2.82153890 1.12032460 1.16889967
4.92925709 2.82155145 1.12029305 1.16890013
4.92931507 2.82156387 1.12026179 1.16890058
4.92937248 2.82157616 1.12023083 1.16890102
4.92942932 2.82158834 1.12020016 1.16890145
4.92948559 2.82160039 1.12016978 1.16890187
4.92954131 2.82161231 1.12013968 1.16890228
4.92959647 2.82162412 1.12010987 1.16890269
4.92965109 2.82163581 1.12008034 1.16890308
4.92970517 2.82164738 1.12005109 1.16890347
4.92975871 2.82165884 1.12002211 1.16890385
4.92981172 2.82167018 1.11999340 1.16890423
4.92986420 2.82168141 1.11996497 1.16890460
4.92991617 2.82169252 1.11993680 1.16890496
4.92996762 2.82170353 1.11990890 1.16890531
4.93001856 2.82171442 1.11988126 1.16890565
4.93006899 2.82172521 1.11985388 1.16890599
4.93011893 2.82173588 1.11982676 1.16890633
4.93016837 2.82174645 1.11979989 1.16890665
4.93021733 2.82175692 1.11977328 1.16890697
4.93026580 2.82176728 1.11974692 1.16890729
4.93031379 2.82177754 1.11972080 1.16890759
4.93036130 2.82178769 1.11969494 1.16890790
4.93040835 2.82179775 1.11966931 1.16890819
4.93045493 2.82180770 1.11964393 1.16890848
4.93050105 2.82181755 1.11961879 1.16890877
4.93054672 2.82182731 1.11959388 1.16890904
4.93059193 2.82183697 1.11956921 1.16890932
4.93063670 2.82184654 1.11954477 1.16890959
4.93068102 2.82185601 1.11952056 1.16890985
4.93072491 2.82186538 1.11949658 1.16891011
4.93076837 2.82187466 1.11947283 1.16891036
4.93081139 2.82188385 1.11944930 1.16891061
4.93085400 2.82189295 1.11942599 1.16891085
4.93089618 2.82190196 1.11940290 1.16891109
4.93093794 2.82191088 1.11938003 1.16891132
4.93097930 2.82191971 1.11935737 1.16891155
4.93102024 2.82192846 1.11933493 1.16891177
4.93106079 2.82193711 1.11931270 1.16891199
4.93110093 2.82194569 1.11929068 1.16891221
4.93114068 2.82195418 1.11926887 1.16891242
4.93118003 2.82196258 1.11924726 1.16891263
4.93121900 2.82197090 1.11922586 1.16891283
4.93125758 2.82197914 1.11920465 1.16891303
4.93129579 2.82198730 1.11918365 1.16891323
4.93133362 2.82199537 1.11916285 1.16891342
4.93137107 2.82200337 1.11914224 1.16891361
4.93140816 2.82201129 1.11912183 1.16891379
4.93144488 2.82201913 1.11910161 1.16891397
4.93148124 2.82202690 1.11908158 1.16891415
4.93151724 2.82203458 1.11906174 1.16891433
4.93155289 2.82204219 1.11904209 1.16891450
4.93158819 2.82204973 1.11902262 1.16891466
4.93162314 2.82205719 1.11900334 1.16891483
4.93165775 2.82206458 1.11898424 1.16891499
4.93169202 2.82207190 1.11896532 1.16891515
4.93172595 2.82207915 1.11894658 1.16891530
4.93175954 2.82208632 1.11892801 1.16891545
4.93179281 2.82209343 1.11890962 1.16891560
4.93182575 2.82210046 1.11889140 1.16891575
4.93185837 2.82210743 1.11887336 1.16891589
4.93189066 2.82211432 1.11885549 1.16891603
4.93192264 2.82212115 1.11883778 1.16891617
4.93195431 2.82212792 1.11882024 1.16891630
4.93198566 2.82213461 1.11880287 1.16891644
4.93201671 2.82214124 1.11878567 1.16891657
4.93204745 2.82214781 1.11876862 1.16891669
4.93207789 2.82215431 1.11875174 1.16891682
4.93210803 2.82216075 1.11873501 1.16891694
4.93213788 2.82216713 1.11871845 1.16891706
4.93216743 2.82217344 1.11870204 1.16891718
4.93219669 2.82217969 1.11868578 1.16891729
4.93222567 2.82218588 1.11866968 1.16891741
4.93225436 2.82219201 1.11865373 1.16891752
4.93228277 2.82219808 1.11863793 1.16891763
4.93231091 2.82220409 1.11862228 1.16891773
4.93233876 2.82221005 1.11860678 1.16891784
4.93236635 2.82221594 1.11859143 1.16891794
4.93239366 2.82222178 1.11857622 1.16891804
4.93242070 2.82222756 1.11856116 1.16891814
4.93244749 2.82223328 1.11854623 1.16891824
4.93247400 2.82223895 1.11853145 1.16891833
4.93250026 2.82224456 1.11851681 1.16891842
4.93252626 2.82225012 1.11850231 1.16891852
4.93255201 2.82225563 1.11848794 1.16891861
4.93257751 2.82226108 1.11847371 1.16891869
4.93260275 2.82226647 1.11845962 1.16891878
4.93262775 2.82227182 1.11844565 1.16891886
4.93265250 2.82227711 1.11843182 1.16891895
4.93267701 2.82228235 1.11841812 1.16891903
4.93270129 2.82228755 1.11840455 1.16891911
4.93272532 2.82229269 1.11839111 1.16891919
4.93274912 2.82229778 1.11837780 1.16891926
4.93277269 2.82230282 1.11836461 1.16891934
4.93279602 2.82230781 1.11835155 1.16891941
4.93281913 2.82231275 1.11833861 1.16891948
4.93284201 2.82231765 1.11832579 1.16891955
4.93286467 2.82232250 1.11831310 1.16891962
4.93288710 2.82232730 1.11830052 1.16891969
4.93290932 2.82233205 1.11828807 1.16891976
4.93293132 2.82233676 1.11827573 1.16891982
4.93295311 2.82234143 1.11826351 1.16891989
4.93297468 2.82234604 1.11825140 1.16891995
4.93299604 2.82235062 1.11823941 1.16892001
4.93301719 2.82235515 1.11822754 1.16892007
4.93303814 2.82235963 1.11821577 1.16892013
4.93305888 2.82236407 1.11820412 1.16892019
4.93307942 2.82236847 1.11819257 1.16892025
4.93309976 2.82237283 1.11818114 1.16892030
4.93311990 2.82237714 1.11816982 1.16892036
4.93313984 2.82238141 1.11815860 1.16892041
4.93315959 2.82238564 1.11814749 1.16892047
4.93317914 2.82238983 1.11813648 1.16892052
4.93319851 2.82239398 1.11812558 1.16892057
4.93321769 2.82239809 1.11811478 1.16892062
4.93323667 2.82240216 1.11810408 1.16892067
4.93325548 2.82240619 1.11809349 1.16892072
4.93327410 2.82241018 1.11808300 1.16892076
4.93329254 2.82241413 1.11807260 1.16892081
4.93331079 2.82241805 1.11806230 1.16892085
4.93332887 2.82242193 1.11805211 1.16892090
4.93334678 2.82242576 1.11804200 1.16892094
4.93336451 2.82242957 1.11803200 1.16892098
4.93338206 2.82243333 1.11802209 1.16892103
4.93339945 2.82243706 1.11801227 1.16892107
4.93341667 2.82244075 1.11800255 1.16892111
4.93343371 2.82244441 1.11799291 1.16892115
4.93345060 2.82244803 1.11798337 1.16892119
4.93346731 2.82245162 1.11797392 1.16892122
4.93348387 2.82245517 1.11796456 1.16892126
4.93350026 2.82245869 1.11795529 1.16892130
4.93351649 2.82246218 1.11794611 1.16892133
4.93353257 2.82246563 1.11793701 1.16892137
4.93354849 2.82246904 1.11792800 1.16892140
4.93356425 2.82247243 1.11791908 1.16892144
4.93357986 2.82247578 1.11791024 1.16892147
4.93359532 2.82247910 1.11790148 1.16892150
4.93361063 2.82248239 1.11789281 1.16892153
4.93362579 2.82248564 1.11788422 1.16892157
4.93364080 2.82248887 1.11787571 1.16892160
4.93365566 2.82249206 1.11786728 1.16892163
4.93367038 2.82249522 1.11785893 1.16892166
4.93368496 2.82249836 1.11785066 1.16892169
4.93369939 2.82250146 1.11784247 1.16892171
4.93371369 2.82250453 1.11783436 1.16892174
4.93372784 2.82250757 1.11782633 1.16892177
4.93374186 2.82251059 1.11781837 1.16892180
4.93375574 2.82251357 1.11781048 1.16892182
4.93376948 2.82251653 1.11780267 1.16892185
4.93378310 2.82251945 1.11779494 1.16892187
4.93379658 2.82252235 1.11778728 1.16892190
4.93380992 2.82252522 1.11777969 1.16892192
4.93382314 2.82252807 1.11777217 1.16892195
4.93383623 2.82253088 1.11776473 1.16892197
4.93384920 2.82253367 1.11775736 1.16892199
4.93386203 2.82253643 1.11775005 1.16892201
4.93387474 2.82253917 1.11774282 1.16892204
4.93388733 2.82254188 1.11773565 1.16892206
4.93389980 2.82254456 1.11772855 1.16892208
4.93391214 2.82254722 1.11772152 1.16892210
4.93392437 2.82254985 1.11771456 1.16892212
4.93393647 2.82255246 1.11770766 1.16892214
4.93394846 2.82255504 1.11770083 1.16892216
4.93396033 2.82255759 1.11769406 1.16892218
4.93397209 2.82256013 1.11768736 1.16892220
4.93398373 2.82256263 1.11768072 1.16892222
4.93399526 2.82256512 1.11767415 1.16892223
4.93400668 2.82256758 1.11766763 1.16892225
4.93401798 2.82257001 1.11766118 1.16892227
4.93402918 2.82257243 1.11765479 1.16892229
4.93404027 2.82257482 1.11764846 1.16892230
4.93405125 2.82257718 1.11764220 1.16892232
4.93406212 2.82257953 1.11763599 1.16892234
4.93407289 2.82258185 1.11762984 1.16892235
4.93408355 2.82258415 1.11762374 1.16892237
4.93409411 2.82258642 1.11761771 1.16892238
4.93410456 2.82258868 1.11761173 1.16892240
4.93411492 2.82259091 1.11760582 1.16892241
4.93412517 2.82259312 1.11759995 1.16892243
4.93413533 2.82259531 1.11759414 1.16892244
4.93414538 2.82259748 1.11758839 1.16892245
4.93415534 2.82259963 1.11758270 1.16892247
4.93416521 2.82260176 1.11757705 1.16892248
4.93417497 2.82260387 1.11757146 1.16892249
4.93418464 2.82260596 1.11756593 1.16892251
4.93419422 2.82260802 1.11756044 1.16892252
4.93420370 2.82261007 1.11755501 1.16892253
4.93421310 2.82261210 1.11754963 1.16892254
4.93422240 2.82261411 1.11754430 1.16892256
4.93423161 2.82261610 1.11753903 1.16892257
4.93424073 2.82261807 1.11753380 1.16892258
4.93424976 2.82262002 1.11752862 1.16892259
4.93425871 2.82262195 1.11752349 1.16892260
4.93426757 2.82262386 1.11751841 1.16892261
4.93427634 2.82262576 1.11751338 1.16892262
4.93428503 2.82262764 1.11750840 1.16892263
4.93429363 2.82262950 1.11750346 1.16892264
