0.85069149 1.08415074 5.53822120 0.56442031
0.85616549 1.08828829 5.53029204 0.57546239
0.86167938 1.09246990 5.52229667 0.58668970
0.86723178 1.09669525 5.51423675 0.59809919
0.87282122 1.10096395 5.50611412 0.60968729
0.87844609 1.10527554 5.49793075 0.62144983
0.88410468 1.10962951 5.48968880 0.63338213
0.88979518 1.11402527 5.48139057 0.64547887
0.89551564 1.11846218 5.47303854 0.65773416
0.90126400 1.12293951 5.46463535 0.67014150
0.90703808 1.12745648 5.45618380 0.68269379
0.91283561 1.13201224 5.44768685 0.69538331
0.91865418 1.13660585 5.43914765 0.70820172
0.92449127 1.14123632 5.43056949 0.72114010
0.93034427 1.14590259 5.42195583 0.73418893
0.93621044 1.15060352 5.41331027 0.74733814
0.94208696 1.15533793 5.40463656 0.76057708
0.94797091 1.16010454 5.39593862 0.77389460
0.95385927 1.16490204 5.38722048 0.78727906
0.95974895 1.16972904 5.37848631 0.80071835
0.96563677 1.17458409 5.36974038 0.81419998
0.97151948 1.17946571 5.36098711 0.82771106
0.97739379 1.18437234 5.35223097 0.84123843
0.98325634 1.18930241 5.34347655 0.85476864
0.98910373 1.19425426 5.33472849 0.86828806
0.99493253 1.19922625 5.32599152 0.88178291
1.00073928 1.20421666 5.31727040 0.89523935
1.00652054 1.20922378 5.30856990 0.90864353
1.01227283 1.21424585 5.29989484 0.92198167
1.01799270 1.21928111 5.29125003 0.93524011
1.02367673 1.22432780 5.28264026 0.94840539
1.02932152 1.22938414 5.27407030 0.96146432
1.03492371 1.23444836 5.26554487 0.97440403
1.04048002 1.23951869 5.25706862 0.98721207
1.04598721 1.24459340 5.24864613 0.99987640
1.05144214 1.24967076 5.24028190 1.01238553
1.05684174 1.25474905 5.23198031 1.02472850
1.06218304 1.25982663 5.22374564 1.03689497
1.06746318 1.26490184 5.21558201 1.04887524
1.07267941 1.26997311 5.20749342 1.06066031
1.07782909 1.27503888 5.19948372 1.07224187
1.08290973 1.28009766 5.19155657 1.08361235
1.08791896 1.28514802 5.18371549 1.09476496
1.09285454 1.29018856 5.17596378 1.10569364
1.09771438 1.29521796 5.16830460 1.11639313
1.10249654 1.30023496 5.16074087 1.12685893
1.10719922 1.30523837 5.15327535 1.13708729
1.11182077 1.31022706 5.14591058 1.14707525
1.11635970 1.31519996 5.13864890 1.15682054
1.12081466 1.32015608 5.13149244 1.16632166
1.12518446 1.32509451 5.12444314 1.17557775
1.12946804 1.33001438 5.11750274 1.18458867
1.13366450 1.33491491 5.11067276 1.19335486
1.13777309 1.33979538 5.10395453 1.20187740
1.14179318 1.34465516 5.09734919 1.21015792
1.14572431 1.34949365 5.09085768 1.21819857
1.14956611 1.35431033 5.08448077 1.22600200
1.15331837 1.35910476 5.07821904 1.23357132
1.15698100 1.36387654 5.07207290 1.24091001
1.16055402 1.36862534 5.06604257 1.24802197
1.16403756 1.37335087 5.06012816 1.25491141
1.16743186 1.37805293 5.05432957 1.26158284
1.17073729 1.38273133 5.04864659 1.26804101
1.17395426 1.38738595 5.04307886 1.27429092
1.17708333 1.39201672 5.03762589 1.28033774
1.18012510 1.39662361 5.03228706 1.28618680
1.18308027 1.40120664 5.02706165 1.29184357
1.18594961 1.40576584 5.02194882 1.29731357
1.18873396 1.41030130 5.01694763 1.30260244
1.19143422 1.41481314 5.01205704 1.30771584
1.19405135 1.41930152 5.00727594 1.31265943
1.19658635 1.42376660 5.00260314 1.31743890
1.19904029 1.42820859 4.99803735 1.32205990
1.20141426 1.43262771 4.99357725 1.32652803
1.20370940 1.43702421 4.98922145 1.33084886
1.20592687 1.44139836 4.98496848 1.33502787
1.20806789 1.44575044 4.98081686 1.33907045
1.21013367 1.45008074 4.97676506 1.34298191
1.21212546 1.45438957 4.97281149 1.34676744
1.21404452 1.45867725 4.96895455 1.35043214
1.21589213 1.46294411 4.96519260 1.35398096
1.21766959 1.46719047 4.96152400 1.35741874
1.21937819 1.47141669 4.95794706 1.36075019
1.22101924 1.47562310 4.95446011 1.36397988
1.22259405 1.47981006 4.95106144 1.36711223
1.22410392 1.48397790 4.94774935 1.37015154
1.22555017 1.48812698 4.94452213 1.37310196
1.22693410 1.49225764 4.94137806 1.37596750
1.22825701 1.49637023 4.93831545 1.37875202
1.22952019 1.50046509 4.93533258 1.38145925
1.23072494 1.50454256 4.93242776 1.38409276
1.23187253 1.50860297 4.92959930 1.38665602
1.23296422 1.51264665 4.92684552 1.38915232
1.23400127 1.51667391 4.92416476 1.39158483
1.23498492 1.52068508 4.92155536 1.39395662
1.23591640 1.52468047 4.91901570 1.39627057
1.23679691 1.52866036 4.91654414 1.39852949
1.23762766 1.53262506 4.91413910 1.40073604
1.23840982 1.53657485 4.91179899 1.40289276
1.23914457 1.54050999 4.90952224 1.40500208
1.23983305 1.54443076 4.90730732 1.40706631
1.24047638 1.54833741 4.90515272 1.40908767
1.24107568 1.55223018 4.90305692 1.41106825
1.24163205 1.55610932 4.90101846 1.41301005
1.24214656 1.55997504 4.89903589 1.41491496
1.24262028 1.56382757 4.89710778 1.41678481
1.24305423 1.56766710 4.89523273 1.41862129
1.24344944 1.57149384 4.89340936 1.42042603
1.24380692 1.57530797 4.89163631 1.42220057
1.24412765 1.57910967 4.88991226 1.42394637
1.24441259 1.58289909 4.88823589 1.42566481
1.24466269 1.58667640 4.88660594 1.42735719
1.24487889 1.59044175 4.88502113 1.42902474
1.24506209 1.59419526 4.88348025 1.43066863
1.24521318 1.59793706 4.88198207 1.43228997
1.24533304 1.60166726 4.88052543 1.43388977
1.24542254 1.60538599 4.87910916 1.43546902
1.24548250 1.60909332 4.87773212 1.43702863
1.24551375 1.61278935 4.87639320 1.43856948
1.24551710 1.61647416 4.87509132 1.44009235
1.24549334 1.62014782 4.87382541 1.44159803
1.24544324 1.62381039 4.87259443 1.44308721
1.24536756 1.62746192 4.87139736 1.44456057
1.24526703 1.63110246 4.87023320 1.44601873
1.24514239 1.63473205 4.86910099 1.44746228
1.24499433 1.63835070 4.86799976 1.44889175
1.24482357 1.64195846 4.86692860 1.45030766
1.24463076 1.64555532 4.86588658 1.45171048
1.24441658 1.64914130 4.86487283 1.45310065
1.24418168 1.65271639 4.86388648 1.45447857
1.24392670 1.65628060 4.86292668 1.45584463
1.24365224 1.65983390 4.86199260 1.45719917
1.24335893 1.66337628 4.86108344 1.45854251
1.24304735 1.66690772 4.86019840 1.45987496
1.24271809 1.67042818 4.85933674 1.46119679
1.24237172 1.67393763 4.85849768 1.46250825
1.24200879 1.67743602 4.85768051 1.46380956
1.24162984 1.68092332 4.85688451 1.46510095
1.24123540 1.68439947 4.85610899 1.46638260
1.24082599 1.68786442 4.85535327 1.46765468
1.24040213 1.69131810 4.85461669 1.46891736
1.23996430 1.69476045 4.85389860 1.47017077
1.23951300 1.69819141 4.85319839 1.47141504
1.23904868 1.70161091 4.85251544 1.47265030
1.23857182 1.70501887 4.85184916 1.47387663
1.23808287 1.70841521 4.85119896 1.47509412
1.23758227 1.71179986 4.85056430 1.47630287
1.23707045 1.71517274 4.84994461 1.47750292
1.23654784 1.71853375 4.84933937 1.47869436
1.23601483 1.72188281 4.84874806 1.47987721
1.23547185 1.72521984 4.84817017 1.48105153
1.23491927 1.72854474 4.84760522 1.48221736
1.23435749 1.73185741 4.84705272 1.48337471
1.23378688 1.73515778 4.84651222 1.48452361
1.23320780 1.73844573 4.84598326 1.48566407
1.23262061 1.74172118 4.84546542 1.48679612
1.23202566 1.74498402 4.84495825 1.48791975
1.23142329 1.74823417 4.84446135 1.48903496
1.23081383 1.75147151 4.84397433 1.49014176
1.23019762 1.75469596 4.84349679 1.49124013
1.22957495 1.75790742 4.84302835 1.49233008
1.22894615 1.76110577 4.84256866 1.49341158
1.22831152 1.76429094 4.84211735 1.49448464
1.22767135 1.76746281 4.84167409 1.49554923
1.22702592 1.77062130 4.84123853 1.49660533
1.22637552 1.77376629 4.84081036 1.49765294
1.22572042 1.77689771 4.84038927 1.49869202
1.22506088 1.78001544 4.83997496 1.49972258
1.22439718 1.78311940 4.83956712 1.50074457
1.22372955 1.78620948 4.83916548 1.50175799
1.22305825 1.78928561 4.83876977 1.50276281
1.22238352 1.79234768 4.83837972 1.50375903
1.22170559 1.79539561 4.83799507 1.50474660
1.22102469 1.79842930 4.83761558 1.50572553
1.22034105 1.80144868 4.83724100 1.50669579
1.21965487 1.80445365 4.83687112 1.50765736
1.21896638 1.80744412 4.83650570 1.50861023
1.21827578 1.81042003 4.83614453 1.50955439
1.21758327 1.81338128 4.83578741 1.51048981
1.21688905 1.81632780 4.83543414 1.51141650
1.21619330 1.81925952 4.83508452 1.51233443
1.21549620 1.82217635 4.83473837 1.51324360
1.21479795 1.82507822 4.83439551 1.51414401
1.21409872 1.82796508 4.83405577 1.51503564
1.21339867 1.83083684 4.83371899 1.51591849
1.21269797 1.83369344 4.83338501 1.51679257
1.21199678 1.83653482 4.83305367 1.51765786
1.21129527 1.83936092 4.83272484 1.51851437
1.21059357 1.84217168 4.83239837 1.51936211
1.20989185 1.84496704 4.83207413 1.52020108
1.20919023 1.84774696 4.83175199 1.52103128
1.20848887 1.85051137 4.83143183 1.52185273
1.20778790 1.85326023 4.83111353 1.52266543
1.20708745 1.85599349 4.83079698 1.52346941
1.20638765 1.85871112 4.83048207 1.52426467
1.20568861 1.86141306 4.83016870 1.52505123
1.20499047 1.86409928 4.82985678 1.52582911
1.20429333 1.86676975 4.82954621 1.52659833
1.20359732 1.86942443 4.82923689 1.52735891
1.20290254 1.87206328 4.82892876 1.52811088
1.20220909 1.87468629 4.82862173 1.52885427
1.20151708 1.87729342 4.82831572 1.52958910
1.20082661 1.87988465 4.82801067 1.53031539
1.20013777 1.88245996 4.82770650 1.53103320
1.19945066 1.88501934 4.82740315 1.53174254
1.19876536 1.88756275 4.82710056 1.53244345
1.19808197 1.89009021 4.82679868 1.53313597
1.19740057 1.89260168 4.82649744 1.53382014
1.19672124 1.89509716 4.82619681 1.53449600
1.19604405 1.89757665 4.82589674 1.53516359
1.19536909 1.90004014 4.82559717 1.53582294
1.19469642 1.90248764 4.82529807 1.53647412
1.19402612 1.90491913 4.82499941 1.53711716
1.19335826 1.90733463 4.82470114 1.53775210
1.19269289 1.90973414 4.82440323 1.53837901
1.19203008 1.91211767 4.82410566 1.53899792
1.19136990 1.91448523 4.82380839 1.53960890
1.19071240 1.91683683 4.82351141 1.54021198
1.19005763 1.91917248 4.82321468 1.54080723
1.18940565 1.92149220 4.82291819 1.54139471
1.18875651 1.92379601 4.82262192 1.54197445
1.18811026 1.92608394 4.82232586 1.54254653
1.18746695 1.92835599 4.82202998 1.54311100
1.18682662 1.93061221 4.82173427 1.54366791
1.18618932 1.93285261 4.82143873 1.54421733
1.18555508 1.93507722 4.82114335 1.54475932
1.18492395 1.93728607 4.82084811 1.54529394
1.18429596 1.93947920 4.82055302 1.54582124
1.18367115 1.94165664 4.82025806 1.54634130
1.18304956 1.94381843 4.81996324 1.54685418
1.18243120 1.94596460 4.81966855 1.54735993
1.18181613 1.94809519 4.81937399 1.54785862
1.18120436 1.95021024 4.81907956 1.54835032
1.18059592 1.95230980 4.81878528 1.54883509
1.17999083 1.95439391 4.81849113 1.54931300
1.17938913 1.95646262 4.81819712 1.54978411
1.17879084 1.95851597 4.81790326 1.55024849
1.17819597 1.96055401 4.81760956 1.55070620
1.17760455 1.96257679 4.81731602 1.55115732
1.17701659 1.96458436 4.81702265 1.55160191
1.17643212 1.96657678 4.81672946 1.55204003
1.17585114 1.96855410 4.81643646 1.55247176
1.17527368 1.97051637 4.81614365 1.55289715
1.17469975 1.97246366 4.81585106 1.55331629
1.17412936 1.97439601 4.81555869 1.55372923
1.17356251 1.97631350 4.81526656 1.55413605
1.17299923 1.97821617 4.81497467 1.55453680
1.17243952 1.98010409 4.81468304 1.55493157
1.17188339 1.98197732 4.81439169 1.55532041
1.17133085 1.98383593 4.81410063 1.55570340
1.17078190 1.98567997 4.81380987 1.55608060
1.17023654 1.98750952 4.81351943 1.55645208
1.16969479 1.98932464 4.81322932 1.55681791
1.16915664 1.99112540 4.81293957 1.55717815
1.16862211 1.99291186 4.81265018 1.55753287
1.16809118 1.99468409 4.81236117 1.55788214
1.16756386 1.99644217 4.81207256 1.55822602
1.16704015 1.99818616 4.81178436 1.55856458
1.16652005 1.99991613 4.81149660 1.55889788
1.16600355 2.00163216 4.81120929 1.55922600
1.16549067 2.00333432 4.81092244 1.55954899
1.16498138 2.00502267 4.81063607 1.55986693
1.16447570 2.00669730 4.81035021 1.56017987
1.16397361 2.00835827 4.81006486 1.56048788
1.16347510 2.01000567 4.80978004 1.56079102
1.16298019 2.01163956 4.80949578 1.56108936
1.16248885 2.01326002 4.80921209 1.56138297
1.16200108 2.01486713 4.80892899 1.56167189
1.16151688 2.01646096 4.80864648 1.56195620
1.16103623 2.01804159 4.80836460 1.56223596
1.16055913 2.01960910 4.80808336 1.56251122
1.16008556 2.02116357 4.80780277 1.56278206
1.15961553 2.02270507 4.80752285 1.56304852
1.15914902 2.02423367 4.80724362 1.56331068
1.15868601 2.02574947 4.80696510 1.56356858
1.15822651 2.02725253 4.80668730 1.56382229
1.15777049 2.02874294 4.80641023 1.56407187
1.15731794 2.03022078 4.80613392 1.56431737
1.15686886 2.03168611 4.80585838 1.56455885
1.15642324 2.03313903 4.80558363 1.56479638
1.15598105 2.03457962 4.80530967 1.56502999
1.15554228 2.03600794 4.80503653 1.56525976
1.15510693 2.03742409 4.80476423 1.56548573
1.15467498 2.03882814 4.80449277 1.56570797
1.15424641 2.04022017 4.80422217 1.56592652
1.15382121 2.04160026 4.80395245 1.56614144
1.15339937 2.04296850 4.80368362 1.56635278
1.15298087 2.04432495 4.80341569 1.56656059
1.15256569 2.04566971 4.80314869 1.56676493
1.15215382 2.04700284 4.80288261 1.56696585
1.15174525 2.04832444 4.80261748 1.56716340
1.15133996 2.04963458 4.80235330 1.56735763
1.15093793 2.05093334 4.80209010 1.56754858
1.15053915 2.05222080 4.80182788 1.56773632
1.15014360 2.05349704 4.80156666 1.56792088
1.14975126 2.05476214 4.80130644 1.56810232
1.14936212 2.05601618 4.80104724 1.56828068
1.14897616 2.05725924 4.80078908 1.56845601
1.14859336 2.05849140 4.80053195 1.56862835
1.14821370 2.05971273 4.80027588 1.56879776
1.14783718 2.06092332 4.80002087 1.56896427
1.14746376 2.06212324 4.79976693 1.56912794
1.14709344 2.06331257 4.79951408 1.56928880
1.14672620 2.06449139 4.79926232 1.56944691
1.14636201 2.06565979 4.79901166 1.56960229
1.14600086 2.06681782 4.79876212 1.56975500
1.14564273 2.06796559 4.79851369 1.56990508
1.14528760 2.06910315 4.79826640 1.57005257
1.14493546 2.07023059 4.79802024 1.57019751
1.14458629 2.07134799 4.79777523 1.57033994
1.14424007 2.07245542 4.79753137 1.57047991
1.14389677 2.07355296 4.79728868 1.57061744
1.14355639 2.07464068 4.79704715 1.57075258
1.14321890 2.07571866 4.79680680 1.57088537
1.14288428 2.07678698 4.79656763 1.57101584
1.14255252 2.07784571 4.79632965 1.57114404
1.14222360 2.07889493 4.79609286 1.57126999
1.14189749 2.07993470 4.79585727 1.57139374
1.14157419 2.08096511 4.79562289 1.57151532
1.14125367 2.08198622 4.79538973 1.57163477
1.14093590 2.08299812 4.79515778 1.57175212
1.14062089 2.08400087 4.79492705 1.57186741
1.14030859 2.08499456 4.79469755 1.57198067
1.13999901 2.08597924 4.79446928 1.57209193
1.13969211 2.08695499 4.79424224 1.57220122
1.13938788 2.08792189 4.79401644 1.57230859
1.13908630 2.08888000 4.79379189 1.57241405
1.13878735 2.08982940 4.79356858 1.57251765
1.13849102 2.09077016 4.79334652 1.57261941
1.13819727 2.09170234 4.79312572 1.57271936
1.13790611 2.09262603 4.79290617 1.57281754
1.13761750 2.09354128 4.79268788 1.57291397
1.13733143 2.09444817 4.79247084 1.57300868
1.13704788 2.09534676 4.79225507 1.57310170
1.13676683 2.09623713 4.79204056 1.57319307
1.13648826 2.09711934 4.79182732 1.57328280
1.13621216 2.09799346 4.79161535 1.57337093
1.13593851 2.09885955 4.79140464 1.57345748
1.13566728 2.09971769 4.79119520 1.57354248
1.13539846 2.10056794 4.79098704 1.57362595
1.13513204 2.10141037 4.79078014 1.57370793
1.13486799 2.10224504 4.79057452 1.57378843
1.13460629 2.10307201 4.79037016 1.57386748
1.13434693 2.10389136 4.79016708 1.57394511
1.13408989 2.10470315 4.78996527 1.57402135
1.13383515 2.10550744 4.78976473 1.57409620
1.13358270 2.10630429 4.78956547 1.57416971
1.13333251 2.10709376 4.78936747 1.57424189
1.13308457 2.10787593 4.78917074 1.57431276
1.13283887 2.10865085 4.78897528 1.57438235
1.13259537 2.10941859 4.78878109 1.57445068
1.13235407 2.11017920 4.78858816 1.57451777
1.13211495 2.11093275 4.78839650 1.57458364
1.13187800 2.11167930 4.78820610 1.57464832
1.13164318 2.11241891 4.78801696 1.57471182
1.13141049 2.11315164 4.78782908 1.57477417
1.13117992 2.11387754 4.78764246 1.57483538
1.13095143 2.11459669 4.78745710 1.57489548
1.13072502 2.11530912 4.78727298 1.57495448
1.13050067 2.11601492 4.78709012 1.57501241
1.13027837 2.11671412 4.78690851 1.57506927
1.13005809 2.11740680 4.78672814 1.57512510
1.12983982 2.11809300 4.78654901 1.57517991
1.12962354 2.11877279 4.78637113 1.57523371
1.12940924 2.11944621 4.78619448 1.57528653
1.12919690 2.12011333 4.78601906 1.57533838
1.12898650 2.12077421 4.78584487 1.57538928
1.12877803 2.12142888 4.78567191 1.57543925
1.12857148 2.12207742 4.78550018 1.57548830
1.12836682 2.12271988 4.78532966 1.57553645
1.12816404 2.12335630 4.78516036 1.57558371
1.12796312 2.12398675 4.78499227 1.57563010
1.12776406 2.12461127 4.78482539 1.57567564
1.12756683 2.12522991 4.78465971 1.57572034
1.12737142 2.12584274 4.78449523 1.57576421
1.12717781 2.12644980 4.78433195 1.57580728
1.12698598 2.12705115 4.78416986 1.57584955
1.12679593 2.12764682 4.78400896 1.57589104
1.12660764 2.12823689 4.78384925 1.57593177
1.12642109 2.12882138 4.78369071 1.57597174
1.12623627 2.12940037 4.78353334 1.57601097
1.12605316 2.12997389 4.78337714 1.57604947
1.12587175 2.13054199 4.78322211 1.57608726
1.12569202 2.13110472 4.78306824 1.57612436
1.12551397 2.13166213 4.78291552 1.57616076
1.12533757 2.13221428 4.78276396 1.57619649
1.12516280 2.13276120 4.78261354 1.57623155
1.12498967 2.13330294 4.78246426 1.57626596
1.12481815 2.13383955 4.78231611 1.57629974
1.12464822 2.13437108 4.78216910 1.57633288
1.12447988 2.13489757 4.78202320 1.57636541
1.12431311 2.13541907 4.78187843 1.57639734
1.12414790 2.13593563 4.78173478 1.57642866
1.12398424 2.13644728 4.78159223 1.57645941
1.12382210 2.13695408 4.78145079 1.57648958
1.12366148 2.13745606 4.78131044 1.57651919
1.12350236 2.13795328 4.78117119 1.57654825
1.12334473 2.13844576 4.78103302 1.57657676
1.12318858 2.13893357 4.78089594 1.57660474
1.12303390 2.13941674 4.78075993 1.57663220
1.12288066 2.13989531 4.78062499 1.57665914
1.12272886 2.14036933 4.78049112 1.57668558
1.12257849 2.14083883 4.78035831 1.57671153
1.12242953 2.14130386 4.78022655 1.57673699
1.12228198 2.14176446 4.78009584 1.57676197
1.12213581 2.14222067 4.77996617 1.57678649
1.12199101 2.14267253 4.77983754 1.57681054
1.12184758 2.14312009 4.77970994 1.57683415
1.12170551 2.14356337 4.77958336 1.57685731
1.12156477 2.14400242 4.77945780 1.57688003
1.12142535 2.14443728 4.77933326 1.57690233
1.12128726 2.14486799 4.77920972 1.57692421
1.12115046 2.14529458 4.77908719 1.57694568
1.12101496 2.14571710 4.77896564 1.57696675
1.12088074 2.14613557 4.77884509 1.57698742
1.12074779 2.14655005 4.77872553 1.57700770
1.12061609 2.14696056 4.77860694 1.57702760
1.12048564 2.14736715 4.77848932 1.57704712
1.12035643 2.14776984 4.77837267 1.57706627
1.12022844 2.14816868 4.77825698 1.57708507
1.12010166 2.14856370 4.77814224 1.57710351
1.11997608 2.14895493 4.77802845 1.57712160
1.11985170 2.14934242 4.77791561 1.57713935
1.11972849 2.14972620 4.77780370 1.57715677
1.11960645 2.15010629 4.77769272 1.57717385
1.11948558 2.15048274 4.77758266 1.57719062
1.11936584 2.15085558 4.77747352 1.57720706
1.11924725 2.15122484 4.77736530 1.57722320
1.11912979 2.15159056 4.77725798 1.57723903
1.11901344 2.15195277 4.77715156 1.57725456
1.11889820 2.15231150 4.77704603 1.57726980
1.11878405 2.15266678 4.77694140 1.57728475
1.11867099 2.15301866 4.77683764 1.57729942
1.11855901 2.15336715 4.77673477 1.57731380
1.11844809 2.15371229 4.77663276 1.57732792
1.11833824 2.15405411 4.77653162 1.57734177
1.11822942 2.15439265 4.77643134 1.57735535
1.11812165 2.15472793 4.77633191 1.57736868
1.11801490 2.15505999 4.77623333 1.57738176
1.11790918 2.15538885 4.77613559 1.57739458
1.11780446 2.15571455 4.77603868 1.57740717
1.11770074 2.15603711 4.77594261 1.57741951
1.11759801 2.15635656 4.77584736 1.57743162
1.11749627 2.15667294 4.77575292 1.57744350
1.11739550 2.15698627 4.77565930 1.57745515
1.11729569 2.15729658 4.77556649 1.57746658
1.11719683 2.15760390 4.77547447 1.57747780
1.11709892 2.15790826 4.77538325 1.57748880
1.11700195 2.15820969 4.77529282 1.57749959
1.11690591 2.15850820 4.77520318 1.57751018
1.11681078 2.15880384 4.77511431 1.57752056
1.11671657 2.15909663 4.77502621 1.57753075
1.11662326 2.15938659 4.77493888 1.57754074
1.11653084 2.15967376 4.77485231 1.57755055
1.11643931 2.15995815 4.77476650 1.57756016
1.11634866 2.16023979 4.77468143 1.57756960
1.11625887 2.16051872 4.77459711 1.57757885
1.11616995 2.16079495 4.77451353 1.57758792
1.11608188 2.16106852 4.77443068 1.57759683
1.11599466 2.16133944 4.77434855 1.57760556
1.11590828 2.16160774 4.77426715 1.57761413
1.11582272 2.16187346 4.77418647 1.57762253
1.11573799 2.16213660 4.77410649 1.57763077
1.11565407 2.16239720 4.77402723 1.57763886
1.11557095 2.16265527 4.77394866 1.57764679
1.11548864 2.16291086 4.77387078 1.57765456
1.11540712 2.16316397 4.77379360 1.57766219
1.11532638 2.16341463 4.77371710 1.57766968
1.11524642 2.16366286 4.77364128 1.57767702
1.11516722 2.16390870 4.77356613 1.57768422
1.11508880 2.16415215 4.77349165 1.57769128
1.11501112 2.16439325 4.77341784 1.57769821
1.11493419 2.16463201 4.77334468 1.57770501
1.11485801 2.16486846 4.77327217 1.57771167
1.11478256 2.16510262 4.77320032 1.57771821
1.11470783 2.16533451 4.77312910 1.57772462
1.11463383 2.16556416 4.77305852 1.57773091
1.11456054 2.16579158 4.77298858 1.57773708
1.11448795 2.16601679 4.77291926 1.57774313
1.11441607 2.16623983 4.77285056 1.57774906
1.11434488 2.16646070 4.77278248 1.57775488
1.11427437 2.16667943 4.77271501 1.57776059
1.11420455 2.16689604 4.77264816 1.57776619
1.11413540 2.16711055 4.77258190 1.57777168
1.11406692 2.16732297 4.77251624 1.57777707
1.11399909 2.16753334 4.77245117 1.57778235
1.11393193 2.16774167 4.77238669 1.57778753
1.11386541 2.16794797 4.77232280 1.57779262
1.11379954 2.16815227 4.77225948 1.57779760
1.11373430 2.16835459 4.77219674 1.57780249
1.11366969 2.16855495 4.77213456 1.57780728
1.11360571 2.16875336 4.77207295 1.57781199
1.11354234 2.16894984 4.77201190 1.57781660
1.11347959 2.16914442 4.77195141 1.57782112
1.11341745 2.16933710 4.77189146 1.57782556
1.11335590 2.16952792 4.77183206 1.57782991
1.11329496 2.16971688 4.77177320 1.57783418
1.11323460 2.16990400 4.77171488 1.57783836
1.11317482 2.17008931 4.77165710 1.57784247
1.11311563 2.17027281 4.77159983 1.57784650
1.11305701 2.17045454 4.77154310 1.57785044
1.11299895 2.17063449 4.77148688 1.57785432
1.11294146 2.17081270 4.77143118 1.57785812
1.11288452 2.17098917 4.77137598 1.57786184
1.11282814 2.17116393 4.77132130 1.57786549
1.11277230 2.17133699 4.77126711 1.57786908
1.11271701 2.17150837 4.77121343 1.57787259
1.11266224 2.17167807 4.77116023 1.57787604
1.11260801 2.17184613 4.77110753 1.57787942
1.11255431 2.17201256 4.77105531 1.57788273
1.11250113 2.17217736 4.77100357 1.57788598
1.11244846 2.17234056 4.77095231 1.57788917
1.11239630 2.17250217 4.77090152 1.57789230
1.11234465 2.17266221 4.77085120 1.57789536
1.11229350 2.17282069 4.77080134 1.57789837
1.11224285 2.17297763 4.77075195 1.57790132
1.11219269 2.17313304 4.77070301 1.57790421
1.11214301 2.17328694 4.77065453 1.57790705
1.11209382 2.17343934 4.77060649 1.57790983
1.11204510 2.17359025 4.77055890 1.57791256
1.11199686 2.17373970 4.77051175 1.57791523
1.11194909 2.17388769 4.77046504 1.57791786
1.11190178 2.17403424 4.77041876 1.57792043
1.11185493 2.17417936 4.77037291 1.57792295
1.11180853 2.17432306 4.77032749 1.57792543
1.11176259 2.17446537 4.77028249 1.57792785
1.11171709 2.17460629 4.77023790 1.57793023
1.11167203 2.17474584 4.77019374 1.57793257
1.11162742 2.17488402 4.77014998 1.57793486
1.11158323 2.17502086 4.77010663 1.57793710
1.11153948 2.17515637 4.77006369 1.57793930
1.11149615 2.17529055 4.77002115 1.57794146
1.11145324 2.17542343 4.76997900 1.57794358
1.11141075 2.17555501 4.76993725 1.57794566
1.11136867 2.17568531 4.76989589 1.57794769
1.11132700 2.17581433 4.76985491 1.57794969
1.11128574 2.17594210 4.76981432 1.57795165
1.11124488 2.17606863 4.76977411 1.57795357
1.11120442 2.17619392 4.76973427 1.57795545
1.11116435 2.17631798 4.76969481 1.57795730
1.11112467 2.17644084 4.76965572 1.57795911
1.11108537 2.17656250 4.76961699 1.57796088
1.11104646 2.17668297 4.76957863 1.57796262
1.11100793 2.17680226 4.76954063 1.57796433
1.11096977 2.17692039 4.76950298 1.57796601
1.11093199 2.17703737 4.76946569 1.57796765
1.11089457 2.17715321 4.76942875 1.57796926
1.11085751 2.17726791 4.76939216 1.57797084
1.11082082 2.17738150 4.76935591 1.57797239
1.11078449 2.17749398 4.76932000 1.57797391
1.11074851 2.17760536 4.76928443 1.57797539
1.11071288 2.17771565 4.76924919 1.57797685
1.11067759 2.17782486 4.76921429 1.57797829
1.11064265 2.17793301 4.76917972 1.57797969
1.11060805 2.17804011 4.76914547 1.57798107
1.11057379 2.17814615 4.76911155 1.57798242
1.11053986 2.17825116 4.76907794 1.57798374
1.11050627 2.17835515 4.76904466 1.57798504
1.11047300 2.17845812 4.76901168 1.57798632
1.11044005 2.17856008 4.76897902 1.57798756
1.11040743 2.17866105 4.76894667 1.57798879
1.11037512 2.17876103 4.76891463 1.57798999
1.11034313 2.17886004 4.76888289 1.57799117
1.11031145 2.17895807 4.76885145 1.57799232
1.11028008 2.17905515 4.76882030 1.57799345
1.11024902 2.17915129 4.76878945 1.57799456
1.11021825 2.17924648 4.76875890 1.57799565
1.11018779 2.17934074 4.76872863 1.57799672
1.11015763 2.17943408 4.76869865 1.57799777
1.11012776 2.17952651 4.76866896 1.57799879
1.11009818 2.17961803 4.76863955 1.57799980
1.11006889 2.17970866 4.76861041 1.57800079
1.11003989 2.17979840 4.76858156 1.57800176
1.11001117 2.17988727 4.76855297 1.57800271
1.10998273 2.17997527 4.76852466 1.57800364
1.10995457 2.18006240 4.76849662 1.57800455
1.10992668 2.18014869 4.76846885 1.57800544
1.10989906 2.18023413 4.76844134 1.57800632
1.10987172 2.18031874 4.76841409 1.57800718
1.10984464 2.18040252 4.76838710 1.57800803
1.10981783 2.18048548 4.76836037 1.57800885
1.10979127 2.18056762 4.76833389 1.57800967
1.10976498 2.18064897 4.76830767 1.57801046
1.10973894 2.18072952 4.76828169 1.57801124
1.10971316 2.18080928 4.76825597 1.57801201
1.10968763 2.18088826 4.76823048 1.57801276
1.10966235 2.18096647 4.76820525 1.57801349
1.10963732 2.18104391 4.76818025 1.57801421
1.10961253 2.18112060 4.76815549 1.57801492
1.10958798 2.18119653 4.76813097 1.57801561
1.10956367 2.18127172 4.76810668 1.57801629
1.10953960 2.18134618 4.76808262 1.57801696
1.10951577 2.18141991 4.76805880 1.57801762
1.10949217 2.18149292 4.76803520 1.57801826
1.10946880 2.18156521 4.76801183 1.57801889
1.10944565 2.18163679 4.76798868 1.57801950
1.10942274 2.18170768 4.76796575 1.57802011
1.10940005 2.18177787 4.76794305 1.57802070
1.10937758 2.18184737 4.76792056 1.57802128
1.10935532 2.18191619 4.76789828 1.57802185
1.10933329 2.18198434 4.76787622 1.57802241
1.10931147 2.18205182 4.76785437 1.57802296
1.10928987 2.18211865 4.76783273 1.57802350
1.10926848 2.18218481 4.76781130 1.57802402
1.10924729 2.18225033 4.76779007 1.57802454
1.10922631 2.18231521 4.76776905 1.57802505
1.10920554 2.18237945 4.76774822 1.57802554
1.10918497 2.18244307 4.76772760 1.57802603
1.10916461 2.18250606 4.76770718 1.57802651
1.10914444 2.18256843 4.76768695 1.57802698
1.10912447 2.18263020 4.76766692 1.57802743
1.10910469 2.18269136 4.76764708 1.57802788
1.10908511 2.18275192 4.76762743 1.57802833
1.10906572 2.18281188 4.76760796 1.57802876
1.10904652 2.18287126 4.76758869 1.57802918
1.10902751 2.18293006 4.76756960 1.57802960
1.10900868 2.18298828 4.76755069 1.57803001
1.10899004 2.18304594 4.76753197 1.57803041
1.10897158 2.18310302 4.76751343 1.57803080
1.10895330 2.18315955 4.76749506 1.57803119
1.10893520 2.18321552 4.76747687 1.57803156
1.10891727 2.18327095 4.76745886 1.57803193
1.10889952 2.18332583 4.76744102 1.57803230
1.10888195 2.18338018 4.76742335 1.57803265
1.10886455 2.18343399 4.76740586 1.57803300
1.10884731 2.18348728 4.76738853 1.57803334
1.10883025 2.18354004 4.76737136 1.57803368
1.10881335 2.18359229 4.76735437 1.57803401
1.10879662 2.18364402 4.76733753 1.57803433
1.10878006 2.18369525 4.76732086 1.57803464
1.10876365 2.18374598 4.76730435 1.57803495
1.10874741 2.18379621 4.76728800 1.57803526
1.10873132 2.18384594 4.76727181 1.57803556
1.10871539 2.18389519 4.76725578 1.57803585
1.10869962 2.18394396 4.76723989 1.57803614
1.10868400 2.18399225 4.76722417 1.57803642
1.10866854 2.18404006 4.76720859 1.57803669
1.10865323 2.18408741 4.76719316 1.57803696
1.10863806 2.18413429 4.76717789 1.57803723
1.10862305 2.18418072 4.76716276 1.57803749
1.10860818 2.18422668 4.76714777 1.57803774
1.10859346 2.18427220 4.76713294 1.57803799
1.10857888 2.18431727 4.76711824 1.57803824
1.10856445 2.18436190 4.76710369 1.57803848
1.10855015 2.18440609 4.76708928 1.57803871
1.10853600 2.18444985 4.76707500 1.57803894
1.10852198 2.18449318 4.76706087 1.57803917
1.10850811 2.18453609 4.76704687 1.57803939
1.10849437 2.18457857 4.76703301 1.57803961
1.10848076 2.18462064 4.76701928 1.57803982
1.10846728 2.18466230 4.76700569 1.57804003
1.10845394 2.18470354 4.76699222 1.57804023
1.10844073 2.18474439 4.76697889 1.57804044
1.10842765 2.18478483 4.76696568 1.57804063
1.10841470 2.18482488 4.76695261 1.57804083
1.10840187 2.18486453 4.76693966 1.57804102
1.10838917 2.18490379 4.76692683 1.57804120
1.10837659 2.18494267 4.76691413 1.57804138
1.10836414 2.18498117 4.76690156 1.57804156
1.10835181 2.18501929 4.76688910 1.57804174
1.10833960 2.18505704 4.76687677 1.57804191
1.10832751 2.18509442 4.76686455 1.57804208
1.10831554 2.18513143 4.76685246 1.57804224
1.10830368 2.18516807 4.76684048 1.57804240
1.10829194 2.18520436 4.76682861 1.57804256
1.10828032 2.18524029 4.76681687 1.57804272
1.10826881 2.18527587 4.76680523 1.57804287
1.10825741 2.18531110 4.76679371 1.57804302
1.10824613 2.18534599 4.76678230 1.57804317
1.10823495 2.18538053 4.76677100 1.57804331
1.10822389 2.18541473 4.76675982 1.57804345
1.10821293 2.18544860 4.76674874 1.57804359
1.10820208 2.18548214 4.76673776 1.57804373
1.10819134 2.18551535 4.76672690 1.57804386
1.10818070 2.18554823 4.76671614 1.57804399
1.10817017 2.18558079 4.76670548 1.57804412
1.10815974 2.18561303 4.76669493 1.57804424
1.10814941 2.18564495 4.76668448 1.57804437
1.10813919 2.18567656 4.76667413 1.57804449
1.10812906 2.18570786 4.76666388 1.57804460
1.10811903 2.18573885 4.76665373 1.57804472
1.10810911 2.18576954 4.76664368 1.57804483
1.10809927 2.18579993 4.76663373 1.57804495
1.10808954 2.18583002 4.76662388 1.57804505
1.10807990 2.18585982 4.76661412 1.57804516
1.10807036 2.18588932 4.76660445 1.57804527
1.10806091 2.18591853 4.76659488 1.57804537
1.10805155 2.18594746 4.76658540 1.57804547
1.10804228 2.18597610 4.76657602 1.57804557
1.10803311 2.18600446 4.76656672 1.57804567
1.10802402 2.18603254 4.76655752 1.57804576
1.10801502 2.18606035 4.76654841 1.57804586
1.10800611 2.18608789 4.76653938 1.57804595
1.10799729 2.18611515 4.76653044 1.57804604
1.10798856 2.18614215 4.76652159 1.57804612
1.10797991 2.18616888 4.76651283 1.57804621
1.10797135 2.18619535 4.76650415 1.57804629
1.10796287 2.18622156 4.76649555 1.57804638
1.10795447 2.18624751 4.76648704 1.57804646
1.10794616 2.18627321 4.76647861 1.57804654
1.10793792 2.18629866 4.76647027 1.57804662
1.10792977 2.18632385 4.76646200 1.57804669
1.10792170 2.18634880 4.76645382 1.57804677
1.10791371 2.18637351 4.76644571 1.57804684
1.10790579 2.18639797 4.76643769 1.57804691
1.10789795 2.18642219 4.76642974 1.57804699
1.10789019 2.18644617 4.76642187 1.57804705
1.10788251 2.18646992 4.76641408 1.57804712
1.10787490 2.18649344 4.76640636 1.57804719
1.10786737 2.18651672 4.76639872 1.57804725
1.10785991 2.18653978 4.76639115 1.57804732
1.10785252 2.18656261 4.76638366 1.57804738
1.10784521 2.18658521 4.76637624 1.57804744
1.10783796 2.18660760 4.76636889 1.57804750
1.10783079 2.18662976 4.76636161 1.57804756
1.10782369 2.18665171 4.76635440 1.57804762
1.10781666 2.18667344 4.76634727 1.57804768
1.10780970 2.18669496 4.76634020 1.57804773
1.10780280 2.18671626 4.76633321 1.57804779
1.10779598 2.18673736 4.76632628 1.57804784
1.10778922 2.18675825 4.76631941 1.57804790
1.10778253 2.18677894 4.76631262 1.57804795
1.10777590 2.18679942 4.76630589 1.57804800
1.10776934 2.18681970 4.76629923 1.57804805
1.10776284 2.18683978 4.76629263 1.57804810
1.10775640 2.18685967 4.76628610 1.57804814
1.10775003 2.18687936 4.76627963 1.57804819
1.10774372 2.18689885 4.76627322 1.57804824
1.10773748 2.18691816 4.76626688 1.57804828
1.10773129 2.18693727 4.76626060 1.57804833
1.10772517 2.18695620 4.76625438 1.57804837
1.10771910 2.18697494 4.76624822 1.57804841
1.10771310 2.18699350 4.76624212 1.57804845
1.10770715 2.18701188 4.76623608 1.57804849
1.10770126 2.18703007 4.76623010 1.57804853
1.10769543 2.18704809 4.76622417 1.57804857
1.10768966 2.18706593 4.76621831 1.57804861
1.10768395 2.18708359 4.76621250 1.57804865
1.10767829 2.18710109 4.76620675 1.57804869
1.10767268 2.18711841 4.76620106 1.57804872
1.10766713 2.18713556 4.76619542 1.57804876
1.10766164 2.18715254 4.76618983 1.57804879
1.10765620 2.18716935 4.76618430 1.57804883
1.10765081 2.18718600 4.76617883 1.57804886
1.10764547 2.18720249 4.76617341 1.57804889
1.10764019 2.18721881 4.76616804 1.57804892
1.10763496 2.18723497 4.76616272 1.57804896
1.10762978 2.18725098 4.76615746 1.57804899
1.10762465 2.18726683 4.76615224 1.57804902
1.10761958 2.18728252 4.76614708 1.57804905
1.10761455 2.18729806 4.76614197 1.57804908
1.10760957 2.18731344 4.76613691 1.57804910
1.10760464 2.18732868 4.76613190 1.57804913
1.10759976 2.18734376 4.76612693 1.57804916
1.10759493 2.18735870 4.76612202 1.57804919
1.10759014 2.18737349 4.76611715 1.57804921
1.10758540 2.18738813 4.76611233 1.57804924
1.10758071 2.18740263 4.76610756 1.57804926
1.10757606 2.18741699 4.76610283 1.57804929
1.10757146 2.18743121 4.76609815 1.57804931
1.10756690 2.18744529 4.76609352 1.57804934
1.10756239 2.18745923 4.76608893 1.57804936
1.10755793 2.18747303 4.76608439 1.57804938
1.10755350 2.18748670 4.76607989 1.57804941
1.10754913 2.18750023 4.76607544 1.57804943
1.10754479 2.18751363 4.76607103 1.57804945
1.10754050 2.18752690 4.76606666 1.57804947
1.10753624 2.18754004 4.76606233 1.57804949
1.10753203 2.18755305 4.76605805 1.57804951
1.10752787 2.18756593 4.76605381 1.57804953
1.10752374 2.18757868 4.76604961 1.57804955
1.10751965 2.18759131 4.76604545 1.57804957
1.10751560 2.18760382 4.76604133 1.57804959
1.10751160 2.18761620 4.76603725 1.57804961
1.10750763 2.18762846 4.76603322 1.57804963
1.10750370 2.18764061 4.76602922 1.57804965
1.10749981 2.18765263 4.76602526 1.57804966
1.10749596 2.18766453 4.76602134 1.57804968
1.10749214 2.18767632 4.76601746 1.57804970
1.10748837 2.18768799 4.76601361 1.57804971
1.10748463 2.18769954 4.76600981 1.57804973
1.10748092 2.18771099 4.76600604 1.57804974
1.10747726 2.18772232 4.76600231 1.57804976
1.10747363 2.18773354 4.76599861 1.57804978
1.10747003 2.18774465 4.76599495 1.57804979
1.10746647 2.18775564 4.76599133 1.57804981
1.10746295 2.18776654 4.76598774 1.57804982
1.10745946 2.18777732 4.76598419 1.57804983
1.10745600 2.18778800 4.76598067 1.57804985
1.10745258 2.18779857 4.76597718 1.57804986
1.10744919 2.18780904 4.76597373 1.57804987
1.10744584 2.18781941 4.76597032 1.57804989
1.10744251 2.18782968 4.76596694 1.57804990
1.10743922 2.18783984 4.76596359 1.57804991
1.10743597 2.18784991 4.76596027 1.57804992
1.10743274 2.18785987 4.76595699 1.57804994
1.10742955 2.18786974 4.76595373 1.57804995
1.10742639 2.18787951 4.76595051 1.57804996
1.10742325 2.18788919 4.76594732 1.57804997
1.10742015 2.18789877 4.76594417 1.57804998
1.10741708 2.18790825 4.76594104 1.57804999
1.10741404 2.18791764 4.76593795 1.57805000
1.10741103 2.18792695 4.76593488 1.57805001
1.10740805 2.18793615 4.76593184 1.57805002
1.10740510 2.18794527 4.76592884 1.57805003
