6.35430541 1.29798226 2.11557724 0.24911710
6.34905250 1.30050051 2.11605693 0.25255504
6.34373256 1.30304618 2.11655416 0.25608008
6.33834449 1.30561970 2.11706918 0.25969479
6.33288715 1.30822154 2.11760221 0.26340185
6.32735939 1.31085216 2.11815349 0.26720401
6.32176004 1.31351205 2.11872326 0.27110409
6.31608792 1.31620166 2.11931176 0.27510500
6.31034184 1.31892150 2.11991924 0.27920974
6.30452058 1.32167204 2.12054595 0.28342140
6.29862293 1.32445378 2.12119214 0.28774313
6.29264763 1.32726722 2.12185807 0.29217819
6.28659344 1.33011287 2.12254400 0.29672993
6.28045909 1.33299123 2.12325019 0.30140179
6.27424332 1.33590280 2.12397690 0.30619727
6.26794483 1.33884812 2.12472442 0.31112002
6.26156233 1.34182768 2.12549300 0.31617372
6.25509451 1.34484203 2.12628293 0.32136219
6.24854006 1.34789166 2.12709448 0.32668932
6.24189767 1.35097712 2.12792795 0.33215910
6.23516602 1.35409893 2.12878360 0.33777559
6.22834378 1.35725760 2.12966173 0.34354298
6.22142962 1.36045366 2.13056262 0.34946550
6.21442222 1.36368763 2.13148658 0.35554751
6.20732026 1.36696003 2.13243390 0.36179343
6.20012242 1.37027137 2.13340486 0.36820777
6.19282740 1.37362216 2.13439977 0.37479511
6.18543389 1.37701292 2.13541894 0.38156009
6.17794060 1.38044412 2.13646265 0.38850746
6.17034627 1.38391626 2.13753122 0.39564199
6.16264965 1.38742982 2.13862494 0.40296852
6.15484951 1.39098526 2.13974412 0.41049195
6.14694464 1.39458304 2.14088906 0.41821719
6.13893388 1.39822358 2.14206006 0.42614920
6.13081609 1.40190731 2.14325743 0.43429295
6.12259017 1.40563464 2.14448145 0.44265344
6.11425506 1.40940593 2.14573243 0.45123562
6.10580977 1.41322155 2.14701066 0.46004445
6.09725335 1.41708182 2.14831642 0.46908484
6.08858489 1.42098705 2.14965001 0.47836166
6.07980358 1.42493751 2.15101169 0.48787969
6.07090867 1.42893344 2.15240175 0.49764362
6.06189948 1.43297503 2.15382044 0.50765803
6.05277543 1.43706245 2.15526803 0.51792734
6.04353601 1.44119582 2.15674476 0.52845584
6.03418083 1.44537521 2.15825086 0.53924759
6.02470960 1.44960065 2.15978656 0.55030645
6.01512214 1.45387210 2.16135207 0.56163603
6.00541841 1.45818949 2.16294758 0.57323964
5.99559849 1.46255266 2.16457327 0.58512028
5.98566258 1.46696143 2.16622931 0.59728060
5.97561106 1.47141551 2.16791582 0.60972285
5.96544445 1.47591456 2.16963295 0.62244888
5.95516344 1.48045816 2.17138077 0.63546003
5.94476888 1.48504583 2.17315936 0.64875716
5.93426181 1.48967699 2.17496877 0.66234060
5.92364348 1.49435098 2.17680901 0.67621005
5.91291530 1.49906706 2.17868006 0.69036463
5.90207890 1.50382439 2.18058188 0.70480275
5.89113615 1.50862204 2.18251439 0.71952214
5.88008909 1.51345898 2.18447745 0.73451978
5.86894003 1.51833408 2.18647092 0.74979187
5.85769149 1.52324613 2.18849459 0.76533380
5.84634622 1.52819379 2.19054822 0.78114009
5.83490724 1.53317563 2.19263151 0.79720442
5.82337777 1.53819010 2.19474413 0.81351956
5.81176133 1.54323556 2.19688570 0.83007734
5.80006164 1.54831026 2.19905576 0.84686870
5.78828269 1.55341233 2.20125384 0.86388361
5.77642871 1.55853981 2.20347939 0.88111109
5.76450419 1.56369064 2.20573181 0.89853925
5.75251384 1.56886264 2.20801045 0.91615524
5.74046260 1.57405355 2.21031458 0.93394533
5.72835566 1.57926101 2.21264345 0.95189486
5.71619842 1.58448257 2.21499622 0.96998836
5.70399648 1.58971568 2.21737201 0.98820953
5.69175564 1.59495774 2.21976987 1.00654130
5.67948190 1.60020604 2.22218880 1.02496590
5.66718142 1.60545784 2.22462775 1.04346493
5.65486051 1.61071031 2.22708559 1.06201941
5.64252561 1.61596059 2.22956117 1.08060987
5.63018332 1.62120577 2.23205327 1.09921642
5.61784030 1.62644290 2.23456061 1.11781888
5.60550330 1.63166902 2.23708189 1.13639682
5.59317914 1.63688113 2.23961575 1.15492969
5.58087467 1.64207626 2.24216079 1.17339694
5.56859676 1.64725142 2.24471558 1.19177805
5.55635227 1.65240365 2.24727865 1.21005271
5.54414803 1.65753000 2.24984850 1.22820088
5.53199082 1.66262756 2.25242362 1.24620290
5.51988735 1.66769348 2.25500247 1.26403958
5.50784424 1.67272496 2.25758349 1.28169230
5.49586797 1.67771925 2.26016513 1.29914308
5.48396491 1.68267369 2.26274580 1.31637471
5.47214127 1.68758569 2.26532394 1.33337075
5.46040306 1.69245276 2.26789799 1.35011566
5.44875614 1.69727251 2.27046639 1.36659484
5.43720614 1.70204264 2.27302761 1.38279466
5.42575846 1.70676096 2.27558011 1.39870254
5.41441828 1.71142540 2.27812240 1.41430695
5.40319055 1.71603402 2.28065302 1.42959747
5.39207993 1.72058499 2.28317052 1.44456475
5.38109085 1.72507660 2.28567351 1.45920058
5.37022745 1.72950727 2.28816062 1.47349786
5.35949360 1.73387557 2.29063054 1.48745057
5.34889289 1.73818017 2.29308199 1.50105380
5.33842866 1.74241988 2.29551376 1.51430370
5.32810392 1.74659365 2.29792467 1.52719744
5.31792145 1.75070054 2.30031361 1.53973320
5.30788372 1.75473976 2.30267951 1.55191012
5.29799293 1.75871062 2.30502137 1.56372826
5.28825103 1.76261255 2.30733825 1.57518853
5.27865970 1.76644512 2.30962924 1.58629268
5.26922035 1.77020798 2.31189354 1.59704323
5.25993416 1.77390094 2.31413037 1.60744339
5.25080205 1.77752385 2.31633901 1.61749706
5.24182471 1.78107672 2.31851882 1.62720872
5.23300262 1.78455963 2.32066920 1.63658342
5.22433604 1.78797274 2.32278962 1.64562669
5.21582500 1.79131631 2.32487961 1.65434451
5.20746938 1.79459069 2.32693873 1.66274326
5.19926883 1.79779629 2.32896663 1.67082966
5.19122285 1.80093361 2.33096299 1.67861072
5.18333078 1.80400318 2.33292754 1.68609370
5.17559178 1.80700564 2.33486007 1.69328606
5.16800490 1.80994166 2.33676041 1.70019544
5.16056902 1.81281195 2.33862844 1.70682958
5.15328291 1.81561730 2.34046409 1.71319635
5.14614523 1.81835851 2.34226731 1.71930364
5.13915454 1.82103644 2.34403811 1.72515938
5.13230928 1.82365198 2.34577654 1.73077149
5.12560781 1.82620605 2.34748267 1.73614788
5.11904842 1.82869960 2.34915661 1.74129639
5.11262932 1.83113359 2.35079851 1.74622479
5.10634866 1.83350901 2.35240854 1.75094076
5.10020451 1.83582688 2.35398690 1.75545187
5.09419493 1.83808821 2.35553381 1.75976557
5.08831791 1.84029403 2.35704954 1.76388917
5.08257139 1.84244538 2.35853434 1.76782983
5.07695331 1.84454331 2.35998853 1.77159457
5.07146157 1.84658886 2.36141240 1.77519021
5.06609404 1.84858310 2.36280629 1.77862344
5.06084858 1.85052706 2.36417054 1.78190074
5.05572304 1.85242179 2.36550552 1.78502843
5.05071526 1.85426834 2.36681159 1.78801263
5.04582309 1.85606774 2.36808915 1.79085930
5.04104436 1.85782103 2.36933858 1.79357419
5.03637690 1.85952922 2.37056030 1.79616287
5.03181858 1.86119334 2.37175470 1.79863073
5.02736725 1.86281437 2.37292221 1.80098297
5.02302078 1.86439332 2.37406325 1.80322461
5.01877705 1.86593115 2.37517825 1.80536050
5.01463396 1.86742884 2.37626764 1.80739529
5.01058944 1.86888734 2.37733185 1.80933347
5.00664143 1.87030758 2.37837133 1.81117936
5.00278788 1.87169049 2.37938650 1.81293711
4.99902679 1.87303697 2.38037781 1.81461070
4.99535616 1.87434791 2.38134570 1.81620398
4.99177403 1.87562420 2.38229059 1.81772060
4.98827846 1.87686669 2.38321294 1.81916409
4.98486755 1.87807622 2.38411316 1.82053782
4.98153942 1.87925363 2.38499170 1.82184505
4.97829221 1.88039972 2.38584898 1.82308885
4.97512410 1.88151529 2.38668543 1.82427220
4.97203330 1.88260111 2.38750147 1.82539793
4.96901805 1.88365796 2.38829752 1.82646877
4.96607663 1.88468656 2.38907399 1.82748730
4.96320732 1.88568767 2.38983130 1.82845601
4.96040847 1.88666197 2.39056984 1.82937726
4.95767843 1.88761018 2.39129003 1.83025333
4.95501560 1.88853297 2.39199225 1.83108636
4.95241841 1.88943101 2.39267690 1.83187843
4.94988530 1.89030495 2.39334435 1.83263151
4.94741477 1.89115542 2.39399500 1.83334748
4.94500534 1.89198305 2.39462921 1.83402812
4.94265554 1.89278842 2.39524734 1.83467515
4.94036396 1.89357215 2.39584977 1.83529020
4.93812921 1.89433479 2.39643685 1.83587482
4.93594993 1.89507691 2.39700893 1.83643049
4.93382477 1.89579907 2.39756635 1.83695863
4.93175243 1.89650178 2.39810945 1.83746058
4.92973164 1.89718557 2.39863856 1.83793762
4.92776115 1.89785096 2.39915401 1.83839097
4.92583974 1.89849842 2.39965612 1.83882180
4.92396620 1.89912844 2.40014521 1.83923120
4.92213939 1.89974150 2.40062157 1.83962024
4.92035815 1.90033805 2.40108551 1.83998991
4.91862137 1.90091852 2.40153734 1.84034117
4.91692796 1.90148336 2.40197733 1.84067494
4.91527686 1.90203299 2.40240577 1.84099206
4.91366703 1.90256782 2.40282295 1.84129337
4.91209744 1.90308824 2.40322913 1.84157965
4.91056712 1.90359466 2.40362459 1.84185164
4.90907509 1.90408744 2.40400957 1.84211005
4.90762041 1.90456695 2.40438435 1.84235555
4.90620214 1.90503356 2.40474916 1.84258879
4.90481940 1.90548761 2.40510426 1.84281038
4.90347130 1.90592944 2.40544988 1.84302088
4.90215698 1.90635940 2.40578627 1.84322086
4.90087560 1.90677778 2.40611364 1.84341084
4.89962635 1.90718492 2.40643222 1.84359131
4.89840842 1.90758112 2.40674224 1.84376276
4.89722103 1.90796667 2.40704390 1.84392562
4.89606343 1.90834186 2.40733742 1.84408033
4.89493488 1.90870697 2.40762300 1.84422729
4.89383464 1.90906228 2.40790084 1.84436689
4.89276201 1.90940805 2.40817114 1.84449951
4.89171631 1.90974454 2.40843408 1.84462547
4.89069685 1.91007201 2.40868986 1.84474513
4.88970299 1.91039069 2.40893865 1.84485879
4.88873409 1.91070083 2.40918064 1.84496676
4.88778951 1.91100265 2.40941600 1.84506931
4.88686865 1.91129639 2.40964489 1.84516672
4.88597092 1.91158226 2.40986749 1.84525925
4.88509573 1.91186048 2.41008395 1.84534714
4.88424253 1.91213125 2.41029443 1.84543063
4.88341076 1.91239477 2.41049909 1.84550992
4.88259988 1.91265125 2.41069808 1.84558525
4.88180937 1.91290086 2.41089154 1.84565679
4.88103872 1.91314381 2.41107962 1.84572475
4.88028743 1.91338027 2.41126246 1.84578929
4.87955501 1.91361040 2.41144018 1.84585060
4.87884099 1.91383440 2.41161294 1.84590884
4.87814491 1.91405241 2.41178085 1.84596415
4.87746632 1.91426461 2.41194404 1.84601669
4.87680477 1.91447115 2.41210264 1.84606659
4.87615984 1.91467218 2.41225677 1.84611399
4.87553112 1.91486786 2.41240654 1.84615902
4.87491819 1.91505832 2.41255207 1.84620178
4.87432065 1.91524371 2.41269347 1.84624240
4.87373813 1.91542417 2.41283084 1.84628098
4.87317023 1.91559982 2.41296431 1.84631762
4.87261660 1.91577080 2.41309396 1.84635243
4.87207688 1.91593723 2.41321990 1.84638549
4.87155071 1.91609924 2.41334223 1.84641690
4.87103775 1.91625694 2.41346104 1.84644672
4.87053768 1.91641046 2.41357644 1.84647505
4.87005016 1.91655990 2.41368850 1.84650196
4.86957489 1.91670537 2.41379732 1.84652752
4.86911155 1.91684698 2.41390298 1.84655180
4.86865984 1.91698484 2.41400558 1.84657486
4.86821947 1.91711904 2.41410518 1.84659677
4.86779015 1.91724969 2.41420188 1.84661757
4.86737161 1.91737687 2.41429574 1.84663733
4.86696358 1.91750069 2.41438686 1.84665611
4.86656578 1.91762123 2.41447529 1.84667394
4.86617797 1.91773858 2.41456112 1.84669087
4.86579989 1.91785282 2.41464441 1.84670696
4.86543129 1.91796405 2.41472523 1.84672224
4.86507194 1.91807233 2.41480365 1.84673675
4.86472160 1.91817775 2.41487973 1.84675054
4.86438006 1.91828039 2.41495355 1.84676363
4.86404707 1.91838032 2.41502515 1.84677607
4.86372244 1.91847760 2.41509460 1.84678789
4.86340595 1.91857233 2.41516196 1.84679911
4.86309739 1.91866455 2.41522728 1.84680977
4.86279657 1.91875434 2.41529063 1.84681990
4.86250329 1.91884177 2.41535206 1.84682952
4.86221735 1.91892689 2.41541161 1.84683866
4.86193859 1.91900977 2.41546934 1.84684734
4.86166681 1.91909047 2.41552530 1.84685558
4.86140183 1.91916904 2.41557955 1.84686341
4.86114350 1.91924555 2.41563211 1.84687085
4.86089163 1.91932004 2.41568306 1.84687792
4.86064607 1.91939257 2.41573242 1.84688463
4.86040666 1.91946320 2.41578024 1.84689101
4.86017325 1.91953197 2.41582657 1.84689707
4.85994568 1.91959894 2.41587144 1.84690282
4.85972380 1.91966415 2.41591491 1.84690829
4.85950748 1.91972764 2.41595699 1.84691348
4.85929657 1.91978947 2.41599775 1.84691842
4.85909093 1.91984968 2.41603721 1.84692310
4.85889044 1.91990831 2.41607540 1.84692756
4.85869497 1.91996540 2.41611237 1.84693179
4.85850438 1.92002099 2.41614815 1.84693580
4.85831855 1.92007513 2.41618278 1.84693962
4.85813738 1.92012785 2.41621627 1.84694325
4.85796073 1.92017919 2.41624868 1.84694669
4.85778849 1.92022919 2.41628002 1.84694997
4.85762056 1.92027788 2.41631034 1.84695307
4.85745682 1.92032529 2.41633965 1.84695603
4.85729718 1.92037147 2.41636799 1.84695883
4.85714152 1.92041644 2.41639538 1.84696150
4.85698975 1.92046023 2.41642185 1.84696403
4.85684176 1.92050288 2.41644744 1.84696644
4.85669747 1.92054442 2.41647215 1.84696873
4.85655678 1.92058487 2.41649603 1.84697090
4.85641960 1.92062426 2.41651909 1.84697296
4.85628584 1.92066263 2.41654135 1.84697492
4.85615542 1.92070000 2.41656285 1.84697679
4.85602825 1.92073639 2.41658359 1.84697856
4.85590425 1.92077183 2.41660361 1.84698024
4.85578334 1.92080635 2.41662293 1.84698184
4.85566545 1.92083997 2.41664156 1.84698335
4.85555049 1.92087272 2.41665953 1.84698480
4.85543839 1.92090461 2.41667685 1.84698617
4.85532909 1.92093567 2.41669355 1.84698747
4.85522251 1.92096593 2.41670964 1.84698871
4.85511858 1.92099539 2.41672514 1.84698988
4.85501724 1.92102409 2.41674007 1.84699100
4.85491842 1.92105205 2.41675444 1.84699206
4.85482206 1.92107927 2.41676828 1.84699307
4.85472809 1.92110579 2.41678159 1.84699403
4.85463646 1.92113163 2.41679440 1.84699494
4.85454711 1.92115679 2.41680672 1.84699581
4.85445998 1.92118129 2.41681856 1.84699663
4.85437502 1.92120516 2.41682994 1.84699741
4.85429216 1.92122841 2.41684087 1.84699816
4.85421137 1.92125106 2.41685136 1.84699886
4.85413258 1.92127312 2.41686144 1.84699953
4.85405574 1.92129461 2.41687110 1.84700017
4.85398082 1.92131554 2.41688037 1.84700078
4.85390775 1.92133593 2.41688926 1.84700135
4.85383649 1.92135579 2.41689778 1.84700190
4.85376700 1.92137514 2.41690593 1.84700242
4.85369924 1.92139399 2.41691374 1.84700291
4.85363315 1.92141234 2.41692121 1.84700338
4.85356870 1.92143023 2.41692835 1.84700383
4.85350585 1.92144765 2.41693517 1.84700426
4.85344455 1.92146462 2.41694169 1.84700466
4.85338477 1.92148115 2.41694791 1.84700504
4.85332647 1.92149725 2.41695384 1.84700541
4.85326962 1.92151294 2.41695949 1.84700575
4.85321417 1.92152822 2.41696487 1.84700608
4.85316009 1.92154311 2.41696999 1.84700640
4.85310735 1.92155761 2.41697486 1.84700670
4.85305591 1.92157174 2.41697948 1.84700698
4.85300574 1.92158550 2.41698387 1.84700725
4.85295681 1.92159891 2.41698803 1.84700750
4.85290909 1.92161197 2.41699196 1.84700775
4.85286255 1.92162470 2.41699568 1.84700798
4.85281716 1.92163709 2.41699919 1.84700820
4.85277288 1.92164917 2.41700251 1.84700841
4.85272970 1.92166094 2.41700562 1.84700861
4.85268758 1.92167240 2.41700856 1.84700879
4.85264650 1.92168357 2.41701131 1.84700897
4.85260644 1.92169445 2.41701388 1.84700915
4.85256736 1.92170505 2.41701629 1.84700931
4.85252924 1.92171537 2.41701853 1.84700946
4.85249206 1.92172543 2.41702062 1.84700961
4.85245579 1.92173524 2.41702255 1.84700975
4.85242042 1.92174479 2.41702434 1.84700988
4.85238591 1.92175409 2.41702598 1.84701001
4.85235226 1.92176315 2.41702749 1.84701013
4.85231943 1.92177199 2.41702887 1.84701024
4.85228740 1.92178059 2.41703012 1.84701035
4.85225617 1.92178898 2.41703124 1.84701046
4.85222570 1.92179714 2.41703225 1.84701055
4.85219597 1.92180510 2.41703315 1.84701065
4.85216698 1.92181286 2.41703393 1.84701074
4.85213870 1.92182041 2.41703461 1.84701082
4.85211111 1.92182777 2.41703519 1.84701090
4.85208419 1.92183495 2.41703566 1.84701098
4.85205793 1.92184194 2.41703605 1.84701105
4.85203232 1.92184874 2.41703634 1.84701112
4.85200733 1.92185538 2.41703655 1.84701119
4.85198296 1.92186184 2.41703667 1.84701125
4.85195918 1.92186814 2.41703671 1.84701131
4.85193598 1.92187428 2.41703668 1.84701137
4.85191335 1.92188026 2.41703656 1.84701142
4.85189127 1.92188609 2.41703638 1.84701147
4.85186973 1.92189177 2.41703613 1.84701152
4.85184871 1.92189730 2.41703581 1.84701157
4.85182821 1.92190269 2.41703543 1.84701161
4.85180820 1.92190794 2.41703499 1.84701165
4.85178869 1.92191306 2.41703450 1.84701169
4.85176965 1.92191805 2.41703394 1.84701173
4.85175107 1.92192291 2.41703333 1.84701177
4.85173294 1.92192764 2.41703268 1.84701180
4.85171526 1.92193226 2.41703197 1.84701184
4.85169800 1.92193676 2.41703122 1.84701187
4.85168117 1.92194114 2.41703042 1.84701190
4.85166474 1.92194541 2.41702958 1.84701193
4.85164871 1.92194957 2.41702870 1.84701195
4.85163307 1.92195362 2.41702778 1.84701198
4.85161781 1.92195757 2.41702683 1.84701200
4.85160292 1.92196142 2.41702584 1.84701203
4.85158838 1.92196518 2.41702482 1.84701205
4.85157421 1.92196883 2.41702376 1.84701207
4.85156037 1.92197240 2.41702268 1.84701209
4.85154687 1.92197587 2.41702157 1.84701211
4.85153369 1.92197925 2.41702043 1.84701213
4.85152084 1.92198255 2.41701926 1.84701215
4.85150829 1.92198576 2.41701808 1.84701216
4.85149605 1.92198890 2.41701687 1.84701218
4.85148410 1.92199195 2.41701563 1.84701219
4.85147244 1.92199492 2.41701438 1.84701221
4.85146106 1.92199782 2.41701311 1.84701222
4.85144995 1.92200065 2.41701183 1.84701224
4.85143911 1.92200340 2.41701052 1.84701225
4.85142854 1.92200608 2.41700921 1.84701226
4.85141821 1.92200870 2.41700787 1.84701227
4.85140814 1.92201124 2.41700653 1.84701228
4.85139830 1.92201373 2.41700517 1.84701229
