6.06964695 2.43825165 6.62043031 1.19530004
6.06517927 2.44904415 6.62793795 1.21455859
6.06075248 2.45982999 6.63541931 1.23372212
6.05636973 2.47060395 6.64287040 1.25277126
6.05203410 2.48136085 6.65028731 1.27168710
6.04774861 2.49209555 6.65766621 1.29045125
6.04351618 2.50280299 6.66500335 1.30904596
6.03933966 2.51347821 6.67229510 1.32745419
6.03522177 2.52411632 6.67953795 1.34565969
6.03116513 2.53471257 6.68672852 1.36364703
6.02717226 2.54526234 6.69386357 1.38140171
6.02324553 2.55576114 6.70094000 1.39891018
6.01938719 2.56620465 6.70795488 1.41615986
6.01559936 2.57658869 6.71490543 1.43313921
6.01188402 2.58690928 6.72178906 1.44983772
6.00824301 2.59716261 6.72860333 1.46624595
6.00467803 2.60734506 6.73534600 1.48235550
6.00119062 2.61745318 6.74201498 1.49815903
5.99778220 2.62748376 6.74860839 1.51365026
5.99445404 2.63743374 6.75512451 1.52882392
5.99120725 2.64730031 6.76156183 1.54367573
5.98804283 2.65708081 6.76791897 1.55820239
5.98496162 2.66677283 6.77419478 1.57240155
5.98196434 2.67637412 6.78038823 1.58627173
5.97905157 2.68588265 6.78649851 1.59981230
5.97622378 2.69529657 6.79252493 1.61302346
5.97348131 2.70461423 6.79846698 1.62590615
5.97082438 2.71383416 6.80432431 1.63846202
5.96825311 2.72295507 6.81009670 1.65069337
5.96576751 2.73197584 6.81578408 1.66260312
5.96336750 2.74089552 6.82138650 1.67419474
5.96105290 2.74971334 6.82690416 1.68547219
5.95882345 2.75842865 6.83233736 1.69643992
5.95667879 2.76704098 6.83768652 1.70710276
5.95461853 2.77554997 6.84295218 1.71746591
5.95264216 2.78395544 6.84813495 1.72753488
5.95074913 2.79225728 6.85323554 1.73731547
5.94893885 2.80045554 6.85825477 1.74681371
5.94721065 2.80855038 6.86319350 1.75603582
5.94556383 2.81654204 6.86805270 1.76498818
5.94399765 2.82443089 6.87283337 1.77367731
5.94251131 2.83221737 6.87753658 1.78210981
5.94110402 2.83990203 6.88216348 1.79029238
5.93977493 2.84748547 6.88671522 1.79823172
5.93852317 2.85496838 6.89119304 1.80593458
5.93734787 2.86235153 6.89559817 1.81340770
5.93624813 2.86963573 6.89993192 1.82065778
5.93522305 2.87682187 6.90419558 1.82769151
5.93427170 2.88391087 6.90839051 1.83451551
5.93339318 2.89090370 6.91251804 1.84113632
5.93258655 2.89780141 6.91657956 1.84756041
5.93185090 2.90460503 6.92057645 1.85379415
5.93118531 2.91131567 6.92451009 1.85984383
5.93058886 2.91793446 6.92838189 1.86571559
5.93006066 2.92446256 6.93219323 1.87141550
5.92959980 2.93090113 6.93594553 1.87694947
5.92920540 2.93725138 6.93964017 1.88232330
5.92887658 2.94351453 6.94327855 1.88754267
5.92861250 2.94969181 6.94686204 1.89261312
5.92841229 2.95578448 6.95039203 1.89754005
5.92827515 2.96179379 6.95386988 1.90232874
5.92820026 2.96772101 6.95729694 1.90698431
5.92818682 2.97356741 6.96067455 1.91151178
5.92823406 2.97933427 6.96400404 1.91591602
5.92834124 2.98502288 6.96728672 1.92020175
5.92850761 2.99063452 6.97052388 1.92437357
5.92873246 2.99617048 6.97371679 1.92843598
5.92901510 3.00163204 6.97686672 1.93239330
5.92935487 3.00702049 6.97997491 1.93624977
5.92975110 3.01233711 6.98304257 1.94000948
5.93020317 3.01758317 6.98607090 1.94367641
5.93071048 3.02275994 6.98906109 1.94725441
5.93127244 3.02786871 6.99201429 1.95074725
5.93188848 3.03291071 6.99493164 1.95415854
5.93255806 3.03788722 6.99781427 1.95749183
5.93328066 3.04279948 7.00066327 1.96075053
5.93405578 3.04764873 7.00347971 1.96393796
5.93488295 3.05243620 7.00626466 1.96705734
5.93576170 3.05716311 7.00901914 1.97011181
5.93669159 3.06183069 7.01174417 1.97310440
5.93767222 3.06644014 7.01444074 1.97603804
5.93870318 3.07099266 7.01710982 1.97891561
5.93978410 3.07548944 7.01975236 1.98173988
5.94091463 3.07993166 7.02236930 1.98451354
5.94209441 3.08432050 7.02496153 1.98723921
5.94332315 3.08865711 7.02752995 1.98991945
5.94460052 3.09294265 7.03007543 1.99255672
5.94592626 3.09717827 7.03259881 1.99515343
5.94730011 3.10136510 7.03510092 1.99771192
5.94872180 3.10550426 7.03758258 2.00023447
5.95019112 3.10959688 7.04004456 2.00272330
5.95170786 3.11364407 7.04248765 2.00518057
5.95327181 3.11764692 7.04491258 2.00760838
5.95488281 3.12160653 7.04732010 2.01000878
5.95654067 3.12552398 7.04971091 2.01238377
5.95824527 3.12940034 7.05208571 2.01473530
5.95999645 3.13323668 7.05444517 2.01706528
5.96179411 3.13703407 7.05678996 2.01937557
5.96363814 3.14079355 7.05912072 2.02166798
5.96552845 3.14451616 7.06143806 2.02394430
5.96746496 3.14820294 7.06374259 2.02620626
5.96944761 3.15185492 7.06603491 2.02845557
5.97147634 3.15547312 7.06831557 2.03069389
5.97355111 3.15905855 7.07058513 2.03292285
5.97567189 3.16261223 7.07284413 2.03514406
5.97783868 3.16613514 7.07509309 2.03735908
5.98005145 3.16962829 7.07733251 2.03956947
5.98231022 3.17309267 7.07956288 2.04177672
5.98461500 3.17652925 7.08178465 2.04398234
5.98696582 3.17993900 7.08399830 2.04618778
5.98936269 3.18332290 7.08620425 2.04839448
5.99180568 3.18668192 7.08840291 2.05060386
5.99429482 3.19001700 7.09059471 2.05281731
5.99683018 3.19332910 7.09278001 2.05503621
5.99941181 3.19661917 7.09495920 2.05726191
6.00203980 3.19988814 7.09713262 2.05949574
6.00471422 3.20313696 7.09930061 2.06173902
6.00743514 3.20636654 7.10146349 2.06399304
6.01020267 3.20957782 7.10362157 2.06625910
6.01301690 3.21277171 7.10577514 2.06853845
6.01587792 3.21594914 7.10792445 2.07083235
6.01878584 3.21911100 7.11006978 2.07314204
6.02174076 3.22225819 7.11221136 2.07546872
6.02474280 3.22539163 7.11434940 2.07781361
6.02779205 3.22851220 7.11648411 2.08017790
6.03088865 3.23162078 7.11861568 2.08256277
6.03403268 3.23471826 7.12074427 2.08496938
6.03722428 3.23780551 7.12287003 2.08739889
6.04046356 3.24088341 7.12499311 2.08985242
6.04375062 3.24395282 7.12711361 2.09233110
6.04708559 3.24701459 7.12923163 2.09483605
6.05046856 3.25006957 7.13134726 2.09736836
6.05389964 3.25311861 7.13346054 2.09992910
6.05737894 3.25616256 7.13557154 2.10251935
6.06090655 3.25920222 7.13768026 2.10514016
6.06448257 3.26223844 7.13978671 2.10779256
6.06810708 3.26527203 7.14189088 2.11047756
6.07178017 3.26830378 7.14399274 2.11319618
6.07550191 3.27133451 7.14609223 2.11594940
6.07927236 3.27436499 7.14818928 2.11873818
6.08309157 3.27739601 7.15028379 2.12156347
6.08695960 3.28042833 7.15237566 2.12442620
6.09087647 3.28346272 7.15446474 2.12732726
6.09484222 3.28649992 7.15655089 2.13026755
6.09885685 3.28954067 7.15863393 2.13324791
6.10292035 3.29258568 7.16071366 2.13626918
6.10703272 3.29563567 7.16278987 2.13933217
6.11119391 3.29869133 7.16486232 2.14243764
6.11540387 3.30175335 7.16693075 2.14558635
6.11966254 3.30482239 7.16899488 2.14877901
6.12396983 3.30789910 7.17105442 2.15201630
6.12832563 3.31098410 7.17310903 2.15529886
6.13272982 3.31407802 7.17515838 2.15862730
6.13718225 3.31718145 7.17720210 2.16200218
6.14168274 3.32029497 7.17923981 2.16542404
6.14623110 3.32341912 7.18127109 2.16889335
6.15082711 3.32655445 7.18329553 2.17241055
6.15547052 3.32970145 7.18531266 2.17597603
6.16016105 3.33286063 7.18732204 2.17959011
6.16489840 3.33603243 7.18932316 2.18325308
6.16968225 3.33921730 7.19131552 2.18696517
6.17451222 3.34241564 7.19329859 2.19072655
6.17938792 3.34562782 7.19527183 2.19453732
6.18430893 3.34885421 7.19723468 2.19839752
6.18927478 3.35209511 7.19918654 2.20230713
6.19428498 3.35535082 7.20112683 2.20626607
6.19933900 3.35862158 7.20305493 2.21027416
6.20443626 3.36190763 7.20497020 2.21433118
6.20957617 3.36520914 7.20687201 2.21843681
6.21475808 3.36852626 7.20875970 2.22259067
6.21998130 3.37185911 7.21063259 2.22679228
6.22524512 3.37520775 7.21249000 2.23104109
6.23054877 3.37857221 7.21433124 2.23533646
6.23589144 3.38195250 7.21615561 2.23967768
6.24127230 3.38534856 7.21796240 2.24406392
6.24669045 3.38876030 7.21975089 2.24849429
6.25214495 3.39218757 7.22152036 2.25296780
6.25763485 3.39563021 7.22327009 2.25748335
6.26315911 3.39908799 7.22499934 2.26203977
6.26871668 3.40256064 7.22670739 2.26663579
6.27430645 3.40604783 7.22839352 2.27127003
6.27992728 3.40954922 7.23005699 2.27594104
6.28557797 3.41306438 7.23169709 2.28064726
6.29125729 3.41659287 7.23331311 2.28538702
6.29696397 3.42013417 7.23490434 2.29015860
6.30269668 3.42368774 7.23647009 2.29496014
6.30845406 3.42725297 7.23800967 2.29978972
6.31423473 3.43082923 7.23952241 2.30464531
6.32003723 3.43441581 7.24100766 2.30952482
6.32586008 3.43801198 7.24246479 2.31442604
6.33170178 3.44161696 7.24389317 2.31934671
6.33756077 3.44522991 7.24529222 2.32428448
6.34343547 3.44884997 7.24666135 2.32923692
6.34932425 3.45247622 7.24800002 2.33420153
6.35522547 3.45610769 7.24930771 2.33917574
6.36113745 3.45974340 7.25058392 2.34415695
6.36705847 3.46338231 7.25182820 2.34914246
6.37298682 3.46702335 7.25304010 2.35412956
6.37892072 3.47066541 7.25421923 2.35911546
6.38485841 3.47430735 7.25536521 2.36409736
6.39079810 3.47794801 7.25647773 2.36907241
6.39673797 3.48158618 7.25755649 2.37403776
6.40267619 3.48522064 7.25860122 2.37899051
6.40861095 3.48885014 7.25961170 2.38392777
6.41454039 3.49247342 7.26058777 2.38884665
6.42046267 3.49608918 7.26152927 2.39374426
6.42637594 3.49969613 7.26243611 2.39861771
6.43227836 3.50329295 7.26330822 2.40346416
6.43816808 3.50687832 7.26414558 2.40828077
6.44404328 3.51045090 7.26494823 2.41306475
6.44990212 3.51400938 7.26571620 2.41781334
6.45574279 3.51755240 7.26644962 2.42252385
6.46156350 3.52107865 7.26714862 2.42719364
6.46736247 3.52458679 7.26781337 2.43182014
6.47313794 3.52807551 7.26844411 2.43640082
6.47888819 3.53154352 7.26904109 2.44093328
6.48461152 3.53498951 7.26960460 2.44541517
6.49030624 3.53841222 7.27013497 2.44984424
6.49597072 3.54181041 7.27063257 2.45421833
6.50160336 3.54518284 7.27109781 2.45853540
6.50720258 3.54852832 7.27153111 2.46279348
6.51276687 3.55184567 7.27193293 2.46699075
6.51829473 3.55513376 7.27230378 2.47112548
6.52378473 3.55839149 7.27264417 2.47519606
6.52923546 3.56161778 7.27295464 2.47920100
6.53464559 3.56481160 7.27323578 2.48313893
6.54001381 3.56797196 7.27348817 2.48700860
6.54533887 3.57109791 7.27371243 2.49080889
6.55061958 3.57418855 7.27390920 2.49453879
6.55585480 3.57724301 7.27407914 2.49819743
6.56104342 3.58026048 7.27422290 2.50178406
6.56618443 3.58324019 7.27434117 2.50529804
6.57127684 3.58618141 7.27443465 2.50873886
6.57631972 3.58908348 7.27450405 2.51210613
6.58131220 3.59194576 7.27455007 2.51539957
6.58625348 3.59476768 7.27457344 2.51861902
6.59114279 3.59754872 7.27457488 2.52176443
6.59597943 3.60028840 7.27455513 2.52483584
6.60076276 3.60298629 7.27451491 2.52783342
6.60549219 3.60564201 7.27445496 2.53075743
6.61016717 3.60825525 7.27437602 2.53360821
6.61478724 3.61082570 7.27427880 2.53638622
6.61935195 3.61335315 7.27416404 2.53909197
6.62386093 3.61583740 7.27403245 2.54172609
6.62831386 3.61827831 7.27388475 2.54428926
6.63271045 3.62067579 7.27372165 2.54678224
6.63705049 3.62302978 7.27354385 2.54920586
6.64133378 3.62534028 7.27335203 2.55156102
6.64556021 3.62760731 7.27314688 2.55384865
6.64972967 3.62983095 7.27292906 2.55606978
6.65384213 3.63201131 7.27269923 2.55822543
6.65789758 3.63414853 7.27245803 2.56031672
6.66189606 3.63624280 7.27220610 2.56234477
6.66583766 3.63829434 7.27194406 2.56431074
6.66972247 3.64030339 7.27167250 2.56621584
6.67355067 3.64227025 7.27139201 2.56806130
6.67732243 3.64419520 7.27110317 2.56984834
6.68103797 3.64607861 7.27080654 2.57157825
6.68469754 3.64792083 7.27050267 2.57325229
6.68830143 3.64972225 7.27019207 2.57487175
6.69184995 3.65148329 7.26987526 2.57643794
6.69534342 3.65320438 7.26955274 2.57795216
6.69878222 3.65488598 7.26922499 2.57941570
6.70216674 3.65652856 7.26889247 2.58082986
6.70549737 3.65813262 7.26855564 2.58219595
6.70877454 3.65969865 7.26821491 2.58351525
6.71199872 3.66122720 7.26787072 2.58478905
6.71517036 3.66271878 7.26752347 2.58601861
6.71828995 3.66417395 7.26717353 2.58720520
6.72135800 3.66559326 7.26682128 2.58835006
6.72437501 3.66697729 7.26646708 2.58945441
6.72734152 3.66832661 7.26611128 2.59051948
6.73025807 3.66964179 7.26575418 2.59154644
6.73312520 3.67092343 7.26539612 2.59253648
6.73594349 3.67217212 7.26503739 2.59349073
6.73871350 3.67338846 7.26467827 2.59441035
6.74143580 3.67457304 7.26431904 2.59529642
6.74411100 3.67572647 7.26395995 2.59615003
6.74673967 3.67684934 7.26360126 2.59697225
6.74932242 3.67794227 7.26324319 2.59776412
6.75185984 3.67900585 7.26288598 2.59852663
6.75435254 3.68004068 7.26252982 2.59926079
6.75680113 3.68104735 7.26217493 2.59996755
6.75920622 3.68202648 7.26182148 2.60064786
6.76156842 3.68297864 7.26146967 2.60130262
6.76388834 3.68390443 7.26111964 2.60193272
6.76616658 3.68480443 7.26077157 2.60253903
6.76840378 3.68567921 7.26042560 2.60312239
6.77060052 3.68652936 7.26008188 2.60368361
6.77275742 3.68735543 7.25974052 2.60422349
6.77487510 3.68815799 7.25940165 2.60474278
6.77695414 3.68893760 7.25906539 2.60524224
6.77899516 3.68969480 7.25873185 2.60572259
6.78099875 3.69043014 7.25840111 2.60618452
6.78296550 3.69114413 7.25807327 2.60662870
6.78489601 3.69183733 7.25774841 2.60705580
6.78679086 3.69251023 7.25742662 2.60746644
6.78865063 3.69316335 7.25710795 2.60786124
6.79047590 3.69379719 7.25679248 2.60824079
6.79226725 3.69441224 7.25648026 2.60860566
6.79402522 3.69500899 7.25617134 2.60895639
6.79575040 3.69558791 7.25586578 2.60929353
6.79744333 3.69614948 7.25556361 2.60961759
6.79910455 3.69669414 7.25526488 2.60992906
6.80073462 3.69722235 7.25496961 2.61022843
6.80233407 3.69773456 7.25467782 2.61051614
6.80390343 3.69823118 7.25438956 2.61079266
6.80544322 3.69871265 7.25410483 2.61105840
6.80695397 3.69917938 7.25382365 2.61131379
6.80843617 3.69963177 7.25354603 2.61155921
6.80989035 3.70007023 7.25327199 2.61179506
6.81131698 3.70049514 7.25300152 2.61202170
6.81271657 3.70090688 7.25273464 2.61223949
6.81408959 3.70130581 7.25247133 2.61244877
6.81543653 3.70169232 7.25221160 2.61264988
6.81675786 3.70206674 7.25195544 2.61284312
6.81805403 3.70242942 7.25170284 2.61302881
6.81932551 3.70278071 7.25145380 2.61320724
6.82057274 3.70312093 7.25120829 2.61337869
6.82179617 3.70345040 7.25096631 2.61354344
6.82299623 3.70376944 7.25072783 2.61370174
6.82417335 3.70407835 7.25049284 2.61385385
6.82532796 3.70437743 7.25026132 2.61400000
6.82646046 3.70466697 7.25003325 2.61414045
6.82757128 3.70494725 7.24980861 2.61427539
6.82866080 3.70521856 7.24958736 2.61440506
6.82972944 3.70548115 7.24936948 2.61452966
6.83077757 3.70573530 7.24915495 2.61464938
6.83180558 3.70598125 7.24894374 2.61476443
6.83281384 3.70621925 7.24873582 2.61487497
6.83380273 3.70644955 7.24853116 2.61498120
6.83477261 3.70667237 7.24832973 2.61508327
6.83572384 3.70688795 7.24813150 2.61518135
6.83665677 3.70709652 7.24793643 2.61527560
6.83757173 3.70729827 7.24774449 2.61536617
6.83846909 3.70749344 7.24755565 2.61545320
6.83934915 3.70768221 7.24736988 2.61553684
6.84021226 3.70786479 7.24718714 2.61561721
6.84105874 3.70804137 7.24700739 2.61569444
6.84188890 3.70821214 7.24683061 2.61576866
6.84270305 3.70837727 7.24665675 2.61583998
6.84350149 3.70853696 7.24648578 2.61590853
6.84428453 3.70869136 7.24631766 2.61597440
6.84505246 3.70884065 7.24615236 2.61603770
6.84580556 3.70898498 7.24598985 2.61609854
6.84654413 3.70912452 7.24583008 2.61615700
6.84726844 3.70925941 7.24567302 2.61621319
6.84797875 3.70938981 7.24551863 2.61626720
6.84867535 3.70951585 7.24536689 2.61631910
6.84935849 3.70963768 7.24521774 2.61636898
6.85002843 3.70975544 7.24507116 2.61641692
6.85068543 3.70986924 7.24492710 2.61646300
6.85132973 3.70997923 7.24478554 2.61650729
6.85196157 3.71008551 7.24464644 2.61654985
6.85258120 3.71018823 7.24450976 2.61659077
6.85318885 3.71028748 7.24437546 2.61663009
6.85378476 3.71038338 7.24424352 2.61666789
6.85436914 3.71047604 7.24411389 2.61670422
6.85494222 3.71056556 7.24398654 2.61673914
6.85550422 3.71065206 7.24386144 2.61677270
6.85605536 3.71073562 7.24373855 2.61680497
6.85659583 3.71081634 7.24361784 2.61683598
6.85712585 3.71089432 7.24349927 2.61686579
6.85764562 3.71096965 7.24338282 2.61689445
6.85815533 3.71104241 7.24326844 2.61692199
6.85865519 3.71111269 7.24315611 2.61694847
6.85914538 3.71118057 7.24304579 2.61697393
6.85962608 3.71124613 7.24293745 2.61699840
6.86009749 3.71130944 7.24283106 2.61702192
6.86055978 3.71137059 7.24272659 2.61704453
6.86101313 3.71142964 7.24262400 2.61706627
6.86145770 3.71148666 7.24252327 2.61708717
6.86189368 3.71154172 7.24242436 2.61710726
6.86232122 3.71159489 7.24232725 2.61712658
6.86274049 3.71164623 7.24223190 2.61714515
6.86315166 3.71169580 7.24213829 2.61716300
6.86355487 3.71174365 7.24204638 2.61718016
6.86395028 3.71178986 7.24195615 2.61719666
6.86433804 3.71183446 7.24186757 2.61721253
6.86471830 3.71187753 7.24178061 2.61722778
6.86509121 3.71191910 7.24169525 2.61724244
6.86545690 3.71195923 7.24161145 2.61725654
6.86581552 3.71199796 7.24152919 2.61727009
6.86616721 3.71203536 7.24144845 2.61728312
6.86651209 3.71207145 7.24136919 2.61729565
6.86685031 3.71210628 7.24129140 2.61730770
6.86718198 3.71213990 7.24121504 2.61731929
6.86750724 3.71217235 7.24114009 2.61733042
6.86782622 3.71220367 7.24106653 2.61734113
6.86813902 3.71223389 7.24099433 2.61735143
6.86844577 3.71226306 7.24092347 2.61736133
6.86874660 3.71229120 7.24085393 2.61737085
6.86904161 3.71231836 7.24078567 2.61738000
6.86933091 3.71234457 7.24071869 2.61738880
6.86961462 3.71236986 7.24065295 2.61739726
6.86989285 3.71239426 7.24058844 2.61740540
6.87016570 3.71241780 7.24052513 2.61741322
6.87043327 3.71244052 7.24046300 2.61742075
6.87069568 3.71246243 7.24040204 2.61742798
6.87095301 3.71248358 7.24034221 2.61743494
6.87120536 3.71250397 7.24028350 2.61744163
6.87145284 3.71252365 7.24022589 2.61744806
6.87169554 3.71254263 7.24016935 2.61745424
6.87193355 3.71256094 7.24011388 2.61746019
6.87216696 3.71257861 7.24005945 2.61746591
6.87239586 3.71259564 7.24000604 2.61747141
6.87262033 3.71261208 7.23995363 2.61747670
6.87284047 3.71262793 7.23990221 2.61748179
6.87305636 3.71264322 7.23985175 2.61748668
6.87326807 3.71265796 7.23980225 2.61749138
6.87347569 3.71267218 7.23975367 2.61749590
6.87367931 3.71268590 7.23970601 2.61750025
6.87387899 3.71269912 7.23965925 2.61750443
6.87407481 3.71271187 7.23961337 2.61750846
6.87426685 3.71272417 7.23956836 2.61751232
6.87445519 3.71273603 7.23952420 2.61751604
6.87463988 3.71274747 7.23948087 2.61751962
6.87482101 3.71275850 7.23943836 2.61752306
6.87499864 3.71276913 7.23939665 2.61752637
6.87517284 3.71277938 7.23935573 2.61752955
6.87534368 3.71278926 7.23931559 2.61753261
6.87551122 3.71279879 7.23927620 2.61753555
6.87567552 3.71280798 7.23923756 2.61753838
6.87583665 3.71281683 7.23919966 2.61754110
6.87599467 3.71282537 7.23916247 2.61754372
6.87614964 3.71283360 7.23912599 2.61754624
6.87630162 3.71284153 7.23909019 2.61754866
6.87645066 3.71284918 7.23905508 2.61755099
6.87659683 3.71285655 7.23902064 2.61755322
6.87674017 3.71286365 7.23898685 2.61755538
6.87688075 3.71287050 7.23895370 2.61755745
6.87701862 3.71287710 7.23892118 2.61755944
6.87715382 3.71288346 7.23888927 2.61756136
6.87728642 3.71288959 7.23885798 2.61756320
6.87741646 3.71289549 7.23882728 2.61756497
6.87754398 3.71290119 7.23879716 2.61756667
6.87766905 3.71290667 7.23876762 2.61756831
6.87779170 3.71291196 7.23873864 2.61756989
6.87791199 3.71291705 7.23871021 2.61757140
6.87802995 3.71292196 7.23868232 2.61757286
6.87814564 3.71292668 7.23865497 2.61757426
6.87825910 3.71293124 7.23862813 2.61757561
6.87837037 3.71293563 7.23860181 2.61757691
6.87847949 3.71293986 7.23857599 2.61757815
6.87858651 3.71294393 7.23855066 2.61757935
6.87869146 3.71294785 7.23852581 2.61758051
6.87879439 3.71295163 7.23850144 2.61758162
6.87889533 3.71295527 7.23847753 2.61758268
6.87899433 3.71295878 7.23845408 2.61758371
6.87909141 3.71296215 7.23843108 2.61758470
6.87918663 3.71296541 7.23840852 2.61758564
6.87928000 3.71296854 7.23838638 2.61758656
6.87937158 3.71297156 7.23836467 2.61758744
6.87946139 3.71297446 7.23834338 2.61758828
6.87954947 3.71297726 7.23832249 2.61758909
6.87963585 3.71297995 7.23830200 2.61758987
6.87972056 3.71298255 7.23828190 2.61759063
6.87980364 3.71298504 7.23826219 2.61759135
6.87988512 3.71298745 7.23824285 2.61759204
6.87996503 3.71298976 7.23822388 2.61759271
6.88004339 3.71299199 7.23820528 2.61759335
6.88012025 3.71299414 7.23818703 2.61759397
6.88019562 3.71299620 7.23816913 2.61759457
6.88026954 3.71299819 7.23815158 2.61759514
6.88034204 3.71300010 7.23813436 2.61759569
6.88041314 3.71300194 7.23811747 2.61759622
6.88048286 3.71300371 7.23810090 2.61759673
6.88055125 3.71300542 7.23808465 2.61759722
6.88061831 3.71300706 7.23806871 2.61759769
6.88068408 3.71300864 7.23805308 2.61759814
6.88074859 3.71301016 7.23803774 2.61759858
6.88081185 3.71301162 7.23802270 2.61759900
6.88087389 3.71301303 7.23800795 2.61759940
6.88093473 3.71301438 7.23799348 2.61759979
6.88099441 3.71301568 7.23797929 2.61760016
6.88105293 3.71301694 7.23796536 2.61760052
6.88111032 3.71301814 7.23795171 2.61760086
6.88116661 3.71301930 7.23793832 2.61760119
6.88122181 3.71302041 7.23792518 2.61760151
6.88127595 3.71302149 7.23791230 2.61760182
6.88132905 3.71302252 7.23789966 2.61760212
6.88138112 3.71302351 7.23788727 2.61760240
6.88143219 3.71302446 7.23787511 2.61760267
6.88148227 3.71302538 7.23786319 2.61760294
6.88153139 3.71302626 7.23785149 2.61760319
6.88157957 3.71302710 7.23784002 2.61760343
6.88162681 3.71302792 7.23782877 2.61760366
6.88167315 3.71302870 7.23781774 2.61760389
6.88171859 3.71302945 7.23780692 2.61760411
6.88176315 3.71303018 7.23779630 2.61760431
6.88180686 3.71303087 7.23778589 2.61760451
6.88184973 3.71303154 7.23777568 2.61760471
6.88189176 3.71303218 7.23776566 2.61760489
6.88193299 3.71303279 7.23775584 2.61760507
6.88197343 3.71303339 7.23774620 2.61760524
6.88201308 3.71303395 7.23773675 2.61760540
6.88205198 3.71303450 7.23772748 2.61760556
6.88209012 3.71303502 7.23771839 2.61760571
6.88212752 3.71303553 7.23770948 2.61760586
6.88216421 3.71303601 7.23770073 2.61760600
6.88220019 3.71303647 7.23769216 2.61760614
6.88223548 3.71303692 7.23768374 2.61760627
6.88227008 3.71303735 7.23767549 2.61760639
6.88230402 3.71303776 7.23766740 2.61760651
6.88233731 3.71303815 7.23765946 2.61760663
6.88236996 3.71303853 7.23765168 2.61760674
6.88240197 3.71303889 7.23764404 2.61760685
6.88243337 3.71303924 7.23763656 2.61760695
6.88246417 3.71303957 7.23762921 2.61760705
6.88249437 3.71303989 7.23762201 2.61760715
6.88252399 3.71304020 7.23761494 2.61760724
6.88255303 3.71304050 7.23760801 2.61760733
6.88258152 3.71304078 7.23760122 2.61760741
6.88260946 3.71304105 7.23759455 2.61760749
6.88263687 3.71304131 7.23758802 2.61760757
6.88266374 3.71304156 7.23758160 2.61760765
6.88269010 3.71304180 7.23757531 2.61760772
6.88271595 3.71304202 7.23756915 2.61760779
6.88274130 3.71304224 7.23756310 2.61760786
6.88276616 3.71304245 7.23755716 2.61760792
6.88279055 3.71304265 7.23755135 2.61760798
6.88281446 3.71304284 7.23754564 2.61760804
6.88283791 3.71304303 7.23754004 2.61760810
6.88286092 3.71304320 7.23753455 2.61760816
6.88288347 3.71304337 7.23752917 2.61760821
6.88290560 3.71304353 7.23752389 2.61760826
6.88292730 3.71304369 7.23751871 2.61760831
6.88294858 3.71304383 7.23751363 2.61760836
6.88296945 3.71304397 7.23750865 2.61760840
6.88298992 3.71304411 7.23750376 2.61760845
6.88300999 3.71304424 7.23749897 2.61760849
6.88302968 3.71304436 7.23749427 2.61760853
6.88304899 3.71304448 7.23748966 2.61760857
6.88306792 3.71304459 7.23748513 2.61760861
6.88308650 3.71304470 7.23748070 2.61760864
6.88310471 3.71304480 7.23747635 2.61760868
6.88312257 3.71304490 7.23747209 2.61760871
6.88314009 3.71304499 7.23746790 2.61760874
6.88315727 3.71304508 7.23746380 2.61760877
6.88317413 3.71304516 7.23745978 2.61760880
6.88319065 3.71304524 7.23745583 2.61760883
6.88320686 3.71304532 7.23745196 2.61760886
6.88322276 3.71304539 7.23744816 2.61760889
6.88323835 3.71304546 7.23744444 2.61760891
6.88325364 3.71304553 7.23744079 2.61760894
6.88326863 3.71304559 7.23743721 2.61760896
6.88328334 3.71304565 7.23743369 2.61760898
6.88329776 3.71304571 7.23743025 2.61760900
6.88331191 3.71304576 7.23742687 2.61760903
6.88332578 3.71304581 7.23742355 2.61760905
6.88333939 3.71304586 7.23742030 2.61760907
6.88335273 3.71304591 7.23741712 2.61760908
6.88336582 3.71304595 7.23741399 2.61760910
6.88337865 3.71304599 7.23741092 2.61760912
6.88339124 3.71304603 7.23740792 2.61760914
6.88340359 3.71304607 7.23740497 2.61760915
6.88341570 3.71304611 7.23740208 2.61760917
6.88342757 3.71304614 7.23739924 2.61760918
6.88343922 3.71304617 7.23739646 2.61760920
6.88345064 3.71304620 7.23739373 2.61760921
6.88346184 3.71304623 7.23739105 2.61760922
6.88347283 3.71304625 7.23738843 2.61760924
6.88348360 3.71304628 7.23738585 2.61760925
6.88349417 3.71304630 7.23738333 2.61760926
6.88350453 3.71304632 7.23738085 2.61760927
6.88351470 3.71304635 7.23737842 2.61760928
6.88352466 3.71304636 7.23737604 2.61760929
6.88353444 3.71304638 7.23737370 2.61760930
