2.31540105 0.60782282 2.56906612 0.60095788
2.31729532 0.61081815 2.56222507 0.60690559
2.31920446 0.61381607 2.55535546 0.61289899
2.32112781 0.61681599 2.54845902 0.61893525
2.32306472 0.61981728 2.54153752 0.62501143
2.32501449 0.62281931 2.53459279 0.63112452
2.32697643 0.62582144 2.52762665 0.63727140
2.32894979 0.62882300 2.52064100 0.64344885
2.33093387 0.63182334 2.51363775 0.64965360
2.33292790 0.63482176 2.50661882 0.65588229
2.33493112 0.63781758 2.49958619 0.66213148
2.33694277 0.64081009 2.49254184 0.66839770
2.33896205 0.64379860 2.48548777 0.67467740
2.34098817 0.64678237 2.47842600 0.68096701
2.34302033 0.64976070 2.47135858 0.68726291
2.34505771 0.65273287 2.46428754 0.69356146
2.34709949 0.65569813 2.45721495 0.69985900
2.34914486 0.65865577 2.45014286 0.70615186
2.35119297 0.66160505 2.44307333 0.71243636
2.35324299 0.66454525 2.43600842 0.71870884
2.35529409 0.66747564 2.42895020 0.72496567
2.35734543 0.67039549 2.42190070 0.73120322
2.35939617 0.67330408 2.41486197 0.73741791
2.36144549 0.67620071 2.40783602 0.74360620
2.36349253 0.67908466 2.40082487 0.74976460
2.36553648 0.68195523 2.39383050 0.75588969
2.36757650 0.68481173 2.38685486 0.76197812
2.36961179 0.68765350 2.37989991 0.76802659
2.37164152 0.69047984 2.37296754 0.77403192
2.37366490 0.69329012 2.36605963 0.77999099
2.37568112 0.69608368 2.35917803 0.78590080
2.37768940 0.69885990 2.35232453 0.79175844
2.37968898 0.70161817 2.34550090 0.79756111
2.38167908 0.70435788 2.33870887 0.80330613
2.38365896 0.70707847 2.33195011 0.80899093
2.38562789 0.70977936 2.32522626 0.81461307
2.38758514 0.71246001 2.31853891 0.82017023
2.38953001 0.71511990 2.31188958 0.82566022
2.39146181 0.71775852 2.30527976 0.83108099
2.39337987 0.72037538 2.29871090 0.83643061
2.39528354 0.72297002 2.29218435 0.84170729
2.39717217 0.72554200 2.28570146 0.84690939
2.39904516 0.72809089 2.27926348 0.85203538
2.40090190 0.73061628 2.27287163 0.85708388
2.40274181 0.73311780 2.26652706 0.86205364
2.40456433 0.73559508 2.26023087 0.86694356
2.40636892 0.73804779 2.25398409 0.87175265
2.40815505 0.74047561 2.24778771 0.87648006
2.40992223 0.74287824 2.24164264 0.88112508
2.41166997 0.74525541 2.23554975 0.88568711
2.41339781 0.74760686 2.22950984 0.89016568
2.41510530 0.74993237 2.22352366 0.89456044
2.41679204 0.75223171 2.21759190 0.89887115
2.41845760 0.75450470 2.21171520 0.90309769
2.42010161 0.75675116 2.20589412 0.90724004
2.42172370 0.75897094 2.20012920 0.91129830
2.42332354 0.76116391 2.19442089 0.91527266
2.42490079 0.76332994 2.18876962 0.91916340
2.42645514 0.76546896 2.18317575 0.92297089
2.42798631 0.76758086 2.17763958 0.92669561
2.42949402 0.76966560 2.17216139 0.93033809
2.43097801 0.77172312 2.16674138 0.93389897
2.43243806 0.77375339 2.16137971 0.93737893
2.43387394 0.77575641 2.15607651 0.94077875
2.43528544 0.77773217 2.15083185 0.94409925
2.43667237 0.77968067 2.14564576 0.94734131
2.43803456 0.78160197 2.14051823 0.95050589
2.43937185 0.78349608 2.13544922 0.95359396
2.44068408 0.78536307 2.13043862 0.95660658
2.44197114 0.78720300 2.12548632 0.95954483
2.44323288 0.78901595 2.12059215 0.96240981
2.44446922 0.79080201 2.11575591 0.96520269
2.44568005 0.79256126 2.11097737 0.96792464
2.44686529 0.79429383 2.10625628 0.97057689
2.44802486 0.79599982 2.10159233 0.97316065
2.44915870 0.79767936 2.09698521 0.97567720
2.45026675 0.79933257 2.09243456 0.97812778
2.45134898 0.80095961 2.08794002 0.98051370
2.45240533 0.80256061 2.08350119 0.98283625
2.45343580 0.80413573 2.07911764 0.98509672
2.45444035 0.80568512 2.07478893 0.98729643
2.45541897 0.80720895 2.07051459 0.98943669
2.45637166 0.80870738 2.06629415 0.99151882
2.45729842 0.81018059 2.06212710 0.99354413
2.45819925 0.81162876 2.05801292 0.99551392
2.45907416 0.81305205 2.05395108 0.99742950
2.45992317 0.81445067 2.04994103 0.99929218
2.46074630 0.81582478 2.04598220 1.00110323
2.46154357 0.81717459 2.04207403 1.00286395
2.46231502 0.81850027 2.03821592 1.00457559
2.46306068 0.81980203 2.03440727 1.00623943
2.46378057 0.82108005 2.03064748 1.00785669
2.46447474 0.82233452 2.02693594 1.00942862
2.46514323 0.82356565 2.02327201 1.01095643
2.46578607 0.82477362 2.01965507 1.01244132
2.46640332 0.82595863 2.01608448 1.01388446
2.46699501 0.82712088 2.01255959 1.01528704
2.46756120 0.82826056 2.00907976 1.01665019
2.46810192 0.82937787 2.00564433 1.01797504
2.46861723 0.83047299 2.00225265 1.01926271
2.46910717 0.83154612 1.99890406 1.02051430
2.46957179 0.83259746 1.99559789 1.02173087
2.47001113 0.83362719 1.99233349 1.02291347
2.47042525 0.83463549 1.98911018 1.02406316
2.47081418 0.83562256 1.98592730 1.02518093
2.47117797 0.83658859 1.98278419 1.02626780
2.47151667 0.83753374 1.97968017 1.02732473
2.47183032 0.83845821 1.97661459 1.02835269
2.47211896 0.83936218 1.97358676 1.02935261
2.47238262 0.84024581 1.97059605 1.03032542
2.47262136 0.84110929 1.96764176 1.03127201
2.47283519 0.84195278 1.96472326 1.03219327
2.47302416 0.84277645 1.96183987 1.03309007
2.47318830 0.84358048 1.95899095 1.03396324
2.47332763 0.84436502 1.95617584 1.03481363
2.47344219 0.84513023 1.95339388 1.03564203
2.47353200 0.84587627 1.95064443 1.03644924
2.47359708 0.84660331 1.94792685 1.03723604
2.47363745 0.84731148 1.94524049 1.03800318
2.47365313 0.84800094 1.94258471 1.03875142
2.47364414 0.84867184 1.93995890 1.03948147
2.47361048 0.84932431 1.93736240 1.04019406
2.47355216 0.84995851 1.93479461 1.04088987
2.47346920 0.85057456 1.93225489 1.04156958
2.47336159 0.85117260 1.92974264 1.04223388
2.47322933 0.85175277 1.92725723 1.04288340
2.47307243 0.85231518 1.92479807 1.04351878
2.47289087 0.85285998 1.92236455 1.04414066
2.47268465 0.85338727 1.91995607 1.04474965
2.47245375 0.85389718 1.91757204 1.04534634
2.47219817 0.85438982 1.91521186 1.04593133
2.47191789 0.85486531 1.91287497 1.04650519
2.47161288 0.85532376 1.91056077 1.04706849
2.47128312 0.85576528 1.90826870 1.04762179
2.47092859 0.85618996 1.90599819 1.04816562
2.47054926 0.85659792 1.90374867 1.04870051
2.47014509 0.85698925 1.90151959 1.04922701
2.46971606 0.85736405 1.89931039 1.04974561
2.46926212 0.85772241 1.89712052 1.05025683
2.46878324 0.85806442 1.89494945 1.05076115
2.46827937 0.85839017 1.89279663 1.05125907
2.46775048 0.85869975 1.89066153 1.05175107
2.46719650 0.85899323 1.88854363 1.05223762
2.46661740 0.85927071 1.88644240 1.05271918
2.46601312 0.85953225 1.88435733 1.05319621
2.46538361 0.85977793 1.88228790 1.05366917
2.46472882 0.86000783 1.88023361 1.05413848
2.46404867 0.86022202 1.87819396 1.05460460
2.46334313 0.86042057 1.87616845 1.05506795
2.46261211 0.86060353 1.87415660 1.05552897
2.46185556 0.86077099 1.87215790 1.05598806
2.46107342 0.86092300 1.87017189 1.05644564
2.46026562 0.86105961 1.86819809 1.05690212
2.45943209 0.86118090 1.86623603 1.05735792
2.45857276 0.86128691 1.86428524 1.05781342
2.45768756 0.86137771 1.86234527 1.05826903
2.45677642 0.86145334 1.86041565 1.05872513
2.45583927 0.86151387 1.85849594 1.05918212
2.45487604 0.86155933 1.85658570 1.05964037
2.45388666 0.86158977 1.85468449 1.06010028
2.45287104 0.86160526 1.85279186 1.06056220
2.45182913 0.86160583 1.85090740 1.06102653
2.45076084 0.86159153 1.84903068 1.06149362
2.44966610 0.86156240 1.84716128 1.06196384
2.44854484 0.86151849 1.84529879 1.06243756
2.44739700 0.86145985 1.84344280 1.06291514
2.44622249 0.86138650 1.84159290 1.06339693
2.44502124 0.86129851 1.83974871 1.06388330
2.44379320 0.86119590 1.83790982 1.06437458
2.44253829 0.86107871 1.83607586 1.06487114
2.44125645 0.86094700 1.83424644 1.06537331
2.43994761 0.86080079 1.83242118 1.06588144
2.43861171 0.86064013 1.83059971 1.06639588
2.43724869 0.86046506 1.82878167 1.06691695
2.43585850 0.86027562 1.82696670 1.06744500
2.43444108 0.86007185 1.82515445 1.06798035
2.43299638 0.85985380 1.82334457 1.06852334
2.43152436 0.85962149 1.82153671 1.06907428
2.43002496 0.85937499 1.81973054 1.06963352
2.42849815 0.85911432 1.81792573 1.07020135
2.42694389 0.85883953 1.81612195 1.07077810
2.42536215 0.85855068 1.81431888 1.07136408
2.42375291 0.85824779 1.81251622 1.07195961
2.42211613 0.85793093 1.81071364 1.07256497
2.42045181 0.85760014 1.80891087 1.07318048
2.41875993 0.85725547 1.80710758 1.07380644
2.41704048 0.85689697 1.80530351 1.07444312
2.41529347 0.85652469 1.80349837 1.07509083
2.41351891 0.85613870 1.80169188 1.07574984
2.41171679 0.85573905 1.79988377 1.07642042
2.40988715 0.85532580 1.79807379 1.07710286
2.40803000 0.85489901 1.79626167 1.07779741
2.40614539 0.85445875 1.79444717 1.07850433
2.40423336 0.85400509 1.79263004 1.07922388
2.40229395 0.85353809 1.79081005 1.07995630
2.40032722 0.85305782 1.78898698 1.08070183
2.39833324 0.85256437 1.78716060 1.08146070
2.39631208 0.85205782 1.78533069 1.08223314
2.39426383 0.85153824 1.78349707 1.08301936
2.39218859 0.85100572 1.78165951 1.08381956
2.39008644 0.85046035 1.77981785 1.08463394
2.38795752 0.84990222 1.77797188 1.08546269
2.38580193 0.84933144 1.77612144 1.08630600
2.38361982 0.84874809 1.77426636 1.08716401
2.38141132 0.84815230 1.77240648 1.08803691
2.37917660 0.84754415 1.77054165 1.08892482
2.37691581 0.84692378 1.76867172 1.08982788
2.37462915 0.84629129 1.76679657 1.09074622
2.37231678 0.84564681 1.76491606 1.09167994
2.36997892 0.84499046 1.76303008 1.09262915
2.36761578 0.84432237 1.76113851 1.09359392
2.36522758 0.84364269 1.75924126 1.09457434
2.36281456 0.84295155 1.75733824 1.09557045
2.36037697 0.84224909 1.75542935 1.09658229
2.35791507 0.84153547 1.75351454 1.09760991
2.35542913 0.84081085 1.75159372 1.09865330
2.35291944 0.84007537 1.74966684 1.09971246
2.35038630 0.83932922 1.74773386 1.10078739
2.34783002 0.83857255 1.74579474 1.10187804
2.34525093 0.83780555 1.74384944 1.10298436
2.34264937 0.83702840 1.74189795 1.10410628
2.34002569 0.83624128 1.73994025 1.10524373
2.33738025 0.83544438 1.73797634 1.10639660
2.33471343 0.83463791 1.73600623 1.10756476
2.33202563 0.83382206 1.73402993 1.10874810
2.32931724 0.83299704 1.73204746 1.10994644
2.32658868 0.83216307 1.73005887 1.11115963
2.32384038 0.83132035 1.72806418 1.11238746
2.32107278 0.83046913 1.72606346 1.11362974
2.31828634 0.82960962 1.72405676 1.11488624
2.31548153 0.82874205 1.72204416 1.11615672
2.31265881 0.82786667 1.72002572 1.11744092
2.30981869 0.82698372 1.71800154 1.11873856
2.30696166 0.82609344 1.71597171 1.12004934
2.30408824 0.82519609 1.71393634 1.12137295
2.30119895 0.82429193 1.71189553 1.12270906
2.29829432 0.82338121 1.70984941 1.12405733
2.29537491 0.82246420 1.70779810 1.12541740
2.29244127 0.82154117 1.70574174 1.12678887
2.28949397 0.82061240 1.70368048 1.12817137
2.28653357 0.81967816 1.70161446 1.12956448
2.28356067 0.81873873 1.69954385 1.13096777
2.28057585 0.81779440 1.69746881 1.13238081
2.27757973 0.81684545 1.69538951 1.13380314
2.27457290 0.81589218 1.69330614 1.13523430
2.27155598 0.81493488 1.69121887 1.13667380
2.26852959 0.81397384 1.68912792 1.13812116
2.26549438 0.81300936 1.68703346 1.13957587
2.26245095 0.81204174 1.68493571 1.14103743
2.25939997 0.81107129 1.68283489 1.14250531
2.25634207 0.81009831 1.68073119 1.14397897
2.25327790 0.80912311 1.67862486 1.14545789
2.25020811 0.80814598 1.67651611 1.14694150
2.24713336 0.80716724 1.67440517 1.14842927
2.24405430 0.80618720 1.67229228 1.14992062
2.24097159 0.80520617 1.67017768 1.15141500
2.23788590 0.80422444 1.66806161 1.15291183
2.23479788 0.80324234 1.66594432 1.15441055
2.23170819 0.80226017 1.66382606 1.15591058
2.22861750 0.80127823 1.66170708 1.15741135
2.22552646 0.80029683 1.65958763 1.15891228
2.22243573 0.79931628 1.65746797 1.16041280
2.21934596 0.79833687 1.65534837 1.16191233
2.21625780 0.79735892 1.65322907 1.16341031
2.21317191 0.79638271 1.65111035 1.16490617
2.21008893 0.79540855 1.64899247 1.16639934
2.20700949 0.79443672 1.64687568 1.16788926
2.20393423 0.79346753 1.64476026 1.16937539
2.20086377 0.79250125 1.64264647 1.17085717
2.19779875 0.79153817 1.64053457 1.17233408
2.19473976 0.79057858 1.63842483 1.17380557
2.19168743 0.78962275 1.63631751 1.17527112
2.18864235 0.78867095 1.63421287 1.17673023
2.18560512 0.78772344 1.63211117 1.17818239
2.18257630 0.78678051 1.63001266 1.17962712
2.17955649 0.78584239 1.62791762 1.18106392
2.17654623 0.78490936 1.62582629 1.18249234
2.17354610 0.78398165 1.62373892 1.18391192
2.17055662 0.78305951 1.62165577 1.18532222
2.16757833 0.78214318 1.61957708 1.18672281
2.16461176 0.78123289 1.61750310 1.18811328
2.16165741 0.78032886 1.61543406 1.18949323
2.15871578 0.77943133 1.61337021 1.19086226
2.15578736 0.77854050 1.61131178 1.19222002
2.15287263 0.77765659 1.60925900 1.19356615
2.14997204 0.77677979 1.60721210 1.19490031
2.14708604 0.77591030 1.60517129 1.19622218
2.14421508 0.77504831 1.60313680 1.19753144
2.14135957 0.77419401 1.60110884 1.19882781
2.13851992 0.77334757 1.59908762 1.20011102
2.13569654 0.77250916 1.59707335 1.20138080
2.13288980 0.77167894 1.59506621 1.20263691
2.13010007 0.77085708 1.59306641 1.20387912
2.12732772 0.77004371 1.59107414 1.20510723
2.12457308 0.76923900 1.58908958 1.20632103
2.12183648 0.76844306 1.58711291 1.20752035
2.11911824 0.76765603 1.58514431 1.20870502
2.11641867 0.76687804 1.58318394 1.20987490
2.11373804 0.76610920 1.58123197 1.21102986
2.11107664 0.76534962 1.57928855 1.21216976
2.10843473 0.76459940 1.57735385 1.21329452
2.10581255 0.76385864 1.57542799 1.21440404
2.10321034 0.76312743 1.57351114 1.21549825
2.10062832 0.76240585 1.57160342 1.21657708
2.09806670 0.76169398 1.56970497 1.21764049
2.09552568 0.76099189 1.56781591 1.21868844
2.09300544 0.76029965 1.56593636 1.21972092
2.09050615 0.75961731 1.56406644 1.22073790
2.08802797 0.75894493 1.56220626 1.22173941
2.08557104 0.75828254 1.56035592 1.22272544
2.08313549 0.75763020 1.55851551 1.22369602
2.08072146 0.75698794 1.55668515 1.22465120
2.07832905 0.75635579 1.55486491 1.22559102
2.07595835 0.75573376 1.55305487 1.22651553
2.07360947 0.75512188 1.55125512 1.22742480
2.07128246 0.75452017 1.54946574 1.22831891
2.06897740 0.75392862 1.54768678 1.22919794
2.06669435 0.75334724 1.54591831 1.23006198
2.06443335 0.75277604 1.54416040 1.23091113
2.06219443 0.75221499 1.54241309 1.23174551
2.05997762 0.75166410 1.54067644 1.23256522
2.05778294 0.75112334 1.53895050 1.23337039
2.05561039 0.75059269 1.53723530 1.23416115
2.05345997 0.75007213 1.53553087 1.23493763
2.05133166 0.74956164 1.53383727 1.23569997
2.04922546 0.74906117 1.53215450 1.23644831
2.04714133 0.74857069 1.53048260 1.23718281
2.04507924 0.74809016 1.52882159 1.23790361
2.04303913 0.74761953 1.52717148 1.23861088
2.04102097 0.74715877 1.52553229 1.23930478
2.03902469 0.74670781 1.52390402 1.23998547
2.03705023 0.74626661 1.52228669 1.24065312
2.03509752 0.74583510 1.52068029 1.24130791
2.03316648 0.74541323 1.51908483 1.24194999
2.03125701 0.74500093 1.51750029 1.24257956
2.02936905 0.74459815 1.51592668 1.24319679
2.02750248 0.74420480 1.51436398 1.24380185
2.02565720 0.74382082 1.51281218 1.24439493
2.02383312 0.74344614 1.51127126 1.24497622
2.02203011 0.74308069 1.50974120 1.24554588
2.02024807 0.74272438 1.50822199 1.24610411
2.01848686 0.74237713 1.50671359 1.24665109
2.01674637 0.74203888 1.50521598 1.24718700
2.01502646 0.74170952 1.50372914 1.24771202
2.01332701 0.74138899 1.50225302 1.24822635
2.01164787 0.74107719 1.50078761 1.24873016
2.00998890 0.74077403 1.49933286 1.24922364
2.00834996 0.74047944 1.49788873 1.24970696
2.00673091 0.74019331 1.49645518 1.25018031
2.00513159 0.73991556 1.49503218 1.25064388
2.00355185 0.73964610 1.49361968 1.25109783
2.00199153 0.73938483 1.49221763 1.25154236
2.00045048 0.73913166 1.49082599 1.25197762
1.99892853 0.73888650 1.48944471 1.25240381
1.99742553 0.73864924 1.48807375 1.25282109
1.99594131 0.73841980 1.48671304 1.25322963
1.99447570 0.73819808 1.48536255 1.25362961
1.99302854 0.73798399 1.48402220 1.25402120
1.99159966 0.73777741 1.48269196 1.25440455
1.99018889 0.73757826 1.48137176 1.25477984
1.98879605 0.73738645 1.48006155 1.25514723
1.98742098 0.73720186 1.47876126 1.25550688
1.98606350 0.73702441 1.47747085 1.25585894
1.98472343 0.73685399 1.47619025 1.25620358
1.98340060 0.73669051 1.47491940 1.25654095
1.98209484 0.73653387 1.47365824 1.25687119
1.98080597 0.73638397 1.47240670 1.25719447
1.97953382 0.73624071 1.47116474 1.25751092
1.97827820 0.73610399 1.46993227 1.25782069
1.97703894 0.73597373 1.46870924 1.25812393
1.97581586 0.73584982 1.46749558 1.25842077
1.97460879 0.73573215 1.46629123 1.25871135
1.97341755 0.73562065 1.46509613 1.25899581
1.97224196 0.73551521 1.46391021 1.25927429
1.97108185 0.73541573 1.46273339 1.25954690
1.96993704 0.73532213 1.46156563 1.25981379
1.96880736 0.73523430 1.46040684 1.26007507
1.96769262 0.73515215 1.45925697 1.26033088
1.96659266 0.73507558 1.45811594 1.26058133
1.96550730 0.73500452 1.45698369 1.26082653
1.96443637 0.73493885 1.45586016 1.26106662
1.96337970 0.73487850 1.45474527 1.26130170
1.96233711 0.73482337 1.45363896 1.26153189
1.96130843 0.73477336 1.45254116 1.26175729
1.96029350 0.73472840 1.45145181 1.26197801
1.95929214 0.73468839 1.45037083 1.26219417
1.95830418 0.73465324 1.44929816 1.26240585
1.95732947 0.73462286 1.44823373 1.26261317
1.95636783 0.73459718 1.44717748 1.26281623
1.95541910 0.73457610 1.44612934 1.26301511
1.95448311 0.73455953 1.44508924 1.26320992
1.95355970 0.73454741 1.44405711 1.26340075
1.95264872 0.73453963 1.44303290 1.26358768
1.95174999 0.73453612 1.44201653 1.26377081
1.95086337 0.73453680 1.44100793 1.26395023
1.94998869 0.73454159 1.44000705 1.26412602
1.94912580 0.73455040 1.43901381 1.26429826
1.94827454 0.73456316 1.43802816 1.26446704
1.94743475 0.73457979 1.43705002 1.26463243
1.94660630 0.73460022 1.43607933 1.26479451
1.94578902 0.73462436 1.43511604 1.26495336
1.94498276 0.73465214 1.43416006 1.26510905
1.94418739 0.73468349 1.43321135 1.26526165
1.94340274 0.73471834 1.43226983 1.26541124
1.94262868 0.73475661 1.43133545 1.26555788
1.94186507 0.73479822 1.43040814 1.26570165
1.94111175 0.73484312 1.42948783 1.26584260
1.94036859 0.73489122 1.42857448 1.26598080
1.93963545 0.73494247 1.42766802 1.26611632
1.93891219 0.73499679 1.42676838 1.26624921
1.93819867 0.73505411 1.42587550 1.26637954
1.93749476 0.73511438 1.42498933 1.26650736
1.93680033 0.73517752 1.42410981 1.26663273
1.93611524 0.73524347 1.42323687 1.26675571
1.93543937 0.73531216 1.42237046 1.26687635
1.93477258 0.73538354 1.42151052 1.26699471
1.93411474 0.73545755 1.42065699 1.26711083
1.93346574 0.73553411 1.41980982 1.26722477
1.93282544 0.73561318 1.41896894 1.26733657
1.93219372 0.73569469 1.41813430 1.26744629
1.93157046 0.73577859 1.41730585 1.26755397
1.93095554 0.73586481 1.41648352 1.26765965
1.93034884 0.73595331 1.41566727 1.26776339
1.92975024 0.73604403 1.41485703 1.26786522
1.92915963 0.73613690 1.41405276 1.26796519
1.92857689 0.73623189 1.41325440 1.26806334
1.92800191 0.73632893 1.41246190 1.26815971
1.92743458 0.73642798 1.41167520 1.26825433
1.92687479 0.73652897 1.41089425 1.26834726
1.92632243 0.73663187 1.41011900 1.26843852
1.92577738 0.73673662 1.40934940 1.26852815
1.92523955 0.73684318 1.40858539 1.26861619
1.92470883 0.73695149 1.40782693 1.26870267
1.92418512 0.73706151 1.40707397 1.26878762
1.92366831 0.73717319 1.40632645 1.26887109
1.92315831 0.73728648 1.40558433 1.26895310
1.92265501 0.73740135 1.40484756 1.26903368
1.92215831 0.73751775 1.40411608 1.26911286
1.92166813 0.73763563 1.40338986 1.26919068
1.92118436 0.73775495 1.40266884 1.26926717
1.92070692 0.73787567 1.40195298 1.26934234
1.92023570 0.73799775 1.40124223 1.26941624
1.91977061 0.73812114 1.40053654 1.26948888
1.91931157 0.73824582 1.39983587 1.26956030
1.91885849 0.73837173 1.39914017 1.26963051
1.91841128 0.73849884 1.39844941 1.26969955
1.91796985 0.73862712 1.39776352 1.26976744
1.91753412 0.73875653 1.39708248 1.26983421
1.91710401 0.73888702 1.39640624 1.26989987
1.91667942 0.73901857 1.39573474 1.26996445
1.91626028 0.73915113 1.39506796 1.27002797
1.91584651 0.73928468 1.39440585 1.27009046
1.91543803 0.73941918 1.39374836 1.27015193
1.91503476 0.73955460 1.39309546 1.27021241
1.91463662 0.73969091 1.39244711 1.27027192
1.91424354 0.73982806 1.39180326 1.27033047
1.91385544 0.73996604 1.39116387 1.27038808
1.91347225 0.74010482 1.39052890 1.27044478
1.91309389 0.74024435 1.38989833 1.27050059
1.91272030 0.74038461 1.38927209 1.27055551
1.91235140 0.74052558 1.38865017 1.27060957
1.91198713 0.74066722 1.38803251 1.27066279
1.91162740 0.74080950 1.38741908 1.27071518
1.91127217 0.74095241 1.38680985 1.27076675
1.91092136 0.74109591 1.38620478 1.27081753
1.91057490 0.74123997 1.38560382 1.27086753
1.91023273 0.74138457 1.38500695 1.27091677
1.90989479 0.74152969 1.38441413 1.27096525
1.90956101 0.74167530 1.38382532 1.27101300
1.90923133 0.74182137 1.38324048 1.27106003
1.90890570 0.74196789 1.38265959 1.27110635
1.90858405 0.74211482 1.38208261 1.27115197
1.90826631 0.74226215 1.38150950 1.27119692
1.90795245 0.74240986 1.38094023 1.27124119
1.90764239 0.74255791 1.38037477 1.27128481
1.90733607 0.74270630 1.37981308 1.27132778
1.90703346 0.74285499 1.37925513 1.27137012
1.90673448 0.74300398 1.37870089 1.27141185
1.90643909 0.74315323 1.37815033 1.27145296
1.90614723 0.74330273 1.37760341 1.27149348
1.90585886 0.74345246 1.37706011 1.27153341
1.90557391 0.74360240 1.37652039 1.27157276
1.90529234 0.74375253 1.37598422 1.27161155
1.90501410 0.74390283 1.37545157 1.27164979
1.90473914 0.74405329 1.37492241 1.27168748
1.90446741 0.74420390 1.37439671 1.27172463
1.90419887 0.74435462 1.37387445 1.27176126
1.90393346 0.74450545 1.37335559 1.27179738
1.90367114 0.74465636 1.37284010 1.27183298
1.90341187 0.74480735 1.37232796 1.27186809
1.90315559 0.74495840 1.37181913 1.27190271
1.90290228 0.74510949 1.37131360 1.27193685
1.90265187 0.74526061 1.37081132 1.27197051
1.90240434 0.74541174 1.37031228 1.27200371
1.90215964 0.74556287 1.36981645 1.27203645
1.90191772 0.74571399 1.36932380 1.27206875
1.90167855 0.74586508 1.36883430 1.27210060
1.90144208 0.74601612 1.36834792 1.27213203
1.90120828 0.74616711 1.36786465 1.27216302
1.90097711 0.74631804 1.36738445 1.27219360
1.90074853 0.74646889 1.36690730 1.27222376
1.90052250 0.74661964 1.36643318 1.27225353
1.90029898 0.74677029 1.36596206 1.27228289
1.90007795 0.74692083 1.36549391 1.27231186
1.89985935 0.74707124 1.36502871 1.27234045
1.89964317 0.74722152 1.36456644 1.27236865
1.89942935 0.74737164 1.36410707 1.27239649
1.89921788 0.74752162 1.36365057 1.27242396
1.89900870 0.74767142 1.36319694 1.27245107
1.89880180 0.74782104 1.36274613 1.27247782
1.89859714 0.74797048 1.36229813 1.27250423
1.89839469 0.74811973 1.36185292 1.27253029
1.89819440 0.74826876 1.36141047 1.27255601
1.89799627 0.74841758 1.36097076 1.27258141
1.89780024 0.74856618 1.36053378 1.27260647
1.89760630 0.74871455 1.36009948 1.27263122
1.89741441 0.74886268 1.35966787 1.27265564
1.89722455 0.74901056 1.35923891 1.27267976
1.89703668 0.74915818 1.35881258 1.27270357
1.89685078 0.74930554 1.35838886 1.27272707
1.89666682 0.74945263 1.35796773 1.27275028
1.89648477 0.74959944 1.35754917 1.27277320
1.89630460 0.74974597 1.35713316 1.27279582
1.89612629 0.74989221 1.35671969 1.27281817
1.89594982 0.75003814 1.35630872 1.27284023
1.89577515 0.75018377 1.35590024 1.27286202
1.89560226 0.75032910 1.35549423 1.27288354
1.89543113 0.75047410 1.35509068 1.27290479
1.89526173 0.75061878 1.35468955 1.27292578
1.89509403 0.75076313 1.35429084 1.27294651
1.89492802 0.75090715 1.35389452 1.27296698
1.89476367 0.75105083 1.35350058 1.27298720
1.89460096 0.75119416 1.35310899 1.27300718
1.89443987 0.75133715 1.35271974 1.27302691
1.89428036 0.75147977 1.35233282 1.27304640
1.89412243 0.75162204 1.35194819 1.27306565
1.89396604 0.75176395 1.35156585 1.27308467
1.89381118 0.75190548 1.35118578 1.27310346
1.89365783 0.75204665 1.35080796 1.27312202
1.89350597 0.75218743 1.35043237 1.27314036
1.89335557 0.75232784 1.35005899 1.27315848
1.89320662 0.75246785 1.34968782 1.27317638
1.89305909 0.75260748 1.34931882 1.27319407
1.89291297 0.75274672 1.34895200 1.27321155
1.89276824 0.75288556 1.34858732 1.27322882
1.89262488 0.75302400 1.34822477 1.27324589
1.89248287 0.75316204 1.34786435 1.27326275
1.89234219 0.75329967 1.34750602 1.27327941
1.89220283 0.75343690 1.34714977 1.27329588
1.89206476 0.75357371 1.34679560 1.27331215
1.89192798 0.75371011 1.34644348 1.27332824
1.89179246 0.75384608 1.34609340 1.27334413
1.89165818 0.75398164 1.34574535 1.27335984
1.89152514 0.75411678 1.34539930 1.27337537
1.89139330 0.75425149 1.34505524 1.27339071
1.89126267 0.75438577 1.34471317 1.27340588
1.89113322 0.75451963 1.34437305 1.27342087
1.89100493 0.75465305 1.34403489 1.27343569
1.89087780 0.75478604 1.34369867 1.27345033
1.89075180 0.75491859 1.34336436 1.27346481
1.89062692 0.75505071 1.34303196 1.27347913
1.89050315 0.75518238 1.34270146 1.27349327
1.89038047 0.75531362 1.34237283 1.27350726
1.89025888 0.75544441 1.34204607 1.27352109
1.89013834 0.75557476 1.34172117 1.27353476
1.89001886 0.75570467 1.34139810 1.27354827
1.88990042 0.75583413 1.34107685 1.27356163
1.88978300 0.75596314 1.34075742 1.27357484
1.88966659 0.75609170 1.34043979 1.27358790
1.88955118 0.75621981 1.34012395 1.27360081
1.88943675 0.75634747 1.33980988 1.27361358
1.88932330 0.75647468 1.33949757 1.27362620
1.88921081 0.75660143 1.33918700 1.27363868
1.88909927 0.75672773 1.33887818 1.27365103
1.88898867 0.75685358 1.33857107 1.27366323
1.88887900 0.75697897 1.33826568 1.27367530
1.88877023 0.75710390 1.33796199 1.27368723
1.88866237 0.75722838 1.33765998 1.27369903
1.88855541 0.75735241 1.33735965 1.27371070
1.88844932 0.75747597 1.33706098 1.27372224
1.88834411 0.75759908 1.33676397 1.27373366
1.88823975 0.75772173 1.33646859 1.27374494
1.88813624 0.75784392 1.33617485 1.27375610
1.88803357 0.75796565 1.33588272 1.27376714
1.88793173 0.75808692 1.33559219 1.27377806
1.88783071 0.75820774 1.33530326 1.27378886
1.88773050 0.75832809 1.33501592 1.27379954
1.88763108 0.75844799 1.33473015 1.27381010
1.88753246 0.75856743 1.33444594 1.27382055
1.88743461 0.75868641 1.33416328 1.27383089
1.88733754 0.75880493 1.33388216 1.27384111
1.88724122 0.75892299 1.33360257 1.27385122
1.88714566 0.75904059 1.33332450 1.27386122
1.88705085 0.75915774 1.33304794 1.27387111
1.88695677 0.75927443 1.33277288 1.27388090
1.88686341 0.75939065 1.33249930 1.27389058
1.88677078 0.75950643 1.33222721 1.27390016
1.88667885 0.75962174 1.33195658 1.27390963
1.88658762 0.75973660 1.33168741 1.27391900
1.88649709 0.75985101 1.33141969 1.27392827
1.88640724 0.75996496 1.33115341 1.27393744
1.88631807 0.76007845 1.33088856 1.27394652
1.88622957 0.76019149 1.33062512 1.27395549
1.88614174 0.76030407 1.33036310 1.27396437
1.88605455 0.76041621 1.33010248 1.27397316
1.88596802 0.76052789 1.32984324 1.27398185
1.88588212 0.76063912 1.32958539 1.27399045
1.88579686 0.76074989 1.32932891 1.27399896
1.88571222 0.76086022 1.32907380 1.27400738
1.88562821 0.76097010 1.32882004 1.27401571
1.88554480 0.76107953 1.32856762 1.27402396
1.88546200 0.76118851 1.32831654 1.27403211
1.88537980 0.76129705 1.32806679 1.27404018
1.88529819 0.76140514 1.32781836 1.27404817
1.88521716 0.76151278 1.32757124 1.27405607
1.88513672 0.76161998 1.32732542 1.27406389
1.88505684 0.76172674 1.32708089 1.27407162
1.88497754 0.76183305 1.32683764 1.27407928
1.88489879 0.76193893 1.32659568 1.27408686
1.88482060 0.76204436 1.32635498 1.27409435
1.88474296 0.76214935 1.32611554 1.27410177
1.88466586 0.76225391 1.32587735 1.27410911
1.88458930 0.76235803 1.32564040 1.27411638
1.88451326 0.76246171 1.32540469 1.27412357
1.88443776 0.76256496 1.32517021 1.27413069
1.88436277 0.76266777 1.32493695 1.27413773
1.88428830 0.76277016 1.32470490 1.27414470
1.88421434 0.76287211 1.32447405 1.27415160
1.88414088 0.76297363 1.32424440 1.27415842
1.88406792 0.76307472 1.32401594 1.27416518
1.88399546 0.76317538 1.32378865 1.27417187
1.88392348 0.76327562 1.32356254 1.27417848
1.88385199 0.76337543 1.32333760 1.27418503
1.88378098 0.76347482 1.32311382 1.27419152
1.88371044 0.76357378 1.32289118 1.27419793
1.88364037 0.76367232 1.32266969 1.27420429
1.88357076 0.76377044 1.32244934 1.27421057
1.88350162 0.76386815 1.32223012 1.27421680
1.88343293 0.76396543 1.32201201 1.27422295
1.88336469 0.76406230 1.32179503 1.27422905
1.88329689 0.76415875 1.32157915 1.27423509
1.88322954 0.76425479 1.32136437 1.27424106
1.88316263 0.76435042 1.32115069 1.27424697
1.88309614 0.76444564 1.32093809 1.27425283
1.88303009 0.76454044 1.32072658 1.27425862
1.88296446 0.76463484 1.32051614 1.27426436
1.88289926 0.76472883 1.32030677 1.27427003
1.88283447 0.76482241 1.32009845 1.27427566
1.88277009 0.76491559 1.31989120 1.27428122
1.88270612 0.76500837 1.31968499 1.27428673
1.88264255 0.76510075 1.31947982 1.27429218
1.88257939 0.76519272 1.31927568 1.27429758
1.88251662 0.76528430 1.31907258 1.27430292
1.88245425 0.76537548 1.31887049 1.27430821
1.88239227 0.76546626 1.31866943 1.27431345
1.88233067 0.76555665 1.31846937 1.27431864
1.88226946 0.76564665 1.31827031 1.27432377
1.88220862 0.76573625 1.31807226 1.27432886
1.88214816 0.76582547 1.31787519 1.27433389
1.88208807 0.76591429 1.31767911 1.27433887
1.88202835 0.76600273 1.31748401 1.27434380
1.88196900 0.76609078 1.31728988 1.27434869
1.88191001 0.76617845 1.31709672 1.27435352
1.88185137 0.76626574 1.31690452 1.27435831
1.88179309 0.76635264 1.31671328 1.27436305
1.88173517 0.76643916 1.31652299 1.27436774
1.88167759 0.76652531 1.31633364 1.27437239
1.88162036 0.76661107 1.31614523 1.27437699
1.88156347 0.76669647 1.31595775 1.27438155
1.88150692 0.76678148 1.31577120 1.27438606
1.88145071 0.76686613 1.31558557 1.27439053
1.88139483 0.76695040 1.31540086 1.27439495
1.88133929 0.76703430 1.31521706 1.27439933
1.88128407 0.76711784 1.31503417 1.27440367
1.88122918 0.76720101 1.31485217 1.27440796
1.88117461 0.76728381 1.31467108 1.27441222
1.88112035 0.76736625 1.31449087 1.27441643
1.88106642 0.76744833 1.31431154 1.27442060
1.88101280 0.76753004 1.31413310 1.27442473
1.88095949 0.76761140 1.31395552 1.27442882
1.88090649 0.76769239 1.31377882 1.27443287
1.88085380 0.76777303 1.31360298 1.27443688
1.88080141 0.76785332 1.31342800 1.27444085
1.88074932 0.76793325 1.31325387 1.27444478
1.88069753 0.76801283 1.31308060 1.27444867
1.88064604 0.76809206 1.31290816 1.27445253
1.88059484 0.76817094 1.31273657 1.27445635
1.88054394 0.76824947 1.31256580 1.27446013
1.88049332 0.76832766 1.31239587 1.27446388
1.88044298 0.76840550 1.31222676 1.27446759
1.88039294 0.76848299 1.31205847 1.27447126
1.88034317 0.76856015 1.31189100 1.27447490
1.88029368 0.76863696 1.31172433 1.27447851
1.88024448 0.76871344 1.31155848 1.27448208
1.88019554 0.76878957 1.31139342 1.27448561
1.88014688 0.76886537 1.31122916 1.27448911
1.88009849 0.76894084 1.31106568 1.27449258
1.88005037 0.76901597 1.31090300 1.27449601
1.88000252 0.76909077 1.31074110 1.27449942
1.87995493 0.76916524 1.31057998 1.27450278
1.87990760 0.76923938 1.31041963 1.27450612
1.87986053 0.76931320 1.31026005 1.27450943
1.87981373 0.76938668 1.31010123 1.27451270
1.87976717 0.76945985 1.30994318 1.27451594
1.87972088 0.76953268 1.30978588 1.27451915
1.87967483 0.76960520 1.30962933 1.27452233
1.87962904 0.76967740 1.30947354 1.27452549
1.87958349 0.76974927 1.30931848 1.27452861
1.87953819 0.76982083 1.30916416 1.27453170
1.87949313 0.76989207 1.30901058 1.27453476
1.87944832 0.76996300 1.30885773 1.27453779
1.87940375 0.77003361 1.30870561 1.27454080
1.87935942 0.77010392 1.30855421 1.27454377
1.87931533 0.77017391 1.30840353 1.27454672
1.87927147 0.77024359 1.30825356 1.27454964
1.87922784 0.77031296 1.30810430 1.27455253
1.87918445 0.77038203 1.30795575 1.27455540
1.87914129 0.77045079 1.30780791 1.27455824
1.87909836 0.77051924 1.30766076 1.27456105
1.87905565 0.77058740 1.30751431 1.27456383
1.87901317 0.77065525 1.30736854 1.27456659
1.87897092 0.77072281 1.30722347 1.27456933
1.87892888 0.77079006 1.30707908 1.27457203
1.87888707 0.77085702 1.30693537 1.27457472
1.87884547 0.77092368 1.30679233 1.27457737
1.87880410 0.77099004 1.30664997 1.27458000
1.87876294 0.77105612 1.30650827 1.27458261
1.87872199 0.77112190 1.30636724 1.27458520
1.87868126 0.77118739 1.30622688 1.27458775
1.87864074 0.77125259 1.30608716 1.27459029
1.87860043 0.77131751 1.30594811 1.27459280
1.87856032 0.77138213 1.30580970 1.27459529
1.87852043 0.77144647 1.30567194 1.27459775
1.87848073 0.77151053 1.30553482 1.27460020
1.87844125 0.77157431 1.30539835 1.27460262
1.87840196 0.77163780 1.30526251 1.27460501
1.87836288 0.77170101 1.30512730 1.27460739
1.87832400 0.77176395 1.30499272 1.27460974
1.87828531 0.77182660 1.30485877 1.27461207
1.87824683 0.77188898 1.30472544 1.27461438
1.87820854 0.77195109 1.30459273 1.27461667
1.87817044 0.77201292 1.30446064 1.27461894
1.87813254 0.77207448 1.30432915 1.27462118
1.87809482 0.77213577 1.30419828 1.27462341
1.87805730 0.77219678 1.30406802 1.27462561
1.87801997 0.77225753 1.30393835 1.27462780
1.87798283 0.77231801 1.30380929 1.27462996
1.87794587 0.77237823 1.30368082 1.27463211
1.87790910 0.77243818 1.30355295 1.27463423
1.87787251 0.77249786 1.30342566 1.27463634
1.87783611 0.77255729 1.30329897 1.27463842
1.87779989 0.77261645 1.30317285 1.27464049
1.87776384 0.77267535 1.30304732 1.27464254
1.87772798 0.77273399 1.30292236 1.27464457
1.87769230 0.77279237 1.30279798 1.27464658
1.87765679 0.77285050 1.30267417 1.27464857
1.87762146 0.77290837 1.30255093 1.27465055
1.87758631 0.77296599 1.30242825 1.27465250
1.87755133 0.77302335 1.30230614 1.27465444
1.87751652 0.77308046 1.30218458 1.27465636
1.87748188 0.77313733 1.30206359 1.27465826
1.87744741 0.77319394 1.30194314 1.27466015
1.87741312 0.77325030 1.30182325 1.27466202
1.87737899 0.77330642 1.30170390 1.27466387
1.87734503 0.77336228 1.30158510 1.27466570
1.87731123 0.77341791 1.30146684 1.27466752
1.87727760 0.77347329 1.30134912 1.27466932
1.87724413 0.77352843 1.30123193 1.27467111
1.87721083 0.77358332 1.30111528 1.27467288
1.87717769 0.77363798 1.30099916 1.27467463
1.87714471 0.77369239 1.30088357 1.27467637
1.87711189 0.77374657 1.30076850 1.27467809
1.87707923 0.77380051 1.30065396 1.27467979
1.87704672 0.77385422 1.30053993 1.27468148
1.87701438 0.77390769 1.30042642 1.27468316
1.87698219 0.77396092 1.30031343 1.27468482
1.87695015 0.77401392 1.30020095 1.27468646
1.87691827 0.77406669 1.30008897 1.27468810
1.87688655 0.77411924 1.29997751 1.27468971
1.87685497 0.77417155 1.29986654 1.27469131
1.87682355 0.77422363 1.29975608 1.27469290
1.87679228 0.77427548 1.29964612 1.27469447
1.87676115 0.77432711 1.29953665 1.27469603
1.87673018 0.77437851 1.29942768 1.27469757
1.87669935 0.77442969 1.29931919 1.27469910
1.87666867 0.77448065 1.29921120 1.27470062
1.87663814 0.77453138 1.29910369 1.27470212
1.87660775 0.77458189 1.29899666 1.27470361
1.87657750 0.77463218 1.29889012 1.27470509
1.87654740 0.77468226 1.29878405 1.27470655
1.87651745 0.77473211 1.29867846 1.27470800
1.87648763 0.77478175 1.29857335 1.27470944
1.87645795 0.77483117 1.29846870 1.27471086
1.87642842 0.77488038 1.29836452 1.27471227
1.87639902 0.77492937 1.29826081 1.27471367
1.87636976 0.77497815 1.29815757 1.27471506
1.87634064 0.77502671 1.29805478 1.27471643
1.87631166 0.77507507 1.29795246 1.27471780
1.87628281 0.77512322 1.29785059 1.27471915
1.87625410 0.77517115 1.29774918 1.27472048
1.87622553 0.77521888 1.29764822 1.27472181
1.87619708 0.77526640 1.29754771 1.27472312
1.87616877 0.77531372 1.29744764 1.27472443
1.87614059 0.77536083 1.29734802 1.27472572
1.87611255 0.77540773 1.29724885 1.27472700
1.87608463 0.77545444 1.29715012 1.27472826
1.87605684 0.77550094 1.29705182 1.27472952
1.87602919 0.77554723 1.29695397 1.27473077
1.87600166 0.77559333 1.29685654 1.27473200
1.87597426 0.77563923 1.29675955 1.27473322
1.87594698 0.77568493 1.29666299 1.27473444
1.87591984 0.77573043 1.29656686 1.27473564
1.87589281 0.77577574 1.29647115 1.27473683
1.87586592 0.77582085 1.29637587 1.27473801
1.87583914 0.77586576 1.29628101 1.27473918
1.87581249 0.77591048 1.29618657 1.27474034
1.87578597 0.77595501 1.29609254 1.27474149
1.87575956 0.77599934 1.29599894 1.27474263
1.87573328 0.77604349 1.29590574 1.27474376
1.87570712 0.77608744 1.29581296 1.27474488
1.87568108 0.77613120 1.29572058 1.27474599
1.87565515 0.77617478 1.29562861 1.27474709
1.87562935 0.77621816 1.29553705 1.27474819
1.87560366 0.77626136 1.29544589 1.27474927
1.87557810 0.77630437 1.29535513 1.27475034
1.87555264 0.77634720 1.29526478 1.27475140
1.87552731 0.77638985 1.29517481 1.27475245
1.87550209 0.77643231 1.29508525 1.27475350
1.87547698 0.77647458 1.29499607 1.27475453
1.87545199 0.77651668 1.29490729 1.27475556
1.87542712 0.77655859 1.29481890 1.27475657
1.87540235 0.77660033 1.29473090 1.27475758
1.87537770 0.77664188 1.29464328 1.27475858
1.87535316 0.77668326 1.29455604 1.27475957
1.87532874 0.77672446 1.29446919 1.27476055
1.87530442 0.77676548 1.29438272 1.27476153
1.87528021 0.77680632 1.29429662 1.27476249
1.87525611 0.77684699 1.29421090 1.27476345
1.87523212 0.77688749 1.29412556 1.27476439
1.87520824 0.77692781 1.29404059 1.27476533
1.87518447 0.77696796 1.29395599 1.27476627
1.87516081 0.77700794 1.29387176 1.27476719
1.87513725 0.77704775 1.29378789 1.27476810
1.87511379 0.77708738 1.29370439 1.27476901
1.87509045 0.77712685 1.29362126 1.27476991
1.87506720 0.77716615 1.29353849 1.27477080
1.87504406 0.77720528 1.29345607 1.27477169
1.87502103 0.77724424 1.29337402 1.27477256
1.87499810 0.77728303 1.29329232 1.27477343
1.87497527 0.77732166 1.29321098 1.27477429
1.87495254 0.77736013 1.29312999 1.27477515
1.87492992 0.77739843 1.29304935 1.27477599
1.87490740 0.77743656 1.29296906 1.27477683
1.87488497 0.77747454 1.29288912 1.27477766
1.87486265 0.77751235 1.29280953 1.27477849
1.87484043 0.77755000 1.29273028 1.27477930
1.87481830 0.77758749 1.29265138 1.27478012
1.87479628 0.77762482 1.29257281 1.27478092
1.87477435 0.77766199 1.29249459 1.27478171
1.87475252 0.77769901 1.29241671 1.27478250
1.87473078 0.77773586 1.29233916 1.27478329
1.87470915 0.77777256 1.29226194 1.27478406
1.87468761 0.77780910 1.29218506 1.27478483
1.87466616 0.77784549 1.29210852 1.27478560
1.87464481 0.77788172 1.29203230 1.27478635
1.87462355 0.77791780 1.29195641 1.27478710
1.87460239 0.77795372 1.29188085 1.27478784
1.87458132 0.77798950 1.29180561 1.27478858
1.87456035 0.77802512 1.29173070 1.27478931
1.87453947 0.77806059 1.29165611 1.27479004
1.87451868 0.77809591 1.29158184 1.27479075
1.87449798 0.77813107 1.29150789 1.27479147
1.87447737 0.77816609 1.29143426 1.27479217
1.87445685 0.77820097 1.29136094 1.27479287
1.87443643 0.77823569 1.29128794 1.27479356
1.87441609 0.77827026 1.29121526 1.27479425
1.87439584 0.77830469 1.29114288 1.27479493
1.87437568 0.77833898 1.29107082 1.27479561
1.87435562 0.77837312 1.29099906 1.27479628
1.87433563 0.77840711 1.29092762 1.27479695
1.87431574 0.77844096 1.29085648 1.27479760
1.87429593 0.77847467 1.29078564 1.27479826
1.87427621 0.77850823 1.29071511 1.27479891
1.87425658 0.77854166 1.29064487 1.27479955
1.87423703 0.77857494 1.29057494 1.27480018
1.87421757 0.77860808 1.29050531 1.27480082
1.87419819 0.77864108 1.29043598 1.27480144
1.87417890 0.77867394 1.29036694 1.27480206
1.87415969 0.77870667 1.29029819 1.27480268
1.87414056 0.77873925 1.29022974 1.27480329
1.87412152 0.77877170 1.29016159 1.27480389
1.87410256 0.77880401 1.29009372 1.27480449
1.87408369 0.77883619 1.29002614 1.27480509
1.87406489 0.77886823 1.28995885 1.27480568
1.87404618 0.77890013 1.28989185 1.27480626
1.87402755 0.77893190 1.28982513 1.27480684
1.87400900 0.77896354 1.28975869 1.27480741
1.87399053 0.77899504 1.28969254 1.27480798
1.87397214 0.77902641 1.28962667 1.27480855
1.87395383 0.77905765 1.28956108 1.27480911
1.87393560 0.77908876 1.28949577 1.27480966
1.87391745 0.77911973 1.28943074 1.27481021
1.87389937 0.77915058 1.28936598 1.27481076
1.87388138 0.77918130 1.28930150 1.27481130
1.87386346 0.77921189 1.28923729 1.27481184
1.87384562 0.77924234 1.28917335 1.27481237
1.87382786 0.77927268 1.28910968 1.27481290
1.87381018 0.77930288 1.28904629 1.27481342
1.87379257 0.77933296 1.28898316 1.27481394
1.87377503 0.77936291 1.28892030 1.27481446
1.87375757 0.77939274 1.28885771 1.27481497
1.87374019 0.77942244 1.28879538 1.27481547
1.87372288 0.77945202 1.28873331 1.27481597
1.87370565 0.77948147 1.28867151 1.27481647
1.87368849 0.77951080 1.28860997 1.27481696
1.87367140 0.77954001 1.28854868 1.27481745
1.87365439 0.77956909 1.28848766 1.27481794
1.87363745 0.77959805 1.28842689 1.27481842
1.87362059 0.77962690 1.28836639 1.27481890
1.87360379 0.77965562 1.28830613 1.27481937
1.87358707 0.77968422 1.28824613 1.27481984
1.87357042 0.77971270 1.28818639 1.27482030
1.87355384 0.77974106 1.28812689 1.27482076
1.87353733 0.77976931 1.28806765 1.27482122
1.87352090 0.77979743 1.28800865 1.27482167
1.87350453 0.77982544 1.28794991 1.27482212
1.87348823 0.77985334 1.28789141 1.27482257
1.87347200 0.77988111 1.28783315 1.27482301
1.87345585 0.77990877 1.28777515 1.27482345
1.87343976 0.77993632 1.28771738 1.27482388
1.87342374 0.77996375 1.28765986 1.27482431
1.87340779 0.77999106 1.28760258 1.27482474
1.87339190 0.78001827 1.28754554 1.27482516
1.87337608 0.78004536 1.28748874 1.27482558
1.87336034 0.78007233 1.28743218 1.27482600
1.87334465 0.78009920 1.28737586 1.27482641
1.87332904 0.78012595 1.28731977 1.27482682
1.87331349 0.78015259 1.28726392 1.27482723
1.87329801 0.78017912 1.28720830 1.27482763
1.87328259 0.78020554 1.28715291 1.27482803
1.87326724 0.78023185 1.28709776 1.27482843
1.87325195 0.78025805 1.28704284 1.27482882
1.87323673 0.78028414 1.28698815 1.27482921
1.87322158 0.78031013 1.28693368 1.27482960
1.87320648 0.78033600 1.28687945 1.27482998
1.87319145 0.78036177 1.28682544 1.27483036
1.87317649 0.78038743 1.28677165 1.27483074
1.87316159 0.78041299 1.28671810 1.27483111
1.87314675 0.78043844 1.28666476 1.27483148
1.87313197 0.78046378 1.28661165 1.27483185
1.87311726 0.78048902 1.28655876 1.27483221
1.87310261 0.78051415 1.28650609 1.27483257
1.87308802 0.78053918 1.28645364 1.27483293
1.87307350 0.78056411 1.28640141 1.27483329
1.87305903 0.78058893 1.28634939 1.27483364
1.87304463 0.78061366 1.28629760 1.27483399
1.87303028 0.78063827 1.28624601 1.27483434
1.87301600 0.78066279 1.28619465 1.27483468
1.87300177 0.78068721 1.28614350 1.27483502
1.87298761 0.78071152 1.28609256 1.27483536
1.87297351 0.78073573 1.28604183 1.27483569
1.87295946 0.78075985 1.28599131 1.27483603
1.87294548 0.78078386 1.28594101 1.27483636
1.87293155 0.78080778 1.28589091 1.27483668
1.87291769 0.78083159 1.28584102 1.27483701
1.87290388 0.78085531 1.28579134 1.27483733
1.87289012 0.78087893 1.28574187 1.27483765
1.87287643 0.78090245 1.28569260 1.27483796
1.87286280 0.78092588 1.28564353 1.27483828
1.87284922 0.78094921 1.28559467 1.27483859
1.87283570 0.78097244 1.28554601 1.27483890
1.87282223 0.78099558 1.28549755 1.27483920
1.87280882 0.78101862 1.28544930 1.27483950
1.87279547 0.78104157 1.28540124 1.27483981
1.87278217 0.78106442 1.28535338 1.27484010
1.87276893 0.78108718 1.28530573 1.27484040
1.87275575 0.78110984 1.28525826 1.27484069
1.87274262 0.78113241 1.28521100 1.27484098
1.87272954 0.78115489 1.28516393 1.27484127
1.87271652 0.78117728 1.28511706 1.27484156
1.87270356 0.78119957 1.28507038 1.27484184
1.87269065 0.78122178 1.28502389 1.27484212
1.87267779 0.78124389 1.28497759 1.27484240
1.87266498 0.78126591 1.28493149 1.27484268
1.87265223 0.78128784 1.28488558 1.27484295
1.87263954 0.78130968 1.28483985 1.27484323
1.87262689 0.78133143 1.28479432 1.27484350
1.87261430 0.78135309 1.28474897 1.27484377
1.87260176 0.78137466 1.28470381 1.27484403
1.87258928 0.78139614 1.28465884 1.27484429
1.87257684 0.78141754 1.28461405 1.27484456
1.87256446 0.78143885 1.28456945 1.27484481
1.87255213 0.78146007 1.28452503 1.27484507
1.87253985 0.78148120 1.28448079 1.27484533
1.87252762 0.78150225 1.28443674 1.27484558
1.87251544 0.78152321 1.28439286 1.27484583
1.87250331 0.78154408 1.28434917 1.27484608
1.87249124 0.78156487 1.28430566 1.27484633
1.87247921 0.78158558 1.28426233 1.27484657
1.87246723 0.78160620 1.28421917 1.27484681
1.87245531 0.78162673 1.28417620 1.27484705
1.87244343 0.78164718 1.28413340 1.27484729
1.87243160 0.78166755 1.28409077 1.27484753
1.87241982 0.78168783 1.28404832 1.27484776
1.87240809 0.78170803 1.28400605 1.27484800
1.87239641 0.78172815 1.28396395 1.27484823
1.87238478 0.78174819 1.28392202 1.27484846
1.87237319 0.78176814 1.28388027 1.27484868
1.87236165 0.78178802 1.28383868 1.27484891
1.87235017 0.78180781 1.28379727 1.27484913
1.87233872 0.78182752 1.28375602 1.27484935
1.87232733 0.78184715 1.28371495 1.27484957
1.87231598 0.78186670 1.28367404 1.27484979
1.87230468 0.78188617 1.28363331 1.27485001
1.87229343 0.78190556 1.28359274 1.27485022
1.87228222 0.78192488 1.28355233 1.27485043
1.87227106 0.78194411 1.28351209 1.27485065
1.87225995 0.78196326 1.28347202 1.27485085
1.87224888 0.78198234 1.28343211 1.27485106
1.87223786 0.78200134 1.28339236 1.27485127
1.87222688 0.78202026 1.28335278 1.27485147
1.87221595 0.78203911 1.28331335 1.27485167
1.87220506 0.78205787 1.28327409 1.27485188
1.87219422 0.78207657 1.28323499 1.27485207
1.87218342 0.78209518 1.28319605 1.27485227
1.87217267 0.78211372 1.28315727 1.27485247
1.87216196 0.78213219 1.28311865 1.27485266
1.87215130 0.78215058 1.28308018 1.27485286
1.87214068 0.78216889 1.28304187 1.27485305
1.87213010 0.78218713 1.28300372 1.27485324
1.87211957 0.78220530 1.28296573 1.27485342
1.87210908 0.78222339 1.28292789 1.27485361
1.87209863 0.78224141 1.28289020 1.27485380
1.87208823 0.78225935 1.28285267 1.27485398
1.87207787 0.78227722 1.28281529 1.27485416
1.87206755 0.78229502 1.28277806 1.27485434
1.87205727 0.78231275 1.28274099 1.27485452
1.87204704 0.78233041 1.28270406 1.27485470
1.87203685 0.78234799 1.28266729 1.27485487
1.87202670 0.78236550 1.28263067 1.27485505
1.87201659 0.78238295 1.28259419 1.27485522
1.87200652 0.78240032 1.28255787 1.27485539
1.87199650 0.78241762 1.28252169 1.27485556
1.87198651 0.78243485 1.28248566 1.27485573
1.87197657 0.78245201 1.28244978 1.27485590
1.87196667 0.78246910 1.28241404 1.27485607
1.87195681 0.78248612 1.28237845 1.27485623
1.87194698 0.78250307 1.28234300 1.27485640
1.87193720 0.78251996 1.28230770 1.27485656
1.87192746 0.78253677 1.28227254 1.27485672
1.87191776 0.78255352 1.28223752 1.27485688
1.87190810 0.78257020 1.28220265 1.27485704
1.87189848 0.78258681 1.28216791 1.27485720
1.87188890 0.78260336 1.28213332 1.27485735
1.87187935 0.78261984 1.28209887 1.27485751
1.87186985 0.78263625 1.28206456 1.27485766
1.87186038 0.78265259 1.28203039 1.27485781
1.87185096 0.78266887 1.28199635 1.27485796
1.87184157 0.78268508 1.28196246 1.27485811
1.87183222 0.78270123 1.28192870 1.27485826
1.87182290 0.78271731 1.28189508 1.27485841
1.87181363 0.78273333 1.28186160 1.27485855
1.87180440 0.78274928 1.28182825 1.27485870
1.87179520 0.78276517 1.28179503 1.27485884
1.87178604 0.78278100 1.28176196 1.27485899
1.87177691 0.78279676 1.28172901 1.27485913
1.87176783 0.78281245 1.28169620 1.27485927
1.87175878 0.78282809 1.28166352 1.27485941
1.87174977 0.78284366 1.28163098 1.27485954
1.87174079 0.78285916 1.28159856 1.27485968
1.87173185 0.78287461 1.28156628 1.27485982
1.87172295 0.78288999 1.28153413 1.27485995
1.87171408 0.78290531 1.28150210 1.27486009
1.87170525 0.78292057 1.28147021 1.27486022
1.87169646 0.78293577 1.28143845 1.27486035
1.87168770 0.78295090 1.28140681 1.27486048
1.87167898 0.78296598 1.28137531 1.27486061
1.87167029 0.78298099 1.28134393 1.27486074
1.87166164 0.78299595 1.28131267 1.27486086
1.87165302 0.78301084 1.28128155 1.27486099
1.87164444 0.78302568 1.28125055 1.27486112
1.87163589 0.78304045 1.28121967 1.27486124
1.87162738 0.78305516 1.28118892 1.27486136
1.87161890 0.78306982 1.28115829 1.27486149
1.87161046 0.78308442 1.28112779 1.27486161
1.87160205 0.78309895 1.28109741 1.27486173
1.87159368 0.78311343 1.28106715 1.27486185
1.87158534 0.78312785 1.28103702 1.27486196
1.87157703 0.78314222 1.28100700 1.27486208
1.87156876 0.78315652 1.28097711 1.27486220
1.87156052 0.78317077 1.28094734 1.27486231
1.87155231 0.78318496 1.28091768 1.27486243
1.87154414 0.78319909 1.28088815 1.27486254
1.87153600 0.78321317 1.28085874 1.27486265
1.87152789 0.78322719 1.28082944 1.27486277
1.87151982 0.78324115 1.28080027 1.27486288
1.87151178 0.78325506 1.28077121 1.27486299
1.87150377 0.78326891 1.28074226 1.27486310
1.87149579 0.78328271 1.28071344 1.27486321
1.87148785 0.78329645 1.28068473 1.27486331
1.87147994 0.78331014 1.28065613 1.27486342
1.87147206 0.78332377 1.28062766 1.27486352
1.87146421 0.78333734 1.28059929 1.27486363
1.87145639 0.78335086 1.28057104 1.27486373
1.87144861 0.78336433 1.28054290 1.27486384
1.87144086 0.78337775 1.28051488 1.27486394
1.87143313 0.78339111 1.28048697 1.27486404
1.87142544 0.78340441 1.28045917 1.27486414
1.87141778 0.78341766 1.28043148 1.27486424
1.87141016 0.78343086 1.28040391 1.27486434
1.87140256 0.78344401 1.28037644 1.27486444
1.87139499 0.78345711 1.28034909 1.27486454
1.87138746 0.78347015 1.28032184 1.27486463
1.87137995 0.78348314 1.28029471 1.27486473
1.87137247 0.78349607 1.28026768 1.27486482
1.87136503 0.78350896 1.28024076 1.27486492
1.87135761 0.78352179 1.28021395 1.27486501
1.87135023 0.78353458 1.28018725 1.27486510
1.87134287 0.78354731 1.28016066 1.27486520
1.87133555 0.78355999 1.28013417 1.27486529
1.87132825 0.78357262 1.28010779 1.27486538
1.87132098 0.78358520 1.28008151 1.27486547
1.87131375 0.78359773 1.28005534 1.27486556
1.87130654 0.78361021 1.28002927 1.27486565
1.87129936 0.78362264 1.28000331 1.27486573
1.87129221 0.78363502 1.27997745 1.27486582
1.87128508 0.78364735 1.27995170 1.27486591
1.87127799 0.78365963 1.27992605 1.27486599
1.87127093 0.78367186 1.27990050 1.27486608
1.87126389 0.78368404 1.27987506 1.27486616
1.87125688 0.78369617 1.27984971 1.27486625
1.87124990 0.78370826 1.27982447 1.27486633
1.87124295 0.78372030 1.27979933 1.27486641
1.87123603 0.78373229 1.27977429 1.27486649
1.87122913 0.78374423 1.27974935 1.27486658
1.87122226 0.78375612 1.27972451 1.27486666
1.87121542 0.78376797 1.27969977 1.27486674
1.87120861 0.78377977 1.27967513 1.27486681
1.87120183 0.78379152 1.27965058 1.27486689
1.87119507 0.78380323 1.27962614 1.27486697
1.87118834 0.78381488 1.27960179 1.27486705
1.87118163 0.78382650 1.27957754 1.27486712
1.87117495 0.78383806 1.27955339 1.27486720
1.87116830 0.78384958 1.27952933 1.27486728
1.87116168 0.78386105 1.27950537 1.27486735
1.87115508 0.78387248 1.27948151 1.27486743
1.87114851 0.78388387 1.27945774 1.27486750
1.87114197 0.78389520 1.27943406 1.27486757
1.87113545 0.78390649 1.27941048 1.27486764
1.87112896 0.78391774 1.27938700 1.27486772
1.87112249 0.78392894 1.27936360 1.27486779
1.87111605 0.78394010 1.27934031 1.27486786
1.87110964 0.78395121 1.27931710 1.27486793
1.87110325 0.78396228 1.27929399 1.27486800
1.87109689 0.78397331 1.27927097 1.27486807
1.87109055 0.78398429 1.27924804 1.27486814
1.87108424 0.78399523 1.27922520 1.27486820
1.87107795 0.78400612 1.27920245 1.27486827
1.87107169 0.78401697 1.27917980 1.27486834
1.87106546 0.78402778 1.27915723 1.27486840
1.87105924 0.78403854 1.27913476 1.27486847
1.87105306 0.78404926 1.27911237 1.27486854
1.87104690 0.78405994 1.27909008 1.27486860
1.87104076 0.78407058 1.27906787 1.27486866
1.87103465 0.78408117 1.27904575 1.27486873
1.87102856 0.78409172 1.27902372 1.27486879
1.87102249 0.78410223 1.27900178 1.27486885
1.87101646 0.78411270 1.27897992 1.27486892
1.87101044 0.78412313 1.27895815 1.27486898
1.87100445 0.78413351 1.27893647 1.27486904
1.87099848 0.78414386 1.27891488 1.27486910
1.87099254 0.78415416 1.27889337 1.27486916
1.87098662 0.78416442 1.27887194 1.27486922
1.87098072 0.78417464 1.27885060 1.27486928
1.87097485 0.78418482 1.27882935 1.27486934
1.87096900 0.78419496 1.27880818 1.27486940
1.87096318 0.78420506 1.27878709 1.27486945
1.87095737 0.78421512 1.27876609 1.27486951
1.87095159 0.78422514 1.27874518 1.27486957
1.87094584 0.78423512 1.27872434 1.27486963
1.87094010 0.78424506 1.27870359 1.27486968
1.87093439 0.78425496 1.27868292 1.27486974
1.87092871 0.78426482 1.27866233 1.27486979
1.87092304 0.78427465 1.27864183 1.27486985
1.87091740 0.78428443 1.27862141 1.27486990
1.87091178 0.78429418 1.27860106 1.27486996
1.87090618 0.78430388 1.27858080 1.27487001
1.87090061 0.78431355 1.27856062 1.27487006
1.87089506 0.78432318 1.27854052 1.27487012
1.87088952 0.78433277 1.27852050 1.27487017
1.87088402 0.78434232 1.27850056 1.27487022
1.87087853 0.78435184 1.27848069 1.27487027
1.87087307 0.78436132 1.27846091 1.27487032
1.87086762 0.78437076 1.27844121 1.27487037
1.87086220 0.78438016 1.27842158 1.27487042
1.87085680 0.78438952 1.27840203 1.27487047
1.87085142 0.78439885 1.27838256 1.27487052
1.87084607 0.78440814 1.27836317 1.27487057
1.87084073 0.78441740 1.27834385 1.27487062
1.87083542 0.78442662 1.27832461 1.27487067
1.87083012 0.78443580 1.27830544 1.27487072
1.87082485 0.78444494 1.27828636 1.27487076
1.87081960 0.78445405 1.27826734 1.27487081
1.87081437 0.78446313 1.27824841 1.27487086
1.87080916 0.78447216 1.27822954 1.27487090
1.87080397 0.78448116 1.27821076 1.27487095
1.87079881 0.78449013 1.27819204 1.27487099
1.87079366 0.78449906 1.27817341 1.27487104
1.87078853 0.78450795 1.27815484 1.27487109
1.87078342 0.78451681 1.27813635 1.27487113
1.87077834 0.78452564 1.27811793 1.27487117
1.87077327 0.78453443 1.27809959 1.27487122
1.87076823 0.78454318 1.27808131 1.27487126
1.87076320 0.78455190 1.27806311 1.27487130
1.87075819 0.78456059 1.27804499 1.27487135
1.87075321 0.78456924 1.27802693 1.27487139
1.87074824 0.78457786 1.27800895 1.27487143
1.87074330 0.78458644 1.27799103 1.27487147
1.87073837 0.78459499 1.27797319 1.27487152
1.87073346 0.78460351 1.27795542 1.27487156
1.87072857 0.78461199 1.27793772 1.27487160
1.87072371 0.78462044 1.27792009 1.27487164
1.87071886 0.78462885 1.27790252 1.27487168
1.87071403 0.78463724 1.27788503 1.27487172
1.87070922 0.78464558 1.27786761 1.27487176
1.87070443 0.78465390 1.27785025 1.27487180
1.87069965 0.78466218 1.27783297 1.27487184
1.87069490 0.78467043 1.27781575 1.27487187
1.87069016 0.78467865 1.27779860 1.27487191
1.87068545 0.78468684 1.27778152 1.27487195
1.87068075 0.78469499 1.27776451 1.27487199
1.87067607 0.78470311 1.27774756 1.27487203
1.87067141 0.78471120 1.27773068 1.27487206
1.87066677 0.78471926 1.27771387 1.27487210
1.87066215 0.78472728 1.27769712 1.27487214
1.87065754 0.78473528 1.27768044 1.27487217
1.87065296 0.78474324 1.27766383 1.27487221
1.87064839 0.78475117 1.27764728 1.27487224
1.87064384 0.78475907 1.27763080 1.27487228
1.87063931 0.78476694 1.27761438 1.27487231
1.87063479 0.78477477 1.27759802 1.27487235
1.87063029 0.78478258 1.27758174 1.27487238
1.87062582 0.78479036 1.27756551 1.27487242
1.87062135 0.78479810 1.27754935 1.27487245
1.87061691 0.78480581 1.27753325 1.27487249
1.87061249 0.78481350 1.27751722 1.27487252
1.87060808 0.78482115 1.27750125 1.27487255
1.87060369 0.78482878 1.27748534 1.27487259
1.87059931 0.78483637 1.27746950 1.27487262
1.87059496 0.78484393 1.27745372 1.27487265
1.87059062 0.78485147 1.27743800 1.27487268
1.87058630 0.78485897 1.27742234 1.27487272
1.87058199 0.78486645 1.27740675 1.27487275
1.87057770 0.78487389 1.27739121 1.27487278
1.87057343 0.78488131 1.27737574 1.27487281
1.87056918 0.78488869 1.27736033 1.27487284
1.87056494 0.78489605 1.27734498 1.27487287
1.87056072 0.78490338 1.27732969 1.27487290
1.87055652 0.78491068 1.27731446 1.27487293
1.87055233 0.78491795 1.27729928 1.27487296
1.87054816 0.78492519 1.27728417 1.27487299
1.87054401 0.78493241 1.27726912 1.27487302
1.87053987 0.78493959 1.27725413 1.27487305
1.87053575 0.78494675 1.27723920 1.27487308
1.87053165 0.78495388 1.27722433 1.27487311
1.87052756 0.78496098 1.27720951 1.27487314
1.87052348 0.78496805 1.27719475 1.27487317
1.87051943 0.78497510 1.27718006 1.27487319
1.87051539 0.78498212 1.27716541 1.27487322
1.87051136 0.78498911 1.27715083 1.27487325
1.87050735 0.78499607 1.27713631 1.27487328
1.87050336 0.78500300 1.27712184 1.27487330
1.87049939 0.78500991 1.27710743 1.27487333
1.87049542 0.78501679 1.27709307 1.27487336
1.87049148 0.78502365 1.27707877 1.27487338
1.87048755 0.78503047 1.27706453 1.27487341
1.87048363 0.78503727 1.27705034 1.27487344
1.87047973 0.78504405 1.27703621 1.27487346
1.87047585 0.78505079 1.27702214 1.27487349
1.87047198 0.78505751 1.27700812 1.27487351
1.87046813 0.78506421 1.27699416 1.27487354
1.87046429 0.78507087 1.27698025 1.27487357
1.87046047 0.78507752 1.27696639 1.27487359
1.87045666 0.78508413 1.27695259 1.27487362
1.87045287 0.78509072 1.27693885 1.27487364
1.87044909 0.78509728 1.27692516 1.27487366
1.87044533 0.78510382 1.27691152 1.27487369
1.87044158 0.78511033 1.27689793 1.27487371
1.87043785 0.78511682 1.27688440 1.27487374
1.87043413 0.78512328 1.27687092 1.27487376
1.87043042 0.78512972 1.27685750 1.27487378
1.87042673 0.78513613 1.27684413 1.27487381
1.87042306 0.78514251 1.27683081 1.27487383
1.87041940 0.78514887 1.27681754 1.27487385
1.87041575 0.78515521 1.27680433 1.27487388
1.87041212 0.78516152 1.27679116 1.27487390
1.87040850 0.78516780 1.27677805 1.27487392
1.87040490 0.78517406 1.27676499 1.27487394
1.87040131 0.78518030 1.27675198 1.27487396
1.87039774 0.78518651 1.27673903 1.27487399
1.87039418 0.78519270 1.27672612 1.27487401
1.87039063 0.78519886 1.27671327 1.27487403
1.87038710 0.78520500 1.27670046 1.27487405
1.87038358 0.78521111 1.27668770 1.27487407
1.87038007 0.78521721 1.27667500 1.27487409
1.87037658 0.78522327 1.27666234 1.27487411
1.87037311 0.78522932 1.27664974 1.27487414
1.87036964 0.78523534 1.27663718 1.27487416
1.87036619 0.78524133 1.27662468 1.27487418
1.87036276 0.78524730 1.27661222 1.27487420
1.87035933 0.78525325 1.27659981 1.27487422
1.87035592 0.78525918 1.27658745 1.27487424
1.87035253 0.78526508 1.27657514 1.27487426
1.87034914 0.78527096 1.27656288 1.27487428
1.87034577 0.78527682 1.27655066 1.27487430
1.87034242 0.78528265 1.27653849 1.27487431
1.87033908 0.78528846 1.27652637 1.27487433
1.87033575 0.78529425 1.27651430 1.27487435
1.87033243 0.78530001 1.27650228 1.27487437
1.87032913 0.78530576 1.27649030 1.27487439
1.87032583 0.78531148 1.27647837 1.27487441
1.87032256 0.78531717 1.27646649 1.27487443
1.87031929 0.78532285 1.27645465 1.27487445
1.87031604 0.78532850 1.27644286 1.27487446
1.87031280 0.78533413 1.27643111 1.27487448
1.87030957 0.78533974 1.27641942 1.27487450
1.87030636 0.78534533 1.27640776 1.27487452
1.87030316 0.78535090 1.27639616 1.27487453
1.87029997 0.78535644 1.27638459 1.27487455
1.87029679 0.78536196 1.27637308 1.27487457
1.87029363 0.78536746 1.27636161 1.27487459
1.87029048 0.78537294 1.27635018 1.27487460
1.87028734 0.78537840 1.27633880 1.27487462
1.87028421 0.78538383 1.27632746 1.27487464
1.87028110 0.78538925 1.27631617 1.27487465
1.87027800 0.78539464 1.27630492 1.27487467
1.87027491 0.78540001 1.27629372 1.27487469
1.87027183 0.78540536 1.27628256 1.27487470
1.87026876 0.78541069 1.27627144 1.27487472
1.87026571 0.78541600 1.27626037 1.27487473
1.87026267 0.78542129 1.27624934 1.27487475
1.87025964 0.78542656 1.27623835 1.27487477
1.87025662 0.78543181 1.27622741 1.27487478
1.87025361 0.78543703 1.27621651 1.27487480
1.87025062 0.78544224 1.27620565 1.27487481
1.87024763 0.78544743 1.27619484 1.27487483
1.87024466 0.78545259 1.27618406 1.27487484
1.87024170 0.78545774 1.27617333 1.27487486
1.87023876 0.78546286 1.27616264 1.27487487
1.87023582 0.78546797 1.27615200 1.27487489
1.87023290 0.78547305 1.27614139 1.27487490
1.87022998 0.78547812 1.27613083 1.27487492
1.87022708 0.78548317 1.27612030 1.27487493
1.87022419 0.78548819 1.27610982 1.27487495
1.87022131 0.78549320 1.27609938 1.27487496
1.87021844 0.78549819 1.27608898 1.27487497
1.87021559 0.78550315 1.27607862 1.27487499
1.87021274 0.78550810 1.27606830 1.27487500
1.87020991 0.78551303 1.27605803 1.27487502
1.87020708 0.78551794 1.27604779 1.27487503
1.87020427 0.78552283 1.27603759 1.27487504
1.87020147 0.78552770 1.27602743 1.27487506
1.87019868 0.78553255 1.27601731 1.27487507
1.87019590 0.78553739 1.27600723 1.27487508
1.87019313 0.78554220 1.27599720 1.27487510
1.87019038 0.78554700 1.27598720 1.27487511
1.87018763 0.78555177 1.27597723 1.27487512
1.87018489 0.78555653 1.27596731 1.27487514
1.87018217 0.78556127 1.27595743 1.27487515
1.87017945 0.78556599 1.27594758 1.27487516
1.87017675 0.78557069 1.27593778 1.27487517
1.87017406 0.78557538 1.27592801 1.27487519
1.87017138 0.78558004 1.27591828 1.27487520
1.87016870 0.78558469 1.27590859 1.27487521
1.87016604 0.78558932 1.27589893 1.27487522
1.87016339 0.78559393 1.27588932 1.27487523
1.87016075 0.78559853 1.27587974 1.27487525
1.87015812 0.78560310 1.27587020 1.27487526
1.87015550 0.78560766 1.27586069 1.27487527
1.87015289 0.78561220 1.27585123 1.27487528
1.87015029 0.78561672 1.27584180 1.27487529
1.87014770 0.78562123 1.27583240 1.27487530
1.87014512 0.78562571 1.27582305 1.27487532
1.87014255 0.78563018 1.27581373 1.27487533
1.87013999 0.78563464 1.27580445 1.27487534
1.87013744 0.78563907 1.27579520 1.27487535
1.87013490 0.78564349 1.27578599 1.27487536
1.87013237 0.78564789 1.27577681 1.27487537
1.87012985 0.78565227 1.27576767 1.27487538
1.87012734 0.78565664 1.27575857 1.27487539
1.87012484 0.78566099 1.27574950 1.27487540
1.87012235 0.78566532 1.27574047 1.27487541
1.87011987 0.78566963 1.27573147 1.27487543
1.87011740 0.78567393 1.27572251 1.27487544
1.87011494 0.78567821 1.27571358 1.27487545
1.87011249 0.78568248 1.27570469 1.27487546
1.87011005 0.78568673 1.27569583 1.27487547
1.87010761 0.78569096 1.27568701 1.27487548
1.87010519 0.78569517 1.27567822 1.27487549
