2.04608092 0.51108413 7.37216450 0.35178277
2.04431395 0.51444476 7.36823104 0.35478018
2.04250450 0.51780507 7.36427273 0.35781237
2.04065145 0.52116465 7.36028934 0.36088017
2.03875366 0.52452310 7.35628060 0.36398450
2.03680995 0.52788001 7.35224623 0.36712628
2.03481914 0.53123497 7.34818595 0.37030651
2.03277998 0.53458753 7.34409947 0.37352623
2.03069123 0.53793726 7.33998647 0.37678656
2.02855159 0.54128370 7.33584664 0.38008864
2.02635975 0.54462641 7.33167965 0.38343371
2.02411434 0.54796491 7.32748515 0.38682307
2.02181400 0.55129873 7.32326280 0.39025807
2.01945730 0.55462736 7.31901221 0.39374015
2.01704280 0.55795033 7.31473302 0.39727084
2.01456901 0.56126712 7.31042481 0.40085173
2.01203442 0.56457721 7.30608718 0.40448451
2.00943748 0.56788008 7.30171969 0.40817095
2.00677661 0.57117519 7.29732191 0.41191291
2.00405019 0.57446199 7.29289337 0.41571238
2.00125657 0.57773993 7.28843360 0.41957142
1.99839406 0.58100844 7.28394209 0.42349221
1.99546093 0.58426695 7.27941834 0.42747706
1.99245544 0.58751487 7.27486182 0.43152837
1.98937579 0.59075160 7.27027198 0.43564868
1.98622014 0.59397654 7.26564824 0.43984067
1.98298664 0.59718908 7.26099003 0.44410713
1.97967340 0.60038858 7.25629673 0.44845100
1.97627848 0.60357441 7.25156773 0.45287538
1.97279991 0.60674594 7.24680237 0.45738349
1.96923569 0.60990250 7.24199999 0.46197874
1.96558381 0.61304342 7.23715990 0.46666468
1.96184219 0.61616804 7.23228141 0.47144503
1.95800874 0.61927567 7.22736377 0.47632368
1.95408134 0.62236562 7.22240626 0.48130470
1.95005785 0.62543717 7.21740810 0.48639236
1.94593607 0.62848963 7.21236852 0.49159108
1.94171382 0.63152225 7.20728670 0.49690550
1.93738888 0.63453431 7.20216183 0.50234044
1.93295898 0.63752507 7.19699308 0.50790093
1.92842188 0.64049377 7.19177958 0.51359218
1.92377530 0.64343964 7.18652047 0.51941962
1.91901695 0.64636191 7.18121487 0.52538889
1.91414453 0.64925980 7.17586188 0.53150582
1.90915573 0.65213250 7.17046058 0.53777645
1.90404827 0.65497922 7.16501007 0.54420702
1.89881983 0.65779913 7.15950942 0.55080399
1.89346814 0.66059141 7.15395770 0.55757399
1.88799090 0.66335522 7.14835397 0.56452385
1.88238588 0.66608971 7.14269731 0.57166060
1.87665083 0.66879401 7.13698678 0.57899143
1.87078356 0.67146726 7.13122147 0.58652369
1.86478191 0.67410856 7.12540045 0.59426489
1.85864379 0.67671702 7.11952283 0.60222267
1.85236712 0.67929172 7.11358773 0.61040479
1.84594993 0.68183175 7.10759430 0.61881911
1.83939031 0.68433616 7.10154170 0.62747355
1.83268643 0.68680400 7.09542915 0.63637608
1.82583655 0.68923431 7.08925589 0.64553467
1.81883906 0.69162610 7.08302121 0.65495729
1.81169243 0.69397838 7.07672446 0.66465184
1.80439530 0.69629014 7.07036504 0.67462610
1.79694644 0.69856035 7.06394243 0.68488773
1.78934476 0.70078796 7.05745618 0.69544418
1.78158936 0.70297190 7.05090591 0.70630263
1.77367952 0.70511112 7.04429136 0.71746998
1.76561471 0.70720449 7.03761235 0.72895274
1.75739464 0.70925091 7.03086881 0.74075697
1.74901921 0.71124924 7.02406080 0.75288824
1.74048860 0.71319833 7.01718850 0.76535153
1.73180323 0.71509700 7.01025223 0.77815116
1.72296380 0.71694406 7.00325247 0.79129072
1.71397130 0.71873830 6.99618983 0.80477299
1.70482703 0.72047849 6.98906511 0.81859983
1.69553258 0.72216339 6.98187928 0.83277216
1.68608992 0.72379172 6.97463349 0.84728982
1.67650131 0.72536220 6.96732908 0.86215152
1.66676939 0.72687355 6.95996760 0.87735476
1.65689717 0.72832443 6.95255080 0.89289579
1.64688802 0.72971354 6.94508064 0.90876947
1.63674568 0.73103953 6.93755929 0.92496931
1.62647430 0.73230107 6.92998917 0.94148733
1.61607837 0.73349682 6.92237288 0.95831411
1.60556281 0.73462542 6.91471328 0.97543868
1.59493288 0.73568553 6.90701343 0.99284856
1.58419425 0.73667582 6.89927663 1.01052974
1.57335294 0.73759497 6.89150638 1.02846671
1.56241533 0.73844166 6.88370639 1.04664247
1.55138814 0.73921462 6.87588058 1.06503858
1.54027842 0.73991258 6.86803307 1.08363526
1.52909352 0.74053433 6.86016814 1.10241143
1.51784107 0.74107868 6.85229025 1.12134480
1.50652896 0.74154450 6.84440401 1.14041203
1.49516532 0.74193071 6.83651417 1.15958884
1.48375846 0.74223630 6.82862558 1.17885013
1.47231686 0.74246032 6.82074321 1.19817016
1.46084915 0.74260190 6.81287207 1.21752270
1.44936401 0.74266026 6.80501726 1.23688123
1.43787022 0.74263469 6.79718387 1.25621908
1.42637656 0.74252460 6.78937704 1.27550963
1.41489179 0.74232949 6.78160184 1.29472648
1.40342462 0.74204898 6.77386334 1.31384366
1.39198365 0.74168279 6.76616652 1.33283575
1.38057737 0.74123077 6.75851627 1.35167810
1.36921408 0.74069289 6.75091739 1.37034693
1.35790188 0.74006924 6.74337451 1.38881951
1.34664866 0.73936005 6.73589214 1.40707430
1.33546202 0.73856567 6.72847461 1.42509099
1.32434928 0.73768658 6.72112604 1.44285067
1.31331746 0.73672341 6.71385038 1.46033589
1.30237323 0.73567690 6.70665134 1.47753069
1.29152291 0.73454793 6.69953241 1.49442067
1.28077245 0.73333749 6.69249685 1.51099299
1.27012744 0.73204671 6.68554767 1.52723641
1.25959306 0.73067683 6.67868764 1.54314126
1.24917411 0.72922922 6.67191927 1.55869940
1.23887500 0.72770533 6.66524482 1.57390423
1.22869973 0.72610674 6.65866630 1.58875059
1.21865193 0.72443511 6.65218549 1.60323472
1.20873482 0.72269221 6.64580389 1.61735422
1.19895126 0.72087988 6.63952278 1.63110793
1.18930373 0.71900005 6.63334322 1.64449586
1.17979437 0.71705469 6.62726604 1.65751915
1.17042495 0.71504588 6.62129182 1.67017990
1.16119691 0.71297571 6.61542098 1.68248116
1.15211140 0.71084635 6.60965373 1.69442680
1.14316924 0.70866000 6.60399007 1.70602144
1.13437098 0.70641890 6.59842985 1.71727035
1.12571689 0.70412530 6.59297275 1.72817938
1.11720700 0.70178151 6.58761830 1.73875487
1.10884109 0.69938980 6.58236587 1.74900358
1.10061874 0.69695250 6.57721472 1.75893264
1.09253932 0.69447191 6.57216399 1.76854945
1.08460201 0.69195034 6.56721269 1.77786162
1.07680581 0.68939009 6.56235974 1.78687696
1.06914959 0.68679346 6.55760400 1.79560338
1.06163207 0.68416271 6.55294420 1.80404885
1.05425182 0.68150008 6.54837904 1.81222137
1.04700733 0.67880782 6.54390714 1.82012895
1.03989698 0.67608810 6.53952707 1.82777954
1.03291904 0.67334310 6.53523735 1.83518101
1.02607175 0.67057494 6.53103648 1.84234115
1.01935323 0.66778571 6.52692290 1.84926761
1.01276158 0.66497746 6.52289504 1.85596794
1.00629484 0.66215220 6.51895133 1.86244949
0.99995101 0.65931190 6.51509015 1.86871947
0.99372807 0.65645846 6.51130989 1.87478491
0.98762396 0.65359377 6.50760895 1.88065267
0.98163662 0.65071963 6.50398569 1.88632939
0.97576397 0.64783783 6.50043852 1.89182154
0.97000393 0.64495009 6.49696582 1.89713538
0.96435441 0.64205808 6.49356601 1.90227700
0.95881335 0.63916342 6.49023750 1.90725226
0.95337866 0.63626768 6.48697872 1.91206684
0.94804831 0.63337238 6.48378814 1.91672623
0.94282024 0.63047898 6.48066422 1.92123572
0.93769244 0.62758890 6.47760545 1.92560043
0.93266290 0.62470350 6.47461036 1.92982529
0.92772967 0.62182409 6.47167748 1.93391503
0.92289078 0.61895195 6.46880538 1.93787425
0.91814432 0.61608828 6.46599266 1.94170734
0.91348839 0.61323423 6.46323792 1.94541856
0.90892114 0.61039094 6.46053983 1.94901199
0.90444073 0.60755946 6.45789705 1.95249156
0.90004536 0.60474081 6.45530828 1.95586108
0.89573327 0.60193596 6.45277226 1.95912418
0.89150273 0.59914585 6.45028775 1.96228438
0.88735204 0.59637135 6.44785352 1.96534506
0.88327953 0.59361330 6.44546841 1.96830948
0.87928357 0.59087250 6.44313124 1.97118078
0.87536257 0.58814970 6.44084090 1.97396197
0.87151496 0.58544560 6.43859628 1.97665598
0.86773921 0.58276090 6.43639631 1.97926560
0.86403383 0.58009621 6.43423995 1.98179354
0.86039734 0.57745213 6.43212617 1.98424241
0.85682833 0.57482922 6.43005398 1.98661472
0.85332539 0.57222801 6.42802241 1.98891290
0.84988715 0.56964898 6.42603052 1.99113928
0.84651229 0.56709259 6.42407740 1.99329612
0.84319949 0.56455925 6.42216214 1.99538561
0.83994748 0.56204935 6.42028388 1.99740985
0.83675501 0.55956326 6.41844178 1.99937088
0.83362087 0.55710131 6.41663501 2.00127065
0.83054388 0.55466378 6.41486276 2.00311107
0.82752286 0.55225096 6.41312426 2.00489397
0.82455670 0.54986309 6.41141875 2.00662114
0.82164428 0.54750039 6.40974548 2.00829427
0.81878452 0.54516306 6.40810375 2.00991505
0.81597637 0.54285125 6.40649284 2.01148507
0.81321880 0.54056513 6.40491209 2.01300589
0.81051081 0.53830482 6.40336082 2.01447902
0.80785141 0.53607041 6.40183840 2.01590591
0.80523964 0.53386200 6.40034419 2.01728799
0.80267457 0.53167964 6.39887758 2.01862661
0.80015528 0.52952339 6.39743798 2.01992311
0.79768088 0.52739326 6.39602482 2.02117877
0.79525049 0.52528927 6.39463753 2.02239483
0.79286327 0.52321142 6.39327555 2.02357252
0.79051837 0.52115967 6.39193836 2.02471298
0.78821499 0.51913398 6.39062545 2.02581737
0.78595234 0.51713432 6.38933629 2.02688678
0.78372962 0.51516061 6.38807040 2.02792228
0.78154608 0.51321277 6.38682730 2.02892491
0.77940099 0.51129071 6.38560652 2.02989567
0.77729360 0.50939433 6.38440761 2.03083553
0.77522322 0.50752352 6.38323012 2.03174545
0.77318915 0.50567815 6.38207361 2.03262634
0.77119070 0.50385808 6.38093768 2.03347909
0.76922722 0.50206318 6.37982190 2.03430457
0.76729806 0.50029329 6.37872587 2.03510361
0.76540257 0.49854825 6.37764921 2.03587702
0.76354014 0.49682790 6.37659153 2.03662561
0.76171016 0.49513205 6.37555246 2.03735013
0.75991203 0.49346052 6.37453163 2.03805132
0.75814516 0.49181313 6.37352870 2.03872992
0.75640900 0.49018968 6.37254332 2.03938661
0.75470298 0.48858996 6.37157515 2.04002208
0.75302655 0.48701378 6.37062386 2.04063699
0.75137917 0.48546093 6.36968913 2.04123198
0.74976033 0.48393118 6.36877064 2.04180767
0.74816950 0.48242433 6.36786809 2.04236467
0.74660619 0.48094014 6.36698118 2.04290354
0.74506990 0.47947840 6.36610962 2.04342488
0.74356015 0.47803887 6.36525311 2.04392922
0.74207646 0.47662132 6.36441138 2.04441710
0.74061837 0.47522552 6.36358416 2.04488903
0.73918543 0.47385123 6.36277118 2.04534553
0.73777718 0.47249822 6.36197218 2.04578707
0.73639320 0.47116624 6.36118690 2.04621413
0.73503304 0.46985505 6.36041508 2.04662717
0.73369630 0.46856442 6.35965650 2.04702664
0.73238257 0.46729410 6.35891090 2.04741296
0.73109142 0.46604384 6.35817806 2.04778655
0.72982248 0.46481341 6.35745774 2.04814783
0.72857535 0.46360255 6.35674972 2.04849717
0.72734965 0.46241102 6.35605377 2.04883498
0.72614500 0.46123859 6.35536969 2.04916160
0.72496104 0.46008499 6.35469727 2.04947741
0.72379741 0.45895000 6.35403629 2.04978275
0.72265376 0.45783336 6.35338656 2.05007796
0.72152973 0.45673483 6.35274787 2.05036336
0.72042499 0.45565418 6.35212003 2.05063927
0.71933920 0.45459115 6.35150286 2.05090600
0.71827204 0.45354551 6.35089616 2.05116384
0.71722318 0.45251703 6.35029975 2.05141308
0.71619230 0.45150546 6.34971346 2.05165401
0.71517911 0.45051056 6.34913710 2.05188689
0.71418328 0.44953210 6.34857051 2.05211198
0.71320453 0.44856985 6.34801351 2.05232954
0.71224256 0.44762358 6.34746595 2.05253981
0.71129707 0.44669305 6.34692765 2.05274304
0.71036780 0.44577804 6.34639847 2.05293945
0.70945445 0.44487832 6.34587823 2.05312926
0.70855676 0.44399367 6.34536679 2.05331269
0.70767446 0.44312385 6.34486400 2.05348996
0.70680728 0.44226866 6.34436971 2.05366126
0.70595496 0.44142787 6.34388378 2.05382679
0.70511726 0.44060126 6.34340605 2.05398675
0.70429391 0.43978862 6.34293640 2.05414131
0.70348468 0.43898974 6.34247469 2.05429065
0.70268933 0.43820441 6.34202078 2.05443495
0.70190761 0.43743242 6.34157453 2.05457437
0.70113930 0.43667356 6.34113582 2.05470907
0.70038416 0.43592762 6.34070452 2.05483922
0.69964197 0.43519442 6.34028051 2.05496496
0.69891251 0.43447374 6.33986366 2.05508643
0.69819556 0.43376539 6.33945386 2.05520379
0.69749091 0.43306917 6.33905097 2.05531717
0.69679835 0.43238490 6.33865489 2.05542670
0.69611768 0.43171239 6.33826551 2.05553251
0.69544868 0.43105143 6.33788270 2.05563472
0.69479117 0.43040186 6.33750636 2.05573345
0.69414495 0.42976349 6.33713638 2.05582883
0.69350982 0.42913613 6.33677265 2.05592096
0.69288559 0.42851961 6.33641507 2.05600995
0.69227209 0.42791375 6.33606354 2.05609591
0.69166912 0.42731838 6.33571795 2.05617893
0.69107651 0.42673332 6.33537820 2.05625913
0.69049408 0.42615842 6.33504420 2.05633658
0.68992166 0.42559349 6.33471585 2.05641139
0.68935908 0.42503838 6.33439306 2.05648365
0.68880617 0.42449293 6.33407572 2.05655344
0.68826277 0.42395697 6.33376376 2.05662084
0.68772871 0.42343034 6.33345708 2.05668593
0.68720384 0.42291290 6.33315559 2.05674880
0.68668799 0.42240448 6.33285921 2.05680951
0.68618103 0.42190495 6.33256785 2.05686814
0.68568278 0.42141414 6.33228142 2.05692477
0.68519311 0.42093191 6.33199985 2.05697945
0.68471187 0.42045812 6.33172305 2.05703226
0.68423892 0.41999263 6.33145095 2.05708325
0.68377412 0.41953529 6.33118346 2.05713250
0.68331731 0.41908597 6.33092050 2.05718005
0.68286838 0.41864453 6.33066201 2.05722598
0.68242719 0.41821083 6.33040791 2.05727032
0.68199360 0.41778476 6.33015812 2.05731314
0.68156749 0.41736617 6.32991257 2.05735448
0.68114872 0.41695493 6.32967120 2.05739441
0.68073717 0.41655093 6.32943392 2.05743296
0.68033273 0.41615404 6.32920068 2.05747018
0.67993526 0.41576414 6.32897141 2.05750613
0.67954465 0.41538110 6.32874603 2.05754083
0.67916078 0.41500481 6.32852449 2.05757434
0.67878354 0.41463516 6.32830671 2.05760670
0.67841281 0.41427202 6.32809264 2.05763793
0.67804849 0.41391529 6.32788222 2.05766810
0.67769046 0.41356486 6.32767538 2.05769722
0.67733861 0.41322061 6.32747207 2.05772533
0.67699285 0.41288244 6.32727222 2.05775248
0.67665306 0.41255025 6.32707577 2.05777869
0.67631915 0.41222393 6.32688268 2.05780400
0.67599101 0.41190337 6.32669288 2.05782843
0.67566855 0.41158848 6.32650632 2.05785201
0.67535166 0.41127917 6.32632294 2.05787479
0.67504026 0.41097532 6.32614269 2.05789677
0.67473424 0.41067686 6.32596552 2.05791800
0.67443353 0.41038367 6.32579138 2.05793849
0.67413802 0.41009568 6.32562021 2.05795827
0.67384762 0.40981279 6.32545197 2.05797737
0.67356226 0.40953491 6.32528661 2.05799580
0.67328184 0.40926195 6.32512407 2.05801360
0.67300627 0.40899383 6.32496431 2.05803079
0.67273549 0.40873047 6.32480729 2.05804737
0.67246939 0.40847177 6.32465296 2.05806339
0.67220791 0.40821766 6.32450126 2.05807885
0.67195097 0.40796806 6.32435217 2.05809377
0.67169848 0.40772288 6.32420563 2.05810818
0.67145037 0.40748206 6.32406161 2.05812208
0.67120656 0.40724551 6.32392005 2.05813551
0.67096699 0.40701315 6.32378092 2.05814847
0.67073157 0.40678492 6.32364417 2.05816098
0.67050024 0.40656074 6.32350978 2.05817306
0.67027293 0.40634054 6.32337769 2.05818471
0.67004956 0.40612425 6.32324786 2.05819597
0.66983008 0.40591180 6.32312027 2.05820683
0.66961440 0.40570313 6.32299487 2.05821732
0.66940248 0.40549816 6.32287163 2.05822744
0.66919423 0.40529683 6.32275050 2.05823721
0.66898961 0.40509908 6.32263145 2.05824664
0.66878855 0.40490484 6.32251446 2.05825575
0.66859098 0.40471405 6.32239947 2.05826453
0.66839684 0.40452666 6.32228647 2.05827302
0.66820608 0.40434259 6.32217541 2.05828120
0.66801864 0.40416179 6.32206626 2.05828911
0.66783447 0.40398421 6.32195899 2.05829674
0.66765350 0.40380978 6.32185357 2.05830410
0.66747567 0.40363846 6.32174997 2.05831121
0.66730095 0.40347017 6.32164815 2.05831807
0.66712926 0.40330488 6.32154809 2.05832469
0.66696057 0.40314253 6.32144975 2.05833108
0.66679481 0.40298307 6.32135311 2.05833725
0.66663194 0.40282643 6.32125814 2.05834321
0.66647191 0.40267259 6.32116480 2.05834896
0.66631467 0.40252148 6.32107308 2.05835450
0.66616016 0.40237305 6.32098294 2.05835986
0.66600835 0.40222727 6.32089436 2.05836503
0.66585919 0.40208407 6.32080731 2.05837002
0.66571263 0.40194342 6.32072176 2.05837483
0.66556862 0.40180528 6.32063770 2.05837948
0.66542713 0.40166958 6.32055508 2.05838397
0.66528810 0.40153631 6.32047390 2.05838830
0.66515150 0.40140540 6.32039412 2.05839248
0.66501728 0.40127681 6.32031572 2.05839651
0.66488540 0.40115052 6.32023867 2.05840040
0.66475583 0.40102647 6.32016296 2.05840416
0.66462852 0.40090463 6.32008856 2.05840779
0.66450343 0.40078495 6.32001545 2.05841129
0.66438052 0.40066740 6.31994361 2.05841467
0.66425976 0.40055194 6.31987301 2.05841793
0.66414111 0.40043853 6.31980363 2.05842108
0.66402454 0.40032714 6.31973546 2.05842411
0.66391000 0.40021773 6.31966847 2.05842704
0.66379746 0.40011026 6.31960264 2.05842987
0.66368688 0.40000470 6.31953795 2.05843261
0.66357824 0.39990102 6.31947439 2.05843524
0.66347150 0.39979919 6.31941193 2.05843779
0.66336663 0.39969916 6.31935055 2.05844024
0.66326359 0.39960091 6.31929024 2.05844261
0.66316235 0.39950441 6.31923097 2.05844490
0.66306288 0.39940963 6.31917274 2.05844710
0.66296515 0.39931652 6.31911551 2.05844924
0.66286913 0.39922508 6.31905928 2.05845129
0.66277479 0.39913525 6.31900403 2.05845328
0.66268210 0.39904703 6.31894974 2.05845519
0.66259103 0.39896037 6.31889639 2.05845704
0.66250156 0.39887525 6.31884397 2.05845882
0.66241365 0.39879165 6.31879246 2.05846055
0.66232728 0.39870953 6.31874185 2.05846221
0.66224242 0.39862887 6.31869212 2.05846381
0.66215905 0.39854964 6.31864325 2.05846536
0.66207714 0.39847182 6.31859523 2.05846685
0.66199666 0.39839538 6.31854805 2.05846829
0.66191759 0.39832030 6.31850169 2.05846969
0.66183991 0.39824656 6.31845614 2.05847103
0.66176359 0.39817412 6.31841138 2.05847232
0.66168860 0.39810297 6.31836741 2.05847358
0.66161493 0.39803309 6.31832419 2.05847478
0.66154255 0.39796444 6.31828173 2.05847595
0.66147144 0.39789702 6.31824001 2.05847707
0.66140157 0.39783079 6.31819902 2.05847816
0.66133293 0.39776574 6.31815875 2.05847920
0.66126549 0.39770184 6.31811917 2.05848022
0.66119924 0.39763908 6.31808029 2.05848119
0.66113414 0.39757744 6.31804208 2.05848213
0.66107019 0.39751688 6.31800454 2.05848304
0.66100736 0.39745741 6.31796765 2.05848392
0.66094563 0.39739898 6.31793141 2.05848476
0.66088498 0.39734160 6.31789580 2.05848558
0.66082540 0.39728523 6.31786082 2.05848637
0.66076686 0.39722987 6.31782644 2.05848713
0.66070935 0.39717549 6.31779267 2.05848786
0.66065285 0.39712207 6.31775948 2.05848857
0.66059734 0.39706960 6.31772687 2.05848926
0.66054280 0.39701806 6.31769484 2.05848991
0.66048922 0.39696744 6.31766336 2.05849055
0.66043658 0.39691771 6.31763243 2.05849117
0.66038487 0.39686887 6.31760205 2.05849176
0.66033406 0.39682090 6.31757219 2.05849233
0.66028414 0.39677377 6.31754286 2.05849288
0.66023510 0.39672748 6.31751404 2.05849342
0.66018693 0.39668202 6.31748572 2.05849393
0.66013959 0.39663736 6.31745790 2.05849443
0.66009309 0.39659349 6.31743056 2.05849491
0.66004741 0.39655040 6.31740371 2.05849537
0.66000253 0.39650807 6.31737732 2.05849582
0.65995843 0.39646650 6.31735139 2.05849625
0.65991511 0.39642566 6.31732592 2.05849666
0.65987255 0.39638555 6.31730090 2.05849706
0.65983074 0.39634614 6.31727631 2.05849745
0.65978967 0.39630744 6.31725215 2.05849782
0.65974931 0.39626942 6.31722842 2.05849818
0.65970967 0.39623208 6.31720510 2.05849853
0.65967072 0.39619540 6.31718219 2.05849887
0.65963245 0.39615937 6.31715968 2.05849919
0.65959486 0.39612398 6.31713756 2.05849950
0.65955793 0.39608921 6.31711584 2.05849981
0.65952165 0.39605507 6.31709449 2.05850010
0.65948600 0.39602152 6.31707352 2.05850038
0.65945099 0.39598858 6.31705291 2.05850065
0.65941658 0.39595621 6.31703267 2.05850091
0.65938279 0.39592442 6.31701278 2.05850116
0.65934958 0.39589320 6.31699324 2.05850141
0.65931696 0.39586252 6.31697404 2.05850164
0.65928492 0.39583239 6.31695517 2.05850187
0.65925344 0.39580280 6.31693664 2.05850209
0.65922251 0.39577373 6.31691844 2.05850230
0.65919212 0.39574517 6.31690055 2.05850250
0.65916227 0.39571712 6.31688298 2.05850270
0.65913295 0.39568957 6.31686571 2.05850289
0.65910414 0.39566250 6.31684875 2.05850308
0.65907583 0.39563592 6.31683208 2.05850325
0.65904803 0.39560980 6.31681571 2.05850342
0.65902071 0.39558415 6.31679963 2.05850359
0.65899388 0.39555895 6.31678382 2.05850375
0.65896751 0.39553420 6.31676830 2.05850390
0.65894161 0.39550989 6.31675305 2.05850405
0.65891617 0.39548601 6.31673806 2.05850419
0.65889117 0.39546255 6.31672334 2.05850433
0.65886662 0.39543950 6.31670887 2.05850446
0.65884249 0.39541687 6.31669466 2.05850459
0.65881879 0.39539463 6.31668070 2.05850472
0.65879551 0.39537279 6.31666699 2.05850483
0.65877264 0.39535134 6.31665351 2.05850495
0.65875017 0.39533026 6.31664027 2.05850506
0.65872809 0.39530956 6.31662727 2.05850517
0.65870641 0.39528923 6.31661449 2.05850527
0.65868510 0.39526925 6.31660194 2.05850537
0.65866418 0.39524963 6.31658961 2.05850547
0.65864361 0.39523036 6.31657749 2.05850556
0.65862342 0.39521143 6.31656559 2.05850565
0.65860357 0.39519283 6.31655390 2.05850574
0.65858408 0.39517456 6.31654241 2.05850582
0.65856493 0.39515662 6.31653112 2.05850590
0.65854611 0.39513899 6.31652003 2.05850598
0.65852763 0.39512168 6.31650914 2.05850606
0.65850947 0.39510467 6.31649844 2.05850613
0.65849164 0.39508796 6.31648793 2.05850620
0.65847411 0.39507155 6.31647760 2.05850627
0.65845690 0.39505543 6.31646745 2.05850633
0.65843999 0.39503959 6.31645748 2.05850640
0.65842338 0.39502404 6.31644769 2.05850646
0.65840705 0.39500875 6.31643807 2.05850652
0.65839102 0.39499374 6.31642861 2.05850657
0.65837527 0.39497900 6.31641933 2.05850663
0.65835980 0.39496452 6.31641021 2.05850668
0.65834460 0.39495029 6.31640124 2.05850673
0.65832966 0.39493631 6.31639244 2.05850678
0.65831499 0.39492259 6.31638379 2.05850683
0.65830058 0.39490910 6.31637529 2.05850687
0.65828642 0.39489585 6.31636694 2.05850692
0.65827252 0.39488284 6.31635874 2.05850696
0.65825885 0.39487006 6.31635068 2.05850700
0.65824543 0.39485750 6.31634277 2.05850704
0.65823224 0.39484517 6.31633499 2.05850708
0.65821929 0.39483305 6.31632735 2.05850712
0.65820656 0.39482115 6.31631985 2.05850715
0.65819406 0.39480946 6.31631248 2.05850719
0.65818178 0.39479798 6.31630523 2.05850722
0.65816972 0.39478669 6.31629812 2.05850725
0.65815786 0.39477561 6.31629113 2.05850728
0.65814622 0.39476473 6.31628426 2.05850731
0.65813478 0.39475403 6.31627751 2.05850734
0.65812355 0.39474353 6.31627089 2.05850737
0.65811251 0.39473321 6.31626437 2.05850740
0.65810166 0.39472308 6.31625798 2.05850742
0.65809101 0.39471312 6.31625169 2.05850745
0.65808055 0.39470334 6.31624552 2.05850747
0.65807027 0.39469373 6.31623946 2.05850749
0.65806017 0.39468429 6.31623350 2.05850752
0.65805024 0.39467502 6.31622764 2.05850754
0.65804050 0.39466592 6.31622189 2.05850756
0.65803092 0.39465697 6.31621625 2.05850758
0.65802152 0.39464818 6.31621070 2.05850760
0.65801228 0.39463955 6.31620525 2.05850762
0.65800320 0.39463107 6.31619989 2.05850764
0.65799428 0.39462274 6.31619463 2.05850765
0.65798552 0.39461456 6.31618946 2.05850767
0.65797692 0.39460652 6.31618438 2.05850769
0.65796846 0.39459863 6.31617939 2.05850770
0.65796016 0.39459087 6.31617449 2.05850772
0.65795200 0.39458325 6.31616968 2.05850773
0.65794399 0.39457577 6.31616495 2.05850775
0.65793611 0.39456841 6.31616030 2.05850776
0.65792838 0.39456119 6.31615574 2.05850777
0.65792078 0.39455410 6.31615126 2.05850779
0.65791331 0.39454713 6.31614685 2.05850780
0.65790598 0.39454028 6.31614253 2.05850781
0.65789878 0.39453356 6.31613827 2.05850782
0.65789170 0.39452695 6.31613410 2.05850783
0.65788475 0.39452046 6.31613000 2.05850784
0.65787792 0.39451409 6.31612597 2.05850785
