4.06811554 4.53210380 6.52804841 0.68900814
4.06893013 4.52582009 6.52684233 0.69317945
4.06980024 4.51951371 6.52561070 0.69739490
4.07072558 4.51318522 6.52435375 0.70165449
4.07170584 4.50683523 6.52307168 0.70595815
4.07274064 4.50046441 6.52176474 0.71030568
4.07382961 4.49407345 6.52043319 0.71469682
4.07497231 4.48766311 6.51907732 0.71913119
4.07616828 4.48123419 6.51769743 0.72360832
4.07741703 4.47478753 6.51629383 0.72812763
4.07871802 4.46832402 6.51486688 0.73268843
4.08007069 4.46184461 6.51341694 0.73728993
4.08147444 4.45535028 6.51194439 0.74193125
4.08292863 4.44884205 6.51044964 0.74661136
4.08443261 4.44232102 6.50893311 0.75132915
4.08598566 4.43578830 6.50739524 0.75608339
4.08758705 4.42924505 6.50583651 0.76087275
4.08923601 4.42269251 6.50425739 0.76569578
4.09093175 4.41613190 6.50265840 0.77055094
4.09267343 4.40956454 6.50104004 0.77543656
4.09446019 4.40299176 6.49940287 0.78035088
4.09629115 4.39641493 6.49774743 0.78529204
4.09816537 4.38983547 6.49607430 0.79025809
4.10008192 4.38325482 6.49438408 0.79524697
4.10203981 4.37667446 6.49267736 0.80025655
4.10403805 4.37009590 6.49095478 0.80528459
4.10607561 4.36352068 6.48921695 0.81032879
4.10815145 4.35695037 6.48746454 0.81538677
4.11026449 4.35038655 6.48569821 0.82045609
4.11241365 4.34383084 6.48391861 0.82553423
4.11459781 4.33728486 6.48212644 0.83061862
4.11681586 4.33075027 6.48032239 0.83570666
4.11906664 4.32422872 6.47850715 0.84079568
4.12134901 4.31772187 6.47668143 0.84588299
4.12366179 4.31123141 6.47484595 0.85096588
4.12600381 4.30475902 6.47300141 0.85604161
4.12837388 4.29830636 6.47114855 0.86110743
4.13077080 4.29187513 6.46928809 0.86616058
4.13319338 4.28546699 6.46742075 0.87119833
4.13564041 4.27908361 6.46554725 0.87621794
4.13811068 4.27272664 6.46366833 0.88121668
4.14060299 4.26639772 6.46178470 0.88619188
4.14311613 4.26009848 6.45989709 0.89114087
4.14564890 4.25383051 6.45800621 0.89606106
4.14820011 4.24759540 6.45611276 0.90094988
4.15076856 4.24139469 6.45421746 0.90580483
4.15335307 4.23522992 6.45232100 0.91062346
4.15595247 4.22910256 6.45042407 0.91540341
4.15856559 4.22301409 6.44852734 0.92014237
4.16119129 4.21696593 6.44663149 0.92483812
4.16382844 4.21095946 6.44473717 0.92948853
4.16647591 4.20499602 6.44284503 0.93409156
4.16913260 4.19907693 6.44095569 0.93864526
4.17179742 4.19320345 6.43906979 0.94314776
4.17446931 4.18737678 6.43718791 0.94759731
4.17714722 4.18159809 6.43531065 0.95199225
4.17983013 4.17586851 6.43343859 0.95633104
4.18251702 4.17018911 6.43157229 0.96061223
4.18520693 4.16456091 6.42971227 0.96483449
4.18789888 4.15898487 6.42785907 0.96899657
4.19059195 4.15346191 6.42601320 0.97309736
4.19328523 4.14799291 6.42417514 0.97713584
4.19597783 4.14257867 6.42234537 0.98111110
4.19866889 4.13721995 6.42052433 0.98502235
4.20135758 4.13191747 6.41871247 0.98886887
4.20404309 4.12667187 6.41691020 0.99265009
4.20672465 4.12148376 6.41511792 0.99636549
4.20940148 4.11635369 6.41333600 1.00001469
4.21207288 4.11128215 6.41156482 1.00359739
4.21473812 4.10626960 6.40980471 1.00711338
4.21739655 4.10131643 6.40805600 1.01056255
4.22004751 4.09642298 6.40631900 1.01394487
4.22269037 4.09158957 6.40459399 1.01726039
4.22532455 4.08681642 6.40288125 1.02050924
4.22794946 4.08210375 6.40118102 1.02369166
4.23056457 4.07745172 6.39949356 1.02680791
4.23316936 4.07286043 6.39781908 1.02985836
4.23576331 4.06832995 6.39615777 1.03284342
4.23834598 4.06386031 6.39450984 1.03576359
4.24091690 4.05945150 6.39287545 1.03861940
4.24347566 4.05510347 6.39125476 1.04141145
4.24602185 4.05081611 6.38964791 1.04414038
4.24855509 4.04658930 6.38805503 1.04680690
4.25107503 4.04242287 6.38647623 1.04941174
4.25358133 4.03831663 6.38491162 1.05195567
4.25607367 4.03427035 6.38336127 1.05443952
4.25855176 4.03028375 6.38182527 1.05686412
4.26101533 4.02635656 6.38030367 1.05923035
4.26346412 4.02248844 6.37879652 1.06153913
4.26589789 4.01867905 6.37730387 1.06379137
4.26831642 4.01492803 6.37582573 1.06598801
4.27071951 4.01123496 6.37436213 1.06813004
4.27310697 4.00759943 6.37291308 1.07021842
4.27547863 4.00402101 6.37147857 1.07225415
4.27783435 4.00049922 6.37005858 1.07423822
4.28017397 3.99703359 6.36865311 1.07617166
4.28249737 3.99362362 6.36726212 1.07805547
4.28480445 3.99026880 6.36588556 1.07989067
4.28709511 3.98696859 6.36452341 1.08167828
4.28936925 3.98372246 6.36317560 1.08341933
4.29162681 3.98052985 6.36184209 1.08511482
4.29386772 3.97739019 6.36052280 1.08676578
4.29609194 3.97430290 6.35921766 1.08837320
4.29829942 3.97126740 6.35792660 1.08993810
4.30049014 3.96828308 6.35664954 1.09146146
4.30266407 3.96534935 6.35538639 1.09294427
4.30482121 3.96246559 6.35413707 1.09438751
4.30696155 3.95963119 6.35290147 1.09579213
4.30908509 3.95684551 6.35167949 1.09715909
4.31119186 3.95410795 6.35047104 1.09848934
4.31328188 3.95141786 6.34927601 1.09978378
4.31535516 3.94877461 6.34809428 1.10104334
4.31741176 3.94617757 6.34692576 1.10226892
4.31945170 3.94362611 6.34577031 1.10346139
4.32147505 3.94111957 6.34462783 1.10462163
4.32348184 3.93865733 6.34349820 1.10575048
4.32547215 3.93623875 6.34238129 1.10684878
4.32744604 3.93386319 6.34127698 1.10791734
4.32940356 3.93153002 6.34018515 1.10895698
4.33134481 3.92923860 6.33910567 1.10996847
4.33326984 3.92698830 6.33803841 1.11095258
4.33517876 3.92477849 6.33698325 1.11191007
4.33707163 3.92260855 6.33594005 1.11284168
4.33894855 3.92047786 6.33490870 1.11374811
4.34080961 3.91838579 6.33388904 1.11463008
4.34265490 3.91633174 6.33288097 1.11548826
4.34448452 3.91431509 6.33188434 1.11632333
4.34629858 3.91233523 6.33089902 1.11713594
4.34809716 3.91039158 6.32992489 1.11792672
4.34988038 3.90848353 6.32896181 1.11869630
4.35164834 3.90661049 6.32800965 1.11944528
4.35340114 3.90477188 6.32706828 1.12017425
4.35513891 3.90296712 6.32613757 1.12088378
4.35686174 3.90119564 6.32521740 1.12157443
4.35856975 3.89945687 6.32430762 1.12224674
4.36026305 3.89775026 6.32340812 1.12290125
4.36194176 3.89607524 6.32251876 1.12353846
4.36360599 3.89443128 6.32163942 1.12415887
4.36525586 3.89281784 6.32076997 1.12476297
4.36689148 3.89123436 6.31991028 1.12535124
4.36851297 3.88968035 6.31906024 1.12592413
4.37012045 3.88815526 6.31821971 1.12648209
4.37171403 3.88665859 6.31738857 1.12702555
4.37329383 3.88518983 6.31656671 1.12755493
4.37485998 3.88374848 6.31575400 1.12807064
4.37641258 3.88233405 6.31495032 1.12857308
4.37795176 3.88094606 6.31415556 1.12906263
4.37947764 3.87958401 6.31336959 1.12953967
4.38099033 3.87824746 6.31259230 1.13000456
4.38248996 3.87693591 6.31182357 1.13045765
4.38397663 3.87564893 6.31106330 1.13089928
4.38545048 3.87438606 6.31031136 1.13132979
4.38691160 3.87314685 6.30956765 1.13174949
4.38836013 3.87193086 6.30883206 1.13215870
4.38979618 3.87073768 6.30810448 1.13255772
4.39121986 3.86956687 6.30738480 1.13294684
4.39263130 3.86841801 6.30667291 1.13332635
4.39403059 3.86729070 6.30596871 1.13369653
4.39541787 3.86618453 6.30527210 1.13405763
4.39679324 3.86509911 6.30458298 1.13440993
4.39815681 3.86403405 6.30390123 1.13475367
4.39950870 3.86298896 6.30322677 1.13508909
4.40084902 3.86196346 6.30255950 1.13541644
4.40217789 3.86095718 6.30189931 1.13573594
4.40349540 3.85996977 6.30124612 1.13604781
4.40480167 3.85900086 6.30059982 1.13635226
4.40609682 3.85805009 6.29996033 1.13664952
4.40738094 3.85711713 6.29932755 1.13693977
4.40865415 3.85620163 6.29870139 1.13722322
4.40991654 3.85530326 6.29808176 1.13750006
4.41116824 3.85442169 6.29746858 1.13777046
4.41240933 3.85355660 6.29686176 1.13803462
4.41363993 3.85270767 6.29626121 1.13829269
4.41486014 3.85187459 6.29566684 1.13854485
4.41607006 3.85105706 6.29507858 1.13879127
4.41726978 3.85025477 6.29449634 1.13903209
4.41845942 3.84946743 6.29392004 1.13926747
4.41963907 3.84869476 6.29334961 1.13949757
4.42080883 3.84793646 6.29278496 1.13972252
4.42196880 3.84719227 6.29222601 1.13994246
4.42311907 3.84646190 6.29167269 1.14015753
4.42425974 3.84574509 6.29112493 1.14036786
4.42539090 3.84504158 6.29058264 1.14057358
4.42651265 3.84435110 6.29004577 1.14077480
4.42762509 3.84367341 6.28951423 1.14097165
4.42872830 3.84300825 6.28898796 1.14116425
4.42982237 3.84235539 6.28846688 1.14135271
4.43090740 3.84171457 6.28795093 1.14153712
4.43198347 3.84108557 6.28744004 1.14171761
4.43305068 3.84046816 6.28693414 1.14189428
4.43410910 3.83986210 6.28643317 1.14206721
4.43515884 3.83926718 6.28593706 1.14223651
4.43619997 3.83868318 6.28544575 1.14240228
4.43723258 3.83810989 6.28495918 1.14256460
4.43825675 3.83754710 6.28447729 1.14272356
4.43927258 3.83699460 6.28400001 1.14287925
4.44028013 3.83645218 6.28352728 1.14303174
4.44127949 3.83591966 6.28305905 1.14318113
4.44227074 3.83539684 6.28259526 1.14332748
4.44325397 3.83488353 6.28213586 1.14347088
4.44422924 3.83437954 6.28168077 1.14361140
4.44519665 3.83388469 6.28122996 1.14374910
4.44615626 3.83339880 6.28078337 1.14388406
4.44710816 3.83292170 6.28034093 1.14401635
4.44805242 3.83245321 6.27990261 1.14414603
4.44898911 3.83199317 6.27946834 1.14427316
4.44991831 3.83154141 6.27903808 1.14439781
4.45084009 3.83109776 6.27861177 1.14452004
4.45175452 3.83066207 6.27818938 1.14463990
4.45266169 3.83023418 6.27777084 1.14475745
4.45356165 3.82981394 6.27735611 1.14487275
4.45445447 3.82940120 6.27694514 1.14498584
4.45534024 3.82899581 6.27653788 1.14509679
4.45621901 3.82859763 6.27613430 1.14520564
4.45709086 3.82820651 6.27573434 1.14531244
4.45795584 3.82782233 6.27533796 1.14541723
4.45881404 3.82744494 6.27494512 1.14552007
4.45966551 3.82707421 6.27455577 1.14562101
4.46051032 3.82671000 6.27416987 1.14572007
4.46134853 3.82635220 6.27378738 1.14581731
4.46218021 3.82600068 6.27340825 1.14591277
4.46300542 3.82565531 6.27303246 1.14600649
4.46382422 3.82531597 6.27265994 1.14609850
4.46463668 3.82498256 6.27229068 1.14618885
4.46544285 3.82465494 6.27192463 1.14627757
4.46624280 3.82433300 6.27156174 1.14636471
4.46703658 3.82401665 6.27120199 1.14645028
4.46782426 3.82370576 6.27084533 1.14653433
4.46860588 3.82340023 6.27049174 1.14661690
4.46938152 3.82309996 6.27014116 1.14669801
4.47015123 3.82280485 6.26979358 1.14677769
4.47091506 3.82251479 6.26944894 1.14685598
4.47167307 3.82222968 6.26910723 1.14693291
4.47242532 3.82194943 6.26876840 1.14700850
4.47317185 3.82167395 6.26843242 1.14708278
4.47391273 3.82140314 6.26809926 1.14715579
4.47464801 3.82113691 6.26776888 1.14722755
4.47537773 3.82087518 6.26744126 1.14729808
4.47610196 3.82061785 6.26711636 1.14736741
4.47682074 3.82036484 6.26679415 1.14743557
4.47753413 3.82011607 6.26647461 1.14750257
4.47824217 3.81987146 6.26615769 1.14756845
4.47894492 3.81963092 6.26584338 1.14763323
4.47964242 3.81939437 6.26553163 1.14769693
4.48033472 3.81916175 6.26522243 1.14775957
4.48102188 3.81893297 6.26491575 1.14782117
4.48170394 3.81870795 6.26461155 1.14788176
4.48238094 3.81848664 6.26430981 1.14794135
4.48305294 3.81826895 6.26401051 1.14799996
4.48371998 3.81805482 6.26371360 1.14805762
4.48438211 3.81784418 6.26341908 1.14811434
4.48503937 3.81763695 6.26312691 1.14817014
4.48569180 3.81743309 6.26283707 1.14822504
4.48633946 3.81723251 6.26254953 1.14827906
4.48698238 3.81703517 6.26226427 1.14833221
4.48762061 3.81684099 6.26198125 1.14838452
4.48825419 3.81664992 6.26170047 1.14843599
4.48888316 3.81646189 6.26142189 1.14848664
4.48950757 3.81627686 6.26114549 1.14853649
4.49012745 3.81609476 6.26087125 1.14858556
4.49074286 3.81591553 6.26059915 1.14863386
4.49135382 3.81573913 6.26032915 1.14868140
4.49196038 3.81556550 6.26006125 1.14872820
4.49256258 3.81539458 6.25979541 1.14877427
4.49316046 3.81522633 6.25953162 1.14881963
4.49375406 3.81506070 6.25926985 1.14886429
4.49434341 3.81489763 6.25901009 1.14890826
4.49492855 3.81473707 6.25875231 1.14895156
4.49550953 3.81457899 6.25849649 1.14899419
4.49608637 3.81442333 6.25824262 1.14903617
4.49665912 3.81427005 6.25799066 1.14907751
4.49722781 3.81411910 6.25774061 1.14911823
4.49779248 3.81397045 6.25749244 1.14915833
4.49835317 3.81382404 6.25724614 1.14919783
4.49890990 3.81367983 6.25700168 1.14923673
4.49946272 3.81353779 6.25675904 1.14927505
4.50001165 3.81339788 6.25651821 1.14931280
4.50055674 3.81326005 6.25627918 1.14934999
4.50109802 3.81312426 6.25604191 1.14938662
4.50163551 3.81299048 6.25580640 1.14942272
4.50216926 3.81285868 6.25557263 1.14945828
4.50269930 3.81272881 6.25534057 1.14949331
4.50322565 3.81260083 6.25511022 1.14952783
4.50374836 3.81247473 6.25488155 1.14956185
4.50426745 3.81235045 6.25465455 1.14959537
4.50478295 3.81222796 6.25442920 1.14962840
4.50529490 3.81210724 6.25420549 1.14966095
4.50580332 3.81198826 6.25398340 1.14969303
4.50630825 3.81187097 6.25376292 1.14972465
4.50680972 3.81175535 6.25354402 1.14975581
4.50730776 3.81164136 6.25332670 1.14978653
4.50780239 3.81152899 6.25311094 1.14981680
4.50829364 3.81141819 6.25289672 1.14984665
4.50878155 3.81130895 6.25268403 1.14987606
4.50926614 3.81120123 6.25247285 1.14990506
4.50974745 3.81109500 6.25226318 1.14993365
4.51022549 3.81099025 6.25205499 1.14996184
4.51070030 3.81088693 6.25184827 1.14998962
4.51117191 3.81078503 6.25164301 1.15001702
4.51164033 3.81068452 6.25143919 1.15004403
4.51210561 3.81058538 6.25123681 1.15007066
4.51256776 3.81048758 6.25103584 1.15009692
4.51302681 3.81039109 6.25083628 1.15012282
4.51348279 3.81029591 6.25063811 1.15014836
4.51393572 3.81020199 6.25044131 1.15017354
4.51438563 3.81010932 6.25024589 1.15019837
4.51483255 3.81001788 6.25005181 1.15022286
4.51527649 3.80992764 6.24985908 1.15024702
4.51571749 3.80983859 6.24966767 1.15027084
4.51615557 3.80975070 6.24947758 1.15029433
4.51659075 3.80966396 6.24928880 1.15031751
4.51702306 3.80957834 6.24910130 1.15034037
4.51745252 3.80949382 6.24891509 1.15036292
4.51787915 3.80941039 6.24873015 1.15038516
4.51830298 3.80932802 6.24854647 1.15040710
4.51872403 3.80924670 6.24836403 1.15042874
4.51914233 3.80916641 6.24818283 1.15045010
4.51955789 3.80908713 6.24800285 1.15047116
4.51997074 3.80900884 6.24782409 1.15049195
4.52038090 3.80893154 6.24764653 1.15051245
4.52078839 3.80885519 6.24747016 1.15053268
4.52119324 3.80877979 6.24729497 1.15055264
4.52159547 3.80870531 6.24712096 1.15057234
4.52199509 3.80863175 6.24694811 1.15059177
4.52239213 3.80855908 6.24677640 1.15061095
4.52278660 3.80848730 6.24660584 1.15062987
4.52317854 3.80841638 6.24643641 1.15064854
4.52356796 3.80834632 6.24626810 1.15066697
4.52395488 3.80827709 6.24610091 1.15068516
4.52433932 3.80820869 6.24593481 1.15070310
4.52472130 3.80814110 6.24576981 1.15072082
4.52510084 3.80807430 6.24560589 1.15073830
4.52547796 3.80800829 6.24544304 1.15075555
4.52585268 3.80794305 6.24528126 1.15077258
4.52622502 3.80787857 6.24512054 1.15078939
4.52659500 3.80781484 6.24496086 1.15080598
4.52696263 3.80775183 6.24480222 1.15082235
4.52732793 3.80768955 6.24464461 1.15083852
4.52769093 3.80762798 6.24448802 1.15085447
4.52805164 3.80756711 6.24433244 1.15087022
4.52841008 3.80750692 6.24417787 1.15088577
4.52876626 3.80744741 6.24402429 1.15090112
4.52912021 3.80738857 6.24387170 1.15091628
4.52947195 3.80733038 6.24372008 1.15093124
4.52982148 3.80727283 6.24356944 1.15094601
4.53016882 3.80721592 6.24341976 1.15096059
4.53051400 3.80715963 6.24327104 1.15097499
4.53085704 3.80710395 6.24312326 1.15098920
4.53119793 3.80704888 6.24297642 1.15100324
4.53153672 3.80699441 6.24283051 1.15101710
4.53187340 3.80694051 6.24268553 1.15103078
4.53220800 3.80688720 6.24254146 1.15104430
4.53254053 3.80683445 6.24239830 1.15105764
4.53287100 3.80678226 6.24225604 1.15107082
4.53319945 3.80673062 6.24211468 1.15108383
4.53352587 3.80667952 6.24197420 1.15109668
4.53385029 3.80662895 6.24183460 1.15110937
4.53417271 3.80657891 6.24169588 1.15112190
4.53449316 3.80652938 6.24155802 1.15113427
4.53481166 3.80648036 6.24142102 1.15114650
4.53512820 3.80643185 6.24128488 1.15115857
4.53544282 3.80638383 6.24114957 1.15117049
4.53575553 3.80633629 6.24101511 1.15118227
4.53606633 3.80628923 6.24088148 1.15119390
4.53637524 3.80624264 6.24074868 1.15120539
4.53668229 3.80619652 6.24061669 1.15121673
4.53698747 3.80615086 6.24048552 1.15122794
4.53729081 3.80610564 6.24035515 1.15123901
4.53759232 3.80606087 6.24022558 1.15124995
4.53789201 3.80601654 6.24009681 1.15126075
4.53818990 3.80597264 6.23996882 1.15127143
4.53848600 3.80592916 6.23984161 1.15128197
4.53878033 3.80588610 6.23971518 1.15129238
4.53907289 3.80584346 6.23958952 1.15130267
4.53936370 3.80580122 6.23946463 1.15131284
4.53965277 3.80575938 6.23934049 1.15132288
4.53994012 3.80571794 6.23921710 1.15133280
4.54022576 3.80567689 6.23909446 1.15134260
4.54050970 3.80563622 6.23897255 1.15135229
4.54079195 3.80559593 6.23885139 1.15136185
4.54107252 3.80555601 6.23873095 1.15137131
4.54135144 3.80551646 6.23861124 1.15138065
4.54162870 3.80547728 6.23849224 1.15138988
4.54190433 3.80543845 6.23837396 1.15139900
4.54217833 3.80539997 6.23825638 1.15140801
4.54245072 3.80536184 6.23813951 1.15141691
4.54272150 3.80532406 6.23802333 1.15142571
4.54299070 3.80528661 6.23790784 1.15143441
4.54325831 3.80524949 6.23779304 1.15144300
4.54352436 3.80521271 6.23767892 1.15145149
4.54378885 3.80517625 6.23756548 1.15145988
4.54405179 3.80514011 6.23745271 1.15146817
4.54431320 3.80510429 6.23734060 1.15147637
4.54457309 3.80506878 6.23722916 1.15148446
4.54483146 3.80503357 6.23711837 1.15149247
4.54508834 3.80499867 6.23700824 1.15150038
4.54534372 3.80496407 6.23689875 1.15150820
4.54559762 3.80492976 6.23678990 1.15151592
4.54585006 3.80489575 6.23668169 1.15152356
4.54610103 3.80486202 6.23657411 1.15153111
4.54635056 3.80482858 6.23646716 1.15153857
4.54659864 3.80479542 6.23636083 1.15154594
4.54684530 3.80476254 6.23625513 1.15155323
4.54709054 3.80472992 6.23615004 1.15156043
4.54733437 3.80469758 6.23604555 1.15156755
4.54757680 3.80466551 6.23594168 1.15157459
4.54781785 3.80463369 6.23583840 1.15158155
4.54805751 3.80460214 6.23573572 1.15158843
4.54829581 3.80457084 6.23563363 1.15159523
4.54853274 3.80453980 6.23553214 1.15160195
4.54876833 3.80450901 6.23543122 1.15160859
4.54900257 3.80447846 6.23533089 1.15161516
4.54923548 3.80444816 6.23523113 1.15162165
4.54946708 3.80441810 6.23513195 1.15162807
4.54969735 3.80438827 6.23503333 1.15163442
4.54992633 3.80435869 6.23493528 1.15164069
4.55015400 3.80432933 6.23483778 1.15164690
4.55038040 3.80430020 6.23474084 1.15165303
4.55060551 3.80427130 6.23464446 1.15165909
4.55082936 3.80424262 6.23454862 1.15166509
4.55105195 3.80421417 6.23445332 1.15167101
4.55127328 3.80418593 6.23435857 1.15167687
4.55149337 3.80415791 6.23426435 1.15168267
4.55171223 3.80413010 6.23417067 1.15168840
4.55192986 3.80410251 6.23407752 1.15169406
4.55214628 3.80407512 6.23398489 1.15169966
4.55236149 3.80404794 6.23389278 1.15170520
4.55257549 3.80402096 6.23380119 1.15171067
4.55278830 3.80399418 6.23371012 1.15171609
4.55299993 3.80396760 6.23361955 1.15172144
4.55321038 3.80394122 6.23352950 1.15172674
4.55341966 3.80391504 6.23343995 1.15173197
4.55362778 3.80388904 6.23335090 1.15173715
4.55383475 3.80386324 6.23326234 1.15174227
4.55404057 3.80383762 6.23317428 1.15174733
4.55424526 3.80381219 6.23308672 1.15175234
4.55444881 3.80378695 6.23299963 1.15175729
4.55465124 3.80376188 6.23291304 1.15176219
4.55485256 3.80373700 6.23282692 1.15176703
4.55505277 3.80371229 6.23274128 1.15177182
4.55525188 3.80368776 6.23265612 1.15177656
4.55544989 3.80366340 6.23257142 1.15178124
4.55564682 3.80363922 6.23248719 1.15178588
4.55584267 3.80361521 6.23240343 1.15179046
4.55603745 3.80359136 6.23232013 1.15179499
4.55623117 3.80356768 6.23223729 1.15179947
4.55642382 3.80354417 6.23215490 1.15180391
4.55661543 3.80352082 6.23207297 1.15180829
4.55680599 3.80349763 6.23199149 1.15181263
4.55699552 3.80347460 6.23191045 1.15181692
4.55718401 3.80345173 6.23182985 1.15182116
4.55737149 3.80342902 6.23174970 1.15182536
4.55755794 3.80340646 6.23166998 1.15182951
4.55774339 3.80338405 6.23159070 1.15183362
4.55792783 3.80336180 6.23151185 1.15183768
4.55811128 3.80333969 6.23143343 1.15184170
4.55829373 3.80331774 6.23135543 1.15184567
4.55847520 3.80329593 6.23127786 1.15184961
4.55865570 3.80327427 6.23120071 1.15185350
4.55883522 3.80325275 6.23112397 1.15185734
4.55901377 3.80323138 6.23104766 1.15186115
4.55919137 3.80321014 6.23097175 1.15186491
4.55936802 3.80318905 6.23089625 1.15186864
4.55954372 3.80316809 6.23082116 1.15187232
4.55971847 3.80314728 6.23074648 1.15187597
4.55989230 3.80312659 6.23067219 1.15187958
4.56006519 3.80310605 6.23059831 1.15188314
4.56023716 3.80308563 6.23052482 1.15188667
4.56040822 3.80306535 6.23045173 1.15189017
4.56057836 3.80304520 6.23037903 1.15189362
4.56074760 3.80302518 6.23030671 1.15189704
4.56091594 3.80300529 6.23023479 1.15190042
4.56108339 3.80298552 6.23016325 1.15190377
4.56124994 3.80296588 6.23009208 1.15190708
4.56141562 3.80294637 6.23002130 1.15191035
4.56158042 3.80292698 6.22995090 1.15191359
4.56174434 3.80290771 6.22988087 1.15191680
4.56190740 3.80288856 6.22981121 1.15191997
4.56206960 3.80286953 6.22974192 1.15192311
4.56223095 3.80285063 6.22967300 1.15192621
4.56239144 3.80283184 6.22960444 1.15192929
4.56255109 3.80281316 6.22953625 1.15193233
4.56270990 3.80279461 6.22946841 1.15193534
4.56286788 3.80277617 6.22940094 1.15193831
4.56302503 3.80275784 6.22933382 1.15194126
4.56318135 3.80273962 6.22926705 1.15194418
4.56333686 3.80272152 6.22920064 1.15194706
4.56349155 3.80270353 6.22913457 1.15194991
4.56364544 3.80268564 6.22906885 1.15195274
4.56379852 3.80266787 6.22900348 1.15195553
4.56395080 3.80265021 6.22893845 1.15195830
4.56410229 3.80263265 6.22887375 1.15196104
4.56425299 3.80261520 6.22880940 1.15196375
4.56440290 3.80259785 6.22874539 1.15196643
4.56455204 3.80258061 6.22868170 1.15196908
4.56470040 3.80256347 6.22861835 1.15197170
4.56484800 3.80254643 6.22855534 1.15197430
4.56499482 3.80252950 6.22849264 1.15197687
4.56514089 3.80251266 6.22843028 1.15197942
4.56528620 3.80249593 6.22836824 1.15198193
4.56543077 3.80247929 6.22830652 1.15198443
4.56557458 3.80246276 6.22824512 1.15198689
4.56571766 3.80244632 6.22818404 1.15198933
4.56585999 3.80242997 6.22812327 1.15199175
4.56600159 3.80241373 6.22806282 1.15199414
4.56614247 3.80239758 6.22800269 1.15199651
4.56628262 3.80238152 6.22794286 1.15199885
4.56642205 3.80236556 6.22788334 1.15200117
4.56656077 3.80234969 6.22782413 1.15200346
4.56669877 3.80233391 6.22776522 1.15200573
4.56683607 3.80231822 6.22770662 1.15200798
4.56697266 3.80230263 6.22764831 1.15201020
4.56710856 3.80228712 6.22759031 1.15201240
4.56724376 3.80227170 6.22753260 1.15201458
4.56737828 3.80225637 6.22747519 1.15201674
4.56751210 3.80224113 6.22741808 1.15201887
4.56764525 3.80222598 6.22736125 1.15202099
4.56777771 3.80221091 6.22730472 1.15202308
4.56790951 3.80219593 6.22724847 1.15202515
4.56804063 3.80218103 6.22719251 1.15202720
4.56817109 3.80216622 6.22713684 1.15202923
4.56830089 3.80215149 6.22708145 1.15203124
4.56843002 3.80213685 6.22702635 1.15203322
4.56855851 3.80212229 6.22697152 1.15203519
4.56868634 3.80210781 6.22691697 1.15203714
4.56881353 3.80209341 6.22686270 1.15203907
4.56894007 3.80207909 6.22680870 1.15204098
4.56906598 3.80206485 6.22675498 1.15204286
4.56919125 3.80205069 6.22670153 1.15204474
4.56931589 3.80203661 6.22664835 1.15204659
4.56943990 3.80202261 6.22659544 1.15204842
4.56956329 3.80200868 6.22654279 1.15205023
4.56968606 3.80199483 6.22649041 1.15205203
4.56980821 3.80198106 6.22643830 1.15205381
4.56992975 3.80196737 6.22638645 1.15205557
4.57005068 3.80195375 6.22633486 1.15205731
4.57017100 3.80194020 6.22628352 1.15205904
4.57029072 3.80192673 6.22623245 1.15206074
4.57040984 3.80191334 6.22618163 1.15206244
4.57052837 3.80190001 6.22613107 1.15206411
4.57064630 3.80188676 6.22608076 1.15206577
4.57076365 3.80187359 6.22603071 1.15206741
4.57088041 3.80186048 6.22598090 1.15206903
4.57099658 3.80184744 6.22593134 1.15207064
4.57111218 3.80183448 6.22588204 1.15207223
4.57122721 3.80182158 6.22583297 1.15207381
4.57134166 3.80180876 6.22578415 1.15207537
4.57145554 3.80179600 6.22573558 1.15207692
4.57156886 3.80178332 6.22568725 1.15207845
4.57168162 3.80177070 6.22563916 1.15207996
4.57179381 3.80175815 6.22559130 1.15208146
4.57190546 3.80174566 6.22554369 1.15208294
4.57201654 3.80173325 6.22549631 1.15208442
4.57212708 3.80172089 6.22544917 1.15208587
4.57223708 3.80170861 6.22540226 1.15208731
4.57234653 3.80169639 6.22535558 1.15208874
4.57245544 3.80168424 6.22530913 1.15209015
4.57256381 3.80167215 6.22526292 1.15209155
4.57267165 3.80166012 6.22521693 1.15209294
4.57277895 3.80164816 6.22517117 1.15209431
4.57288573 3.80163626 6.22512563 1.15209567
4.57299199 3.80162442 6.22508032 1.15209701
4.57309772 3.80161265 6.22503524 1.15209834
4.57320293 3.80160094 6.22499037 1.15209966
4.57330763 3.80158929 6.22494573 1.15210097
4.57341182 3.80157770 6.22490130 1.15210226
4.57351549 3.80156617 6.22485710 1.15210354
4.57361865 3.80155470 6.22481311 1.15210481
4.57372132 3.80154329 6.22476934 1.15210607
4.57382347 3.80153195 6.22472578 1.15210731
4.57392513 3.80152066 6.22468243 1.15210854
4.57402630 3.80150943 6.22463930 1.15210976
4.57412697 3.80149825 6.22459638 1.15211097
4.57422715 3.80148714 6.22455367 1.15211216
4.57432684 3.80147608 6.22451117 1.15211335
4.57442604 3.80146508 6.22446887 1.15211452
4.57452477 3.80145414 6.22442678 1.15211568
4.57462301 3.80144326 6.22438490 1.15211683
4.57472077 3.80143243 6.22434322 1.15211797
4.57481807 3.80142165 6.22430175 1.15211909
4.57491488 3.80141093 6.22426047 1.15212021
4.57501123 3.80140027 6.22421940 1.15212132
4.57510712 3.80138966 6.22417852 1.15212241
4.57520253 3.80137911 6.22413785 1.15212350
4.57529749 3.80136861 6.22409737 1.15212457
4.57539199 3.80135816 6.22405709 1.15212563
4.57548603 3.80134777 6.22401700 1.15212669
4.57557961 3.80133743 6.22397711 1.15212773
4.57567275 3.80132714 6.22393741 1.15212876
4.57576543 3.80131691 6.22389790 1.15212979
4.57585767 3.80130672 6.22385859 1.15213080
4.57594947 3.80129659 6.22381946 1.15213180
4.57604082 3.80128651 6.22378053 1.15213280
4.57613173 3.80127648 6.22374178 1.15213378
4.57622220 3.80126650 6.22370321 1.15213476
4.57631225 3.80125658 6.22366484 1.15213572
4.57640185 3.80124670 6.22362665 1.15213668
4.57649103 3.80123687 6.22358864 1.15213762
4.57657978 3.80122709 6.22355081 1.15213856
4.57666811 3.80121736 6.22351317 1.15213949
4.57675601 3.80120768 6.22347571 1.15214041
4.57684349 3.80119805 6.22343842 1.15214132
4.57693055 3.80118847 6.22340132 1.15214223
4.57701720 3.80117893 6.22336439 1.15214312
4.57710343 3.80116944 6.22332765 1.15214401
4.57718925 3.80116000 6.22329107 1.15214488
4.57727466 3.80115061 6.22325467 1.15214575
4.57735966 3.80114127 6.22321845 1.15214661
4.57744426 3.80113197 6.22318240 1.15214746
4.57752845 3.80112271 6.22314652 1.15214831
4.57761225 3.80111351 6.22311081 1.15214914
4.57769564 3.80110434 6.22307528 1.15214997
4.57777864 3.80109523 6.22303991 1.15215079
4.57786125 3.80108616 6.22300471 1.15215161
4.57794346 3.80107713 6.22296968 1.15215241
4.57802528 3.80106815 6.22293482 1.15215321
4.57810671 3.80105922 6.22290012 1.15215400
4.57818776 3.80105032 6.22286558 1.15215478
4.57826842 3.80104147 6.22283121 1.15215555
4.57834870 3.80103267 6.22279701 1.15215632
4.57842860 3.80102391 6.22276296 1.15215708
4.57850813 3.80101519 6.22272908 1.15215783
4.57858727 3.80100651 6.22269536 1.15215858
4.57866605 3.80099788 6.22266180 1.15215932
4.57874445 3.80098929 6.22262839 1.15216005
4.57882248 3.80098074 6.22259515 1.15216078
4.57890014 3.80097224 6.22256206 1.15216149
4.57897743 3.80096377 6.22252913 1.15216221
4.57905437 3.80095535 6.22249635 1.15216291
4.57913094 3.80094697 6.22246373 1.15216361
4.57920714 3.80093862 6.22243126 1.15216430
4.57928299 3.80093032 6.22239895 1.15216499
4.57935849 3.80092206 6.22236679 1.15216566
4.57943363 3.80091384 6.22233478 1.15216634
4.57950841 3.80090566 6.22230292 1.15216700
4.57958285 3.80089752 6.22227121 1.15216766
4.57965693 3.80088942 6.22223965 1.15216832
4.57973067 3.80088136 6.22220824 1.15216896
4.57980406 3.80087334 6.22217697 1.15216960
4.57987711 3.80086536 6.22214585 1.15217024
4.57994982 3.80085741 6.22211488 1.15217087
4.58002219 3.80084951 6.22208406 1.15217149
4.58009421 3.80084164 6.22205337 1.15217211
4.58016590 3.80083381 6.22202283 1.15217272
4.58023726 3.80082602 6.22199244 1.15217333
4.58030828 3.80081826 6.22196219 1.15217393
4.58037897 3.80081054 6.22193208 1.15217452
4.58044934 3.80080286 6.22190210 1.15217511
4.58051937 3.80079522 6.22187227 1.15217570
4.58058908 3.80078762 6.22184258 1.15217628
4.58065846 3.80078005 6.22181303 1.15217685
4.58072752 3.80077251 6.22178362 1.15217742
4.58079626 3.80076501 6.22175434 1.15217798
4.58086467 3.80075755 6.22172520 1.15217854
4.58093277 3.80075013 6.22169619 1.15217909
4.58100056 3.80074274 6.22166732 1.15217963
4.58106803 3.80073538 6.22163859 1.15218018
4.58113518 3.80072806 6.22160998 1.15218071
4.58120203 3.80072078 6.22158152 1.15218125
4.58126856 3.80071353 6.22155318 1.15218177
4.58133479 3.80070631 6.22152497 1.15218229
4.58140070 3.80069913 6.22149690 1.15218281
4.58146632 3.80069199 6.22146896 1.15218332
4.58153163 3.80068487 6.22144114 1.15218383
4.58159664 3.80067780 6.22141346 1.15218434
4.58166134 3.80067075 6.22138590 1.15218483
4.58172575 3.80066374 6.22135847 1.15218533
4.58178986 3.80065676 6.22133117 1.15218582
4.58185367 3.80064982 6.22130399 1.15218630
4.58191719 3.80064290 6.22127694 1.15218678
4.58198042 3.80063602 6.22125001 1.15218726
4.58204336 3.80062918 6.22122321 1.15218773
4.58210600 3.80062236 6.22119654 1.15218820
4.58216836 3.80061558 6.22116998 1.15218866
4.58223043 3.80060883 6.22114355 1.15218912
4.58229221 3.80060211 6.22111724 1.15218957
4.58235371 3.80059542 6.22109105 1.15219002
4.58241493 3.80058877 6.22106498 1.15219047
4.58247586 3.80058215 6.22103904 1.15219091
4.58253652 3.80057555 6.22101321 1.15219135
4.58259689 3.80056899 6.22098750 1.15219178
4.58265699 3.80056246 6.22096191 1.15219221
4.58271682 3.80055596 6.22093644 1.15219264
4.58277637 3.80054949 6.22091108 1.15219306
4.58283564 3.80054305 6.22088584 1.15219348
4.58289465 3.80053664 6.22086071 1.15219389
4.58295338 3.80053026 6.22083571 1.15219430
4.58301185 3.80052392 6.22081081 1.15219471
4.58307005 3.80051760 6.22078603 1.15219511
4.58312798 3.80051131 6.22076137 1.15219551
4.58318565 3.80050505 6.22073681 1.15219591
4.58324305 3.80049882 6.22071237 1.15219630
4.58330019 3.80049261 6.22068804 1.15219669
4.58335707 3.80048644 6.22066382 1.15219708
4.58341369 3.80048030 6.22063972 1.15219746
4.58347005 3.80047418 6.22061572 1.15219784
4.58352616 3.80046809 6.22059183 1.15219821
4.58358201 3.80046204 6.22056806 1.15219858
4.58363760 3.80045601 6.22054439 1.15219895
4.58369294 3.80045000 6.22052082 1.15219931
4.58374803 3.80044403 6.22049737 1.15219968
4.58380287 3.80043808 6.22047402 1.15220003
4.58385746 3.80043216 6.22045078 1.15220039
4.58391180 3.80042627 6.22042765 1.15220074
4.58396590 3.80042041 6.22040462 1.15220109
4.58401975 3.80041457 6.22038169 1.15220143
4.58407335 3.80040876 6.22035887 1.15220177
4.58412671 3.80040298 6.22033616 1.15220211
4.58417983 3.80039722 6.22031354 1.15220245
4.58423271 3.80039149 6.22029103 1.15220278
4.58428534 3.80038579 6.22026862 1.15220311
4.58433774 3.80038011 6.22024632 1.15220344
4.58438990 3.80037446 6.22022411 1.15220376
4.58444183 3.80036884 6.22020201 1.15220408
4.58449352 3.80036324 6.22018000 1.15220440
4.58454498 3.80035767 6.22015810 1.15220472
4.58459620 3.80035212 6.22013629 1.15220503
4.58464719 3.80034660 6.22011459 1.15220534
4.58469795 3.80034111 6.22009298 1.15220565
4.58474848 3.80033563 6.22007147 1.15220595
4.58479879 3.80033019 6.22005006 1.15220625
4.58484886 3.80032477 6.22002874 1.15220655
4.58489871 3.80031937 6.22000752 1.15220684
4.58494834 3.80031400 6.21998640 1.15220714
4.58499774 3.80030866 6.21996537 1.15220743
4.58504692 3.80030334 6.21994443 1.15220772
4.58509588 3.80029804 6.21992359 1.15220800
4.58514461 3.80029277 6.21990285 1.15220828
4.58519313 3.80028752 6.21988220 1.15220856
4.58524143 3.80028229 6.21986164 1.15220884
4.58528951 3.80027709 6.21984117 1.15220912
4.58533737 3.80027192 6.21982080 1.15220939
4.58538502 3.80026676 6.21980052 1.15220966
4.58543246 3.80026164 6.21978033 1.15220993
4.58547968 3.80025653 6.21976023 1.15221019
4.58552669 3.80025145 6.21974022 1.15221046
4.58557349 3.80024639 6.21972030 1.15221072
4.58562008 3.80024135 6.21970047 1.15221098
4.58566646 3.80023634 6.21968073 1.15221123
4.58571263 3.80023135 6.21966108 1.15221148
4.58575860 3.80022638 6.21964152 1.15221174
4.58580435 3.80022144 6.21962204 1.15221199
4.58584991 3.80021651 6.21960265 1.15221223
4.58589526 3.80021161 6.21958335 1.15221248
4.58594040 3.80020673 6.21956414 1.15221272
4.58598535 3.80020188 6.21954501 1.15221296
4.58603009 3.80019705 6.21952597 1.15221320
4.58607463 3.80019223 6.21950701 1.15221343
4.58611898 3.80018744 6.21948814 1.15221367
4.58616312 3.80018268 6.21946935 1.15221390
4.58620707 3.80017793 6.21945064 1.15221413
4.58625082 3.80017321 6.21943202 1.15221436
4.58629438 3.80016850 6.21941349 1.15221458
4.58633774 3.80016382 6.21939503 1.15221481
4.58638091 3.80015916 6.21937666 1.15221503
4.58642389 3.80015452 6.21935837 1.15221525
4.58646667 3.80014990 6.21934016 1.15221547
4.58650926 3.80014530 6.21932204 1.15221568
4.58655167 3.80014073 6.21930399 1.15221590
4.58659388 3.80013617 6.21928603 1.15221611
4.58663591 3.80013163 6.21926814 1.15221632
4.58667775 3.80012712 6.21925034 1.15221653
4.58671940 3.80012263 6.21923261 1.15221673
4.58676087 3.80011815 6.21921496 1.15221694
4.58680215 3.80011370 6.21919740 1.15221714
4.58684325 3.80010926 6.21917991 1.15221734
4.58688417 3.80010485 6.21916249 1.15221754
4.58692491 3.80010045 6.21914516 1.15221774
4.58696546 3.80009608 6.21912790 1.15221794
4.58700583 3.80009172 6.21911072 1.15221813
4.58704603 3.80008739 6.21909362 1.15221832
4.58708604 3.80008307 6.21907659 1.15221851
4.58712588 3.80007878 6.21905964 1.15221870
4.58716554 3.80007450 6.21904276 1.15221889
4.58720503 3.80007024 6.21902596 1.15221907
4.58724434 3.80006600 6.21900923 1.15221926
4.58728348 3.80006179 6.21899257 1.15221944
4.58732244 3.80005758 6.21897600 1.15221962
4.58736123 3.80005340 6.21895949 1.15221980
4.58739985 3.80004924 6.21894306 1.15221998
4.58743830 3.80004510 6.21892670 1.15222015
4.58747658 3.80004097 6.21891041 1.15222033
4.58751469 3.80003686 6.21889419 1.15222050
4.58755263 3.80003277 6.21887805 1.15222067
4.58759040 3.80002870 6.21886198 1.15222084
4.58762800 3.80002465 6.21884598 1.15222101
4.58766544 3.80002062 6.21883005 1.15222118
4.58770272 3.80001660 6.21881419 1.15222134
4.58773982 3.80001260 6.21879840 1.15222151
4.58777677 3.80000862 6.21878268 1.15222167
4.58781355 3.80000466 6.21876703 1.15222183
4.58785017 3.80000072 6.21875144 1.15222199
4.58788663 3.79999679 6.21873593 1.15222215
4.58792293 3.79999288 6.21872049 1.15222230
4.58795906 3.79998899 6.21870511 1.15222246
4.58799504 3.79998511 6.21868981 1.15222261
4.58803086 3.79998126 6.21867456 1.15222277
4.58806652 3.79997741 6.21865939 1.15222292
4.58810203 3.79997359 6.21864429 1.15222307
4.58813738 3.79996979 6.21862925 1.15222322
4.58817257 3.79996600 6.21861427 1.15222336
4.58820761 3.79996222 6.21859937 1.15222351
4.58824249 3.79995847 6.21858452 1.15222365
4.58827722 3.79995473 6.21856975 1.15222380
4.58831180 3.79995101 6.21855504 1.15222394
4.58834622 3.79994730 6.21854039 1.15222408
4.58838050 3.79994361 6.21852581 1.15222422
4.58841462 3.79993994 6.21851129 1.15222436
4.58844860 3.79993628 6.21849683 1.15222450
4.58848242 3.79993264 6.21848244 1.15222463
4.58851610 3.79992902 6.21846812 1.15222477
4.58854962 3.79992541 6.21845385 1.15222490
4.58858301 3.79992182 6.21843965 1.15222503
4.58861624 3.79991824 6.21842551 1.15222517
4.58864933 3.79991468 6.21841143 1.15222530
4.58868227 3.79991114 6.21839742 1.15222542
4.58871507 3.79990761 6.21838346 1.15222555
4.58874773 3.79990410 6.21836957 1.15222568
4.58878024 3.79990060 6.21835574 1.15222581
4.58881261 3.79989712 6.21834197 1.15222593
4.58884484 3.79989365 6.21832826 1.15222605
4.58887693 3.79989020 6.21831461 1.15222618
4.58890887 3.79988677 6.21830102 1.15222630
4.58894068 3.79988334 6.21828748 1.15222642
4.58897235 3.79987994 6.21827401 1.15222654
4.58900388 3.79987655 6.21826060 1.15222666
4.58903527 3.79987317 6.21824725 1.15222677
4.58906653 3.79986981 6.21823395 1.15222689
4.58909764 3.79986647 6.21822071 1.15222700
4.58912863 3.79986314 6.21820753 1.15222712
4.58915947 3.79985982 6.21819441 1.15222723
4.58919018 3.79985652 6.21818134 1.15222734
4.58922076 3.79985323 6.21816834 1.15222746
4.58925121 3.79984996 6.21815538 1.15222757
4.58928152 3.79984670 6.21814249 1.15222768
4.58931170 3.79984345 6.21812965 1.15222778
4.58934174 3.79984023 6.21811687 1.15222789
4.58937166 3.79983701 6.21810414 1.15222800
4.58940145 3.79983381 6.21809147 1.15222810
4.58943110 3.79983062 6.21807886 1.15222821
4.58946063 3.79982745 6.21806630 1.15222831
4.58949003 3.79982429 6.21805379 1.15222841
4.58951930 3.79982114 6.21804134 1.15222852
4.58954844 3.79981801 6.21802894 1.15222862
4.58957746 3.79981489 6.21801660 1.15222872
4.58960635 3.79981179 6.21800431 1.15222882
4.58963511 3.79980870 6.21799208 1.15222892
4.58966375 3.79980562 6.21797989 1.15222901
4.58969227 3.79980256 6.21796776 1.15222911
4.58972066 3.79979951 6.21795569 1.15222921
4.58974892 3.79979647 6.21794366 1.15222930
4.58977707 3.79979345 6.21793169 1.15222939
4.58980509 3.79979044 6.21791977 1.15222949
4.58983299 3.79978744 6.21790791 1.15222958
4.58986077 3.79978446 6.21789609 1.15222967
4.58988843 3.79978149 6.21788432 1.15222976
4.58991596 3.79977853 6.21787261 1.15222985
4.58994338 3.79977559 6.21786095 1.15222994
4.58997068 3.79977266 6.21784934 1.15223003
4.58999786 3.79976974 6.21783777 1.15223012
4.59002493 3.79976683 6.21782626 1.15223021
4.59005187 3.79976394 6.21781480 1.15223029
4.59007870 3.79976106 6.21780339 1.15223038
4.59010541 3.79975819 6.21779203 1.15223046
4.59013201 3.79975534 6.21778072 1.15223055
4.59015849 3.79975249 6.21776945 1.15223063
4.59018486 3.79974966 6.21775824 1.15223071
4.59021111 3.79974684 6.21774707 1.15223080
4.59023725 3.79974404 6.21773595 1.15223088
4.59026328 3.79974124 6.21772488 1.15223096
4.59028919 3.79973846 6.21771386 1.15223104
4.59031499 3.79973569 6.21770289 1.15223112
4.59034068 3.79973294 6.21769196 1.15223120
4.59036626 3.79973019 6.21768108 1.15223127
4.59039172 3.79972746 6.21767025 1.15223135
4.59041708 3.79972474 6.21765946 1.15223143
4.59044233 3.79972203 6.21764873 1.15223150
4.59046747 3.79971933 6.21763803 1.15223158
4.59049250 3.79971664 6.21762739 1.15223165
4.59051742 3.79971397 6.21761679 1.15223173
4.59054223 3.79971131 6.21760623 1.15223180
4.59056694 3.79970866 6.21759573 1.15223187
4.59059154 3.79970602 6.21758526 1.15223194
4.59061603 3.79970339 6.21757485 1.15223202
4.59064042 3.79970077 6.21756447 1.15223209
4.59066470 3.79969817 6.21755414 1.15223216
4.59068888 3.79969557 6.21754386 1.15223223
4.59071296 3.79969299 6.21753362 1.15223230
4.59073692 3.79969042 6.21752343 1.15223236
4.59076079 3.79968786 6.21751328 1.15223243
4.59078455 3.79968531 6.21750317 1.15223250
4.59080822 3.79968277 6.21749311 1.15223257
4.59083178 3.79968025 6.21748309 1.15223263
4.59085523 3.79967773 6.21747311 1.15223270
4.59087859 3.79967523 6.21746318 1.15223276
4.59090184 3.79967273 6.21745329 1.15223283
4.59092500 3.79967025 6.21744344 1.15223289
4.59094806 3.79966778 6.21743363 1.15223295
4.59097101 3.79966531 6.21742387 1.15223302
4.59099387 3.79966286 6.21741415 1.15223308
4.59101663 3.79966042 6.21740447 1.15223314
4.59103929 3.79965799 6.21739483 1.15223320
4.59106186 3.79965557 6.21738524 1.15223326
4.59108432 3.79965316 6.21737568 1.15223332
4.59110669 3.79965077 6.21736617 1.15223338
4.59112897 3.79964838 6.21735669 1.15223344
4.59115115 3.79964600 6.21734726 1.15223350
4.59117323 3.79964363 6.21733787 1.15223356
4.59119522 3.79964128 6.21732852 1.15223361
4.59121711 3.79963893 6.21731921 1.15223367
4.59123891 3.79963659 6.21730994 1.15223373
4.59126062 3.79963427 6.21730071 1.15223378
4.59128223 3.79963195 6.21729152 1.15223384
4.59130375 3.79962964 6.21728236 1.15223389
4.59132518 3.79962735 6.21727325 1.15223395
4.59134651 3.79962506 6.21726418 1.15223400
4.59136775 3.79962278 6.21725514 1.15223406
4.59138891 3.79962051 6.21724615 1.15223411
4.59140997 3.79961826 6.21723719 1.15223416
4.59143094 3.79961601 6.21722827 1.15223422
4.59145182 3.79961377 6.21721939 1.15223427
4.59147261 3.79961154 6.21721055 1.15223432
4.59149332 3.79960933 6.21720175 1.15223437
4.59151393 3.79960712 6.21719298 1.15223442
4.59153446 3.79960492 6.21718425 1.15223447
4.59155490 3.79960273 6.21717556 1.15223452
4.59157525 3.79960055 6.21716690 1.15223457
4.59159551 3.79959838 6.21715829 1.15223462
4.59161569 3.79959621 6.21714971 1.15223467
4.59163577 3.79959406 6.21714116 1.15223471
4.59165578 3.79959192 6.21713266 1.15223476
4.59167570 3.79958979 6.21712419 1.15223481
4.59169553 3.79958766 6.21711575 1.15223486
4.59171528 3.79958555 6.21710736 1.15223490
4.59173494 3.79958344 6.21709899 1.15223495
4.59175452 3.79958134 6.21709067 1.15223499
4.59177402 3.79957925 6.21708238 1.15223504
4.59179343 3.79957717 6.21707412 1.15223508
4.59181276 3.79957510 6.21706590 1.15223513
4.59183200 3.79957304 6.21705772 1.15223517
4.59185117 3.79957099 6.21704957 1.15223522
4.59187025 3.79956895 6.21704145 1.15223526
4.59188925 3.79956691 6.21703337 1.15223530
4.59190817 3.79956489 6.21702533 1.15223535
4.59192701 3.79956287 6.21701732 1.15223539
4.59194577 3.79956086 6.21700934 1.15223543
4.59196445 3.79955886 6.21700140 1.15223547
4.59198304 3.79955687 6.21699349 1.15223551
4.59200156 3.79955488 6.21698562 1.15223555
4.59202000 3.79955291 6.21697777 1.15223559
4.59203836 3.79955094 6.21696997 1.15223563
4.59205665 3.79954899 6.21696219 1.15223567
4.59207485 3.79954704 6.21695445 1.15223571
4.59209298 3.79954510 6.21694674 1.15223575
4.59211103 3.79954316 6.21693907 1.15223579
4.59212900 3.79954124 6.21693143 1.15223583
4.59214690 3.79953932 6.21692382 1.15223587
4.59216472 3.79953742 6.21691624 1.15223590
4.59218246 3.79953552 6.21690869 1.15223594
4.59220013 3.79953362 6.21690118 1.15223598
4.59221772 3.79953174 6.21689370 1.15223602
4.59223524 3.79952987 6.21688625 1.15223605
4.59225268 3.79952800 6.21687883 1.15223609
4.59227005 3.79952614 6.21687145 1.15223612
4.59228734 3.79952429 6.21686409 1.15223616
4.59230457 3.79952245 6.21685677 1.15223620
4.59232171 3.79952061 6.21684948 1.15223623
4.59233879 3.79951878 6.21684222 1.15223627
4.59235579 3.79951696 6.21683499 1.15223630
4.59237272 3.79951515 6.21682779 1.15223633
4.59238958 3.79951335 6.21682062 1.15223637
4.59240636 3.79951155 6.21681349 1.15223640
4.59242308 3.79950976 6.21680638 1.15223643
4.59243972 3.79950798 6.21679930 1.15223647
4.59245629 3.79950621 6.21679226 1.15223650
4.59247279 3.79950444 6.21678524 1.15223653
4.59248923 3.79950268 6.21677825 1.15223656
4.59250559 3.79950093 6.21677130 1.15223660
4.59252188 3.79949919 6.21676437 1.15223663
4.59253810 3.79949745 6.21675747 1.15223666
4.59255426 3.79949572 6.21675060 1.15223669
4.59257034 3.79949400 6.21674376 1.15223672
4.59258636 3.79949229 6.21673695 1.15223675
4.59260231 3.79949058 6.21673017 1.15223678
4.59261819 3.79948888 6.21672342 1.15223681
4.59263400 3.79948719 6.21671669 1.15223684
4.59264975 3.79948551 6.21671000 1.15223687
4.59266543 3.79948383 6.21670333 1.15223690
4.59268104 3.79948216 6.21669669 1.15223693
4.59269659 3.79948050 6.21669008 1.15223696
4.59271207 3.79947884 6.21668350 1.15223699
4.59272748 3.79947719 6.21667695 1.15223701
4.59274283 3.79947555 6.21667042 1.15223704
4.59275812 3.79947391 6.21666392 1.15223707
4.59277334 3.79947229 6.21665745 1.15223710
4.59278849 3.79947067 6.21665101 1.15223713
4.59280358 3.79946905 6.21664459 1.15223715
4.59281861 3.79946744 6.21663820 1.15223718
4.59283357 3.79946584 6.21663184 1.15223721
4.59284847 3.79946425 6.21662550 1.15223723
4.59286331 3.79946266 6.21661920 1.15223726
4.59287808 3.79946108 6.21661291 1.15223728
4.59289279 3.79945951 6.21660666 1.15223731
4.59290744 3.79945794 6.21660043 1.15223734
4.59292203 3.79945638 6.21659423 1.15223736
4.59293655 3.79945483 6.21658805 1.15223739
4.59295101 3.79945328 6.21658191 1.15223741
4.59296542 3.79945174 6.21657578 1.15223744
4.59297976 3.79945021 6.21656969 1.15223746
4.59299404 3.79944868 6.21656361 1.15223748
4.59300826 3.79944716 6.21655757 1.15223751
4.59302241 3.79944565 6.21655155 1.15223753
4.59303651 3.79944414 6.21654555 1.15223756
4.59305055 3.79944264 6.21653958 1.15223758
4.59306453 3.79944114 6.21653364 1.15223760
4.59307845 3.79943966 6.21652772 1.15223763
4.59309232 3.79943817 6.21652183 1.15223765
4.59310612 3.79943670 6.21651596 1.15223767
4.59311986 3.79943523 6.21651012 1.15223769
4.59313355 3.79943376 6.21650430 1.15223772
4.59314718 3.79943231 6.21649850 1.15223774
4.59316075 3.79943086 6.21649273 1.15223776
4.59317426 3.79942941 6.21648699 1.15223778
4.59318772 3.79942797 6.21648127 1.15223780
4.59320112 3.79942654 6.21647557 1.15223782
4.59321446 3.79942511 6.21646990 1.15223785
4.59322775 3.79942369 6.21646425 1.15223787
4.59324098 3.79942228 6.21645862 1.15223789
4.59325415 3.79942087 6.21645302 1.15223791
4.59326727 3.79941947 6.21644744 1.15223793
4.59328034 3.79941807 6.21644189 1.15223795
4.59329334 3.79941668 6.21643636 1.15223797
4.59330630 3.79941530 6.21643085 1.15223799
4.59331920 3.79941392 6.21642537 1.15223801
4.59333204 3.79941255 6.21641991 1.15223803
4.59334483 3.79941118 6.21641447 1.15223805
4.59335756 3.79940982 6.21640906 1.15223807
4.59337025 3.79940846 6.21640366 1.15223809
4.59338287 3.79940711 6.21639829 1.15223811
4.59339545 3.79940577 6.21639295 1.15223812
4.59340797 3.79940443 6.21638762 1.15223814
4.59342044 3.79940310 6.21638232 1.15223816
4.59343286 3.79940177 6.21637705 1.15223818
4.59344522 3.79940045 6.21637179 1.15223820
4.59345753 3.79939913 6.21636655 1.15223822
4.59346979 3.79939782 6.21636134 1.15223823
4.59348200 3.79939652 6.21635615 1.15223825
4.59349416 3.79939522 6.21635098 1.15223827
4.59350626 3.79939393 6.21634584 1.15223829
4.59351832 3.79939264 6.21634071 1.15223830
4.59353032 3.79939136 6.21633561 1.15223832
4.59354227 3.79939008 6.21633053 1.15223834
4.59355418 3.79938881 6.21632547 1.15223836
4.59356603 3.79938754 6.21632043 1.15223837
4.59357783 3.79938628 6.21631541 1.15223839
4.59358958 3.79938502 6.21631041 1.15223840
4.59360128 3.79938377 6.21630544 1.15223842
4.59361294 3.79938253 6.21630049 1.15223844
4.59362454 3.79938129 6.21629555 1.15223845
4.59363610 3.79938005 6.21629064 1.15223847
4.59364761 3.79937882 6.21628575 1.15223849
4.59365906 3.79937760 6.21628088 1.15223850
4.59367047 3.79937638 6.21627602 1.15223852
4.59368184 3.79937517 6.21627119 1.15223853
4.59369315 3.79937396 6.21626638 1.15223855
4.59370442 3.79937275 6.21626159 1.15223856
4.59371564 3.79937156 6.21625683 1.15223858
4.59372681 3.79937036 6.21625208 1.15223859
4.59373793 3.79936917 6.21624735 1.15223861
4.59374901 3.79936799 6.21624264 1.15223862
4.59376004 3.79936681 6.21623795 1.15223864
4.59377103 3.79936564 6.21623328 1.15223865
4.59378197 3.79936447 6.21622863 1.15223866
4.59379286 3.79936331 6.21622400 1.15223868
4.59380370 3.79936215 6.21621938 1.15223869
4.59381451 3.79936099 6.21621479 1.15223871
4.59382526 3.79935985 6.21621022 1.15223872
4.59383597 3.79935870 6.21620567 1.15223873
4.59384664 3.79935756 6.21620113 1.15223875
4.59385726 3.79935643 6.21619662 1.15223876
4.59386783 3.79935530 6.21619212 1.15223877
4.59387836 3.79935417 6.21618764 1.15223879
4.59388885 3.79935305 6.21618319 1.15223880
4.59389929 3.79935194 6.21617875 1.15223881
4.59390969 3.79935083 6.21617433 1.15223883
4.59392005 3.79934972 6.21616992 1.15223884
4.59393036 3.79934862 6.21616554 1.15223885
4.59394063 3.79934752 6.21616118 1.15223886
4.59395085 3.79934643 6.21615683 1.15223888
4.59396104 3.79934534 6.21615250 1.15223889
4.59397118 3.79934426 6.21614819 1.15223890
4.59398127 3.79934318 6.21614390 1.15223891
4.59399133 3.79934211 6.21613962 1.15223892
4.59400134 3.79934104 6.21613537 1.15223894
4.59401131 3.79933998 6.21613113 1.15223895
4.59402124 3.79933892 6.21612691 1.15223896
4.59403113 3.79933786 6.21612270 1.15223897
4.59404097 3.79933681 6.21611852 1.15223898
4.59405077 3.79933576 6.21611435 1.15223899
4.59406054 3.79933472 6.21611020 1.15223901
4.59407026 3.79933368 6.21610607 1.15223902
4.59407994 3.79933265 6.21610195 1.15223903
4.59408958 3.79933162 6.21609786 1.15223904
4.59409918 3.79933059 6.21609377 1.15223905
4.59410874 3.79932957 6.21608971 1.15223906
4.59411826 3.79932856 6.21608566 1.15223907
4.59412774 3.79932754 6.21608163 1.15223908
4.59413718 3.79932654 6.21607762 1.15223909
4.59414658 3.79932553 6.21607363 1.15223910
4.59415594 3.79932453 6.21606965 1.15223911
4.59416526 3.79932354 6.21606568 1.15223912
4.59417454 3.79932255 6.21606174 1.15223914
4.59418378 3.79932156 6.21605781 1.15223915
4.59419299 3.79932058 6.21605390 1.15223916
