2.20683918 7.41582427 5.90202644 0.64264611
2.20872850 7.41576201 5.89648525 0.64606998
2.21061021 7.41566121 5.89095632 0.64947797
2.21248386 7.41552120 5.88544004 0.65286984
2.21434898 7.41534131 5.87993681 0.65624537
2.21620509 7.41512086 5.87444698 0.65960440
2.21805172 7.41485921 5.86897092 0.66294679
2.21988840 7.41455570 5.86350894 0.66627245
2.22171466 7.41420968 5.85806135 0.66958136
2.22353002 7.41382051 5.85262845 0.67287349
2.22533400 7.41338754 5.84721049 0.67614891
2.22712612 7.41291015 5.84180772 0.67940770
2.22890590 7.41238772 5.83642037 0.68264999
2.23067287 7.41181961 5.83104864 0.68587596
2.23242653 7.41120523 5.82569272 0.68908582
2.23416640 7.41054396 5.82035276 0.69227984
2.23589200 7.40983520 5.81502891 0.69545832
2.23760285 7.40907836 5.80972129 0.69862161
2.23929844 7.40827285 5.80443001 0.70177011
2.24097829 7.40741809 5.79915513 0.70490425
2.24264192 7.40651351 5.79389672 0.70802450
2.24428882 7.40555854 5.78865482 0.71113139
2.24591850 7.40455263 5.78342945 0.71422547
2.24753047 7.40349522 5.77822061 0.71730734
2.24912423 7.40238577 5.77302827 0.72037765
2.25069928 7.40122375 5.76785241 0.72343707
2.25225513 7.40000863 5.76269296 0.72648632
2.25379126 7.39873988 5.75754984 0.72952616
2.25530719 7.39741700 5.75242296 0.73255738
2.25680240 7.39603949 5.74731222 0.73558082
2.25827639 7.39460686 5.74221747 0.73859734
2.25972865 7.39311862 5.73713858 0.74160784
2.26115868 7.39157431 5.73207538 0.74461327
2.26256596 7.38997345 5.72702769 0.74761459
2.26394999 7.38831559 5.72199532 0.75061281
2.26531026 7.38660031 5.71697806 0.75360895
2.26664625 7.38482715 5.71197569 0.75660409
2.26795745 7.38299572 5.70698796 0.75959932
2.26924334 7.38110559 5.70201463 0.76259577
2.27050342 7.37915639 5.69705544 0.76559457
2.27173717 7.37714772 5.69211011 0.76859691
2.27294406 7.37507922 5.68717835 0.77160398
2.27412360 7.37295055 5.68225987 0.77461701
2.27527525 7.37076136 5.67735436 0.77763724
2.27639850 7.36851133 5.67246151 0.78066593
2.27749285 7.36620017 5.66758100 0.78370437
2.27855777 7.36382757 5.66271248 0.78675385
2.27959275 7.36139328 5.65785563 0.78981569
2.28059728 7.35889705 5.65301010 0.79289121
2.28157084 7.35633863 5.64817553 0.79598175
2.28251293 7.35371783 5.64335159 0.79908866
2.28342304 7.35103446 5.63853790 0.80221328
2.28430067 7.34828835 5.63373411 0.80535698
2.28514531 7.34547935 5.62893986 0.80852112
2.28595647 7.34260735 5.62415478 0.81170706
2.28673365 7.33967226 5.61937852 0.81491614
2.28747636 7.33667401 5.61461071 0.81814973
2.28818411 7.33361256 5.60985100 0.82140917
2.28885643 7.33048790 5.60509902 0.82469579
2.28949284 7.32730007 5.60035443 0.82801091
2.29009288 7.32404910 5.59561688 0.83135582
2.29065608 7.32073508 5.59088604 0.83473181
2.29118199 7.31735814 5.58616156 0.83814013
2.29167016 7.31391842 5.58144312 0.84158202
2.29212017 7.31041612 5.57673041 0.84505866
2.29253159 7.30685147 5.57202311 0.84857122
2.29290399 7.30322473 5.56732095 0.85212082
2.29323699 7.29953622 5.56262363 0.85570854
2.29353018 7.29578627 5.55793089 0.85933541
2.29378320 7.29197530 5.55324247 0.86300242
2.29399566 7.28810372 5.54855814 0.86671050
2.29416724 7.28417203 5.54387766 0.87046050
2.29429758 7.28018076 5.53920085 0.87425324
2.29438638 7.27613048 5.53452751 0.87808944
2.29443332 7.27202182 5.52985747 0.88196977
2.29443814 7.26785545 5.52519059 0.88589482
2.29440056 7.26363212 5.52052675 0.88986509
2.29432034 7.25935258 5.51586584 0.89388100
2.29419726 7.25501769 5.51120779 0.89794288
2.29403110 7.25062833 5.50655254 0.90205097
2.29382171 7.24618544 5.50190006 0.90620540
2.29356890 7.24169002 5.49725034 0.91040621
2.29327257 7.23714312 5.49260340 0.91465334
2.29293258 7.23254587 5.48795930 0.91894660
2.29254887 7.22789941 5.48331811 0.92328571
2.29212138 7.22320499 5.47867993 0.92767027
2.29165007 7.21846389 5.47404490 0.93209976
2.29113495 7.21367743 5.46941317 0.93657354
2.29057604 7.20884703 5.46478493 0.94109084
2.28997340 7.20397413 5.46016040 0.94565080
2.28932711 7.19906023 5.45553983 0.95025239
2.28863729 7.19410691 5.45092350 0.95489449
2.28790408 7.18911578 5.44631170 0.95957585
2.28712765 7.18408851 5.44170477 0.96429509
2.28630822 7.17902682 5.43710308 0.96905070
2.28544602 7.17393248 5.43250702 0.97384106
2.28454132 7.16880732 5.42791700 0.97866443
2.28359441 7.16365320 5.42333346 0.98351895
2.28260564 7.15847203 5.41875690 0.98840264
2.28157535 7.15326577 5.41418779 0.99331341
2.28050395 7.14803641 5.40962667 0.99824908
2.27939186 7.14278598 5.40507407 1.00320736
2.27823954 7.13751655 5.40053058 1.00818585
2.27704745 7.13223021 5.39599678 1.01318207
2.27581613 7.12692910 5.39147328 1.01819347
2.27454611 7.12161536 5.38696072 1.02321740
2.27323797 7.11629116 5.38245975 1.02825115
2.27189229 7.11095870 5.37797102 1.03329195
2.27050970 7.10562019 5.37349522 1.03833698
2.26909086 7.10027784 5.36903305 1.04338336
2.26763644 7.09493389 5.36458521 1.04842818
2.26614713 7.08959055 5.36015240 1.05346852
2.26462366 7.08425007 5.35573537 1.05850140
2.26306676 7.07891466 5.35133483 1.06352388
2.26147721 7.07358655 5.34695153 1.06853297
2.25985577 7.06826794 5.34258619 1.07352573
2.25820324 7.06296102 5.33823955 1.07849921
2.25652045 7.05766798 5.33391236 1.08345051
2.25480821 7.05239094 5.32960535 1.08837673
2.25306738 7.04713205 5.32531924 1.09327506
2.25129879 7.04189338 5.32105476 1.09814271
2.24950332 7.03667700 5.31681263 1.10297696
2.24768184 7.03148492 5.31259355 1.10777515
2.24583522 7.02631913 5.30839822 1.11253473
2.24396435 7.02118157 5.30422733 1.11725319
2.24207013 7.01607412 5.30008153 1.12192812
2.24015344 7.01099862 5.29596149 1.12655723
2.23821518 7.00595686 5.29186784 1.13113831
2.23625624 7.00095058 5.28780119 1.13566925
2.23427752 6.99598146 5.28376215 1.14014805
2.23227991 6.99105110 5.27975130 1.14457284
2.23026428 6.98616108 5.27576919 1.14894185
2.22823153 6.98131289 5.27181635 1.15325344
2.22618254 6.97650796 5.26789330 1.15750607
2.22411816 6.97174766 5.26400052 1.16169835
2.22203925 6.96703330 5.26013847 1.16582898
2.21994668 6.96236611 5.25630760 1.16989680
2.21784127 6.95774726 5.25250831 1.17390078
2.21572385 6.95317786 5.24874099 1.17784000
2.21359525 6.94865894 5.24500600 1.18171364
2.21145625 6.94419147 5.24130367 1.18552104
2.20930766 6.93977635 5.23763430 1.18926163
2.20715024 6.93541442 5.23399818 1.19293495
2.20498476 6.93110645 5.23039556 1.19654066
2.20281195 6.92685313 5.22682667 1.20007851
2.20063255 6.92265511 5.22329170 1.20354839
2.19844727 6.91851295 5.21979083 1.20695025
2.19625680 6.91442718 5.21632421 1.21028416
2.19406181 6.91039824 5.21289197 1.21355027
2.19186296 6.90642652 5.20949420 1.21674882
2.18966091 6.90251235 5.20613097 1.21988014
2.18745626 6.89865600 5.20280235 1.22294462
2.18524962 6.89485769 5.19950835 1.22594275
2.18304159 6.89111759 5.19624899 1.22887506
2.18083274 6.88743581 5.19302424 1.23174218
2.17862360 6.88381239 5.18983407 1.23454477
2.17641472 6.88024737 5.18667842 1.23728356
2.17420662 6.87674070 5.18355722 1.23995932
2.17199978 6.87329230 5.18047037 1.24257289
2.16979469 6.86990204 5.17741774 1.24512512
2.16759181 6.86656976 5.17439922 1.24761694
2.16539159 6.86329525 5.17141466 1.25004927
2.16319445 6.86007828 5.16846388 1.25242310
2.16100081 6.85691855 5.16554670 1.25473942
2.15881106 6.85381576 5.16266295 1.25699925
2.15662557 6.85076956 5.15981239 1.25920364
2.15444473 6.84777957 5.15699483 1.26135365
2.15226886 6.84484539 5.15421001 1.26345034
2.15009830 6.84196658 5.15145770 1.26549482
2.14793337 6.83914269 5.14873765 1.26748816
2.14577438 6.83637323 5.14604958 1.26943146
2.14362160 6.83365771 5.14339323 1.27132582
2.14147532 6.83099559 5.14076831 1.27317235
2.13933580 6.82838633 5.13817453 1.27497215
2.13720328 6.82582938 5.13561159 1.27672629
2.13507800 6.82332416 5.13307918 1.27843589
2.13296019 6.82087006 5.13057701 1.28010200
2.13085005 6.81846650 5.12810474 1.28172572
2.12874779 6.81611285 5.12566206 1.28330810
2.12665359 6.81380848 5.12324865 1.28485019
2.12456763 6.81155276 5.12086416 1.28635302
2.12249008 6.80934504 5.11850828 1.28781763
2.12042109 6.80718467 5.11618066 1.28924501
2.11836082 6.80507099 5.11388097 1.29063617
2.11630939 6.80300333 5.11160886 1.29199208
2.11426695 6.80098102 5.10936400 1.29331369
2.11223361 6.79900340 5.10714603 1.29460195
2.11020947 6.79706977 5.10495462 1.29585779
2.10819465 6.79517948 5.10278942 1.29708209
2.10618924 6.79333184 5.10065008 1.29827576
2.10419332 6.79152617 5.09853627 1.29943966
2.10220698 6.78976179 5.09644764 1.30057462
2.10023030 6.78803802 5.09438383 1.30168149
2.09826333 6.78635419 5.09234452 1.30276107
2.09630614 6.78470963 5.09032936 1.30381414
2.09435879 6.78310367 5.08833801 1.30484148
2.09242132 6.78153563 5.08637014 1.30584383
2.09049377 6.78000485 5.08442540 1.30682193
2.08857619 6.77851068 5.08250346 1.30777648
2.08666861 6.77705246 5.08060400 1.30870817
2.08477105 6.77562953 5.07872668 1.30961769
2.08288353 6.77424126 5.07687117 1.31050567
2.08100608 6.77288701 5.07503716 1.31137277
2.07913872 6.77156613 5.07322432 1.31221959
2.07728144 6.77027801 5.07143234 1.31304674
2.07543425 6.76902201 5.06966090 1.31385480
2.07359717 6.76779754 5.06790969 1.31464433
2.07177018 6.76660398 5.06617840 1.31541589
2.06995329 6.76544073 5.06446672 1.31617000
2.06814648 6.76430720 5.06277437 1.31690718
2.06634975 6.76320280 5.06110103 1.31762794
2.06456307 6.76212695 5.05944642 1.31833275
2.06278645 6.76107909 5.05781025 1.31902208
2.06101985 6.76005865 5.05619222 1.31969640
2.05926325 6.75906507 5.05459206 1.32035615
2.05751664 6.75809782 5.05300949 1.32100174
2.05577998 6.75715634 5.05144423 1.32163359
2.05405325 6.75624011 5.04989602 1.32225211
2.05233642 6.75534860 5.04836457 1.32285769
2.05062945 6.75448130 5.04684964 1.32345068
2.04893232 6.75363771 5.04535096 1.32403147
2.04724498 6.75281732 5.04386827 1.32460040
2.04556740 6.75201964 5.04240133 1.32515781
2.04389955 6.75124419 5.04094988 1.32570403
2.04224138 6.75049049 5.03951368 1.32623938
2.04059285 6.74975808 5.03809249 1.32676416
2.03895391 6.74904649 5.03668607 1.32727868
2.03732454 6.74835528 5.03529419 1.32778321
2.03570468 6.74768401 5.03391662 1.32827805
2.03409428 6.74703223 5.03255313 1.32876345
2.03249330 6.74639952 5.03120351 1.32923969
2.03090170 6.74578545 5.02986753 1.32970700
2.02931942 6.74518963 5.02854498 1.33016563
2.02774642 6.74461163 5.02723565 1.33061583
2.02618264 6.74405107 5.02593932 1.33105781
2.02462805 6.74350755 5.02465581 1.33149180
2.02308258 6.74298069 5.02338489 1.33191801
2.02154618 6.74247012 5.02212639 1.33233664
2.02001881 6.74197546 5.02088010 1.33274790
2.01850041 6.74149636 5.01964584 1.33315198
2.01699094 6.74103246 5.01842341 1.33354906
2.01549033 6.74058342 5.01721264 1.33393932
2.01399853 6.74014888 5.01601334 1.33432294
2.01251549 6.73972852 5.01482534 1.33470009
2.01104117 6.73932202 5.01364845 1.33507092
2.00957550 6.73892904 5.01248252 1.33543561
2.00811842 6.73854929 5.01132737 1.33579429
2.00666990 6.73818244 5.01018284 1.33614712
2.00522986 6.73782819 5.00904876 1.33649424
2.00379827 6.73748626 5.00792498 1.33683579
2.00237506 6.73715634 5.00681134 1.33717191
2.00096018 6.73683817 5.00570768 1.33750272
1.99955357 6.73653145 5.00461386 1.33782834
1.99815518 6.73623592 5.00352973 1.33814891
1.99676497 6.73595132 5.00245514 1.33846453
1.99538286 6.73567737 5.00138996 1.33877533
1.99400882 6.73541383 5.00033403 1.33908140
1.99264277 6.73516044 4.99928723 1.33938287
1.99128469 6.73491696 4.99824941 1.33967983
1.98993449 6.73468315 4.99722046 1.33997239
1.98859215 6.73445878 4.99620023 1.34026063
1.98725759 6.73424362 4.99518860 1.34054466
1.98593077 6.73403744 4.99418544 1.34082457
1.98461163 6.73384002 4.99319064 1.34110045
1.98330013 6.73365116 4.99220406 1.34137238
1.98199620 6.73347062 4.99122560 1.34164044
1.98069980 6.73329823 4.99025514 1.34190472
1.97941088 6.73313376 4.98929256 1.34216530
1.97812938 6.73297703 4.98833776 1.34242225
1.97685524 6.73282784 4.98739061 1.34267564
1.97558843 6.73268600 4.98645102 1.34292556
1.97432889 6.73255134 4.98551888 1.34317206
1.97307656 6.73242366 4.98459409 1.34341522
1.97183140 6.73230280 4.98367653 1.34365510
1.97059335 6.73218859 4.98276613 1.34389177
1.96936237 6.73208084 4.98186276 1.34412529
1.96813841 6.73197941 4.98096635 1.34435572
1.96692142 6.73188412 4.98007680 1.34458312
1.96571134 6.73179482 4.97919400 1.34480754
1.96450813 6.73171137 4.97831788 1.34502904
1.96331174 6.73163360 4.97744834 1.34524768
1.96212213 6.73156137 4.97658530 1.34546351
1.96093923 6.73149454 4.97572867 1.34567658
1.95976302 6.73143296 4.97487837 1.34588694
1.95859343 6.73137651 4.97403430 1.34609463
1.95743043 6.73132504 4.97319640 1.34629972
1.95627396 6.73127843 4.97236458 1.34650223
1.95512398 6.73123654 4.97153876 1.34670222
1.95398045 6.73119926 4.97071888 1.34689974
1.95284332 6.73116646 4.96990484 1.34709481
1.95171253 6.73113802 4.96909658 1.34728750
1.95058806 6.73111382 4.96829403 1.34747783
1.94946985 6.73109376 4.96749710 1.34766584
1.94835786 6.73107771 4.96670575 1.34785158
1.94725204 6.73106558 4.96591989 1.34803508
1.94615236 6.73105725 4.96513945 1.34821638
1.94505876 6.73105262 4.96436438 1.34839551
1.94397121 6.73105160 4.96359460 1.34857252
1.94288966 6.73105407 4.96283006 1.34874743
1.94181408 6.73105995 4.96207069 1.34892027
1.94074441 6.73106914 4.96131642 1.34909109
1.93968062 6.73108155 4.96056720 1.34925990
1.93862267 6.73109709 4.95982297 1.34942675
1.93757051 6.73111567 4.95908367 1.34959167
1.93652410 6.73113720 4.95834925 1.34975468
1.93548342 6.73116161 4.95761964 1.34991581
1.93444840 6.73118881 4.95689479 1.35007509
1.93341902 6.73121871 4.95617464 1.35023255
1.93239524 6.73125125 4.95545916 1.35038821
1.93137701 6.73128634 4.95474827 1.35054211
1.93036431 6.73132392 4.95404193 1.35069427
1.92935708 6.73136391 4.95334009 1.35084471
1.92835530 6.73140623 4.95264271 1.35099347
1.92735892 6.73145083 4.95194972 1.35114055
1.92636791 6.73149762 4.95126109 1.35128599
1.92538222 6.73154656 4.95057676 1.35142982
1.92440184 6.73159756 4.94989669 1.35157205
1.92342671 6.73165058 4.94922083 1.35171271
1.92245680 6.73170555 4.94854915 1.35185181
1.92149207 6.73176240 4.94788159 1.35198939
1.92053250 6.73182108 4.94721811 1.35212546
1.91957804 6.73188154 4.94655867 1.35226004
1.91862867 6.73194372 4.94590323 1.35239315
1.91768434 6.73200756 4.94525174 1.35252482
1.91674502 6.73207302 4.94460417 1.35265506
1.91581068 6.73214003 4.94396048 1.35278389
1.91488128 6.73220855 4.94332063 1.35291134
1.91395679 6.73227854 4.94268457 1.35303741
1.91303718 6.73234994 4.94205228 1.35316213
1.91212242 6.73242270 4.94142371 1.35328552
1.91121247 6.73249679 4.94079883 1.35340759
1.91030730 6.73257215 4.94017760 1.35352836
1.90940688 6.73264875 4.93955999 1.35364785
1.90851117 6.73272654 4.93894596 1.35376607
1.90762015 6.73280547 4.93833548 1.35388305
1.90673379 6.73288552 4.93772851 1.35399879
1.90585205 6.73296664 4.93712502 1.35411331
1.90497490 6.73304879 4.93652498 1.35422663
1.90410231 6.73313194 4.93592836 1.35433876
1.90323426 6.73321604 4.93533512 1.35444972
1.90237071 6.73330107 4.93474523 1.35455953
1.90151163 6.73338699 4.93415867 1.35466819
1.90065700 6.73347377 4.93357540 1.35477572
1.89980679 6.73356136 4.93299540 1.35488214
1.89896096 6.73364975 4.93241863 1.35498745
1.89811949 6.73373890 4.93184506 1.35509168
1.89728234 6.73382878 4.93127467 1.35519484
1.89644950 6.73391935 4.93070743 1.35529693
1.89562094 6.73401060 4.93014332 1.35539798
1.89479662 6.73410249 4.92958230 1.35549799
1.89397652 6.73419500 4.92902434 1.35559698
1.89316062 6.73428809 4.92846943 1.35569496
1.89234888 6.73438175 4.92791754 1.35579194
1.89154127 6.73447594 4.92736863 1.35588793
1.89073779 6.73457065 4.92682270 1.35598295
1.88993838 6.73466584 4.92627970 1.35607701
1.88914304 6.73476150 4.92573962 1.35617011
1.88835174 6.73485760 4.92520243 1.35626228
1.88756444 6.73495413 4.92466812 1.35635351
1.88678113 6.73505104 4.92413665 1.35644382
1.88600178 6.73514834 4.92360800 1.35653323
1.88522636 6.73524599 4.92308215 1.35662174
1.88445485 6.73534398 4.92255908 1.35670936
1.88368723 6.73544229 4.92203877 1.35679611
1.88292347 6.73554089 4.92152119 1.35688199
1.88216355 6.73563977 4.92100633 1.35696701
1.88140744 6.73573892 4.92049416 1.35705118
1.88065513 6.73583830 4.91998466 1.35713452
1.87990658 6.73593792 4.91947781 1.35721703
1.87916177 6.73603774 4.91897359 1.35729872
1.87842068 6.73613776 4.91847198 1.35737960
1.87768330 6.73623795 4.91797296 1.35745968
1.87694959 6.73633831 4.91747651 1.35753897
1.87621953 6.73643882 4.91698262 1.35761748
1.87549310 6.73653946 4.91649126 1.35769521
1.87477028 6.73664022 4.91600241 1.35777218
1.87405105 6.73674108 4.91551606 1.35784839
1.87333539 6.73684204 4.91503219 1.35792385
1.87262327 6.73694307 4.91455078 1.35799858
1.87191467 6.73704417 4.91407182 1.35807257
1.87120958 6.73714533 4.91359527 1.35814584
1.87050796 6.73724652 4.91312114 1.35821839
1.86980981 6.73734775 4.91264939 1.35829024
1.86911510 6.73744900 4.91218002 1.35836138
1.86842380 6.73755025 4.91171301 1.35843183
1.86773590 6.73765150 4.91124834 1.35850160
1.86705139 6.73775274 4.91078599 1.35857069
1.86637023 6.73785396 4.91032596 1.35863911
1.86569241 6.73795514 4.90986821 1.35870686
1.86501791 6.73805628 4.90941274 1.35877396
1.86434671 6.73815737 4.90895954 1.35884042
1.86367879 6.73825840 4.90850858 1.35890622
1.86301414 6.73835936 4.90805985 1.35897140
1.86235272 6.73846024 4.90761334 1.35903594
1.86169453 6.73856103 4.90716903 1.35909987
1.86103955 6.73866173 4.90672691 1.35916318
1.86038775 6.73876233 4.90628696 1.35922588
1.85973913 6.73886282 4.90584917 1.35928797
1.85909365 6.73896319 4.90541353 1.35934948
1.85845130 6.73906344 4.90498001 1.35941039
1.85781207 6.73916356 4.90454862 1.35947072
1.85717593 6.73926354 4.90411932 1.35953047
1.85654288 6.73936337 4.90369212 1.35958965
1.85591288 6.73946306 4.90326699 1.35964827
1.85528593 6.73956259 4.90284393 1.35970632
1.85466201 6.73966195 4.90242292 1.35976383
1.85404109 6.73976115 4.90200395 1.35982078
1.85342317 6.73986018 4.90158700 1.35987720
1.85280822 6.73995902 4.90117206 1.35993307
1.85219624 6.74005768 4.90075913 1.35998842
1.85158719 6.74015616 4.90034818 1.36004324
1.85098107 6.74025443 4.89993921 1.36009754
1.85037786 6.74035251 4.89953220 1.36015132
1.84977755 6.74045039 4.89912714 1.36020460
1.84918011 6.74054806 4.89872403 1.36025737
1.84858553 6.74064551 4.89832284 1.36030965
1.84799380 6.74074275 4.89792357 1.36036142
1.84740490 6.74083977 4.89752620 1.36041271
1.84681881 6.74093656 4.89713073 1.36046352
1.84623553 6.74103313 4.89673714 1.36051385
1.84565502 6.74112947 4.89634542 1.36056370
1.84507729 6.74122557 4.89595556 1.36061308
1.84450230 6.74132143 4.89556755 1.36066200
1.84393006 6.74141705 4.89518138 1.36071046
1.84336054 6.74151242 4.89479704 1.36075847
1.84279372 6.74160755 4.89441452 1.36080602
1.84222960 6.74170243 4.89403380 1.36085313
1.84166816 6.74179705 4.89365488 1.36089979
1.84110939 6.74189142 4.89327775 1.36094602
1.84055326 6.74198553 4.89290240 1.36099181
1.83999977 6.74207937 4.89252881 1.36103718
1.83944890 6.74217296 4.89215697 1.36108212
1.83890064 6.74226628 4.89178688 1.36112664
1.83835498 6.74235933 4.89141853 1.36117075
1.83781189 6.74245210 4.89105191 1.36121444
1.83727137 6.74254461 4.89068700 1.36125773
1.83673340 6.74263684 4.89032380 1.36130061
1.83619797 6.74272880 4.88996230 1.36134309
1.83566507 6.74282048 4.88960249 1.36138518
1.83513468 6.74291188 4.88924436 1.36142688
1.83460679 6.74300300 4.88888790 1.36146818
1.83408138 6.74309383 4.88853310 1.36150911
1.83355845 6.74318438 4.88817995 1.36154965
1.83303797 6.74327465 4.88782844 1.36158982
1.83251994 6.74336462 4.88747857 1.36162961
1.83200435 6.74345431 4.88713033 1.36166903
1.83149118 6.74354371 4.88678370 1.36170809
1.83098041 6.74363282 4.88643868 1.36174679
1.83047204 6.74372164 4.88609525 1.36178512
1.82996606 6.74381016 4.88575342 1.36182311
1.82946245 6.74389839 4.88541318 1.36186074
1.82896119 6.74398633 4.88507450 1.36189802
1.82846228 6.74407397 4.88473739 1.36193496
1.82796571 6.74416131 4.88440184 1.36197155
1.82747146 6.74424836 4.88406784 1.36200781
1.82697951 6.74433511 4.88373538 1.36204373
1.82648987 6.74442156 4.88340445 1.36207932
1.82600251 6.74450771 4.88307505 1.36211459
1.82551743 6.74459356 4.88274716 1.36214952
1.82503462 6.74467911 4.88242079 1.36218414
1.82455405 6.74476436 4.88209591 1.36221844
1.82407572 6.74484931 4.88177253 1.36225242
1.82359963 6.74493396 4.88145063 1.36228608
1.82312575 6.74501831 4.88113022 1.36231944
1.82265407 6.74510235 4.88081127 1.36235249
1.82218460 6.74518609 4.88049379 1.36238524
1.82171730 6.74526953 4.88017776 1.36241768
1.82125218 6.74535267 4.87986318 1.36244983
1.82078922 6.74543550 4.87955004 1.36248168
1.82032841 6.74551803 4.87923834 1.36251324
1.81986974 6.74560026 4.87892806 1.36254451
1.81941320 6.74568218 4.87861920 1.36257549
1.81895878 6.74576380 4.87831175 1.36260619
1.81850647 6.74584512 4.87800571 1.36263660
1.81805626 6.74592614 4.87770106 1.36266674
1.81760813 6.74600685 4.87739781 1.36269660
1.81716208 6.74608726 4.87709594 1.36272619
1.81671809 6.74616736 4.87679545 1.36275550
1.81627617 6.74624717 4.87649633 1.36278455
1.81583628 6.74632667 4.87619857 1.36281333
1.81539844 6.74640586 4.87590217 1.36284185
1.81496261 6.74648476 4.87560711 1.36287011
1.81452881 6.74656336 4.87531341 1.36289811
1.81409701 6.74664165 4.87502103 1.36292585
1.81366720 6.74671964 4.87472999 1.36295334
1.81323938 6.74679733 4.87444027 1.36298058
1.81281354 6.74687472 4.87415187 1.36300757
1.81238966 6.74695181 4.87386478 1.36303431
1.81196774 6.74702860 4.87357900 1.36306081
1.81154776 6.74710510 4.87329451 1.36308706
1.81112973 6.74718129 4.87301131 1.36311308
1.81071362 6.74725718 4.87272940 1.36313886
1.81029943 6.74733278 4.87244877 1.36316440
1.80988714 6.74740808 4.87216941 1.36318971
1.80947676 6.74748308 4.87189132 1.36321479
1.80906827 6.74755778 4.87161449 1.36323964
1.80866166 6.74763219 4.87133891 1.36326427
1.80825692 6.74770630 4.87106458 1.36328867
1.80785404 6.74778012 4.87079150 1.36331285
1.80745302 6.74785365 4.87051965 1.36333680
1.80705385 6.74792688 4.87024903 1.36336054
1.80665651 6.74799981 4.86997964 1.36338407
1.80626099 6.74807246 4.86971146 1.36340738
1.80586730 6.74814481 4.86944450 1.36343047
1.80547541 6.74821687 4.86917875 1.36345336
1.80508532 6.74828864 4.86891419 1.36347604
1.80469703 6.74836012 4.86865084 1.36349851
1.80431052 6.74843132 4.86838867 1.36352078
1.80392579 6.74850222 4.86812769 1.36354285
1.80354282 6.74857283 4.86786789 1.36356471
1.80316161 6.74864316 4.86760926 1.36358638
1.80278215 6.74871320 4.86735180 1.36360785
1.80240443 6.74878296 4.86709550 1.36362912
1.80202844 6.74885243 4.86684036 1.36365020
1.80165417 6.74892161 4.86658637 1.36367109
1.80128163 6.74899052 4.86633353 1.36369179
1.80091079 6.74905913 4.86608182 1.36371230
1.80054165 6.74912747 4.86583126 1.36373263
1.80017420 6.74919553 4.86558182 1.36375277
1.79980844 6.74926330 4.86533351 1.36377273
1.79944435 6.74933080 4.86508631 1.36379250
1.79908193 6.74939801 4.86484024 1.36381210
1.79872116 6.74946495 4.86459527 1.36383152
1.79836206 6.74953161 4.86435140 1.36385076
1.79800459 6.74959800 4.86410864 1.36386983
1.79764876 6.74966411 4.86386696 1.36388873
1.79729456 6.74972994 4.86362638 1.36390745
1.79694198 6.74979550 4.86338688 1.36392601
1.79659101 6.74986078 4.86314846 1.36394439
1.79624165 6.74992580 4.86291111 1.36396261
1.79589389 6.74999054 4.86267483 1.36398067
1.79554772 6.75005501 4.86243962 1.36399856
1.79520313 6.75011921 4.86220546 1.36401629
1.79486011 6.75018314 4.86197236 1.36403386
1.79451867 6.75024680 4.86174031 1.36405127
1.79417878 6.75031020 4.86150930 1.36406852
1.79384045 6.75037333 4.86127933 1.36408561
1.79350366 6.75043619 4.86105040 1.36410255
1.79316841 6.75049879 4.86082249 1.36411934
1.79283470 6.75056112 4.86059562 1.36413597
1.79250251 6.75062320 4.86036976 1.36415246
1.79217183 6.75068500 4.86014492 1.36416879
1.79184267 6.75074655 4.85992109 1.36418498
1.79151501 6.75080784 4.85969826 1.36420102
1.79118884 6.75086887 4.85947644 1.36421692
1.79086417 6.75092963 4.85925562 1.36423267
1.79054097 6.75099015 4.85903578 1.36424828
1.79021925 6.75105040 4.85881694 1.36426374
1.78989900 6.75111040 4.85859908 1.36427907
1.78958022 6.75117014 4.85838220 1.36429426
1.78926288 6.75122963 4.85816630 1.36430931
1.78894700 6.75128886 4.85795137 1.36432423
1.78863255 6.75134784 4.85773740 1.36433901
1.78831954 6.75140657 4.85752439 1.36435365
1.78800796 6.75146505 4.85731234 1.36436817
1.78769780 6.75152328 4.85710125 1.36438255
1.78738905 6.75158126 4.85689110 1.36439680
1.78708172 6.75163899 4.85668190 1.36441092
1.78677578 6.75169647 4.85647364 1.36442492
1.78647124 6.75175371 4.85626631 1.36443879
1.78616809 6.75181070 4.85605992 1.36445253
1.78586632 6.75186745 4.85585445 1.36446615
1.78556592 6.75192395 4.85564991 1.36447965
1.78526690 6.75198022 4.85544629 1.36449302
1.78496923 6.75203623 4.85524358 1.36450627
1.78467293 6.75209201 4.85504178 1.36451941
1.78437797 6.75214755 4.85484089 1.36453242
1.78408436 6.75220285 4.85464090 1.36454532
1.78379209 6.75225791 4.85444181 1.36455810
1.78350115 6.75231273 4.85424362 1.36457076
1.78321154 6.75236732 4.85404631 1.36458331
1.78292324 6.75242167 4.85384990 1.36459575
1.78263626 6.75247578 4.85365436 1.36460807
1.78235059 6.75252966 4.85345970 1.36462029
1.78206622 6.75258331 4.85326592 1.36463239
1.78178314 6.75263673 4.85307301 1.36464438
1.78150136 6.75268991 4.85288097 1.36465627
1.78122086 6.75274286 4.85268979 1.36466804
1.78094163 6.75279559 4.85249947 1.36467971
1.78066368 6.75284808 4.85231000 1.36469128
1.78038700 6.75290035 4.85212139 1.36470274
1.78011157 6.75295239 4.85193362 1.36471409
1.77983740 6.75300421 4.85174670 1.36472535
1.77956448 6.75305580 4.85156061 1.36473650
1.77929280 6.75310716 4.85137537 1.36474755
1.77902236 6.75315830 4.85119095 1.36475850
1.77875315 6.75320922 4.85100737 1.36476936
1.77848516 6.75325992 4.85082461 1.36478011
1.77821840 6.75331039 4.85064267 1.36479077
1.77795285 6.75336065 4.85046155 1.36480133
1.77768852 6.75341069 4.85028124 1.36481179
1.77742538 6.75346051 4.85010174 1.36482216
1.77716345 6.75351011 4.84992306 1.36483244
1.77690270 6.75355949 4.84974517 1.36484262
1.77664315 6.75360866 4.84956808 1.36485271
1.77638478 6.75365761 4.84939179 1.36486272
1.77612758 6.75370635 4.84921630 1.36487263
1.77587155 6.75375488 4.84904159 1.36488245
1.77561669 6.75380320 4.84886767 1.36489218
1.77536300 6.75385130 4.84869453 1.36490182
1.77511045 6.75389919 4.84852217 1.36491138
1.77485906 6.75394687 4.84835058 1.36492085
1.77460881 6.75399435 4.84817977 1.36493023
1.77435970 6.75404161 4.84800972 1.36493953
1.77411173 6.75408867 4.84784044 1.36494875
1.77386489 6.75413552 4.84767192 1.36495788
1.77361917 6.75418217 4.84750416 1.36496693
1.77337457 6.75422861 4.84733715 1.36497589
1.77313108 6.75427484 4.84717089 1.36498478
1.77288870 6.75432088 4.84700539 1.36499359
1.77264743 6.75436671 4.84684062 1.36500231
1.77240725 6.75441234 4.84667660 1.36501096
1.77216817 6.75445777 4.84651332 1.36501953
1.77193018 6.75450300 4.84635077 1.36502802
1.77169327 6.75454803 4.84618895 1.36503643
1.77145744 6.75459286 4.84602787 1.36504477
1.77122269 6.75463749 4.84586750 1.36505304
1.77098900 6.75468193 4.84570786 1.36506122
1.77075638 6.75472617 4.84554894 1.36506934
1.77052482 6.75477022 4.84539073 1.36507738
1.77029432 6.75481407 4.84523324 1.36508535
1.77006486 6.75485773 4.84507645 1.36509324
1.76983645 6.75490119 4.84492037 1.36510107
1.76960908 6.75494447 4.84476499 1.36510882
1.76938274 6.75498755 4.84461032 1.36511650
1.76915744 6.75503044 4.84445634 1.36512412
1.76893316 6.75507315 4.84430305 1.36513166
1.76870991 6.75511566 4.84415045 1.36513914
1.76848767 6.75515799 4.84399855 1.36514655
1.76826645 6.75520013 4.84384732 1.36515389
1.76804623 6.75524208 4.84369678 1.36516117
1.76782702 6.75528385 4.84354691 1.36516838
1.76760880 6.75532543 4.84339772 1.36517552
1.76739158 6.75536683 4.84324921 1.36518260
1.76717535 6.75540804 4.84310136 1.36518961
1.76696011 6.75544907 4.84295418 1.36519657
1.76674585 6.75548992 4.84280766 1.36520345
1.76653256 6.75553059 4.84266181 1.36521028
1.76632024 6.75557108 4.84251661 1.36521705
1.76610890 6.75561139 4.84237206 1.36522375
1.76589851 6.75565152 4.84222817 1.36523039
1.76568909 6.75569147 4.84208493 1.36523697
1.76548062 6.75573125 4.84194233 1.36524350
1.76527310 6.75577085 4.84180038 1.36524996
1.76506653 6.75581027 4.84165906 1.36525637
1.76486090 6.75584951 4.84151839 1.36526271
1.76465620 6.75588859 4.84137834 1.36526900
1.76445244 6.75592749 4.84123893 1.36527523
1.76424961 6.75596621 4.84110015 1.36528141
1.76404771 6.75600477 4.84096200 1.36528753
1.76384672 6.75604315 4.84082447 1.36529359
1.76364665 6.75608136 4.84068756 1.36529960
1.76344750 6.75611940 4.84055127 1.36530556
1.76324925 6.75615727 4.84041559 1.36531146
1.76305190 6.75619498 4.84028053 1.36531731
1.76285546 6.75623251 4.84014607 1.36532310
1.76265991 6.75626988 4.84001223 1.36532884
1.76246526 6.75630708 4.83987898 1.36533453
1.76227149 6.75634412 4.83974634 1.36534017
1.76207861 6.75638099 4.83961430 1.36534576
1.76188660 6.75641770 4.83948286 1.36535130
1.76169548 6.75645424 4.83935201 1.36535678
1.76150522 6.75649062 4.83922175 1.36536222
1.76131584 6.75652683 4.83909208 1.36536761
1.76112731 6.75656289 4.83896299 1.36537294
1.76093965 6.75659879 4.83883449 1.36537823
1.76075285 6.75663452 4.83870657 1.36538348
1.76056689 6.75667009 4.83857923 1.36538867
1.76038179 6.75670551 4.83845246 1.36539382
1.76019753 6.75674077 4.83832627 1.36539892
1.76001411 6.75677587 4.83820064 1.36540397
1.75983153 6.75681081 4.83807559 1.36540898
1.75964979 6.75684560 4.83795110 1.36541394
1.75946887 6.75688023 4.83782717 1.36541886
1.75928878 6.75691471 4.83770381 1.36542373
1.75910951 6.75694903 4.83758100 1.36542856
1.75893106 6.75698320 4.83745875 1.36543335
1.75875343 6.75701721 4.83733705 1.36543809
1.75857660 6.75705108 4.83721590 1.36544278
1.75840059 6.75708479 4.83709530 1.36544744
1.75822537 6.75711835 4.83697525 1.36545205
1.75805096 6.75715176 4.83685574 1.36545663
1.75787735 6.75718502 4.83673677 1.36546116
1.75770453 6.75721813 4.83661834 1.36546564
1.75753250 6.75725109 4.83650045 1.36547009
1.75736125 6.75728391 4.83638309 1.36547450
1.75719079 6.75731658 4.83626626 1.36547887
1.75702110 6.75734910 4.83614996 1.36548319
1.75685219 6.75738148 4.83603419 1.36548748
1.75668406 6.75741371 4.83591894 1.36549173
1.75651669 6.75744579 4.83580421 1.36549594
1.75635009 6.75747773 4.83569001 1.36550012
1.75618424 6.75750953 4.83557632 1.36550425
1.75601916 6.75754119 4.83546314 1.36550835
1.75585483 6.75757270 4.83535048 1.36551241
1.75569126 6.75760407 4.83523834 1.36551643
1.75552843 6.75763531 4.83512669 1.36552042
1.75536634 6.75766640 4.83501556 1.36552437
1.75520500 6.75769735 4.83490493 1.36552828
1.75504439 6.75772816 4.83479480 1.36553216
1.75488452 6.75775883 4.83468517 1.36553600
1.75472538 6.75778937 4.83457604 1.36553981
1.75456697 6.75781977 4.83446740 1.36554358
1.75440928 6.75785003 4.83435926 1.36554732
1.75425232 6.75788015 4.83425160 1.36555103
1.75409607 6.75791014 4.83414444 1.36555470
1.75394054 6.75794000 4.83403776 1.36555834
1.75378571 6.75796972 4.83393156 1.36556194
1.75363160 6.75799930 4.83382585 1.36556551
1.75347820 6.75802876 4.83372062 1.36556905
1.75332549 6.75805808 4.83361586 1.36557256
1.75317348 6.75808727 4.83351159 1.36557603
1.75302217 6.75811632 4.83340778 1.36557948
1.75287156 6.75814525 4.83330445 1.36558289
1.75272163 6.75817404 4.83320158 1.36558627
1.75257239 6.75820271 4.83309918 1.36558962
1.75242383 6.75823125 4.83299725 1.36559294
1.75227595 6.75825965 4.83289578 1.36559623
1.75212875 6.75828793 4.83279477 1.36559949
1.75198222 6.75831609 4.83269422 1.36560272
1.75183637 6.75834411 4.83259413 1.36560592
1.75169118 6.75837201 4.83249449 1.36560909
1.75154666 6.75839978 4.83239531 1.36561223
1.75140279 6.75842743 4.83229658 1.36561535
1.75125959 6.75845495 4.83219829 1.36561843
1.75111705 6.75848235 4.83210045 1.36562149
1.75097516 6.75850963 4.83200306 1.36562452
1.75083391 6.75853678 4.83190611 1.36562752
1.75069332 6.75856381 4.83180960 1.36563050
1.75055337 6.75859071 4.83171353 1.36563344
1.75041406 6.75861750 4.83161790 1.36563636
1.75027539 6.75864416 4.83152270 1.36563926
1.75013735 6.75867071 4.83142794 1.36564212
1.74999995 6.75869713 4.83133361 1.36564497
1.74986318 6.75872343 4.83123970 1.36564778
1.74972703 6.75874962 4.83114623 1.36565057
1.74959151 6.75877568 4.83105318 1.36565333
1.74945661 6.75880163 4.83096055 1.36565607
1.74932233 6.75882746 4.83086834 1.36565879
1.74918867 6.75885318 4.83077656 1.36566148
1.74905561 6.75887878 4.83068519 1.36566414
1.74892317 6.75890426 4.83059424 1.36566678
1.74879134 6.75892963 4.83050370 1.36566940
1.74866011 6.75895488 4.83041358 1.36567199
1.74852948 6.75898001 4.83032386 1.36567456
1.74839945 6.75900504 4.83023456 1.36567710
1.74827002 6.75902995 4.83014566 1.36567962
1.74814118 6.75905475 4.83005717 1.36568212
1.74801294 6.75907943 4.82996908 1.36568460
1.74788528 6.75910400 4.82988139 1.36568705
1.74775821 6.75912847 4.82979410 1.36568948
1.74763172 6.75915282 4.82970721 1.36569189
1.74750581 6.75917706 4.82962072 1.36569428
1.74738048 6.75920119 4.82953462 1.36569664
1.74725572 6.75922521 4.82944891 1.36569899
1.74713154 6.75924912 4.82936359 1.36570131
1.74700793 6.75927292 4.82927867 1.36570361
1.74688488 6.75929662 4.82919413 1.36570589
1.74676241 6.75932021 4.82910997 1.36570815
1.74664049 6.75934369 4.82902620 1.36571039
1.74651913 6.75936706 4.82894282 1.36571260
1.74639833 6.75939033 4.82885981 1.36571480
1.74627809 6.75941349 4.82877718 1.36571698
1.74615840 6.75943655 4.82869493 1.36571914
1.74603925 6.75945950 4.82861305 1.36572127
1.74592066 6.75948235 4.82853155 1.36572339
1.74580261 6.75950510 4.82845042 1.36572549
1.74568510 6.75952774 4.82836966 1.36572757
1.74556813 6.75955028 4.82828927 1.36572963
1.74545170 6.75957271 4.82820925 1.36573167
1.74533581 6.75959505 4.82812959 1.36573369
1.74522045 6.75961728 4.82805030 1.36573570
1.74510562 6.75963941 4.82797136 1.36573768
1.74499131 6.75966144 4.82789279 1.36573965
1.74487753 6.75968337 4.82781458 1.36574160
1.74476428 6.75970520 4.82773673 1.36574353
1.74465154 6.75972694 4.82765923 1.36574545
1.74453933 6.75974857 4.82758208 1.36574735
1.74442763 6.75977010 4.82750529 1.36574922
1.74431644 6.75979154 4.82742885 1.36575109
1.74420577 6.75981288 4.82735276 1.36575293
1.74409560 6.75983412 4.82727702 1.36575476
1.74398594 6.75985526 4.82720162 1.36575657
1.74387679 6.75987631 4.82712657 1.36575837
1.74376813 6.75989726 4.82705186 1.36576015
1.74365998 6.75991812 4.82697749 1.36576191
1.74355232 6.75993888 4.82690346 1.36576365
1.74344517 6.75995955 4.82682978 1.36576538
1.74333850 6.75998013 4.82675643 1.36576710
1.74323232 6.76000061 4.82668341 1.36576880
1.74312664 6.76002099 4.82661073 1.36577048
1.74302144 6.76004129 4.82653838 1.36577215
1.74291672 6.76006149 4.82646636 1.36577380
1.74281248 6.76008160 4.82639468 1.36577544
1.74270873 6.76010161 4.82632332 1.36577706
1.74260545 6.76012154 4.82625228 1.36577867
1.74250265 6.76014137 4.82618158 1.36578026
1.74240032 6.76016112 4.82611119 1.36578184
1.74229847 6.76018077 4.82604113 1.36578340
1.74219708 6.76020034 4.82597139 1.36578495
1.74209616 6.76021981 4.82590197 1.36578648
1.74199570 6.76023920 4.82583286 1.36578800
1.74189571 6.76025850 4.82576408 1.36578951
1.74179618 6.76027771 4.82569561 1.36579100
1.74169710 6.76029683 4.82562745 1.36579248
1.74159849 6.76031587 4.82555960 1.36579395
1.74150032 6.76033481 4.82549207 1.36579540
1.74140261 6.76035368 4.82542485 1.36579684
1.74130535 6.76037245 4.82535793 1.36579827
1.74120854 6.76039114 4.82529132 1.36579968
1.74111217 6.76040975 4.82522501 1.36580108
1.74101625 6.76042827 4.82515901 1.36580246
1.74092077 6.76044670 4.82509332 1.36580384
1.74082573 6.76046505 4.82502792 1.36580520
1.74073113 6.76048332 4.82496282 1.36580655
1.74063696 6.76050150 4.82489803 1.36580789
1.74054323 6.76051960 4.82483352 1.36580921
1.74044993 6.76053762 4.82476932 1.36581052
1.74035707 6.76055555 4.82470541 1.36581182
1.74026462 6.76057341 4.82464179 1.36581311
1.74017261 6.76059118 4.82457847 1.36581439
1.74008102 6.76060887 4.82451543 1.36581565
1.73998985 6.76062648 4.82445269 1.36581690
1.73989911 6.76064401 4.82439023 1.36581815
1.73980878 6.76066145 4.82432806 1.36581938
1.73971886 6.76067882 4.82426618 1.36582059
1.73962937 6.76069611 4.82420457 1.36582180
1.73954028 6.76071332 4.82414326 1.36582300
1.73945161 6.76073045 4.82408222 1.36582418
1.73936335 6.76074751 4.82402146 1.36582536
1.73927549 6.76076448 4.82396099 1.36582652
1.73918804 6.76078138 4.82390079 1.36582768
1.73910099 6.76079820 4.82384086 1.36582882
1.73901435 6.76081494 4.82378122 1.36582995
1.73892810 6.76083161 4.82372184 1.36583107
1.73884225 6.76084819 4.82366274 1.36583218
1.73875680 6.76086471 4.82360391 1.36583328
1.73867174 6.76088115 4.82354535 1.36583437
1.73858708 6.76089751 4.82348707 1.36583545
1.73850281 6.76091380 4.82342904 1.36583653
1.73841892 6.76093001 4.82337129 1.36583759
1.73833543 6.76094615 4.82331380 1.36583864
1.73825231 6.76096221 4.82325657 1.36583968
1.73816959 6.76097820 4.82319961 1.36584071
1.73808724 6.76099412 4.82314291 1.36584173
1.73800528 6.76100997 4.82308647 1.36584275
1.73792369 6.76102574 4.82303029 1.36584375
1.73784248 6.76104144 4.82297437 1.36584475
1.73776165 6.76105707 4.82291871 1.36584573
1.73768119 6.76107262 4.82286330 1.36584671
1.73760110 6.76108811 4.82280814 1.36584768
1.73752138 6.76110352 4.82275324 1.36584863
1.73744203 6.76111886 4.82269860 1.36584958
1.73736304 6.76113414 4.82264420 1.36585052
1.73728442 6.76114934 4.82259006 1.36585146
1.73720617 6.76116447 4.82253616 1.36585238
1.73712827 6.76117953 4.82248251 1.36585329
1.73705074 6.76119453 4.82242911 1.36585420
1.73697356 6.76120945 4.82237596 1.36585510
1.73689675 6.76122431 4.82232304 1.36585599
1.73682028 6.76123910 4.82227038 1.36585687
1.73674417 6.76125382 4.82221795 1.36585775
1.73666841 6.76126847 4.82216577 1.36585861
1.73659301 6.76128306 4.82211383 1.36585947
1.73651795 6.76129758 4.82206212 1.36586032
1.73644324 6.76131203 4.82201066 1.36586116
1.73636887 6.76132641 4.82195943 1.36586200
1.73629485 6.76134073 4.82190844 1.36586282
1.73622117 6.76135499 4.82185768 1.36586364
1.73614783 6.76136918 4.82180716 1.36586445
1.73607483 6.76138330 4.82175686 1.36586526
1.73600216 6.76139736 4.82170680 1.36586605
1.73592984 6.76141135 4.82165698 1.36586684
1.73585785 6.76142528 4.82160738 1.36586762
1.73578619 6.76143914 4.82155801 1.36586840
1.73571486 6.76145294 4.82150886 1.36586917
1.73564386 6.76146668 4.82145995 1.36586993
1.73557320 6.76148036 4.82141126 1.36587068
1.73550285 6.76149397 4.82136279 1.36587143
1.73543284 6.76150752 4.82131455 1.36587217
1.73536315 6.76152101 4.82126653 1.36587290
1.73529378 6.76153443 4.82121873 1.36587362
1.73522473 6.76154779 4.82117115 1.36587434
1.73515600 6.76156109 4.82112379 1.36587506
1.73508759 6.76157433 4.82107665 1.36587576
1.73501950 6.76158751 4.82102973 1.36587646
1.73495172 6.76160063 4.82098302 1.36587716
1.73488425 6.76161369 4.82093653 1.36587784
1.73481710 6.76162669 4.82089025 1.36587852
1.73475026 6.76163963 4.82084419 1.36587920
1.73468373 6.76165251 4.82079834 1.36587986
1.73461751 6.76166533 4.82075270 1.36588053
1.73455159 6.76167809 4.82070727 1.36588118
1.73448598 6.76169079 4.82066205 1.36588183
1.73442067 6.76170343 4.82061704 1.36588248
1.73435567 6.76171602 4.82057224 1.36588311
1.73429096 6.76172854 4.82052764 1.36588374
1.73422656 6.76174101 4.82048325 1.36588437
1.73416245 6.76175342 4.82043907 1.36588499
1.73409864 6.76176578 4.82039509 1.36588561
1.73403513 6.76177808 4.82035131 1.36588621
1.73397191 6.76179032 4.82030773 1.36588682
1.73390898 6.76180250 4.82026436 1.36588741
1.73384635 6.76181463 4.82022118 1.36588801
1.73378401 6.76182670 4.82017821 1.36588859
1.73372195 6.76183872 4.82013543 1.36588917
1.73366018 6.76185068 4.82009285 1.36588975
1.73359870 6.76186259 4.82005047 1.36589032
1.73353751 6.76187444 4.82000828 1.36589089
1.73347659 6.76188624 4.81996629 1.36589145
1.73341596 6.76189798 4.81992450 1.36589200
1.73335561 6.76190967 4.81988289 1.36589255
1.73329554 6.76192130 4.81984148 1.36589309
1.73323575 6.76193288 4.81980026 1.36589363
1.73317624 6.76194441 4.81975923 1.36589417
1.73311700 6.76195588 4.81971839 1.36589470
1.73305804 6.76196731 4.81967774 1.36589522
1.73299935 6.76197867 4.81963727 1.36589574
1.73294093 6.76198999 4.81959700 1.36589626
1.73288279 6.76200125 4.81955691 1.36589677
1.73282491 6.76201247 4.81951700 1.36589727
1.73276730 6.76202363 4.81947728 1.36589778
1.73270996 6.76203473 4.81943774 1.36589827
1.73265289 6.76204579 4.81939839 1.36589876
1.73259608 6.76205680 4.81935922 1.36589925
1.73253953 6.76206775 4.81932022 1.36589973
1.73248324 6.76207866 4.81928141 1.36590021
1.73242722 6.76208951 4.81924278 1.36590069
1.73237146 6.76210032 4.81920433 1.36590115
1.73231595 6.76211107 4.81916606 1.36590162
1.73226071 6.76212178 4.81912796 1.36590208
1.73220572 6.76213243 4.81909004 1.36590254
1.73215098 6.76214304 4.81905229 1.36590299
1.73209650 6.76215359 4.81901472 1.36590344
1.73204227 6.76216410 4.81897732 1.36590388
1.73198829 6.76217456 4.81894010 1.36590432
1.73193457 6.76218497 4.81890305 1.36590476
1.73188109 6.76219534 4.81886617 1.36590519
1.73182786 6.76220565 4.81882946 1.36590562
1.73177488 6.76221592 4.81879292 1.36590604
1.73172214 6.76222614 4.81875654 1.36590646
1.73166965 6.76223632 4.81872034 1.36590688
1.73161741 6.76224644 4.81868431 1.36590729
1.73156540 6.76225652 4.81864844 1.36590770
1.73151364 6.76226655 4.81861274 1.36590810
1.73146211 6.76227654 4.81857720 1.36590850
1.73141083 6.76228648 4.81854183 1.36590890
1.73135979 6.76229637 4.81850662 1.36590929
1.73130898 6.76230622 4.81847158 1.36590968
1.73125841 6.76231603 4.81843669 1.36591007
1.73120807 6.76232578 4.81840197 1.36591045
1.73115796 6.76233550 4.81836741 1.36591083
1.73110809 6.76234516 4.81833301 1.36591121
1.73105845 6.76235479 4.81829877 1.36591158
1.73100905 6.76236436 4.81826469 1.36591195
1.73095987 6.76237390 4.81823076 1.36591231
1.73091092 6.76238339 4.81819699 1.36591267
1.73086219 6.76239284 4.81816338 1.36591303
1.73081370 6.76240224 4.81812993 1.36591339
1.73076542 6.76241160 4.81809663 1.36591374
1.73071738 6.76242091 4.81806348 1.36591409
1.73066955 6.76243018 4.81803049 1.36591443
1.73062195 6.76243941 4.81799765 1.36591477
1.73057457 6.76244860 4.81796496 1.36591511
1.73052741 6.76245774 4.81793243 1.36591545
1.73048047 6.76246685 4.81790004 1.36591578
1.73043375 6.76247591 4.81786781 1.36591611
1.73038724 6.76248492 4.81783572 1.36591644
1.73034095 6.76249390 4.81780379 1.36591676
1.73029488 6.76250283 4.81777200 1.36591708
1.73024901 6.76251173 4.81774036 1.36591740
1.73020337 6.76252058 4.81770886 1.36591771
1.73015793 6.76252939 4.81767751 1.36591803
1.73011271 6.76253816 4.81764631 1.36591834
1.73006770 6.76254689 4.81761525 1.36591864
1.73002289 6.76255558 4.81758434 1.36591894
1.72997830 6.76256423 4.81755357 1.36591924
1.72993391 6.76257284 4.81752294 1.36591954
1.72988972 6.76258141 4.81749245 1.36591984
1.72984575 6.76258994 4.81746211 1.36592013
1.72980198 6.76259843 4.81743191 1.36592042
1.72975841 6.76260688 4.81740184 1.36592070
1.72971504 6.76261529 4.81737192 1.36592099
1.72967188 6.76262366 4.81734213 1.36592127
1.72962891 6.76263199 4.81731248 1.36592155
1.72958615 6.76264029 4.81728298 1.36592183
1.72954358 6.76264854 4.81725360 1.36592210
1.72950122 6.76265676 4.81722437 1.36592237
1.72945905 6.76266494 4.81719527 1.36592264
1.72941707 6.76267308 4.81716630 1.36592290
1.72937530 6.76268119 4.81713747 1.36592317
1.72933371 6.76268926 4.81710877 1.36592343
1.72929232 6.76269729 4.81708021 1.36592369
1.72925112 6.76270528 4.81705178 1.36592394
1.72921012 6.76271323 4.81702348 1.36592420
1.72916930 6.76272115 4.81699531 1.36592445
1.72912868 6.76272903 4.81696727 1.36592470
1.72908824 6.76273688 4.81693936 1.36592495
1.72904799 6.76274469 4.81691159 1.36592519
1.72900793 6.76275246 4.81688394 1.36592543
1.72896806 6.76276019 4.81685642 1.36592567
1.72892837 6.76276790 4.81682902 1.36592591
1.72888886 6.76277556 4.81680176 1.36592615
1.72884954 6.76278319 4.81677462 1.36592638
1.72881040 6.76279078 4.81674761 1.36592661
1.72877145 6.76279834 4.81672072 1.36592684
1.72873268 6.76280586 4.81669396 1.36592707
1.72869408 6.76281335 4.81666732 1.36592729
1.72865567 6.76282081 4.81664081 1.36592752
1.72861743 6.76282823 4.81661441 1.36592774
1.72857938 6.76283561 4.81658815 1.36592796
1.72854150 6.76284296 4.81656200 1.36592817
1.72850379 6.76285028 4.81653597 1.36592839
1.72846627 6.76285756 4.81651007 1.36592860
1.72842891 6.76286481 4.81648429 1.36592881
1.72839173 6.76287202 4.81645862 1.36592902
1.72835473 6.76287921 4.81643308 1.36592923
1.72831789 6.76288635 4.81640765 1.36592943
1.72828123 6.76289347 4.81638234 1.36592963
1.72824474 6.76290055 4.81635715 1.36592984
1.72820842 6.76290760 4.81633208 1.36593004
1.72817227 6.76291462 4.81630712 1.36593023
1.72813628 6.76292160 4.81628228 1.36593043
1.72810047 6.76292855 4.81625756 1.36593062
1.72806482 6.76293547 4.81623295 1.36593081
1.72802933 6.76294236 4.81620845 1.36593100
1.72799401 6.76294921 4.81618407 1.36593119
1.72795886 6.76295604 4.81615980 1.36593138
1.72792387 6.76296283 4.81613565 1.36593156
1.72788904 6.76296959 4.81611160 1.36593175
1.72785438 6.76297632 4.81608767 1.36593193
1.72781987 6.76298301 4.81606385 1.36593211
1.72778553 6.76298968 4.81604014 1.36593229
1.72775135 6.76299631 4.81601654 1.36593246
1.72771733 6.76300292 4.81599305 1.36593264
1.72768346 6.76300949 4.81596967 1.36593281
1.72764975 6.76301604 4.81594640 1.36593298
1.72761621 6.76302255 4.81592324 1.36593315
1.72758281 6.76302903 4.81590018 1.36593332
1.72754957 6.76303548 4.81587723 1.36593349
1.72751649 6.76304190 4.81585439 1.36593365
1.72748356 6.76304830 4.81583166 1.36593382
1.72745079 6.76305466 4.81580903 1.36593398
1.72741816 6.76306099 4.81578650 1.36593414
1.72738569 6.76306730 4.81576408 1.36593430
1.72735337 6.76307357 4.81574177 1.36593446
1.72732121 6.76307982 4.81571956 1.36593461
1.72728919 6.76308603 4.81569745 1.36593477
1.72725732 6.76309222 4.81567544 1.36593492
1.72722560 6.76309838 4.81565354 1.36593508
1.72719402 6.76310451 4.81563174 1.36593523
1.72716260 6.76311061 4.81561004 1.36593538
1.72713132 6.76311668 4.81558844 1.36593552
1.72710018 6.76312273 4.81556694 1.36593567
1.72706920 6.76312875 4.81554555 1.36593581
1.72703835 6.76313473 4.81552425 1.36593596
1.72700765 6.76314069 4.81550305 1.36593610
1.72697710 6.76314663 4.81548195 1.36593624
1.72694668 6.76315253 4.81546095 1.36593638
1.72691641 6.76315841 4.81544004 1.36593652
1.72688628 6.76316426 4.81541923 1.36593666
1.72685629 6.76317009 4.81539852 1.36593679
1.72682643 6.76317588 4.81537791 1.36593693
1.72679672 6.76318165 4.81535739 1.36593706
1.72676715 6.76318739 4.81533697 1.36593719
1.72673771 6.76319311 4.81531664 1.36593732
1.72670842 6.76319880 4.81529641 1.36593745
1.72667925 6.76320446 4.81527627 1.36593758
1.72665023 6.76321010 4.81525623 1.36593771
1.72662134 6.76321571 4.81523627 1.36593784
1.72659258 6.76322129 4.81521642 1.36593796
1.72656396 6.76322685 4.81519665 1.36593808
1.72653547 6.76323238 4.81517698 1.36593821
1.72650712 6.76323789 4.81515739 1.36593833
1.72647890 6.76324337 4.81513790 1.36593845
1.72645080 6.76324883 4.81511850 1.36593857
1.72642284 6.76325426 4.81509919 1.36593869
1.72639502 6.76325966 4.81507997 1.36593880
1.72636732 6.76326504 4.81506084 1.36593892
1.72633975 6.76327040 4.81504180 1.36593903
1.72631230 6.76327573 4.81502285 1.36593915
1.72628499 6.76328103 4.81500398 1.36593926
1.72625780 6.76328631 4.81498521 1.36593937
1.72623074 6.76329157 4.81496652 1.36593948
1.72620381 6.76329680 4.81494791 1.36593959
1.72617700 6.76330201 4.81492940 1.36593970
1.72615032 6.76330719 4.81491097 1.36593981
1.72612376 6.76331235 4.81489263 1.36593992
1.72609733 6.76331748 4.81487437 1.36594002
1.72607102 6.76332259 4.81485620 1.36594013
1.72604483 6.76332768 4.81483811 1.36594023
1.72601876 6.76333274 4.81482011 1.36594033
1.72599282 6.76333778 4.81480219 1.36594043
1.72596700 6.76334280 4.81478435 1.36594053
1.72594129 6.76334779 4.81476660 1.36594063
1.72591571 6.76335276 4.81474893 1.36594073
1.72589025 6.76335771 4.81473134 1.36594083
1.72586490 6.76336263 4.81471383 1.36594093
1.72583968 6.76336753 4.81469641 1.36594102
1.72581457 6.76337241 4.81467906 1.36594112
1.72578958 6.76337726 4.81466180 1.36594121
1.72576470 6.76338209 4.81464462 1.36594131
1.72573995 6.76338690 4.81462752 1.36594140
1.72571530 6.76339169 4.81461049 1.36594149
1.72569078 6.76339645 4.81459355 1.36594158
1.72566636 6.76340120 4.81457669 1.36594167
1.72564206 6.76340592 4.81455990 1.36594176
1.72561788 6.76341062 4.81454320 1.36594185
1.72559381 6.76341529 4.81452657 1.36594194
1.72556984 6.76341995 4.81451002 1.36594203
1.72554600 6.76342458 4.81449354 1.36594211
1.72552226 6.76342919 4.81447714 1.36594220
1.72549863 6.76343378 4.81446082 1.36594228
1.72547512 6.76343835 4.81444458 1.36594236
1.72545171 6.76344290 4.81442841 1.36594245
1.72542841 6.76344743 4.81441231 1.36594253
1.72540523 6.76345193 4.81439630 1.36594261
1.72538215 6.76345641 4.81438035 1.36594269
1.72535917 6.76346088 4.81436448 1.36594277
1.72533631 6.76346532 4.81434869 1.36594285
1.72531355 6.76346974 4.81433296 1.36594293
1.72529090 6.76347414 4.81431732 1.36594301
1.72526835 6.76347852 4.81430174 1.36594308
1.72524591 6.76348288 4.81428624 1.36594316
1.72522358 6.76348722 4.81427081 1.36594323
1.72520134 6.76349154 4.81425545 1.36594331
1.72517922 6.76349584 4.81424016 1.36594338
1.72515719 6.76350012 4.81422494 1.36594346
1.72513527 6.76350438 4.81420980 1.36594353
1.72511345 6.76350862 4.81419473 1.36594360
1.72509173 6.76351284 4.81417972 1.36594367
1.72507012 6.76351704 4.81416479 1.36594374
1.72504860 6.76352122 4.81414992 1.36594381
1.72502719 6.76352538 4.81413513 1.36594388
1.72500588 6.76352953 4.81412040 1.36594395
1.72498466 6.76353365 4.81410575 1.36594402
1.72496354 6.76353775 4.81409116 1.36594409
1.72494253 6.76354184 4.81407664 1.36594415
1.72492161 6.76354590 4.81406218 1.36594422
1.72490079 6.76354995 4.81404780 1.36594428
1.72488006 6.76355397 4.81403348 1.36594435
1.72485944 6.76355798 4.81401923 1.36594441
1.72483891 6.76356197 4.81400504 1.36594448
1.72481847 6.76356594 4.81399093 1.36594454
1.72479813 6.76356990 4.81397687 1.36594460
1.72477789 6.76357383 4.81396288 1.36594466
1.72475774 6.76357775 4.81394896 1.36594473
1.72473768 6.76358164 4.81393511 1.36594479
1.72471772 6.76358552 4.81392131 1.36594485
1.72469785 6.76358938 4.81390759 1.36594491
1.72467808 6.76359323 4.81389392 1.36594497
1.72465840 6.76359705 4.81388032 1.36594502
1.72463880 6.76360086 4.81386678 1.36594508
1.72461930 6.76360465 4.81385331 1.36594514
1.72459990 6.76360842 4.81383990 1.36594520
1.72458058 6.76361218 4.81382655 1.36594525
1.72456135 6.76361591 4.81381327 1.36594531
1.72454221 6.76361963 4.81380004 1.36594536
1.72452317 6.76362333 4.81378688 1.36594542
1.72450421 6.76362702 4.81377378 1.36594547
1.72448534 6.76363069 4.81376074 1.36594553
1.72446655 6.76363434 4.81374776 1.36594558
1.72444786 6.76363797 4.81373485 1.36594563
1.72442925 6.76364159 4.81372199 1.36594569
1.72441073 6.76364519 4.81370919 1.36594574
1.72439230 6.76364877 4.81369645 1.36594579
1.72437395 6.76365234 4.81368378 1.36594584
1.72435569 6.76365588 4.81367116 1.36594589
1.72433751 6.76365942 4.81365860 1.36594594
1.72431942 6.76366293 4.81364610 1.36594599
1.72430141 6.76366643 4.81363365 1.36594604
1.72428349 6.76366992 4.81362127 1.36594609
1.72426565 6.76367339 4.81360894 1.36594614
1.72424790 6.76367684 4.81359667 1.36594618
1.72423022 6.76368027 4.81358446 1.36594623
1.72421263 6.76368369 4.81357230 1.36594628
1.72419513 6.76368709 4.81356020 1.36594632
1.72417770 6.76369048 4.81354816 1.36594637
1.72416036 6.76369385 4.81353618 1.36594642
1.72414309 6.76369721 4.81352425 1.36594646
1.72412591 6.76370055 4.81351237 1.36594650
1.72410881 6.76370387 4.81350056 1.36594655
1.72409179 6.76370718 4.81348879 1.36594659
1.72407484 6.76371047 4.81347708 1.36594664
1.72405798 6.76371375 4.81346543 1.36594668
1.72404120 6.76371702 4.81345383 1.36594672
1.72402449 6.76372026 4.81344229 1.36594676
1.72400786 6.76372350 4.81343079 1.36594681
1.72399131 6.76372671 4.81341936 1.36594685
1.72397484 6.76372991 4.81340797 1.36594689
1.72395844 6.76373310 4.81339664 1.36594693
1.72394212 6.76373627 4.81338536 1.36594697
1.72392588 6.76373943 4.81337414 1.36594701
1.72390972 6.76374257 4.81336297 1.36594705
1.72389362 6.76374570 4.81335185 1.36594709
1.72387761 6.76374882 4.81334078 1.36594713
1.72386167 6.76375192 4.81332976 1.36594716
1.72384580 6.76375500 4.81331880 1.36594720
1.72383001 6.76375807 4.81330788 1.36594724
1.72381429 6.76376113 4.81329702 1.36594728
1.72379865 6.76376417 4.81328621 1.36594732
1.72378307 6.76376719 4.81327544 1.36594735
1.72376757 6.76377021 4.81326473 1.36594739
1.72375215 6.76377321 4.81325407 1.36594742
1.72373679 6.76377619 4.81324346 1.36594746
1.72372151 6.76377916 4.81323290 1.36594749
1.72370630 6.76378212 4.81322238 1.36594753
1.72369116 6.76378506 4.81321192 1.36594756
1.72367609 6.76378799 4.81320151 1.36594760
1.72366109 6.76379091 4.81319114 1.36594763
1.72364616 6.76379381 4.81318082 1.36594767
1.72363131 6.76379670 4.81317055 1.36594770
1.72361652 6.76379958 4.81316033 1.36594773
1.72360180 6.76380244 4.81315016 1.36594777
1.72358715 6.76380529 4.81314003 1.36594780
1.72357256 6.76380812 4.81312995 1.36594783
1.72355805 6.76381094 4.81311992 1.36594786
1.72354360 6.76381375 4.81310994 1.36594789
1.72352922 6.76381655 4.81310000 1.36594793
1.72351491 6.76381933 4.81309011 1.36594796
1.72350067 6.76382210 4.81308026 1.36594799
1.72348649 6.76382486 4.81307046 1.36594802
1.72347238 6.76382760 4.81306071 1.36594805
1.72345833 6.76383033 4.81305100 1.36594808
1.72344435 6.76383305 4.81304134 1.36594811
1.72343044 6.76383575 4.81303172 1.36594814
1.72341659 6.76383845 4.81302215 1.36594816
1.72340281 6.76384113 4.81301262 1.36594819
1.72338909 6.76384380 4.81300314 1.36594822
1.72337543 6.76384645 4.81299370 1.36594825
1.72336184 6.76384909 4.81298431 1.36594828
1.72334831 6.76385172 4.81297496 1.36594831
1.72333485 6.76385434 4.81296565 1.36594833
1.72332144 6.76385695 4.81295639 1.36594836
1.72330810 6.76385954 4.81294717 1.36594839
1.72329483 6.76386212 4.81293799 1.36594841
1.72328161 6.76386469 4.81292885 1.36594844
1.72326846 6.76386725 4.81291976 1.36594847
1.72325537 6.76386980 4.81291071 1.36594849
1.72324234 6.76387233 4.81290171 1.36594852
1.72322937 6.76387485 4.81289274 1.36594854
1.72321646 6.76387736 4.81288382 1.36594857
1.72320361 6.76387986 4.81287494 1.36594859
1.72319083 6.76388235 4.81286610 1.36594862
1.72317810 6.76388482 4.81285730 1.36594864
1.72316543 6.76388729 4.81284855 1.36594867
1.72315282 6.76388974 4.81283983 1.36594869
1.72314027 6.76389218 4.81283116 1.36594872
1.72312778 6.76389461 4.81282252 1.36594874
1.72311535 6.76389702 4.81281393 1.36594876
1.72310297 6.76389943 4.81280537 1.36594879
1.72309065 6.76390183 4.81279686 1.36594881
1.72307839 6.76390421 4.81278839 1.36594883
1.72306619 6.76390658 4.81277995 1.36594885
1.72305405 6.76390894 4.81277156 1.36594888
1.72304196 6.76391130 4.81276320 1.36594890
1.72302993 6.76391364 4.81275488 1.36594892
1.72301795 6.76391596 4.81274661 1.36594894
1.72300603 6.76391828 4.81273837 1.36594896
1.72299417 6.76392059 4.81273017 1.36594898
1.72298236 6.76392288 4.81272200 1.36594901
1.72297061 6.76392517 4.81271388 1.36594903
1.72295891 6.76392745 4.81270579 1.36594905
1.72294727 6.76392971 4.81269775 1.36594907
1.72293568 6.76393196 4.81268974 1.36594909
1.72292415 6.76393421 4.81268176 1.36594911
1.72291267 6.76393644 4.81267383 1.36594913
1.72290124 6.76393866 4.81266593 1.36594915
1.72288987 6.76394087 4.81265807 1.36594917
1.72287855 6.76394307 4.81265024 1.36594919
1.72286729 6.76394526 4.81264245 1.36594921
1.72285607 6.76394745 4.81263470 1.36594922
1.72284491 6.76394962 4.81262699 1.36594924
1.72283380 6.76395178 4.81261931 1.36594926
1.72282275 6.76395393 4.81261166 1.36594928
1.72281174 6.76395607 4.81260406 1.36594930
1.72280079 6.76395820 4.81259648 1.36594932
1.72278988 6.76396032 4.81258895 1.36594933
1.72277903 6.76396243 4.81258145 1.36594935
1.72276823 6.76396453 4.81257398 1.36594937
1.72275748 6.76396662 4.81256655 1.36594939
1.72274678 6.76396870 4.81255915 1.36594941
1.72273613 6.76397077 4.81255179 1.36594942
1.72272553 6.76397283 4.81254446 1.36594944
1.72271498 6.76397488 4.81253717 1.36594946
1.72270448 6.76397693 4.81252991 1.36594947
1.72269403 6.76397896 4.81252268 1.36594949
1.72268363 6.76398098 4.81251549 1.36594951
1.72267328 6.76398300 4.81250834 1.36594952
1.72266297 6.76398500 4.81250121 1.36594954
1.72265271 6.76398700 4.81249412 1.36594955
1.72264251 6.76398898 4.81248706 1.36594957
1.72263234 6.76399096 4.81248004 1.36594959
1.72262223 6.76399292 4.81247305 1.36594960
1.72261216 6.76399488 4.81246609 1.36594962
1.72260215 6.76399683 4.81245916 1.36594963
1.72259217 6.76399877 4.81245227 1.36594965
1.72258225 6.76400070 4.81244540 1.36594966
1.72257237 6.76400262 4.81243857 1.36594968
1.72256254 6.76400454 4.81243178 1.36594969
1.72255275 6.76400644 4.81242501 1.36594970
1.72254301 6.76400833 4.81241828 1.36594972
1.72253331 6.76401022 4.81241157 1.36594973
1.72252366 6.76401210 4.81240490 1.36594975
1.72251406 6.76401396 4.81239826 1.36594976
1.72250450 6.76401582 4.81239165 1.36594978
1.72249498 6.76401767 4.81238508 1.36594979
1.72248551 6.76401952 4.81237853 1.36594980
1.72247609 6.76402135 4.81237201 1.36594982
1.72246671 6.76402317 4.81236553 1.36594983
1.72245737 6.76402499 4.81235907 1.36594984
1.72244807 6.76402680 4.81235264 1.36594986
1.72243882 6.76402860 4.81234625 1.36594987
1.72242962 6.76403039 4.81233988 1.36594988
1.72242045 6.76403217 4.81233355 1.36594989
1.72241133 6.76403395 4.81232724 1.36594991
1.72240225 6.76403571 4.81232096 1.36594992
1.72239322 6.76403747 4.81231472 1.36594993
1.72238422 6.76403922 4.81230850 1.36594994
1.72237527 6.76404096 4.81230231 1.36594996
1.72236636 6.76404269 4.81229615 1.36594997
1.72235749 6.76404442 4.81229002 1.36594998
1.72234867 6.76404614 4.81228392 1.36594999
1.72233988 6.76404784 4.81227784 1.36595000
1.72233114 6.76404954 4.81227180 1.36595001
1.72232244 6.76405124 4.81226578 1.36595003
1.72231377 6.76405292 4.81225979 1.36595004
1.72230515 6.76405460 4.81225383 1.36595005
1.72229657 6.76405627 4.81224790 1.36595006
1.72228803 6.76405793 4.81224199 1.36595007
1.72227953 6.76405958 4.81223612 1.36595008
1.72227107 6.76406123 4.81223027 1.36595009
1.72226265 6.76406287 4.81222444 1.36595010
1.72225426 6.76406450 4.81221865 1.36595011
1.72224592 6.76406612 4.81221288 1.36595012
1.72223762 6.76406774 4.81220714 1.36595014
1.72222935 6.76406934 4.81220142 1.36595015
1.72222113 6.76407094 4.81219574 1.36595016
1.72221294 6.76407254 4.81219008 1.36595017
1.72220479 6.76407412 4.81218444 1.36595018
