8.96801232 5.83320047 0.40218221 0.01002433
8.96793075 5.83324806 0.40242108 0.01003093
8.96784908 5.83329553 0.40266018 0.01003754
8.96776732 5.83334290 0.40289950 0.01004416
8.96768547 5.83339014 0.40313905 0.01005080
8.96760353 5.83343728 0.40337882 0.01005744
8.96752149 5.83348430 0.40361882 0.01006410
8.96743937 5.83353120 0.40385904 0.01007077
8.96735715 5.83357799 0.40409948 0.01007745
8.96727484 5.83362467 0.40434016 0.01008414
8.96719243 5.83367123 0.40458106 0.01009084
8.96710993 5.83371767 0.40482218 0.01009755
8.96702734 5.83376399 0.40506354 0.01010428
8.96694466 5.83381020 0.40530512 0.01011101
8.96686188 5.83385629 0.40554694 0.01011776
8.96677901 5.83390227 0.40578898 0.01012452
8.96669605 5.83394812 0.40603125 0.01013129
8.96661299 5.83399386 0.40627375 0.01013808
8.96652983 5.83403948 0.40651649 0.01014487
8.96644658 5.83408498 0.40675945 0.01015168
8.96636324 5.83413036 0.40700265 0.01015849
8.96627980 5.83417562 0.40724608 0.01016532
8.96619627 5.83422076 0.40748974 0.01017217
8.96611264 5.83426578 0.40773364 0.01017902
8.96602891 5.83431068 0.40797777 0.01018588
8.96594509 5.83435545 0.40822213 0.01019276
8.96586117 5.83440011 0.40846673 0.01019965
8.96577715 5.83444464 0.40871157 0.01020655
8.96569304 5.83448905 0.40895664 0.01021347
8.96560883 5.83453334 0.40920195 0.01022039
8.96552453 5.83457750 0.40944750 0.01022733
8.96544013 5.83462154 0.40969328 0.01023428
8.96535563 5.83466546 0.40993931 0.01024124
8.96527103 5.83470925 0.41018557 0.01024822
8.96518633 5.83475292 0.41043207 0.01025521
8.96510154 5.83479646 0.41067881 0.01026221
8.96501664 5.83483988 0.41092579 0.01026922
8.96493165 5.83488317 0.41117301 0.01027624
8.96484656 5.83492633 0.41142048 0.01028328
8.96476137 5.83496937 0.41166818 0.01029033
8.96467608 5.83501228 0.41191613 0.01029739
8.96459069 5.83505507 0.41216433 0.01030447
8.96450520 5.83509772 0.41241276 0.01031156
8.96441961 5.83514025 0.41266144 0.01031866
8.96433392 5.83518265 0.41291037 0.01032577
8.96424813 5.83522492 0.41315954 0.01033290
8.96416224 5.83526706 0.41340896 0.01034004
8.96407625 5.83530907 0.41365862 0.01034719
8.96399015 5.83535095 0.41390853 0.01035436
8.96390396 5.83539270 0.41415869 0.01036153
8.96381766 5.83543431 0.41440910 0.01036873
8.96373126 5.83547580 0.41465975 0.01037593
8.96364476 5.83551715 0.41491066 0.01038315
8.96355815 5.83555838 0.41516182 0.01039038
8.96347145 5.83559947 0.41541322 0.01039762
8.96338464 5.83564042 0.41566488 0.01040488
8.96329772 5.83568125 0.41591679 0.01041215
8.96321071 5.83572194 0.41616895 0.01041944
8.96312359 5.83576249 0.41642137 0.01042674
8.96303636 5.83580291 0.41667404 0.01043405
8.96294903 5.83584320 0.41692696 0.01044137
8.96286160 5.83588335 0.41718014 0.01044871
8.96277406 5.83592336 0.41743357 0.01045606
8.96268642 5.83596324 0.41768726 0.01046343
8.96259867 5.83600298 0.41794120 0.01047081
8.96251082 5.83604258 0.41819541 0.01047821
8.96242286 5.83608204 0.41844987 0.01048561
8.96233479 5.83612137 0.41870459 0.01049304
8.96224662 5.83616056 0.41895956 0.01050047
8.96215834 5.83619961 0.41921480 0.01050792
8.96206995 5.83623852 0.41947030 0.01051538
8.96198146 5.83627729 0.41972606 0.01052286
8.96189286 5.83631592 0.41998208 0.01053036
8.96180416 5.83635441 0.42023836 0.01053786
8.96171534 5.83639276 0.42049490 0.01054538
8.96162642 5.83643097 0.42075171 0.01055292
8.96153739 5.83646903 0.42100878 0.01056047
8.96144825 5.83650695 0.42126612 0.01056803
8.96135900 5.83654473 0.42152372 0.01057561
8.96126964 5.83658237 0.42178159 0.01058320
8.96118017 5.83661986 0.42203972 0.01059081
8.96109059 5.83665721 0.42229813 0.01059844
8.96100091 5.83669441 0.42255679 0.01060607
8.96091111 5.83673147 0.42281573 0.01061373
8.96082120 5.83676839 0.42307494 0.01062139
8.96073118 5.83680515 0.42333441 0.01062907
8.96064105 5.83684177 0.42359416 0.01063677
8.96055081 5.83687825 0.42385418 0.01064448
8.96046046 5.83691458 0.42411446 0.01065221
8.96037000 5.83695075 0.42437503 0.01065995
8.96027942 5.83698678 0.42463586 0.01066771
8.96018873 5.83702267 0.42489697 0.01067548
8.96009793 5.83705840 0.42515835 0.01068327
8.96000702 5.83709398 0.42542001 0.01069107
8.95991599 5.83712942 0.42568194 0.01069889
8.95982485 5.83716470 0.42594415 0.01070673
8.95973359 5.83719983 0.42620663 0.01071458
8.95964223 5.83723481 0.42646939 0.01072244
8.95955074 5.83726964 0.42673243 0.01073032
8.95945915 5.83730432 0.42699575 0.01073822
8.95936743 5.83733884 0.42725935 0.01074613
8.95927561 5.83737321 0.42752323 0.01075406
8.95918366 5.83740743 0.42778739 0.01076201
8.95909160 5.83744149 0.42805184 0.01076997
8.95899943 5.83747540 0.42831656 0.01077794
8.95890714 5.83750915 0.42858157 0.01078594
8.95881473 5.83754274 0.42884686 0.01079395
8.95872220 5.83757618 0.42911244 0.01080197
8.95862956 5.83760947 0.42937830 0.01081001
8.95853680 5.83764259 0.42964444 0.01081807
8.95844393 5.83767556 0.42991088 0.01082614
8.95835093 5.83770837 0.43017760 0.01083423
8.95825782 5.83774103 0.43044461 0.01084234
8.95816459 5.83777352 0.43071190 0.01085046
8.95807123 5.83780585 0.43097949 0.01085861
8.95797776 5.83783803 0.43124737 0.01086676
8.95788417 5.83787004 0.43151553 0.01087494
8.95779046 5.83790189 0.43178399 0.01088313
8.95769663 5.83793358 0.43205274 0.01089133
8.95760268 5.83796511 0.43232179 0.01089956
8.95750861 5.83799647 0.43259113 0.01090780
8.95741442 5.83802768 0.43286076 0.01091606
8.95732011 5.83805871 0.43313068 0.01092434
8.95722567 5.83808959 0.43340091 0.01093263
8.95713111 5.83812030 0.43367143 0.01094094
8.95703643 5.83815085 0.43394225 0.01094927
8.95694163 5.83818123 0.43421336 0.01095762
8.95684671 5.83821144 0.43448477 0.01096598
8.95675166 5.83824149 0.43475649 0.01097436
8.95665648 5.83827137 0.43502850 0.01098276
8.95656119 5.83830108 0.43530082 0.01099117
8.95646577 5.83833062 0.43557344 0.01099961
8.95637022 5.83836000 0.43584636 0.01100806
8.95627455 5.83838920 0.43611958 0.01101653
8.95617876 5.83841824 0.43639311 0.01102502
8.95608284 5.83844711 0.43666694 0.01103353
8.95598679 5.83847580 0.43694108 0.01104205
8.95589062 5.83850433 0.43721552 0.01105059
8.95579432 5.83853268 0.43749028 0.01105915
8.95569790 5.83856086 0.43776534 0.01106773
8.95560135 5.83858886 0.43804071 0.01107633
8.95550467 5.83861670 0.43831638 0.01108495
8.95540786 5.83864436 0.43859237 0.01109358
8.95531092 5.83867184 0.43886867 0.01110224
8.95521386 5.83869915 0.43914529 0.01111091
8.95511667 5.83872629 0.43942221 0.01111960
8.95501935 5.83875325 0.43969945 0.01112831
8.95492190 5.83878003 0.43997700 0.01113704
8.95482432 5.83880663 0.44025487 0.01114579
8.95472661 5.83883306 0.44053306 0.01115456
8.95462876 5.83885931 0.44081156 0.01116335
8.95453079 5.83888538 0.44109038 0.01117215
8.95443269 5.83891127 0.44136952 0.01118098
8.95433446 5.83893698 0.44164897 0.01118983
8.95423609 5.83896251 0.44192875 0.01119869
8.95413759 5.83898786 0.44220885 0.01120758
8.95403896 5.83901302 0.44248927 0.01121648
8.95394020 5.83903801 0.44277001 0.01122541
8.95384130 5.83906281 0.44305108 0.01123435
8.95374227 5.83908743 0.44333247 0.01124331
8.95364311 5.83911186 0.44361419 0.01125230
8.95354381 5.83913611 0.44389623 0.01126130
8.95344438 5.83916018 0.44417860 0.01127033
8.95334481 5.83918406 0.44446129 0.01127937
8.95324511 5.83920775 0.44474432 0.01128844
8.95314527 5.83923126 0.44502767 0.01129753
8.95304529 5.83925458 0.44531136 0.01130663
8.95294518 5.83927771 0.44559538 0.01131576
8.95284493 5.83930065 0.44587972 0.01132491
8.95274455 5.83932340 0.44616440 0.01133408
8.95264403 5.83934597 0.44644942 0.01134327
8.95254337 5.83936834 0.44673477 0.01135248
8.95244257 5.83939052 0.44702046 0.01136171
8.95234163 5.83941251 0.44730648 0.01137096
8.95224056 5.83943431 0.44759284 0.01138024
8.95213935 5.83945592 0.44787953 0.01138953
8.95203799 5.83947733 0.44816657 0.01139885
8.95193650 5.83949855 0.44845395 0.01140819
8.95183486 5.83951957 0.44874167 0.01141755
8.95173309 5.83954040 0.44902972 0.01142693
8.95163117 5.83956104 0.44931813 0.01143634
8.95152911 5.83958147 0.44960687 0.01144576
8.95142691 5.83960171 0.44989596 0.01145521
8.95132457 5.83962176 0.45018540 0.01146468
8.95122209 5.83964160 0.45047518 0.01147418
8.95111946 5.83966125 0.45076531 0.01148369
8.95101669 5.83968069 0.45105579 0.01149323
8.95091377 5.83969994 0.45134662 0.01150279
8.95081071 5.83971899 0.45163780 0.01151237
8.95070751 5.83973783 0.45192933 0.01152198
8.95060416 5.83975647 0.45222121 0.01153160
8.95050067 5.83977491 0.45251344 0.01154125
8.95039703 5.83979315 0.45280603 0.01155093
8.95029324 5.83981118 0.45309897 0.01156063
8.95018931 5.83982901 0.45339227 0.01157035
8.95008523 5.83984664 0.45368593 0.01158009
8.94998101 5.83986405 0.45397994 0.01158986
8.94987663 5.83988127 0.45427432 0.01159965
8.94977211 5.83989827 0.45456905 0.01160946
8.94966744 5.83991507 0.45486414 0.01161930
8.94956262 5.83993166 0.45515960 0.01162916
8.94945765 5.83994804 0.45545542 0.01163905
8.94935253 5.83996421 0.45575160 0.01164896
8.94924726 5.83998017 0.45604815 0.01165889
8.94914184 5.83999592 0.45634506 0.01166885
8.94903627 5.84001145 0.45664234 0.01167883
8.94893055 5.84002678 0.45693998 0.01168884
8.94882467 5.84004189 0.45723800 0.01169887
8.94871865 5.84005679 0.45753639 0.01170892
8.94861247 5.84007147 0.45783514 0.01171900
8.94850613 5.84008594 0.45813427 0.01172911
8.94839965 5.84010020 0.45843377 0.01173924
8.94829301 5.84011423 0.45873365 0.01174940
8.94818621 5.84012806 0.45903390 0.01175958
8.94807927 5.84014166 0.45933452 0.01176978
8.94797216 5.84015504 0.45963553 0.01178001
8.94786490 5.84016821 0.45993691 0.01179027
8.94775749 5.84018115 0.46023867 0.01180056
8.94764991 5.84019388 0.46054081 0.01181086
8.94754218 5.84020639 0.46084333 0.01182120
8.94743430 5.84021867 0.46114624 0.01183156
8.94732625 5.84023073 0.46144953 0.01184195
8.94721805 5.84024257 0.46175320 0.01185236
8.94710969 5.84025418 0.46205726 0.01186280
8.94700117 5.84026557 0.46236170 0.01187326
8.94689249 5.84027673 0.46266653 0.01188376
8.94678365 5.84028767 0.46297175 0.01189428
8.94667464 5.84029838 0.46327737 0.01190482
8.94656548 5.84030886 0.46358337 0.01191540
8.94645616 5.84031912 0.46388976 0.01192600
8.94634667 5.84032914 0.46419655 0.01193662
8.94623703 5.84033894 0.46450373 0.01194728
8.94612722 5.84034851 0.46481131 0.01195796
8.94601724 5.84035784 0.46511928 0.01196867
8.94590710 5.84036694 0.46542766 0.01197941
8.94579680 5.84037582 0.46573643 0.01199017
8.94568634 5.84038445 0.46604560 0.01200097
8.94557570 5.84039286 0.46635517 0.01201179
8.94546491 5.84040103 0.46666514 0.01202264
8.94535394 5.84040896 0.46697552 0.01203352
8.94524281 5.84041666 0.46728630 0.01204442
8.94513152 5.84042412 0.46759749 0.01205536
8.94502005 5.84043134 0.46790909 0.01206632
8.94490842 5.84043832 0.46822109 0.01207731
8.94479662 5.84044507 0.46853350 0.01208834
8.94468465 5.84045157 0.46884633 0.01209939
8.94457251 5.84045784 0.46915956 0.01211047
8.94446020 5.84046386 0.46947321 0.01212158
8.94434772 5.84046964 0.46978727 0.01213272
8.94423507 5.84047518 0.47010175 0.01214389
8.94412225 5.84048047 0.47041664 0.01215509
8.94400926 5.84048552 0.47073195 0.01216631
8.94389609 5.84049032 0.47104768 0.01217757
8.94378275 5.84049488 0.47136383 0.01218886
8.94366924 5.84049919 0.47168040 0.01220018
8.94355556 5.84050325 0.47199740 0.01221153
8.94344170 5.84050707 0.47231482 0.01222291
8.94332766 5.84051063 0.47263266 0.01223433
8.94321345 5.84051395 0.47295093 0.01224577
8.94309906 5.84051701 0.47326962 0.01225724
8.94298450 5.84051982 0.47358875 0.01226875
8.94286976 5.84052238 0.47390830 0.01228028
8.94275484 5.84052469 0.47422829 0.01229185
8.94263975 5.84052674 0.47454871 0.01230345
8.94252448 5.84052854 0.47486956 0.01231508
8.94240902 5.84053008 0.47519085 0.01232675
8.94229339 5.84053136 0.47551258 0.01233844
8.94217758 5.84053239 0.47583474 0.01235017
8.94206159 5.84053316 0.47615734 0.01236193
8.94194541 5.84053367 0.47648038 0.01237373
8.94182906 5.84053392 0.47680387 0.01238555
8.94171252 5.84053391 0.47712779 0.01239741
8.94159580 5.84053364 0.47745217 0.01240930
8.94147889 5.84053310 0.47777698 0.01242123
8.94136181 5.84053231 0.47810225 0.01243319
8.94124453 5.84053124 0.47842796 0.01244518
8.94112708 5.84052992 0.47875412 0.01245721
8.94100943 5.84052832 0.47908073 0.01246927
8.94089160 5.84052647 0.47940780 0.01248136
8.94077359 5.84052434 0.47973531 0.01249349
8.94065539 5.84052194 0.48006329 0.01250565
8.94053700 5.84051928 0.48039172 0.01251785
8.94041842 5.84051634 0.48072061 0.01253008
8.94029965 5.84051314 0.48104995 0.01254235
8.94018070 5.84050966 0.48137976 0.01255465
8.94006155 5.84050591 0.48171003 0.01256699
8.93994221 5.84050189 0.48204076 0.01257936
8.93982269 5.84049759 0.48237196 0.01259177
8.93970297 5.84049302 0.48270363 0.01260422
8.93958305 5.84048817 0.48303576 0.01261670
8.93946295 5.84048304 0.48336836 0.01262921
8.93934265 5.84047763 0.48370143 0.01264177
8.93922216 5.84047195 0.48403497 0.01265436
8.93910147 5.84046599 0.48436899 0.01266698
8.93898059 5.84045974 0.48470348 0.01267965
8.93885951 5.84045321 0.48503845 0.01269235
8.93873824 5.84044641 0.48537390 0.01270508
8.93861677 5.84043931 0.48570982 0.01271786
8.93849510 5.84043194 0.48604623 0.01273067
8.93837323 5.84042427 0.48638312 0.01274352
8.93825117 5.84041633 0.48672049 0.01275641
8.93812890 5.84040809 0.48705835 0.01276933
8.93800644 5.84039957 0.48739669 0.01278230
8.93788377 5.84039075 0.48773552 0.01279530
8.93776091 5.84038165 0.48807484 0.01280834
8.93763784 5.84037225 0.48841466 0.01282142
8.93751457 5.84036257 0.48875496 0.01283454
8.93739109 5.84035259 0.48909576 0.01284770
8.93726742 5.84034232 0.48943706 0.01286090
8.93714354 5.84033175 0.48977885 0.01287414
8.93701945 5.84032089 0.49012115 0.01288741
8.93689516 5.84030972 0.49046394 0.01290073
8.93677066 5.84029827 0.49080723 0.01291409
8.93664595 5.84028651 0.49115103 0.01292749
8.93652104 5.84027445 0.49149534 0.01294093
8.93639592 5.84026210 0.49184015 0.01295441
8.93627059 5.84024944 0.49218547 0.01296793
8.93614505 5.84023648 0.49253130 0.01298150
8.93601930 5.84022321 0.49287764 0.01299510
8.93589334 5.84020964 0.49322450 0.01300875
8.93576717 5.84019577 0.49357187 0.01302243
8.93564078 5.84018159 0.49391975 0.01303616
8.93551419 5.84016710 0.49426816 0.01304994
8.93538738 5.84015230 0.49461708 0.01306375
8.93526035 5.84013719 0.49496653 0.01307761
8.93513312 5.84012177 0.49531650 0.01309151
8.93500566 5.84010604 0.49566699 0.01310546
8.93487799 5.84009000 0.49601801 0.01311945
8.93475010 5.84007364 0.49636956 0.01313348
8.93462200 5.84005697 0.49672164 0.01314755
8.93449368 5.84003998 0.49707426 0.01316167
8.93436513 5.84002268 0.49742740 0.01317584
8.93423637 5.84000505 0.49778108 0.01319005
8.93410739 5.83998711 0.49813530 0.01320430
8.93397819 5.83996885 0.49849005 0.01321860
8.93384877 5.83995027 0.49884535 0.01323295
8.93371912 5.83993136 0.49920119 0.01324734
8.93358925 5.83991214 0.49955757 0.01326177
8.93345916 5.83989258 0.49991450 0.01327625
8.93332884 5.83987271 0.50027197 0.01329078
8.93319830 5.83985250 0.50063000 0.01330536
8.93306753 5.83983197 0.50098857 0.01331998
8.93293653 5.83981111 0.50134770 0.01333465
8.93280531 5.83978992 0.50170738 0.01334936
8.93267386 5.83976840 0.50206762 0.01336413
8.93254218 5.83974654 0.50242842 0.01337894
8.93241027 5.83972436 0.50278977 0.01339380
8.93227813 5.83970183 0.50315169 0.01340870
8.93214576 5.83967898 0.50351418 0.01342366
8.93201315 5.83965579 0.50387723 0.01343866
8.93188032 5.83963226 0.50424084 0.01345372
8.93174725 5.83960839 0.50460503 0.01346882
8.93161395 5.83958418 0.50496979 0.01348397
8.93148041 5.83955963 0.50533512 0.01349918
8.93134663 5.83953474 0.50570102 0.01351443
8.93121262 5.83950950 0.50606750 0.01352973
8.93107838 5.83948392 0.50643457 0.01354509
8.93094389 5.83945800 0.50680221 0.01356049
8.93080917 5.83943172 0.50717043 0.01357595
8.93067420 5.83940510 0.50753924 0.01359145
8.93053900 5.83937813 0.50790864 0.01360701
8.93040355 5.83935081 0.50827863 0.01362262
8.93026787 5.83932314 0.50864920 0.01363829
8.93013194 5.83929512 0.50902037 0.01365400
8.92999576 5.83926674 0.50939214 0.01366977
8.92985935 5.83923801 0.50976450 0.01368559
8.92972268 5.83920892 0.51013745 0.01370147
8.92958578 5.83917947 0.51051101 0.01371740
8.92944862 5.83914967 0.51088518 0.01373338
8.92931122 5.83911950 0.51125994 0.01374942
8.92917357 5.83908898 0.51163532 0.01376551
8.92903567 5.83905809 0.51201130 0.01378166
8.92889751 5.83902684 0.51238790 0.01379786
8.92875911 5.83899522 0.51276510 0.01381412
8.92862046 5.83896324 0.51314293 0.01383043
8.92848155 5.83893089 0.51352137 0.01384680
8.92834239 5.83889817 0.51390043 0.01386323
8.92820298 5.83886508 0.51428011 0.01387971
8.92806331 5.83883162 0.51466041 0.01389625
8.92792339 5.83879779 0.51504134 0.01391285
8.92778321 5.83876358 0.51542290 0.01392951
8.92764277 5.83872900 0.51580509 0.01394622
8.92750207 5.83869404 0.51618791 0.01396299
8.92736111 5.83865871 0.51657137 0.01397982
8.92721989 5.83862299 0.51695546 0.01399671
8.92707841 5.83858690 0.51734019 0.01401366
8.92693667 5.83855042 0.51772557 0.01403067
8.92679467 5.83851357 0.51811158 0.01404774
8.92665240 5.83847633 0.51849825 0.01406487
8.92650987 5.83843870 0.51888556 0.01408205
8.92636707 5.83840068 0.51927352 0.01409930
8.92622400 5.83836228 0.51966213 0.01411662
8.92608067 5.83832349 0.52005140 0.01413399
8.92593707 5.83828431 0.52044132 0.01415143
8.92579320 5.83824473 0.52083191 0.01416892
8.92564905 5.83820477 0.52122315 0.01418648
8.92550464 5.83816440 0.52161506 0.01420411
8.92535996 5.83812365 0.52200764 0.01422179
8.92521500 5.83808249 0.52240088 0.01423954
8.92506977 5.83804093 0.52279480 0.01425736
8.92492426 5.83799898 0.52318939 0.01427524
8.92477848 5.83795662 0.52358466 0.01429318
8.92463242 5.83791386 0.52398060 0.01431119
8.92448608 5.83787070 0.52437723 0.01432927
8.92433946 5.83782713 0.52477453 0.01434741
8.92419256 5.83778315 0.52517253 0.01436562
8.92404538 5.83773876 0.52557121 0.01438389
8.92389792 5.83769396 0.52597058 0.01440223
8.92375018 5.83764875 0.52637065 0.01442064
8.92360216 5.83760313 0.52677141 0.01443912
8.92345384 5.83755710 0.52717287 0.01445767
8.92330525 5.83751064 0.52757503 0.01447628
8.92315636 5.83746377 0.52797789 0.01449497
8.92300719 5.83741648 0.52838146 0.01451372
8.92285773 5.83736877 0.52878574 0.01453254
8.92270798 5.83732064 0.52919073 0.01455143
8.92255794 5.83727209 0.52959643 0.01457040
8.92240761 5.83722311 0.53000285 0.01458943
8.92225698 5.83717370 0.53040998 0.01460854
8.92210606 5.83712387 0.53081784 0.01462772
8.92195484 5.83707361 0.53122642 0.01464697
8.92180333 5.83702291 0.53163573 0.01466629
8.92165152 5.83697179 0.53204576 0.01468569
8.92149942 5.83692022 0.53245653 0.01470516
8.92134701 5.83686823 0.53286804 0.01472471
8.92119430 5.83681580 0.53328028 0.01474433
8.92104129 5.83676292 0.53369326 0.01476402
8.92088798 5.83670961 0.53410698 0.01478379
8.92073437 5.83665586 0.53452145 0.01480364
8.92058045 5.83660166 0.53493667 0.01482356
8.92042622 5.83654702 0.53535263 0.01484356
8.92027169 5.83649193 0.53576936 0.01486364
8.92011685 5.83643639 0.53618683 0.01488379
8.91996170 5.83638040 0.53660507 0.01490402
8.91980624 5.83632397 0.53702407 0.01492434
8.91965047 5.83626707 0.53744384 0.01494473
8.91949438 5.83620973 0.53786437 0.01496520
8.91933798 5.83615193 0.53828568 0.01498575
8.91918127 5.83609367 0.53870776 0.01500638
8.91902424 5.83603495 0.53913061 0.01502709
8.91886690 5.83597577 0.53955425 0.01504788
8.91870923 5.83591612 0.53997866 0.01506876
8.91855125 5.83585602 0.54040387 0.01508971
8.91839294 5.83579544 0.54082986 0.01511076
8.91823432 5.83573440 0.54125664 0.01513188
8.91807537 5.83567289 0.54168422 0.01515309
8.91791609 5.83561090 0.54211259 0.01517438
8.91775649 5.83554845 0.54254177 0.01519576
8.91759656 5.83548552 0.54297175 0.01521722
8.91743631 5.83542211 0.54340254 0.01523877
8.91727573 5.83535822 0.54383413 0.01526041
8.91711481 5.83529386 0.54426654 0.01528213
8.91695356 5.83522901 0.54469977 0.01530394
8.91679199 5.83516368 0.54513381 0.01532584
8.91663007 5.83509786 0.54556868 0.01534783
8.91646782 5.83503156 0.54600437 0.01536991
8.91630524 5.83496476 0.54644089 0.01539207
8.91614232 5.83489748 0.54687825 0.01541433
8.91597905 5.83482971 0.54731644 0.01543668
8.91581545 5.83476144 0.54775546 0.01545912
8.91565151 5.83469267 0.54819533 0.01548165
8.91548722 5.83462341 0.54863605 0.01550428
8.91532259 5.83455364 0.54907761 0.01552699
8.91515761 5.83448338 0.54952002 0.01554981
8.91499228 5.83441261 0.54996329 0.01557271
8.91482661 5.83434134 0.55040742 0.01559571
8.91466059 5.83426955 0.55085241 0.01561881
8.91449421 5.83419726 0.55129827 0.01564201
8.91432749 5.83412446 0.55174499 0.01566530
8.91416041 5.83405115 0.55219258 0.01568868
8.91399297 5.83397732 0.55264106 0.01571217
8.91382518 5.83390297 0.55309041 0.01573575
8.91365703 5.83382811 0.55354064 0.01575944
8.91348852 5.83375273 0.55399176 0.01578322
8.91331965 5.83367682 0.55444376 0.01580710
8.91315042 5.83360039 0.55489666 0.01583109
8.91298083 5.83352343 0.55535046 0.01585518
8.91281087 5.83344594 0.55580516 0.01587937
8.91264054 5.83336792 0.55626076 0.01590366
8.91246985 5.83328937 0.55671727 0.01592806
8.91229879 5.83321029 0.55717469 0.01595256
8.91212736 5.83313067 0.55763302 0.01597716
8.91195555 5.83305051 0.55809227 0.01600188
8.91178337 5.83296981 0.55855245 0.01602669
8.91161082 5.83288857 0.55901355 0.01605162
8.91143789 5.83280678 0.55947558 0.01607665
8.91126458 5.83272444 0.55993854 0.01610180
8.91109090 5.83264156 0.56040245 0.01612705
8.91091683 5.83255813 0.56086729 0.01615241
8.91074238 5.83247414 0.56133308 0.01617788
8.91056754 5.83238960 0.56179981 0.01620347
8.91039232 5.83230450 0.56226750 0.01622916
8.91021672 5.83221884 0.56273615 0.01625497
8.91004072 5.83213262 0.56320575 0.01628089
8.90986434 5.83204584 0.56367632 0.01630693
8.90968756 5.83195849 0.56414786 0.01633308
8.90951039 5.83187057 0.56462037 0.01635935
8.90933283 5.83178208 0.56509386 0.01638573
8.90915486 5.83169302 0.56556833 0.01641223
8.90897650 5.83160339 0.56604378 0.01643885
8.90879775 5.83151318 0.56652022 0.01646559
8.90861859 5.83142239 0.56699766 0.01649245
8.90843902 5.83133101 0.56747609 0.01651943
8.90825906 5.83123906 0.56795552 0.01654653
8.90807868 5.83114652 0.56843596 0.01657375
8.90789790 5.83105339 0.56891741 0.01660110
8.90771671 5.83095967 0.56939987 0.01662857
8.90753511 5.83086535 0.56988335 0.01665616
8.90735309 5.83077045 0.57036785 0.01668388
8.90717067 5.83067494 0.57085338 0.01671173
8.90698782 5.83057884 0.57133994 0.01673970
8.90680456 5.83048213 0.57182754 0.01676780
8.90662087 5.83038482 0.57231617 0.01679603
8.90643677 5.83028690 0.57280585 0.01682439
8.90625224 5.83018837 0.57329658 0.01685288
8.90606729 5.83008923 0.57378836 0.01688150
8.90588191 5.82998948 0.57428120 0.01691026
8.90569611 5.82988911 0.57477511 0.01693914
8.90550987 5.82978812 0.57527007 0.01696816
8.90532320 5.82968651 0.57576611 0.01699732
8.90513610 5.82958428 0.57626323 0.01702661
8.90494856 5.82948142 0.57676143 0.01705604
8.90476058 5.82937793 0.57726071 0.01708561
8.90457217 5.82927381 0.57776108 0.01711532
8.90438331 5.82916905 0.57826255 0.01714516
8.90419401 5.82906366 0.57876512 0.01717515
8.90400427 5.82895763 0.57926879 0.01720528
8.90381408 5.82885096 0.57977357 0.01723555
8.90362344 5.82874365 0.58027947 0.01726596
8.90343235 5.82863569 0.58078648 0.01729652
8.90324080 5.82852708 0.58129462 0.01732723
8.90304881 5.82841781 0.58180388 0.01735808
8.90285635 5.82830790 0.58231428 0.01738908
8.90266344 5.82819732 0.58282582 0.01742023
8.90247007 5.82808609 0.58333851 0.01745153
8.90227624 5.82797419 0.58385234 0.01748298
8.90208194 5.82786163 0.58436733 0.01751458
8.90188717 5.82774840 0.58488347 0.01754633
8.90169194 5.82763450 0.58540078 0.01757824
8.90149624 5.82751992 0.58591926 0.01761031
8.90130006 5.82740467 0.58643891 0.01764253
8.90110342 5.82728875 0.58695975 0.01767490
8.90090629 5.82717213 0.58748177 0.01770744
8.90070869 5.82705484 0.58800498 0.01774013
8.90051060 5.82693686 0.58852938 0.01777299
8.90031203 5.82681818 0.58905499 0.01780601
8.90011298 5.82669882 0.58958181 0.01783919
8.89991344 5.82657876 0.59010983 0.01787254
8.89971342 5.82645800 0.59063908 0.01790605
8.89951290 5.82633653 0.59116954 0.01793972
8.89931189 5.82621437 0.59170124 0.01797357
8.89911038 5.82609149 0.59223417 0.01800758
8.89890837 5.82596791 0.59276834 0.01804177
8.89870587 5.82584361 0.59330376 0.01807612
8.89850286 5.82571860 0.59384043 0.01811065
8.89829935 5.82559286 0.59437836 0.01814536
8.89809533 5.82546641 0.59491755 0.01818023
8.89789080 5.82533922 0.59545801 0.01821529
8.89768576 5.82521131 0.59599974 0.01825052
8.89748021 5.82508267 0.59654275 0.01828593
8.89727414 5.82495330 0.59708706 0.01832152
8.89706756 5.82482318 0.59763265 0.01835730
8.89686045 5.82469233 0.59817954 0.01839325
8.89665282 5.82456073 0.59872774 0.01842940
8.89644467 5.82442838 0.59927725 0.01846572
8.89623599 5.82429529 0.59982807 0.01850224
8.89602678 5.82416143 0.60038022 0.01853894
8.89581703 5.82402683 0.60093370 0.01857583
8.89560675 5.82389146 0.60148851 0.01861292
8.89539594 5.82375533 0.60204467 0.01865019
8.89518458 5.82361843 0.60260217 0.01868766
8.89497269 5.82348077 0.60316103 0.01872533
8.89476024 5.82334233 0.60372125 0.01876319
8.89454725 5.82320311 0.60428284 0.01880126
8.89433371 5.82306311 0.60484580 0.01883952
8.89411962 5.82292233 0.60541015 0.01887798
8.89390498 5.82278077 0.60597588 0.01891665
8.89368977 5.82263841 0.60654300 0.01895552
8.89347401 5.82249526 0.60711153 0.01899460
8.89325768 5.82235131 0.60768146 0.01903389
8.89304079 5.82220657 0.60825281 0.01907339
8.89282333 5.82206101 0.60882558 0.01911309
8.89260530 5.82191466 0.60939978 0.01915301
8.89238670 5.82176749 0.60997541 0.01919314
8.89216752 5.82161950 0.61055249 0.01923349
8.89194776 5.82147070 0.61113101 0.01927406
8.89172742 5.82132107 0.61171099 0.01931485
8.89150650 5.82117062 0.61229243 0.01935586
8.89128499 5.82101935 0.61287535 0.01939709
8.89106289 5.82086723 0.61345974 0.01943854
8.89084020 5.82071429 0.61404562 0.01948022
8.89061691 5.82056050 0.61463299 0.01952213
8.89039303 5.82040586 0.61522185 0.01956427
8.89016854 5.82025038 0.61581223 0.01960664
8.88994345 5.82009405 0.61640412 0.01964924
8.88971775 5.81993686 0.61699754 0.01969208
8.88949145 5.81977882 0.61759248 0.01973515
8.88926453 5.81961991 0.61818896 0.01977846
8.88903699 5.81946013 0.61878698 0.01982202
8.88880884 5.81929949 0.61938656 0.01986581
8.88858006 5.81913796 0.61998770 0.01990986
8.88835066 5.81897556 0.62059041 0.01995414
8.88812063 5.81881228 0.62119470 0.01999868
8.88788997 5.81864811 0.62180057 0.02004346
8.88765868 5.81848305 0.62240803 0.02008850
8.88742675 5.81831709 0.62301709 0.02013380
8.88719418 5.81815023 0.62362776 0.02017935
8.88696096 5.81798248 0.62424005 0.02022515
8.88672710 5.81781381 0.62485397 0.02027122
8.88649259 5.81764423 0.62546951 0.02031755
8.88625743 5.81747374 0.62608671 0.02036415
8.88602161 5.81730233 0.62670555 0.02041101
8.88578513 5.81712999 0.62732605 0.02045814
8.88554799 5.81695672 0.62794821 0.02050555
8.88531018 5.81678252 0.62857206 0.02055322
8.88507170 5.81660739 0.62919759 0.02060118
8.88483255 5.81643131 0.62982481 0.02064941
8.88459272 5.81625428 0.63045374 0.02069792
8.88435222 5.81607631 0.63108437 0.02074671
8.88411103 5.81589738 0.63171673 0.02079579
8.88386915 5.81571749 0.63235082 0.02084515
8.88362659 5.81553664 0.63298665 0.02089481
8.88338333 5.81535482 0.63362422 0.02094475
8.88313937 5.81517202 0.63426355 0.02099500
8.88289471 5.81498825 0.63490465 0.02104553
8.88264935 5.81480349 0.63554752 0.02109637
8.88240328 5.81461775 0.63619218 0.02114751
8.88215649 5.81443102 0.63683864 0.02119895
8.88190900 5.81424329 0.63748689 0.02125071
8.88166078 5.81405456 0.63813697 0.02130277
8.88141184 5.81386482 0.63878886 0.02135514
8.88116218 5.81367407 0.63944259 0.02140783
8.88091178 5.81348230 0.64009817 0.02146083
8.88066065 5.81328952 0.64075559 0.02151415
8.88040878 5.81309571 0.64141488 0.02156780
8.88015617 5.81290086 0.64207605 0.02162178
8.87990281 5.81270499 0.64273910 0.02167608
8.87964871 5.81250807 0.64340404 0.02173071
8.87939385 5.81231010 0.64407088 0.02178568
8.87913823 5.81211108 0.64473965 0.02184098
8.87888185 5.81191101 0.64541033 0.02189662
8.87862471 5.81170988 0.64608296 0.02195261
8.87836680 5.81150768 0.64675753 0.02200894
8.87810811 5.81130440 0.64743406 0.02206562
8.87784864 5.81110005 0.64811255 0.02212265
8.87758839 5.81089462 0.64879303 0.02218004
8.87732736 5.81068810 0.64947549 0.02223779
8.87706553 5.81048048 0.65015996 0.02229589
8.87680291 5.81027177 0.65084644 0.02235436
8.87653949 5.81006195 0.65153495 0.02241320
8.87627526 5.80985102 0.65222549 0.02247241
8.87601023 5.80963897 0.65291807 0.02253199
8.87574439 5.80942581 0.65361272 0.02259195
8.87547772 5.80921151 0.65430943 0.02265229
8.87521024 5.80899609 0.65500823 0.02271301
8.87494193 5.80877952 0.65570912 0.02277412
8.87467279 5.80856181 0.65641212 0.02283563
8.87440282 5.80834295 0.65711723 0.02289752
8.87413200 5.80812294 0.65782448 0.02295982
8.87386034 5.80790176 0.65853386 0.02302251
8.87358783 5.80767941 0.65924540 0.02308561
8.87331447 5.80745589 0.65995911 0.02314912
8.87304025 5.80723119 0.66067500 0.02321304
8.87276516 5.80700531 0.66139308 0.02327738
8.87248921 5.80677823 0.66211336 0.02334214
8.87221239 5.80654995 0.66283586 0.02340732
8.87193468 5.80632047 0.66356060 0.02347293
8.87165609 5.80608977 0.66428757 0.02353897
8.87137662 5.80585786 0.66501680 0.02360545
8.87109625 5.80562473 0.66574831 0.02367236
8.87081498 5.80539036 0.66648209 0.02373972
8.87053281 5.80515476 0.66721818 0.02380753
8.87024973 5.80491791 0.66795657 0.02387579
8.86996574 5.80467981 0.66869729 0.02394451
8.86968082 5.80444046 0.66944035 0.02401368
8.86939499 5.80419984 0.67018576 0.02408332
8.86910822 5.80395795 0.67093353 0.02415343
8.86882052 5.80371479 0.67168369 0.02422401
8.86853187 5.80347034 0.67243624 0.02429507
8.86824228 5.80322460 0.67319120 0.02436662
8.86795174 5.80297756 0.67394859 0.02443865
8.86766024 5.80272921 0.67470841 0.02451117
8.86736778 5.80247956 0.67547069 0.02458418
8.86707435 5.80222858 0.67623543 0.02465770
8.86677995 5.80197628 0.67700266 0.02473173
8.86648456 5.80172265 0.67777239 0.02480626
8.86618819 5.80146767 0.67854463 0.02488131
8.86589083 5.80121134 0.67931940 0.02495688
8.86559247 5.80095366 0.68009672 0.02503298
8.86529310 5.80069462 0.68087660 0.02510961
8.86499273 5.80043420 0.68165905 0.02518677
8.86469134 5.80017241 0.68244410 0.02526447
8.86438892 5.79990923 0.68323176 0.02534272
8.86408548 5.79964465 0.68402204 0.02542152
8.86378101 5.79937867 0.68481497 0.02550088
8.86347549 5.79911129 0.68561055 0.02558080
8.86316893 5.79884248 0.68640881 0.02566129
8.86286131 5.79857225 0.68720976 0.02574235
8.86255263 5.79830059 0.68801342 0.02582399
8.86224289 5.79802748 0.68881981 0.02590622
8.86193207 5.79775292 0.68962894 0.02598903
8.86162017 5.79747691 0.69044083 0.02607245
8.86130719 5.79719942 0.69125550 0.02615646
8.86099311 5.79692046 0.69207297 0.02624109
8.86067794 5.79664002 0.69289326 0.02632633
8.86036165 5.79635808 0.69371637 0.02641219
8.86004425 5.79607465 0.69454234 0.02649868
8.85972573 5.79578970 0.69537118 0.02658580
8.85940609 5.79550323 0.69620291 0.02667356
8.85908530 5.79521524 0.69703755 0.02676197
8.85876338 5.79492571 0.69787511 0.02685103
8.85844030 5.79463463 0.69871562 0.02694075
8.85811607 5.79434200 0.69955909 0.02703114
8.85779068 5.79404781 0.70040555 0.02712220
8.85746411 5.79375204 0.70125502 0.02721394
8.85713636 5.79345468 0.70210751 0.02730637
8.85680743 5.79315574 0.70296304 0.02739950
8.85647730 5.79285519 0.70382164 0.02749333
8.85614596 5.79255304 0.70468333 0.02758786
8.85581342 5.79224926 0.70554812 0.02768312
8.85547966 5.79194385 0.70641604 0.02777909
8.85514467 5.79163680 0.70728711 0.02787580
8.85480845 5.79132810 0.70816135 0.02797325
8.85447099 5.79101774 0.70903878 0.02807145
8.85413227 5.79070570 0.70991943 0.02817040
8.85379230 5.79039199 0.71080331 0.02827012
8.85345106 5.79007658 0.71169044 0.02837061
8.85310854 5.78975947 0.71258086 0.02847188
8.85276474 5.78944065 0.71347458 0.02857393
8.85241965 5.78912011 0.71437162 0.02867678
8.85207326 5.78879783 0.71527202 0.02878044
8.85172555 5.78847381 0.71617578 0.02888492
8.85137653 5.78814803 0.71708294 0.02899021
8.85102617 5.78782048 0.71799352 0.02909634
8.85067448 5.78749116 0.71890754 0.02920331
8.85032145 5.78716005 0.71982503 0.02931113
8.84996705 5.78682713 0.72074601 0.02941981
8.84961130 5.78649241 0.72167051 0.02952936
8.84925417 5.78615586 0.72259854 0.02963978
8.84889565 5.78581748 0.72353015 0.02975110
8.84853574 5.78547725 0.72446534 0.02986331
8.84817443 5.78513515 0.72540416 0.02997644
8.84781171 5.78479119 0.72634662 0.03009048
8.84744756 5.78444535 0.72729274 0.03020545
8.84708198 5.78409761 0.72824257 0.03032136
8.84671496 5.78374796 0.72919612 0.03043822
8.84634649 5.78339639 0.73015342 0.03055604
8.84597655 5.78304289 0.73111449 0.03067483
8.84560514 5.78268745 0.73207937 0.03079461
8.84523224 5.78233004 0.73304809 0.03091538
8.84485785 5.78197066 0.73402066 0.03103715
8.84448196 5.78160930 0.73499713 0.03115994
8.84410455 5.78124594 0.73597751 0.03128377
8.84372561 5.78088057 0.73696185 0.03140863
8.84334513 5.78051318 0.73795016 0.03153454
8.84296310 5.78014374 0.73894248 0.03166152
8.84257952 5.77977226 0.73993883 0.03178958
8.84219436 5.77939871 0.74093925 0.03191873
8.84180761 5.77902307 0.74194378 0.03204898
8.84141927 5.77864534 0.74295243 0.03218035
8.84102933 5.77826551 0.74396524 0.03231284
8.84063777 5.77788355 0.74498224 0.03244648
8.84024457 5.77749945 0.74600347 0.03258128
8.83984973 5.77711320 0.74702896 0.03271724
8.83945324 5.77672478 0.74805873 0.03285439
8.83905508 5.77633418 0.74909283 0.03299274
8.83865524 5.77594138 0.75013129 0.03313230
8.83825370 5.77554636 0.75117413 0.03327309
8.83785046 5.77514912 0.75222140 0.03341512
8.83744550 5.77474963 0.75327313 0.03355840
8.83703881 5.77434788 0.75432935 0.03370297
8.83663037 5.77394385 0.75539011 0.03384882
8.83622018 5.77353753 0.75645542 0.03399597
8.83580821 5.77312890 0.75752534 0.03414444
8.83539446 5.77271794 0.75859990 0.03429426
8.83497891 5.77230464 0.75967913 0.03444542
8.83456154 5.77188897 0.76076308 0.03459796
8.83414235 5.77147093 0.76185177 0.03475188
8.83372131 5.77105050 0.76294526 0.03490721
8.83329842 5.77062765 0.76404357 0.03506396
8.83287366 5.77020237 0.76514675 0.03522215
8.83244701 5.76977464 0.76625483 0.03538180
8.83201846 5.76934445 0.76736786 0.03554293
8.83158799 5.76891177 0.76848588 0.03570555
8.83115559 5.76847659 0.76960892 0.03586969
8.83072124 5.76803888 0.77073704 0.03603537
8.83028494 5.76759864 0.77187027 0.03620260
8.82984665 5.76715583 0.77300865 0.03637140
8.82940637 5.76671044 0.77415222 0.03654180
8.82896408 5.76626246 0.77530104 0.03671382
8.82851976 5.76581185 0.77645514 0.03688747
8.82807339 5.76535861 0.77761457 0.03706278
8.82762497 5.76490270 0.77877938 0.03723978
8.82717447 5.76444411 0.77994960 0.03741847
8.82672187 5.76398283 0.78112530 0.03759890
8.82626716 5.76351882 0.78230650 0.03778107
8.82581032 5.76305206 0.78349326 0.03796501
8.82535133 5.76258255 0.78468563 0.03815075
8.82489018 5.76211024 0.78588366 0.03833831
8.82442684 5.76163513 0.78708740 0.03852771
8.82396130 5.76115718 0.78829688 0.03871898
8.82349354 5.76067638 0.78951218 0.03891215
8.82302354 5.76019271 0.79073333 0.03910724
8.82255128 5.75970613 0.79196039 0.03930428
8.82207674 5.75921663 0.79319341 0.03950329
8.82159990 5.75872419 0.79443244 0.03970430
8.82112074 5.75822877 0.79567754 0.03990734
8.82063924 5.75773036 0.79692875 0.04011244
8.82015539 5.75722893 0.79818615 0.04031962
8.81966915 5.75672445 0.79944977 0.04052892
8.81918051 5.75621690 0.80071969 0.04074037
8.81868946 5.75570626 0.80199595 0.04095399
8.81819595 5.75519250 0.80327861 0.04116982
8.81769999 5.75467559 0.80456773 0.04138788
8.81720153 5.75415551 0.80586337 0.04160821
8.81670057 5.75363223 0.80716559 0.04183085
8.81619707 5.75310572 0.80847445 0.04205582
8.81569102 5.75257595 0.80979001 0.04228316
8.81518239 5.75204291 0.81111234 0.04251291
8.81467116 5.75150655 0.81244150 0.04274509
8.81415730 5.75096685 0.81377755 0.04297975
8.81364079 5.75042379 0.81512056 0.04321692
8.81312161 5.74987733 0.81647059 0.04345664
8.81259974 5.74932744 0.81782771 0.04369894
8.81207513 5.74877409 0.81919199 0.04394387
8.81154778 5.74821726 0.82056350 0.04419146
8.81101765 5.74765691 0.82194230 0.04444175
8.81048472 5.74709301 0.82332846 0.04469479
8.80994897 5.74652553 0.82472206 0.04495061
8.80941036 5.74595443 0.82612318 0.04520926
8.80886887 5.74537970 0.82753187 0.04547078
8.80832447 5.74480128 0.82894823 0.04573521
8.80777713 5.74421915 0.83037231 0.04600261
8.80722682 5.74363327 0.83180421 0.04627300
8.80667353 5.74304362 0.83324399 0.04654645
8.80611721 5.74245015 0.83469174 0.04682300
8.80555783 5.74185283 0.83614754 0.04710270
8.80499538 5.74125163 0.83761146 0.04738559
8.80442981 5.74064651 0.83908358 0.04767173
8.80386110 5.74003742 0.84056400 0.04796116
8.80328921 5.73942435 0.84205280 0.04825395
8.80271412 5.73880724 0.84355005 0.04855014
8.80213579 5.73818606 0.84505586 0.04884979
8.80155418 5.73756077 0.84657030 0.04915296
8.80096928 5.73693133 0.84809347 0.04945969
8.80038103 5.73629770 0.84962545 0.04977006
8.79978942 5.73565984 0.85116634 0.05008411
8.79919440 5.73501771 0.85271624 0.05040191
8.79859593 5.73437127 0.85427523 0.05072352
8.79799399 5.73372048 0.85584341 0.05104900
8.79738854 5.73306529 0.85742089 0.05137842
8.79677954 5.73240566 0.85900775 0.05171184
8.79616695 5.73174155 0.86060411 0.05204934
8.79555074 5.73107291 0.86221005 0.05239097
8.79493086 5.73039969 0.86382570 0.05273680
8.79430729 5.72972185 0.86545114 0.05308692
8.79367997 5.72903935 0.86708650 0.05344139
8.79304888 5.72835213 0.86873187 0.05380029
8.79241396 5.72766016 0.87038737 0.05416369
8.79177518 5.72696337 0.87205311 0.05453167
8.79113250 5.72626172 0.87372920 0.05490430
8.79048587 5.72555515 0.87541576 0.05528168
8.78983525 5.72484363 0.87711290 0.05566389
8.78918060 5.72412709 0.87882075 0.05605100
8.78852187 5.72340549 0.88053943 0.05644311
8.78785901 5.72267877 0.88226906 0.05684030
8.78719199 5.72194687 0.88400975 0.05724267
8.78652075 5.72120975 0.88576166 0.05765031
8.78584525 5.72046734 0.88752489 0.05806331
8.78516544 5.71971959 0.88929958 0.05848177
8.78448126 5.71896643 0.89108587 0.05890579
8.78379268 5.71820782 0.89288388 0.05933547
8.78309963 5.71744370 0.89469377 0.05977091
8.78240207 5.71667399 0.89651566 0.06021222
8.78169995 5.71589864 0.89834970 0.06065952
8.78099321 5.71511760 0.90019604 0.06111290
8.78028180 5.71433078 0.90205482 0.06157249
8.77956567 5.71353814 0.90392619 0.06203840
8.77884475 5.71273960 0.90581030 0.06251076
8.77811899 5.71193510 0.90770731 0.06298968
8.77738834 5.71112456 0.90961738 0.06347528
8.77665273 5.71030793 0.91154066 0.06396771
8.77591211 5.70948513 0.91347733 0.06446708
8.77516641 5.70865609 0.91542753 0.06497354
8.77441558 5.70782073 0.91739145 0.06548721
8.77365954 5.70697899 0.91936925 0.06600825
8.77289825 5.70613079 0.92136111 0.06653680
8.77213162 5.70527605 0.92336721 0.06707301
8.77135960 5.70441469 0.92538772 0.06761702
8.77058212 5.70354664 0.92742284 0.06816900
8.76979911 5.70267182 0.92947274 0.06872911
8.76901050 5.70179014 0.93153762 0.06929750
8.76821622 5.70090153 0.93361768 0.06987435
8.76741619 5.70000589 0.93571310 0.07045983
8.76661036 5.69910314 0.93782409 0.07105412
8.76579863 5.69819320 0.93995087 0.07165740
8.76498093 5.69727597 0.94209362 0.07226985
8.76415719 5.69635137 0.94425257 0.07289167
8.76332732 5.69541930 0.94642794 0.07352305
8.76249126 5.69447967 0.94861994 0.07416420
8.76164890 5.69353238 0.95082880 0.07481532
8.76080018 5.69257734 0.95305475 0.07547662
8.75994500 5.69161445 0.95529802 0.07614832
8.75908329 5.69064360 0.95755884 0.07683065
8.75821495 5.68966470 0.95983747 0.07752384
8.75733988 5.68867764 0.96213414 0.07822811
8.75645801 5.68768231 0.96444912 0.07894373
8.75556924 5.68667860 0.96678264 0.07967093
8.75467347 5.68566641 0.96913499 0.08040997
8.75377060 5.68464562 0.97150642 0.08116112
8.75286054 5.68361612 0.97389721 0.08192464
8.75194319 5.68257779 0.97630762 0.08270082
8.75101844 5.68153051 0.97873796 0.08348994
8.75008618 5.68047416 0.98118850 0.08429230
8.74914632 5.67940861 0.98365953 0.08510820
8.74819875 5.67833374 0.98615137 0.08593796
8.74724334 5.67724943 0.98866431 0.08678188
8.74628000 5.67615554 0.99119867 0.08764031
8.74530859 5.67505193 0.99375477 0.08851359
8.74432901 5.67393848 0.99633293 0.08940206
8.74334114 5.67281503 0.99893348 0.09030609
8.74234485 5.67168146 1.00155677 0.09122604
8.74134002 5.67053761 1.00420314 0.09216231
8.74032651 5.66938334 1.00687294 0.09311527
8.73930420 5.66821849 1.00956654 0.09408535
8.73827296 5.66704292 1.01228430 0.09507295
8.73723265 5.66585647 1.01502661 0.09607851
8.73618313 5.66465898 1.01779384 0.09710248
8.73512426 5.66345028 1.02058639 0.09814531
8.73405589 5.66223021 1.02340466 0.09920747
8.73297788 5.66099859 1.02624907 0.10028945
8.73189007 5.65975526 1.02912002 0.10139176
8.73079231 5.65850004 1.03201796 0.10251490
8.72968444 5.65723275 1.03494331 0.10365943
8.72856631 5.65595320 1.03789653 0.10482588
8.72743774 5.65466121 1.04087808 0.10601484
8.72629857 5.65335657 1.04388842 0.10722688
8.72514863 5.65203910 1.04692803 0.10846262
8.72398773 5.65070860 1.04999740 0.10972268
8.72281571 5.64936486 1.05309703 0.11100771
8.72163237 5.64800766 1.05622744 0.11231838
8.72043753 5.64663680 1.05938915 0.11365538
8.71923100 5.64525206 1.06258270 0.11501944
8.71801258 5.64385321 1.06580863 0.11641128
8.71678206 5.64244003 1.06906751 0.11783168
8.71553925 5.64101228 1.07235991 0.11928141
8.71428393 5.63956972 1.07568642 0.12076131
8.71301588 5.63811211 1.07904765 0.12227222
8.71173490 5.63663919 1.08244421 0.12381500
8.71044074 5.63515073 1.08587673 0.12539058
8.70913318 5.63364644 1.08934586 0.12699988
8.70781198 5.63212608 1.09285227 0.12864388
8.70647691 5.63058936 1.09639663 0.13032358
8.70512771 5.62903600 1.09997963 0.13204002
8.70376413 5.62746572 1.10360200 0.13379429
8.70238591 5.62587824 1.10726446 0.13558750
8.70099279 5.62427324 1.11096776 0.13742080
8.69958448 5.62265043 1.11471266 0.13929540
8.69816072 5.62100949 1.11849997 0.14121254
8.69672121 5.61935010 1.12233047 0.14317352
8.69526567 5.61767194 1.12620499 0.14517967
8.69379379 5.61597467 1.13012440 0.14723238
8.69230527 5.61425794 1.13408954 0.14933310
8.69079979 5.61252142 1.13810132 0.15148331
8.68927703 5.61076474 1.14216065 0.15368457
8.68773665 5.60898753 1.14626847 0.15593849
8.68617832 5.60718942 1.15042574 0.15824674
8.68460169 5.60537002 1.15463344 0.16061106
8.68300641 5.60352894 1.15889259 0.16303326
8.68139210 5.60166578 1.16320424 0.16551521
8.67975839 5.59978012 1.16756944 0.16805886
8.67810491 5.59787155 1.17198929 0.17066624
8.67643124 5.59593963 1.17646491 0.17333945
8.67473700 5.59398392 1.18099747 0.17608068
8.67302176 5.59200396 1.18558814 0.17889221
8.67128510 5.58999930 1.19023814 0.18177641
8.66952659 5.58796946 1.19494872 0.18473574
8.66774577 5.58591395 1.19972116 0.18777276
8.66594219 5.58383229 1.20455678 0.19089016
8.66411538 5.58172395 1.20945693 0.19409069
8.66226486 5.57958843 1.21442300 0.19737726
8.66039012 5.57742519 1.21945642 0.20075287
8.65849067 5.57523368 1.22455864 0.20422066
8.65656598 5.57301335 1.22973118 0.20778390
8.65461552 5.57076364 1.23497558 0.21144599
8.65263874 5.56848395 1.24029342 0.21521047
8.65063508 5.56617370 1.24568635 0.21908104
8.64860396 5.56383227 1.25115602 0.22306153
8.64654480 5.56145905 1.25670416 0.22715598
8.64445698 5.55905340 1.26233254 0.23136854
8.64233989 5.55661468 1.26804297 0.23570359
8.64019290 5.55414221 1.27383732 0.24016566
8.63801534 5.55163532 1.27971748 0.24475949
8.63580655 5.54909333 1.28568544 0.24949001
8.63356585 5.54651553 1.29174320 0.25436237
8.63129254 5.54390120 1.29789283 0.25938195
8.62898590 5.54124961 1.30413645 0.26455433
8.62664519 5.53856002 1.31047625 0.26988535
8.62426967 5.53583167 1.31691446 0.27538109
8.62185856 5.53306379 1.32345337 0.28104789
8.61941108 5.53025559 1.33009534 0.28689237
8.61692643 5.52740628 1.33684277 0.29292140
8.61440378 5.52451505 1.34369812 0.29914218
8.61184230 5.52158107 1.35066394 0.30556218
8.60924113 5.51860353 1.35774282 0.31218919
8.60659939 5.51558158 1.36493740 0.31903133
8.60391621 5.51251437 1.37225039 0.32609706
8.60119067 5.50940104 1.37968458 0.33339517
8.59842185 5.50624073 1.38724280 0.34093481
8.59560882 5.50303257 1.39492793 0.34872550
8.59275063 5.49977569 1.40274295 0.35677713
8.58984630 5.49646921 1.41069086 0.36510000
8.58689486 5.49311227 1.41877473 0.37370478
8.58389533 5.48970398 1.42699769 0.38260254
8.58084669 5.48624348 1.43536291 0.39180477
8.57774796 5.48272992 1.44387363 0.40132337
8.57459810 5.47916244 1.45253311 0.41117067
8.57139610 5.47554021 1.46134469 0.42135939
8.56814094 5.47186241 1.47031170 0.43190269
8.56483159 5.46812826 1.47943754 0.44281415
8.56146705 5.46433697 1.48872563 0.45410773
8.55804628 5.46048783 1.49817939 0.46579781
8.55456830 5.45658013 1.50780227 0.47789914
8.55103212 5.45261321 1.51759772 0.49042684
8.54743676 5.44858648 1.52756917 0.50339637
8.54378128 5.44449938 1.53772005 0.51682349
8.54006477 5.44035143 1.54805375 0.53072423
8.53628634 5.43614223 1.55857361 0.54511485
8.53244516 5.43187144 1.56928290 0.56001179
8.52854043 5.42753884 1.58018483 0.57543160
8.52457142 5.42314427 1.59128251 0.59139085
8.52053747 5.41868773 1.60257892 0.60790610
8.51643798 5.41416930 1.61407692 0.62499375
8.51227243 5.40958924 1.62577918 0.64266997
8.50804042 5.40494791 1.63768821 0.66095057
8.50374162 5.40024586 1.64980627 0.67985087
8.49937585 5.39548382 1.66213541 0.69938556
8.49494304 5.39066269 1.67467737 0.71956851
8.49044325 5.38578357 1.68743360 0.74041264
8.48587672 5.38084779 1.70040518 0.76192970
8.48124385 5.37585692 1.71359282 0.78413008
8.47654520 5.37081274 1.72699682 0.80702260
8.47178155 5.36571733 1.74061700 0.83061425
8.46695388 5.36057301 1.75445268 0.85490999
8.46206339 5.35538240 1.76850265 0.87991249
8.45711153 5.35014842 1.78276511 0.90562188
8.45209997 5.34487428 1.79723764 0.93203547
8.44703069 5.33956351 1.81191715 0.95914756
8.44190589 5.33421996 1.82679987 0.98694915
8.43672809 5.32884782 1.84188128 1.01542769
8.43150008 5.32345156 1.85715609 1.04456695
8.42622496 5.31803603 1.87261823 1.07434672
8.42090613 5.31260634 1.88826081 1.10474274
8.41554727 5.30716795 1.90407610 1.13572652
8.41015239 5.30172658 1.92005550 1.16726531
8.40472579 5.29628825 1.93618959 1.19932202
8.39927204 5.29085921 1.95246809 1.23185525
8.39379600 5.28544596 1.96887985 1.26481942
8.38830280 5.28005518 1.98541294 1.29816489
8.38279781 5.27469371 2.00205462 1.33183814
8.37728660 5.26936852 2.01879138 1.36578212
8.37177497 5.26408666 2.03560903 1.39993654
8.36626886 5.25885521 2.05249271 1.43423831
8.36077434 5.25368123 2.06942701 1.46862202
8.35529762 5.24857174 2.08639597 1.50302042
8.34984491 5.24353361 2.10338324 1.53736503
8.34442250 5.23857359 2.12037210 1.57158671
8.33903663 5.23369817 2.13734562 1.60561632
8.33369348 5.22891360 2.15428669 1.63938529
8.32839915 5.22422581 2.17117819 1.67282630
8.32315959 5.21964040 2.18800303 1.70587388
8.31798058 5.21516255 2.20474430 1.73846499
8.31286766 5.21079701 2.22138534 1.77053956
8.30782615 5.20654810 2.23790984 1.80204099
8.30286110 5.20241964 2.25430194 1.83291661
8.29797721 5.19841496 2.27054631 1.86311801
8.29317889 5.19453686 2.28662825 1.89260135
8.28847019 5.19078766 2.30253373 1.92132763
8.28385479 5.18716912 2.31824944 1.94926276
8.27933599 5.18368253 2.33376291 1.97637773
8.27491673 5.18032865 2.34906247 2.00264855
8.27059954 5.17710777 2.36413735 2.02805623
8.26638658 5.17401972 2.37897768 2.05258663
8.26227962 5.17106386 2.39357448 2.07623034
8.25828008 5.16823918 2.40791970 2.09898242
8.25438900 5.16554424 2.42200623 2.12084215
8.25060707 5.16297727 2.43582783 2.14181279
8.24693467 5.16053617 2.44937920 2.16190122
8.24337185 5.15821856 2.46265586 2.18111764
8.23991837 5.15602178 2.47565422 2.19947523
8.23657370 5.15394296 2.48837148 2.21698985
8.23333708 5.15197904 2.50080561 2.23367966
8.23020751 5.15012678 2.51295534 2.24956484
8.22718375 5.14838283 2.52482007 2.26466726
8.22426440 5.14674371 2.53639988 2.27901017
8.22144788 5.14520588 2.54769544 2.29261795
8.21873244 5.14376573 2.55870801 2.30551584
8.21611621 5.14241962 2.56943936 2.31772968
8.21359721 5.14116390 2.57989173 2.32928573
8.21117335 5.13999494 2.59006782 2.34021043
8.20884246 5.13890910 2.59997070 2.35053026
8.20660230 5.13790280 2.60960383 2.36027155
8.20445059 5.13697250 2.61897096 2.36946035
8.20238499 5.13611473 2.62807613 2.37812235
8.20040315 5.13532609 2.63692363 2.38628270
8.19850269 5.13460324 2.64551795 2.39396602
8.19668123 5.13394294 2.65386377 2.40119624
8.19493639 5.13334205 2.66196594 2.40799659
8.19326579 5.13279750 2.66982940 2.41438957
8.19166709 5.13230634 2.67745923 2.42039687
8.19013794 5.13186570 2.68486055 2.42603936
8.18867605 5.13147283 2.69203858 2.43133712
8.18727914 5.13112508 2.69899855 2.43630937
8.18594497 5.13081989 2.70574570 2.44097451
8.18467136 5.13055482 2.71228530 2.44535009
8.18345616 5.13032750 2.71862260 2.44945286
8.18229725 5.13013570 2.72476282 2.45329876
8.18119259 5.12997727 2.73071116 2.45690295
8.18014017 5.12985014 2.73647275 2.46027980
8.17913803 5.12975235 2.74205269 2.46344296
8.17818428 5.12968203 2.74745601 2.46640534
8.17727705 5.12963741 2.75268765 2.46917918
8.17641456 5.12961678 2.75775250 2.47177601
8.17559506 5.12961854 2.76265535 2.47420675
8.17481685 5.12964114 2.76740093 2.47648169
8.17407830 5.12968314 2.77199385 2.47861054
8.17337782 5.12974314 2.77643865 2.48060244
8.17271387 5.12981985 2.78073975 2.48246601
8.17208496 5.12991202 2.78490151 2.48420934
8.17148966 5.13001848 2.78892815 2.48584004
8.17092659 5.13013810 2.79282381 2.48736529
8.17039439 5.13026985 2.79659255 2.48879181
8.16989179 5.13041272 2.80023829 2.49012590
8.16941752 5.13056579 2.80376488 2.49137350
8.16897039 5.13072815 2.80717605 2.49254017
8.16854924 5.13089897 2.81047545 2.49363113
8.16815295 5.13107747 2.81366662 2.49465125
8.16778045 5.13126290 2.81675300 2.49560512
8.16743070 5.13145456 2.81973794 2.49649704
8.16710270 5.13165179 2.82262470 2.49733102
8.16679549 5.13185398 2.82541643 2.49811083
8.16650816 5.13206053 2.82811621 2.49883999
8.16623980 5.13227091 2.83072701 2.49952180
8.16598958 5.13248459 2.83325172 2.50015935
8.16575666 5.13270110 2.83569314 2.50075552
8.16554026 5.13291999 2.83805400 2.50131301
8.16533963 5.13314083 2.84033694 2.50183436
8.16515403 5.13336322 2.84254449 2.50232191
8.16498276 5.13358680 2.84467915 2.50277789
8.16482516 5.13381122 2.84674331 2.50320435
8.16468058 5.13403616 2.84873929 2.50360323
8.16454841 5.13426132 2.85066935 2.50397633
8.16442804 5.13448641 2.85253566 2.50432534
8.16431891 5.13471118 2.85434034 2.50465183
8.16422047 5.13493539 2.85608543 2.50495727
8.16413220 5.13515880 2.85777290 2.50524304
8.16405359 5.13538121 2.85940467 2.50551043
8.16398417 5.13560244 2.86098259 2.50576064
8.16392348 5.13582230 2.86250845 2.50599479
8.16387106 5.13604062 2.86398399 2.50621392
8.16382650 5.13625727 2.86541088 2.50641903
8.16378939 5.13647209 2.86679075 2.50661101
8.16375934 5.13668497 2.86812516 2.50679074
8.16373598 5.13689579 2.86941563 2.50695899
8.16371894 5.13710443 2.87066362 2.50711654
8.16370790 5.13731082 2.87187056 2.50726406
8.16370252 5.13751486 2.87303782 2.50740221
8.16370249 5.13771647 2.87416672 2.50753159
8.16370751 5.13791559 2.87525854 2.50765279
8.16371728 5.13811215 2.87631453 2.50776632
8.16373155 5.13830611 2.87733588 2.50787269
8.16375005 5.13849740 2.87832375 2.50797235
8.16377252 5.13868600 2.87927925 2.50806574
8.16379872 5.13887186 2.88020348 2.50815326
8.16382844 5.13905495 2.88109748 2.50823530
8.16386144 5.13923526 2.88196225 2.50831220
8.16389752 5.13941277 2.88279877 2.50838430
8.16393648 5.13958745 2.88360799 2.50845190
8.16397813 5.13975929 2.88439082 2.50851529
8.16402229 5.13992830 2.88514814 2.50857474
8.16406879 5.14009447 2.88588080 2.50863051
8.16411745 5.14025779 2.88658963 2.50868282
8.16416812 5.14041827 2.88727542 2.50873190
8.16422065 5.14057593 2.88793894 2.50877796
8.16427490 5.14073076 2.88858092 2.50882118
8.16433074 5.14088278 2.88920210 2.50886174
8.16438802 5.14103201 2.88980316 2.50889982
8.16444662 5.14117846 2.89038477 2.50893558
8.16450644 5.14132215 2.89094758 2.50896915
8.16456735 5.14146311 2.89149222 2.50900067
8.16462925 5.14160134 2.89201928 2.50903028
8.16469204 5.14173689 2.89252936 2.50905810
8.16475561 5.14186977 2.89302301 2.50908423
8.16481989 5.14200001 2.89350079 2.50910878
8.16488478 5.14212764 2.89396322 2.50913186
8.16495020 5.14225268 2.89441080 2.50915355
8.16501607 5.14237518 2.89484404 2.50917394
8.16508231 5.14249515 2.89526339 2.50919311
8.16514887 5.14261264 2.89566934 2.50921113
8.16521566 5.14272767 2.89606231 2.50922808
8.16528263 5.14284027 2.89644273 2.50924403
8.16534971 5.14295049 2.89681103 2.50925903
8.16541686 5.14305834 2.89716759 2.50927314
8.16548401 5.14316388 2.89751282 2.50928642
8.16555112 5.14326713 2.89784707 2.50929892
8.16561814 5.14336813 2.89817072 2.50931069
8.16568502 5.14346691 2.89848410 2.50932177
8.16575172 5.14356352 2.89878757 2.50933220
8.16581821 5.14365797 2.89908143 2.50934202
8.16588444 5.14375032 2.89936602 2.50935127
8.16595038 5.14384059 2.89964163 2.50935999
8.16601600 5.14392882 2.89990855 2.50936820
8.16608127 5.14401505 2.90016708 2.50937594
8.16614616 5.14409931 2.90041748 2.50938323
8.16621063 5.14418164 2.90066002 2.50939011
8.16627467 5.14426207 2.90089496 2.50939659
8.16633826 5.14434064 2.90112254 2.50940270
8.16640137 5.14441738 2.90134301 2.50940846
8.16646397 5.14449233 2.90155659 2.50941390
8.16652606 5.14456551 2.90176352 2.50941903
8.16658762 5.14463697 2.90196400 2.50942387
8.16664863 5.14470674 2.90215824 2.50942843
8.16670907 5.14477484 2.90234645 2.50943274
8.16676893 5.14484133 2.90252883 2.50943681
8.16682821 5.14490621 2.90270555 2.50944065
8.16688688 5.14496954 2.90287681 2.50944428
8.16694494 5.14503133 2.90304278 2.50944770
8.16700238 5.14509163 2.90320363 2.50945093
8.16705920 5.14515045 2.90335953 2.50945399
8.16711538 5.14520784 2.90351063 2.50945688
8.16717092 5.14526383 2.90365709 2.50945961
8.16722581 5.14531843 2.90379906 2.50946219
8.16728006 5.14537169 2.90393668 2.50946462
8.16733365 5.14542363 2.90407009 2.50946693
8.16738658 5.14547428 2.90419942 2.50946911
8.16743885 5.14552366 2.90432481 2.50947117
8.16749046 5.14557181 2.90444639 2.50947312
8.16754141 5.14561875 2.90456427 2.50947496
8.16759170 5.14566451 2.90467857 2.50947670
8.16764132 5.14570911 2.90478940 2.50947836
8.16769028 5.14575258 2.90489688 2.50947992
8.16773857 5.14579495 2.90500111 2.50948140
8.16778621 5.14583624 2.90510220 2.50948280
8.16783319 5.14587648 2.90520023 2.50948412
8.16787951 5.14591568 2.90529532 2.50948538
8.16792517 5.14595388 2.90538756 2.50948657
8.16797018 5.14599110 2.90547702 2.50948769
8.16801455 5.14602735 2.90556381 2.50948876
8.16805827 5.14606266 2.90564800 2.50948977
8.16810135 5.14609706 2.90572968 2.50949073
8.16814379 5.14613056 2.90580892 2.50949164
8.16818560 5.14616318 2.90588581 2.50949250
8.16822678 5.14619495 2.90596041 2.50949331
8.16826734 5.14622589 2.90603279 2.50949409
8.16830728 5.14625602 2.90610304 2.50949482
8.16834660 5.14628535 2.90617120 2.50949552
8.16838532 5.14631390 2.90623735 2.50949618
8.16842343 5.14634170 2.90630155 2.50949681
8.16846095 5.14636876 2.90636387 2.50949740
8.16849787 5.14639510 2.90642435 2.50949796
8.16853421 5.14642074 2.90648305 2.50949850
8.16856997 5.14644569 2.90654004 2.50949901
8.16860516 5.14646997 2.90659536 2.50949949
8.16863977 5.14649360 2.90664906 2.50949995
8.16867383 5.14651659 2.90670120 2.50950038
8.16870733 5.14653896 2.90675182 2.50950080
8.16874028 5.14656073 2.90680097 2.50950119
8.16877269 5.14658190 2.90684869 2.50950156
8.16880457 5.14660250 2.90689504 2.50950192
8.16883591 5.14662254 2.90694004 2.50950225
8.16886673 5.14664204 2.90698374 2.50950257
8.16889704 5.14666099 2.90702619 2.50950288
8.16892683 5.14667943 2.90706741 2.50950317
8.16895613 5.14669737 2.90710745 2.50950344
8.16898492 5.14671480 2.90714634 2.50950370
8.16901323 5.14673176 2.90718411 2.50950395
8.16904105 5.14674825 2.90722081 2.50950419
8.16906839 5.14676428 2.90725646 2.50950441
8.16909526 5.14677987 2.90729109 2.50950463
8.16912167 5.14679502 2.90732474 2.50950483
8.16914762 5.14680975 2.90735744 2.50950502
8.16917312 5.14682407 2.90738921 2.50950521
8.16919818 5.14683799 2.90742007 2.50950538
8.16922279 5.14685152 2.90745007 2.50950555
8.16924698 5.14686466 2.90747922 2.50950571
8.16927074 5.14687744 2.90750755 2.50950586
8.16929408 5.14688985 2.90753508 2.50950600
8.16931701 5.14690192 2.90756185 2.50950614
8.16933953 5.14691364 2.90758786 2.50950627
8.16936165 5.14692503 2.90761314 2.50950639
8.16938337 5.14693609 2.90763772 2.50950651
8.16940471 5.14694684 2.90766161 2.50950663
8.16942566 5.14695729 2.90768484 2.50950673
8.16944624 5.14696743 2.90770742 2.50950684
8.16946645 5.14697728 2.90772938 2.50950693
8.16948629 5.14698685 2.90775073 2.50950703
8.16950577 5.14699614 2.90777149 2.50950711
8.16952490 5.14700516 2.90779167 2.50950720
8.16954369 5.14701393 2.90781130 2.50950728
8.16956213 5.14702244 2.90783040 2.50950736
8.16958023 5.14703070 2.90784896 2.50950743
8.16959801 5.14703872 2.90786702 2.50950750
8.16961546 5.14704651 2.90788458 2.50950757
8.16963258 5.14705406 2.90790167 2.50950763
8.16964940 5.14706140 2.90791828 2.50950769
8.16966590 5.14706852 2.90793445 2.50950775
8.16968210 5.14707544 2.90795018 2.50950780
8.16969800 5.14708215 2.90796548 2.50950786
8.16971361 5.14708866 2.90798036 2.50950791
8.16972893 5.14709497 2.90799485 2.50950795
8.16974396 5.14710110 2.90800894 2.50950800
8.16975871 5.14710705 2.90802265 2.50950804
8.16977319 5.14711282 2.90803599 2.50950808
8.16978740 5.14711842 2.90804898 2.50950812
8.16980134 5.14712385 2.90806161 2.50950816
8.16981503 5.14712912 2.90807391 2.50950820
8.16982845 5.14713423 2.90808588 2.50950823
8.16984163 5.14713918 2.90809753 2.50950827
8.16985455 5.14714399 2.90810887 2.50950830
8.16986724 5.14714865 2.90811991 2.50950833
8.16987968 5.14715316 2.90813066 2.50950836
8.16989190 5.14715755 2.90814112 2.50950838
8.16990388 5.14716179 2.90815130 2.50950841
8.16991563 5.14716591 2.90816122 2.50950843
8.16992716 5.14716990 2.90817087 2.50950846
8.16993848 5.14717377 2.90818027 2.50950848
8.16994958 5.14717752 2.90818942 2.50950850
8.16996046 5.14718116 2.90819834 2.50950852
8.16997115 5.14718468 2.90820701 2.50950854
8.16998162 5.14718809 2.90821547 2.50950856
8.16999190 5.14719140 2.90822370 2.50950858
8.17000199 5.14719460 2.90823171 2.50950860
8.17001188 5.14719770 2.90823952 2.50950862
8.17002158 5.14720071 2.90824713 2.50950863
8.17003110 5.14720362 2.90825453 2.50950865
8.17004043 5.14720644 2.90826175 2.50950866
8.17004959 5.14720917 2.90826878 2.50950868
8.17005857 5.14721182 2.90827562 2.50950869
8.17006738 5.14721438 2.90828230 2.50950870
8.17007602 5.14721686 2.90828879 2.50950871
8.17008449 5.14721926 2.90829513 2.50950873
8.17009280 5.14722158 2.90830130 2.50950874
8.17010095 5.14722383 2.90830731 2.50950875
8.17010894 5.14722601 2.90831317 2.50950876
