6.20117847 4.32962070 4.41898087 0.00451099
6.20132356 4.32971610 4.41886340 0.00451539
6.20146878 4.32981158 4.41874583 0.00451980
6.20161414 4.32990715 4.41862814 0.00452421
6.20175962 4.33000281 4.41851036 0.00452863
6.20190523 4.33009855 4.41839247 0.00453306
6.20205097 4.33019437 4.41827448 0.00453749
6.20219684 4.33029028 4.41815638 0.00454194
6.20234283 4.33038627 4.41803817 0.00454639
6.20248896 4.33048235 4.41791986 0.00455085
6.20263522 4.33057852 4.41780145 0.00455532
6.20278161 4.33067477 4.41768293 0.00455980
6.20292813 4.33077111 4.41756430 0.00456428
6.20307478 4.33086753 4.41744557 0.00456877
6.20322156 4.33096404 4.41732674 0.00457327
6.20336847 4.33106063 4.41720779 0.00457778
6.20351551 4.33115731 4.41708874 0.00458230
6.20366269 4.33125408 4.41696959 0.00458682
6.20381000 4.33135094 4.41685032 0.00459135
6.20395744 4.33144788 4.41673095 0.00459589
6.20410501 4.33154490 4.41661147 0.00460044
6.20425271 4.33164202 4.41649189 0.00460500
6.20440055 4.33173922 4.41637220 0.00460956
6.20454852 4.33183651 4.41625240 0.00461414
6.20469662 4.33193389 4.41613249 0.00461872
6.20484486 4.33203135 4.41601247 0.00462331
6.20499323 4.33212891 4.41589235 0.00462791
6.20514173 4.33222655 4.41577212 0.00463251
6.20529037 4.33232428 4.41565178 0.00463713
6.20543914 4.33242210 4.41553133 0.00464175
6.20558805 4.33252000 4.41541077 0.00464638
6.20573709 4.33261800 4.41529010 0.00465102
6.20588626 4.33271608 4.41516932 0.00465567
6.20603558 4.33281425 4.41504843 0.00466033
6.20618502 4.33291251 4.41492744 0.00466499
6.20633461 4.33301086 4.41480633 0.00466967
6.20648432 4.33310930 4.41468512 0.00467435
6.20663418 4.33320783 4.41456379 0.00467904
6.20678417 4.33330645 4.41444235 0.00468374
6.20693430 4.33340516 4.41432080 0.00468844
6.20708456 4.33350396 4.41419915 0.00469316
6.20723497 4.33360284 4.41407738 0.00469789
6.20738551 4.33370182 4.41395550 0.00470262
6.20753618 4.33380089 4.41383350 0.00470736
6.20768700 4.33390005 4.41371140 0.00471211
6.20783795 4.33399930 4.41358919 0.00471687
6.20798904 4.33409864 4.41346686 0.00472164
6.20814027 4.33419808 4.41334442 0.00472642
6.20829164 4.33429760 4.41322187 0.00473120
6.20844314 4.33439721 4.41309920 0.00473600
6.20859479 4.33449692 4.41297642 0.00474080
6.20874658 4.33459672 4.41285353 0.00474561
6.20889850 4.33469661 4.41273053 0.00475043
6.20905057 4.33479659 4.41260742 0.00475526
6.20920277 4.33489667 4.41248419 0.00476010
6.20935512 4.33499683 4.41236084 0.00476495
6.20950761 4.33509709 4.41223738 0.00476981
6.20966023 4.33519744 4.41211381 0.00477467
6.20981300 4.33529789 4.41199013 0.00477955
6.20996591 4.33539842 4.41186633 0.00478443
6.21011897 4.33549905 4.41174241 0.00478933
6.21027216 4.33559978 4.41161838 0.00479423
6.21042550 4.33570059 4.41149424 0.00479914
6.21057897 4.33580150 4.41136997 0.00480406
6.21073259 4.33590251 4.41124560 0.00480899
6.21088636 4.33600361 4.41112111 0.00481393
6.21104027 4.33610480 4.41099650 0.00481887
6.21119432 4.33620609 4.41087178 0.00482383
6.21134851 4.33630747 4.41074694 0.00482880
6.21150285 4.33640894 4.41062198 0.00483377
6.21165733 4.33651051 4.41049691 0.00483876
6.21181196 4.33661218 4.41037172 0.00484375
6.21196673 4.33671394 4.41024641 0.00484876
6.21212164 4.33681579 4.41012098 0.00485377
6.21227671 4.33691774 4.40999544 0.00485879
6.21243191 4.33701979 4.40986978 0.00486382
6.21258726 4.33712193 4.40974400 0.00486886
6.21274276 4.33722417 4.40961811 0.00487391
6.21289841 4.33732650 4.40949209 0.00487897
6.21305420 4.33742894 4.40936596 0.00488404
6.21321014 4.33753146 4.40923971 0.00488912
6.21336622 4.33763409 4.40911334 0.00489421
6.21352245 4.33773681 4.40898685 0.00489931
6.21367883 4.33783962 4.40886024 0.00490442
6.21383536 4.33794254 4.40873351 0.00490954
6.21399203 4.33804555 4.40860666 0.00491466
6.21414886 4.33814866 4.40847969 0.00491980
6.21430583 4.33825186 4.40835260 0.00492495
6.21446295 4.33835517 4.40822539 0.00493010
6.21462022 4.33845857 4.40809806 0.00493527
6.21477764 4.33856207 4.40797061 0.00494045
6.21493521 4.33866567 4.40784304 0.00494563
6.21509292 4.33876937 4.40771535 0.00495083
6.21525079 4.33887316 4.40758753 0.00495603
6.21540881 4.33897706 4.40745959 0.00496125
6.21556698 4.33908105 4.40733153 0.00496647
6.21572530 4.33918514 4.40720335 0.00497171
6.21588377 4.33928934 4.40707505 0.00497696
6.21604240 4.33939363 4.40694662 0.00498221
6.21620117 4.33949802 4.40681807 0.00498748
6.21636010 4.33960251 4.40668940 0.00499275
6.21651918 4.33970710 4.40656061 0.00499804
6.21667841 4.33981180 4.40643169 0.00500334
6.21683779 4.33991659 4.40630264 0.00500864
6.21699733 4.34002148 4.40617348 0.00501396
6.21715702 4.34012648 4.40604419 0.00501928
6.21731687 4.34023157 4.40591477 0.00502462
6.21747687 4.34033677 4.40578523 0.00502997
6.21763702 4.34044206 4.40565557 0.00503533
6.21779733 4.34054746 4.40552578 0.00504069
6.21795779 4.34065296 4.40539586 0.00504607
6.21811841 4.34075857 4.40526582 0.00505146
6.21827918 4.34086427 4.40513565 0.00505686
6.21844011 4.34097008 4.40500536 0.00506227
6.21860119 4.34107599 4.40487494 0.00506769
6.21876243 4.34118200 4.40474440 0.00507312
6.21892383 4.34128811 4.40461373 0.00507856
6.21908538 4.34139433 4.40448293 0.00508401
6.21924709 4.34150065 4.40435200 0.00508948
6.21940896 4.34160708 4.40422095 0.00509495
6.21957099 4.34171361 4.40408977 0.00510043
6.21973317 4.34182024 4.40395846 0.00510593
6.21989551 4.34192697 4.40382702 0.00511143
6.22005801 4.34203381 4.40369545 0.00511695
6.22022067 4.34214076 4.40356376 0.00512247
6.22038349 4.34224781 4.40343194 0.00512801
6.22054646 4.34235496 4.40329999 0.00513356
6.22070960 4.34246222 4.40316791 0.00513912
6.22087290 4.34256958 4.40303569 0.00514469
6.22103635 4.34267705 4.40290335 0.00515027
6.22119997 4.34278463 4.40277088 0.00515586
6.22136375 4.34289231 4.40263828 0.00516146
6.22152769 4.34300009 4.40250555 0.00516708
6.22169179 4.34310798 4.40237269 0.00517270
6.22185605 4.34321598 4.40223970 0.00517834
6.22202048 4.34332409 4.40210658 0.00518399
6.22218506 4.34343230 4.40197332 0.00518964
6.22234981 4.34354062 4.40183993 0.00519531
6.22251473 4.34364904 4.40170642 0.00520099
6.22267980 4.34375758 4.40157276 0.00520669
6.22284504 4.34386622 4.40143898 0.00521239
6.22301044 4.34397496 4.40130507 0.00521810
6.22317601 4.34408382 4.40117102 0.00522383
6.22334174 4.34419278 4.40103684 0.00522957
6.22350764 4.34430186 4.40090252 0.00523532
6.22367370 4.34441104 4.40076807 0.00524108
6.22383993 4.34452033 4.40063349 0.00524685
6.22400632 4.34462972 4.40049877 0.00525263
6.22417288 4.34473923 4.40036392 0.00525843
6.22433960 4.34484885 4.40022893 0.00526423
6.22450649 4.34495857 4.40009381 0.00527005
6.22467355 4.34506841 4.39995856 0.00527588
6.22484077 4.34517836 4.39982317 0.00528172
6.22500817 4.34528841 4.39968764 0.00528757
6.22517573 4.34539858 4.39955198 0.00529344
6.22534346 4.34550885 4.39941618 0.00529931
6.22551135 4.34561924 4.39928024 0.00530520
6.22567942 4.34572974 4.39914417 0.00531110
6.22584765 4.34584035 4.39900796 0.00531702
6.22601606 4.34595107 4.39887162 0.00532294
6.22618463 4.34606190 4.39873513 0.00532888
6.22635338 4.34617285 4.39859851 0.00533482
6.22652229 4.34628390 4.39846175 0.00534078
6.22669138 4.34639507 4.39832485 0.00534675
6.22686063 4.34650635 4.39818782 0.00535274
6.22703006 4.34661774 4.39805064 0.00535873
6.22719966 4.34672925 4.39791333 0.00536474
6.22736943 4.34684087 4.39777588 0.00537076
6.22753937 4.34695260 4.39763829 0.00537680
6.22770949 4.34706445 4.39750055 0.00538284
6.22787978 4.34717641 4.39736268 0.00538890
6.22805024 4.34728848 4.39722467 0.00539497
6.22822088 4.34740067 4.39708652 0.00540105
6.22839169 4.34751297 4.39694822 0.00540714
6.22856267 4.34762539 4.39680979 0.00541325
6.22873383 4.34773792 4.39667121 0.00541937
6.22890517 4.34785057 4.39653249 0.00542550
6.22907668 4.34796333 4.39639363 0.00543165
6.22924836 4.34807620 4.39625463 0.00543780
6.22942022 4.34818920 4.39611548 0.00544397
6.22959226 4.34830231 4.39597620 0.00545016
6.22976447 4.34841553 4.39583676 0.00545635
6.22993686 4.34852887 4.39569719 0.00546256
6.23010943 4.34864233 4.39555747 0.00546878
6.23028218 4.34875590 4.39541761 0.00547501
6.23045510 4.34886959 4.39527761 0.00548126
6.23062820 4.34898340 4.39513746 0.00548752
6.23080149 4.34909733 4.39499716 0.00549379
6.23097495 4.34921137 4.39485672 0.00550008
6.23114859 4.34932553 4.39471614 0.00550637
6.23132241 4.34943981 4.39457541 0.00551268
6.23149640 4.34955421 4.39443453 0.00551901
6.23167058 4.34966873 4.39429351 0.00552535
6.23184494 4.34978336 4.39415234 0.00553170
6.23201949 4.34989812 4.39401102 0.00553806
6.23219421 4.35001299 4.39386956 0.00554444
6.23236912 4.35012799 4.39372795 0.00555083
6.23254420 4.35024310 4.39358619 0.00555723
6.23271947 4.35035833 4.39344429 0.00556365
6.23289493 4.35047369 4.39330223 0.00557008
6.23307056 4.35058916 4.39316003 0.00557652
6.23324638 4.35070476 4.39301768 0.00558298
6.23342238 4.35082047 4.39287518 0.00558945
6.23359857 4.35093631 4.39273253 0.00559593
6.23377495 4.35105227 4.39258974 0.00560243
6.23395150 4.35116835 4.39244679 0.00560894
6.23412825 4.35128455 4.39230369 0.00561547
6.23430518 4.35140087 4.39216044 0.00562201
6.23448229 4.35151732 4.39201704 0.00562856
6.23465959 4.35163389 4.39187349 0.00563513
6.23483708 4.35175058 4.39172979 0.00564171
6.23501476 4.35186739 4.39158594 0.00564830
6.23519262 4.35198433 4.39144193 0.00565491
6.23537067 4.35210139 4.39129777 0.00566153
6.23554891 4.35221858 4.39115346 0.00566817
6.23572734 4.35233589 4.39100900 0.00567482
6.23590596 4.35245332 4.39086439 0.00568148
6.23608477 4.35257088 4.39071962 0.00568816
6.23626377 4.35268856 4.39057469 0.00569485
6.23644295 4.35280637 4.39042962 0.00570156
6.23662233 4.35292431 4.39028438 0.00570828
6.23680190 4.35304236 4.39013900 0.00571502
6.23698166 4.35316055 4.38999346 0.00572177
6.23716161 4.35327886 4.38984776 0.00572853
6.23734176 4.35339730 4.38970191 0.00573531
6.23752210 4.35351586 4.38955590 0.00574210
6.23770263 4.35363455 4.38940973 0.00574891
6.23788335 4.35375337 4.38926341 0.00575574
6.23806427 4.35387232 4.38911694 0.00576257
6.23824538 4.35399139 4.38897030 0.00576942
6.23842668 4.35411059 4.38882351 0.00577629
6.23860818 4.35422992 4.38867656 0.00578317
6.23878988 4.35434937 4.38852945 0.00579007
6.23897177 4.35446896 4.38838218 0.00579698
6.23915386 4.35458867 4.38823476 0.00580390
6.23933614 4.35470852 4.38808717 0.00581085
6.23951862 4.35482849 4.38793943 0.00581780
6.23970130 4.35494859 4.38779153 0.00582477
6.23988418 4.35506883 4.38764346 0.00583176
6.24006725 4.35518919 4.38749524 0.00583876
6.24025052 4.35530968 4.38734685 0.00584578
6.24043400 4.35543031 4.38719831 0.00585281
6.24061767 4.35555106 4.38704960 0.00585985
6.24080154 4.35567195 4.38690073 0.00586692
6.24098561 4.35579296 4.38675170 0.00587399
6.24116988 4.35591411 4.38660251 0.00588109
6.24135435 4.35603539 4.38645315 0.00588820
6.24153902 4.35615681 4.38630364 0.00589532
6.24172390 4.35627835 4.38615395 0.00590246
6.24190897 4.35640003 4.38600411 0.00590961
6.24209425 4.35652184 4.38585410 0.00591679
6.24227973 4.35664379 4.38570393 0.00592397
6.24246542 4.35676587 4.38555359 0.00593117
6.24265131 4.35688808 4.38540308 0.00593839
6.24283740 4.35701043 4.38525241 0.00594563
6.24302370 4.35713291 4.38510158 0.00595288
6.24321020 4.35725553 4.38495058 0.00596014
6.24339691 4.35737828 4.38479941 0.00596742
6.24358382 4.35750117 4.38464808 0.00597472
6.24377094 4.35762419 4.38449658 0.00598204
6.24395827 4.35774735 4.38434491 0.00598937
6.24414581 4.35787064 4.38419308 0.00599671
6.24433355 4.35799407 4.38404107 0.00600408
6.24452150 4.35811764 4.38388890 0.00601146
6.24470966 4.35824134 4.38373656 0.00601885
6.24489802 4.35836519 4.38358405 0.00602626
6.24508660 4.35848917 4.38343137 0.00603369
6.24527539 4.35861328 4.38327852 0.00604114
6.24546438 4.35873754 4.38312550 0.00604860
6.24565359 4.35886193 4.38297231 0.00605608
6.24584301 4.35898647 4.38281895 0.00606357
6.24603264 4.35911114 4.38266542 0.00607108
6.24622248 4.35923595 4.38251171 0.00607861
6.24641253 4.35936090 4.38235784 0.00608616
6.24660280 4.35948599 4.38220379 0.00609372
6.24679328 4.35961122 4.38204957 0.00610130
6.24698398 4.35973659 4.38189517 0.00610889
6.24717488 4.35986210 4.38174061 0.00611651
6.24736601 4.35998776 4.38158587 0.00612414
6.24755734 4.36011355 4.38143095 0.00613179
6.24774890 4.36023949 4.38127586 0.00613945
6.24794067 4.36036556 4.38112060 0.00614713
6.24813265 4.36049178 4.38096516 0.00615483
6.24832485 4.36061815 4.38080954 0.00616255
6.24851727 4.36074465 4.38065375 0.00617028
6.24870991 4.36087130 4.38049778 0.00617803
6.24890277 4.36099809 4.38034164 0.00618580
6.24909584 4.36112503 4.38018532 0.00619359
6.24928913 4.36125211 4.38002882 0.00620140
6.24948265 4.36137933 4.37987214 0.00620922
6.24967638 4.36150670 4.37971529 0.00621706
6.24987033 4.36163422 4.37955825 0.00622492
6.25006451 4.36176188 4.37940104 0.00623279
6.25025891 4.36188968 4.37924365 0.00624069
6.25045352 4.36201763 4.37908608 0.00624860
6.25064837 4.36214573 4.37892833 0.00625653
6.25084343 4.36227397 4.37877039 0.00626448
6.25103872 4.36240236 4.37861228 0.00627245
6.25123423 4.36253090 4.37845399 0.00628043
6.25142996 4.36265959 4.37829551 0.00628843
6.25162592 4.36278842 4.37813685 0.00629646
6.25182211 4.36291740 4.37797801 0.00630450
6.25201852 4.36304653 4.37781899 0.00631255
6.25221516 4.36317581 4.37765978 0.00632063
6.25241202 4.36330523 4.37750039 0.00632873
6.25260912 4.36343481 4.37734082 0.00633684
6.25280644 4.36356454 4.37718106 0.00634498
6.25300398 4.36369441 4.37702112 0.00635313
6.25320176 4.36382444 4.37686099 0.00636130
6.25339977 4.36395462 4.37670067 0.00636949
6.25359800 4.36408495 4.37654017 0.00637770
6.25379647 4.36421543 4.37637949 0.00638593
6.25399517 4.36434606 4.37621861 0.00639417
6.25419409 4.36447684 4.37605755 0.00640244
6.25439325 4.36460778 4.37589630 0.00641073
6.25459265 4.36473886 4.37573487 0.00641903
6.25479227 4.36487011 4.37557324 0.00642736
6.25499213 4.36500150 4.37541143 0.00643570
6.25519222 4.36513305 4.37524942 0.00644406
6.25539255 4.36526475 4.37508723 0.00645245
6.25559311 4.36539661 4.37492485 0.00646085
6.25579390 4.36552862 4.37476227 0.00646927
6.25599493 4.36566079 4.37459951 0.00647771
6.25619620 4.36579311 4.37443655 0.00648618
6.25639771 4.36592558 4.37427341 0.00649466
6.25659945 4.36605822 4.37411007 0.00650316
6.25680143 4.36619101 4.37394653 0.00651168
6.25700365 4.36632395 4.37378281 0.00652022
6.25720611 4.36645706 4.37361889 0.00652879
6.25740881 4.36659032 4.37345478 0.00653737
6.25761174 4.36672374 4.37329047 0.00654597
6.25781492 4.36685731 4.37312597 0.00655460
6.25801834 4.36699105 4.37296127 0.00656324
6.25822200 4.36712494 4.37279638 0.00657191
6.25842590 4.36725900 4.37263129 0.00658059
6.25863005 4.36739321 4.37246600 0.00658930
6.25883444 4.36752758 4.37230052 0.00659802
6.25903907 4.36766211 4.37213484 0.00660677
6.25924395 4.36779681 4.37196896 0.00661554
6.25944907 4.36793166 4.37180289 0.00662433
6.25965443 4.36806668 4.37163661 0.00663314
6.25986005 4.36820186 4.37147014 0.00664197
6.26006591 4.36833719 4.37130347 0.00665082
6.26027201 4.36847270 4.37113659 0.00665970
6.26047837 4.36860836 4.37096952 0.00666859
6.26068497 4.36874419 4.37080225 0.00667751
6.26089182 4.36888018 4.37063477 0.00668645
6.26109892 4.36901633 4.37046709 0.00669541
6.26130627 4.36915265 4.37029921 0.00670439
6.26151387 4.36928914 4.37013113 0.00671339
6.26172172 4.36942579 4.36996284 0.00672242
6.26192982 4.36956260 4.36979435 0.00673146
6.26213818 4.36969958 4.36962566 0.00674053
6.26234678 4.36983672 4.36945676 0.00674962
6.26255565 4.36997404 4.36928766 0.00675874
6.26276476 4.37011152 4.36911835 0.00676787
6.26297413 4.37024916 4.36894884 0.00677703
6.26318375 4.37038697 4.36877911 0.00678621
6.26339363 4.37052496 4.36860919 0.00679541
6.26360377 4.37066311 4.36843905 0.00680464
6.26381416 4.37080143 4.36826871 0.00681388
6.26402481 4.37093991 4.36809816 0.00682315
6.26423572 4.37107857 4.36792740 0.00683244
6.26444688 4.37121740 4.36775643 0.00684176
6.26465831 4.37135639 4.36758525 0.00685110
6.26486999 4.37149556 4.36741386 0.00686046
6.26508193 4.37163490 4.36724226 0.00686984
6.26529414 4.37177441 4.36707045 0.00687925
6.26550661 4.37191410 4.36689842 0.00688868
6.26571934 4.37205395 4.36672619 0.00689813
6.26593233 4.37219398 4.36655374 0.00690761
6.26614558 4.37233418 4.36638108 0.00691711
6.26635910 4.37247455 4.36620820 0.00692663
6.26657288 4.37261510 4.36603511 0.00693618
6.26678693 4.37275582 4.36586181 0.00694575
6.26700124 4.37289672 4.36568829 0.00695535
6.26721582 4.37303779 4.36551456 0.00696497
6.26743067 4.37317904 4.36534061 0.00697461
6.26764579 4.37332046 4.36516644 0.00698428
6.26786117 4.37346206 4.36499206 0.00699397
6.26807682 4.37360383 4.36481746 0.00700368
6.26829274 4.37374579 4.36464264 0.00701342
6.26850893 4.37388792 4.36446760 0.00702319
6.26872539 4.37403022 4.36429234 0.00703298
6.26894213 4.37417271 4.36411686 0.00704279
6.26915913 4.37431537 4.36394117 0.00705263
6.26937641 4.37445822 4.36376525 0.00706249
6.26959396 4.37460124 4.36358911 0.00707238
6.26981178 4.37474445 4.36341275 0.00708229
6.27002988 4.37488783 4.36323616 0.00709222
6.27024825 4.37503140 4.36305936 0.00710219
6.27046690 4.37517514 4.36288233 0.00711217
6.27068583 4.37531907 4.36270508 0.00712219
6.27090503 4.37546318 4.36252760 0.00713222
6.27112451 4.37560747 4.36234990 0.00714229
6.27134427 4.37575195 4.36217197 0.00715238
6.27156431 4.37589661 4.36199382 0.00716249
6.27178463 4.37604145 4.36181544 0.00717263
6.27200522 4.37618648 4.36163683 0.00718280
6.27222610 4.37633169 4.36145799 0.00719299
6.27244726 4.37647709 4.36127893 0.00720321
6.27266871 4.37662267 4.36109964 0.00721345
6.27289043 4.37676844 4.36092012 0.00722372
6.27311244 4.37691439 4.36074037 0.00723402
6.27333474 4.37706054 4.36056039 0.00724434
6.27355732 4.37720686 4.36038018 0.00725469
6.27378018 4.37735338 4.36019974 0.00726507
6.27400333 4.37750009 4.36001906 0.00727547
6.27422677 4.37764698 4.35983816 0.00728590
6.27445050 4.37779407 4.35965702 0.00729636
6.27467451 4.37794134 4.35947564 0.00730684
6.27489882 4.37808880 4.35929403 0.00731735
6.27512341 4.37823645 4.35911219 0.00732789
6.27534830 4.37838430 4.35893012 0.00733845
6.27557347 4.37853234 4.35874780 0.00734905
6.27579894 4.37868056 4.35856525 0.00735967
6.27602470 4.37882898 4.35838247 0.00737031
6.27625075 4.37897760 4.35819944 0.00738099
6.27647710 4.37912640 4.35801618 0.00739169
6.27670374 4.37927540 4.35783268 0.00740242
6.27693068 4.37942460 4.35764894 0.00741318
6.27715791 4.37957399 4.35746496 0.00742397
6.27738545 4.37972357 4.35728074 0.00743479
6.27761327 4.37987335 4.35709628 0.00744563
6.27784140 4.38002333 4.35691157 0.00745650
6.27806983 4.38017350 4.35672663 0.00746740
6.27829856 4.38032387 4.35654144 0.00747833
6.27852758 4.38047444 4.35635601 0.00748929
6.27875691 4.38062520 4.35617033 0.00750028
6.27898654 4.38077617 4.35598441 0.00751129
6.27921647 4.38092733 4.35579825 0.00752234
6.27944671 4.38107869 4.35561183 0.00753341
6.27967725 4.38123026 4.35542518 0.00754452
6.27990810 4.38138202 4.35523827 0.00755565
6.28013925 4.38153398 4.35505112 0.00756681
6.28037071 4.38168615 4.35486372 0.00757800
6.28060247 4.38183852 4.35467607 0.00758922
6.28083455 4.38199109 4.35448817 0.00760048
6.28106693 4.38214386 4.35430002 0.00761176
6.28129962 4.38229684 4.35411162 0.00762307
6.28153262 4.38245002 4.35392297 0.00763441
6.28176594 4.38260340 4.35373407 0.00764578
6.28199956 4.38275699 4.35354492 0.00765719
6.28223350 4.38291079 4.35335551 0.00766862
6.28246775 4.38306479 4.35316584 0.00768008
6.28270232 4.38321900 4.35297593 0.00769158
6.28293720 4.38337342 4.35278576 0.00770310
6.28317240 4.38352804 4.35259533 0.00771466
6.28340791 4.38368287 4.35240465 0.00772625
6.28364374 4.38383791 4.35221371 0.00773787
6.28387989 4.38399316 4.35202251 0.00774952
6.28411636 4.38414862 4.35183105 0.00776120
6.28435315 4.38430429 4.35163933 0.00777291
6.28459025 4.38446017 4.35144736 0.00778466
6.28482768 4.38461626 4.35125512 0.00779644
6.28506544 4.38477256 4.35106263 0.00780824
6.28530351 4.38492907 4.35086987 0.00782009
6.28554191 4.38508580 4.35067685 0.00783196
6.28578063 4.38524274 4.35048357 0.00784387
6.28601968 4.38539990 4.35029002 0.00785580
6.28625906 4.38555727 4.35009621 0.00786777
6.28649876 4.38571485 4.34990214 0.00787978
6.28673879 4.38587265 4.34970779 0.00789182
6.28697915 4.38603067 4.34951319 0.00790388
6.28721984 4.38618890 4.34931831 0.00791599
6.28746086 4.38634735 4.34912317 0.00792812
6.28770221 4.38650602 4.34892776 0.00794029
6.28794389 4.38666491 4.34873208 0.00795250
6.28818591 4.38682401 4.34853613 0.00796473
6.28842826 4.38698334 4.34833991 0.00797700
6.28867094 4.38714288 4.34814342 0.00798931
6.28891396 4.38730265 4.34794666 0.00800165
6.28915732 4.38746264 4.34774963 0.00801402
6.28940101 4.38762284 4.34755232 0.00802643
6.28964504 4.38778328 4.34735474 0.00803887
6.28988942 4.38794393 4.34715688 0.00805134
6.29013413 4.38810481 4.34695875 0.00806385
6.29037918 4.38826591 4.34676035 0.00807640
6.29062457 4.38842723 4.34656166 0.00808898
6.29087031 4.38858878 4.34636270 0.00810160
6.29111639 4.38875056 4.34616346 0.00811425
6.29136281 4.38891256 4.34596395 0.00812693
6.29160958 4.38907479 4.34576415 0.00813966
6.29185670 4.38923725 4.34556407 0.00815241
6.29210416 4.38939994 4.34536371 0.00816521
6.29235197 4.38956285 4.34516307 0.00817804
6.29260013 4.38972599 4.34496215 0.00819090
6.29284864 4.38988937 4.34476094 0.00820381
6.29309750 4.39005297 4.34455945 0.00821674
6.29334671 4.39021681 4.34435768 0.00822972
6.29359628 4.39038087 4.34415562 0.00824273
6.29384619 4.39054517 4.34395327 0.00825578
6.29409647 4.39070971 4.34375064 0.00826887
6.29434709 4.39087447 4.34354772 0.00828199
6.29459808 4.39103947 4.34334451 0.00829515
6.29484942 4.39120471 4.34314101 0.00830835
6.29510112 4.39137018 4.34293722 0.00832158
6.29535317 4.39153588 4.34273314 0.00833486
6.29560559 4.39170183 4.34252877 0.00834817
6.29585837 4.39186801 4.34232410 0.00836152
6.29611151 4.39203443 4.34211915 0.00837491
6.29636502 4.39220108 4.34191390 0.00838833
6.29661889 4.39236798 4.34170835 0.00840180
6.29687312 4.39253511 4.34150251 0.00841530
6.29712772 4.39270249 4.34129637 0.00842884
6.29738268 4.39287011 4.34108994 0.00844243
6.29763802 4.39303797 4.34088321 0.00845605
6.29789372 4.39320607 4.34067618 0.00846971
6.29814979 4.39337441 4.34046885 0.00848341
6.29840623 4.39354300 4.34026122 0.00849715
6.29866305 4.39371184 4.34005329 0.00851093
6.29892024 4.39388091 4.33984505 0.00852474
6.29917780 4.39405024 4.33963652 0.00853860
6.29943573 4.39421981 4.33942768 0.00855250
6.29969405 4.39438963 4.33921854 0.00856644
6.29995273 4.39455969 4.33900909 0.00858043
6.30021180 4.39473000 4.33879933 0.00859445
6.30047125 4.39490057 4.33858927 0.00860851
6.30073107 4.39507138 4.33837890 0.00862262
6.30099128 4.39524244 4.33816823 0.00863676
6.30125187 4.39541375 4.33795724 0.00865095
6.30151284 4.39558532 4.33774594 0.00866518
6.30177419 4.39575714 4.33753434 0.00867945
6.30203593 4.39592921 4.33732242 0.00869376
6.30229806 4.39610153 4.33711019 0.00870812
6.30256057 4.39627411 4.33689764 0.00872252
6.30282348 4.39644695 4.33668478 0.00873696
6.30308677 4.39662004 4.33647161 0.00875144
6.30335045 4.39679338 4.33625811 0.00876597
6.30361452 4.39696699 4.33604431 0.00878054
6.30387899 4.39714085 4.33583018 0.00879515
6.30414385 4.39731497 4.33561573 0.00880981
6.30440910 4.39748935 4.33540097 0.00882451
6.30467475 4.39766399 4.33518589 0.00883925
6.30494080 4.39783889 4.33497048 0.00885404
6.30520725 4.39801406 4.33475475 0.00886887
6.30547409 4.39818948 4.33453870 0.00888375
6.30574133 4.39836517 4.33432232 0.00889867
6.30600898 4.39854112 4.33410562 0.00891364
6.30627703 4.39871734 4.33388860 0.00892865
6.30654548 4.39889382 4.33367124 0.00894370
6.30681434 4.39907057 4.33345356 0.00895881
6.30708360 4.39924759 4.33323555 0.00897395
6.30735327 4.39942487 4.33301721 0.00898915
6.30762335 4.39960242 4.33279854 0.00900439
6.30789383 4.39978024 4.33257954 0.00901967
6.30816473 4.39995833 4.33236021 0.00903501
6.30843604 4.40013669 4.33214054 0.00905039
6.30870776 4.40031532 4.33192054 0.00906581
6.30897990 4.40049423 4.33170021 0.00908128
6.30925245 4.40067340 4.33147953 0.00909680
6.30952541 4.40085285 4.33125852 0.00911237
6.30979880 4.40103258 4.33103718 0.00912799
6.31007260 4.40121258 4.33081549 0.00914365
6.31034682 4.40139285 4.33059347 0.00915936
6.31062147 4.40157341 4.33037110 0.00917512
6.31089653 4.40175424 4.33014839 0.00919093
6.31117202 4.40193534 4.32992534 0.00920679
6.31144794 4.40211673 4.32970194 0.00922269
6.31172428 4.40229840 4.32947820 0.00923865
6.31200104 4.40248035 4.32925412 0.00925465
6.31227824 4.40266258 4.32902968 0.00927071
6.31255586 4.40284509 4.32880490 0.00928681
6.31283392 4.40302788 4.32857978 0.00930296
6.31311241 4.40321096 4.32835430 0.00931917
6.31339133 4.40339433 4.32812847 0.00933542
6.31367068 4.40357798 4.32790229 0.00935173
6.31395047 4.40376191 4.32767575 0.00936808
6.31423070 4.40394613 4.32744886 0.00938449
6.31451137 4.40413064 4.32722162 0.00940095
6.31479247 4.40431544 4.32699402 0.00941746
6.31507402 4.40450053 4.32676607 0.00943402
6.31535600 4.40468591 4.32653775 0.00945063
6.31563844 4.40487159 4.32630908 0.00946730
6.31592131 4.40505755 4.32608005 0.00948402
6.31620463 4.40524381 4.32585066 0.00950079
6.31648840 4.40543036 4.32562090 0.00951762
6.31677262 4.40561720 4.32539078 0.00953449
6.31705729 4.40580434 4.32516030 0.00955143
6.31734241 4.40599178 4.32492945 0.00956841
6.31762798 4.40617952 4.32469824 0.00958545
6.31791400 4.40636755 4.32446665 0.00960254
6.31820048 4.40655588 4.32423470 0.00961969
6.31848742 4.40674452 4.32400238 0.00963689
6.31877482 4.40693345 4.32376969 0.00965415
6.31906267 4.40712269 4.32353663 0.00967146
6.31935098 4.40731223 4.32330319 0.00968883
6.31963976 4.40750207 4.32306938 0.00970626
6.31992900 4.40769222 4.32283520 0.00972374
6.32021870 4.40788267 4.32260064 0.00974127
6.32050887 4.40807343 4.32236570 0.00975886
6.32079951 4.40826449 4.32213038 0.00977651
6.32109062 4.40845587 4.32189469 0.00979422
6.32138220 4.40864755 4.32165861 0.00981198
6.32167424 4.40883954 4.32142215 0.00982980
6.32196677 4.40903185 4.32118531 0.00984768
6.32225976 4.40922446 4.32094808 0.00986562
6.32255323 4.40941739 4.32071047 0.00988361
6.32284718 4.40961063 4.32047247 0.00990167
6.32314161 4.40980419 4.32023409 0.00991978
6.32343652 4.40999806 4.31999531 0.00993795
6.32373191 4.41019225 4.31975615 0.00995618
6.32402778 4.41038676 4.31951659 0.00997448
6.32432414 4.41058159 4.31927665 0.00999283
6.32462098 4.41077673 4.31903630 0.01001124
6.32491831 4.41097220 4.31879557 0.01002971
6.32521613 4.41116799 4.31855443 0.01004824
6.32551445 4.41136409 4.31831291 0.01006684
6.32581325 4.41156053 4.31807098 0.01008549
6.32611254 4.41175729 4.31782865 0.01010421
6.32641234 4.41195437 4.31758592 0.01012299
6.32671262 4.41215178 4.31734279 0.01014183
6.32701341 4.41234951 4.31709926 0.01016073
6.32731469 4.41254758 4.31685532 0.01017970
6.32761648 4.41274597 4.31661098 0.01019873
6.32791877 4.41294470 4.31636623 0.01021782
6.32822156 4.41314375 4.31612107 0.01023698
6.32852486 4.41334314 4.31587550 0.01025620
6.32882867 4.41354286 4.31562952 0.01027548
6.32913298 4.41374292 4.31538313 0.01029484
6.32943781 4.41394331 4.31513633 0.01031425
6.32974314 4.41414404 4.31488911 0.01033373
6.33004900 4.41434511 4.31464147 0.01035328
6.33035536 4.41454651 4.31439342 0.01037289
6.33066225 4.41474826 4.31414495 0.01039257
6.33096965 4.41495034 4.31389606 0.01041231
6.33127757 4.41515277 4.31364675 0.01043212
6.33158601 4.41535554 4.31339702 0.01045200
6.33189498 4.41555865 4.31314686 0.01047195
6.33220447 4.41576211 4.31289628 0.01049196
6.33251449 4.41596592 4.31264527 0.01051204
6.33282503 4.41617007 4.31239383 0.01053220
6.33313611 4.41637457 4.31214197 0.01055242
6.33344772 4.41657942 4.31188967 0.01057270
6.33375986 4.41678462 4.31163694 0.01059306
6.33407254 4.41699017 4.31138378 0.01061349
6.33438575 4.41719608 4.31113019 0.01063399
6.33469950 4.41740234 4.31087615 0.01065456
6.33501379 4.41760895 4.31062169 0.01067520
6.33532862 4.41781592 4.31036678 0.01069591
6.33564400 4.41802325 4.31011143 0.01071669
6.33595992 4.41823094 4.30985564 0.01073755
6.33627639 4.41843898 4.30959941 0.01075848
6.33659341 4.41864739 4.30934274 0.01077947
6.33691098 4.41885616 4.30908561 0.01080055
6.33722910 4.41906529 4.30882805 0.01082169
6.33754777 4.41927478 4.30857003 0.01084291
6.33786700 4.41948464 4.30831156 0.01086421
6.33818679 4.41969487 4.30805264 0.01088558
6.33850714 4.41990547 4.30779327 0.01090702
6.33882804 4.42011643 4.30753344 0.01092854
6.33914952 4.42032776 4.30727316 0.01095013
6.33947155 4.42053947 4.30701242 0.01097180
6.33979415 4.42075155 4.30675122 0.01099355
6.34011733 4.42096400 4.30648957 0.01101537
6.34044107 4.42117682 4.30622745 0.01103727
6.34076538 4.42139003 4.30596486 0.01105925
6.34109027 4.42160361 4.30570181 0.01108131
6.34141573 4.42181756 4.30543830 0.01110344
6.34174178 4.42203190 4.30517432 0.01112565
6.34206840 4.42224662 4.30490986 0.01114795
6.34239560 4.42246172 4.30464494 0.01117032
6.34272339 4.42267721 4.30437955 0.01119277
6.34305176 4.42289308 4.30411368 0.01121530
6.34338072 4.42310934 4.30384733 0.01123791
6.34371027 4.42332598 4.30358051 0.01126061
6.34404041 4.42354301 4.30331321 0.01128338
6.34437114 4.42376043 4.30304543 0.01130624
6.34470247 4.42397825 4.30277716 0.01132918
6.34503440 4.42419645 4.30250842 0.01135220
6.34536692 4.42441505 4.30223918 0.01137530
6.34570005 4.42463405 4.30196947 0.01139849
6.34603378 4.42485344 4.30169926 0.01142177
6.34636811 4.42507323 4.30142856 0.01144512
6.34670305 4.42529342 4.30115737 0.01146857
6.34703860 4.42551401 4.30088569 0.01149209
6.34737477 4.42573500 4.30061351 0.01151571
6.34771154 4.42595639 4.30034084 0.01153941
6.34804893 4.42617819 4.30006767 0.01156320
6.34838694 4.42640040 4.29979400 0.01158707
6.34872557 4.42662301 4.29951982 0.01161103
6.34906482 4.42684603 4.29924514 0.01163508
6.34940470 4.42706946 4.29896996 0.01165922
6.34974519 4.42729330 4.29869427 0.01168345
6.35008632 4.42751756 4.29841808 0.01170776
6.35042808 4.42774223 4.29814137 0.01173217
6.35077047 4.42796731 4.29786415 0.01175667
6.35111349 4.42819281 4.29758642 0.01178125
6.35145716 4.42841873 4.29730817 0.01180593
6.35180146 4.42864507 4.29702940 0.01183071
6.35214640 4.42887183 4.29675012 0.01185557
6.35249198 4.42909902 4.29647031 0.01188053
6.35283821 4.42932663 4.29618998 0.01190558
6.35318509 4.42955466 4.29590913 0.01193072
6.35353261 4.42978312 4.29562775 0.01195596
6.35388079 4.43001201 4.29534585 0.01198129
6.35422963 4.43024133 4.29506341 0.01200672
6.35457912 4.43047108 4.29478044 0.01203224
6.35492927 4.43070127 4.29449694 0.01205786
6.35528008 4.43093189 4.29421290 0.01208358
6.35563155 4.43116294 4.29392833 0.01210939
6.35598369 4.43139444 4.29364322 0.01213531
6.35633650 4.43162637 4.29335756 0.01216132
6.35668997 4.43185874 4.29307136 0.01218743
6.35704412 4.43209156 4.29278462 0.01221364
6.35739895 4.43232482 4.29249733 0.01223995
6.35775445 4.43255852 4.29220950 0.01226636
6.35811064 4.43279267 4.29192111 0.01229287
6.35846750 4.43302727 4.29163217 0.01231948
6.35882505 4.43326233 4.29134268 0.01234620
6.35918329 4.43349783 4.29105263 0.01237302
6.35954222 4.43373378 4.29076202 0.01239994
6.35990184 4.43397019 4.29047085 0.01242696
6.36026215 4.43420706 4.29017912 0.01245409
6.36062316 4.43444438 4.28988682 0.01248133
6.36098487 4.43468217 4.28959396 0.01250867
6.36134728 4.43492041 4.28930053 0.01253612
6.36171040 4.43515912 4.28900653 0.01256367
6.36207422 4.43539829 4.28871196 0.01259133
6.36243875 4.43563793 4.28841681 0.01261910
6.36280400 4.43587804 4.28812108 0.01264698
6.36316995 4.43611862 4.28782478 0.01267497
6.36353663 4.43635967 4.28752790 0.01270306
6.36390403 4.43660119 4.28723043 0.01273127
6.36427214 4.43684319 4.28693238 0.01275959
6.36464099 4.43708566 4.28663375 0.01278802
6.36501056 4.43732861 4.28633452 0.01281656
6.36538086 4.43757204 4.28603470 0.01284522
6.36575189 4.43781596 4.28573429 0.01287399
6.36612366 4.43806035 4.28543328 0.01290287
6.36649617 4.43830524 4.28513168 0.01293187
6.36686941 4.43855060 4.28482947 0.01296098
6.36724340 4.43879646 4.28452667 0.01299021
6.36761814 4.43904281 4.28422326 0.01301956
6.36799363 4.43928965 4.28391924 0.01304902
6.36836987 4.43953699 4.28361462 0.01307860
6.36874686 4.43978482 4.28330938 0.01310831
6.36912461 4.44003315 4.28300353 0.01313813
6.36950312 4.44028197 4.28269706 0.01316807
6.36988240 4.44053130 4.28238998 0.01319813
6.37026243 4.44078114 4.28208228 0.01322831
6.37064324 4.44103148 4.28177395 0.01325862
6.37102482 4.44128232 4.28146500 0.01328905
6.37140718 4.44153368 4.28115543 0.01331960
6.37179031 4.44178554 4.28084522 0.01335028
6.37217422 4.44203792 4.28053438 0.01338108
6.37255891 4.44229081 4.28022291 0.01341200
6.37294439 4.44254422 4.27991080 0.01344306
6.37333066 4.44279815 4.27959805 0.01347424
6.37371772 4.44305260 4.27928467 0.01350555
6.37410558 4.44330757 4.27897063 0.01353699
6.37449423 4.44356307 4.27865596 0.01356855
6.37488369 4.44381909 4.27834063 0.01360025
6.37527394 4.44407564 4.27802465 0.01363208
6.37566501 4.44433272 4.27770802 0.01366404
6.37605689 4.44459034 4.27739074 0.01369614
6.37644957 4.44484848 4.27707279 0.01372836
6.37684308 4.44510717 4.27675418 0.01376072
6.37723740 4.44536639 4.27643492 0.01379322
6.37763255 4.44562616 4.27611498 0.01382585
6.37802852 4.44588646 4.27579438 0.01385862
6.37842532 4.44614732 4.27547310 0.01389153
6.37882296 4.44640871 4.27515115 0.01392457
6.37922142 4.44667066 4.27482853 0.01395775
6.37962073 4.44693316 4.27450523 0.01399107
6.38002088 4.44719621 4.27418124 0.01402454
6.38042187 4.44745982 4.27385657 0.01405814
6.38082371 4.44772398 4.27353122 0.01409189
6.38122640 4.44798871 4.27320517 0.01412578
6.38162995 4.44825399 4.27287844 0.01415982
6.38203436 4.44851984 4.27255101 0.01419399
6.38243962 4.44878626 4.27222288 0.01422832
6.38284575 4.44905325 4.27189405 0.01426279
6.38325275 4.44932080 4.27156452 0.01429741
6.38366062 4.44958893 4.27123428 0.01433218
6.38406937 4.44985763 4.27090333 0.01436710
6.38447899 4.45012691 4.27057168 0.01440217
6.38488950 4.45039678 4.27023930 0.01443738
6.38530089 4.45066722 4.26990622 0.01447276
6.38571317 4.45093825 4.26957241 0.01450828
6.38612635 4.45120986 4.26923788 0.01454396
6.38654041 4.45148206 4.26890262 0.01457979
6.38695538 4.45175486 4.26856664 0.01461578
6.38737125 4.45202824 4.26822992 0.01465193
6.38778803 4.45230223 4.26789247 0.01468823
6.38820572 4.45257681 4.26755429 0.01472469
6.38862432 4.45285199 4.26721536 0.01476132
6.38904384 4.45312778 4.26687569 0.01479810
6.38946428 4.45340417 4.26653528 0.01483504
6.38988565 4.45368117 4.26619411 0.01487215
6.39030794 4.45395878 4.26585220 0.01490942
6.39073117 4.45423700 4.26550953 0.01494686
6.39115533 4.45451584 4.26516610 0.01498446
6.39158044 4.45479530 4.26482191 0.01502223
6.39200648 4.45507537 4.26447695 0.01506017
6.39243348 4.45535607 4.26413123 0.01509828
6.39286143 4.45563740 4.26378474 0.01513655
6.39329033 4.45591935 4.26343747 0.01517500
6.39372019 4.45620193 4.26308943 0.01521362
6.39415101 4.45648515 4.26274061 0.01525241
6.39458280 4.45676900 4.26239100 0.01529138
6.39501557 4.45705349 4.26204061 0.01533052
6.39544930 4.45733863 4.26168943 0.01536984
6.39588402 4.45762440 4.26133746 0.01540934
6.39631972 4.45791082 4.26098469 0.01544902
6.39675641 4.45819789 4.26063112 0.01548888
6.39719409 4.45848562 4.26027675 0.01552891
6.39763276 4.45877399 4.25992157 0.01556913
6.39807243 4.45906303 4.25956558 0.01560954
6.39851311 4.45935272 4.25920878 0.01565013
6.39895480 4.45964308 4.25885116 0.01569090
6.39939750 4.45993410 4.25849273 0.01573186
6.39984121 4.46022579 4.25813347 0.01577301
6.40028594 4.46051815 4.25777338 0.01581435
6.40073170 4.46081119 4.25741247 0.01585589
6.40117849 4.46110490 4.25705072 0.01589761
6.40162632 4.46139929 4.25668813 0.01593953
6.40207518 4.46169436 4.25632471 0.01598164
6.40252508 4.46199012 4.25596044 0.01602394
6.40297603 4.46228657 4.25559532 0.01606645
6.40342803 4.46258371 4.25522935 0.01610915
6.40388109 4.46288154 4.25486253 0.01615205
6.40433521 4.46318007 4.25449485 0.01619516
6.40479039 4.46347930 4.25412630 0.01623846
6.40524664 4.46377923 4.25375689 0.01628197
6.40570397 4.46407986 4.25338661 0.01632569
6.40616237 4.46438121 4.25301546 0.01636961
6.40662186 4.46468327 4.25264343 0.01641374
6.40708243 4.46498604 4.25227052 0.01645808
6.40754410 4.46528954 4.25189672 0.01650263
6.40800687 4.46559375 4.25152204 0.01654739
6.40847073 4.46589869 4.25114646 0.01659236
6.40893571 4.46620435 4.25076999 0.01663756
6.40940179 4.46651075 4.25039262 0.01668296
6.40986899 4.46681788 4.25001434 0.01672859
6.41033732 4.46712575 4.24963516 0.01677443
6.41080677 4.46743435 4.24925506 0.01682050
6.41127735 4.46774371 4.24887405 0.01686678
6.41174907 4.46805380 4.24849212 0.01691329
6.41222193 4.46836465 4.24810926 0.01696003
6.41269593 4.46867626 4.24772548 0.01700699
6.41317109 4.46898861 4.24734076 0.01705419
6.41364740 4.46930173 4.24695511 0.01710161
6.41412488 4.46961562 4.24656851 0.01714926
6.41460352 4.46993027 4.24618097 0.01719715
6.41508333 4.47024569 4.24579249 0.01724527
6.41556432 4.47056188 4.24540305 0.01729363
6.41604649 4.47087885 4.24501265 0.01734223
6.41652986 4.47119660 4.24462129 0.01739107
6.41701441 4.47151514 4.24422896 0.01744014
6.41750016 4.47183446 4.24383567 0.01748947
6.41798712 4.47215458 4.24344140 0.01753903
6.41847528 4.47247549 4.24304615 0.01758884
6.41896466 4.47279720 4.24264991 0.01763891
6.41945526 4.47311971 4.24225269 0.01768922
6.41994709 4.47344303 4.24185448 0.01773978
6.42044015 4.47376715 4.24145527 0.01779060
6.42093444 4.47409209 4.24105506 0.01784167
6.42142998 4.47441785 4.24065384 0.01789300
6.42192676 4.47474443 4.24025161 0.01794459
6.42242480 4.47507183 4.23984836 0.01799644
6.42292410 4.47540006 4.23944410 0.01804855
6.42342467 4.47572912 4.23903881 0.01810093
6.42392651 4.47605902 4.23863249 0.01815357
6.42442962 4.47638975 4.23822514 0.01820648
6.42493402 4.47672133 4.23781674 0.01825967
6.42543970 4.47705376 4.23740731 0.01831312
6.42594668 4.47738704 4.23699682 0.01836685
6.42645497 4.47772118 4.23658529 0.01842086
6.42696456 4.47805617 4.23617269 0.01847514
6.42747546 4.47839203 4.23575903 0.01852970
6.42798768 4.47872875 4.23534430 0.01858455
6.42850123 4.47906635 4.23492850 0.01863968
6.42901611 4.47940482 4.23451162 0.01869510
6.42953233 4.47974417 4.23409365 0.01875080
6.43004990 4.48008441 4.23367460 0.01880680
6.43056881 4.48042553 4.23325446 0.01886309
6.43108908 4.48076755 4.23283321 0.01891967
6.43161072 4.48111046 4.23241086 0.01897656
6.43213373 4.48145428 4.23198740 0.01903374
6.43265811 4.48179900 4.23156283 0.01909122
6.43318388 4.48214462 4.23113713 0.01914901
6.43371103 4.48249117 4.23071031 0.01920710
6.43423959 4.48283863 4.23028236 0.01926550
6.43476955 4.48318701 4.22985327 0.01932421
6.43530091 4.48353632 4.22942304 0.01938324
6.43583370 4.48388656 4.22899167 0.01944258
6.43636791 4.48423774 4.22855914 0.01950224
6.43690355 4.48458985 4.22812545 0.01956222
6.43744062 4.48494292 4.22769060 0.01962252
6.43797914 4.48529693 4.22725458 0.01968314
6.43851912 4.48565190 4.22681738 0.01974410
6.43906055 4.48600782 4.22637900 0.01980538
6.43960345 4.48636471 4.22593943 0.01986700
6.44014782 4.48672257 4.22549868 0.01992895
6.44069367 4.48708140 4.22505672 0.01999124
6.44124102 4.48744121 4.22461356 0.02005387
6.44178985 4.48780201 4.22416918 0.02011684
6.44234019 4.48816379 4.22372359 0.02018016
6.44289204 4.48852656 4.22327678 0.02024382
6.44344541 4.48889033 4.22282874 0.02030784
6.44400030 4.48925511 4.22237946 0.02037221
6.44455672 4.48962089 4.22192895 0.02043694
6.44511469 4.48998768 4.22147718 0.02050202
6.44567420 4.49035549 4.22102417 0.02056747
6.44623527 4.49072433 4.22056989 0.02063328
6.44679790 4.49109419 4.22011434 0.02069946
6.44736210 4.49146508 4.21965753 0.02076601
6.44792789 4.49183702 4.21919943 0.02083293
6.44849526 4.49221000 4.21874005 0.02090023
6.44906423 4.49258402 4.21827938 0.02096791
6.44963480 4.49295910 4.21781741 0.02103597
6.45020698 4.49333524 4.21735413 0.02110442
6.45078079 4.49371245 4.21688954 0.02117326
6.45135622 4.49409073 4.21642364 0.02124248
6.45193329 4.49447008 4.21595640 0.02131210
6.45251200 4.49485051 4.21548784 0.02138212
6.45309237 4.49523203 4.21501794 0.02145254
6.45367440 4.49561465 4.21454669 0.02152337
6.45425810 4.49599836 4.21407408 0.02159460
6.45484348 4.49638318 4.21360012 0.02166624
6.45543055 4.49676910 4.21312479 0.02173830
6.45601932 4.49715614 4.21264809 0.02181077
6.45660979 4.49754431 4.21217000 0.02188367
6.45720198 4.49793360 4.21169053 0.02195699
6.45779590 4.49832402 4.21120966 0.02203074
6.45839154 4.49871559 4.21072738 0.02210491
6.45898893 4.49910830 4.21024370 0.02217953
6.45958807 4.49950216 4.20975860 0.02225458
6.46018897 4.49989717 4.20927207 0.02233007
6.46079164 4.50029336 4.20878411 0.02240601
6.46139609 4.50069071 4.20829471 0.02248240
6.46200233 4.50108923 4.20780386 0.02255924
6.46261036 4.50148894 4.20731155 0.02263654
6.46322021 4.50188984 4.20681778 0.02271430
6.46383187 4.50229193 4.20632254 0.02279253
6.46444536 4.50269523 4.20582582 0.02287122
6.46506069 4.50309973 4.20532761 0.02295038
6.46567787 4.50350545 4.20482790 0.02303003
6.46629690 4.50391239 4.20432669 0.02311015
6.46691780 4.50432055 4.20382397 0.02319075
6.46754058 4.50472995 4.20331973 0.02327185
6.46816525 4.50514059 4.20281396 0.02335344
6.46879181 4.50555248 4.20230665 0.02343552
6.46942029 4.50596563 4.20179780 0.02351811
6.47005068 4.50638003 4.20128739 0.02360120
6.47068300 4.50679571 4.20077542 0.02368480
6.47131726 4.50721265 4.20026188 0.02376891
6.47195348 4.50763089 4.19974676 0.02385355
6.47259165 4.50805041 4.19923005 0.02393870
6.47323180 4.50847123 4.19871175 0.02402439
6.47387393 4.50889335 4.19819184 0.02411060
6.47451806 4.50931678 4.19767031 0.02419736
6.47516419 4.50974153 4.19714716 0.02428465
6.47581234 4.51016761 4.19662237 0.02437249
6.47646252 4.51059502 4.19609595 0.02446089
6.47711474 4.51102378 4.19556787 0.02454983
6.47776901 4.51145388 4.19503813 0.02463934
6.47842534 4.51188533 4.19450672 0.02472942
6.47908375 4.51231816 4.19397363 0.02482006
6.47974425 4.51275235 4.19343885 0.02491128
6.48040684 4.51318792 4.19290237 0.02500309
6.48107154 4.51362488 4.19236419 0.02509547
6.48173837 4.51406324 4.19182428 0.02518845
6.48240733 4.51450299 4.19128265 0.02528203
6.48307844 4.51494416 4.19073927 0.02537621
6.48375170 4.51538675 4.19019415 0.02547099
6.48442714 4.51583077 4.18964727 0.02556639
6.48510477 4.51627622 4.18909863 0.02566241
6.48578459 4.51672312 4.18854820 0.02575905
6.48646662 4.51717147 4.18799598 0.02585632
6.48715087 4.51762128 4.18744197 0.02595423
6.48783736 4.51807256 4.18688614 0.02605278
6.48852610 4.51852532 4.18632849 0.02615197
6.48921710 4.51897957 4.18576901 0.02625182
6.48991037 4.51943531 4.18520769 0.02635232
6.49060593 4.51989256 4.18464452 0.02645350
6.49130380 4.52035132 4.18407948 0.02655534
6.49200398 4.52081160 4.18351257 0.02665786
6.49270650 4.52127341 4.18294377 0.02676107
6.49341135 4.52173677 4.18237307 0.02686496
6.49411857 4.52220167 4.18180046 0.02696955
6.49482815 4.52266814 4.18122594 0.02707485
6.49554013 4.52313617 4.18064948 0.02718085
6.49625450 4.52360578 4.18007107 0.02728757
6.49697129 4.52407698 4.17949072 0.02739502
6.49769050 4.52454978 4.17890839 0.02750319
6.49841217 4.52502418 4.17832409 0.02761210
6.49913629 4.52550020 4.17773779 0.02772176
6.49986288 4.52597784 4.17714949 0.02783217
6.50059197 4.52645712 4.17655918 0.02794333
6.50132356 4.52693805 4.17596683 0.02805526
6.50205767 4.52742064 4.17537245 0.02816797
6.50279431 4.52790489 4.17477601 0.02828145
6.50353351 4.52839082 4.17417751 0.02839572
6.50427527 4.52887843 4.17357693 0.02851079
6.50501962 4.52936775 4.17297426 0.02862666
6.50576656 4.52985877 4.17236949 0.02874334
6.50651612 4.53035151 4.17176259 0.02886085
6.50726831 4.53084598 4.17115357 0.02897917
6.50802315 4.53134220 4.17054240 0.02909834
6.50878066 4.53184016 4.16992908 0.02921834
6.50954084 4.53233989 4.16931358 0.02933920
6.51030373 4.53284139 4.16869590 0.02946092
6.51106933 4.53334467 4.16807602 0.02958351
6.51183766 4.53384975 4.16745393 0.02970697
6.51260874 4.53435664 4.16682961 0.02983132
6.51338259 4.53486535 4.16620305 0.02995657
6.51415923 4.53537589 4.16557423 0.03008272
6.51493867 4.53588828 4.16494315 0.03020978
6.51572093 4.53640251 4.16430978 0.03033776
6.51650603 4.53691862 4.16367411 0.03046668
6.51729398 4.53743660 4.16303613 0.03059654
6.51808482 4.53795647 4.16239582 0.03072734
6.51887854 4.53847825 4.16175317 0.03085911
6.51967519 4.53900194 4.16110815 0.03099185
6.52047476 4.53952756 4.16046076 0.03112557
6.52127729 4.54005512 4.15981098 0.03126027
6.52208279 4.54058464 4.15915880 0.03139598
6.52289128 4.54111612 4.15850419 0.03153270
6.52370278 4.54164958 4.15784715 0.03167044
6.52451731 4.54218503 4.15718765 0.03180921
6.52533489 4.54272249 4.15652568 0.03194902
6.52615555 4.54326196 4.15586123 0.03208989
6.52697929 4.54380347 4.15519427 0.03223181
6.52780615 4.54434703 4.15452479 0.03237482
6.52863614 4.54489264 4.15385278 0.03251891
6.52946929 4.54544033 4.15317821 0.03266410
6.53030561 4.54599010 4.15250107 0.03281040
6.53114512 4.54654198 4.15182134 0.03295782
6.53198786 4.54709597 4.15113900 0.03310638
6.53283384 4.54765209 4.15045404 0.03325608
6.53368308 4.54821036 4.14976644 0.03340693
6.53453560 4.54877079 4.14907618 0.03355896
6.53539143 4.54933339 4.14838325 0.03371217
6.53625060 4.54989818 4.14768761 0.03386658
6.53711311 4.55046518 4.14698926 0.03402219
6.53797900 4.55103439 4.14628818 0.03417903
6.53884829 4.55160584 4.14558434 0.03433710
6.53972101 4.55217954 4.14487774 0.03449642
6.54059717 4.55275550 4.14416834 0.03465700
6.54147680 4.55333375 4.14345613 0.03481886
6.54235993 4.55391430 4.14274109 0.03498200
6.54324658 4.55449716 4.14202320 0.03514646
6.54413678 4.55508235 4.14130244 0.03531223
6.54503054 4.55566988 4.14057879 0.03547933
6.54592790 4.55625978 4.13985223 0.03564778
6.54682888 4.55685206 4.13912274 0.03581760
6.54773351 4.55744674 4.13839029 0.03598879
6.54864181 4.55804383 4.13765487 0.03616138
6.54955380 4.55864336 4.13691646 0.03633537
6.55046953 4.55924533 4.13617503 0.03651080
6.55138900 4.55984977 4.13543056 0.03668766
6.55231226 4.56045669 4.13468303 0.03686598
6.55323932 4.56106612 4.13393242 0.03704578
6.55417022 4.56167806 4.13317871 0.03722707
6.55510498 4.56229255 4.13242186 0.03740987
6.55604363 4.56290959 4.13166187 0.03759419
6.55698620 4.56352921 4.13089871 0.03778006
6.55793271 4.56415142 4.13013234 0.03796748
6.55888321 4.56477625 4.12936276 0.03815649
6.55983771 4.56540372 4.12858993 0.03834710
6.56079624 4.56603383 4.12781384 0.03853932
6.56175884 4.56666662 4.12703445 0.03873318
6.56272554 4.56730210 4.12625175 0.03892869
6.56369637 4.56794030 4.12546571 0.03912588
6.56467135 4.56858122 4.12467630 0.03932476
6.56565053 4.56922491 4.12388349 0.03952535
6.56663392 4.56987136 4.12308727 0.03972768
6.56762156 4.57052061 4.12228761 0.03993177
6.56861350 4.57117268 4.12148448 0.04013763
6.56960974 4.57182759 4.12067785 0.04034529
6.57061034 4.57248535 4.11986770 0.04055477
6.57161532 4.57314600 4.11905400 0.04076608
6.57262472 4.57380955 4.11823672 0.04097927
6.57363858 4.57447603 4.11741584 0.04119433
6.57465691 4.57514546 4.11659133 0.04141131
6.57567977 4.57581786 4.11576316 0.04163022
6.57670718 4.57649325 4.11493129 0.04185108
6.57773918 4.57717166 4.11409572 0.04207393
6.57877581 4.57785311 4.11325639 0.04229878
6.57981711 4.57853763 4.11241329 0.04252565
6.58086310 4.57922524 4.11156639 0.04275459
6.58191383 4.57991596 4.11071565 0.04298560
6.58296933 4.58060982 4.10986104 0.04321872
6.58402965 4.58130684 4.10900254 0.04345397
6.58509481 4.58200705 4.10814012 0.04369137
6.58616487 4.58271047 4.10727373 0.04393097
6.58723985 4.58341713 4.10640335 0.04417278
6.58831980 4.58412706 4.10552896 0.04441683
6.58940475 4.58484028 4.10465050 0.04466315
6.59049475 4.58555682 4.10376796 0.04491177
6.59158985 4.58627670 4.10288131 0.04516272
6.59269007 4.58699996 4.10199049 0.04541602
6.59379546 4.58772662 4.10109549 0.04567172
6.59490607 4.58845670 4.10019627 0.04592983
6.59602193 4.58919024 4.09929280 0.04619040
6.59714310 4.58992726 4.09838503 0.04645345
6.59826960 4.59066779 4.09747293 0.04671902
6.59940150 4.59141187 4.09655648 0.04698713
6.60053882 4.59215951 4.09563562 0.04725783
6.60168163 4.59291076 4.09471033 0.04753114
6.60282995 4.59366564 4.09378057 0.04780710
6.60398385 4.59442418 4.09284630 0.04808575
6.60514336 4.59518641 4.09190748 0.04836712
6.60630854 4.59595236 4.09096408 0.04865124
6.60747942 4.59672207 4.09001606 0.04893817
6.60865607 4.59749556 4.08906337 0.04922792
6.60983852 4.59827288 4.08810597 0.04952054
6.61102683 4.59905404 4.08714384 0.04981607
6.61222105 4.59983909 4.08617692 0.05011456
6.61342123 4.60062805 4.08520518 0.05041603
6.61462741 4.60142096 4.08422857 0.05072052
6.61583966 4.60221786 4.08324705 0.05102809
6.61705802 4.60301878 4.08226059 0.05133878
6.61828255 4.60382375 4.08126913 0.05165262
6.61951330 4.60463281 4.08027263 0.05196965
6.62075033 4.60544599 4.07927105 0.05228994
6.62199368 4.60626334 4.07826435 0.05261351
6.62324342 4.60708489 4.07725248 0.05294042
6.62449960 4.60791066 4.07623539 0.05327071
6.62576229 4.60874072 4.07521304 0.05360442
6.62703152 4.60957508 4.07418538 0.05394162
6.62830738 4.61041379 4.07315237 0.05428234
6.62958990 4.61125688 4.07211395 0.05462664
6.63087916 4.61210441 4.07107008 0.05497457
6.63217522 4.61295640 4.07002071 0.05532618
6.63347812 4.61381289 4.06896578 0.05568152
6.63478795 4.61467394 4.06790526 0.05604065
6.63610476 4.61553957 4.06683909 0.05640362
6.63742861 4.61640983 4.06576721 0.05677049
6.63875956 4.61728476 4.06468958 0.05714131
6.64009769 4.61816441 4.06360614 0.05751614
6.64144306 4.61904882 4.06251684 0.05789504
6.64279574 4.61993803 4.06142163 0.05827807
6.64415578 4.62083208 4.06032045 0.05866530
6.64552327 4.62173103 4.05921324 0.05905677
6.64689827 4.62263492 4.05809995 0.05945256
6.64828084 4.62354378 4.05698052 0.05985273
6.64967107 4.62445768 4.05585490 0.06025735
6.65106902 4.62537666 4.05472303 0.06066648
6.65247477 4.62630075 4.05358484 0.06108019
6.65388839 4.62723002 4.05244028 0.06149855
6.65530995 4.62816452 4.05128929 0.06192162
6.65673953 4.62910428 4.05013181 0.06234949
6.65817720 4.63004937 4.04896778 0.06278223
6.65962305 4.63099983 4.04779712 0.06321990
6.66107714 4.63195571 4.04661979 0.06366259
6.66253957 4.63291707 4.04543571 0.06411036
6.66401041 4.63388396 4.04424482 0.06456331
6.66548975 4.63485643 4.04304705 0.06502151
6.66697765 4.63583454 4.04184235 0.06548505
6.66847422 4.63681834 4.04063063 0.06595399
6.66997953 4.63780789 4.03941183 0.06642844
6.67149367 4.63880324 4.03818588 0.06690848
6.67301672 4.63980445 4.03695272 0.06739419
6.67454878 4.64081158 4.03571226 0.06788567
6.67608993 4.64182469 4.03446445 0.06838300
6.67764026 4.64284383 4.03320919 0.06888629
6.67919986 4.64386907 4.03194643 0.06939562
6.68076884 4.64490047 4.03067609 0.06991109
6.68234727 4.64593809 4.02939808 0.07043280
6.68393526 4.64698199 4.02811234 0.07096086
6.68553290 4.64803223 4.02681879 0.07149536
6.68714029 4.64908889 4.02551734 0.07203641
6.68875753 4.65015201 4.02420791 0.07258412
6.69038472 4.65122168 4.02289043 0.07313859
6.69202196 4.65229795 4.02156482 0.07369994
6.69366935 4.65338090 4.02023098 0.07426828
6.69532699 4.65447059 4.01888884 0.07484373
6.69699500 4.65556709 4.01753831 0.07542640
6.69867348 4.65667048 4.01617930 0.07601642
6.70036254 4.65778082 4.01481173 0.07661391
6.70206229 4.65889818 4.01343550 0.07721898
6.70377283 4.66002264 4.01205053 0.07783178
6.70549429 4.66115428 4.01065672 0.07845243
6.70722677 4.66229317 4.00925399 0.07908107
6.70897039 4.66343938 4.00784224 0.07971782
6.71072528 4.66459299 4.00642137 0.08036284
6.71249154 4.66575408 4.00499128 0.08101625
6.71426930 4.66692273 4.00355189 0.08167821
6.71605869 4.66809902 4.00210308 0.08234886
6.71785982 4.66928303 4.00064477 0.08302836
6.71967282 4.67047484 3.99917684 0.08371684
6.72149782 4.67167454 3.99769921 0.08441449
6.72333494 4.67288222 3.99621175 0.08512144
6.72518432 4.67409795 3.99471436 0.08583787
6.72704610 4.67532183 3.99320695 0.08656394
6.72892040 4.67655394 3.99168939 0.08729982
6.73080736 4.67779437 3.99016158 0.08804569
6.73270712 4.67904322 3.98862341 0.08880172
6.73461981 4.68030057 3.98707476 0.08956809
6.73654559 4.68156652 3.98551553 0.09034500
6.73848459 4.68284117 3.98394558 0.09113262
6.74043697 4.68412460 3.98236481 0.09193115
6.74240286 4.68541692 3.98077310 0.09274079
6.74438241 4.68671823 3.97917032 0.09356174
6.74637579 4.68802862 3.97755635 0.09439420
6.74838314 4.68934819 3.97593106 0.09523839
6.75040462 4.69067705 3.97429434 0.09609451
6.75244038 4.69201530 3.97264605 0.09696279
6.75449059 4.69336305 3.97098606 0.09784345
6.75655541 4.69472041 3.96931425 0.09873672
6.75863500 4.69608747 3.96763047 0.09964283
6.76072954 4.69746436 3.96593460 0.10056202
6.76283918 4.69885118 3.96422649 0.10149453
6.76496410 4.70024804 3.96250601 0.10244061
6.76710448 4.70165506 3.96077302 0.10340052
6.76926049 4.70307236 3.95902738 0.10437451
6.77143230 4.70450005 3.95726893 0.10536285
6.77362010 4.70593825 3.95549754 0.10636582
6.77582408 4.70738708 3.95371305 0.10738368
6.77804441 4.70884666 3.95191533 0.10841672
6.78028129 4.71031712 3.95010420 0.10946523
6.78253491 4.71179858 3.94827952 0.11052950
6.78480545 4.71329117 3.94644114 0.11160984
6.78709312 4.71479502 3.94458889 0.11270656
6.78939811 4.71631026 3.94272262 0.11381996
6.79172062 4.71783701 3.94084216 0.11495037
6.79406086 4.71937542 3.93894735 0.11609813
6.79641903 4.72092561 3.93703801 0.11726355
6.79879535 4.72248773 3.93511399 0.11844700
6.80119002 4.72406192 3.93317511 0.11964881
6.80360325 4.72564831 3.93122119 0.12086935
6.80603527 4.72724705 3.92925207 0.12210899
6.80848629 4.72885828 3.92726756 0.12336809
6.81095654 4.73048215 3.92526748 0.12464704
6.81344623 4.73211881 3.92325166 0.12594623
6.81595561 4.73376840 3.92121990 0.12726605
6.81848490 4.73543108 3.91917202 0.12860693
6.82103433 4.73710700 3.91710784 0.12996927
6.82360413 4.73879632 3.91502715 0.13135349
6.82619456 4.74049919 3.91292977 0.13276004
6.82880585 4.74221578 3.91081550 0.13418935
6.83143824 4.74394623 3.90868414 0.13564188
6.83409198 4.74569073 3.90653549 0.13711809
6.83676733 4.74744943 3.90436935 0.13861846
6.83946454 4.74922249 3.90218551 0.14014346
6.84218386 4.75101010 3.89998377 0.14169360
6.84492555 4.75281241 3.89776391 0.14326937
6.84768988 4.75462959 3.89552573 0.14487129
6.85047710 4.75646184 3.89326901 0.14649987
6.85328749 4.75830931 3.89099353 0.14815567
6.85612132 4.76017218 3.88869908 0.14983922
6.85897886 4.76205065 3.88638542 0.15155109
6.86186038 4.76394488 3.88405235 0.15329183
6.86476616 4.76585506 3.88169963 0.15506204
6.86769649 4.76778137 3.87932704 0.15686230
6.87065165 4.76972401 3.87693435 0.15869322
6.87363192 4.77168315 3.87452133 0.16055541
6.87663760 4.77365900 3.87208773 0.16244951
6.87966897 4.77565173 3.86963334 0.16437615
6.88272632 4.77766155 3.86715790 0.16633599
6.88580995 4.77968864 3.86466118 0.16832969
6.88892017 4.78173320 3.86214295 0.17035794
6.89205726 4.78379544 3.85960295 0.17242141
6.89522153 4.78587554 3.85704095 0.17452081
6.89841329 4.78797371 3.85445669 0.17665687
6.90163283 4.79009015 3.85184993 0.17883030
6.90488047 4.79222505 3.84922042 0.18104186
6.90815652 4.79437863 3.84656792 0.18329229
6.91146127 4.79655108 3.84389217 0.18558236
6.91479506 4.79874261 3.84119292 0.18791285
6.91815817 4.80095343 3.83846992 0.19028456
6.92155094 4.80318374 3.83572291 0.19269828
6.92497366 4.80543374 3.83295164 0.19515484
6.92842666 4.80770364 3.83015586 0.19765507
6.93191025 4.80999365 3.82733532 0.20019980
6.93542474 4.81230398 3.82448976 0.20278990
6.93897045 4.81463482 3.82161892 0.20542622
6.94254768 4.81698639 3.81872255 0.20810965
6.94615675 4.81935889 3.81580041 0.21084107
6.94979797 4.82175252 3.81285223 0.21362138
6.95347165 4.82416750 3.80987778 0.21645148
6.95717810 4.82660401 3.80687679 0.21933230
6.96091761 4.82906226 3.80384903 0.22226476
6.96469051 4.83154245 3.80079425 0.22524980
6.96849707 4.83404478 3.79771220 0.22828836
6.97233761 4.83656943 3.79460265 0.23138138
6.97621240 4.83911661 3.79146535 0.23452984
6.98012175 4.84168651 3.78830009 0.23773468
6.98406593 4.84427930 3.78510662 0.24099688
6.98804522 4.84689517 3.78188472 0.24431740
6.99205990 4.84953430 3.77863417 0.24769721
6.99611022 4.85219687 3.77535476 0.25113729
7.00019645 4.85488304 3.77204627 0.25463861
7.00431885 4.85759298 3.76870851 0.25820213
7.00847764 4.86032685 3.76534127 0.26182883
7.01267307 4.86308481 3.76194437 0.26551967
7.01690536 4.86586700 3.75851763 0.26927561
7.02117473 4.86867356 3.75506087 0.27309758
7.02548138 4.87150462 3.75157392 0.27698652
7.02982549 4.87436032 3.74805663 0.28094337
7.03420725 4.87724076 3.74450887 0.28496902
7.03862683 4.88014607 3.74093049 0.28906438
7.04308437 4.88307632 3.73732136 0.29323030
7.04758001 4.88603163 3.73368140 0.29746765
7.05211387 4.88901206 3.73001048 0.30177725
7.05668605 4.89201767 3.72630854 0.30615989
7.06129663 4.89504854 3.72257551 0.31061634
7.06594568 4.89810469 3.71881133 0.31514734
7.07063325 4.90118616 3.71501596 0.31975357
7.07535935 4.90429297 3.71118940 0.32443570
7.08012399 4.90742510 3.70733163 0.32919433
7.08492714 4.91058256 3.70344268 0.33403002
7.08976877 4.91376530 3.69952258 0.33894329
7.09464878 4.91697329 3.69557139 0.34393460
7.09956710 4.92020644 3.69158920 0.34900433
7.10452358 4.92346469 3.68757610 0.35415282
7.10951807 4.92674793 3.68353223 0.35938033
7.11455038 4.93005603 3.67945773 0.36468705
7.11962030 4.93338885 3.67535279 0.37007309
7.12472757 4.93674622 3.67121760 0.37553850
7.12987191 4.94012796 3.66705240 0.38108321
7.13505300 4.94353386 3.66285745 0.38670709
7.14027047 4.94696367 3.65863304 0.39240989
7.14552394 4.95041715 3.65437948 0.39819127
7.15081297 4.95389401 3.65009713 0.40405080
7.15613709 4.95739393 3.64578637 0.40998793
7.16149579 4.96091659 3.64144761 0.41600198
7.16688850 4.96446160 3.63708131 0.42209219
7.17231464 4.96802859 3.63268795 0.42825765
7.17777357 4.97161713 3.62826804 0.43449733
7.18326459 4.97522677 3.62382214 0.44081008
7.18878698 4.97885703 3.61935085 0.44719462
7.19433997 4.98250741 3.61485478 0.45364952
7.19992272 4.98617735 3.61033461 0.46017322
7.20553438 4.98986629 3.60579104 0.46676402
7.21117402 4.99357363 3.60122481 0.47342007
7.21684069 4.99729873 3.59663670 0.48013940
7.22253337 5.00104094 3.59202753 0.48691986
7.22825100 5.00479954 3.58739816 0.49375917
7.23399248 5.00857383 3.58274948 0.50065490
7.23975665 5.01236303 3.57808242 0.50760448
7.24554232 5.01616636 3.57339796 0.51460519
7.25134823 5.01998300 3.56869710 0.52165416
7.25717310 5.02381210 3.56398090 0.52874838
7.26301559 5.02765279 3.55925044 0.53588471
7.26887431 5.03150414 3.55450682 0.54305986
7.27474785 5.03536523 3.54975122 0.55027042
7.28063473 5.03923510 3.54498481 0.55751285
7.28653345 5.04311275 3.54020881 0.56478347
7.29244247 5.04699717 3.53542448 0.57207852
7.29836020 5.05088732 3.53063309 0.57939410
7.30428503 5.05478213 3.52583595 0.58672622
7.31021532 5.05868053 3.52103440 0.59407080
7.31614938 5.06258141 3.51622979 0.60142368
7.32208551 5.06648365 3.51142350 0.60878062
7.32802197 5.07038612 3.50661695 0.61613731
7.33395703 5.07428765 3.50181153 0.62348940
7.33988889 5.07818708 3.49700870 0.63083248
7.34581577 5.08208325 3.49220990 0.63816212
7.35173588 5.08597495 3.48741659 0.64547388
7.35764738 5.08986101 3.48263025 0.65276329
7.36354847 5.09374022 3.47785233 0.66002590
7.36943732 5.09761137 3.47308433 0.66725726
7.37531210 5.10147329 3.46832772 0.67445299
7.38117099 5.10532475 3.46358397 0.68160869
7.38701217 5.10916457 3.45885456 0.68872007
7.39283383 5.11299157 3.45414096 0.69578288
7.39863418 5.11680455 3.44944461 0.70279296
7.40441145 5.12060236 3.44476695 0.70974621
7.41016386 5.12438383 3.44010942 0.71663867
7.41588969 5.12814783 3.43547341 0.72346648
7.42158722 5.13189322 3.43086031 0.73022589
7.42725477 5.13561891 3.42627148 0.73691328
7.43289070 5.13932380 3.42170825 0.74352520
7.43849339 5.14300685 3.41717195 0.75005831
7.44406126 5.14666701 3.41266383 0.75650945
7.44959277 5.15030327 3.40818515 0.76287563
7.45508644 5.15391464 3.40373711 0.76915400
7.46054081 5.15750019 3.39932089 0.77534191
7.46595448 5.16105898 3.39493762 0.78143689
7.47132610 5.16459013 3.39058840 0.78743663
7.47665436 5.16809278 3.38627429 0.79333902
7.48193802 5.17156610 3.38199628 0.79914215
7.48717589 5.17500932 3.37775536 0.80484426
7.49236681 5.17842169 3.37355245 0.81044381
7.49750971 5.18180248 3.36938842 0.81593944
7.50260355 5.18515103 3.36526410 0.82132998
7.50764738 5.18846669 3.36118028 0.82661442
7.51264027 5.19174888 3.35713771 0.83179195
7.51758137 5.19499702 3.35313706 0.83686195
7.52246989 5.19821059 3.34917899 0.84182395
7.52730509 5.20138911 3.34526409 0.84667766
7.53208629 5.20453213 3.34139291 0.85142296
7.53681287 5.20763925 3.33756596 0.85605986
7.54148427 5.21071010 3.33378369 0.86058856
7.54609998 5.21374433 3.33004650 0.86500939
7.55065954 5.21674166 3.32635478 0.86932281
7.55516257 5.21970182 3.32270882 0.87352943
7.55960872 5.22262459 3.31910893 0.87762998
7.56399769 5.22550977 3.31555532 0.88162530
7.56832926 5.22835722 3.31204820 0.88551637
7.57260324 5.23116681 3.30858770 0.88930424
7.57681947 5.23393844 3.30517396 0.89299008
7.58097788 5.23667206 3.30180703 0.89657514
7.58507842 5.23936764 3.29848696 0.90006077
7.58912109 5.24202517 3.29521375 0.90344837
7.59310592 5.24464469 3.29198737 0.90673944
7.59703301 5.24722624 3.28880774 0.90993551
7.60090247 5.24976991 3.28567476 0.91303820
7.60471447 5.25227581 3.28258832 0.91604915
7.60846919 5.25474406 3.27954824 0.91897006
7.61216688 5.25717481 3.27655435 0.92180268
7.61580780 5.25956825 3.27360642 0.92454876
7.61939224 5.26192456 3.27070422 0.92721010
7.62292053 5.26424395 3.26784748 0.92978851
7.62639301 5.26652666 3.26503593 0.93228583
7.62981008 5.26877294 3.26226924 0.93470390
7.63317213 5.27098306 3.25954710 0.93704457
7.63647959 5.27315729 3.25686916 0.93930970
7.63973291 5.27529593 3.25423506 0.94150114
7.64293257 5.27739929 3.25164441 0.94362073
7.64607904 5.27946769 3.24909681 0.94567033
7.64917283 5.28150146 3.24659187 0.94765176
7.65221447 5.28350095 3.24412916 0.94956684
7.65520449 5.28546650 3.24170824 0.95141736
7.65814345 5.28739849 3.23932867 0.95320512
7.66103189 5.28929727 3.23698999 0.95493187
7.66387041 5.29116323 3.23469174 0.95659936
7.66665957 5.29299674 3.23243345 0.95820928
7.66939998 5.29479821 3.23021463 0.95976334
7.67209223 5.29656802 3.22803481 0.96126320
7.67473692 5.29830656 3.22589349 0.96271047
7.67733468 5.30001425 3.22379017 0.96410677
7.67988611 5.30169149 3.22172436 0.96545366
7.68239185 5.30333869 3.21969555 0.96675268
7.68485250 5.30495625 3.21770324 0.96800533
7.68726871 5.30654460 3.21574692 0.96921309
7.68964109 5.30810414 3.21382608 0.97037740
7.69197028 5.30963528 3.21194021 0.97149967
7.69425691 5.31113844 3.21008881 0.97258125
7.69650161 5.31261404 3.20827135 0.97362350
7.69870500 5.31406249 3.20648734 0.97462771
7.70086772 5.31548420 3.20473626 0.97559516
7.70299038 5.31687957 3.20301761 0.97652708
7.70507361 5.31824903 3.20133089 0.97742468
7.70711804 5.31959298 3.19967558 0.97828912
7.70912427 5.32091182 3.19805121 0.97912154
7.71109292 5.32220595 3.19645725 0.97992305
7.71302460 5.32347579 3.19489324 0.98069473
7.71491992 5.32472171 3.19335866 0.98143760
7.71677947 5.32594412 3.19185305 0.98215268
7.71860384 5.32714342 3.19037592 0.98284096
7.72039363 5.32831997 3.18892678 0.98350337
7.72214943 5.32947418 3.18750517 0.98414084
7.72387180 5.33060642 3.18611063 0.98475427
7.72556132 5.33171707 3.18474268 0.98534451
7.72721856 5.33280649 3.18340086 0.98591240
7.72884408 5.33387506 3.18208474 0.98645874
7.73043843 5.33492314 3.18079385 0.98698433
7.73200216 5.33595109 3.17952775 0.98748991
7.73353580 5.33695926 3.17828601 0.98797623
7.73503990 5.33794801 3.17706819 0.98844397
7.73651497 5.33891768 3.17587388 0.98889383
7.73796154 5.33986861 3.17470264 0.98932647
7.73938012 5.34080115 3.17355406 0.98974252
7.74077122 5.34171562 3.17242773 0.99014261
7.74213533 5.34261234 3.17132326 0.99052731
7.74347295 5.34349166 3.17024023 0.99089722
7.74478456 5.34435387 3.16917827 0.99125287
7.74607063 5.34519930 3.16813698 0.99159481
7.74733165 5.34602825 3.16711598 0.99192355
7.74856807 5.34684104 3.16611489 0.99223959
7.74978034 5.34763795 3.16513335 0.99254340
7.75096892 5.34841929 3.16417100 0.99283545
7.75213425 5.34918535 3.16322747 0.99311618
7.75327676 5.34993640 3.16230242 0.99338603
7.75439688 5.35067274 3.16139549 0.99364540
7.75549504 5.35139463 3.16050635 0.99389469
7.75657164 5.35210236 3.15963466 0.99413429
7.75762710 5.35279619 3.15878010 0.99436458
7.75866181 5.35347638 3.15794233 0.99458589
7.75967617 5.35414319 3.15712103 0.99479859
7.76067056 5.35479687 3.15631591 0.99500299
7.76164537 5.35543769 3.15552664 0.99519942
7.76260097 5.35606587 3.15475292 0.99538818
7.76353773 5.35668167 3.15399446 0.99556957
7.76445600 5.35728532 3.15325096 0.99574388
7.76535615 5.35787705 3.15252214 0.99591137
7.76623852 5.35845709 3.15180772 0.99607230
7.76710346 5.35902568 3.15110741 0.99622694
7.76795130 5.35958302 3.15042094 0.99637553
7.76878236 5.36012934 3.14974805 0.99651829
7.76959699 5.36066485 3.14908848 0.99665546
7.77039548 5.36118976 3.14844197 0.99678726
7.77117817 5.36170427 3.14780825 0.99691388
7.77194535 5.36220859 3.14718709 0.99703554
7.77269732 5.36270292 3.14657825 0.99715242
7.77343438 5.36318745 3.14598147 0.99726471
7.77415683 5.36366236 3.14539653 0.99737260
7.77486495 5.36412786 3.14482319 0.99747624
7.77555901 5.36458411 3.14426123 0.99757581
7.77623929 5.36503131 3.14371043 0.99767147
7.77690607 5.36546963 3.14317057 0.99776336
7.77755960 5.36589924 3.14264142 0.99785164
7.77820014 5.36632032 3.14212280 0.99793645
7.77882796 5.36673303 3.14161448 0.99801792
7.77944329 5.36713753 3.14111626 0.99809618
7.78004639 5.36753399 3.14062795 0.99817136
7.78063750 5.36792257 3.14014935 0.99824358
7.78121685 5.36830341 3.13968027 0.99831295
7.78178467 5.36867668 3.13922053 0.99837960
7.78234119 5.36904252 3.13876993 0.99844361
7.78288663 5.36940108 3.13832831 0.99850510
7.78342121 5.36975250 3.13789547 0.99856417
7.78394515 5.37009692 3.13747126 0.99862091
7.78445866 5.37043449 3.13705549 0.99867541
7.78496193 5.37076533 3.13664800 0.99872777
7.78545518 5.37108957 3.13624864 0.99877805
7.78593860 5.37140736 3.13585723 0.99882635
7.78641239 5.37171882 3.13547362 0.99887275
7.78687674 5.37202406 3.13509765 0.99891732
7.78733182 5.37232323 3.13472918 0.99896012
7.78777784 5.37261642 3.13436806 0.99900124
7.78821496 5.37290378 3.13401413 0.99904073
7.78864337 5.37318540 3.13366727 0.99907867
7.78906323 5.37346140 3.13332732 0.99911510
7.78947472 5.37373190 3.13299415 0.99915010
7.78987800 5.37399701 3.13266763 0.99918371
7.79027323 5.37425682 3.13234762 0.99921600
7.79066058 5.37451146 3.13203400 0.99924701
7.79104020 5.37476101 3.13172664 0.99927680
7.79141224 5.37500558 3.13142540 0.99930541
7.79177686 5.37524527 3.13113019 0.99933288
7.79213420 5.37548017 3.13084086 0.99935928
7.79248441 5.37571039 3.13055731 0.99938462
7.79282763 5.37593601 3.13027942 0.99940897
7.79316399 5.37615713 3.13000707 0.99943236
7.79349364 5.37637383 3.12974017 0.99945482
7.79381671 5.37658620 3.12947859 0.99947639
7.79413332 5.37679434 3.12922224 0.99949711
7.79444362 5.37699832 3.12897100 0.99951701
7.79474772 5.37719822 3.12872478 0.99953612
7.79504574 5.37739413 3.12848348 0.99955448
7.79533781 5.37758613 3.12824700 0.99957211
7.79562405 5.37777430 3.12801525 0.99958904
7.79590457 5.37795871 3.12778812 0.99960531
7.79617949 5.37813943 3.12756553 0.99962093
7.79644891 5.37831654 3.12734738 0.99963593
7.79671295 5.37849011 3.12713360 0.99965034
7.79697172 5.37866022 3.12692408 0.99966418
7.79722532 5.37882693 3.12671875 0.99967747
7.79747385 5.37899030 3.12651753 0.99969024
7.79771741 5.37915042 3.12632032 0.99970250
7.79795611 5.37930733 3.12612706 0.99971428
7.79819004 5.37946111 3.12593765 0.99972559
7.79841929 5.37961181 3.12575204 0.99973645
7.79864396 5.37975950 3.12557013 0.99974688
7.79886414 5.37990424 3.12539185 0.99975690
7.79907992 5.38004609 3.12521714 0.99976653
7.79929139 5.38018511 3.12504592 0.99977577
7.79949863 5.38032134 3.12487813 0.99978465
7.79970173 5.38045485 3.12471368 0.99979317
7.79990077 5.38058570 3.12455253 0.99980136
7.80009584 5.38071393 3.12439459 0.99980923
7.80028700 5.38083959 3.12423981 0.99981678
7.80047434 5.38096274 3.12408813 0.99982403
7.80065794 5.38108344 3.12393947 0.99983100
7.80083787 5.38120172 3.12379379 0.99983769
7.80101420 5.38131763 3.12365102 0.99984412
7.80118700 5.38143123 3.12351111 0.99985029
7.80135635 5.38154255 3.12337399 0.99985622
7.80152232 5.38165166 3.12323962 0.99986191
7.80168497 5.38175858 3.12310792 0.99986738
7.80184436 5.38186336 3.12297887 0.99987263
7.80200057 5.38196605 3.12285239 0.99987767
7.80215366 5.38206668 3.12272844 0.99988251
7.80230369 5.38216530 3.12260697 0.99988717
7.80245071 5.38226195 3.12248793 0.99989163
7.80259480 5.38235667 3.12237127 0.99989593
7.80273600 5.38244950 3.12225694 0.99990005
7.80287439 5.38254047 3.12214489 0.99990400
7.80301000 5.38262962 3.12203509 0.99990781
7.80314291 5.38271698 3.12192748 0.99991146
7.80327315 5.38280260 3.12182202 0.99991496
7.80340080 5.38288651 3.12171868 0.99991833
7.80352589 5.38296874 3.12161739 0.99992156
7.80364848 5.38304933 3.12151814 0.99992467
7.80376861 5.38312831 3.12142087 0.99992765
7.80388635 5.38320570 3.12132554 0.99993052
7.80400173 5.38328155 3.12123212 0.99993327
7.80411481 5.38335588 3.12114057 0.99993591
7.80422562 5.38342873 3.12105085 0.99993845
7.80433422 5.38350012 3.12096292 0.99994089
7.80444064 5.38357008 3.12087675 0.99994323
7.80454494 5.38363864 3.12079230 0.99994548
7.80464715 5.38370583 3.12070954 0.99994764
7.80474732 5.38377168 3.12062844 0.99994971
7.80484549 5.38383621 3.12054896 0.99995170
7.80494169 5.38389945 3.12047107 0.99995361
7.80503597 5.38396143 3.12039473 0.99995545
7.80512836 5.38402216 3.12031993 0.99995722
7.80521891 5.38408169 3.12024662 0.99995891
7.80530764 5.38414002 3.12017477 0.99996054
7.80539460 5.38419718 3.12010436 0.99996210
7.80547982 5.38425321 3.12003536 0.99996360
7.80556334 5.38430811 3.11996774 0.99996504
7.80564519 5.38436191 3.11990147 0.99996643
7.80572540 5.38441464 3.11983653 0.99996776
7.80580400 5.38446631 3.11977288 0.99996903
7.80588104 5.38451695 3.11971051 0.99997026
7.80595653 5.38456658 3.11964939 0.99997144
7.80603051 5.38461521 3.11958948 0.99997257
7.80610302 5.38466288 3.11953078 0.99997366
7.80617407 5.38470959 3.11947325 0.99997470
7.80624371 5.38475536 3.11941687 0.99997570
7.80631195 5.38480022 3.11936162 0.99997667
7.80637882 5.38484418 3.11930747 0.99997759
7.80644436 5.38488727 3.11925441 0.99997848
7.80650859 5.38492949 3.11920240 0.99997933
7.80657153 5.38497087 3.11915144 0.99998015
7.80663322 5.38501141 3.11910149 0.99998094
7.80669367 5.38505115 3.11905255 0.99998169
7.80675291 5.38509010 3.11900458 0.99998242
7.80681097 5.38512826 3.11895758 0.99998311
7.80686786 5.38516567 3.11891151 0.99998378
7.80692362 5.38520232 3.11886636 0.99998442
7.80697827 5.38523824 3.11882212 0.99998504
7.80703182 5.38527344 3.11877876 0.99998563
7.80708430 5.38530794 3.11873627 0.99998620
7.80713573 5.38534175 3.11869463 0.99998675
7.80718613 5.38537488 3.11865382 0.99998728
7.80723552 5.38540735 3.11861383 0.99998778
7.80728393 5.38543917 3.11857464 0.99998826
7.80733136 5.38547036 3.11853623 0.99998873
7.80737785 5.38550092 3.11849859 0.99998918
7.80742341 5.38553087 3.11846170 0.99998960
7.80746806 5.38556022 3.11842555 0.99999002
7.80751181 5.38558898 3.11839012 0.99999041
7.80755469 5.38561717 3.11835541 0.99999079
7.80759672 5.38564479 3.11832138 0.99999116
7.80763790 5.38567186 3.11828804 0.99999151
7.80767826 5.38569839 3.11825536 0.99999184
7.80771781 5.38572439 3.11822334 0.99999217
7.80775657 5.38574987 3.11819196 0.99999248
7.80779455 5.38577484 3.11816120 0.99999278
7.80783178 5.38579931 3.11813106 0.99999306
7.80786826 5.38582330 3.11810152 0.99999334
7.80790401 5.38584680 3.11807258 0.99999360
7.80793905 5.38586983 3.11804421 0.99999386
7.80797338 5.38589240 3.11801641 0.99999410
7.80800703 5.38591452 3.11798917 0.99999433
7.80804001 5.38593620 3.11796247 0.99999456
7.80807232 5.38595744 3.11793630 0.99999477
7.80810399 5.38597826 3.11791066 0.99999498
7.80813503 5.38599866 3.11788553 0.99999518
7.80816545 5.38601866 3.11786090 0.99999537
7.80819525 5.38603825 3.11783677 0.99999556
7.80822446 5.38605746 3.11781312 0.99999573
7.80825309 5.38607627 3.11778994 0.99999590
7.80828115 5.38609472 3.11776722 0.99999606
7.80830864 5.38611279 3.11774496 0.99999622
7.80833558 5.38613050 3.11772315 0.99999637
7.80836199 5.38614786 3.11770177 0.99999651
7.80838786 5.38616487 3.11768082 0.99999665
7.80841322 5.38618154 3.11766028 0.99999679
7.80843808 5.38619788 3.11764016 0.99999691
7.80846243 5.38621389 3.11762044 0.99999704
7.80848630 5.38622958 3.11760112 0.99999715
7.80850969 5.38624495 3.11758218 0.99999727
7.80853261 5.38626002 3.11756362 0.99999737
7.80855508 5.38627479 3.11754543 0.99999748
7.80857709 5.38628926 3.11752761 0.99999758
7.80859867 5.38630345 3.11751014 0.99999768
7.80861981 5.38631734 3.11749302 0.99999777
7.80864053 5.38633097 3.11747624 0.99999786
7.80866084 5.38634431 3.11745980 0.99999794
7.80868074 5.38635740 3.11744369 0.99999802
7.80870024 5.38637022 3.11742790 0.99999810
7.80871935 5.38638278 3.11741243 0.99999818
7.80873808 5.38639509 3.11739726 0.99999825
7.80875643 5.38640716 3.11738240 0.99999832
7.80877442 5.38641898 3.11736783 0.99999839
7.80879205 5.38643057 3.11735356 0.99999845
7.80880933 5.38644193 3.11733957 0.99999851
7.80882626 5.38645306 3.11732587 0.99999857
7.80884285 5.38646396 3.11731243 0.99999863
7.80885911 5.38647465 3.11729927 0.99999868
7.80887504 5.38648513 3.11728637 0.99999874
7.80889066 5.38649539 3.11727372 0.99999879
7.80890596 5.38650545 3.11726133 0.99999883
7.80892096 5.38651531 3.11724919 0.99999888
7.80893565 5.38652497 3.11723729 0.99999893
7.80895006 5.38653444 3.11722563 0.99999897
7.80896417 5.38654372 3.11721420 0.99999901
7.80897801 5.38655281 3.11720300 0.99999905
7.80899156 5.38656172 3.11719202 0.99999909
7.80900485 5.38657046 3.11718127 0.99999912
7.80901787 5.38657902 3.11717072 0.99999916
7.80903063 5.38658740 3.11716039 0.99999919
7.80904313 5.38659562 3.11715027 0.99999923
7.80905539 5.38660368 3.11714035 0.99999926
7.80906739 5.38661157 3.11713062 0.99999929
7.80907916 5.38661931 3.11712110 0.99999931
7.80909070 5.38662689 3.11711176 0.99999934
7.80910200 5.38663432 3.11710261 0.99999937
7.80911308 5.38664160 3.11709364 0.99999939
7.80912393 5.38664874 3.11708485 0.99999942
7.80913457 5.38665573 3.11707624 0.99999944
7.80914499 5.38666259 3.11706780 0.99999946
7.80915521 5.38666930 3.11705952 0.99999949
7.80916522 5.38667588 3.11705142 0.99999951
7.80917504 5.38668233 3.11704347 0.99999953
7.80918465 5.38668866 3.11703569 0.99999955
7.80919407 5.38669485 3.11702806 0.99999956
7.80920331 5.38670092 3.11702058 0.99999958
7.80921236 5.38670687 3.11701325 0.99999960
7.80922123 5.38671270 3.11700607 0.99999961
7.80922992 5.38671841 3.11699903 0.99999963
7.80923844 5.38672401 3.11699214 0.99999965
7.80924679 5.38672950 3.11698538 0.99999966
7.80925497 5.38673488 3.11697875 0.99999967
7.80926299 5.38674015 3.11697226 0.99999969
7.80927084 5.38674531 3.11696590 0.99999970
7.80927854 5.38675038 3.11695967 0.99999971
7.80928609 5.38675534 3.11695356 0.99999972
7.80929348 5.38676020 3.11694757 0.99999973
7.80930073 5.38676496 3.11694170 0.99999975
7.80930783 5.38676963 3.11693595 0.99999976
7.80931479 5.38677421 3.11693032 0.99999977
