6.66663980 18.92001275	(0)
4.87654599 17.49699622	(1)
5.25641132 20.09800380	(2)
6.93080368 23.66776980	(3)
5.01085092 24.63708549	(4)
8.37634988 19.95221051	(5)
8.49723726 23.63588739	(6)
8.68166051 17.40382036	(7)
3.73588758 26.36292252	(8)
7.54519392 25.50261836	(9)
2.82501526 21.66333197	(10)
1.36013607 22.91110624	(11)
8.95009374 23.48539207	(12)
4.95091153 22.57350511	(13)
1.83495209 17.61076815	(14)
8.52803968 19.27610878	(15)
3.66076266 15.49146543	(16)
5.67006247 25.71577162	(17)
6.78964863 27.87116310	(18)
5.04737929 25.41081004	(19)
3.38479480 22.75324404	(20)
6.84291380 23.52314284	(21)
6.79504410 21.83001006	(22)
7.23480452 23.05447567	(23)
7.54382972 22.44623533	(24)
1.96251576 21.95454695	(25)
2.50246625 24.96863268	(26)
3.16631257 17.17954954	(27)
8.93535570 23.88481020	(28)
9.31543284 15.01702693	(29)
9.14567222 17.06441308	(30)
4.07792914 18.13179649	(31)
3.34214548 18.35429596	(32)
4.99503304 20.41244763	(33)
3.05104141 19.44658838	(34)
8.79139817 17.15872253	(35)
2.27182308 23.63014006	(36)
6.82594047 21.69135597	(37)
4.81185911 21.75331639	(38)
2.17969675 18.08723764	(39)
5.97131678 18.72514096	(40)
8.33431547 25.23167646	(41)
7.29370959 22.90297773	(42)
5.43847062 21.54808622	(43)
2.43701836 21.77598537	(44)
7.39032460 23.32132223	(45)
4.89680617 24.33133729	(46)
6.86792944 21.48282334	(47)
3.96406968 19.65771466	(48)
1.31227220 19.56490643	(49)
8.69365249 15.79227706	(50)
7.91088261 17.32901427	(51)
2.03335341 22.82346809	(52)
7.32248743 20.40750911	(53)
1.52511884 24.24220340	(54)
5.99146344 23.53991623	(55)
5.70483866 23.96245203	(56)
7.01518880 26.07851034	(57)
2.81779234 25.18584443	(58)
3.87935555 19.24481456	(59)
1.00177265 20.02908473	(60)
7.10804735 22.71176537	(61)
8.05099021 24.42711405	(62)
4.94844029 23.89922816	(63)
8.17225175 24.56309133	(64)
8.62149733 16.57641596	(65)
7.56245031 23.69814603	(66)
6.85631307 19.62931982	(67)
5.57501117 23.31616875	(68)
1.45435562 14.53189372	(69)
3.01976062 21.14102218	(70)
1.98293799 20.55660180	(71)
5.10082048 19.49725201	(72)
4.09729241 17.83228239	(73)
5.67890543 21.65712289	(74)
7.57807565 23.52487228	(75)
6.96261363 16.40468179	(76)
1.22252788 19.43670046	(77)
5.06639043 23.11519020	(78)
0.87873787 21.89831690	(79)
2.51097734 20.94060431	(80)
2.70826926 23.98705729	(81)
4.53270927 23.43370260	(82)
6.14326090 19.97632021	(83)
3.24434196 23.71735489	(84)
2.40068225 17.50921923	(85)
3.38089738 22.54827738	(86)
2.79773603 18.40797669	(87)
1.83593405 24.36268808	(88)
3.29175821 22.29420704	(89)
1.42234392 21.59988145	(90)
6.10493182 20.88817518	(91)
5.54350821 20.00281795	(92)
7.70595687 19.34446512	(93)
3.39139608 21.36434863	(94)
7.36290096 20.53826844	(95)
7.48950149 23.77129174	(96)
7.36864767 17.90265819	(97)
3.27946801 25.18348219	(98)
3.03754535 21.51253170	(99)
