8.21521884 -0.08293348 0.00001453	(0)
8.28053436 4.04916743 0.99815550	(1)
6.04272377 7.38059881 0.98930371	(2)
8.96279963 12.25977592 0.00000000	(3)
9.11644827 5.29964700 1.71071895	(4)
5.06458348 2.80926443 0.99129663	(5)
-4.63967133 5.23314948 0.00000000	(6)
0.00248916 3.28526062 0.00000000	(7)
1.22608223 4.78710220 0.97580190	(8)
9.29388019 -3.80426484 0.00000000	(9)
8.93762079 1.87489457 1.21576315	(10)
0.72882494 1.39264926 0.99043382	(11)
-3.73089318 4.31161606 0.00000000	(12)
0.77496663 9.56552423 0.98986880	(13)
8.94592833 -5.01733431 0.00000000	(14)
6.96580135 8.11019872 0.99644562	(15)
0.49765335 8.17575034 0.97438676	(16)
8.22753087 5.93636931 0.00000568	(17)
1.50319185 5.25579643 0.00005121	(18)
7.73119601 5.40594195 0.99350637	(19)
7.00409761 4.48645041 0.99598597	(20)
2.76473210 6.42388239 0.00000000	(21)
3.77373514 2.00071762 0.98785548	(22)
1.65645633 1.63779201 1.33259875	(23)
5.70040972 5.44719154 1.79838791	(24)
9.94191319 7.84392326 0.99824707	(25)
5.62531667 2.03871077 1.99863704	(26)
0.18457110 2.21129768 1.06696969	(27)
5.24247957 7.93512774 0.98608613	(28)
5.51788555 8.04742796 0.00000000	(29)
0.86069486 5.95240733 1.00224746	(30)
2.46732847 8.10875825 0.00000000	(31)
1.64434149 5.60003330 0.98347342	(32)
5.95070985 3.50518995 0.99141900	(33)
8.86988418 8.96952807 0.99531906	(34)
7.18923339 2.51683987 0.00000001	(35)
2.49547300 1.41434345 0.99957875	(36)
6.95704579 6.69099883 0.98741995	(37)
-2.00475821 -2.23072384 0.00000000	(38)
9.44729386 6.62341111 0.99662399	(39)
-4.08981490 -6.32206734 0.00000000	(40)
2.38220968 14.33606479 0.00000000	(41)
0.97053100 9.71379203 0.99737602	(42)
9.50999740 7.03357002 0.00000000	(43)
16.79839107 2.71247950 0.00000000	(44)
7.74469779 8.08472028 0.99810570	(45)
9.25217098 0.80608026 1.95156463	(46)
7.36757994 7.50515082 0.99646746	(47)
2.88735326 -0.16898060 0.00000000	(48)
8.97688924 6.12635625 0.00000010	(49)
7.86375756 8.25472265 0.99357399	(50)
8.01947723 7.35387313 0.99782961	(51)
14.97537595 7.80995664 0.00000000	(52)
3.56498828 -0.29367197 0.00000000	(53)
1.11403260 5.22577976 1.55651538	(54)
0.64319179 4.86511468 0.99683302	(55)
0.35666357 8.39112480 0.00000000	(56)
0.07966258 7.29906669 0.00000002	(57)
9.16090728 5.07661273 0.00000086	(58)
6.63498169 3.22123344 0.00000000	(59)
8.65229113 -0.53017530 0.00000000	(60)
5.48321825 3.37444750 0.00000022	(61)
7.95242197 2.56529635 1.75493143	(62)
3.63516183 2.92266963 1.01357463	(63)
0.64300078 3.25882961 0.99454584	(64)
2.52704914 0.44601427 1.21610271	(65)
9.30057243 6.97820083 0.99352064	(66)
4.06680929 1.34482552 1.01378215	(67)
1.27186754 5.24885147 0.99893501	(68)
0.06683607 6.71901655 0.99537912	(69)
2.97013096 3.39783694 0.00000549	(70)
7.62865695 6.27311621 0.99411485	(71)
12.04540991 3.45390183 0.00000000	(72)
2.19410283 0.43504641 0.98684832	(73)
0.11109100 7.50011193 0.99465391	(74)
4.69684083 12.41394005 0.00000000	(75)
1.17469479 -4.50294255 0.00000000	(76)
7.83871249 5.51712561 0.99954608	(77)
9.43508353 2.99196828 0.00000000	(78)
0.96494095 6.18335674 0.99447962	(79)
7.33113293 0.43656987 1.22894871	(80)
9.08764487 6.06822148 0.99760525	(81)
9.59967428 1.42964498 0.99360456	(82)
3.38938031 2.58718661 0.99604091	(83)
6.48206258 2.84726332 0.99961411	(84)
1.87287395 5.59619230 1.22085325	(85)
4.07428045 3.48413129 1.00808918	(86)
10.47735260 -3.65931535 0.00000000	(87)
2.00490225 6.96079990 0.99167147	(88)
5.56034404 8.25463526 1.25694575	(89)
3.75344573 6.70697409 0.98686132	(90)
2.87443527 9.04417294 1.98083331	(91)
0.38036617 0.17433718 0.97772935	(92)
14.00406180 12.86768930 0.00000000	(93)
3.07999319 9.84206582 0.99915518	(94)
4.04513972 4.58381663 0.98622828	(95)
9.11524400 2.15234779 0.96978294	(96)
12.08769221 2.69267676 0.00000000	(97)
2.76376939 0.38274115 0.99328286	(98)
5.11892865 5.91906360 2.05487719	(99)
