7.51489996 1.14100334
7.49953267 1.16470609
7.48405441 1.18873931
7.46848137 1.21305416
7.45283052 1.23759851
7.43711955 1.26231729
7.42136675 1.28715296
7.40559096 1.31204604
7.38981141 1.33693560
7.37404763 1.36175993
7.35831931 1.38645713
7.34264619 1.41096576
7.32704790 1.43522549
7.31154385 1.45917775
7.29615309 1.48276631
7.28089419 1.50593783
7.26578510 1.52864243
7.25084306 1.55083406
7.23608450 1.57247094
7.22152490 1.59351578
7.20717878 1.61393608
7.19305959 1.63370417
7.17917967 1.65279731
7.16555021 1.67119764
7.15218123 1.68889209
7.13908156 1.70587220
7.12625887 1.72213390
7.11371964 1.73767726
7.10146921 1.75250615
7.08951183 1.76662795
7.07785065 1.78005319
7.06648784 1.79279517
7.05542458 1.80486962
7.04466115 1.81629436
7.03419700 1.82708891
7.02403078 1.83727424
7.01416045 1.84687238
7.00458329 1.85590618
6.99529601 1.86439907
6.98629479 1.87237478
6.97757535 1.87985713
6.96913300 1.88686989
6.96096268 1.89343658
6.95305905 1.89958034
6.94541650 1.90532382
6.93802923 1.91068907
6.93089125 1.91569748
6.92399646 1.92036972
6.91733865 1.92472566
6.91091156 1.92878438
6.90470888 1.93256413
6.89872431 1.93608232
6.89295156 1.93935552
6.88738436 1.94239945
6.88201651 1.94522901
6.87684187 1.94785832
6.87185439 1.95030066
6.86704810 1.95256860
6.86241714 1.95467393
6.85795577 1.95662776
6.85365835 1.95844051
6.84951939 1.96012195
6.84553350 1.96168123
6.84169545 1.96312692
6.83800013 1.96446702
6.83444256 1.96570901
6.83101790 1.96685989
6.82772147 1.96792616
6.82454869 1.96891390
6.82149516 1.96982877
6.81855657 1.97067602
6.81572877 1.97146058
6.81300774 1.97218698
6.81038958 1.97285949
6.80787053 1.97348202
6.80544695 1.97405826
6.80311531 1.97459159
6.80087223 1.97508517
6.79871440 1.97554194
6.79663866 1.97596461
6.79464196 1.97635570
6.79272133 1.97671754
6.79087393 1.97705232
6.78909702 1.97736204
6.78738794 1.97764856
6.78574414 1.97791360
6.78416316 1.97815877
6.78264263 1.97838555
6.78118025 1.97859532
6.77977384 1.97878933
6.77842127 1.97896877
6.77712049 1.97913473
6.77586955 1.97928822
6.77466654 1.97943017
6.77350964 1.97956145
6.77239710 1.97968285
6.77132722 1.97979512
6.77029838 1.97989894
6.76930902 1.97999494
6.76835763 1.98008372
6.76744275 1.98016581
6.76656300 1.98024173
6.76571702 1.98031192
6.76490353 1.98037682
6.76412129 1.98043684
6.76336909 1.98049233
6.76264579 1.98054364
6.76195028 1.98059109
6.76128150 1.98063496
6.76063841 1.98067552
6.76002005 1.98071302
6.75942545 1.98074769
6.75885371 1.98077976
6.75830395 1.98080940
6.75777532 1.98083681
6.75726702 1.98086215
6.75677826 1.98088557
6.75630830 1.98090724
6.75585641 1.98092726
6.75542190 1.98094578
6.75500410 1.98096290
6.75460237 1.98097873
6.75421609 1.98099336
6.75384467 1.98100689
6.75348754 1.98101940
6.75314415 1.98103097
6.75281396 1.98104166
6.75249648 1.98105155
6.75219121 1.98106069
6.75189769 1.98106914
6.75161546 1.98107695
6.75134409 1.98108417
6.75108315 1.98109085
6.75083226 1.98109702
6.75059103 1.98110273
6.75035907 1.98110801
6.75013604 1.98111288
6.74992159 1.98111739
6.74971540 1.98112156
6.74951713 1.98112542
6.74932650 1.98112898
6.74914321 1.98113228
6.74896696 1.98113532
6.74879750 1.98113814
6.74863457 1.98114075
6.74847790 1.98114315
6.74832726 1.98114538
6.74818242 1.98114744
6.74804315 1.98114934
6.74790924 1.98115110
6.74778049 1.98115272
6.74765669 1.98115423
6.74753765 1.98115561
6.74742320 1.98115690
6.74731315 1.98115809
6.74720734 1.98115919
6.74710560 1.98116020
6.74700778 1.98116114
6.74691372 1.98116201
6.74682328 1.98116281
6.74673632 1.98116355
6.74665271 1.98116424
6.74657231 1.98116487
6.74649502 1.98116546
6.74642069 1.98116600
6.74634923 1.98116650
6.74628052 1.98116696
6.74621445 1.98116739
6.74615092 1.98116779
6.74608984 1.98116815
6.74603111 1.98116849
6.74597465 1.98116880
6.74592035 1.98116909
6.74586815 1.98116936
6.74581795 1.98116961
6.74576969 1.98116983
6.74572328 1.98117005
6.74567866 1.98117024
6.74563576 1.98117042
6.74559451 1.98117059
6.74555484 1.98117074
6.74551671 1.98117089
6.74548004 1.98117102
6.74544478 1.98117114
6.74541088 1.98117125
6.74537829 1.98117136
6.74534695 1.98117145
6.74531681 1.98117154
6.74528784 1.98117162
6.74525998 1.98117170
6.74523319 1.98117177
6.74520744 1.98117184
6.74518267 1.98117190
6.74515886 1.98117195
6.74513597 1.98117200
6.74511395 1.98117205
6.74509279 1.98117209
6.74507244 1.98117213
6.74505287 1.98117217
6.74503405 1.98117221
6.74501596 1.98117224
6.74499857 1.98117227
6.74498184 1.98117230
6.74496576 1.98117232
6.74495030 1.98117234
6.74493544 1.98117237
6.74492114 1.98117239
6.74490740 1.98117241
6.74489418 1.98117242
6.74488148 1.98117244
6.74486926 1.98117245
6.74485751 1.98117247
6.74484622 1.98117248
6.74483536 1.98117249
6.74482491 1.98117250
