9.15380120 0.98415817
9.14156122 0.99914922
9.12930659 1.01417397
9.11704088 1.02922369
9.10476768 1.04428963
9.09249053 1.05936306
9.08021300 1.07443529
9.06793858 1.08949772
9.05567077 1.10454183
9.04341300 1.11955924
9.03116866 1.13454170
9.01894108 1.14948117
9.00673352 1.16436976
8.99454919 1.17919984
8.98239119 1.19396397
8.97026258 1.20865499
8.95816630 1.22326600
8.94610521 1.23779038
8.93408208 1.25222180
8.92209958 1.26655422
8.91016027 1.28078193
8.89826661 1.29489953
8.88642098 1.30890191
8.87462560 1.32278431
8.86288264 1.33654228
8.85119412 1.35017169
8.83956197 1.36366874
8.82798800 1.37702993
8.81647394 1.39025207
8.80502138 1.40333228
8.79363182 1.41626796
8.78230667 1.42905683
8.77104722 1.44169684
8.75985466 1.45418626
8.74873010 1.46652358
8.73767455 1.47870755
8.72668894 1.49073718
8.71577408 1.50261167
8.70493074 1.51433045
8.69415957 1.52589315
8.68346117 1.53729961
8.67283606 1.54854981
8.66228469 1.55964394
8.65180742 1.57058233
8.64140459 1.58136543
8.63107645 1.59199388
8.62082319 1.60246839
8.61064497 1.61278983
8.60054189 1.62295913
8.59051398 1.63297736
8.58056127 1.64284565
8.57068372 1.65256521
8.56088125 1.66213733
8.55115377 1.67156336
8.54150113 1.68084470
8.53192316 1.68998279
8.52241969 1.69897914
8.51299048 1.70783526
8.50363530 1.71655273
8.49435388 1.72513311
8.48514595 1.73357802
8.47601123 1.74188908
8.46694938 1.75006792
8.45796011 1.75811617
8.44904308 1.76603548
8.44019794 1.77382750
8.43142435 1.78149387
8.42272196 1.78903623
8.41409040 1.79645622
8.40552931 1.80375545
8.39703832 1.81093554
8.38861707 1.81799810
8.38026518 1.82494471
8.37198227 1.83177696
8.36376799 1.83849639
8.35562195 1.84510455
8.34754379 1.85160297
8.33953313 1.85799315
8.33158962 1.86427658
8.32371288 1.87045474
8.31590256 1.87652907
8.30815829 1.88250102
8.30047972 1.88837198
8.29286650 1.89414336
8.28531828 1.89981653
8.27783472 1.90539285
8.27041547 1.91087366
8.26306020 1.91626027
8.25576857 1.92155398
8.24854026 1.92675609
8.24137493 1.93186784
8.23427226 1.93689051
8.22723194 1.94182530
8.22025364 1.94667345
8.21333705 1.95143614
8.20648187 1.95611457
8.19968778 1.96070990
8.19295448 1.96522328
8.18628167 1.96965585
8.17966904 1.97400875
8.17311630 1.97828307
8.16662316 1.98247993
8.16018931 1.98660040
8.15381446 1.99064557
8.14749833 1.99461649
8.14124062 1.99851421
8.13504104 2.00233977
8.12889930 2.00609421
8.12281511 2.00977853
8.11678819 2.01339375
8.11081824 2.01694087
8.10490499 2.02042087
8.09904813 2.02383473
8.09324738 2.02718342
8.08750245 2.03046790
8.08181305 2.03368913
8.07617889 2.03684803
8.07059968 2.03994556
8.06507512 2.04298263
8.05960493 2.04596016
8.05418879 2.04887906
8.04882643 2.05174023
8.04351753 2.05454457
8.03826180 2.05729295
8.03305893 2.05998627
8.02790863 2.06262538
8.02281059 2.06521115
8.01776450 2.06774443
8.01277005 2.07022608
8.00782693 2.07265692
8.00293483 2.07503779
7.99809343 2.07736952
7.99330242 2.07965292
7.98856147 2.08188879
7.98387027 2.08407794
7.97922849 2.08622116
7.97463581 2.08831924
7.97009191 2.09037295
7.96559644 2.09238306
7.96114909 2.09435034
7.95674952 2.09627552
7.95239740 2.09815938
7.94809239 2.10000262
7.94383416 2.10180600
7.93962236 2.10357023
7.93545665 2.10529601
7.93133670 2.10698407
7.92726215 2.10863508
7.92323267 2.11024975
7.91924791 2.11182875
7.91530752 2.11337275
7.91141115 2.11488241
7.90755846 2.11635839
7.90374909 2.11780134
7.89998269 2.11921190
7.89625891 2.12059068
7.89257740 2.12193832
7.88893780 2.12325543
7.88533976 2.12454261
7.88178293 2.12580045
7.87826696 2.12702955
7.87479147 2.12823047
7.87135613 2.12940380
7.86796058 2.13055008
7.86460446 2.13166988
7.86128742 2.13276374
7.85800909 2.13383219
7.85476914 2.13487577
7.85156720 2.13589499
7.84840292 2.13689035
7.84527594 2.13786237
7.84218592 2.13881154
7.83913251 2.13973835
7.83611534 2.14064326
7.83313407 2.14152676
7.83018836 2.14238930
7.82727785 2.14323134
7.82440219 2.14405331
7.82156105 2.14485567
7.81875407 2.14563884
7.81598091 2.14640324
7.81324123 2.14714929
7.81053468 2.14787739
7.80786094 2.14858795
7.80521965 2.14928134
7.80261049 2.14995797
7.80003312 2.15061820
7.79748720 2.15126241
7.79497240 2.15189096
7.79248840 2.15250420
7.79003487 2.15310249
7.78761147 2.15368616
7.78521789 2.15425556
7.78285381 2.15481100
7.78051890 2.15535281
7.77821284 2.15588131
7.77593533 2.15639680
7.77368604 2.15689960
7.77146466 2.15738998
7.76927089 2.15786825
7.76710442 2.15833469
7.76496493 2.15878957
7.76285214 2.15923318
7.76076573 2.15966577
7.75870541 2.16008760
7.75667088 2.16049894
7.75466186 2.16090003
7.75267804 2.16129111
7.75071913 2.16167243
7.74878486 2.16204421
7.74687494 2.16240669
7.74498908 2.16276010
7.74312701 2.16310464
7.74128845 2.16344054
7.73947312 2.16376800
7.73768075 2.16408722
7.73591107 2.16439841
7.73416382 2.16470177
7.73243873 2.16499747
7.73073553 2.16528572
7.72905397 2.16556668
7.72739379 2.16584055
7.72575474 2.16610749
7.72413655 2.16636767
7.72253899 2.16662127
7.72096180 2.16686843
7.71940474 2.16710933
7.71786756 2.16734411
7.71635003 2.16757293
7.71485191 2.16779593
7.71337295 2.16801326
7.71191294 2.16822506
7.71047163 2.16843147
7.70904880 2.16863261
7.70764422 2.16882863
7.70625767 2.16901965
7.70488893 2.16920579
7.70353778 2.16938718
7.70220400 2.16956393
7.70088737 2.16973616
7.69958770 2.16990399
7.69830476 2.17006753
7.69703834 2.17022687
7.69578825 2.17038214
7.69455429 2.17053342
7.69333624 2.17068083
7.69213391 2.17082445
7.69094711 2.17096439
7.68977564 2.17110074
7.68861932 2.17123359
7.68747794 2.17136302
7.68635132 2.17148912
7.68523928 2.17161199
7.68414164 2.17173169
7.68305821 2.17184831
7.68198881 2.17196193
7.68093328 2.17207262
7.67989142 2.17218047
7.67886307 2.17228553
7.67784807 2.17238789
7.67684623 2.17248760
7.67585739 2.17258475
7.67488140 2.17267939
7.67391807 2.17277158
7.67296727 2.17286140
7.67202882 2.17294889
7.67110256 2.17303413
7.67018835 2.17311717
7.66928603 2.17319806
7.66839545 2.17327685
7.66751645 2.17335361
7.66664889 2.17342839
7.66579263 2.17350123
7.66494752 2.17357219
7.66411341 2.17364131
7.66329017 2.17370864
7.66247765 2.17377423
7.66167572 2.17383812
7.66088425 2.17390035
7.66010309 2.17396097
7.65933213 2.17402003
7.65857121 2.17407755
7.65782022 2.17413358
7.65707903 2.17418816
7.65634752 2.17424132
7.65562555 2.17429310
7.65491300 2.17434354
7.65420976 2.17439267
7.65351570 2.17444053
7.65283071 2.17448715
7.65215466 2.17453255
7.65148744 2.17457678
7.65082895 2.17461986
7.65017905 2.17466182
7.64953766 2.17470269
7.64890464 2.17474250
7.64827990 2.17478127
7.64766333 2.17481904
7.64705482 2.17485582
7.64645427 2.17489166
7.64586158 2.17492655
7.64527664 2.17496055
7.64469935 2.17499365
7.64412961 2.17502590
7.64356733 2.17505731
7.64301241 2.17508790
7.64246475 2.17511770
7.64192426 2.17514672
7.64139084 2.17517499
7.64086441 2.17520252
7.64034487 2.17522934
7.63983214 2.17525545
7.63932611 2.17528089
7.63882672 2.17530567
7.63833387 2.17532980
7.63784747 2.17535330
7.63736744 2.17537619
7.63689371 2.17539849
7.63642618 2.17542020
7.63596477 2.17544135
7.63550942 2.17546195
7.63506003 2.17548202
7.63461652 2.17550156
7.63417884 2.17552059
7.63374689 2.17553912
7.63332060 2.17555718
7.63289990 2.17557476
7.63248471 2.17559189
7.63207497 2.17560856
7.63167060 2.17562481
7.63127153 2.17564063
7.63087770 2.17565604
7.63048903 2.17567105
7.63010546 2.17568566
7.62972692 2.17569990
7.62935334 2.17571376
7.62898466 2.17572726
7.62862082 2.17574042
7.62826175 2.17575322
7.62790740 2.17576570
7.62755769 2.17577785
7.62721257 2.17578968
7.62687197 2.17580121
7.62653585 2.17581243
7.62620414 2.17582336
7.62587677 2.17583401
7.62555371 2.17584438
7.62523488 2.17585447
7.62492024 2.17586431
7.62460973 2.17587389
7.62430329 2.17588322
7.62400087 2.17589230
7.62370243 2.17590115
7.62340790 2.17590977
7.62311723 2.17591816
7.62283038 2.17592634
7.62254730 2.17593430
7.62226793 2.17594205
7.62199223 2.17594960
7.62172015 2.17595695
7.62145165 2.17596412
7.62118666 2.17597109
7.62092516 2.17597789
7.62066709 2.17598450
7.62041240 2.17599095
7.62016106 2.17599722
7.61991303 2.17600333
7.61966824 2.17600929
7.61942668 2.17601508
7.61918828 2.17602073
7.61895301 2.17602623
7.61872084 2.17603158
7.61849171 2.17603680
7.61826559 2.17604188
7.61804244 2.17604683
7.61782222 2.17605164
7.61760490 2.17605633
7.61739043 2.17606090
7.61717877 2.17606535
7.61696989 2.17606969
7.61676376 2.17607391
7.61656034 2.17607802
7.61635958 2.17608203
7.61616147 2.17608592
7.61596595 2.17608972
7.61577301 2.17609342
7.61558260 2.17609702
7.61539468 2.17610053
7.61520924 2.17610395
7.61502624 2.17610727
7.61484563 2.17611051
7.61466740 2.17611367
7.61449151 2.17611674
7.61431793 2.17611974
7.61414664 2.17612265
7.61397759 2.17612549
7.61381076 2.17612825
7.61364612 2.17613095
7.61348365 2.17613357
7.61332331 2.17613612
7.61316508 2.17613861
7.61300893 2.17614103
7.61285483 2.17614339
7.61270275 2.17614569
7.61255267 2.17614793
7.61240456 2.17615011
7.61225840 2.17615223
7.61211416 2.17615430
7.61197181 2.17615631
7.61183133 2.17615827
7.61169270 2.17616018
7.61155590 2.17616204
7.61142088 2.17616385
7.61128765 2.17616561
7.61115616 2.17616733
7.61102640 2.17616900
7.61089834 2.17617063
7.61077197 2.17617222
7.61064726 2.17617376
7.61052419 2.17617527
7.61040273 2.17617673
7.61028287 2.17617816
7.61016459 2.17617955
7.61004786 2.17618090
7.60993266 2.17618222
7.60981898 2.17618351
7.60970679 2.17618476
7.60959607 2.17618597
7.60948681 2.17618716
7.60937898 2.17618832
7.60927258 2.17618944
7.60916757 2.17619054
7.60906394 2.17619160
7.60896167 2.17619264
7.60886074 2.17619365
7.60876115 2.17619464
7.60866286 2.17619560
7.60856586 2.17619653
7.60847014 2.17619744
7.60837567 2.17619833
7.60828245 2.17619919
7.60819045 2.17620003
7.60809966 2.17620085
7.60801006 2.17620165
7.60792164 2.17620243
7.60783439 2.17620318
7.60774828 2.17620392
7.60766330 2.17620464
7.60757943 2.17620534
7.60749667 2.17620602
7.60741500 2.17620668
7.60733440 2.17620732
7.60725486 2.17620795
7.60717637 2.17620857
7.60709890 2.17620916
7.60702246 2.17620974
7.60694702 2.17621031
7.60687257 2.17621086
7.60679910 2.17621139
7.60672659 2.17621192
7.60665504 2.17621243
7.60658443 2.17621292
7.60651474 2.17621340
7.60644598 2.17621387
7.60637811 2.17621433
7.60631114 2.17621478
7.60624505 2.17621521
7.60617982 2.17621563
7.60611545 2.17621604
7.60605193 2.17621645
7.60598925 2.17621684
7.60592739 2.17621722
7.60586634 2.17621759
7.60580609 2.17621795
7.60574663 2.17621830
7.60568796 2.17621864
7.60563006 2.17621897
7.60557292 2.17621930
7.60551653 2.17621961
7.60546088 2.17621992
7.60540596 2.17622022
7.60535176 2.17622051
7.60529828 2.17622080
7.60524550 2.17622107
7.60519341 2.17622134
7.60514201 2.17622160
7.60509128 2.17622186
7.60504122 2.17622211
7.60499181 2.17622235
7.60494306 2.17622259
7.60489495 2.17622282
7.60484747 2.17622304
7.60480061 2.17622326
7.60475437 2.17622347
7.60470874 2.17622368
7.60466371 2.17622388
7.60461926 2.17622408
7.60457541 2.17622427
7.60453213 2.17622445
7.60448941 2.17622464
7.60444726 2.17622481
7.60440567 2.17622498
7.60436462 2.17622515
7.60432411 2.17622531
7.60428413 2.17622547
7.60424468 2.17622563
7.60420574 2.17622578
7.60416732 2.17622592
7.60412940 2.17622607
7.60409198 2.17622621
7.60405506 2.17622634
7.60401862 2.17622647
7.60398265 2.17622660
7.60394716 2.17622673
7.60391214 2.17622685
7.60387758 2.17622697
7.60384347 2.17622708
7.60380981 2.17622720
7.60377659 2.17622731
7.60374381 2.17622741
7.60371146 2.17622752
7.60367953 2.17622762
7.60364802 2.17622772
7.60361693 2.17622781
7.60358625 2.17622791
7.60355597 2.17622800
7.60352609 2.17622809
7.60349660 2.17622817
7.60346749 2.17622826
7.60343878 2.17622834
7.60341043 2.17622842
7.60338246 2.17622850
7.60335486 2.17622857
7.60332762 2.17622865
7.60330074 2.17622872
7.60327421 2.17622879
7.60324804 2.17622886
7.60322220 2.17622892
7.60319671 2.17622899
7.60317155 2.17622905
7.60314672 2.17622911
7.60312221 2.17622917
7.60309803 2.17622923
7.60307417 2.17622928
7.60305062 2.17622934
7.60302738 2.17622939
7.60300444 2.17622945
7.60298181 2.17622950
7.60295947 2.17622955
7.60293743 2.17622959
7.60291568 2.17622964
7.60289421 2.17622969
7.60287303 2.17622973
7.60285212 2.17622978
7.60283149 2.17622982
7.60281113 2.17622986
7.60279104 2.17622990
7.60277121 2.17622994
7.60275164 2.17622998
7.60273233 2.17623001
7.60271328 2.17623005
7.60269447 2.17623008
7.60267591 2.17623012
7.60265760 2.17623015
7.60263952 2.17623018
7.60262168 2.17623022
7.60260408 2.17623025
7.60258671 2.17623028
7.60256957 2.17623031
7.60255265 2.17623033
7.60253596 2.17623036
7.60251948 2.17623039
7.60250322 2.17623041
7.60248717 2.17623044
7.60247134 2.17623047
7.60245571 2.17623049
7.60244029 2.17623051
7.60242507 2.17623054
7.60241006 2.17623056
7.60239524 2.17623058
7.60238061 2.17623060
7.60236618 2.17623062
7.60235193 2.17623064
7.60233787 2.17623066
7.60232400 2.17623068
7.60231031 2.17623070
7.60229680 2.17623072
7.60228347 2.17623074
7.60227031 2.17623075
7.60225733 2.17623077
7.60224452 2.17623079
7.60223187 2.17623080
7.60221939 2.17623082
7.60220708 2.17623083
7.60219492 2.17623085
7.60218293 2.17623086
7.60217109 2.17623088
7.60215941 2.17623089
7.60214789 2.17623090
7.60213651 2.17623091
7.60212529 2.17623093
7.60211421 2.17623094
7.60210328 2.17623095
7.60209249 2.17623096
7.60208184 2.17623097
7.60207133 2.17623099
7.60206097 2.17623100
7.60205073 2.17623101
7.60204064 2.17623102
