2.47542073 1.74071288
2.49939382 1.79828610
2.52344269 1.85615378
2.54750901 1.91403334
2.57153259 1.97163400
2.59545213 2.02866286
2.61920610 2.08483129
2.64273359 2.13986129
2.66597519 2.19349167
2.68887387 2.24548351
2.71137577 2.29562488
2.73343085 2.34373446
2.75499357 2.38966402
2.77602329 2.43329960
2.79648461 2.47456160
2.81634760 2.51340368
2.83558781 2.54981083
2.85418622 2.58379661
2.87212909 2.61539990
2.88940766 2.64468133
2.90601782 2.67171955
2.92195976 2.69660755
2.93723747 2.71944915
2.95185838 2.74035576
2.96583286 2.75944346
2.97917381 2.77683045
2.99189626 2.79263492
3.00401694 2.80697328
3.01555395 2.81995871
3.02652643 2.83170011
3.03695426 2.84230129
3.04685783 2.85186041
3.05625776 2.86046967
3.06517476 2.86821514
3.07362946 2.87517674
3.08164223 2.88142836
3.08923312 2.88703800
3.09642174 2.89206803
3.10322719 2.89657549
3.10966803 2.90061236
3.11576219 2.90422594
3.12152697 2.90745913
3.12697904 2.91035079
3.13213439 2.91293604
3.13700833 2.91524661
3.14161555 2.91731105
3.14597005 2.91915512
3.15008519 2.92080194
3.15397371 2.92227231
3.15764774 2.92358489
3.16111881 2.92475641
3.16439789 2.92580187
3.16749537 2.92673472
3.17042114 2.92756699
3.17318456 2.92830944
3.17579452 2.92897170
3.17825943 2.92956239
3.18058726 2.93008919
3.18278555 2.93055899
3.18486146 2.93097793
3.18682173 2.93135149
3.18867278 2.93168457
3.19042063 2.93198156
3.19207102 2.93224634
3.19362936 2.93248240
3.19510074 2.93269286
3.19649001 2.93288048
3.19780173 2.93304774
3.19904022 2.93319684
3.20020955 2.93332976
3.20131357 2.93344824
3.20235594 2.93355386
3.20334007 2.93364800
3.20426922 2.93373192
3.20514645 2.93380673
3.20597467 2.93387341
3.20675660 2.93393284
3.20749484 2.93398582
3.20819181 2.93403304
3.20884983 2.93407512
3.20947107 2.93411264
3.21005758 2.93414608
3.21061131 2.93417588
3.21113408 2.93420245
3.21162763 2.93422613
3.21209359 2.93424723
3.21253350 2.93426604
3.21294881 2.93428281
3.21334090 2.93429775
3.21371107 2.93431107
3.21406054 2.93432294
3.21439048 2.93433352
3.21470197 2.93434296
3.21499604 2.93435136
3.21527367 2.93435885
3.21553577 2.93436553
3.21578322 2.93437148
3.21601684 2.93437679
3.21623739 2.93438152
3.21644561 2.93438573
3.21664218 2.93438949
3.21682777 2.93439284
3.21700297 2.93439582
3.21716838 2.93439848
3.21732455 2.93440085
3.21747198 2.93440296
3.21761116 2.93440484
3.21774256 2.93440652
3.21786662 2.93440802
3.21798374 2.93440935
3.21809431 2.93441054
3.21819869 2.93441160
3.21829724 2.93441254
3.21839028 2.93441339
3.21847812 2.93441414
3.21856104 2.93441480
3.21863933 2.93441540
3.21871324 2.93441593
3.21878302 2.93441640
3.21884889 2.93441683
3.21891108 2.93441720
3.21896980 2.93441754
3.21902523 2.93441784
3.21907756 2.93441810
3.21912696 2.93441834
3.21917361 2.93441855
3.21921764 2.93441874
3.21925921 2.93441891
3.21929846 2.93441906
3.21933551 2.93441919
3.21937049 2.93441931
3.21940352 2.93441942
3.21943470 2.93441951
3.21946413 2.93441959
3.21949192 2.93441967
3.21951815 2.93441974
3.21954292 2.93441980
3.21956630 2.93441985
3.21958838 2.93441990
3.21960922 2.93441994
3.21962889 2.93441998
3.21964747 2.93442001
3.21966501 2.93442004
3.21968156 2.93442007
3.21969719 2.93442009
3.21971195 2.93442011
3.21972588 2.93442013
3.21973903 2.93442015
3.21975145 2.93442016
3.21976317 2.93442017
3.21977424 2.93442019
3.21978469 2.93442020
