9.75622352 0.27180509
9.74955797 0.27627341
9.74281627 0.28084450
9.73599732 0.28552098
9.72910008 0.29030553
9.72212347 0.29520090
9.71506640 0.30020988
9.70792781 0.30533531
9.70070661 0.31058009
9.69340173 0.31594718
9.68601208 0.32143957
9.67853660 0.32706032
9.67097422 0.33281254
9.66332389 0.33869935
9.65558453 0.34472396
9.64775513 0.35088957
9.63983464 0.35719946
9.63182206 0.36365691
9.62371638 0.37026524
9.61551664 0.37702780
9.60722187 0.38394793
9.59883114 0.39102900
9.59034356 0.39827439
9.58175826 0.40568748
9.57307438 0.41327161
9.56429115 0.42103013
9.55540779 0.42896636
9.54642359 0.43708358
9.53733789 0.44538501
9.52815007 0.45387382
9.51885958 0.46255313
9.50946591 0.47142594
9.49996864 0.48049520
9.49036740 0.48976370
9.48066190 0.49923414
9.47085194 0.50890907
9.46093737 0.51879090
9.45091817 0.52888183
9.44079438 0.53918391
9.43056616 0.54969896
9.42023376 0.56042858
9.40979753 0.57137412
9.39925795 0.58253669
9.38861561 0.59391709
9.37787122 0.60551582
9.36702562 0.61733308
9.35607976 0.62936871
9.34503476 0.64162218
9.33389185 0.65409262
9.32265241 0.66677873
9.31131797 0.67967881
9.29989021 0.69279073
9.28837094 0.70611191
9.27676214 0.71963933
9.26506595 0.73336947
9.25328466 0.74729837
9.24142069 0.76142155
9.22947666 0.77573406
9.21745530 0.79023043
9.20535953 0.80490472
9.19319240 0.81975046
9.18095711 0.83476073
9.16865701 0.84992810
9.15629558 0.86524466
9.14387645 0.88070206
9.13140336 0.89629151
9.11888020 0.91200376
9.10631095 0.92782921
9.09369971 0.94375784
9.08105067 0.95977931
9.06836813 0.97588297
9.05565644 0.99205786
9.04292004 1.00829279
9.03016343 1.02457637
9.01739116 1.04089703
9.00460781 1.05724307
8.99181798 1.07360272
8.97902630 1.08996414
8.96623740 1.10631551
8.95345588 1.12264505
8.94068636 1.13894106
8.92793338 1.15519195
8.91520146 1.17138634
8.90249508 1.18751300
8.88981863 1.20356099
8.87717644 1.21951962
8.86457274 1.23537852
8.85201167 1.25112767
8.83949729 1.26675739
8.82703353 1.28225843
8.81462419 1.29762195
8.80227297 1.31283951
8.78998343 1.32790317
8.77775899 1.34280542
8.76560294 1.35753924
8.75351843 1.37209809
8.74150845 1.38647591
8.72957585 1.40066713
8.71772334 1.41466666
8.70595346 1.42846991
8.69426862 1.44207274
8.68267106 1.45547150
8.67116290 1.46866298
8.65974607 1.48164443
8.64842240 1.49441353
8.63719354 1.50696837
8.62606103 1.51930746
8.61502625 1.53142967
8.60409046 1.54333427
8.59325477 1.55502086
8.58252020 1.56648939
8.57188761 1.57774010
8.56135778 1.58877356
8.55093133 1.59959058
8.54060882 1.61019226
8.53039068 1.62057993
8.52027723 1.63075515
8.51026873 1.64071966
8.50036533 1.65047543
8.49056708 1.66002456
8.48087399 1.66936934
8.47128594 1.67851219
8.46180279 1.68745565
8.45242430 1.69620238
8.44315018 1.70475514
8.43398008 1.71311677
8.42491358 1.72129020
8.41595024 1.72927840
8.40708953 1.73708443
8.39833092 1.74471135
8.38967380 1.75216229
8.38111755 1.75944040
8.37266151 1.76654883
8.36430497 1.77349076
8.35604721 1.78026937
8.34788748 1.78688784
8.33982501 1.79334932
8.33185899 1.79965699
8.32398862 1.80581398
8.31621305 1.81182341
8.30853145 1.81768837
8.30094295 1.82341193
8.29344668 1.82899712
8.28604175 1.83444693
8.27872728 1.83976433
8.27150238 1.84495225
8.26436613 1.85001355
8.25731763 1.85495108
8.25035598 1.85976764
8.24348025 1.86446598
8.23668955 1.86904879
8.22998296 1.87351874
8.22335956 1.87787844
8.21681845 1.88213045
8.21035871 1.88627728
8.20397945 1.89032139
8.19767977 1.89426522
8.19145876 1.89811112
8.18531554 1.90186143
8.17924921 1.90551840
8.17325891 1.90908428
8.16734374 1.91256124
8.16150284 1.91595141
8.15573535 1.91925688
8.15004042 1.92247970
8.14441718 1.92562185
8.13886481 1.92868530
8.13338246 1.93167195
8.12796931 1.93458366
8.12262454 1.93742227
8.11734734 1.94018954
8.11213690 1.94288723
8.10699242 1.94551703
8.10191312 1.94808060
8.09689822 1.95057957
8.09194695 1.95301552
8.08705854 1.95539000
8.08223223 1.95770451
8.07746729 1.95996055
8.07276296 1.96215953
8.06811852 1.96430288
8.06353324 1.96639195
8.05900641 1.96842810
8.05453732 1.97041264
8.05012528 1.97234682
8.04576958 1.97423191
8.04146954 1.97606912
8.03722450 1.97785964
8.03303377 1.97960461
8.02889670 1.98130518
8.02481264 1.98296244
8.02078094 1.98457748
8.01680096 1.98615134
8.01287207 1.98768504
8.00899365 1.98917959
8.00516508 1.99063596
8.00138575 1.99205510
7.99765506 1.99343795
7.99397242 1.99478540
7.99033723 1.99609834
7.98674891 1.99737764
7.98320689 1.99862413
7.97971061 1.99983863
7.97625949 2.00102196
7.97285299 2.00217488
7.96949055 2.00329816
7.96617164 2.00439254
7.96289571 2.00545876
7.95966225 2.00649751
7.95647072 2.00750948
7.95332061 2.00849536
7.95021141 2.00945580
7.94714261 2.01039143
7.94411371 2.01130288
7.94112422 2.01219077
7.93817365 2.01305569
7.93526152 2.01389821
7.93238735 2.01471891
7.92955067 2.01551833
7.92675102 2.01629702
7.92398794 2.01705549
7.92126096 2.01779427
7.91856965 2.01851384
7.91591356 2.01921471
7.91329224 2.01989734
7.91070527 2.02056219
7.90815222 2.02120973
7.90563265 2.02184038
7.90314616 2.02245458
7.90069233 2.02305276
7.89827075 2.02363531
7.89588102 2.02420263
7.89352273 2.02475513
7.89119549 2.02529316
7.88889891 2.02581711
7.88663261 2.02632734
7.88439620 2.02682419
7.88218931 2.02730801
7.88001156 2.02777914
7.87786259 2.02823789
7.87574203 2.02868460
7.87364952 2.02911956
7.87158472 2.02954308
7.86954726 2.02995545
7.86753680 2.03035696
7.86555299 2.03074790
7.86359551 2.03112853
7.86166401 2.03149912
7.85975817 2.03185994
7.85787765 2.03221122
7.85602213 2.03255322
7.85419130 2.03288619
7.85238484 2.03321034
7.85060244 2.03352592
7.84884379 2.03383315
7.84710858 2.03413224
7.84539652 2.03442340
7.84370730 2.03470684
7.84204064 2.03498276
7.84039625 2.03525135
7.83877383 2.03551282
7.83717311 2.03576733
7.83559381 2.03601508
7.83403564 2.03625625
7.83249834 2.03649099
7.83098164 2.03671949
7.82948528 2.03694190
7.82800897 2.03715838
7.82655248 2.03736910
7.82511554 2.03757419
7.82369790 2.03777381
7.82229930 2.03796810
7.82091950 2.03815721
7.81955826 2.03834126
7.81821533 2.03852039
7.81689048 2.03869473
7.81558347 2.03886441
7.81429406 2.03902955
7.81302203 2.03919026
7.81176716 2.03934667
7.81052920 2.03949889
7.80930795 2.03964703
7.80810319 2.03979119
7.80691470 2.03993149
7.80574226 2.04006802
7.80458567 2.04020089
7.80344472 2.04033019
7.80231920 2.04045601
7.80120891 2.04057845
7.80011364 2.04069760
7.79903321 2.04081354
7.79796741 2.04092636
7.79691606 2.04103615
7.79587895 2.04114298
7.79485591 2.04124693
7.79384675 2.04134808
7.79285128 2.04144650
7.79186932 2.04154227
7.79090070 2.04163546
7.78994524 2.04172613
7.78900276 2.04181435
7.78807309 2.04190019
7.78715606 2.04198372
7.78625150 2.04206498
7.78535925 2.04214405
7.78447914 2.04222098
7.78361101 2.04229583
7.78275471 2.04236866
7.78191007 2.04243952
7.78107694 2.04250845
7.78025517 2.04257552
7.77944460 2.04264078
7.77864509 2.04270426
7.77785648 2.04276603
7.77707863 2.04282612
7.77631140 2.04288458
7.77555465 2.04294146
7.77480823 2.04299679
7.77407200 2.04305063
7.77334584 2.04310300
7.77262960 2.04315395
7.77192316 2.04320351
7.77122637 2.04325173
7.77053912 2.04329864
7.76986127 2.04334427
7.76919269 2.04338867
7.76853327 2.04343185
7.76788287 2.04347387
7.76724138 2.04351473
7.76660868 2.04355449
7.76598464 2.04359317
7.76536916 2.04363079
7.76476212 2.04366739
7.76416339 2.04370299
7.76357288 2.04373762
7.76299047 2.04377131
7.76241605 2.04380408
7.76184951 2.04383595
7.76129074 2.04386696
7.76073965 2.04389712
7.76019612 2.04392646
7.75966005 2.04395500
7.75913135 2.04398276
7.75860992 2.04400976
7.75809564 2.04403603
7.75758844 2.04406158
7.75708821 2.04408643
7.75659485 2.04411060
7.75610828 2.04413412
7.75562840 2.04415699
7.75515513 2.04417923
7.75468836 2.04420087
7.75422802 2.04422191
7.75377401 2.04424238
7.75332625 2.04426229
7.75288466 2.04428166
7.75244915 2.04430050
7.75201963 2.04431882
7.75159603 2.04433664
7.75117827 2.04435397
7.75076627 2.04437083
7.75035994 2.04438722
7.74995921 2.04440317
7.74956400 2.04441868
7.74917425 2.04443377
7.74878987 2.04444844
7.74841079 2.04446271
7.74803694 2.04447659
7.74766824 2.04449009
7.74730463 2.04450322
7.74694604 2.04451599
7.74659240 2.04452841
7.74624364 2.04454049
7.74589969 2.04455224
7.74556049 2.04456367
7.74522598 2.04457478
7.74489608 2.04458559
7.74457074 2.04459610
7.74424990 2.04460632
7.74393349 2.04461627
7.74362144 2.04462593
7.74331371 2.04463534
7.74301024 2.04464449
7.74271095 2.04465338
7.74241581 2.04466203
7.74212474 2.04467044
7.74183770 2.04467863
7.74155462 2.04468658
7.74127546 2.04469432
7.74100016 2.04470185
7.74072867 2.04470917
7.74046094 2.04471629
7.74019691 2.04472321
7.73993653 2.04472994
7.73967975 2.04473649
7.73942653 2.04474286
7.73917681 2.04474905
7.73893055 2.04475508
7.73868770 2.04476093
7.73844820 2.04476663
7.73821203 2.04477217
7.73797912 2.04477755
7.73774944 2.04478279
7.73752294 2.04478789
7.73729958 2.04479284
7.73707931 2.04479766
7.73686209 2.04480235
7.73664788 2.04480690
7.73643664 2.04481134
7.73622832 2.04481564
7.73602289 2.04481984
7.73582031 2.04482391
7.73562054 2.04482787
7.73542353 2.04483173
7.73522925 2.04483548
7.73503767 2.04483912
7.73484874 2.04484267
7.73466244 2.04484611
7.73447871 2.04484947
7.73429753 2.04485273
7.73411887 2.04485590
7.73394268 2.04485898
7.73376894 2.04486198
7.73359760 2.04486489
7.73342864 2.04486773
7.73326203 2.04487048
7.73309773 2.04487316
7.73293570 2.04487577
7.73277592 2.04487831
7.73261837 2.04488077
7.73246299 2.04488317
7.73230977 2.04488550
7.73215868 2.04488777
7.73200969 2.04488997
7.73186276 2.04489211
7.73171787 2.04489420
7.73157500 2.04489623
7.73143410 2.04489820
7.73129516 2.04490011
7.73115816 2.04490198
7.73102305 2.04490379
7.73088982 2.04490555
7.73075844 2.04490727
7.73062888 2.04490894
7.73050112 2.04491056
7.73037514 2.04491213
7.73025090 2.04491367
7.73012839 2.04491516
7.73000758 2.04491660
7.72988845 2.04491801
7.72977098 2.04491938
7.72965513 2.04492072
7.72954090 2.04492201
7.72942825 2.04492327
7.72931717 2.04492450
7.72920763 2.04492569
7.72909961 2.04492685
7.72899309 2.04492798
7.72888806 2.04492907
7.72878448 2.04493014
7.72868234 2.04493117
7.72858162 2.04493218
7.72848230 2.04493316
7.72838436 2.04493411
7.72828778 2.04493504
7.72819255 2.04493594
7.72809864 2.04493682
7.72800603 2.04493767
7.72791471 2.04493849
7.72782466 2.04493930
7.72773586 2.04494008
7.72764830 2.04494084
7.72756195 2.04494158
7.72747680 2.04494230
7.72739284 2.04494301
7.72731004 2.04494369
7.72722840 2.04494435
7.72714789 2.04494499
7.72706850 2.04494562
7.72699021 2.04494623
7.72691301 2.04494682
7.72683689 2.04494739
7.72676182 2.04494795
7.72668780 2.04494850
7.72661481 2.04494903
7.72654283 2.04494954
7.72647185 2.04495004
7.72640187 2.04495053
7.72633285 2.04495100
7.72626479 2.04495146
7.72619768 2.04495191
7.72613151 2.04495234
7.72606625 2.04495277
7.72600190 2.04495318
7.72593845 2.04495358
7.72587588 2.04495396
7.72581418 2.04495434
7.72575334 2.04495471
7.72569334 2.04495507
7.72563418 2.04495542
7.72557585 2.04495575
7.72551832 2.04495608
7.72546159 2.04495640
7.72540566 2.04495671
7.72535050 2.04495701
7.72529611 2.04495731
7.72524248 2.04495759
7.72518959 2.04495787
7.72513744 2.04495814
7.72508601 2.04495840
7.72503530 2.04495866
7.72498529 2.04495891
7.72493599 2.04495915
7.72488736 2.04495938
7.72483942 2.04495961
7.72479214 2.04495983
7.72474552 2.04496005
7.72469954 2.04496026
7.72465421 2.04496046
7.72460951 2.04496066
7.72456543 2.04496086
7.72452197 2.04496104
7.72447910 2.04496123
7.72443684 2.04496140
7.72439516 2.04496158
7.72435407 2.04496174
7.72431354 2.04496191
7.72427358 2.04496206
7.72423418 2.04496222
7.72419532 2.04496237
7.72415701 2.04496251
7.72411923 2.04496266
7.72408197 2.04496279
7.72404524 2.04496293
7.72400901 2.04496306
7.72397329 2.04496319
7.72393807 2.04496331
7.72390333 2.04496343
7.72386908 2.04496354
7.72383531 2.04496366
7.72380201 2.04496377
7.72376917 2.04496388
7.72373679 2.04496398
7.72370486 2.04496408
7.72367337 2.04496418
7.72364232 2.04496428
7.72361170 2.04496437
7.72358151 2.04496446
7.72355175 2.04496455
7.72352239 2.04496463
7.72349344 2.04496472
7.72346490 2.04496480
7.72343676 2.04496487
7.72340900 2.04496495
7.72338163 2.04496503
7.72335465 2.04496510
7.72332804 2.04496517
7.72330180 2.04496524
7.72327592 2.04496530
7.72325041 2.04496537
7.72322525 2.04496543
7.72320044 2.04496549
7.72317598 2.04496555
7.72315185 2.04496561
7.72312807 2.04496567
7.72310461 2.04496572
7.72308148 2.04496577
7.72305868 2.04496582
7.72303619 2.04496587
7.72301401 2.04496592
7.72299214 2.04496597
7.72297058 2.04496602
7.72294932 2.04496606
7.72292835 2.04496611
7.72290768 2.04496615
7.72288729 2.04496619
7.72286719 2.04496623
7.72284737 2.04496627
7.72282782 2.04496631
7.72280854 2.04496634
7.72278954 2.04496638
7.72277080 2.04496641
7.72275232 2.04496645
7.72273409 2.04496648
7.72271613 2.04496651
7.72269841 2.04496654
7.72268093 2.04496657
7.72266371 2.04496660
7.72264672 2.04496663
7.72262997 2.04496666
7.72261345 2.04496669
7.72259716 2.04496671
7.72258110 2.04496674
7.72256526 2.04496676
7.72254964 2.04496679
7.72253424 2.04496681
7.72251906 2.04496684
7.72250408 2.04496686
7.72248932 2.04496688
7.72247476 2.04496690
7.72246040 2.04496692
7.72244624 2.04496694
7.72243228 2.04496696
7.72241852 2.04496698
7.72240494 2.04496700
7.72239156 2.04496702
7.72237836 2.04496703
7.72236535 2.04496705
7.72235252 2.04496707
7.72233986 2.04496708
7.72232738 2.04496710
7.72231508 2.04496711
7.72230295 2.04496713
7.72229098 2.04496714
7.72227919 2.04496715
7.72226755 2.04496717
7.72225608 2.04496718
7.72224477 2.04496719
7.72223362 2.04496721
7.72222262 2.04496722
7.72221178 2.04496723
7.72220108 2.04496724
7.72219054 2.04496725
7.72218014 2.04496726
7.72216989 2.04496727
7.72215978 2.04496728
