1.56441985 0.03764054
1.56584384 0.03784379
1.56727450 0.03804895
1.56871189 0.03825605
1.57015606 0.03846510
1.57160707 0.03867615
1.57306498 0.03888920
1.57452985 0.03910430
1.57600174 0.03932147
1.57748071 0.03954073
1.57896682 0.03976212
1.58046013 0.03998566
1.58196071 0.04021138
1.58346862 0.04043932
1.58498392 0.04066950
1.58650669 0.04090195
1.58803698 0.04113671
1.58957487 0.04137381
1.59112041 0.04161328
1.59267369 0.04185515
1.59423477 0.04209946
1.59580372 0.04234624
1.59738061 0.04259553
1.59896552 0.04284737
1.60055851 0.04310178
1.60215966 0.04335881
1.60376906 0.04361849
1.60538676 0.04388087
1.60701286 0.04414597
1.60864743 0.04441385
1.61029054 0.04468454
1.61194228 0.04495809
1.61360274 0.04523453
1.61527198 0.04551391
1.61695011 0.04579627
1.61863719 0.04608166
1.62033332 0.04637012
1.62203858 0.04666169
1.62375307 0.04695644
1.62547687 0.04725440
1.62721007 0.04755562
1.62895276 0.04786015
1.63070505 0.04816805
1.63246701 0.04847936
1.63423875 0.04879414
1.63602037 0.04911244
1.63781196 0.04943433
1.63961363 0.04975984
1.64142546 0.05008905
1.64324758 0.05042200
1.64508008 0.05075877
1.64692306 0.05109940
1.64877664 0.05144397
1.65064093 0.05179253
1.65251603 0.05214516
1.65440205 0.05250191
1.65629911 0.05286285
1.65820733 0.05322805
1.66012682 0.05359759
1.66205770 0.05397153
1.66400009 0.05434995
1.66595411 0.05473291
1.66791990 0.05512051
1.66989756 0.05551281
1.67188723 0.05590990
1.67388905 0.05631185
1.67590314 0.05671876
1.67792964 0.05713070
1.67996867 0.05754776
1.68202039 0.05797002
1.68408493 0.05839759
1.68616243 0.05883055
1.68825304 0.05926900
1.69035690 0.05971303
1.69247416 0.06016275
1.69460498 0.06061825
1.69674950 0.06107963
1.69890789 0.06154701
1.70108031 0.06202048
1.70326690 0.06250017
1.70546784 0.06298618
1.70768330 0.06347863
1.70991344 0.06397764
1.71215844 0.06448333
1.71441847 0.06499582
1.71669370 0.06551523
1.71898432 0.06604171
1.72129052 0.06657538
1.72361247 0.06711638
1.72595037 0.06766484
1.72830441 0.06822091
1.73067479 0.06878474
1.73306171 0.06935647
1.73546537 0.06993627
1.73788597 0.07052427
1.74032373 0.07112065
1.74277886 0.07172558
1.74525157 0.07233921
1.74774210 0.07296172
1.75025065 0.07359330
1.75277747 0.07423411
1.75532278 0.07488436
1.75788683 0.07554422
1.76046984 0.07621390
1.76307208 0.07689359
1.76569378 0.07758351
1.76833521 0.07828386
1.77099662 0.07899486
1.77367827 0.07971673
1.77638043 0.08044971
1.77910339 0.08119402
1.78184741 0.08194991
1.78461277 0.08271762
1.78739978 0.08349742
1.79020872 0.08428955
1.79303989 0.08509429
1.79589360 0.08591191
1.79877016 0.08674270
1.80166988 0.08758694
1.80459309 0.08844494
1.80754012 0.08931699
1.81051130 0.09020342
1.81350698 0.09110455
1.81652751 0.09202071
1.81957323 0.09295224
1.82264452 0.09389950
1.82574174 0.09486285
1.82886527 0.09584266
1.83201550 0.09683931
1.83519281 0.09785320
1.83839761 0.09888474
1.84163030 0.09993434
1.84489130 0.10100243
1.84818103 0.10208946
1.85149994 0.10319588
1.85484845 0.10432216
1.85822703 0.10546879
1.86163613 0.10663626
1.86507621 0.10782509
1.86854778 0.10903581
1.87205130 0.11026896
1.87558728 0.11152510
1.87915624 0.11280481
1.88275869 0.11410870
1.88639516 0.11543737
1.89006621 0.11679147
1.89377238 0.11817165
1.89751424 0.11957858
1.90129238 0.12101297
1.90510737 0.12247553
1.90895984 0.12396701
1.91285040 0.12548817
1.91677967 0.12703981
1.92074831 0.12862276
1.92475697 0.13023784
1.92880633 0.13188594
1.93289707 0.13356796
1.93702991 0.13528484
1.94120556 0.13703752
1.94542476 0.13882702
1.94968827 0.14065437
1.95399684 0.14252062
1.95835128 0.14442688
1.96275238 0.14637428
1.96720097 0.14836402
1.97169789 0.15039730
1.97624400 0.15247538
1.98084019 0.15459958
1.98548736 0.15677124
1.99018642 0.15899176
1.99493833 0.16126259
1.99974405 0.16358524
2.00460456 0.16596124
2.00952088 0.16839222
2.01449405 0.17087984
2.01952511 0.17342582
2.02461516 0.17603196
2.02976530 0.17870010
2.03497667 0.18143217
2.04025043 0.18423017
2.04558776 0.18709615
2.05098989 0.19003226
2.05645804 0.19304072
2.06199351 0.19612383
2.06759759 0.19928397
2.07327161 0.20252363
2.07901693 0.20584536
2.08483496 0.20925185
2.09072711 0.21274584
2.09669486 0.21633021
2.10273968 0.22000793
2.10886311 0.22378209
2.11506671 0.22765589
2.12135208 0.23163265
2.12772085 0.23571583
2.13417468 0.23990900
2.14071529 0.24421587
2.14734441 0.24864030
2.15406383 0.25318627
2.16087536 0.25785794
2.16778087 0.26265960
2.17478223 0.26759571
2.18188139 0.27267090
2.18908032 0.27788995
2.19638103 0.28325786
2.20378557 0.28877975
2.21129603 0.29446098
2.21891453 0.30030708
2.22664324 0.30632377
2.23448435 0.31251698
2.24244010 0.31889285
2.25051278 0.32545774
2.25870467 0.33221820
2.26701812 0.33918103
2.27545550 0.34635323
2.28401922 0.35374204
2.29271168 0.36135492
2.30153535 0.36919957
2.31049269 0.37728393
2.31958620 0.38561613
2.32881838 0.39420458
2.33819174 0.40305789
2.34770880 0.41218489
2.35737208 0.42159464
2.36718410 0.43129640
2.37714737 0.44129964
2.38726436 0.45161399
2.39753754 0.46224929
2.40796933 0.47321550
2.41856212 0.48452274
2.42931824 0.49618124
2.44023995 0.50820129
2.45132946 0.52059325
2.46258886 0.53336749
2.47402015 0.54653435
2.48562524 0.56010412
2.49740588 0.57408694
2.50936369 0.58849279
2.52150013 0.60333140
2.53381646 0.61861221
2.54631375 0.63434427
2.55899287 0.65053616
2.57185443 0.66719593
2.58489878 0.68433097
2.59812598 0.70194797
2.61153580 0.72005273
2.62512768 0.73865015
2.63890070 0.75774403
2.65285355 0.77733702
2.66698455 0.79743044
2.68129158 0.81802423
2.69577208 0.83911674
2.71042301 0.86070469
2.72524087 0.88278303
2.74022163 0.90534478
2.75536075 0.92838099
2.77065316 0.95188061
2.78609323 0.97583041
2.80167478 1.00021493
2.81739108 1.02501639
2.83323480 1.05021468
2.84919810 1.07578736
2.86527256 1.10170962
2.88144921 1.12795440
2.89771857 1.15449237
2.91407067 1.18129207
2.93049503 1.20832001
2.94698077 1.23554083
2.96351657 1.26291746
2.98009074 1.29041135
2.99669131 1.31798266
3.01330599 1.34559054
3.02992232 1.37319338
3.04652764 1.40074911
3.06310922 1.42821545
3.07965425 1.45555028
3.09615000 1.48271186
3.11258375 1.50965921
3.12894298 1.53635232
3.14521535 1.56275250
3.16138877 1.58882258
3.17745147 1.61452717
3.19339206 1.63983290
3.20919955 1.66470856
3.22486341 1.68912531
3.24037359 1.71305676
3.25572060 1.73647908
3.27089547 1.75937110
3.28588984 1.78171428
3.30069593 1.80349277
3.31530657 1.82469337
3.32971521 1.84530548
3.34391591 1.86532102
3.35790335 1.88473436
3.37167284 1.90354218
3.38522025 1.92174340
3.39854207 1.93933898
3.41163534 1.95633184
3.42449766 1.97272665
3.43712715 1.98852973
3.44952244 2.00374888
3.46168263 2.01839319
3.47360730 2.03247295
3.48529642 2.04599947
3.49675038 2.05898493
3.50796996 2.07144229
3.51895625 2.08338511
3.52971070 2.09482744
3.54023501 2.10578377
3.55053119 2.11626883
3.56060147 2.12629758
3.57044831 2.13588508
3.58007435 2.14504641
3.58948243 2.15379663
3.59867554 2.16215070
3.60765679 2.17012342
3.61642942 2.17772939
3.62499677 2.18498298
3.63336228 2.19189827
3.64152943 2.19848903
3.64950179 2.20476872
3.65728293 2.21075043
3.66487651 2.21644689
3.67228616 2.22187046
3.67951556 2.22703308
3.68656836 2.23194634
3.69344823 2.23662140
3.70015883 2.24106906
3.70670377 2.24529969
3.71308667 2.24932328
3.71931111 2.25314944
3.72538061 2.25678739
3.73129870 2.26024600
3.73706882 2.26353374
3.74269439 2.26665875
3.74817878 2.26962880
3.75352531 2.27245136
3.75873722 2.27513353
3.76381774 2.27768213
3.76877002 2.28010365
3.77359714 2.28240429
3.77830215 2.28458998
3.78288803 2.28666636
3.78735769 2.28863882
3.79171399 2.29051248
3.79595975 2.29229224
3.80009769 2.29398275
3.80413051 2.29558845
3.80806083 2.29711355
3.81189121 2.29856207
3.81562416 2.29993784
3.81926214 2.30124449
3.82280754 2.30248548
3.82626270 2.30366410
3.82962990 2.30478347
3.83291138 2.30584657
3.83610931 2.30685623
3.83922582 2.30781512
3.84226297 2.30872581
3.84522280 2.30959072
3.84810727 2.31041214
3.85091831 2.31119228
3.85365779 2.31193321
3.85632755 2.31263690
3.85892937 2.31330523
3.86146498 2.31393999
3.86393609 2.31454286
3.86634435 2.31511545
3.86869136 2.31565930
3.87097869 2.31617584
3.87320788 2.31666645
3.87538042 2.31713245
3.87749776 2.31757506
3.87956131 2.31799548
3.88157246 2.31839482
3.88353254 2.31877413
3.88544288 2.31913444
3.88730473 2.31947669
3.88911935 2.31980180
3.89088794 2.32011063
3.89261169 2.32040399
3.89429175 2.32068268
3.89592923 2.32094741
3.89752522 2.32119890
3.89908078 2.32143782
3.90059696 2.32166479
3.90207476 2.32188041
3.90351515 2.32208526
3.90491910 2.32227988
3.90628754 2.32246477
3.90762138 2.32264043
3.90892149 2.32280733
3.91018875 2.32296589
3.91142398 2.32311655
3.91262801 2.32325968
3.91380163 2.32339568
3.91494563 2.32352490
3.91606074 2.32364768
3.91714771 2.32376434
3.91820727 2.32387519
3.91924009 2.32398052
3.92024687 2.32408060
3.92122827 2.32417570
3.92218493 2.32426607
3.92311748 2.32435194
3.92402654 2.32443354
3.92491270 2.32451108
3.92577655 2.32458476
3.92661864 2.32465478
3.92743954 2.32472132
3.92823978 2.32478455
3.92901988 2.32484464
3.92978036 2.32490175
3.93052171 2.32495602
3.93124442 2.32500759
3.93194895 2.32505661
3.93263578 2.32510319
3.93330535 2.32514745
3.93395809 2.32518953
3.93459443 2.32522951
3.93521478 2.32526751
3.93581956 2.32530363
3.93640915 2.32533795
3.93698393 2.32537058
3.93754429 2.32540158
3.93809058 2.32543105
3.93862317 2.32545906
3.93914239 2.32548568
3.93964858 2.32551098
3.94014208 2.32553503
3.94062320 2.32555789
3.94109226 2.32557961
3.94154955 2.32560026
3.94199538 2.32561989
3.94243003 2.32563855
3.94285379 2.32565628
3.94326693 2.32567313
3.94366972 2.32568915
3.94406242 2.32570438
3.94444528 2.32571886
3.94481855 2.32573261
3.94518247 2.32574569
3.94553727 2.32575812
3.94588320 2.32576994
3.94622046 2.32578117
3.94654927 2.32579185
3.94686986 2.32580200
3.94718242 2.32581165
3.94748716 2.32582082
3.94778427 2.32582953
3.94807395 2.32583782
3.94835638 2.32584570
3.94863174 2.32585318
3.94890022 2.32586030
3.94916198 2.32586707
3.94941719 2.32587350
3.94966602 2.32587961
3.94990863 2.32588543
3.95014516 2.32589095
3.95037579 2.32589620
3.95060065 2.32590120
3.95081988 2.32590594
3.95103364 2.32591045
3.95124205 2.32591474
3.95144526 2.32591882
3.95164338 2.32592270
3.95183655 2.32592638
3.95202490 2.32592989
3.95220853 2.32593322
3.95238758 2.32593638
3.95256216 2.32593939
3.95273237 2.32594225
3.95289833 2.32594497
3.95306015 2.32594756
3.95321792 2.32595002
3.95337175 2.32595235
3.95352174 2.32595457
3.95366798 2.32595669
3.95381057 2.32595869
3.95394960 2.32596060
3.95408515 2.32596242
3.95421732 2.32596414
3.95434619 2.32596578
3.95447184 2.32596734
3.95459436 2.32596882
3.95471381 2.32597023
3.95483028 2.32597157
3.95494385 2.32597285
3.95505458 2.32597406
3.95516254 2.32597521
3.95526781 2.32597630
3.95537045 2.32597734
3.95547053 2.32597833
3.95556811 2.32597927
3.95566326 2.32598017
3.95575603 2.32598102
3.95584649 2.32598182
3.95593468 2.32598259
3.95602068 2.32598332
3.95610453 2.32598402
3.95618629 2.32598468
3.95626600 2.32598530
3.95634373 2.32598590
3.95641952 2.32598647
3.95649341 2.32598701
3.95656547 2.32598752
3.95663572 2.32598801
3.95670422 2.32598847
3.95677101 2.32598891
3.95683614 2.32598933
3.95689964 2.32598973
3.95696156 2.32599011
3.95702193 2.32599047
3.95708079 2.32599081
3.95713819 2.32599113
3.95719416 2.32599144
3.95724872 2.32599174
3.95730193 2.32599202
3.95735381 2.32599228
3.95740440 2.32599254
3.95745372 2.32599278
3.95750181 2.32599300
3.95754871 2.32599322
3.95759443 2.32599343
3.95763902 2.32599362
3.95768249 2.32599381
3.95772487 2.32599399
3.95776620 2.32599416
3.95780650 2.32599432
3.95784580 2.32599447
3.95788411 2.32599461
3.95792147 2.32599475
3.95795789 2.32599488
3.95799341 2.32599501
3.95802804 2.32599513
3.95806181 2.32599524
3.95809474 2.32599535
3.95812684 2.32599545
3.95815814 2.32599554
3.95818867 2.32599564
3.95821843 2.32599572
3.95824745 2.32599581
3.95827575 2.32599589
3.95830334 2.32599596
3.95833024 2.32599603
3.95835647 2.32599610
3.95838205 2.32599617
3.95840699 2.32599623
3.95843130 2.32599629
3.95845501 2.32599634
3.95847813 2.32599639
3.95850068 2.32599644
3.95852266 2.32599649
3.95854409 2.32599654
3.95856499 2.32599658
3.95858537 2.32599662
3.95860524 2.32599666
3.95862461 2.32599670
3.95864350 2.32599673
3.95866192 2.32599677
3.95867988 2.32599680
3.95869739 2.32599683
3.95871447 2.32599686
3.95873112 2.32599688
3.95874735 2.32599691
3.95876318 2.32599694
3.95877862 2.32599696
3.95879367 2.32599698
3.95880834 2.32599700
3.95882265 2.32599702
3.95883660 2.32599704
3.95885021 2.32599706
3.95886347 2.32599708
3.95887641 2.32599709
3.95888902 2.32599711
3.95890132 2.32599712
3.95891331 2.32599714
3.95892500 2.32599715
3.95893640 2.32599717
3.95894752 2.32599718
3.95895836 2.32599719
3.95896893 2.32599720
3.95897923 2.32599721
