3.49906636 0.70932478
3.49066837 0.71636296
3.48230521 0.72334180
3.47397932 0.73025750
3.46569310 0.73710641
3.45744890 0.74388501
3.44924901 0.75058990
3.44109569 0.75721785
3.43299113 0.76376578
3.42493747 0.77023076
3.41693678 0.77661003
3.40899106 0.78290101
3.40110226 0.78910128
3.39327225 0.79520862
3.38550282 0.80122096
3.37779569 0.80713645
3.37015250 0.81295338
3.36257481 0.81867026
3.35506412 0.82428574
3.34762183 0.82979870
3.34024925 0.83520814
3.33294763 0.84051329
3.32571813 0.84571351
3.31856182 0.85080835
3.31147969 0.85579750
3.30447267 0.86068083
3.29754158 0.86545834
3.29068718 0.87013020
3.28391013 0.87469670
3.27721104 0.87915827
3.27059043 0.88351547
3.26404875 0.88776897
3.25758636 0.89191956
3.25120357 0.89596814
3.24490062 0.89991571
3.23867767 0.90376334
3.23253484 0.90751223
3.22647214 0.91116362
3.22048958 0.91471883
3.21458706 0.91817926
3.20876446 0.92154635
3.20302159 0.92482162
3.19735822 0.92800662
3.19177404 0.93110293
3.18626874 0.93411219
3.18084194 0.93703605
3.17549322 0.93987620
3.17022212 0.94263435
3.16502815 0.94531221
3.15991078 0.94791153
3.15486945 0.95043404
3.14990357 0.95288148
3.14501251 0.95525560
3.14019564 0.95755814
3.13545227 0.95979084
3.13078173 0.96195541
3.12618329 0.96405358
3.12165622 0.96608705
3.11719977 0.96805748
3.11281319 0.96996656
3.10849568 0.97181591
3.10424647 0.97360716
3.10006474 0.97534191
3.09594969 0.97702173
3.09190050 0.97864817
3.08791635 0.98022273
3.08399639 0.98174692
3.08013981 0.98322220
3.07634575 0.98464999
3.07261338 0.98603170
3.06894185 0.98736870
3.06533032 0.98866234
3.06177795 0.98991392
3.05828389 0.99112472
3.05484731 0.99229600
3.05146737 0.99342897
3.04814324 0.99452482
3.04487408 0.99558471
3.04165907 0.99660977
3.03849739 0.99760110
3.03538822 0.99855975
3.03233076 0.99948678
3.02932421 1.00038318
3.02636776 1.00124995
3.02346063 1.00208804
3.02060204 1.00289837
3.01779121 1.00368184
3.01502738 1.00443932
3.01230979 1.00517167
3.00963770 1.00587970
3.00701035 1.00656421
3.00442703 1.00722597
3.00188701 1.00786574
2.99938957 1.00848423
2.99693401 1.00908215
2.99451964 1.00966018
2.99214576 1.01021898
2.98981171 1.01075919
2.98751681 1.01128143
2.98526041 1.01178629
2.98304186 1.01227436
2.98086052 1.01274620
2.97871576 1.01320234
2.97660696 1.01364332
2.97453351 1.01406963
2.97249481 1.01448178
2.97049027 1.01488024
2.96851930 1.01526546
2.96658132 1.01563789
2.96467579 1.01599796
2.96280213 1.01634608
2.96095980 1.01668266
2.95914827 1.01700808
2.95736701 1.01732272
2.95561549 1.01762695
2.95389321 1.01792110
2.95219965 1.01820552
2.95053434 1.01848053
2.94889677 1.01874646
2.94728648 1.01900361
2.94570299 1.01925227
2.94414584 1.01949272
2.94261457 1.01972525
2.94110875 1.01995012
2.93962793 1.02016759
2.93817167 1.02037789
2.93673957 1.02058129
2.93533120 1.02077800
2.93394615 1.02096825
2.93258402 1.02115225
2.93124441 1.02133022
2.92992695 1.02150236
2.92863124 1.02166886
2.92735692 1.02182991
2.92610361 1.02198569
2.92487095 1.02213639
2.92365860 1.02228216
2.92246620 1.02242317
2.92129340 1.02255958
2.92013988 1.02269155
2.91900531 1.02281922
2.91788935 1.02294274
2.91679169 1.02306224
2.91571202 1.02317785
2.91465003 1.02328971
2.91360542 1.02339794
2.91257789 1.02350266
2.91156715 1.02360398
2.91057291 1.02370203
2.90959490 1.02379690
2.90863283 1.02388870
2.90768645 1.02397754
2.90675547 1.02406350
2.90583964 1.02414670
2.90493870 1.02422721
2.90405240 1.02430512
2.90318050 1.02438052
2.90232274 1.02445350
2.90147890 1.02452413
2.90064873 1.02459249
2.89983200 1.02465866
2.89902849 1.02472270
2.89823798 1.02478468
2.89746024 1.02484468
2.89669507 1.02490276
2.89594224 1.02495898
2.89520156 1.02501339
2.89447283 1.02506607
2.89375583 1.02511707
2.89305038 1.02516643
2.89235627 1.02521422
2.89167333 1.02526049
2.89100137 1.02530528
2.89034020 1.02534864
2.88968964 1.02539063
2.88904952 1.02543127
2.88841966 1.02547063
2.88779990 1.02550873
2.88719005 1.02554563
2.88658997 1.02558135
2.88599949 1.02561594
2.88541845 1.02564943
2.88484669 1.02568186
2.88428406 1.02571326
2.88373042 1.02574367
2.88318560 1.02577311
2.88264947 1.02580163
2.88212189 1.02582924
2.88160270 1.02585598
2.88109178 1.02588188
2.88058899 1.02590696
2.88009420 1.02593124
2.87960727 1.02595476
2.87912807 1.02597755
2.87865648 1.02599961
2.87819238 1.02602098
2.87773564 1.02604167
2.87728614 1.02606172
2.87684377 1.02608113
2.87640840 1.02609994
2.87597993 1.02611815
2.87555824 1.02613579
2.87514322 1.02615288
2.87473476 1.02616943
2.87433275 1.02618546
2.87393710 1.02620099
2.87354770 1.02621604
2.87316444 1.02623061
2.87278723 1.02624473
2.87241597 1.02625840
2.87205056 1.02627165
2.87169092 1.02628448
2.87133693 1.02629691
2.87098852 1.02630896
2.87064560 1.02632062
2.87030807 1.02633193
2.86997585 1.02634288
2.86964885 1.02635349
2.86932700 1.02636376
2.86901020 1.02637372
2.86869837 1.02638337
2.86839144 1.02639272
2.86808933 1.02640177
2.86779196 1.02641054
2.86749925 1.02641904
2.86721113 1.02642728
2.86692753 1.02643526
2.86664837 1.02644299
2.86637359 1.02645048
2.86610310 1.02645774
2.86583685 1.02646478
2.86557477 1.02647159
2.86531679 1.02647820
2.86506284 1.02648459
2.86481286 1.02649079
2.86456679 1.02649680
2.86432457 1.02650262
2.86408612 1.02650826
2.86385141 1.02651373
2.86362035 1.02651903
2.86339290 1.02652416
2.86316900 1.02652913
2.86294860 1.02653395
2.86273163 1.02653863
2.86251804 1.02654315
2.86230779 1.02654754
2.86210081 1.02655179
2.86189705 1.02655591
2.86169647 1.02655990
2.86149901 1.02656377
2.86130463 1.02656752
2.86111327 1.02657115
2.86092489 1.02657467
2.86073943 1.02657808
2.86055687 1.02658139
2.86037714 1.02658460
2.86020021 1.02658770
2.86002602 1.02659071
2.85985455 1.02659363
2.85968574 1.02659646
2.85951955 1.02659920
2.85935594 1.02660186
2.85919487 1.02660443
2.85903630 1.02660692
2.85888019 1.02660934
2.85872651 1.02661169
2.85857521 1.02661396
2.85842626 1.02661616
2.85827961 1.02661829
2.85813524 1.02662036
2.85799311 1.02662236
2.85785319 1.02662431
2.85771543 1.02662619
2.85757980 1.02662802
2.85744628 1.02662979
2.85731482 1.02663150
2.85718541 1.02663316
2.85705799 1.02663477
2.85693255 1.02663633
2.85680905 1.02663785
2.85668746 1.02663931
2.85656775 1.02664074
2.85644990 1.02664211
2.85633386 1.02664345
2.85621963 1.02664475
2.85610716 1.02664600
2.85599643 1.02664722
2.85588741 1.02664840
2.85578007 1.02664954
2.85567440 1.02665065
2.85557036 1.02665172
2.85546793 1.02665276
2.85536708 1.02665377
2.85526778 1.02665475
2.85517002 1.02665570
2.85507378 1.02665662
2.85497901 1.02665751
2.85488571 1.02665837
2.85479386 1.02665921
2.85470342 1.02666002
2.85461437 1.02666081
2.85452670 1.02666157
2.85444038 1.02666231
2.85435540 1.02666303
2.85427172 1.02666372
2.85418934 1.02666440
2.85410823 1.02666505
2.85402837 1.02666568
2.85394974 1.02666629
2.85387232 1.02666689
2.85379610 1.02666747
2.85372105 1.02666802
2.85364716 1.02666857
2.85357441 1.02666909
2.85350278 1.02666960
2.85343225 1.02667009
2.85336281 1.02667057
2.85329444 1.02667104
2.85322713 1.02667149
2.85316085 1.02667192
2.85309559 1.02667234
2.85303134 1.02667275
2.85296807 1.02667315
2.85290578 1.02667354
2.85284445 1.02667391
2.85278407 1.02667427
2.85272461 1.02667462
2.85266607 1.02667496
2.85260843 1.02667529
2.85255168 1.02667561
2.85249580 1.02667592
2.85244079 1.02667622
2.85238662 1.02667651
2.85233328 1.02667680
2.85228076 1.02667707
2.85222905 1.02667733
2.85217814 1.02667759
2.85212801 1.02667784
2.85207865 1.02667808
2.85203005 1.02667832
2.85198220 1.02667854
2.85193509 1.02667876
2.85188869 1.02667898
2.85184302 1.02667919
2.85179804 1.02667939
2.85175376 1.02667958
2.85171016 1.02667977
2.85166722 1.02667995
2.85162495 1.02668013
2.85158333 1.02668030
2.85154235 1.02668047
2.85150200 1.02668063
2.85146226 1.02668079
2.85142314 1.02668094
2.85138462 1.02668109
2.85134670 1.02668123
2.85130935 1.02668137
2.85127258 1.02668150
2.85123637 1.02668163
2.85120072 1.02668176
2.85116562 1.02668188
2.85113106 1.02668200
2.85109703 1.02668211
2.85106352 1.02668222
2.85103052 1.02668233
2.85099804 1.02668244
2.85096605 1.02668254
2.85093455 1.02668264
2.85090354 1.02668273
2.85087300 1.02668282
2.85084294 1.02668291
2.85081333 1.02668300
2.85078418 1.02668309
2.85075548 1.02668317
2.85072721 1.02668325
2.85069938 1.02668332
2.85067198 1.02668340
2.85064500 1.02668347
2.85061844 1.02668354
2.85059228 1.02668361
2.85056652 1.02668367
2.85054116 1.02668374
2.85051619 1.02668380
2.85049160 1.02668386
2.85046739 1.02668392
2.85044355 1.02668397
2.85042007 1.02668403
2.85039696 1.02668408
2.85037420 1.02668413
2.85035179 1.02668418
2.85032973 1.02668423
2.85030800 1.02668428
2.85028661 1.02668432
2.85026554 1.02668437
2.85024480 1.02668441
2.85022438 1.02668445
2.85020427 1.02668449
2.85018447 1.02668453
2.85016497 1.02668457
2.85014577 1.02668461
2.85012687 1.02668464
2.85010825 1.02668468
2.85008993 1.02668471
2.85007188 1.02668474
2.85005411 1.02668477
2.85003661 1.02668480
2.85001938 1.02668483
2.85000242 1.02668486
2.84998571 1.02668489
2.84996926 1.02668492
2.84995307 1.02668494
2.84993712 1.02668497
2.84992142 1.02668499
2.84990596 1.02668501
2.84989073 1.02668504
2.84987574 1.02668506
2.84986098 1.02668508
2.84984644 1.02668510
2.84983213 1.02668512
2.84981804 1.02668514
2.84980416 1.02668516
2.84979050 1.02668518
2.84977705 1.02668520
2.84976380 1.02668522
2.84975075 1.02668523
2.84973791 1.02668525
2.84972526 1.02668526
2.84971281 1.02668528
2.84970055 1.02668529
2.84968847 1.02668531
2.84967658 1.02668532
2.84966488 1.02668534
2.84965335 1.02668535
2.84964200 1.02668536
2.84963082 1.02668538
2.84961982 1.02668539
2.84960898 1.02668540
2.84959831 1.02668541
2.84958780 1.02668542
2.84957746 1.02668543
2.84956727 1.02668544
