1.88571401 0.97759131
1.88272803 0.97847501
1.87979507 0.97932758
1.87691436 0.98015001
1.87408516 0.98094327
1.87130671 0.98170831
1.86857825 0.98244604
1.86589904 0.98315737
1.86326832 0.98384316
1.86068535 0.98450426
1.85814940 0.98514150
1.85565973 0.98575567
1.85321561 0.98634757
1.85081631 0.98691794
1.84846112 0.98746753
1.84614932 0.98799704
1.84388021 0.98850717
1.84165308 0.98899858
1.83946724 0.98947193
1.83732200 0.98992786
1.83521669 0.99036696
1.83315064 0.99078983
1.83112317 0.99119705
1.82913363 0.99158917
1.82718137 0.99196673
1.82526575 0.99233024
1.82338614 0.99268021
1.82154190 0.99301712
1.81973243 0.99334145
1.81795712 0.99365365
1.81621535 0.99395415
1.81450655 0.99424339
1.81283012 0.99452177
1.81118548 0.99478968
1.80957208 0.99504751
1.80798935 0.99529563
1.80643673 0.99553440
1.80491370 0.99576415
1.80341970 0.99598523
1.80195421 0.99619794
1.80051672 0.99640261
1.79910671 0.99659952
1.79772368 0.99678896
1.79636714 0.99697122
1.79503659 0.99714656
1.79373157 0.99731523
1.79245159 0.99747749
1.79119620 0.99763358
1.78996494 0.99778372
1.78875735 0.99792814
1.78757301 0.99806706
1.78641148 0.99820068
1.78527232 0.99832919
1.78415513 0.99845280
1.78305949 0.99857169
1.78198499 0.99868603
1.78093124 0.99879599
1.77989785 0.99890175
1.77888444 0.99900346
1.77789062 0.99910127
1.77691602 0.99919533
1.77596029 0.99928579
1.77502307 0.99937278
1.77410400 0.99945643
1.77320274 0.99953687
1.77231895 0.99961422
1.77145230 0.99968860
1.77060246 0.99976012
1.76976911 0.99982890
1.76895194 0.99989503
1.76815063 0.99995861
1.76736489 1.00001975
1.76659442 1.00007854
1.76583892 1.00013506
1.76509811 1.00018941
1.76437170 1.00024166
1.76365943 1.00029190
1.76296101 1.00034020
1.76227618 1.00038665
1.76160468 1.00043130
1.76094626 1.00047423
1.76030066 1.00051550
1.75966763 1.00055518
1.75904694 1.00059334
1.75843833 1.00063001
1.75784160 1.00066528
1.75725649 1.00069918
1.75668279 1.00073177
1.75612028 1.00076310
1.75556873 1.00079323
1.75502795 1.00082219
1.75449772 1.00085003
1.75397783 1.00087679
1.75346809 1.00090252
1.75296829 1.00092726
1.75247826 1.00095104
1.75199779 1.00097390
1.75152670 1.00099587
1.75106481 1.00101700
1.75061194 1.00103731
1.75016792 1.00105683
1.74973257 1.00107560
1.74930573 1.00109364
1.74888723 1.00111098
1.74847691 1.00112765
1.74807460 1.00114368
1.74768016 1.00115909
1.74729343 1.00117390
1.74691426 1.00118813
1.74654250 1.00120182
1.74617801 1.00121497
1.74582065 1.00122762
1.74547028 1.00123978
1.74512676 1.00125146
1.74478996 1.00126269
1.74445974 1.00127349
1.74413599 1.00128387
1.74381857 1.00129385
1.74350736 1.00130344
1.74320224 1.00131266
1.74290309 1.00132152
1.74260979 1.00133004
1.74232224 1.00133822
1.74204031 1.00134609
1.74176389 1.00135366
1.74149289 1.00136093
1.74122720 1.00136792
1.74096670 1.00137464
1.74071131 1.00138110
1.74046091 1.00138731
1.74021542 1.00139328
1.73997473 1.00139901
1.73973875 1.00140453
1.73950740 1.00140983
1.73928058 1.00141492
1.73905819 1.00141982
1.73884017 1.00142453
1.73862641 1.00142905
1.73841684 1.00143340
1.73821137 1.00143758
1.73800993 1.00144160
1.73781243 1.00144546
1.73761881 1.00144917
1.73742897 1.00145274
1.73724285 1.00145617
1.73706038 1.00145947
1.73688149 1.00146264
1.73670610 1.00146568
1.73653414 1.00146861
1.73636556 1.00147143
1.73620027 1.00147413
1.73603823 1.00147673
1.73587936 1.00147923
1.73572360 1.00148163
1.73557090 1.00148394
1.73542118 1.00148616
1.73527440 1.00148829
1.73513050 1.00149034
1.73498942 1.00149232
1.73485110 1.00149421
1.73471549 1.00149603
1.73458254 1.00149778
1.73445220 1.00149946
1.73432441 1.00150108
1.73419913 1.00150263
1.73407630 1.00150413
1.73395587 1.00150556
1.73383781 1.00150694
1.73372206 1.00150827
1.73360859 1.00150955
1.73349733 1.00151077
1.73338826 1.00151195
1.73328132 1.00151308
1.73317648 1.00151417
1.73307370 1.00151522
1.73297293 1.00151622
1.73287413 1.00151719
1.73277727 1.00151812
1.73268231 1.00151901
1.73258922 1.00151987
1.73249794 1.00152069
1.73240846 1.00152149
1.73232073 1.00152225
1.73223472 1.00152298
1.73215040 1.00152368
1.73206773 1.00152436
1.73198668 1.00152501
1.73190722 1.00152564
1.73182932 1.00152624
1.73175294 1.00152682
1.73167807 1.00152737
1.73160466 1.00152790
1.73153269 1.00152842
1.73146213 1.00152891
1.73139295 1.00152938
1.73132513 1.00152984
1.73125865 1.00153028
1.73119346 1.00153070
1.73112955 1.00153110
1.73106690 1.00153149
1.73100547 1.00153187
1.73094525 1.00153222
1.73088621 1.00153257
1.73082833 1.00153290
1.73077158 1.00153322
1.73071594 1.00153353
1.73066140 1.00153382
1.73060792 1.00153410
1.73055550 1.00153438
1.73050410 1.00153464
1.73045371 1.00153489
1.73040431 1.00153513
1.73035587 1.00153536
1.73030839 1.00153559
1.73026184 1.00153580
1.73021620 1.00153601
1.73017145 1.00153621
1.73012759 1.00153640
1.73008458 1.00153658
1.73004242 1.00153676
1.73000108 1.00153692
1.72996055 1.00153709
1.72992082 1.00153724
1.72988187 1.00153739
1.72984368 1.00153754
1.72980624 1.00153768
1.72976954 1.00153781
1.72973355 1.00153794
1.72969827 1.00153806
1.72966369 1.00153818
1.72962978 1.00153829
1.72959653 1.00153840
1.72956394 1.00153851
1.72953199 1.00153861
1.72950066 1.00153871
1.72946995 1.00153880
1.72943984 1.00153889
1.72941032 1.00153898
1.72938138 1.00153906
1.72935301 1.00153914
1.72932519 1.00153922
1.72929792 1.00153929
1.72927118 1.00153936
1.72924497 1.00153943
1.72921927 1.00153949
1.72919408 1.00153956
1.72916938 1.00153962
1.72914517 1.00153967
1.72912143 1.00153973
1.72909815 1.00153978
1.72907533 1.00153984
1.72905296 1.00153989
1.72903103 1.00153993
1.72900953 1.00153998
1.72898845 1.00154002
1.72896778 1.00154007
1.72894752 1.00154011
1.72892766 1.00154014
1.72890818 1.00154018
1.72888909 1.00154022
1.72887037 1.00154025
1.72885202 1.00154029
1.72883403 1.00154032
1.72881639 1.00154035
1.72879910 1.00154038
1.72878215 1.00154041
1.72876553 1.00154043
1.72874923 1.00154046
1.72873326 1.00154049
1.72871760 1.00154051
1.72870224 1.00154053
1.72868719 1.00154056
1.72867243 1.00154058
1.72865797 1.00154060
1.72864378 1.00154062
1.72862987 1.00154064
1.72861624 1.00154066
1.72860287 1.00154067
1.72858977 1.00154069
1.72857692 1.00154071
1.72856433 1.00154072
1.72855198 1.00154074
1.72853987 1.00154075
1.72852801 1.00154077
1.72851637 1.00154078
1.72850496 1.00154079
1.72849378 1.00154081
1.72848282 1.00154082
1.72847207 1.00154083
1.72846153 1.00154084
1.72845120 1.00154085
1.72844107 1.00154086
