V= 614
N= 1228
d= 16
b = 1.33143

4  5  7  
1  0  8  
3  2  6  

4  5  7  
1  2  8  
3  0  6  

4  5  7  
1  2  8  
3  6  0  

4  5  7  
1  2  0  
3  6  8  

4  5  0  
1  2  7  
3  6  8  

4  0  5  
1  2  7  
3  6  8  

4  2  5  
1  0  7  
3  6  8  

4  2  5  
1  7  0  
3  6  8  

4  2  0  
1  7  5  
3  6  8  

4  0  2  
1  7  5  
3  6  8  

0  4  2  
1  7  5  
3  6  8  

1  4  2  
0  7  5  
3  6  8  

1  4  2  
3  7  5  
0  6  8  

1  4  2  
3  7  5  
6  0  8  

1  4  2  
3  0  5  
6  7  8  

1  0  2  
3  4  5  
6  7  8  

0  1  2  
3  4  5  
6  7  8  

