V= 3102
N= 6204
d= 20
b = 1.34462

1  4  0  
3  7  8  
5  2  6  

1  0  4  
3  7  8  
5  2  6  

0  1  4  
3  7  8  
5  2  6  

3  1  4  
0  7  8  
5  2  6  

3  1  4  
7  0  8  
5  2  6  

3  1  4  
7  2  8  
5  0  6  

3  1  4  
7  2  8  
5  6  0  

3  1  4  
7  2  0  
5  6  8  

3  1  4  
7  0  2  
5  6  8  

3  1  4  
0  7  2  
5  6  8  

3  1  4  
5  7  2  
0  6  8  

3  1  4  
5  7  2  
6  0  8  

3  1  4  
5  0  2  
6  7  8  

3  1  4  
0  5  2  
6  7  8  

0  1  4  
3  5  2  
6  7  8  

1  0  4  
3  5  2  
6  7  8  

1  4  0  
3  5  2  
6  7  8  

1  4  2  
3  5  0  
6  7  8  

1  4  2  
3  0  5  
6  7  8  

1  0  2  
3  4  5  
6  7  8  

0  1  2  
3  4  5  
6  7  8  

