8.86708769 6.38425731
8.81270466 6.68436722
8.75677709 7.00068258
8.69966233 7.32920183
8.64182748 7.66442804
8.58383874 7.99961020
8.52633620 8.32725857
8.46999486 8.63988050
8.41547656 8.93079688
8.36338052 9.19485143
8.31420156 9.42884793
8.26830284 9.63163790
8.22590631 9.80389070
8.18709952 9.94765812
8.15185431 10.06586880
8.12005179 10.16186251
8.09150845 10.23902652
8.06600004 10.30055105
8.04328119 10.34929138
8.02310045 10.38771104
8.00521091 10.41787897
7.98937711 10.44149824
7.97537927 10.45994976
7.96301528 10.47434071
7.95210143 10.48555132
7.94247209 10.49427693
7.93397884 10.50106430
7.92648934 10.50634178
7.91988595 10.51044415
7.91406436 10.51363255
7.90893229 10.51611037
7.90440816 10.51803591
7.90041996 10.51953228
7.89690417 10.52069516
7.89380476 10.52159892
7.89107234 10.52230134
7.88866338 10.52284731
7.88653952 10.52327170
7.88466695 10.52360161
7.88301590 10.52385808
7.88156011 10.52405749
7.88027645 10.52421252
7.87914454 10.52433307
7.87814642 10.52442681
7.87726625 10.52449970
7.87649008 10.52455639
7.87580560 10.52460047
7.87520198 10.52463476
7.87466965 10.52466142
7.87420019 10.52468216
7.87378617 10.52469829
7.87342103 10.52471084
7.87309901 10.52472059
7.87281500 10.52472818
7.87256452 10.52473409
7.87234361 10.52473868
7.87214878 10.52474225
7.87197695 10.52474503
7.87182539 10.52474719
7.87169173 10.52474887
7.87157384 10.52475018
7.87146987 10.52475120
7.87137816 10.52475199
7.87129728 10.52475260
7.87122595 10.52475308
7.87116303 10.52475345
7.87110754 10.52475374
7.87105860 10.52475397
7.87101543 10.52475415
7.87097736 10.52475428
7.87094377 10.52475439
7.87091416 10.52475447
7.87088804 10.52475453
7.87086500 10.52475458
7.87084467 10.52475462
7.87082675 10.52475465
7.87081094 10.52475468
7.87079700 10.52475470
7.87078470 10.52475471
7.87077386 10.52475472
