1.59655206 10.21685517
1.59573927 10.21691984
1.59496084 10.21697915
1.59421533 10.21703356
1.59350138 10.21708345
1.59281768 10.21712920
1.59216297 10.21717116
1.59153604 10.21720963
1.59093574 10.21724490
1.59036095 10.21727723
1.58981060 10.21730688
1.58928367 10.21733405
1.58877918 10.21735896
1.58829618 10.21738179
1.58783377 10.21740272
1.58739108 10.21742190
1.58696728 10.21743948
1.58656157 10.21745558
1.58617320 10.21747035
1.58580142 10.21748387
1.58544553 10.21749627
1.58510487 10.21750762
1.58477878 10.21751803
1.58446665 10.21752756
1.58416789 10.21753630
1.58388192 10.21754430
1.58360820 10.21755163
1.58334622 10.21755835
1.58309547 10.21756450
1.58285548 10.21757014
1.58262578 10.21757530
1.58240593 10.21758003
1.58219553 10.21758436
1.58199415 10.21758833
1.58180143 10.21759196
1.58161698 10.21759529
1.58144046 10.21759834
1.58127152 10.21760114
1.58110984 10.21760369
1.58095512 10.21760604
1.58080704 10.21760818
1.58066534 10.21761015
1.58052973 10.21761195
1.58039995 10.21761359
1.58027576 10.21761510
1.58015691 10.21761648
1.58004317 10.21761775
1.57993433 10.21761891
1.57983018 10.21761997
1.57973051 10.21762094
1.57963513 10.21762183
1.57954386 10.21762265
1.57945652 10.21762339
1.57937294 10.21762408
1.57929297 10.21762470
1.57921643 10.21762528
1.57914320 10.21762580
1.57907312 10.21762628
1.57900606 10.21762672
1.57894189 10.21762713
1.57888049 10.21762749
1.57882173 10.21762783
1.57876551 10.21762814
1.57871171 10.21762842
1.57866023 10.21762868
1.57861097 10.21762892
1.57856383 10.21762914
1.57851872 10.21762934
1.57847556 10.21762952
1.57843426 10.21762969
1.57839474 10.21762984
1.57835693 10.21762998
1.57832075 10.21763011
1.57828613 10.21763022
1.57825300 10.21763033
1.57822130 10.21763043
1.57819096 10.21763052
1.57816194 10.21763060
1.57813417 10.21763068
1.57810759 10.21763075
1.57808217 10.21763081
1.57805784 10.21763087
1.57803456 10.21763092
1.57801228 10.21763097
1.57799096 10.21763101
1.57797057 10.21763106
1.57795105 10.21763109
1.57793238 10.21763113
1.57791451 10.21763116
1.57789742 10.21763119
1.57788106 10.21763121
1.57786540 10.21763124
1.57785043 10.21763126
1.57783610 10.21763128
1.57782238 10.21763130
1.57780926 10.21763131
1.57779671 10.21763133
1.57778469 10.21763134
1.57777320 10.21763136
1.57776220 10.21763137
1.57775168 10.21763138
