6.72374682 11.14452624
6.65850628 11.57228831
6.59272867 12.00469263
6.52716730 12.43149978
6.46267752 12.84156398
6.40015054 13.22421619
6.34043261 13.57070641
6.28424649 13.87528937
6.23213268 14.13565651
6.18442158 14.35267296
6.14123766 14.52961969
6.10252809 14.67124653
6.06810450 14.78289886
6.03768704 14.86986308
6.01094357 14.93696162
5.98752069 14.98835878
5.96706585 15.02751378
5.94924187 15.05722103
5.93373536 15.07969253
5.92026081 15.09665355
5.90856184 15.10943529
5.89841058 15.11905686
5.88960595 15.12629399
5.88197149 15.13173475
5.87535294 15.13582362
5.86961580 15.13889584
5.86464304 15.14120390
5.86033298 15.14293778
5.85659735 15.14424028
5.85335958 15.14521874
5.85055329 15.14595380
5.84812092 15.14650603
5.84601261 15.14692092
5.84418514 15.14723265
5.84260106 15.14746687
5.84122792 15.14764287
5.84003760 15.14777512
5.83900575 15.14787451
5.83811125 15.14794920
5.83733580 15.14800533
5.83666355 15.14804751
5.83608076 15.14807922
5.83557551 15.14810305
5.83513748 15.14812096
5.83475773 15.14813442
5.83442850 15.14814454
5.83414306 15.14815214
5.83389559 15.14815786
5.83368104 15.14816216
5.83349503 15.14816539
5.83333376 15.14816781
5.83319393 15.14816964
5.83307271 15.14817101
5.83296761 15.14817204
5.83287648 15.14817282
5.83279747 15.14817340
5.83272898 15.14817384
5.83266959 15.14817417
5.83261810 15.14817441
5.83257345 15.14817460
5.83253475 15.14817474
5.83250119 15.14817485
5.83247209 15.14817492
5.83244686 15.14817498
5.83242499 15.14817503
5.83240603 15.14817506
5.83238959 15.14817509
5.83237533 15.14817511
5.83236297 15.14817512
5.83235226 15.14817513
