2.16658812 7.94882641
2.14051989 8.01829151
2.11330115 8.09395381
2.08493339 8.17605375
2.05542938 8.26475896
2.02481506 8.36014140
1.99313166 8.46215292
1.96043758 8.57060031
1.92681018 8.68512193
1.89234720 8.80516855
1.85716749 8.92999127
1.82141112 9.05863994
1.78523831 9.18997479
1.74882732 9.32269350
1.71237114 9.45537377
1.67607290 9.58652989
1.64014046 9.71467912
1.60478022 9.83841213
1.57019078 9.95646011
1.53655688 10.06775180
1.50404402 10.17145468
1.47279426 10.26699687
1.44292333 10.35406917
1.41451928 10.43260932
1.38764251 10.50277230
1.36232698 10.56489164
1.33858244 10.61943680
1.31639728 10.66697091
1.29574176 10.70811211
1.27657134 10.74350055
1.25882990 10.77377197
1.24245280 10.79953792
1.22736948 10.82137204
1.21350585 10.83980160
1.20078615 10.85530321
1.18913457 10.86830175
1.17847644 10.87917157
1.16873922 10.88823928
1.15985314 10.89578745
1.15175171 10.90205882
1.14437201 10.90726063
1.13765488 10.91156890
1.13154497 10.91513241
1.12599071 10.91807648
1.12094426 10.92050627
1.11636136 10.92250977
1.11220117 10.92416042
1.10842611 10.92551938
1.10500168 10.92663746
1.10189621 10.92755684
1.09908076 10.92831243
1.09652884 10.92893313
1.09421626 10.92944282
1.09212099 10.92986118
1.09022291 10.93020447
1.08850374 10.93048608
1.08694682 10.93071703
1.08553701 10.93090639
1.08426055 10.93106162
1.08310494 10.93118883
1.08205884 10.93129308
1.08111193 10.93137849
1.08025489 10.93144845
1.07947922 10.93150576
1.07877724 10.93155270
1.07814199 10.93159113
1.07756714 10.93162261
1.07704699 10.93164837
1.07657634 10.93166947
1.07615049 10.93168674
1.07576520 10.93170088
1.07541660 10.93171245
1.07510122 10.93172193
1.07481590 10.93172968
1.07455777 10.93173602
1.07432425 10.93174122
1.07411299 10.93174547
1.07392188 10.93174895
1.07374900 10.93175179
1.07359261 10.93175412
1.07345114 10.93175603
1.07332316 10.93175759
1.07320740 10.93175886
1.07310268 10.93175991
1.07300796 10.93176076
1.07292227 10.93176146
1.07284477 10.93176203
1.07277466 10.93176250
1.07271124 10.93176288
1.07265388 10.93176320
1.07260199 10.93176345
1.07255506 10.93176366
1.07251260 10.93176384
1.07247420 10.93176398
1.07243947 10.93176409
1.07240805 10.93176418
1.07237963 10.93176426
1.07235392 10.93176432
1.07233067 10.93176438
1.07230964 10.93176442
1.07229062 10.93176445
1.07227341 10.93176448
1.07225785 10.93176450
1.07224377 10.93176452
1.07223103 10.93176454
1.07221952 10.93176455
1.07220910 10.93176456
