7.44347124 8.44276176
7.45794557 8.46335785
7.47192759 8.48256718
7.48542064 8.50044839
7.49843006 8.51706395
7.51096291 8.53247879
7.52302772 8.54675902
7.53463421 8.55997093
7.54579309 8.57218017
7.55651585 8.58345099
7.56681457 8.59384580
7.57670178 8.60342469
7.58619032 8.61224517
7.59529318 8.62036198
7.60402344 8.62782693
7.61239417 8.63468890
7.62041832 8.64099380
7.62810872 8.64678461
7.63547796 8.65210146
7.64253841 8.65698176
7.64930214 8.66146023
7.65578091 8.66556910
7.66198616 8.66933822
7.66792899 8.67279517
7.67362014 8.67596543
7.67906999 8.67887251
7.68428857 8.68153804
7.68928554 8.68398197
7.69407021 8.68622264
7.69865154 8.68827689
7.70303813 8.69016021
7.70723826 8.69188683
7.71125987 8.69346979
7.71511057 8.69492108
7.71879767 8.69625169
7.72232818 8.69747167
7.72570879 8.69859028
7.72894595 8.69961597
7.73204581 8.70055651
7.73501425 8.70141901
7.73785693 8.70220998
7.74057924 8.70293540
7.74318635 8.70360072
7.74568320 8.70421097
7.74807452 8.70477074
7.75036484 8.70528422
7.75255849 8.70575528
7.75465960 8.70618744
7.75667213 8.70658394
7.75859988 8.70694774
7.76044648 8.70728155
7.76221537 8.70758787
7.76390988 8.70786898
7.76553319 8.70812695
7.76708832 8.70836372
7.76857818 8.70858103
7.77000553 8.70878050
7.77137305 8.70896359
7.77268327 8.70913166
7.77393861 8.70928595
7.77514141 8.70942760
7.77629389 8.70955764
7.77739818 8.70967704
7.77845631 8.70978666
7.77947025 8.70988732
7.78044184 8.70997975
7.78137288 8.71006463
7.78226509 8.71014257
7.78312008 8.71021415
7.78393944 8.71027988
7.78472465 8.71034026
7.78547716 8.71039570
7.78619833 8.71044663
7.78688949 8.71049341
7.78755189 8.71053637
7.78818674 8.71057584
7.78879519 8.71061209
7.78937834 8.71064539
7.78993726 8.71067598
7.79047297 8.71070408
7.79098642 8.71072990
7.79147855 8.71075361
7.79195026 8.71077540
7.79240239 8.71079542
7.79283576 8.71081381
7.79325115 8.71083071
7.79364931 8.71084623
7.79403097 8.71086050
7.79439680 8.71087360
7.79474747 8.71088565
7.79508361 8.71089671
7.79540582 8.71090688
7.79571469 8.71091622
7.79601076 8.71092480
7.79629457 8.71093269
7.79656663 8.71093994
7.79682743 8.71094660
7.79707743 8.71095272
7.79731709 8.71095835
7.79754683 8.71096352
7.79776706 8.71096827
7.79797818 8.71097263
7.79818057 8.71097664
7.79837459 8.71098033
7.79856058 8.71098372
7.79873888 8.71098683
7.79890981 8.71098969
7.79907367 8.71099232
7.79923076 8.71099474
7.79938136 8.71099696
7.79952573 8.71099900
7.79966413 8.71100088
7.79979681 8.71100260
7.79992401 8.71100418
7.80004596 8.71100564
7.80016286 8.71100698
7.80027494 8.71100821
7.80038239 8.71100934
7.80048539 8.71101038
7.80058415 8.71101133
7.80067882 8.71101221
7.80076958 8.71101302
7.80085660 8.71101376
7.80094002 8.71101444
7.80102000 8.71101507
7.80109667 8.71101564
7.80117018 8.71101617
7.80124065 8.71101666
7.80130821 8.71101711
7.80137298 8.71101752
7.80143508 8.71101790
7.80149462 8.71101824
7.80155169 8.71101856
7.80160642 8.71101885
7.80165888 8.71101912
7.80170917 8.71101937
7.80175739 8.71101960
7.80180362 8.71101981
7.80184794 8.71102000
7.80189044 8.71102018
7.80193118 8.71102034
7.80197023 8.71102049
7.80200768 8.71102063
7.80204358 8.71102075
7.80207799 8.71102087
7.80211099 8.71102098
7.80214263 8.71102107
7.80217296 8.71102116
7.80220204 8.71102125
7.80222992 8.71102132
7.80225664 8.71102139
7.80228227 8.71102146
7.80230684 8.71102152
7.80233039 8.71102157
7.80235297 8.71102162
7.80237462 8.71102167
7.80239538 8.71102171
7.80241528 8.71102175
7.80243436 8.71102178
7.80245265 8.71102182
7.80247019 8.71102185
7.80248700 8.71102187
7.80250312 8.71102190
7.80251858 8.71102192
7.80253340 8.71102194
7.80254760 8.71102196
7.80256122 8.71102198
7.80257428 8.71102200
7.80258680 8.71102201
7.80259880 8.71102203
7.80261031 8.71102204
7.80262134 8.71102205
7.80263192 8.71102206
7.80264206 8.71102207
