8.68707561 11.63285830
8.69514342 11.63900150
8.70230324 11.64383741
8.70865091 11.64763687
8.71427369 11.65061703
8.71925063 11.65295117
8.72365308 11.65477706
8.72754516 11.65620381
8.73098437 11.65731762
8.73402211 11.65818643
8.73670428 11.65886364
8.73907172 11.65939117
8.74116079 11.65980190
8.74300377 11.66012152
8.74462930 11.66037015
8.74606278 11.66056348
8.74732668 11.66071377
8.74844091 11.66083057
8.74942308 11.66092131
8.75028874 11.66099180
8.75105163 11.66104655
8.75172391 11.66108906
8.75231628 11.66112206
8.75283822 11.66114768
8.75329807 11.66116757
8.75370320 11.66118301
8.75406010 11.66119499
8.75437451 11.66120428
8.75465147 11.66121150
8.75489543 11.66121709
8.75511033 11.66122144
8.75529962 11.66122481
8.75546634 11.66122742
8.75561319 11.66122945
8.75574254 11.66123102
8.75585646 11.66123224
8.75595679 11.66123319
8.75604517 11.66123392
8.75612300 11.66123449
8.75619155 11.66123493
8.75625192 11.66123528
8.75630509 11.66123554
8.75635192 11.66123575
8.75639317 11.66123591
8.75642949 11.66123603
8.75646148 11.66123613
8.75648965 11.66123620
8.75651446 11.66123626
8.75653632 11.66123631
8.75655556 11.66123634
8.75657251 11.66123637
8.75658744 11.66123639
8.75660058 11.66123641
8.75661216 11.66123642
