3.57697933 10.15225323
3.56639766 10.16343597
3.55584426 10.17455593
3.54532493 10.18560110
3.53484546 10.19655969
3.52441153 10.20742017
3.51402880 10.21817132
3.50370282 10.22880228
3.49343906 10.23930257
3.48324287 10.24966217
3.47311948 10.25987151
3.46307400 10.26992154
3.45311137 10.27980372
3.44323640 10.28951009
3.43345372 10.29903328
3.42376779 10.30836651
3.41418287 10.31750361
3.40470305 10.32643906
3.39533220 10.33516795
3.38607399 10.34368602
3.37693188 10.35198963
3.36790912 10.36007579
3.35900873 10.36794211
3.35023351 10.37558683
3.34158604 10.38300875
3.33306867 10.39020729
3.32468353 10.39718238
3.31643252 10.40393452
3.30831734 10.41046469
3.30033944 10.41677435
3.29250008 10.42286542
3.28480029 10.42874025
3.27724091 10.43440157
3.26982256 10.43985247
3.26254569 10.44509637
3.25541053 10.45013701
3.24841715 10.45497837
3.24156543 10.45962468
3.23485509 10.46408040
3.22828568 10.46835013
3.22185662 10.47243867
3.21556715 10.47635091
3.20941639 10.48009185
3.20340333 10.48366657
3.19752683 10.48708022
3.19178566 10.49033796
3.18617844 10.49344497
3.18070374 10.49640642
3.17536001 10.49922748
3.17014562 10.50191325
3.16505887 10.50446880
3.16009798 10.50689913
3.15526112 10.50920915
3.15054641 10.51140372
3.14595189 10.51348756
3.14147560 10.51546531
3.13711550 10.51734150
3.13286955 10.51912055
3.12873567 10.52080675
3.12471176 10.52240426
3.12079570 10.52391713
3.11698537 10.52534928
3.11327863 10.52670449
3.10967334 10.52798642
3.10616736 10.52919859
3.10275856 10.53034440
3.09944480 10.53142712
3.09622397 10.53244988
3.09309396 10.53341570
3.09005268 10.53432748
3.08709804 10.53518798
3.08422801 10.53599985
3.08144054 10.53676563
3.07873362 10.53748774
3.07610527 10.53816850
3.07355353 10.53881012
3.07107647 10.53941470
3.06867218 10.53998424
3.06633880 10.54052065
3.06407447 10.54102576
3.06187740 10.54150128
3.05974580 10.54194887
3.05767793 10.54237007
3.05567207 10.54276637
3.05372655 10.54313917
3.05183971 10.54348980
3.05000996 10.54381952
3.04823570 10.54412954
3.04651540 10.54442097
3.04484754 10.54469490
3.04323065 10.54495233
3.04166328 10.54519423
3.04014403 10.54542149
3.03867152 10.54563498
3.03724440 10.54583550
3.03586136 10.54602382
3.03452113 10.54620066
3.03322245 10.54636670
3.03196412 10.54652257
3.03074493 10.54666890
3.02956375 10.54680624
3.02841944 10.54693514
3.02731091 10.54705610
3.02623709 10.54716960
3.02519694 10.54727609
3.02418946 10.54737600
3.02321365 10.54746972
3.02226857 10.54755763
3.02135329 10.54764008
3.02046689 10.54771741
3.01960850 10.54778993
3.01877727 10.54785793
3.01797236 10.54792169
3.01719297 10.54798147
3.01643832 10.54803752
3.01570764 10.54809006
3.01500019 10.54813931
3.01431525 10.54818548
3.01365213 10.54822875
3.01301016 10.54826931
3.01238867 10.54830731
3.01178702 10.54834293
3.01120460 10.54837631
3.01064080 10.54840759
3.01009505 10.54843690
3.00956678 10.54846436
3.00905543 10.54849009
3.00856049 10.54851419
3.00808142 10.54853677
3.00761774 10.54855793
3.00716895 10.54857775
3.00673459 10.54859631
3.00631420 10.54861370
3.00590733 10.54862999
3.00551356 10.54864524
3.00513248 10.54865953
3.00476368 10.54867291
3.00440677 10.54868545
3.00406136 10.54869718
3.00372711 10.54870818
3.00340364 10.54871847
3.00309062 10.54872811
3.00278772 10.54873714
3.00249460 10.54874559
3.00221096 10.54875350
3.00193649 10.54876092
3.00167091 10.54876785
3.00141391 10.54877435
3.00116524 10.54878044
3.00092462 10.54878613
3.00069180 10.54879147
3.00046651 10.54879646
3.00024854 10.54880113
3.00003762 10.54880551
2.99983355 10.54880961
2.99963609 10.54881344
2.99944505 10.54881703
2.99926020 10.54882039
2.99908135 10.54882354
2.99890831 10.54882649
2.99874088 10.54882924
2.99857890 10.54883183
2.99842217 10.54883424
2.99827054 10.54883650
2.99812384 10.54883862
2.99798190 10.54884060
2.99784458 10.54884246
2.99771173 10.54884419
2.99758319 10.54884582
2.99745883 10.54884734
2.99733852 10.54884876
2.99722213 10.54885010
2.99710952 10.54885134
2.99700058 10.54885251
2.99689518 10.54885360
2.99679321 10.54885463
2.99669456 10.54885558
2.99659913 10.54885648
2.99650680 10.54885732
2.99641748 10.54885810
2.99633106 10.54885884
2.99624747 10.54885953
2.99616659 10.54886017
2.99608835 10.54886077
2.99601266 10.54886134
2.99593944 10.54886186
2.99586860 10.54886236
2.99580007 10.54886282
2.99573378 10.54886325
2.99566964 10.54886366
2.99560760 10.54886403
2.99554758 10.54886439
2.99548952 10.54886472
2.99543335 10.54886503
2.99537901 10.54886532
2.99532644 10.54886559
2.99527559 10.54886585
2.99522639 10.54886609
2.99517880 10.54886631
2.99513277 10.54886652
2.99508823 10.54886671
2.99504515 10.54886689
2.99500347 10.54886706
2.99496315 10.54886722
2.99492415 10.54886737
2.99488642 10.54886751
2.99484992 10.54886765
2.99481462 10.54886777
2.99478046 10.54886788
2.99474742 10.54886799
2.99471546 10.54886809
2.99468454 10.54886818
2.99465463 10.54886827
2.99462570 10.54886836
2.99459771 10.54886843
2.99457063 10.54886850
2.99454444 10.54886857
2.99451910 10.54886864
2.99449459 10.54886869
2.99447088 10.54886875
2.99444795 10.54886880
2.99442576 10.54886885
2.99440430 10.54886889
2.99438353 10.54886894
2.99436345 10.54886898
2.99434402 10.54886901
2.99432523 10.54886905
2.99430705 10.54886908
2.99428946 10.54886911
2.99427245 10.54886914
2.99425599 10.54886917
2.99424007 10.54886919
2.99422467 10.54886922
2.99420978 10.54886924
2.99419537 10.54886926
2.99418143 10.54886928
2.99416794 10.54886929
2.99415490 10.54886931
2.99414228 10.54886933
2.99413007 10.54886934
2.99411827 10.54886936
2.99410684 10.54886937
2.99409579 10.54886938
2.99408511 10.54886939
2.99407477 10.54886940
