9.06083870 10.88192050
9.05220845 10.88893128
9.04459024 10.89439712
9.03785783 10.89866788
9.03190210 10.90201160
9.02662848 10.90463433
9.02195487 10.90669496
9.01780979 10.90831642
9.01413091 10.90959405
9.01086373 10.91060200
9.00796053 10.91139807
9.00537944 10.91202742
9.00308367 10.91252543
9.00104085 10.91291981
8.99922242 10.91323236
8.99760321 10.91348021
8.99616096 10.91367687
8.99487600 10.91383300
8.99373089 10.91395700
8.99271020 10.91405553
8.99180023 10.91413384
8.99098884 10.91419612
8.99026524 10.91424565
8.98961984 10.91428505
8.98904412 10.91431641
8.98853051 10.91434137
8.98807225 10.91436124
8.98766334 10.91437706
8.98729845 10.91438966
8.98697281 10.91439969
8.98668218 10.91440768
8.98642279 10.91441405
8.98619126 10.91441912
8.98598459 10.91442316
8.98580011 10.91442639
8.98563542 10.91442895
8.98548841 10.91443100
8.98535716 10.91443263
8.98523999 10.91443393
8.98513538 10.91443496
8.98504199 10.91443579
8.98495860 10.91443645
8.98488416 10.91443697
8.98481769 10.91443739
8.98475834 10.91443772
8.98470535 10.91443799
8.98465804 10.91443820
8.98461580 10.91443837
8.98457808 10.91443850
8.98454440 10.91443861
8.98451433 10.91443870
8.98448748 10.91443876
8.98446350 10.91443882
8.98444210 10.91443886
8.98442298 10.91443890
8.98440591 10.91443892
8.98439067 10.91443895
8.98437706 10.91443896
8.98436491 10.91443898
8.98435406 10.91443899
