2.69215462 12.91256366
2.67959497 12.92797984
2.66760571 12.94202820
2.65615983 12.95483274
2.64523145 12.96650631
2.63479583 12.97715159
2.62482939 12.98686187
2.61530964 12.99572189
2.60621518 13.00380858
2.59752565 13.01119176
2.58922169 13.01793478
2.58128492 13.02409514
2.57369788 13.02972500
2.56644399 13.03487171
2.55950751 13.03957823
2.55287349 13.04388357
2.54652775 13.04782316
2.54045684 13.05142918
2.53464796 13.05473086
2.52908900 13.05775477
2.52376841 13.06052509
2.51867528 13.06306380
2.51379919 13.06539088
2.50913028 13.06752456
2.50465916 13.06948141
2.50037691 13.07127653
2.49627505 13.07292370
2.49234551 13.07443546
2.48858062 13.07582327
2.48497309 13.07709756
2.48151595 13.07826788
2.47820259 13.07934293
2.47502672 13.08033065
2.47198234 13.08123833
2.46906372 13.08207260
2.46626541 13.08283954
2.46358223 13.08354470
2.46100921 13.08419317
2.45854164 13.08478961
2.45617501 13.08533827
2.45390501 13.08584305
2.45172754 13.08630754
2.44963868 13.08673500
2.44763470 13.08712845
2.44571201 13.08749064
2.44386720 13.08782408
2.44209702 13.08813111
2.44039834 13.08841384
2.43876818 13.08867422
2.43720370 13.08891406
2.43570217 13.08913499
2.43426099 13.08933852
2.43287767 13.08952604
2.43154981 13.08969883
2.43027514 13.08985805
2.42905148 13.09000479
2.42787674 13.09014004
2.42674891 13.09026470
2.42566609 13.09037961
2.42462643 13.09048555
2.42362819 13.09058322
2.42266967 13.09067326
2.42174928 13.09075629
2.42086546 13.09083286
2.42001673 13.09090346
2.41920169 13.09096857
2.41841896 13.09102862
2.41766726 13.09108401
2.41694532 13.09113510
2.41625196 13.09118222
2.41558602 13.09122569
2.41494642 13.09126579
2.41433209 13.09130279
2.41374202 13.09133692
2.41317524 13.09136841
2.41263082 13.09139746
2.41210788 13.09142427
2.41160555 13.09144901
2.41112301 13.09147183
2.41065948 13.09149290
2.41021420 13.09151233
2.40978645 13.09153027
2.40937552 13.09154683
2.40898076 13.09156210
2.40860151 13.09157620
2.40823717 13.09158922
2.40788715 13.09160123
2.40755088 13.09161231
2.40722781 13.09162255
2.40691742 13.09163199
2.40661921 13.09164071
2.40633271 13.09164876
2.40605744 13.09165619
2.40579297 13.09166304
2.40553887 13.09166937
2.40529473 13.09167522
2.40506016 13.09168061
2.40483478 13.09168559
2.40461823 13.09169019
2.40441016 13.09169443
2.40421025 13.09169835
2.40401815 13.09170197
2.40383358 13.09170531
2.40365624 13.09170839
2.40348583 13.09171124
2.40332209 13.09171387
2.40316476 13.09171630
2.40301359 13.09171854
2.40286833 13.09172060
2.40272874 13.09172251
2.40259462 13.09172428
2.40246574 13.09172591
2.40234190 13.09172741
2.40222291 13.09172880
2.40210856 13.09173008
2.40199868 13.09173126
2.40189310 13.09173236
2.40179164 13.09173337
2.40169415 13.09173430
2.40160047 13.09173516
2.40151044 13.09173595
2.40142394 13.09173669
2.40134081 13.09173737
2.40126093 13.09173799
2.40118417 13.09173857
2.40111040 13.09173910
2.40103952 13.09173959
2.40097141 13.09174005
2.40090595 13.09174047
2.40084305 13.09174086
2.40078261 13.09174122
2.40072453 13.09174155
2.40066871 13.09174185
2.40061507 13.09174213
2.40056353 13.09174239
2.40051400 13.09174264
2.40046640 13.09174286
2.40042066 13.09174306
2.40037670 13.09174325
2.40033446 13.09174343
2.40029387 13.09174359
2.40025486 13.09174374
2.40021738 13.09174388
2.40018136 13.09174400
2.40014674 13.09174412
2.40011347 13.09174423
2.40008150 13.09174433
2.40005078 13.09174442
2.40002126 13.09174451
2.39999289 13.09174459
2.39996563 13.09174466
2.39993943 13.09174473
2.39991425 13.09174479
2.39989005 13.09174485
2.39986680 13.09174490
2.39984445 13.09174495
2.39982298 13.09174499
2.39980235 13.09174503
2.39978252 13.09174507
2.39976346 13.09174511
2.39974514 13.09174514
2.39972755 13.09174517
2.39971063 13.09174520
2.39969438 13.09174523
2.39967876 13.09174525
2.39966375 13.09174527
2.39964932 13.09174529
2.39963546 13.09174531
2.39962214 13.09174533
2.39960934 13.09174534
2.39959704 13.09174536
2.39958521 13.09174537
2.39957385 13.09174539
2.39956293 13.09174540
2.39955244 13.09174541
