5.20889098 13.33955866
5.19083067 13.37131377
5.17372590 13.39979513
5.15752881 13.42533232
5.14219311 13.44822447
5.12767424 13.46874237
5.11392942 13.48713058
5.10091771 13.50360952
5.08860001 13.51837755
5.07693910 13.53161290
5.06589955 13.54347560
5.05544774 13.55410912
5.04555175 13.56364205
5.03618136 13.57218956
5.02730796 13.57985475
5.01890447 13.58672987
5.01094530 13.59289748
5.00340624 13.59843141
4.99626446 13.60339772
4.98949836 13.60785550
4.98308756 13.61185759
4.97701281 13.61545127
4.97125593 13.61867885
4.96579979 13.62157816
4.96062817 13.62418308
4.95572579 13.62652394
4.95107821 13.62862788
4.94667181 13.63051921
4.94249370 13.63221971
4.93853172 13.63374888
4.93477440 13.63512420
4.93121089 13.63636136
4.92783092 13.63747439
4.92462481 13.63847589
4.92158341 13.63937717
4.91869805 13.64018836
4.91596055 13.64091857
4.91336318 13.64157596
4.91089860 13.64216786
4.90855989 13.64270086
4.90634051 13.64318087
4.90423425 13.64361320
4.90223524 13.64400264
4.90033793 13.64435347
4.89853707 13.64466954
4.89682766 13.64495433
4.89520501 13.64521096
4.89366463 13.64544222
4.89220231 13.64565065
4.89081404 13.64583850
4.88949601 13.64600782
4.88824464 13.64616046
4.88705651 13.64629806
4.88592840 13.64642211
4.88485723 13.64653396
4.88384011 13.64663480
4.88287428 13.64672573
4.88195714 13.64680773
4.88108620 13.64688167
4.88025912 13.64694836
4.87947368 13.64700850
4.87872776 13.64706274
4.87801936 13.64711166
4.87734658 13.64715578
4.87670762 13.64719558
4.87610077 13.64723149
4.87552439 13.64726387
4.87497697 13.64729309
4.87445702 13.64731944
4.87396317 13.64734322
4.87349410 13.64736467
4.87304857 13.64738402
4.87262537 13.64740148
4.87222340 13.64741724
4.87184158 13.64743145
4.87147890 13.64744427
4.87113439 13.64745585
4.87080714 13.64746629
4.87049629 13.64747571
4.87020100 13.64748421
4.86992050 13.64749188
4.86965405 13.64749880
4.86940094 13.64750505
4.86916050 13.64751068
4.86893209 13.64751577
4.86871511 13.64752036
4.86850899 13.64752450
4.86831318 13.64752824
4.86812717 13.64753162
4.86795047 13.64753466
4.86778260 13.64753741
4.86762313 13.64753989
4.86747163 13.64754212
4.86732771 13.64754414
4.86719099 13.64754597
4.86706110 13.64754761
4.86693771 13.64754910
4.86682048 13.64755044
4.86670912 13.64755164
4.86660332 13.64755274
4.86650281 13.64755372
4.86640732 13.64755461
4.86631661 13.64755541
4.86623042 13.64755614
4.86614855 13.64755679
4.86607077 13.64755738
4.86599687 13.64755791
4.86592667 13.64755839
4.86585997 13.64755883
4.86579661 13.64755922
4.86573641 13.64755957
4.86567922 13.64755989
4.86562488 13.64756018
4.86557326 13.64756044
4.86552422 13.64756067
4.86547763 13.64756088
4.86543337 13.64756108
4.86539132 13.64756125
4.86535137 13.64756140
4.86531341 13.64756154
4.86527735 13.64756167
4.86524309 13.64756179
4.86521054 13.64756189
4.86517962 13.64756198
4.86515024 13.64756207
4.86512233 13.64756214
4.86509582 13.64756221
4.86507062 13.64756227
4.86504669 13.64756233
4.86502395 13.64756238
4.86500235 13.64756242
4.86498182 13.64756247
4.86496232 13.64756250
4.86494380 13.64756254
4.86492620 13.64756257
4.86490948 13.64756259
4.86489359 13.64756262
4.86487850 13.64756264
4.86486416 13.64756266
4.86485053 13.64756268
4.86483759 13.64756269
4.86482529 13.64756271
4.86481361 13.64756272
4.86480251 13.64756273
4.86479197 13.64756275
