7.23704264 8.11533925
7.24977963 8.13147301
7.26237660 8.14725501
7.27483676 8.16269724
7.28716351 8.17781190
7.29936047 8.19261136
7.31143140 8.20710812
7.32338022 8.22131473
7.33521100 8.23524380
7.34692791 8.24890791
7.35853528 8.26231963
7.37003749 8.27549148
7.38143905 8.28843591
7.39274453 8.30116527
7.40395862 8.31369185
7.41508602 8.32602783
7.42613155 8.33818527
7.43710007 8.35017616
7.44799650 8.36201240
7.45882582 8.37370578
7.46959306 8.38526802
7.48030332 8.39671079
7.49096175 8.40804570
7.50157354 8.41928433
7.51214398 8.43043824
7.52267839 8.44151900
7.53318215 8.45253822
7.54366075 8.46350755
7.55411972 8.47443873
7.56456467 8.48534361
7.57500134 8.49623420
7.58543551 8.50712266
7.59587310 8.51802139
7.60632014 8.52894305
7.61678276 8.53990058
7.62726724 8.55090727
7.63777999 8.56197682
7.64832760 8.57312335
7.65891679 8.58436153
7.66955448 8.59570654
7.68024779 8.60717425
7.69100404 8.61878121
7.70183078 8.63054474
7.71273580 8.64248308
7.72372715 8.65461539
7.73481318 8.66696191
7.74600250 8.67954407
7.75730409 8.69238458
7.76872724 8.70550757
7.78028162 8.71893875
7.79197730 8.73270553
7.80382475 8.74683724
7.81583491 8.76136524
7.82801916 8.77632319
7.84038940 8.79174722
7.85295807 8.80767619
7.86573814 8.82415190
7.87874319 8.84121943
7.89198740 8.85892738
7.90548559 8.87732818
7.91925326 8.89647847
7.93330659 8.91643940
7.94766248 8.93727702
7.96233852 8.95906266
7.97735305 8.98187332
7.99272514 9.00579202
8.00847455 9.03090820
8.02462173 9.05731805
8.04118775 9.08512478
8.05819426 9.11443884
8.07566335 9.14537802
8.09361745 9.17806736
8.11207914 9.21263892
8.13107092 9.24923117
8.15061497 9.28798809
8.17073277 9.32905784
8.19144466 9.37259075
8.21276938 9.41873675
8.23472346 9.46764190
8.25732048 9.51944402
8.28057026 9.57426723
8.30447799 9.63221539
8.32904313 9.69336432
8.35425836 9.75775293
8.38010835 9.82537339
8.40656858 9.89616075
8.43360417 9.96998245
8.46116880 10.04662852
8.48920382 10.12580350
8.51763766 10.20712099
8.54638564 10.29010237
8.57535026 10.37418046
8.60442208 10.45870926
8.63348124 10.54298007
8.66239962 10.62624371
8.69104363 10.70773780
8.71927748 10.78671740
8.74696674 10.86248630
8.77398206 10.93442656
8.80020275 11.00202320
8.82551995 11.06488229
8.84983930 11.12274065
8.87308288 11.17546709
8.89519031 11.22305570
8.91611911 11.26561255
8.93584432 11.30333785
8.95435744 11.33650552
8.97166494 11.36544230
8.98778644 11.39050783
9.00275266 11.41207698
9.01660337 11.43052508
9.02938537 11.44621634
9.04115064 11.45949535
9.05195459 11.47068141
9.06185464 11.48006523
9.07090895 11.48790762
9.07917536 11.49443955
9.08671063 11.49986341
9.09356975 11.50435478
9.09980547 11.50806481
9.10546801 11.51112263
9.11060480 11.51363787
9.11526039 11.51570312
9.11947638 11.51739617
9.12329148 11.51878209
9.12674152 11.51991515
9.12985957 11.52084041
9.13267610 11.52159519
9.13521904 11.52221033
9.13751399 11.52271125
9.13958434 11.52311886
9.14145143 11.52345031
9.14313469 11.52371967
9.14465180 11.52393845
9.14601883 11.52411606
9.14725034 11.52426020
9.14835955 11.52437711
9.14935842 11.52447192
9.15025779 11.52454877
9.15106744 11.52461105
9.15179624 11.52466151
9.15245218 11.52470239
9.15304248 11.52473549
9.15357367 11.52476229
9.15405161 11.52478399
9.15448162 11.52480155
9.15486848 11.52481577
9.15521648 11.52482727
9.15552953 11.52483658
9.15581112 11.52484411
9.15606439 11.52485020
9.15629219 11.52485513
9.15649706 11.52485911
9.15668132 11.52486234
9.15684703 11.52486494
9.15699605 11.52486705
9.15713006 11.52486876
9.15725058 11.52487014
9.15735895 11.52487125
9.15745640 11.52487216
9.15754403 11.52487288
9.15762283 11.52487347
9.15769368 11.52487395
9.15775739 11.52487434
9.15781468 11.52487465
9.15786619 11.52487490
9.15791251 11.52487510
9.15795416 11.52487527
9.15799160 11.52487540
9.15802527 11.52487551
9.15805555 11.52487560
9.15808277 11.52487567
9.15810724 11.52487572
9.15812925 11.52487577
9.15814903 11.52487581
9.15816682 11.52487584
9.15818282 11.52487586
9.15819720 11.52487588
9.15821013 11.52487590
9.15822176 11.52487591
9.15823221 11.52487592
