7.74517441 8.95534402
7.75918985 8.97459133
7.77263995 8.99231617
7.78554613 9.00863599
7.79792985 9.02366127
7.80981241 9.03749542
7.82121480 9.05023470
7.83215758 9.06196847
7.84266076 9.07277934
7.85274378 9.08274353
7.86242540 9.09193117
7.87172371 9.10040670
7.88065606 9.10822922
7.88923911 9.11545287
7.89748880 9.12212721
7.90542033 9.12829757
7.91304823 9.13400539
7.92038634 9.13928853
7.92744781 9.14418160
7.93424518 9.14871620
7.94079036 9.15292120
7.94709467 9.15682299
7.95316886 9.16044569
7.95902314 9.16381134
7.96466721 9.16694010
7.97011028 9.16985040
7.97536109 9.17255914
7.98042794 9.17508176
7.98531871 9.17743244
7.99004088 9.17962415
7.99460156 9.18166880
7.99900751 9.18357733
8.00326515 9.18535976
8.00738057 9.18702532
8.01135957 9.18858250
8.01520768 9.19003908
8.01893014 9.19140227
8.02253194 9.19267867
8.02601784 9.19387438
8.02939236 9.19499504
8.03265983 9.19604584
8.03582435 9.19703157
8.03888985 9.19795668
8.04186006 9.19882525
8.04473854 9.19964110
8.04752871 9.20040772
8.05023382 9.20112838
8.05285697 9.20180610
8.05540113 9.20244368
8.05786913 9.20304372
8.06026370 9.20360862
8.06258742 9.20414064
8.06484278 9.20464186
8.06703217 9.20511422
8.06915785 9.20555953
8.07122201 9.20597947
8.07322675 9.20637560
8.07517407 9.20674940
8.07706589 9.20710222
8.07890407 9.20743534
8.08069036 9.20774994
8.08242649 9.20804713
8.08411407 9.20832796
8.08575468 9.20859339
8.08734984 9.20884433
8.08890098 9.20908163
8.09040951 9.20930608
8.09187677 9.20951843
8.09330406 9.20971938
8.09469261 9.20990958
8.09604363 9.21008964
8.09735826 9.21026015
8.09863762 9.21042164
8.09988279 9.21057462
8.10109479 9.21071956
8.10227463 9.21085692
8.10342325 9.21098711
8.10454160 9.21111054
8.10563056 9.21122757
8.10669100 9.21133855
8.10772375 9.21144382
8.10872962 9.21154369
8.10970938 9.21163844
8.11066380 9.21172835
8.11159359 9.21181369
8.11249945 9.21189470
8.11338208 9.21197160
8.11424212 9.21204462
8.11508021 9.21211397
8.11589696 9.21217983
8.11669298 9.21224239
8.11746883 9.21230183
8.11822508 9.21235830
8.11896226 9.21241196
8.11968090 9.21246295
8.12038150 9.21251142
8.12106457 9.21255750
8.12173056 9.21260130
8.12237995 9.21264294
8.12301318 9.21268254
8.12363069 9.21272020
8.12423289 9.21275602
8.12482019 9.21279008
8.12539299 9.21282249
8.12595168 9.21285332
8.12649662 9.21288265
8.12702818 9.21291056
8.12754671 9.21293712
8.12805255 9.21296239
8.12854602 9.21298645
8.12902746 9.21300934
8.12949717 9.21303114
8.12995546 9.21305189
8.13040262 9.21307164
8.13083894 9.21309045
8.13126469 9.21310835
8.13168015 9.21312540
8.13208557 9.21314164
8.13248122 9.21315711
8.13286734 9.21317184
8.13324417 9.21318587
8.13361195 9.21319923
8.13397091 9.21321196
8.13432126 9.21322409
8.13466323 9.21323564
8.13499702 9.21324665
8.13532284 9.21325714
8.13564088 9.21326714
8.13595135 9.21327666
8.13625442 9.21328574
8.13655029 9.21329439
8.13683913 9.21330263
8.13712111 9.21331049
8.13739641 9.21331798
8.13766518 9.21332511
8.13792759 9.21333192
8.13818379 9.21333841
8.13843394 9.21334459
8.13867819 9.21335048
8.13891667 9.21335610
8.13914954 9.21336146
8.13937692 9.21336657
8.13959894 9.21337144
8.13981575 9.21337609
8.14002746 9.21338052
8.14023420 9.21338474
8.14043609 9.21338877
8.14063324 9.21339261
8.14082578 9.21339628
8.14101381 9.21339977
8.14119743 9.21340310
8.14137676 9.21340628
8.14155190 9.21340931
8.14172295 9.21341220
8.14189001 9.21341496
8.14205317 9.21341759
8.14221252 9.21342010
8.14236816 9.21342250
8.14252017 9.21342478
8.14266865 9.21342696
8.14281366 9.21342904
8.14295531 9.21343102
8.14309366 9.21343291
8.14322880 9.21343472
8.14336080 9.21343644
8.14348974 9.21343808
8.14361568 9.21343965
8.14373871 9.21344115
8.14385888 9.21344258
8.14397626 9.21344394
8.14409093 9.21344524
8.14420294 9.21344648
8.14431236 9.21344766
8.14441924 9.21344879
8.14452366 9.21344987
8.14462566 9.21345090
8.14472530 9.21345188
8.14482264 9.21345281
8.14491773 9.21345371
8.14501063 9.21345456
8.14510138 9.21345537
8.14519004 9.21345615
8.14527665 9.21345689
8.14536127 9.21345760
8.14544393 9.21345828
8.14552469 9.21345892
8.14560359 9.21345954
8.14568067 9.21346012
8.14575598 9.21346068
8.14582955 9.21346122
8.14590143 9.21346173
8.14597165 9.21346222
8.14604026 9.21346268
8.14610729 9.21346313
8.14617278 9.21346355
8.14623677 9.21346396
8.14629928 9.21346434
8.14636036 9.21346471
8.14642003 9.21346506
8.14647834 9.21346540
8.14653530 9.21346572
8.14659096 9.21346603
8.14664534 9.21346632
8.14669847 9.21346660
8.14675038 9.21346686
8.14680110 9.21346712
8.14685066 9.21346736
8.14689908 9.21346759
8.14694639 9.21346781
8.14699262 9.21346802
8.14703778 9.21346823
8.14708191 9.21346842
8.14712503 9.21346860
8.14716716 9.21346878
8.14720833 9.21346895
8.14724855 9.21346911
8.14728786 9.21346926
8.14732626 9.21346940
8.14736378 9.21346954
8.14740044 9.21346968
8.14743627 9.21346980
8.14747127 9.21346992
8.14750548 9.21347004
8.14753890 9.21347015
8.14757156 9.21347026
8.14760346 9.21347036
8.14763464 9.21347045
8.14766511 9.21347054
8.14769488 9.21347063
8.14772397 9.21347072
8.14775239 9.21347080
8.14778017 9.21347087
8.14780730 9.21347094
8.14783382 9.21347101
8.14785974 9.21347108
8.14788506 9.21347114
8.14790980 9.21347120
8.14793397 9.21347126
8.14795760 9.21347132
8.14798068 9.21347137
8.14800324 9.21347142
8.14802528 9.21347147
8.14804682 9.21347151
8.14806786 9.21347156
8.14808843 9.21347160
8.14810853 9.21347164
8.14812816 9.21347168
8.14814735 9.21347171
8.14816610 9.21347175
8.14818443 9.21347178
8.14820233 9.21347181
8.14821983 9.21347184
8.14823692 9.21347187
8.14825363 9.21347190
8.14826995 9.21347193
8.14828591 9.21347195
8.14830149 9.21347198
8.14831673 9.21347200
8.14833161 9.21347202
8.14834616 9.21347204
8.14836037 9.21347206
8.14837426 9.21347208
8.14838783 9.21347210
8.14840110 9.21347212
8.14841406 9.21347213
8.14842672 9.21347215
8.14843910 9.21347216
8.14845119 9.21347218
8.14846301 9.21347219
8.14847456 9.21347221
8.14848584 9.21347222
8.14849687 9.21347223
8.14850765 9.21347224
8.14851818 9.21347225
8.14852847 9.21347226
