3.20480092 10.63445593
3.20898093 10.63615773
3.21294384 10.63768774
3.21670288 10.63906470
3.22027029 10.64030515
3.22365745 10.64142366
3.22687495 10.64243314
3.22993260 10.64334499
3.23283956 10.64416934
3.23560435 10.64491518
3.23823494 10.64559048
3.24073874 10.64620236
3.24312270 10.64675716
3.24539331 10.64726054
3.24755666 10.64771755
3.24961843 10.64813271
3.25158397 10.64851007
3.25345830 10.64885327
3.25524613 10.64916556
3.25695188 10.64944987
3.25857972 10.64970883
3.26013358 10.64994481
3.26161714 10.65015994
3.26303389 10.65035616
3.26438712 10.65053519
3.26567993 10.65069861
3.26691525 10.65084783
3.26809585 10.65098413
3.26922434 10.65110868
3.27030320 10.65122252
3.27133479 10.65132661
3.27232131 10.65142182
3.27326488 10.65150891
3.27416749 10.65158862
3.27503103 10.65166158
3.27585730 10.65172838
3.27664800 10.65178956
3.27740476 10.65184560
3.27812911 10.65189695
3.27882251 10.65194401
3.27948636 10.65198714
3.28012197 10.65202668
3.28073060 10.65206294
3.28131346 10.65209619
3.28187168 10.65212670
3.28240634 10.65215468
3.28291849 10.65218036
3.28340911 10.65220392
3.28387913 10.65222555
3.28432945 10.65224541
3.28476094 10.65226364
3.28517439 10.65228037
3.28557060 10.65229575
3.28595030 10.65230986
3.28631420 10.65232283
3.28666297 10.65233474
3.28699727 10.65234568
3.28731771 10.65235574
3.28762487 10.65236498
3.28791933 10.65237347
3.28820162 10.65238128
3.28847226 10.65238845
3.28873173 10.65239504
3.28898051 10.65240110
3.28921904 10.65240668
3.28944776 10.65241180
3.28966708 10.65241651
3.28987739 10.65242084
3.29007906 10.65242483
3.29027246 10.65242849
3.29045794 10.65243186
3.29063582 10.65243496
3.29080641 10.65243781
3.29097003 10.65244043
3.29112695 10.65244285
3.29127747 10.65244507
3.29142183 10.65244711
3.29156030 10.65244899
3.29169312 10.65245071
3.29182052 10.65245230
3.29194273 10.65245377
3.29205996 10.65245511
3.29217242 10.65245635
3.29228029 10.65245749
3.29238377 10.65245854
3.29248305 10.65245951
3.29257828 10.65246039
3.29266965 10.65246121
3.29275730 10.65246197
3.29284139 10.65246266
3.29292206 10.65246330
3.29299946 10.65246388
3.29307371 10.65246442
3.29314495 10.65246492
3.29321330 10.65246538
3.29327888 10.65246580
3.29334180 10.65246619
3.29340216 10.65246654
3.29346008 10.65246687
3.29351565 10.65246717
3.29356897 10.65246745
3.29362013 10.65246771
3.29366922 10.65246795
3.29371632 10.65246816
3.29376151 10.65246836
3.29380487 10.65246855
3.29384648 10.65246872
3.29388640 10.65246887
3.29392471 10.65246902
3.29396146 10.65246915
3.29399673 10.65246927
3.29403057 10.65246938
3.29406305 10.65246949
3.29409421 10.65246958
3.29412411 10.65246967
3.29415280 10.65246975
3.29418033 10.65246982
3.29420675 10.65246989
3.29423210 10.65246996
3.29425642 10.65247001
3.29427977 10.65247007
3.29430217 10.65247012
3.29432366 10.65247016
3.29434429 10.65247020
3.29436408 10.65247024
3.29438307 10.65247028
3.29440129 10.65247031
3.29441878 10.65247034
3.29443557 10.65247037
3.29445167 10.65247039
3.29446712 10.65247042
3.29448195 10.65247044
3.29449619 10.65247046
3.29450984 10.65247048
3.29452295 10.65247049
3.29453552 10.65247051
3.29454759 10.65247052
3.29455917 10.65247054
3.29457028 10.65247055
3.29458095 10.65247056
3.29459118 10.65247057
