6.45683907 12.02405249
6.47641283 12.06079333
6.49437589 12.09171729
6.51084038 12.11768385
6.52591613 12.13944598
6.53970907 12.15765624
6.55232012 12.17287549
6.56384455 12.18558243
6.57437166 12.19618351
6.58398463 12.20502231
6.59276064 12.21238828
6.60077101 12.21852460
6.60808145 12.22363515
6.61475240 12.22789052
6.62083931 12.23143330
6.62639301 12.23438252
6.63146002 12.23683746
6.63608290 12.23888089
6.64030053 12.24058176
6.64414843 12.24199750
6.64765904 12.24317593
6.65086195 12.24415684
6.65378417 12.24497337
6.65645036 12.24565308
6.65888297 12.24621893
6.66110253 12.24669000
6.66312773 12.24708219
6.66497562 12.24740872
6.66666177 12.24768059
6.66820036 12.24790696
6.66960433 12.24809545
6.67088547 12.24825240
6.67205457 12.24838310
6.67312142 12.24849195
6.67409499 12.24858259
6.67498345 12.24865807
6.67579425 12.24872094
6.67653419 12.24877330
6.67720946 12.24881690
6.67782573 12.24885322
6.67838815 12.24888347
6.67890144 12.24890867
6.67936989 12.24892966
6.67979742 12.24894714
6.68018761 12.24896170
6.68054373 12.24897382
6.68086874 12.24898393
6.68116538 12.24899234
6.68143611 12.24899935
6.68168320 12.24900519
6.68190872 12.24901005
6.68211455 12.24901411
6.68230241 12.24901748
6.68247387 12.24902029
6.68263036 12.24902263
6.68277319 12.24902459
6.68290356 12.24902621
6.68302254 12.24902756
6.68313114 12.24902869
6.68323026 12.24902963
6.68332072 12.24903041
6.68340329 12.24903107
6.68347866 12.24903161
6.68354744 12.24903206
6.68361022 12.24903244
6.68366753 12.24903275
6.68371983 12.24903301
6.68376756 12.24903323
6.68381114 12.24903341
6.68385090 12.24903357
6.68388720 12.24903369
6.68392033 12.24903380
6.68395057 12.24903388
6.68397817 12.24903396
6.68400336 12.24903402
6.68402635 12.24903407
6.68404733 12.24903411
6.68406649 12.24903415
6.68408397 12.24903417
6.68409993 12.24903420
6.68411449 12.24903422
6.68412778 12.24903424
6.68413992 12.24903425
6.68415099 12.24903426
