6.20887364 8.04296792 1.68020443 0.12614796
6.21080813 8.04018758 1.68149386 0.12746669
6.21275817 8.03738533 1.68279355 0.12880645
6.21472395 8.03456090 1.68410361 0.13016765
6.21670565 8.03171405 1.68542417 0.13155074
6.21870345 8.02884450 1.68675535 0.13295613
6.22071756 8.02595199 1.68809728 0.13438428
6.22274817 8.02303624 1.68945009 0.13583564
6.22479546 8.02009700 1.69081390 0.13731068
6.22685965 8.01713397 1.69218884 0.13880986
6.22894093 8.01414689 1.69357504 0.14033368
6.23103950 8.01113547 1.69497264 0.14188262
6.23315558 8.00809942 1.69638178 0.14345720
6.23528936 8.00503845 1.69780257 0.14505792
6.23744106 8.00195228 1.69923518 0.14668532
6.23961090 7.99884061 1.70067972 0.14833993
6.24179908 7.99570314 1.70213635 0.15002231
6.24400582 7.99253957 1.70360521 0.15173301
6.24623135 7.98934959 1.70508643 0.15347260
6.24847588 7.98613291 1.70658016 0.15524167
6.25073965 7.98288920 1.70808656 0.15704081
6.25302286 7.97961816 1.70960576 0.15887064
6.25532577 7.97631946 1.71113791 0.16073177
6.25764858 7.97299280 1.71268317 0.16262483
6.25999155 7.96963785 1.71424168 0.16455047
6.26235489 7.96625429 1.71581360 0.16650935
6.26473885 7.96284179 1.71739908 0.16850213
6.26714367 7.95940002 1.71899828 0.17052951
6.26956958 7.95592864 1.72061135 0.17259217
6.27201684 7.95242734 1.72223846 0.17469082
6.27448567 7.94889576 1.72387975 0.17682619
6.27697633 7.94533358 1.72553538 0.17899902
6.27948907 7.94174045 1.72720553 0.18121005
6.28202412 7.93811603 1.72889034 0.18346004
6.28458175 7.93445998 1.73058999 0.18574977
6.28716221 7.93077195 1.73230462 0.18808003
6.28976573 7.92705160 1.73403441 0.19045162
6.29239259 7.92329858 1.73577952 0.19286536
6.29504303 7.91951254 1.73754012 0.19532206
6.29771730 7.91569313 1.73931636 0.19782259
6.30041566 7.91184002 1.74110841 0.20036778
6.30313837 7.90795283 1.74291643 0.20295850
6.30588568 7.90403124 1.74474060 0.20559563
6.30865784 7.90007488 1.74658108 0.20828007
6.31145512 7.89608342 1.74843802 0.21101272
6.31427776 7.89205649 1.75031159 0.21379448
6.31712602 7.88799377 1.75220196 0.21662629
6.32000015 7.88389490 1.75410929 0.21950908
6.32290041 7.87975954 1.75603373 0.22244380
6.32582704 7.87558736 1.75797546 0.22543140
6.32878029 7.87137801 1.75993462 0.22847285
6.33176042 7.86713116 1.76191137 0.23156911
6.33476765 7.86284649 1.76390588 0.23472118
6.33780224 7.85852367 1.76591829 0.23793002
6.34086442 7.85416238 1.76794875 0.24119665
6.34395442 7.84976230 1.76999742 0.24452205
6.34707248 7.84532312 1.77206443 0.24790723
6.35021882 7.84084455 1.77414993 0.25135319
6.35339367 7.83632629 1.77625406 0.25486093
6.35659724 7.83176805 1.77837696 0.25843147
6.35982973 7.82716954 1.78051876 0.26206579
6.36309136 7.82253051 1.78267957 0.26576491
6.36638233 7.81785069 1.78485954 0.26952982
6.36970281 7.81312983 1.78705877 0.27336150
6.37305300 7.80836770 1.78927737 0.27726095
6.37643307 7.80356407 1.79151545 0.28122912
6.37984318 7.79871872 1.79377312 0.28526699
6.38328349 7.79383146 1.79605046 0.28937548
6.38675414 7.78890211 1.79834756 0.29355554
6.39025527 7.78393050 1.80066450 0.29780806
6.39378701 7.77891649 1.80300134 0.30213394
6.39734945 7.77385993 1.80535816 0.30653402
6.40094269 7.76876071 1.80773500 0.31100915
6.40456683 7.76361875 1.81013190 0.31556012
6.40822192 7.75843398 1.81254891 0.32018771
6.41190802 7.75320634 1.81498603 0.32489263
6.41562516 7.74793581 1.81744329 0.32967559
6.41937337 7.74262238 1.81992067 0.33453721
6.42315264 7.73726610 1.82241817 0.33947811
6.42696296 7.73186700 1.82493577 0.34449881
6.43080429 7.72642517 1.82747341 0.34959982
6.43467656 7.72094073 1.83003105 0.35478154
6.43857971 7.71541381 1.83260862 0.36004436
6.44251361 7.70984459 1.83520604 0.36538856
6.44647816 7.70423327 1.83782320 0.37081436
6.45047320 7.69858011 1.84045998 0.37632190
6.45449855 7.69288538 1.84311626 0.38191124
6.45855400 7.68714940 1.84579188 0.38758237
6.46263934 7.68137252 1.84848666 0.39333515
6.46675430 7.67555514 1.85120043 0.39916938
6.47089860 7.66969770 1.85393297 0.40508474
6.47507192 7.66380068 1.85668405 0.41108082
6.47927391 7.65786460 1.85945343 0.41715708
6.48350419 7.65189002 1.86224082 0.42331288
6.48776237 7.64587756 1.86504594 0.42954747
6.49204799 7.63982789 1.86786846 0.43585995
6.49636057 7.63374171 1.87070806 0.44224934
6.50069961 7.62761977 1.87356437 0.44871447
6.50506457 7.62146288 1.87643700 0.45525409
6.50945486 7.61527189 1.87932555 0.46186678
6.51386986 7.60904772 1.88222957 0.46855100
6.51830893 7.60279132 1.88514862 0.47530507
6.52277138 7.59650369 1.88808221 0.48212714
6.52725649 7.59018590 1.89102983 0.48901524
6.53176349 7.58383906 1.89399095 0.49596725
6.53629158 7.57746433 1.89696501 0.50298089
6.54083995 7.57106292 1.89995143 0.51005375
6.54540771 7.56463611 1.90294960 0.51718325
6.54999396 7.55818520 1.90595889 0.52436669
6.55459776 7.55171157 1.90897865 0.53160121
6.55921814 7.54521662 1.91200820 0.53888380
6.56385409 7.53870183 1.91504683 0.54621134
6.56850456 7.53216871 1.91809382 0.55358054
6.57316848 7.52561880 1.92114842 0.56098799
6.57784475 7.51905372 1.92420986 0.56843016
6.58253222 7.51247510 1.92727736 0.57590340
6.58722974 7.50588463 1.93035010 0.58340393
6.59193611 7.49928403 1.93342726 0.59092788
6.59665011 7.49267506 1.93650799 0.59847127
6.60137050 7.48605951 1.93959142 0.60603002
6.60609602 7.47943921 1.94267669 0.61359999
6.61082538 7.47281601 1.94576289 0.62117693
6.61555727 7.46619179 1.94884913 0.62875657
6.62029038 7.45956845 1.95193448 0.63633456
6.62502337 7.45294791 1.95501802 0.64390651
6.62975489 7.44633210 1.95809882 0.65146799
6.63448359 7.43972299 1.96117593 0.65901458
6.63920811 7.43312253 1.96424842 0.66654183
6.64392707 7.42653268 1.96731532 0.67404529
6.64863911 7.41995542 1.97037569 0.68152054
6.65334284 7.41339271 1.97342858 0.68896319
6.65803692 7.40684652 1.97647304 0.69636888
6.66271997 7.40031881 1.97950812 0.70373332
6.66739064 7.39381151 1.98253288 0.71105226
6.67204758 7.38732655 1.98554639 0.71832154
6.67668947 7.38086585 1.98854773 0.72553710
6.68131498 7.37443128 1.99153598 0.73269496
6.68592282 7.36802472 1.99451024 0.73979125
6.69051171 7.36164798 1.99746962 0.74682224
6.69508040 7.35530287 2.00041325 0.75378431
6.69962764 7.34899114 2.00334027 0.76067397
6.70415224 7.34271453 2.00624985 0.76748790
6.70865303 7.33647472 2.00914118 0.77422292
6.71312884 7.33027333 2.01201344 0.78087599
6.71757858 7.32411196 2.01486588 0.78744427
6.72200115 7.31799216 2.01769774 0.79392506
6.72639552 7.31191540 2.02050830 0.80031585
6.73076068 7.30588314 2.02329685 0.80661429
6.73509565 7.29989674 2.02606273 0.81281824
6.73939950 7.29395753 2.02880528 0.81892572
6.74367135 7.28806678 2.03152390 0.82493491
6.74791033 7.28222570 2.03421799 0.83084422
6.75211565 7.27643543 2.03688699 0.83665221
6.75628653 7.27069706 2.03953037 0.84235762
6.76042225 7.26501161 2.04214763 0.84795938
6.76452212 7.25938005 2.04473831 0.85345659
6.76858550 7.25380328 2.04730196 0.85884852
6.77261180 7.24828212 2.04983817 0.86413461
6.77660046 7.24281737 2.05234656 0.86931445
6.78055097 7.23740974 2.05482679 0.87438782
6.78446285 7.23205987 2.05727853 0.87935463
6.78833568 7.22676837 2.05970149 0.88421494
6.79216906 7.22153576 2.06209542 0.88896895
6.79596265 7.21636252 2.06446009 0.89361701
6.79971613 7.21124906 2.06679528 0.89815959
6.80342924 7.20619576 2.06910083 0.90259728
6.80710175 7.20120291 2.07137658 0.90693079
6.81073345 7.19627076 2.07362242 0.91116093
6.81432418 7.19139952 2.07583826 0.91528865
6.81787383 7.18658933 2.07802401 0.91931494
6.82138229 7.18184028 2.08017963 0.92324092
6.82484951 7.17715244 2.08230511 0.92706778
6.82827545 7.17252581 2.08440044 0.93079678
6.83166013 7.16796034 2.08646565 0.93442926
6.83500357 7.16345596 2.08850078 0.93796662
6.83830583 7.15901253 2.09050589 0.94141031
6.84156699 7.15462991 2.09248108 0.94476183
6.84478717 7.15030788 2.09442645 0.94802275
6.84796650 7.14604622 2.09634211 0.95119464
6.85110514 7.14184465 2.09822820 0.95427914
6.85420326 7.13770288 2.10008488 0.95727789
6.85726107 7.13362057 2.10191232 0.96019257
6.86027879 7.12959736 2.10371071 0.96302488
6.86325665 7.12563286 2.10548023 0.96577652
6.86619490 7.12172667 2.10722111 0.96844923
6.86909383 7.11787834 2.10893356 0.97104472
6.87195371 7.11408742 2.11061782 0.97356472
6.87477484 7.11035343 2.11227413 0.97601098
6.87755754 7.10667587 2.11390275 0.97838520
6.88030213 7.10305423 2.11550394 0.98068912
6.88300894 7.09948797 2.11707798 0.98292444
6.88567833 7.09597654 2.11862514 0.98509286
6.88831064 7.09251940 2.12014571 0.98719607
6.89090624 7.08911595 2.12163998 0.98923572
6.89346550 7.08576563 2.12310825 0.99121347
6.89598880 7.08246783 2.12455083 0.99313095
6.89847651 7.07922196 2.12596803 0.99498977
6.90092904 7.07602740 2.12736015 0.99679149
6.90334676 7.07288354 2.12872751 0.99853770
6.90573008 7.06978975 2.13007044 1.00022990
6.90807940 7.06674541 2.13138925 1.00186962
6.91039512 7.06374988 2.13268427 1.00345834
6.91267765 7.06080253 2.13395582 1.00499749
6.91492739 7.05790272 2.13520424 1.00648850
6.91714476 7.05504982 2.13642985 1.00793277
6.91933015 7.05224318 2.13763297 1.00933166
6.92148399 7.04948216 2.13881395 1.01068651
6.92360668 7.04676613 2.13997309 1.01199860
6.92569862 7.04409445 2.14111075 1.01326923
6.92776023 7.04146647 2.14222724 1.01449963
6.92979192 7.03888157 2.14332288 1.01569101
6.93179408 7.03633911 2.14439801 1.01684457
6.93376712 7.03383846 2.14545296 1.01796144
6.93571144 7.03137900 2.14648803 1.01904276
6.93762745 7.02896011 2.14750355 1.02008962
6.93951553 7.02658116 2.14849985 1.02110309
6.94137609 7.02424155 2.14947723 1.02208420
6.94320951 7.02194066 2.15043601 1.02303396
6.94501617 7.01967789 2.15137651 1.02395336
6.94679647 7.01745264 2.15229902 1.02484335
6.94855079 7.01526433 2.15320386 1.02570485
6.95027949 7.01311236 2.15409133 1.02653876
6.95198296 7.01099615 2.15496172 1.02734596
6.95366157 7.00891513 2.15581534 1.02812731
6.95531567 7.00686872 2.15665248 1.02888361
6.95694564 7.00485638 2.15747343 1.02961567
6.95855182 7.00287754 2.15827847 1.03032428
6.96013458 7.00093165 2.15906789 1.03101017
6.96169426 6.99901817 2.15984196 1.03167408
6.96323120 6.99713657 2.16060096 1.03231672
6.96474575 6.99528632 2.16134517 1.03293877
6.96623825 6.99346690 2.16207486 1.03354090
6.96770902 6.99167779 2.16279028 1.03412375
6.96915839 6.98991848 2.16349170 1.03468795
6.97058669 6.98818848 2.16417938 1.03523409
6.97199424 6.98648730 2.16485357 1.03576277
6.97338134 6.98481444 2.16551452 1.03627455
6.97474831 6.98316943 2.16616247 1.03676999
6.97609546 6.98155179 2.16679768 1.03724960
6.97742308 6.97996107 2.16742038 1.03771391
6.97873148 6.97839681 2.16803080 1.03816342
6.98002094 6.97685854 2.16862918 1.03859860
6.98129176 6.97534584 2.16921574 1.03901992
6.98254422 6.97385826 2.16979071 1.03942784
6.98377859 6.97239538 2.17035431 1.03982278
6.98499516 6.97095676 2.17090676 1.04020518
6.98619419 6.96954200 2.17144826 1.04057544
6.98737595 6.96815069 2.17197904 1.04093396
6.98854071 6.96678241 2.17249929 1.04128112
6.98968873 6.96543678 2.17300921 1.04161728
6.99082025 6.96411341 2.17350902 1.04194281
6.99193554 6.96281191 2.17399889 1.04225806
6.99303483 6.96153191 2.17447904 1.04256335
6.99411837 6.96027303 2.17494963 1.04285901
6.99518641 6.95903492 2.17541087 1.04314536
6.99623918 6.95781720 2.17586293 1.04342269
6.99727690 6.95661954 2.17630599 1.04369131
6.99829981 6.95544158 2.17674023 1.04395148
6.99930813 6.95428298 2.17716582 1.04420349
7.00030209 6.95314342 2.17758293 1.04444760
7.00128189 6.95202255 2.17799173 1.04468407
7.00224776 6.95092007 2.17839238 1.04491314
7.00319991 6.94983564 2.17878504 1.04513506
7.00413854 6.94876897 2.17916987 1.04535005
7.00506386 6.94771974 2.17954701 1.04555833
7.00597606 6.94668765 2.17991664 1.04576013
7.00687535 6.94567240 2.18027889 1.04595565
7.00776192 6.94467372 2.18063391 1.04614510
7.00863596 6.94369130 2.18098184 1.04632867
7.00949766 6.94272487 2.18132282 1.04650655
7.01034720 6.94177416 2.18165700 1.04667892
7.01118476 6.94083890 2.18198450 1.04684596
7.01201054 6.93991881 2.18230546 1.04700784
7.01282469 6.93901364 2.18262001 1.04716472
7.01362739 6.93812313 2.18292828 1.04731677
7.01441882 6.93724703 2.18323040 1.04746413
7.01519914 6.93638510 2.18352648 1.04760697
7.01596852 6.93553708 2.18381664 1.04774542
7.01672712 6.93470274 2.18410101 1.04787962
7.01747510 6.93388186 2.18437970 1.04800971
7.01821262 6.93307418 2.18465282 1.04813581
7.01893983 6.93227950 2.18492049 1.04825807
7.01965688 6.93149759 2.18518282 1.04837658
7.02036393 6.93072823 2.18543990 1.04849149
7.02106111 6.92997121 2.18569186 1.04860289
7.02174858 6.92922631 2.18593878 1.04871090
7.02242649 6.92849333 2.18618077 1.04881563
7.02309496 6.92777207 2.18641793 1.04891718
7.02375413 6.92706233 2.18665036 1.04901565
7.02440415 6.92636391 2.18687815 1.04911113
7.02504515 6.92567663 2.18710139 1.04920373
7.02567726 6.92500028 2.18732018 1.04929353
7.02630060 6.92433469 2.18753461 1.04938062
7.02691531 6.92367968 2.18774475 1.04946508
7.02752152 6.92303506 2.18795071 1.04954700
7.02811933 6.92240067 2.18815256 1.04962645
7.02870889 6.92177632 2.18835039 1.04970351
7.02929029 6.92116186 2.18854427 1.04977826
7.02986368 6.92055710 2.18873429 1.04985077
7.03042915 6.91996190 2.18892053 1.04992111
7.03098683 6.91937608 2.18910305 1.04998934
7.03153682 6.91879950 2.18928194 1.05005553
7.03207924 6.91823200 2.18945727 1.05011975
7.03261420 6.91767342 2.18962911 1.05018205
7.03314180 6.91712362 2.18979753 1.05024249
7.03366214 6.91658245 2.18996260 1.05030114
7.03417534 6.91604976 2.19012438 1.05035804
7.03468150 6.91552542 2.19028295 1.05041325
7.03518070 6.91500929 2.19043836 1.05046682
7.03567307 6.91450122 2.19059068 1.05051881
7.03615868 6.91400109 2.19073998 1.05056925
7.03663764 6.91350876 2.19088632 1.05061820
7.03711005 6.91302411 2.19102974 1.05066571
7.03757599 6.91254701 2.19117032 1.05071181
7.03803556 6.91207733 2.19130811 1.05075656
7.03848884 6.91161495 2.19144316 1.05079998
7.03893594 6.91115975 2.19157554 1.05084213
7.03937692 6.91071161 2.19170529 1.05088304
7.03981189 6.91027042 2.19183247 1.05092275
7.04024092 6.90983605 2.19195713 1.05096129
7.04066410 6.90940841 2.19207931 1.05099870
7.04108152 6.90898738 2.19219908 1.05103501
7.04149324 6.90857284 2.19231648 1.05107027
7.04189936 6.90816471 2.19243155 1.05110449
7.04229995 6.90776286 2.19254435 1.05113771
7.04269509 6.90736720 2.19265492 1.05116996
7.04308485 6.90697762 2.19276330 1.05120127
7.04346932 6.90659404 2.19286953 1.05123167
7.04384856 6.90621634 2.19297367 1.05126119
7.04422264 6.90584444 2.19307576 1.05128984
7.04459165 6.90547824 2.19317582 1.05131766
7.04495565 6.90511764 2.19327391 1.05134468
7.04531470 6.90476256 2.19337007 1.05137091
7.04566889 6.90441292 2.19346433 1.05139638
7.04601827 6.90406861 2.19355673 1.05142112
7.04636292 6.90372955 2.19364732 1.05144514
7.04670290 6.90339567 2.19373611 1.05146846
7.04703827 6.90306687 2.19382316 1.05149111
7.04736910 6.90274307 2.19390850 1.05151311
7.04769545 6.90242420 2.19399215 1.05153447
7.04801738 6.90211018 2.19407416 1.05155521
7.04833496 6.90180092 2.19415456 1.05157536
7.04864824 6.90149635 2.19423338 1.05159493
7.04895729 6.90119640 2.19431065 1.05161394
7.04926215 6.90090099 2.19438640 1.05163240
7.04956290 6.90061005 2.19446067 1.05165033
7.04985959 6.90032351 2.19453348 1.05166775
7.05015226 6.90004129 2.19460486 1.05168466
7.05044099 6.89976334 2.19467484 1.05170110
7.05072582 6.89948958 2.19474345 1.05171706
7.05100680 6.89921994 2.19481072 1.05173256
7.05128399 6.89895437 2.19487667 1.05174763
7.05155744 6.89869279 2.19494133 1.05176226
7.05182721 6.89843514 2.19500473 1.05177647
7.05209333 6.89818136 2.19506688 1.05179028
7.05235587 6.89793140 2.19512782 1.05180370
7.05261487 6.89768518 2.19518757 1.05181673
7.05287038 6.89744265 2.19524616 1.05182939
7.05312245 6.89720375 2.19530360 1.05184169
7.05337112 6.89696843 2.19535992 1.05185365
7.05361645 6.89673663 2.19541514 1.05186526
7.05385847 6.89650829 2.19546928 1.05187654
7.05409723 6.89628336 2.19552238 1.05188751
7.05433278 6.89606179 2.19557443 1.05189816
7.05456516 6.89584352 2.19562548 1.05190851
7.05479441 6.89562850 2.19567553 1.05191857
7.05502057 6.89541668 2.19572461 1.05192834
7.05524370 6.89520801 2.19577273 1.05193783
7.05546383 6.89500245 2.19581992 1.05194706
7.05568099 6.89479994 2.19586619 1.05195603
7.05589524 6.89460044 2.19591157 1.05196474
7.05610660 6.89440389 2.19595607 1.05197321
7.05631512 6.89421026 2.19599970 1.05198144
7.05652085 6.89401950 2.19604249 1.05198944
7.05672380 6.89383156 2.19608445 1.05199721
7.05692403 6.89364641 2.19612559 1.05200476
7.05712158 6.89346399 2.19616594 1.05201210
7.05731646 6.89328426 2.19620551 1.05201924
7.05750873 6.89310719 2.19624432 1.05202617
7.05769842 6.89293274 2.19628238 1.05203291
7.05788556 6.89276085 2.19631970 1.05203946
7.05807019 6.89259150 2.19635630 1.05204582
7.05825234 6.89242464 2.19639219 1.05205201
7.05843205 6.89226024 2.19642740 1.05205802
7.05860934 6.89209825 2.19646192 1.05206387
7.05878425 6.89193865 2.19649578 1.05206955
7.05895682 6.89178139 2.19652899 1.05207507
7.05912707 6.89162644 2.19656156 1.05208044
7.05929504 6.89147376 2.19659350 1.05208566
7.05946075 6.89132332 2.19662483 1.05209073
7.05962424 6.89117509 2.19665556 1.05209566
7.05978553 6.89102903 2.19668570 1.05210045
7.05994467 6.89088510 2.19671526 1.05210511
7.06010167 6.89074328 2.19674425 1.05210964
7.06025656 6.89060353 2.19677269 1.05211404
7.06040937 6.89046583 2.19680059 1.05211832
7.06056014 6.89033013 2.19682794 1.05212248
7.06070889 6.89019642 2.19685478 1.05212652
7.06085564 6.89006465 2.19688110 1.05213045
7.06100042 6.88993481 2.19690692 1.05213427
7.06114326 6.88980686 2.19693225 1.05213799
7.06128419 6.88968077 2.19695709 1.05214160
7.06142322 6.88955652 2.19698146 1.05214511
7.06156040 6.88943407 2.19700537 1.05214853
7.06169573 6.88931340 2.19702882 1.05215185
7.06182925 6.88919449 2.19705182 1.05215507
7.06196098 6.88907730 2.19707438 1.05215821
7.06209095 6.88896182 2.19709652 1.05216126
7.06221917 6.88884801 2.19711824 1.05216423
7.06234568 6.88873584 2.19713954 1.05216711
7.06247049 6.88862531 2.19716044 1.05216991
7.06259362 6.88851637 2.19718094 1.05217264
7.06271511 6.88840902 2.19720105 1.05217529
7.06283497 6.88830321 2.19722078 1.05217787
7.06295322 6.88819894 2.19724014 1.05218037
7.06306989 6.88809617 2.19725913 1.05218281
7.06318499 6.88799488 2.19727776 1.05218518
7.06329855 6.88789506 2.19729604 1.05218748
7.06341059 6.88779668 2.19731398 1.05218972
7.06352113 6.88769972 2.19733157 1.05219190
7.06363019 6.88760416 2.19734883 1.05219402
7.06373779 6.88750997 2.19736577 1.05219607
7.06384394 6.88741714 2.19738239 1.05219808
7.06394867 6.88732565 2.19739870 1.05220002
7.06405200 6.88723547 2.19741470 1.05220192
7.06415394 6.88714660 2.19743039 1.05220376
7.06425452 6.88705899 2.19744580 1.05220555
7.06435375 6.88697265 2.19746091 1.05220729
7.06445165 6.88688755 2.19747574 1.05220898
7.06454824 6.88680367 2.19749029 1.05221063
7.06464353 6.88672099 2.19750457 1.05221223
7.06473755 6.88663950 2.19751858 1.05221379
7.06483031 6.88655918 2.19753233 1.05221530
7.06492182 6.88648001 2.19754582 1.05221677
7.06501211 6.88640197 2.19755905 1.05221820
7.06510119 6.88632505 2.19757205 1.05221960
7.06518907 6.88624924 2.19758479 1.05222095
7.06527578 6.88617450 2.19759730 1.05222227
7.06536132 6.88610084 2.19760958 1.05222355
7.06544572 6.88602823 2.19762163 1.05222479
7.06552898 6.88595665 2.19763345 1.05222600
7.06561114 6.88588610 2.19764506 1.05222718
7.06569219 6.88581656 2.19765644 1.05222833
7.06577215 6.88574801 2.19766762 1.05222944
7.06585104 6.88568044 2.19767859 1.05223052
7.06592887 6.88561383 2.19768935 1.05223158
7.06600566 6.88554817 2.19769991 1.05223260
7.06608143 6.88548344 2.19771028 1.05223360
7.06615617 6.88541964 2.19772046 1.05223457
7.06622992 6.88535675 2.19773045 1.05223551
7.06630267 6.88529475 2.19774025 1.05223643
7.06637445 6.88523363 2.19774987 1.05223732
7.06644527 6.88517339 2.19775932 1.05223819
7.06651514 6.88511400 2.19776859 1.05223903
7.06658407 6.88505545 2.19777768 1.05223985
7.06665208 6.88499773 2.19778661 1.05224065
7.06671917 6.88494084 2.19779538 1.05224143
7.06678537 6.88488475 2.19780399 1.05224218
7.06685068 6.88482946 2.19781243 1.05224292
7.06691511 6.88477496 2.19782072 1.05224363
7.06697868 6.88472122 2.19782886 1.05224432
7.06704139 6.88466825 2.19783685 1.05224500
7.06710327 6.88461603 2.19784469 1.05224566
7.06716431 6.88456455 2.19785239 1.05224630
7.06722454 6.88451380 2.19785995 1.05224692
7.06728396 6.88446376 2.19786737 1.05224752
7.06734258 6.88441444 2.19787465 1.05224811
7.06740041 6.88436581 2.19788180 1.05224868
7.06745747 6.88431787 2.19788882 1.05224924
7.06751377 6.88427061 2.19789571 1.05224978
7.06756931 6.88422402 2.19790248 1.05225031
7.06762410 6.88417808 2.19790912 1.05225082
7.06767816 6.88413280 2.19791564 1.05225132
7.06773149 6.88408815 2.19792204 1.05225180
7.06778411 6.88404413 2.19792833 1.05225227
7.06783602 6.88400074 2.19793450 1.05225273
7.06788724 6.88395796 2.19794056 1.05225318
7.06793776 6.88391578 2.19794651 1.05225361
7.06798761 6.88387419 2.19795235 1.05225403
7.06803679 6.88383319 2.19795808 1.05225444
7.06808531 6.88379277 2.19796372 1.05225484
7.06813318 6.88375292 2.19796925 1.05225523
7.06818041 6.88371363 2.19797468 1.05225561
7.06822700 6.88367490 2.19798001 1.05225598
7.06827297 6.88363670 2.19798524 1.05225633
7.06831832 6.88359905 2.19799038 1.05225668
7.06836306 6.88356193 2.19799543 1.05225702
7.06840720 6.88352532 2.19800039 1.05225735
7.06845075 6.88348923 2.19800526 1.05225767
7.06849372 6.88345365 2.19801004 1.05225798
7.06853610 6.88341857 2.19801473 1.05225828
7.06857792 6.88338399 2.19801934 1.05225858
7.06861918 6.88334988 2.19802387 1.05225886
7.06865988 6.88331626 2.19802831 1.05225914
7.06870003 6.88328311 2.19803268 1.05225941
7.06873965 6.88325042 2.19803697 1.05225968
7.06877873 6.88321820 2.19804118 1.05225993
7.06881729 6.88318642 2.19804531 1.05226018
7.06885533 6.88315509 2.19804938 1.05226043
7.06889286 6.88312420 2.19805337 1.05226066
7.06892989 6.88309374 2.19805728 1.05226089
7.06896642 6.88306371 2.19806113 1.05226112
7.06900245 6.88303410 2.19806491 1.05226133
7.06903801 6.88300491 2.19806862 1.05226155
7.06907308 6.88297612 2.19807227 1.05226175
7.06910769 6.88294773 2.19807585 1.05226195
7.06914183 6.88291975 2.19807937 1.05226215
7.06917551 6.88289215 2.19808283 1.05226234
7.06920873 6.88286494 2.19808622 1.05226252
7.06924152 6.88283812 2.19808955 1.05226270
7.06927386 6.88281166 2.19809283 1.05226287
7.06930576 6.88278558 2.19809605 1.05226304
7.06933724 6.88275986 2.19809921 1.05226321
7.06936829 6.88273450 2.19810231 1.05226337
7.06939893 6.88270949 2.19810536 1.05226353
7.06942915 6.88268484 2.19810836 1.05226368
7.06945897 6.88266053 2.19811130 1.05226383
7.06948839 6.88263655 2.19811419 1.05226397
7.06951741 6.88261291 2.19811703 1.05226411
7.06954604 6.88258961 2.19811982 1.05226425
7.06957429 6.88256662 2.19812256 1.05226438
7.06960215 6.88254396 2.19812526 1.05226451
7.06962965 6.88252161 2.19812790 1.05226463
7.06965677 6.88249958 2.19813050 1.05226475
7.06968352 6.88247785 2.19813306 1.05226487
7.06970992 6.88245643 2.19813557 1.05226499
7.06973596 6.88243530 2.19813803 1.05226510
7.06976166 6.88241447 2.19814046 1.05226521
7.06978700 6.88239393 2.19814284 1.05226532
7.06981201 6.88237367 2.19814518 1.05226542
7.06983668 6.88235370 2.19814747 1.05226552
7.06986101 6.88233400 2.19814973 1.05226562
7.06988502 6.88231458 2.19815195 1.05226571
7.06990871 6.88229543 2.19815413 1.05226581
7.06993207 6.88227654 2.19815627 1.05226590
7.06995513 6.88225792 2.19815838 1.05226598
7.06997787 6.88223955 2.19816045 1.05226607
7.07000031 6.88222145 2.19816248 1.05226615
7.07002244 6.88220359 2.19816448 1.05226623
7.07004428 6.88218598 2.19816644 1.05226631
7.07006582 6.88216862 2.19816837 1.05226639
7.07008707 6.88215149 2.19817026 1.05226646
7.07010804 6.88213461 2.19817213 1.05226653
7.07012872 6.88211796 2.19817396 1.05226660
7.07014913 6.88210154 2.19817576 1.05226667
7.07016926 6.88208535 2.19817753 1.05226674
7.07018912 6.88206938 2.19817926 1.05226680
7.07020871 6.88205364 2.19818097 1.05226687
7.07022804 6.88203811 2.19818265 1.05226693
7.07024711 6.88202280 2.19818430 1.05226699
7.07026592 6.88200770 2.19818592 1.05226705
7.07028448 6.88199281 2.19818752 1.05226710
7.07030279 6.88197813 2.19818908 1.05226716
7.07032085 6.88196365 2.19819062 1.05226721
7.07033867 6.88194937 2.19819214 1.05226726
7.07035624 6.88193529 2.19819362 1.05226731
7.07037359 6.88192141 2.19819509 1.05226736
7.07039069 6.88190772 2.19819652 1.05226741
7.07040757 6.88189421 2.19819794 1.05226746
7.07042422 6.88188090 2.19819933 1.05226750
7.07044065 6.88186777 2.19820069 1.05226755
7.07045685 6.88185482 2.19820203 1.05226759
7.07047284 6.88184205 2.19820335 1.05226763
7.07048861 6.88182945 2.19820465 1.05226767
7.07050416 6.88181703 2.19820592 1.05226771
7.07051951 6.88180479 2.19820718 1.05226775
7.07053465 6.88179271 2.19820841 1.05226779
7.07054959 6.88178080 2.19820962 1.05226782
7.07056433 6.88176905 2.19821081 1.05226786
7.07057886 6.88175747 2.19821198 1.05226789
7.07059320 6.88174604 2.19821313 1.05226793
7.07060735 6.88173478 2.19821426 1.05226796
7.07062131 6.88172367 2.19821538 1.05226799
7.07063508 6.88171271 2.19821647 1.05226802
7.07064866 6.88170191 2.19821755 1.05226805
7.07066206 6.88169125 2.19821860 1.05226808
7.07067528 6.88168074 2.19821964 1.05226811
7.07068832 6.88167038 2.19822066 1.05226814
7.07070119 6.88166016 2.19822167 1.05226816
7.07071388 6.88165008 2.19822266 1.05226819
7.07072640 6.88164014 2.19822363 1.05226822
7.07073875 6.88163034 2.19822458 1.05226824
7.07075093 6.88162067 2.19822552 1.05226827
7.07076295 6.88161114 2.19822645 1.05226829
7.07077481 6.88160174 2.19822736 1.05226831
7.07078651 6.88159247 2.19822825 1.05226833
7.07079805 6.88158332 2.19822913 1.05226836
7.07080944 6.88157430 2.19822999 1.05226838
7.07082067 6.88156541 2.19823084 1.05226840
7.07083175 6.88155664 2.19823168 1.05226842
7.07084268 6.88154799 2.19823250 1.05226844
7.07085346 6.88153946 2.19823330 1.05226845
7.07086410 6.88153105 2.19823410 1.05226847
7.07087459 6.88152275 2.19823488 1.05226849
7.07088494 6.88151457 2.19823565 1.05226851
7.07089516 6.88150650 2.19823640 1.05226853
7.07090523 6.88149854 2.19823715 1.05226854
7.07091517 6.88149069 2.19823788 1.05226856
7.07092497 6.88148295 2.19823860 1.05226857
7.07093465 6.88147531 2.19823930 1.05226859
7.07094419 6.88146779 2.19824000 1.05226860
7.07095360 6.88146036 2.19824068 1.05226862
7.07096289 6.88145304 2.19824136 1.05226863
7.07097205 6.88144582 2.19824202 1.05226864
7.07098108 6.88143869 2.19824267 1.05226866
7.07099000 6.88143167 2.19824331 1.05226867
7.07099879 6.88142474 2.19824394 1.05226868
7.07100747 6.88141791 2.19824456 1.05226870
7.07101603 6.88141117 2.19824517 1.05226871
7.07102447 6.88140453 2.19824577 1.05226872
7.07103280 6.88139797 2.19824636 1.05226873
7.07104101 6.88139151 2.19824694 1.05226874
7.07104912 6.88138513 2.19824751 1.05226875
7.07105711 6.88137885 2.19824807 1.05226876
7.07106500 6.88137264 2.19824862 1.05226877
