9.98408780 2.80709440 1.32149283
9.97642088 2.80817786 1.32744600
9.96887053 2.80930249 1.33323197
9.96143581 2.81046779 1.33885506
9.95411571 2.81167323 1.34431964
9.94690916 2.81291829 1.34963008
9.93981502 2.81420242 1.35479073
9.93283210 2.81552506 1.35980594
9.92595917 2.81688565 1.36468001
9.91919494 2.81828363 1.36941722
9.91253809 2.81971841 1.37402178
9.90598728 2.82118942 1.37849786
9.89954112 2.82269606 1.38284955
9.89319821 2.82423775 1.38708087
9.88695712 2.82581390 1.39119578
9.88081644 2.82742392 1.39519812
9.87477469 2.82906722 1.39909169
9.86883044 2.83074319 1.40288016
9.86298222 2.83245126 1.40656714
9.85722856 2.83419083 1.41015613
9.85156801 2.83596133 1.41365054
9.84599911 2.83776215 1.41705369
9.84052041 2.83959273 1.42036878
9.83513045 2.84145249 1.42359895
9.82982782 2.84334085 1.42674723
9.82461109 2.84525726 1.42981653
9.81947884 2.84720114 1.43280970
9.81442969 2.84917195 1.43572949
9.80946225 2.85116912 1.43857854
9.80457516 2.85319211 1.44135941
9.79976708 2.85524039 1.44407459
9.79503668 2.85731342 1.44672646
9.79038266 2.85941066 1.44931732
9.78580373 2.86153161 1.45184938
9.78129863 2.86367573 1.45432480
9.77686612 2.86584253 1.45674562
9.77250496 2.86803150 1.45911383
9.76821396 2.87024214 1.46143134
9.76399195 2.87247397 1.46369998
9.75983777 2.87472650 1.46592153
9.75575028 2.87699925 1.46809768
9.75172837 2.87929175 1.47023006
9.74777096 2.88160355 1.47232025
9.74387698 2.88393417 1.47436975
9.74004538 2.88628317 1.47638000
9.73627514 2.88865010 1.47835242
9.73256526 2.89103453 1.48028832
9.72891476 2.89343602 1.48218899
9.72532268 2.89585415 1.48405567
9.72178809 2.89828849 1.48588954
9.71831007 2.90073863 1.48769174
9.71488772 2.90320416 1.48946335
9.71152018 2.90568467 1.49120541
9.70820658 2.90817978 1.49291895
9.70494609 2.91068908 1.49460491
9.70173789 2.91321220 1.49626422
9.69858119 2.91574874 1.49789776
9.69547519 2.91829834 1.49950640
9.69241916 2.92086063 1.50109094
9.68941233 2.92343524 1.50265216
9.68645398 2.92602181 1.50419083
9.68354340 2.92861999 1.50570765
9.68067989 2.93122943 1.50720332
9.67786279 2.93384978 1.50867851
9.67509142 2.93648070 1.51013384
9.67236514 2.93912187 1.51156994
9.66968331 2.94177294 1.51298738
9.66704533 2.94443360 1.51438672
9.66445057 2.94710352 1.51576852
9.66189846 2.94978239 1.51713328
9.65938841 2.95246989 1.51848150
9.65691987 2.95516572 1.51981366
9.65449227 2.95786958 1.52113022
9.65210508 2.96058117 1.52243162
9.64975776 2.96330019 1.52371827
9.64744981 2.96602635 1.52499059
9.64518071 2.96875936 1.52624897
9.64294998 2.97149895 1.52749377
9.64075712 2.97424484 1.52872536
9.63860165 2.97699674 1.52994408
9.63648312 2.97975440 1.53115027
9.63440107 2.98251755 1.53234424
9.63235504 2.98528591 1.53352630
9.63034461 2.98805924 1.53469675
9.62836934 2.99083728 1.53585587
9.62642880 2.99361978 1.53700393
9.62452259 2.99640648 1.53814119
9.62265030 2.99919715 1.53926791
9.62081152 3.00199154 1.54038434
9.61900587 3.00478943 1.54149070
9.61723296 3.00759056 1.54258722
9.61549241 3.01039471 1.54367411
9.61378385 3.01320167 1.54475160
9.61210691 3.01601119 1.54581987
9.61046123 3.01882307 1.54687913
9.60884645 3.02163708 1.54792955
9.60726223 3.02445301 1.54897133
9.60570822 3.02727065 1.55000464
9.60418407 3.03008979 1.55102963
9.60268947 3.03291023 1.55204649
9.60122406 3.03573177 1.55305536
9.59978754 3.03855421 1.55405639
9.59837958 3.04137735 1.55504973
9.59699985 3.04420100 1.55603552
9.59564805 3.04702497 1.55701390
9.59432386 3.04984908 1.55798499
9.59302699 3.05267314 1.55894893
9.59175712 3.05549697 1.55990585
9.59051396 3.05832039 1.56085585
9.58929721 3.06114323 1.56179905
9.58810659 3.06396532 1.56273556
9.58694178 3.06678648 1.56366550
9.58580252 3.06960655 1.56458896
9.58468852 3.07242537 1.56550605
9.58359949 3.07524276 1.56641686
9.58253516 3.07805859 1.56732149
9.58149524 3.08087268 1.56822003
9.58047947 3.08368488 1.56911257
9.57948757 3.08649505 1.56999918
9.57851927 3.08930303 1.57087997
9.57757430 3.09210867 1.57175500
9.57665240 3.09491184 1.57262435
9.57575330 3.09771238 1.57348810
9.57487674 3.10051017 1.57434632
9.57402247 3.10330506 1.57519908
9.57319021 3.10609692 1.57604645
9.57237972 3.10888561 1.57688849
9.57159074 3.11167101 1.57772528
9.57082301 3.11445298 1.57855686
9.57007629 3.11723141 1.57938330
9.56935032 3.12000616 1.58020466
9.56864486 3.12277711 1.58102100
9.56795965 3.12554415 1.58183236
9.56729445 3.12830716 1.58263880
9.56664901 3.13106601 1.58344038
9.56602310 3.13382060 1.58423713
9.56541647 3.13657082 1.58502911
9.56482887 3.13931655 1.58581636
9.56426007 3.14205768 1.58659893
9.56370984 3.14479411 1.58737685
9.56317793 3.14752574 1.58815018
9.56266410 3.15025246 1.58891894
9.56216813 3.15297416 1.58968318
9.56168978 3.15569076 1.59044293
9.56122882 3.15840215 1.59119823
9.56078501 3.16110824 1.59194912
9.56035813 3.16380893 1.59269562
9.55994795 3.16650413 1.59343777
9.55955424 3.16919375 1.59417560
9.55917677 3.17187769 1.59490913
9.55881533 3.17455588 1.59563840
9.55846968 3.17722822 1.59636343
9.55813961 3.17989463 1.59708424
9.55782488 3.18255502 1.59780087
9.55752529 3.18520932 1.59851334
9.55724062 3.18785744 1.59922166
9.55697064 3.19049930 1.59992586
9.55671514 3.19313482 1.60062596
9.55647390 3.19576394 1.60132199
9.55624672 3.19838656 1.60201395
9.55603337 3.20100263 1.60270187
9.55583365 3.20361206 1.60338577
9.55564734 3.20621478 1.60406565
9.55547425 3.20881072 1.60474154
9.55531415 3.21139983 1.60541346
9.55516685 3.21398201 1.60608141
9.55503213 3.21655722 1.60674540
9.55490981 3.21912538 1.60740546
9.55479966 3.22168644 1.60806159
9.55470150 3.22424031 1.60871380
9.55461512 3.22678696 1.60936211
9.55454033 3.22932631 1.61000653
9.55447693 3.23185830 1.61064706
9.55442472 3.23438287 1.61128371
9.55438351 3.23689998 1.61191649
9.55435312 3.23940955 1.61254541
9.55433333 3.24191154 1.61317048
9.55432398 3.24440589 1.61379171
9.55432487 3.24689254 1.61440909
9.55433581 3.24937145 1.61502264
9.55435662 3.25184255 1.61563237
9.55438712 3.25430581 1.61623827
9.55442713 3.25676117 1.61684035
9.55447646 3.25920858 1.61743862
9.55453493 3.26164800 1.61803309
9.55460238 3.26407937 1.61862375
9.55467862 3.26650265 1.61921061
9.55476348 3.26891779 1.61979367
9.55485679 3.27132476 1.62037294
9.55495838 3.27372350 1.62094842
9.55506807 3.27611398 1.62152011
9.55518571 3.27849615 1.62208802
9.55531113 3.28086997 1.62265215
9.55544416 3.28323540 1.62321250
9.55558464 3.28559240 1.62376908
9.55573241 3.28794094 1.62432188
9.55588731 3.29028097 1.62487091
9.55604918 3.29261246 1.62541618
9.55621787 3.29493538 1.62595767
9.55639323 3.29724968 1.62649541
9.55657510 3.29955534 1.62702938
9.55676333 3.30185231 1.62755959
9.55695777 3.30414057 1.62808604
9.55715828 3.30642008 1.62860874
9.55736471 3.30869082 1.62912769
9.55757691 3.31095275 1.62964289
9.55779476 3.31320585 1.63015434
9.55801809 3.31545008 1.63066205
9.55824678 3.31768541 1.63116601
9.55848070 3.31991182 1.63166624
9.55871969 3.32212928 1.63216273
9.55896364 3.32433777 1.63265549
9.55921241 3.32653726 1.63314452
9.55946586 3.32872772 1.63362983
9.55972388 3.33090913 1.63411141
9.55998633 3.33308148 1.63458928
9.56025310 3.33524473 1.63506343
9.56052404 3.33739886 1.63553387
9.56079906 3.33954386 1.63600061
9.56107802 3.34167970 1.63646365
9.56136080 3.34380637 1.63692299
9.56164730 3.34592384 1.63737865
9.56193739 3.34803210 1.63783062
9.56223097 3.35013112 1.63827891
9.56252791 3.35222091 1.63872353
9.56282812 3.35430142 1.63916448
9.56313148 3.35637267 1.63960177
9.56343789 3.35843461 1.64003541
9.56374724 3.36048726 1.64046540
9.56405943 3.36253058 1.64089175
9.56437436 3.36456457 1.64131448
9.56469192 3.36658922 1.64173357
9.56501202 3.36860451 1.64214906
9.56533456 3.37061044 1.64256093
9.56565944 3.37260699 1.64296921
9.56598658 3.37459416 1.64337390
9.56631588 3.37657193 1.64377501
9.56664724 3.37854031 1.64417255
9.56698059 3.38049928 1.64456653
9.56731583 3.38244883 1.64495696
9.56765287 3.38438897 1.64534384
9.56799163 3.38631968 1.64572720
9.56833203 3.38824096 1.64610704
9.56867399 3.39015281 1.64648338
9.56901742 3.39205522 1.64685622
9.56936224 3.39394820 1.64722557
9.56970839 3.39583173 1.64759146
9.57005578 3.39770582 1.64795388
9.57040433 3.39957047 1.64831286
9.57075398 3.40142568 1.64866841
9.57110466 3.40327144 1.64902054
9.57145628 3.40510776 1.64936926
9.57180879 3.40693465 1.64971459
9.57216211 3.40875210 1.65005654
9.57251618 3.41056012 1.65039513
9.57287093 3.41235870 1.65073037
9.57322630 3.41414786 1.65106228
9.57358223 3.41592760 1.65139087
9.57393865 3.41769793 1.65171615
9.57429550 3.41945885 1.65203815
9.57465273 3.42121036 1.65235688
9.57501028 3.42295248 1.65267235
9.57536809 3.42468521 1.65298458
9.57572610 3.42640857 1.65329358
9.57608427 3.42812255 1.65359939
9.57644253 3.42982717 1.65390200
9.57680083 3.43152244 1.65420144
9.57715914 3.43320837 1.65449773
9.57751738 3.43488498 1.65479088
9.57787553 3.43655226 1.65508092
9.57823352 3.43821024 1.65536785
9.57859131 3.43985893 1.65565170
9.57894887 3.44149834 1.65593248
9.57930613 3.44312849 1.65621023
9.57966307 3.44474938 1.65648494
9.58001963 3.44636104 1.65675665
9.58037577 3.44796347 1.65702537
9.58073147 3.44955670 1.65729112
9.58108667 3.45114074 1.65755392
9.58144133 3.45271561 1.65781379
9.58179543 3.45428133 1.65807075
9.58214892 3.45583790 1.65832481
9.58250176 3.45738536 1.65857601
9.58285393 3.45892372 1.65882436
9.58320539 3.46045299 1.65906987
9.58355611 3.46197321 1.65931258
9.58390605 3.46348438 1.65955249
9.58425518 3.46498653 1.65978964
9.58460347 3.46647968 1.66002403
9.58495090 3.46796385 1.66025570
9.58529743 3.46943906 1.66048466
9.58564304 3.47090534 1.66071093
9.58598769 3.47236270 1.66093454
9.58633137 3.47381118 1.66115550
9.58667404 3.47525078 1.66137383
9.58701569 3.47668155 1.66158956
9.58735628 3.47810350 1.66180271
9.58769579 3.47951665 1.66201330
9.58803421 3.48092103 1.66222135
9.58837150 3.48231667 1.66242688
9.58870765 3.48370358 1.66262991
9.58904264 3.48508181 1.66283047
9.58937645 3.48645137 1.66302857
9.58970905 3.48781229 1.66322424
9.59004043 3.48916459 1.66341749
9.59037056 3.49050831 1.66360835
9.59069944 3.49184348 1.66379684
9.59102705 3.49317011 1.66398299
9.59135336 3.49448824 1.66416680
9.59167837 3.49579789 1.66434831
9.59200205 3.49709910 1.66452753
9.59232440 3.49839190 1.66470449
9.59264539 3.49967631 1.66487921
9.59296502 3.50095236 1.66505170
9.59328327 3.50222009 1.66522200
9.59360013 3.50347952 1.66539011
9.59391559 3.50473068 1.66555607
9.59422963 3.50597361 1.66571988
9.59454224 3.50720833 1.66588158
9.59485342 3.50843488 1.66604119
9.59516316 3.50965329 1.66619872
9.59547143 3.51086359 1.66635419
9.59577825 3.51206581 1.66650763
9.59608358 3.51325999 1.66665906
9.59638744 3.51444615 1.66680849
9.59668980 3.51562433 1.66695596
9.59699067 3.51679456 1.66710147
9.59729003 3.51795687 1.66724505
9.59758787 3.51911131 1.66738671
9.59788420 3.52025789 1.66752649
9.59817901 3.52139666 1.66766439
9.59847228 3.52252764 1.66780045
9.59876402 3.52365088 1.66793467
9.59905422 3.52476640 1.66806708
9.59934288 3.52587424 1.66819770
9.59962998 3.52697444 1.66832654
9.59991553 3.52806702 1.66845363
9.60019953 3.52915203 1.66857899
9.60048196 3.53022949 1.66870263
9.60076284 3.53129944 1.66882458
9.60104215 3.53236193 1.66894485
9.60131989 3.53341697 1.66906347
9.60159606 3.53446461 1.66918044
9.60187066 3.53550489 1.66929580
9.60214369 3.53653783 1.66940955
9.60241514 3.53756347 1.66952172
9.60268502 3.53858185 1.66963232
9.60295332 3.53959301 1.66974138
9.60322005 3.54059698 1.66984891
9.60348520 3.54159379 1.66995493
9.60374877 3.54258348 1.67005945
9.60401077 3.54356609 1.67016250
9.60427119 3.54454166 1.67026410
9.60453004 3.54551021 1.67036425
9.60478732 3.54647179 1.67046298
9.60504302 3.54742643 1.67056030
9.60529715 3.54837416 1.67065623
9.60554971 3.54931503 1.67075079
9.60580071 3.55024907 1.67084400
9.60605014 3.55117632 1.67093587
9.60629800 3.55209681 1.67102641
9.60654431 3.55301057 1.67111565
9.60678906 3.55391765 1.67120360
9.60703225 3.55481809 1.67129028
9.60727388 3.55571191 1.67137569
9.60751397 3.55659915 1.67145987
9.60775251 3.55747985 1.67154282
9.60798951 3.55835405 1.67162456
9.60822496 3.55922179 1.67170510
9.60845888 3.56008309 1.67178446
9.60869127 3.56093800 1.67186266
9.60892213 3.56178655 1.67193971
9.60915146 3.56262877 1.67201562
9.60937927 3.56346472 1.67209041
9.60960557 3.56429441 1.67216410
9.60983036 3.56511789 1.67223669
9.61005363 3.56593519 1.67230821
9.61027541 3.56674635 1.67237866
9.61049568 3.56755140 1.67244806
9.61071447 3.56835039 1.67251643
9.61093176 3.56914334 1.67258377
9.61114757 3.56993029 1.67265011
9.61136191 3.57071129 1.67271545
9.61157477 3.57148635 1.67277981
9.61178616 3.57225553 1.67284320
9.61199609 3.57301886 1.67290564
9.61220457 3.57377636 1.67296713
9.61241159 3.57452808 1.67302770
9.61261717 3.57527406 1.67308734
9.61282131 3.57601432 1.67314609
9.61302402 3.57674891 1.67320393
9.61322529 3.57747785 1.67326090
9.61342515 3.57820119 1.67331700
9.61362359 3.57891895 1.67337225
9.61382062 3.57963119 1.67342665
9.61401625 3.58033791 1.67348021
9.61421048 3.58103918 1.67353296
9.61440332 3.58173501 1.67358490
9.61459477 3.58242544 1.67363603
9.61478484 3.58311051 1.67368638
9.61497355 3.58379026 1.67373596
9.61516088 3.58446471 1.67378476
9.61534686 3.58513390 1.67383282
9.61553149 3.58579786 1.67388013
9.61571477 3.58645664 1.67392670
9.61589671 3.58711025 1.67397255
9.61607731 3.58775875 1.67401769
9.61625659 3.58840215 1.67406213
9.61643455 3.58904050 1.67410587
9.61661120 3.58967382 1.67414893
9.61678655 3.59030216 1.67419132
9.61696059 3.59092554 1.67423305
9.61713334 3.59154400 1.67427412
9.61730481 3.59215756 1.67431454
9.61747499 3.59276627 1.67435433
9.61764391 3.59337016 1.67439350
9.61781156 3.59396925 1.67443205
9.61797795 3.59456359 1.67446999
9.61814309 3.59515320 1.67450733
9.61830699 3.59573811 1.67454409
9.61846965 3.59631837 1.67458026
9.61863108 3.59689399 1.67461585
9.61879129 3.59746501 1.67465089
9.61895028 3.59803147 1.67468537
9.61910806 3.59859339 1.67471929
9.61926464 3.59915081 1.67475268
9.61942003 3.59970376 1.67478554
9.61957422 3.60025227 1.67481787
9.61972724 3.60079636 1.67484969
9.61987908 3.60133608 1.67488100
9.62002975 3.60187145 1.67491181
9.62017927 3.60240250 1.67494212
9.62032763 3.60292927 1.67497195
9.62047484 3.60345178 1.67500130
9.62062092 3.60397006 1.67503018
9.62076586 3.60448415 1.67505860
9.62090968 3.60499407 1.67508655
9.62105238 3.60549985 1.67511406
9.62119397 3.60600153 1.67514112
9.62133446 3.60649913 1.67516775
9.62147384 3.60699268 1.67519394
9.62161214 3.60748221 1.67521971
9.62174936 3.60796776 1.67524507
9.62188549 3.60844934 1.67527001
9.62202056 3.60892699 1.67529455
9.62215457 3.60940074 1.67531869
9.62228752 3.60987061 1.67534244
9.62241942 3.61033664 1.67536580
9.62255027 3.61079884 1.67538878
9.62268010 3.61125726 1.67541139
9.62280889 3.61171192 1.67543363
9.62293667 3.61216284 1.67545550
9.62306342 3.61261005 1.67547702
9.62318917 3.61305358 1.67549819
9.62331392 3.61349346 1.67551901
9.62343768 3.61392972 1.67553949
9.62356044 3.61436238 1.67555963
9.62368223 3.61479146 1.67557944
9.62380304 3.61521700 1.67559893
9.62392288 3.61563903 1.67561810
9.62404176 3.61605756 1.67563695
9.62415969 3.61647262 1.67565549
9.62427666 3.61688425 1.67567373
9.62439270 3.61729246 1.67569166
9.62450780 3.61769729 1.67570930
9.62462197 3.61809875 1.67572665
9.62473522 3.61849688 1.67574371
9.62484756 3.61889169 1.67576049
9.62495898 3.61928322 1.67577700
9.62506951 3.61967149 1.67579322
9.62517913 3.62005652 1.67580918
9.62528787 3.62043834 1.67582488
9.62539572 3.62081697 1.67584031
9.62550269 3.62119244 1.67585549
9.62560879 3.62156477 1.67587042
9.62571403 3.62193399 1.67588510
9.62581841 3.62230011 1.67589953
9.62592193 3.62266317 1.67591372
9.62602461 3.62302319 1.67592768
9.62612645 3.62338019 1.67594141
9.62622746 3.62373419 1.67595490
9.62632763 3.62408522 1.67596817
9.62642698 3.62443330 1.67598122
9.62652552 3.62477846 1.67599405
9.62662325 3.62512071 1.67600666
9.62672017 3.62546008 1.67601907
9.62681629 3.62579659 1.67603126
9.62691163 3.62613026 1.67604326
9.62700617 3.62646113 1.67605505
9.62709993 3.62678919 1.67606664
9.62719292 3.62711449 1.67607804
9.62728514 3.62743705 1.67608925
9.62737660 3.62775687 1.67610026
9.62746729 3.62807399 1.67611110
9.62755724 3.62838843 1.67612175
9.62764644 3.62870020 1.67613222
9.62773490 3.62900933 1.67614251
9.62782262 3.62931585 1.67615264
9.62790961 3.62961976 1.67616259
9.62799588 3.62992109 1.67617237
9.62808143 3.63021987 1.67618199
9.62816626 3.63051610 1.67619144
9.62825039 3.63080982 1.67620074
9.62833381 3.63110104 1.67620988
9.62841654 3.63138979 1.67621886
9.62849858 3.63167607 1.67622769
9.62857993 3.63195992 1.67623637
9.62866059 3.63224135 1.67624491
9.62874059 3.63252038 1.67625330
9.62881991 3.63279703 1.67626154
9.62889856 3.63307132 1.67626965
9.62897656 3.63334326 1.67627762
9.62905389 3.63361289 1.67628545
9.62913058 3.63388021 1.67629316
9.62920662 3.63414524 1.67630073
9.62928203 3.63440801 1.67630817
9.62935679 3.63466853 1.67631548
9.62943093 3.63492681 1.67632267
9.62950444 3.63518289 1.67632974
9.62957733 3.63543677 1.67633669
9.62964961 3.63568847 1.67634351
9.62972127 3.63593802 1.67635023
9.62979233 3.63618542 1.67635682
9.62986279 3.63643070 1.67636331
9.62993265 3.63667388 1.67636968
9.63000191 3.63691496 1.67637595
9.63007059 3.63715397 1.67638211
9.63013869 3.63739093 1.67638816
9.63020621 3.63762585 1.67639411
9.63027316 3.63785874 1.67639995
9.63033954 3.63808963 1.67640570
9.63040535 3.63831854 1.67641135
9.63047060 3.63854547 1.67641690
9.63053530 3.63877044 1.67642236
9.63059945 3.63899347 1.67642772
9.63066305 3.63921458 1.67643299
9.63072611 3.63943378 1.67643817
9.63078863 3.63965109 1.67644326
9.63085062 3.63986652 1.67644826
9.63091207 3.64008009 1.67645318
9.63097301 3.64029182 1.67645802
9.63103342 3.64050171 1.67646276
9.63109331 3.64070979 1.67646743
9.63115270 3.64091607 1.67647202
9.63121157 3.64112056 1.67647653
9.63126994 3.64132328 1.67648096
9.63132782 3.64152425 1.67648532
9.63138519 3.64172347 1.67648960
9.63144207 3.64192097 1.67649380
9.63149847 3.64211675 1.67649793
9.63155438 3.64231084 1.67650200
9.63160981 3.64250324 1.67650599
9.63166477 3.64269398 1.67650991
9.63171925 3.64288305 1.67651377
9.63177326 3.64307049 1.67651755
9.63182681 3.64325629 1.67652128
9.63187990 3.64344049 1.67652494
9.63193253 3.64362308 1.67652853
9.63198471 3.64380408 1.67653206
9.63203644 3.64398351 1.67653554
9.63208772 3.64416137 1.67653895
9.63213856 3.64433769 1.67654230
9.63218896 3.64451247 1.67654559
9.63223893 3.64468573 1.67654883
9.63228847 3.64485748 1.67655201
9.63233758 3.64502774 1.67655514
9.63238626 3.64519651 1.67655821
9.63243452 3.64536381 1.67656123
9.63248237 3.64552965 1.67656420
9.63252980 3.64569404 1.67656711
9.63257682 3.64585700 1.67656997
9.63262343 3.64601853 1.67657279
9.63266964 3.64617866 1.67657555
9.63271546 3.64633738 1.67657827
9.63276087 3.64649472 1.67658094
9.63280589 3.64665069 1.67658357
9.63285052 3.64680529 1.67658614
9.63289476 3.64695854 1.67658868
9.63293862 3.64711044 1.67659117
9.63298210 3.64726102 1.67659361
9.63302520 3.64741029 1.67659601
9.63306792 3.64755824 1.67659838
9.63311027 3.64770490 1.67660070
9.63315226 3.64785028 1.67660298
9.63319388 3.64799438 1.67660522
9.63323514 3.64813722 1.67660742
9.63327604 3.64827881 1.67660958
9.63331658 3.64841915 1.67661170
9.63335678 3.64855827 1.67661379
9.63339662 3.64869617 1.67661584
9.63343611 3.64883285 1.67661786
9.63347526 3.64896834 1.67661984
9.63351407 3.64910264 1.67662178
9.63355254 3.64923576 1.67662370
9.63359067 3.64936771 1.67662557
9.63362848 3.64949850 1.67662742
9.63366595 3.64962814 1.67662923
9.63370309 3.64975665 1.67663101
9.63373991 3.64988402 1.67663276
9.63377641 3.65001027 1.67663448
9.63381259 3.65013542 1.67663617
9.63384846 3.65025946 1.67663783
9.63388401 3.65038242 1.67663946
9.63391925 3.65050429 1.67664107
9.63395418 3.65062509 1.67664264
9.63398880 3.65074482 1.67664419
9.63402313 3.65086351 1.67664571
9.63405715 3.65098114 1.67664720
9.63409087 3.65109775 1.67664867
9.63412430 3.65121332 1.67665011
9.63415744 3.65132788 1.67665152
9.63419028 3.65144142 1.67665292
9.63422284 3.65155397 1.67665428
9.63425512 3.65166552 1.67665562
9.63428711 3.65177609 1.67665694
9.63431881 3.65188569 1.67665824
9.63435025 3.65199432 1.67665951
9.63438140 3.65210199 1.67666076
9.63441228 3.65220871 1.67666199
9.63444289 3.65231449 1.67666320
9.63447323 3.65241933 1.67666439
9.63450331 3.65252325 1.67666555
9.63453312 3.65262626 1.67666670
9.63456267 3.65272835 1.67666782
9.63459196 3.65282954 1.67666892
9.63462099 3.65292984 1.67667001
9.63464977 3.65302925 1.67667108
9.63467829 3.65312778 1.67667212
9.63470656 3.65322544 1.67667315
9.63473459 3.65332224 1.67667416
9.63476237 3.65341818 1.67667516
9.63478990 3.65351328 1.67667613
9.63481719 3.65360753 1.67667709
9.63484424 3.65370095 1.67667803
9.63487105 3.65379354 1.67667896
9.63489763 3.65388532 1.67667987
9.63492397 3.65397628 1.67668076
9.63495008 3.65406644 1.67668164
9.63497596 3.65415579 1.67668250
9.63500161 3.65424436 1.67668335
9.63502703 3.65433215 1.67668418
9.63505223 3.65441915 1.67668499
9.63507721 3.65450539 1.67668580
9.63510197 3.65459086 1.67668658
9.63512651 3.65467557 1.67668736
9.63515083 3.65475954 1.67668812
9.63517494 3.65484275 1.67668887
9.63519884 3.65492524 1.67668960
9.63522252 3.65500699 1.67669032
9.63524600 3.65508801 1.67669103
9.63526927 3.65516832 1.67669173
9.63529233 3.65524791 1.67669241
9.63531519 3.65532680 1.67669308
9.63533784 3.65540499 1.67669374
9.63536030 3.65548249 1.67669439
9.63538256 3.65555930 1.67669503
9.63540462 3.65563542 1.67669565
9.63542648 3.65571087 1.67669627
9.63544816 3.65578565 1.67669687
9.63546964 3.65585977 1.67669746
9.63549093 3.65593323 1.67669805
9.63551203 3.65600604 1.67669862
9.63553295 3.65607820 1.67669918
9.63555368 3.65614972 1.67669973
9.63557422 3.65622060 1.67670027
9.63559459 3.65629085 1.67670081
9.63561477 3.65636048 1.67670133
9.63563478 3.65642950 1.67670184
9.63565461 3.65649789 1.67670235
9.63567426 3.65656568 1.67670284
9.63569374 3.65663287 1.67670333
9.63571304 3.65669946 1.67670381
9.63573218 3.65676546 1.67670428
9.63575114 3.65683087 1.67670474
9.63576994 3.65689570 1.67670520
9.63578857 3.65695995 1.67670564
9.63580704 3.65702363 1.67670608
9.63582534 3.65708675 1.67670651
9.63584348 3.65714930 1.67670693
9.63586146 3.65721130 1.67670735
9.63587928 3.65727274 1.67670775
9.63589694 3.65733364 1.67670815
9.63591444 3.65739400 1.67670855
9.63593179 3.65745382 1.67670893
9.63594898 3.65751310 1.67670931
9.63596602 3.65757186 1.67670969
9.63598291 3.65763010 1.67671005
9.63599966 3.65768782 1.67671041
9.63601625 3.65774502 1.67671076
9.63603269 3.65780171 1.67671111
9.63604899 3.65785790 1.67671145
9.63606514 3.65791359 1.67671179
9.63608115 3.65796878 1.67671212
9.63609702 3.65802348 1.67671244
9.63611275 3.65807769 1.67671276
9.63612833 3.65813142 1.67671307
9.63614378 3.65818467 1.67671337
9.63615909 3.65823745 1.67671367
9.63617427 3.65828975 1.67671397
9.63618931 3.65834159 1.67671426
9.63620421 3.65839297 1.67671454
9.63621899 3.65844389 1.67671482
9.63623363 3.65849435 1.67671510
9.63624814 3.65854437 1.67671537
9.63626252 3.65859394 1.67671563
9.63627678 3.65864306 1.67671589
9.63629091 3.65869175 1.67671615
9.63630491 3.65874001 1.67671640
9.63631878 3.65878783 1.67671665
9.63633254 3.65883523 1.67671689
9.63634617 3.65888220 1.67671713
9.63635968 3.65892876 1.67671736
9.63637307 3.65897490 1.67671759
9.63638634 3.65902062 1.67671782
9.63639949 3.65906594 1.67671804
9.63641253 3.65911086 1.67671826
9.63642545 3.65915537 1.67671847
9.63643825 3.65919949 1.67671868
9.63645094 3.65924321 1.67671889
9.63646352 3.65928654 1.67671909
9.63647598 3.65932949 1.67671929
9.63648833 3.65937205 1.67671949
9.63650058 3.65941423 1.67671968
9.63651271 3.65945604 1.67671987
9.63652474 3.65949747 1.67672005
9.63653666 3.65953853 1.67672023
9.63654847 3.65957923 1.67672041
9.63656018 3.65961956 1.67672059
9.63657178 3.65965953 1.67672076
9.63658328 3.65969914 1.67672093
9.63659467 3.65973840 1.67672110
9.63660597 3.65977731 1.67672126
9.63661716 3.65981587 1.67672142
9.63662826 3.65985409 1.67672158
9.63663925 3.65989197 1.67672173
9.63665015 3.65992950 1.67672188
9.63666095 3.65996670 1.67672203
9.63667166 3.66000357 1.67672218
9.63668226 3.66004011 1.67672232
9.63669278 3.66007632 1.67672247
9.63670320 3.66011221 1.67672261
9.63671352 3.66014778 1.67672274
9.63672376 3.66018303 1.67672288
9.63673390 3.66021796 1.67672301
9.63674395 3.66025259 1.67672314
9.63675392 3.66028690 1.67672326
9.63676379 3.66032090 1.67672339
9.63677358 3.66035460 1.67672351
9.63678327 3.66038800 1.67672363
9.63679288 3.66042110 1.67672375
9.63680241 3.66045391 1.67672387
9.63681185 3.66048642 1.67672398
9.63682121 3.66051864 1.67672409
9.63683048 3.66055057 1.67672420
9.63683967 3.66058222 1.67672431
9.63684878 3.66061358 1.67672442
9.63685780 3.66064467 1.67672452
9.63686675 3.66067547 1.67672462
9.63687561 3.66070600 1.67672472
9.63688440 3.66073625 1.67672482
9.63689311 3.66076624 1.67672492
9.63690174 3.66079595 1.67672502
9.63691029 3.66082540 1.67672511
9.63691877 3.66085459 1.67672520
9.63692717 3.66088352 1.67672529
9.63693549 3.66091218 1.67672538
9.63694375 3.66094059 1.67672547
9.63695192 3.66096875 1.67672555
9.63696003 3.66099665 1.67672564
9.63696806 3.66102430 1.67672572
9.63697602 3.66105171 1.67672580
9.63698391 3.66107887 1.67672588
9.63699173 3.66110579 1.67672596
9.63699947 3.66113246 1.67672604
9.63700715 3.66115890 1.67672611
9.63701476 3.66118510 1.67672618
9.63702230 3.66121107 1.67672626
9.63702978 3.66123680 1.67672633
9.63703719 3.66126230 1.67672640
9.63704453 3.66128758 1.67672647
9.63705180 3.66131262 1.67672654
9.63705901 3.66133745 1.67672660
9.63706616 3.66136205 1.67672667
9.63707324 3.66138643 1.67672673
9.63708026 3.66141059 1.67672679
9.63708722 3.66143453 1.67672686
9.63709411 3.66145826 1.67672692
9.63710094 3.66148178 1.67672698
9.63710771 3.66150509 1.67672704
9.63711442 3.66152819 1.67672709
9.63712107 3.66155108 1.67672715
9.63712766 3.66157377 1.67672721
9.63713420 3.66159625 1.67672726
9.63714067 3.66161853 1.67672731
9.63714708 3.66164061 1.67672737
9.63715344 3.66166250 1.67672742
9.63715974 3.66168418 1.67672747
9.63716599 3.66170568 1.67672752
9.63717217 3.66172698 1.67672757
9.63717831 3.66174809 1.67672762
9.63718439 3.66176901 1.67672766
9.63719041 3.66178974 1.67672771
9.63719638 3.66181029 1.67672776
9.63720229 3.66183065 1.67672780
9.63720816 3.66185083 1.67672784
9.63721397 3.66187083 1.67672789
9.63721973 3.66189065 1.67672793
9.63722543 3.66191029 1.67672797
9.63723109 3.66192975 1.67672801
9.63723669 3.66194905 1.67672805
9.63724225 3.66196816 1.67672809
9.63724775 3.66198711 1.67672813
9.63725321 3.66200589 1.67672817
9.63725862 3.66202450 1.67672821
9.63726398 3.66204294 1.67672824
9.63726929 3.66206121 1.67672828
9.63727455 3.66207932 1.67672831
9.63727976 3.66209727 1.67672835
9.63728493 3.66211506 1.67672838
9.63729006 3.66213269 1.67672842
9.63729513 3.66215016 1.67672845
9.63730016 3.66216748 1.67672848
9.63730515 3.66218464 1.67672851
9.63731009 3.66220164 1.67672854
9.63731499 3.66221849 1.67672858
9.63731984 3.66223519 1.67672861
9.63732465 3.66225174 1.67672864
9.63732942 3.66226815 1.67672866
9.63733414 3.66228440 1.67672869
9.63733882 3.66230051 1.67672872
9.63734346 3.66231648 1.67672875
9.63734806 3.66233230 1.67672878
9.63735261 3.66234798 1.67672880
9.63735713 3.66236352 1.67672883
9.63736161 3.66237892 1.67672885
9.63736604 3.66239418 1.67672888
9.63737044 3.66240930 1.67672890
9.63737479 3.66242429 1.67672893
9.63737911 3.66243914 1.67672895
9.63738339 3.66245387 1.67672897
9.63738763 3.66246845 1.67672900
9.63739183 3.66248291 1.67672902
9.63739599 3.66249724 1.67672904
9.63740012 3.66251144 1.67672906
9.63740421 3.66252551 1.67672909
9.63740826 3.66253946 1.67672911
9.63741228 3.66255328 1.67672913
9.63741626 3.66256697 1.67672915
9.63742020 3.66258055 1.67672917
9.63742411 3.66259400 1.67672919
9.63742799 3.66260733 1.67672921
9.63743182 3.66262054 1.67672922
9.63743563 3.66263363 1.67672924
9.63743940 3.66264661 1.67672926
9.63744314 3.66265946 1.67672928
9.63744684 3.66267221 1.67672930
9.63745051 3.66268484 1.67672931
9.63745415 3.66269735 1.67672933
9.63745775 3.66270975 1.67672935
9.63746133 3.66272204 1.67672936
9.63746487 3.66273423 1.67672938
9.63746837 3.66274630 1.67672940
9.63747185 3.66275826 1.67672941
9.63747530 3.66277012 1.67672943
9.63747871 3.66278186 1.67672944
9.63748210 3.66279351 1.67672946
9.63748545 3.66280505 1.67672947
9.63748877 3.66281648 1.67672948
9.63749207 3.66282782 1.67672950
9.63749533 3.66283905 1.67672951
9.63749857 3.66285018 1.67672953
9.63750177 3.66286121 1.67672954
9.63750495 3.66287214 1.67672955
9.63750810 3.66288297 1.67672956
9.63751122 3.66289371 1.67672958
9.63751431 3.66290434 1.67672959
9.63751738 3.66291489 1.67672960
9.63752041 3.66292534 1.67672961
9.63752342 3.66293569 1.67672962
9.63752641 3.66294595 1.67672964
9.63752936 3.66295612 1.67672965
9.63753229 3.66296620 1.67672966
9.63753519 3.66297619 1.67672967
9.63753807 3.66298609 1.67672968
9.63754092 3.66299590 1.67672969
9.63754375 3.66300562 1.67672970
9.63754655 3.66301525 1.67672971
