4.59138446 2.37197605 1.21030658
4.58289692 2.36502964 1.22238916
4.57440862 2.35793116 1.23468683
4.56592318 2.35067901 1.24720030
4.55744427 2.34327182 1.25993006
4.54897559 2.33570843 1.27287629
4.54052091 2.32798795 1.28603885
4.53208404 2.32010973 1.29941717
4.52366881 2.31207343 1.31301027
4.51527912 2.30387901 1.32681666
4.50691890 2.29552672 1.34083429
4.49859212 2.28701720 1.35506050
4.49030277 2.27835140 1.36949197
4.48205492 2.26953068 1.38412462
4.47385261 2.26055676 1.39895360
4.46569998 2.25143177 1.41397323
4.45760112 2.24215826 1.42917692
4.44956021 2.23273921 1.44455714
4.44158141 2.22317801 1.46010540
4.43366888 2.21347850 1.47581220
4.42582682 2.20364498 1.49166697
4.41805939 2.19368218 1.50765814
4.41037076 2.18359525 1.52377306
4.40276507 2.17338982 1.53999804
4.39524644 2.16307192 1.55631837
4.38781892 2.15264799 1.57271837
4.38048653 2.14212490 1.58918139
4.37325322 2.13150988 1.60568992
4.36612286 2.12081053 1.62222566
4.35909921 2.11003478 1.63876956
4.35218595 2.09919087 1.65530200
4.34538662 2.08828731 1.67180283
4.33870463 2.07733286 1.68825154
4.33214324 2.06633648 1.70462736
4.32570554 2.05530730 1.72090944
4.31939445 2.04425455 1.73707692
4.31321271 2.03318758 1.75310916
4.30716282 2.02211576 1.76898582
4.30124711 2.01104847 1.78468704
4.29546765 1.99999502 1.80019354
4.28982631 1.98896466 1.81548679
4.28432468 1.97796651 1.83054911
4.27896413 1.96700952 1.84536380
4.27374577 1.95610243 1.85991522
4.26867046 1.94525373 1.87418886
4.26373880 1.93447168 1.88817147
4.25895113 1.92376420 1.90185106
4.25430754 1.91313890 1.91521699
4.24980787 1.90260303 1.92825994
4.24545172 1.89216347 1.94097197
4.24123843 1.88182673 1.95334650
4.23716714 1.87159890 1.96537831
4.23323673 1.86148568 1.97706347
4.22944591 1.85149232 1.98839934
4.22579315 1.84162370 1.99938454
4.22227675 1.83188423 2.01001881
4.21889483 1.82227794 2.02030305
4.21564535 1.81280843 2.03023917
4.21252610 1.80347890 2.03983005
4.20953475 1.79429216 2.04907945
4.20666883 1.78525062 2.05799195
4.20392578 1.77635633 2.06657286
4.20130292 1.76761098 2.07482813
4.19879750 1.75901591 2.08276428
4.19640667 1.75057216 2.09038833
4.19412755 1.74228042 2.09770773
4.19195720 1.73414111 2.10473026
4.18989265 1.72615437 2.11146402
4.18793087 1.71832009 2.11791730
4.18606886 1.71063791 2.12409859
4.18430359 1.70310723 2.13001646
4.18263201 1.69572728 2.13567957
4.18105112 1.68849706 2.14109659
4.17955790 1.68141541 2.14627618
4.17814939 1.67448103 2.15122694
4.17682263 1.66769245 2.15595738
4.17557471 1.66104807 2.16047590
4.17440275 1.65454618 2.16479077
4.17330393 1.64818498 2.16891007
4.17227546 1.64196255 2.17284174
4.17131463 1.63587691 2.17659351
4.17041877 1.62992599 2.18017290
4.16958526 1.62410769 2.18358725
4.16881155 1.61841984 2.18684364
4.16809516 1.61286022 2.18994895
4.16743365 1.60742660 2.19290982
4.16682468 1.60211670 2.19573267
4.16626594 1.59692824 2.19842368
4.16575521 1.59185892 2.20098881
4.16529033 1.58690642 2.20343379
4.16486920 1.58206845 2.20576411
4.16448979 1.57734270 2.20798508
4.16415013 1.57272686 2.21010174
4.16384834 1.56821866 2.21211896
4.16358256 1.56381581 2.21404139
4.16335104 1.55951608 2.21587347
4.16315206 1.55531721 2.21761947
4.16298398 1.55121702 2.21928343
4.16284521 1.54721332 2.22086925
4.16273421 1.54330394 2.22238064
4.16264953 1.53948678 2.22382114
4.16258974 1.53575973 2.22519411
4.16255350 1.53212074 2.22650278
4.16253948 1.52856777 2.22775022
4.16254645 1.52509884 2.22893934
4.16257319 1.52171199 2.23007294
4.16261856 1.51840530 2.23115367
4.16268145 1.51517688 2.23218406
4.16276080 1.51202488 2.23316650
4.16285560 1.50894749 2.23410330
4.16296488 1.50594294 2.23499662
4.16308772 1.50300947 2.23584855
4.16322322 1.50014541 2.23666106
4.16337053 1.49734906 2.23743603
4.16352886 1.49461882 2.23817523
4.16369742 1.49195307 2.23888039
4.16387548 1.48935027 2.23955310
4.16406233 1.48680889 2.24019492
4.16425731 1.48432744 2.24080729
4.16445977 1.48190447 2.24139163
4.16466911 1.47953855 2.24194925
4.16488475 1.47722831 2.24248141
4.16510613 1.47497238 2.24298931
4.16533274 1.47276945 2.24347410
4.16556407 1.47061822 2.24393685
4.16579966 1.46851744 2.24437860
4.16603904 1.46646588 2.24480034
4.16628181 1.46446233 2.24520300
4.16652754 1.46250563 2.24558746
4.16677586 1.46059465 2.24595458
4.16702642 1.45872825 2.24630516
4.16727885 1.45690537 2.24663998
4.16753284 1.45512494 2.24695975
4.16778809 1.45338593 2.24726518
4.16804429 1.45168734 2.24755692
4.16830118 1.45002818 2.24783562
4.16855851 1.44840750 2.24810186
4.16881602 1.44682436 2.24835622
4.16907348 1.44527786 2.24859925
4.16933069 1.44376711 2.24883146
4.16958744 1.44229124 2.24905335
4.16984353 1.44084942 2.24926539
4.17009880 1.43944081 2.24946803
4.17035308 1.43806463 2.24966169
4.17060620 1.43672009 2.24984678
4.17085802 1.43540643 2.25002370
4.17110841 1.43412291 2.25019280
4.17135724 1.43286880 2.25035445
4.17160439 1.43164340 2.25050898
4.17184975 1.43044603 2.25065671
4.17209323 1.42927602 2.25079794
4.17233472 1.42813270 2.25093298
4.17257415 1.42701545 2.25106209
4.17281142 1.42592364 2.25118554
4.17304648 1.42485667 2.25130359
4.17327924 1.42381396 2.25141647
4.17350966 1.42279491 2.25152442
4.17373768 1.42179898 2.25162765
4.17396324 1.42082562 2.25172638
4.17418631 1.41987430 2.25182081
4.17440684 1.41894448 2.25191112
4.17462479 1.41803568 2.25199750
4.17484014 1.41714739 2.25208013
4.17505287 1.41627913 2.25215917
4.17526294 1.41543043 2.25223477
4.17547034 1.41460083 2.25230709
4.17567505 1.41378989 2.25237628
4.17587705 1.41299717 2.25244247
4.17607635 1.41222225 2.25250579
4.17627294 1.41146471 2.25256637
4.17646680 1.41072414 2.25262433
4.17665794 1.41000015 2.25267979
4.17684636 1.40929236 2.25273285
4.17703206 1.40860039 2.25278362
4.17721504 1.40792387 2.25283220
4.17739533 1.40726245 2.25287869
4.17757292 1.40661578 2.25292317
4.17774782 1.40598351 2.25296574
4.17792005 1.40536532 2.25300647
4.17808963 1.40476089 2.25304545
4.17825656 1.40416988 2.25308276
4.17842087 1.40359201 2.25311846
4.17858257 1.40302696 2.25315263
4.17874169 1.40247444 2.25318533
4.17889823 1.40193417 2.25321663
4.17905224 1.40140587 2.25324658
4.17920371 1.40088925 2.25327525
4.17935269 1.40038407 2.25330269
4.17949919 1.39989004 2.25332895
4.17964324 1.39940693 2.25335409
4.17978486 1.39893449 2.25337816
4.17992408 1.39847246 2.25340119
4.18006093 1.39802062 2.25342324
4.18019543 1.39757874 2.25344434
4.18032760 1.39714658 2.25346454
4.18045748 1.39672393 2.25348388
4.18058510 1.39631058 2.25350240
4.18071047 1.39590631 2.25352012
4.18083364 1.39551092 2.25353708
4.18095463 1.39512422 2.25355332
4.18107346 1.39474599 2.25356887
4.18119016 1.39437606 2.25358376
4.18130477 1.39401424 2.25359801
4.18141731 1.39366035 2.25361165
4.18152782 1.39331420 2.25362471
4.18163631 1.39297563 2.25363721
4.18174283 1.39264446 2.25364918
4.18184739 1.39232053 2.25366065
4.18195003 1.39200368 2.25367162
4.18205077 1.39169376 2.25368213
4.18214965 1.39139059 2.25369218
4.18224669 1.39109404 2.25370182
4.18234192 1.39080396 2.25371104
4.18243537 1.39052021 2.25371987
4.18252706 1.39024263 2.25372832
4.18261703 1.38997111 2.25373641
4.18270530 1.38970549 2.25374416
4.18279190 1.38944566 2.25375158
4.18287686 1.38919147 2.25375869
4.18296020 1.38894282 2.25376549
4.18304195 1.38869957 2.25377201
4.18312213 1.38846161 2.25377825
4.18320078 1.38822881 2.25378422
4.18327791 1.38800107 2.25378994
4.18335355 1.38777827 2.25379542
4.18342774 1.38756031 2.25380066
4.18350049 1.38734707 2.25380568
4.18357183 1.38713846 2.25381049
4.18364178 1.38693437 2.25381509
4.18371036 1.38673470 2.25381950
4.18377761 1.38653936 2.25382373
4.18384354 1.38634825 2.25382777
4.18390818 1.38616127 2.25383164
4.18397155 1.38597834 2.25383535
4.18403367 1.38579937 2.25383890
4.18409457 1.38562426 2.25384230
4.18415427 1.38545295 2.25384556
4.18421279 1.38528533 2.25384867
4.18427014 1.38512134 2.25385166
4.18432636 1.38496089 2.25385452
4.18438146 1.38480391 2.25385726
4.18443547 1.38465032 2.25385988
4.18448840 1.38450004 2.25386239
4.18454027 1.38435300 2.25386480
4.18459110 1.38420914 2.25386710
4.18464092 1.38406838 2.25386931
4.18468974 1.38393065 2.25387142
4.18473758 1.38379590 2.25387344
4.18478445 1.38366405 2.25387538
4.18483039 1.38353504 2.25387723
4.18487540 1.38340881 2.25387901
4.18491950 1.38328530 2.25388071
4.18496271 1.38316444 2.25388234
4.18500504 1.38304619 2.25388390
4.18504652 1.38293049 2.25388540
4.18508716 1.38281728 2.25388683
4.18512697 1.38270650 2.25388820
4.18516598 1.38259810 2.25388951
4.18520419 1.38249204 2.25389077
4.18524163 1.38238826 2.25389197
4.18527830 1.38228671 2.25389313
4.18531422 1.38218734 2.25389423
4.18534941 1.38209011 2.25389529
4.18538389 1.38199496 2.25389630
4.18541765 1.38190187 2.25389727
4.18545073 1.38181077 2.25389820
4.18548313 1.38172163 2.25389909
4.18551487 1.38163440 2.25389994
4.18554595 1.38154904 2.25390076
4.18557640 1.38146552 2.25390154
4.18560622 1.38138379 2.25390229
4.18563542 1.38130382 2.25390301
4.18566403 1.38122556 2.25390370
4.18569205 1.38114898 2.25390435
4.18571949 1.38107404 2.25390498
4.18574636 1.38100072 2.25390559
4.18577268 1.38092896 2.25390616
4.18579846 1.38085874 2.25390672
4.18582370 1.38079003 2.25390725
4.18584842 1.38072279 2.25390776
4.18587263 1.38065699 2.25390824
4.18589634 1.38059261 2.25390871
4.18591956 1.38052960 2.25390915
4.18594229 1.38046794 2.25390958
4.18596456 1.38040761 2.25390999
4.18598636 1.38034856 2.25391038
4.18600771 1.38029078 2.25391076
4.18602861 1.38023424 2.25391112
4.18604909 1.38017891 2.25391146
4.18606913 1.38012477 2.25391179
4.18608876 1.38007178 2.25391211
4.18610798 1.38001993 2.25391241
4.18612680 1.37996919 2.25391270
4.18614523 1.37991954 2.25391298
4.18616328 1.37987094 2.25391324
4.18618094 1.37982339 2.25391350
4.18619824 1.37977686 2.25391374
4.18621518 1.37973132 2.25391398
4.18623176 1.37968676 2.25391420
4.18624800 1.37964315 2.25391441
4.18626390 1.37960047 2.25391462
4.18627947 1.37955870 2.25391481
4.18629471 1.37951783 2.25391500
4.18630963 1.37947783 2.25391518
4.18632424 1.37943869 2.25391536
4.18633854 1.37940039 2.25391552
4.18635255 1.37936290 2.25391568
4.18636626 1.37932622 2.25391583
4.18637968 1.37929032 2.25391598
4.18639282 1.37925519 2.25391612
4.18640569 1.37922080 2.25391625
4.18641828 1.37918716 2.25391638
4.18643061 1.37915423 2.25391650
4.18644269 1.37912201 2.25391662
4.18645451 1.37909047 2.25391673
4.18646608 1.37905961 2.25391684
4.18647740 1.37902941 2.25391694
4.18648849 1.37899986 2.25391704
4.18649935 1.37897093 2.25391713
4.18650998 1.37894262 2.25391722
4.18652038 1.37891492 2.25391731
4.18653057 1.37888781 2.25391739
4.18654054 1.37886128 2.25391747
4.18655030 1.37883532 2.25391755
4.18655986 1.37880991 2.25391762
4.18656921 1.37878504 2.25391769
4.18657837 1.37876071 2.25391776
4.18658733 1.37873689 2.25391782
4.18659611 1.37871358 2.25391788
4.18660470 1.37869077 2.25391794
4.18661311 1.37866845 2.25391800
4.18662134 1.37864661 2.25391805
4.18662940 1.37862523 2.25391810
4.18663729 1.37860430 2.25391815
4.18664501 1.37858383 2.25391820
4.18665257 1.37856379 2.25391825
4.18665997 1.37854418 2.25391829
4.18666721 1.37852499 2.25391833
4.18667430 1.37850620 2.25391837
4.18668124 1.37848782 2.25391841
4.18668803 1.37846983 2.25391845
4.18669468 1.37845223 2.25391848
4.18670119 1.37843500 2.25391851
4.18670757 1.37841813 2.25391855
4.18671380 1.37840163 2.25391858
4.18671991 1.37838548 2.25391861
4.18672588 1.37836968 2.25391863
4.18673173 1.37835421 2.25391866
4.18673746 1.37833907 2.25391869
4.18674306 1.37832426 2.25391871
4.18674855 1.37830976 2.25391874
4.18675392 1.37829557 2.25391876
4.18675918 1.37828168 2.25391878
4.18676432 1.37826809 2.25391880
4.18676936 1.37825479 2.25391882
4.18677429 1.37824177 2.25391884
4.18677911 1.37822904 2.25391886
4.18678384 1.37821657 2.25391888
4.18678846 1.37820437 2.25391889
4.18679299 1.37819243 2.25391891
4.18679741 1.37818074 2.25391893
4.18680175 1.37816930 2.25391894
4.18680599 1.37815811 2.25391895
4.18681015 1.37814716 2.25391897
4.18681421 1.37813644 2.25391898
4.18681819 1.37812594 2.25391899
4.18682209 1.37811568 2.25391901
4.18682590 1.37810563 2.25391902
4.18682963 1.37809579 2.25391903
4.18683328 1.37808617 2.25391904
4.18683686 1.37807675 2.25391905
