8.37307501 8.75114855 0.76437964
8.37791468 8.76027180 0.77507389
8.38284002 8.76941177 0.78588141
8.38785183 8.77856516 0.79679842
8.39295084 8.78772858 0.80782095
8.39813778 8.79689852 0.81894480
8.40341332 8.80607138 0.83016558
8.40877812 8.81524345 0.84147869
8.41423278 8.82441091 0.85287938
8.41977788 8.83356988 0.86436271
8.42541394 8.84271636 0.87592360
8.43114144 8.85184629 0.88755683
8.43696084 8.86095552 0.89925708
8.44287252 8.87003985 0.91101889
8.44887682 8.87909501 0.92283676
8.45497403 8.88811667 0.93470510
8.46116439 8.89710045 0.94661830
8.46744809 8.90604194 0.95857069
8.47382525 8.91493669 0.97055665
8.48029592 8.92378025 0.98257053
8.48686012 8.93256813 0.99460676
8.49351779 8.94129584 1.00665981
8.50026879 8.94995891 1.01872423
8.50711293 8.95855285 1.03079467
8.51404995 8.96707323 1.04286591
8.52107951 8.97551563 1.05493285
8.52820120 8.98387565 1.06699056
8.53541454 8.99214897 1.07903425
8.54271896 9.00033131 1.09105933
8.55011383 9.00841846 1.10306140
8.55759842 9.01640626 1.11503625
8.56517192 9.02429065 1.12697990
8.57283346 9.03206765 1.13888855
8.58058207 9.03973338 1.15075867
8.58841668 9.04728404 1.16258693
8.59633616 9.05471594 1.17437021
8.60433927 9.06202552 1.18610564
8.61242471 9.06920931 1.19779057
8.62059106 9.07626398 1.20942257
8.62883684 9.08318630 1.22099942
8.63716046 9.08997320 1.23251911
8.64556027 9.09662170 1.24397985
8.65403449 9.10312899 1.25538000
8.66258130 9.10949239 1.26671817
8.67119877 9.11570933 1.27799308
8.67988489 9.12177742 1.28920366
8.68863757 9.12769437 1.30034898
8.69745465 9.13345807 1.31142825
8.70633389 9.13906651 1.32244080
8.71527296 9.14451787 1.33338611
8.72426948 9.14981042 1.34426375
8.73332100 9.15494261 1.35507340
8.74242499 9.15991300 1.36581482
8.75157888 9.16472031 1.37648786
8.76078003 9.16936340 1.38709245
8.77002577 9.17384123 1.39762856
8.77931336 9.17815294 1.40809624
8.78864004 9.18229777 1.41849558
8.79800300 9.18627510 1.42882672
8.80739941 9.19008443 1.43908986
8.81682641 9.19372539 1.44928520
8.82628112 9.19719775 1.45941299
8.83576066 9.20050136 1.46947353
8.84526212 9.20363623 1.47946712
8.85478262 9.20660245 1.48939412
8.86431925 9.20940025 1.49925488
8.87386913 9.21202995 1.50904981
8.88342941 9.21449198 1.51877933
8.89299722 9.21678689 1.52844390
8.90256976 9.21891530 1.53804399
8.91214424 9.22087796 1.54758011
8.92171791 9.22267569 1.55705280
8.93128805 9.22430943 1.56646263
8.94085202 9.22578019 1.57581019
8.95040719 9.22708907 1.58509611
8.95995101 9.22823726 1.59432103
8.96948099 9.22922603 1.60348565
8.97899467 9.23005672 1.61259068
8.98848969 9.23073078 1.62163684
8.99796373 9.23124969 1.63062491
9.00741456 9.23161504 1.63955565
9.01684000 9.23182846 1.64842988
9.02623794 9.23189168 1.65724842
9.03560635 9.23180646 1.66601208
9.04494328 9.23157466 1.67472171
9.05424684 9.23119817 1.68337815
9.06351521 9.23067895 1.69198223
9.07274665 9.23001903 1.70053479
9.08193948 9.22922049 1.70903664
9.09109210 9.22828544 1.71748859
9.10020297 9.22721609 1.72589140
9.10927062 9.22601465 1.73424583
9.11829365 9.22468341 1.74255258
9.12727071 9.22322470 1.75081230
9.13620051 9.22164089 1.75902561
9.14508183 9.21993441 1.76719307
9.15391349 9.21810773 1.77531516
9.16269437 9.21616333 1.78339230
9.17142340 9.21410379 1.79142484
9.18009956 9.21193167 1.79941303
9.18872185 9.20964962 1.80735706
9.19728935 9.20726028 1.81525701
9.20580112 9.20476637 1.82311285
9.21425632 9.20217061 1.83092449
9.22265409 9.19947577 1.83869171
9.23099362 9.19668467 1.84641417
9.23927413 9.19380012 1.85409144
9.24749485 9.19082500 1.86172298
9.25565504 9.18776219 1.86930812
9.26375397 9.18461462 1.87684611
9.27179093 9.18138523 1.88433604
9.27976523 9.17807700 1.89177693
9.28767618 9.17469292 1.89916766
9.29552312 9.17123599 1.90650703
9.30330537 9.16770927 1.91379370
9.31102229 9.16411580 1.92102627
9.31867321 9.16045865 1.92820320
9.32625750 9.15674089 1.93532290
9.33377452 9.15296563 1.94238366
9.34122363 9.14913597 1.94938371
9.34860420 9.14525500 1.95632121
9.35591561 9.14132584 1.96319424
9.36315723 9.13735161 1.97000084
9.37032844 9.13333541 1.97673900
9.37742864 9.12928034 1.98340665
9.38445721 9.12518951 1.99000173
9.39141357 9.12106600 1.99652212
9.39829711 9.11691287 2.00296573
9.40510726 9.11273319 2.00933043
9.41184344 9.10852997 2.01561415
9.41850510 9.10430624 2.02181480
9.42509168 9.10006495 2.02793033
9.43160267 9.09580908 2.03395876
9.43803753 9.09154151 2.03989813
9.44439579 9.08726514 2.04574656
9.45067695 9.08298278 2.05150222
9.45688057 9.07869722 2.05716339
9.46300622 9.07441121 2.06272843
9.46905349 9.07012742 2.06819577
9.47502201 9.06584848 2.07356398
9.48091141 9.06157697 2.07883172
9.48672140 9.05731540 2.08399777
9.49245167 9.05306621 2.08906103
9.49810199 9.04883179 2.09402055
9.50367212 9.04461444 2.09887548
9.50916188 9.04041640 2.10362511
9.51457114 9.03623985 2.10826888
9.51989979 9.03208687 2.11280637
9.52514775 9.02795949 2.11723728
9.53031500 9.02385963 2.12156146
9.53540155 9.01978916 2.12577890
9.54040746 9.01574985 2.12988973
9.54533282 9.01174340 2.13389421
9.55017777 9.00777143 2.13779273
9.55494248 9.00383547 2.14158583
9.55962717 8.99993696 2.14527415
9.56423211 8.99607727 2.14885847
9.56875760 8.99225770 2.15233968
9.57320397 8.98847945 2.15571879
9.57757160 8.98474363 2.15899690
9.58186092 8.98105130 2.16217524
9.58607239 8.97740342 2.16525510
9.59020650 8.97380086 2.16823790
9.59426377 8.97024446 2.17112511
9.59824478 8.96673493 2.17391830
9.60215012 8.96327294 2.17661908
9.60598043 8.95985908 2.17922917
9.60973637 8.95649386 2.18175030
9.61341863 8.95317775 2.18418427
9.61702793 8.94991112 2.18653295
9.62056502 8.94669429 2.18879821
9.62403067 8.94352753 2.19098196
9.62742568 8.94041104 2.19308616
9.63075087 8.93734494 2.19511277
9.63400707 8.93432934 2.19706377
9.63719515 8.93136426 2.19894116
9.64031599 8.92844969 2.20074692
9.64337046 8.92558555 2.20248305
9.64635949 8.92277175 2.20415156
9.64928399 8.92000811 2.20575442
9.65214489 8.91729445 2.20729361
9.65494314 8.91463052 2.20877108
9.65767968 8.91201606 2.21018877
9.66035547 8.90945074 2.21154861
9.66297149 8.90693423 2.21285247
9.66552869 8.90446616 2.21410223
9.66802804 8.90204612 2.21529972
9.67047054 8.89967368 2.21644674
9.67285714 8.89734840 2.21754506
9.67518884 8.89506978 2.21859642
9.67746660 8.89283733 2.21960250
9.67969139 8.89065054 2.22056498
9.68186420 8.88850887 2.22148546
9.68398599 8.88641176 2.22236553
9.68605771 8.88435865 2.22320672
9.68808034 8.88234896 2.22401055
9.69005481 8.88038210 2.22477845
9.69198208 8.87845746 2.22551186
9.69386309 8.87657444 2.22621214
9.69569875 8.87473241 2.22688062
9.69749000 8.87293075 2.22751861
9.69923775 8.87116883 2.22812734
9.70094290 8.86944601 2.22870804
9.70260633 8.86776166 2.22926187
9.70422894 8.86611513 2.22978996
9.70581159 8.86450578 2.23029341
9.70735515 8.86293297 2.23077327
9.70886045 8.86139606 2.23123055
9.71032834 8.85989440 2.23166624
9.71175965 8.85842734 2.23208128
9.71315518 8.85699427 2.23247658
9.71451573 8.85559453 2.23285300
9.71584209 8.85422750 2.23321140
9.71713504 8.85289254 2.23355257
9.71839534 8.85158904 2.23387730
9.71962374 8.85031638 2.23418633
9.72082097 8.84907394 2.23448037
9.72198775 8.84786112 2.23476011
9.72312481 8.84667732 2.23502621
9.72423283 8.84552193 2.23527929
9.72531250 8.84439437 2.23551997
9.72636449 8.84329407 2.23574882
9.72738947 8.84222044 2.23596639
9.72838807 8.84117293 2.23617322
9.72936093 8.84015096 2.23636980
9.73030867 8.83915400 2.23655664
9.73123190 8.83818149 2.23673419
9.73213122 8.83723291 2.23690289
9.73300720 8.83630772 2.23706316
9.73386043 8.83540541 2.23721543
9.73469146 8.83452546 2.23736006
9.73550083 8.83366738 2.23749742
9.73628909 8.83283067 2.23762788
9.73705675 8.83201484 2.23775177
9.73780434 8.83121943 2.23786940
9.73853234 8.83044395 2.23798109
9.73924126 8.82968796 2.23808712
9.73993157 8.82895099 2.23818777
9.74060374 8.82823261 2.23828331
9.74125823 8.82753239 2.23837400
9.74189548 8.82684989 2.23846006
9.74251594 8.82618469 2.23854173
9.74312002 8.82553640 2.23861924
9.74370815 8.82490460 2.23869278
9.74428074 8.82428890 2.23876256
9.74483817 8.82368892 2.23882876
9.74538085 8.82310428 2.23889156
9.74590914 8.82253461 2.23895113
9.74642343 8.82197955 2.23900765
9.74692406 8.82143874 2.23906125
9.74741140 8.82091183 2.23911209
9.74788578 8.82039849 2.23916030
9.74834755 8.81989839 2.23920603
9.74879702 8.81941119 2.23924939
9.74923453 8.81893658 2.23929051
9.74966037 8.81847426 2.23932950
9.75007486 8.81802391 2.23936647
9.75047829 8.81758524 2.23940153
9.75087095 8.81715796 2.23943476
9.75125312 8.81674178 2.23946626
9.75162508 8.81633643 2.23949613
9.75198710 8.81594164 2.23952444
9.75233942 8.81555713 2.23955128
9.75268232 8.81518266 2.23957672
9.75301604 8.81481797 2.23960084
9.75334082 8.81446281 2.23962369
9.75365689 8.81411695 2.23964535
9.75396449 8.81378013 2.23966589
9.75426384 8.81345215 2.23968534
9.75455516 8.81313277 2.23970378
9.75483866 8.81282177 2.23972126
9.75511455 8.81251894 2.23973782
9.75538302 8.81222407 2.23975351
9.75564429 8.81193696 2.23976838
9.75589853 8.81165740 2.23978246
9.75614593 8.81138521 2.23979581
9.75638668 8.81112020 2.23980846
9.75662096 8.81086217 2.23982045
9.75684892 8.81061095 2.23983180
9.75707076 8.81036637 2.23984256
9.75728662 8.81012826 2.23985275
9.75749667 8.80989643 2.23986241
9.75770105 8.80967075 2.23987156
9.75789994 8.80945103 2.23988022
9.75809346 8.80923714 2.23988843
9.75828176 8.80902891 2.23989621
9.75846499 8.80882620 2.23990357
9.75864328 8.80862887 2.23991055
9.75881676 8.80843678 2.23991716
9.75898556 8.80824979 2.23992342
9.75914980 8.80806776 2.23992935
9.75930961 8.80789057 2.23993497
9.75946511 8.80771809 2.23994029
9.75961641 8.80755020 2.23994533
9.75976363 8.80738678 2.23995010
9.75990686 8.80722771 2.23995462
9.76004624 8.80707287 2.23995891
9.76018184 8.80692216 2.23996296
9.76031378 8.80677546 2.23996680
9.76044216 8.80663268 2.23997044
9.76056707 8.80649370 2.23997388
9.76068860 8.80635844 2.23997715
9.76080685 8.80622678 2.23998024
9.76092190 8.80609863 2.23998316
9.76103384 8.80597391 2.23998593
9.76114276 8.80585252 2.23998856
9.76124873 8.80573438 2.23999104
9.76135183 8.80561939 2.23999339
9.76145215 8.80550748 2.23999562
9.76154975 8.80539855 2.23999773
9.76164471 8.80529255 2.23999973
9.76173710 8.80518938 2.24000162
9.76182700 8.80508897 2.24000342
9.76191446 8.80499125 2.24000511
9.76199955 8.80489615 2.24000672
9.76208235 8.80480359 2.24000824
9.76216290 8.80471352 2.24000968
9.76224127 8.80462586 2.24001104
9.76231752 8.80454054 2.24001234
9.76239171 8.80445752 2.24001356
9.76246389 8.80437672 2.24001472
9.76253411 8.80429809 2.24001581
9.76260244 8.80422157 2.24001685
9.76266891 8.80414710 2.24001784
9.76273358 8.80407463 2.24001877
9.76279651 8.80400411 2.24001965
9.76285773 8.80393548 2.24002048
9.76291729 8.80386869 2.24002127
9.76297524 8.80380370 2.24002202
9.76303162 8.80374045 2.24002273
9.76308647 8.80367890 2.24002340
9.76313984 8.80361901 2.24002403
9.76319177 8.80356073 2.24002463
9.76324228 8.80350401 2.24002520
9.76329143 8.80344882 2.24002574
9.76333925 8.80339511 2.24002625
9.76338577 8.80334284 2.24002674
9.76343104 8.80329198 2.24002719
9.76347507 8.80324249 2.24002763
9.76351792 8.80319434 2.24002804
9.76355960 8.80314747 2.24002842
9.76360015 8.80310187 2.24002879
9.76363961 8.80305750 2.24002914
9.76367800 8.80301432 2.24002947
9.76371535 8.80297230 2.24002978
9.76375168 8.80293141 2.24003007
9.76378703 8.80289163 2.24003035
9.76382143 8.80285292 2.24003062
9.76385489 8.80281524 2.24003087
9.76388744 8.80277859 2.24003111
9.76391912 8.80274292 2.24003133
9.76394993 8.80270821 2.24003154
9.76397992 8.80267444 2.24003174
9.76400908 8.80264158 2.24003194
9.76403746 8.80260960 2.24003212
9.76406507 8.80257849 2.24003229
9.76409194 8.80254821 2.24003245
9.76411807 8.80251875 2.24003260
9.76414350 8.80249008 2.24003275
9.76416823 8.80246219 2.24003288
9.76419230 8.80243505 2.24003301
9.76421572 8.80240864 2.24003314
9.76423850 8.80238295 2.24003325
9.76426066 8.80235794 2.24003336
9.76428222 8.80233361 2.24003347
9.76430320 8.80230994 2.24003356
9.76432362 8.80228691 2.24003366
9.76434347 8.80226449 2.24003375
9.76436279 8.80224269 2.24003383
9.76438159 8.80222147 2.24003391
9.76439988 8.80220082 2.24003398
9.76441767 8.80218073 2.24003406
9.76443498 8.80216118 2.24003412
9.76445182 8.80214216 2.24003419
9.76446821 8.80212366 2.24003425
9.76448415 8.80210565 2.24003430
9.76449966 8.80208813 2.24003436
9.76451474 8.80207108 2.24003441
9.76452943 8.80205449 2.24003446
9.76454371 8.80203835 2.24003450
9.76455760 8.80202265 2.24003455
9.76457112 8.80200737 2.24003459
9.76458428 8.80199250 2.24003463
9.76459707 8.80197803 2.24003466
9.76460952 8.80196396 2.24003470
9.76462164 8.80195026 2.24003473
9.76463342 8.80193694 2.24003476
9.76464489 8.80192397 2.24003479
9.76465604 8.80191136 2.24003482
9.76466689 8.80189908 2.24003485
9.76467745 8.80188714 2.24003487
9.76468773 8.80187552 2.24003490
9.76469772 8.80186421 2.24003492
9.76470744 8.80185321 2.24003494
9.76471690 8.80184251 2.24003496
9.76472611 8.80183210 2.24003498
9.76473506 8.80182196 2.24003500
9.76474378 8.80181210 2.24003501
9.76475225 8.80180251 2.24003503
9.76476050 8.80179318 2.24003504
9.76476852 8.80178410 2.24003506
9.76477633 8.80177526 2.24003507
9.76478392 8.80176666 2.24003509
9.76479131 8.80175830 2.24003510
9.76479850 8.80175016 2.24003511
9.76480549 8.80174224 2.24003512
9.76481230 8.80173453 2.24003513
