1.79802254 3.39938632 2.83650661
1.78971944 3.38419034 2.86660287
1.78118233 3.36897880 2.89713755
1.77242093 3.35375390 2.92809688
1.76344567 3.33851834 2.95946296
1.75426770 3.32327531 2.99121364
1.74489884 3.30802858 3.02332245
1.73535160 3.29278243 3.05575860
1.72563912 3.27754175 3.08848702
1.71577513 3.26231196 3.12146846
1.70577394 3.24709907 3.15465968
1.69565033 3.23190964 3.18801366
1.68541956 3.21675077 3.22147998
1.67509722 3.20163009 3.25500510
1.66469920 3.18655571 3.28853288
1.65424161 3.17153616 3.32200503
1.64374068 3.15658041 3.35536164
1.63321267 3.14169775 3.38854179
1.62267376 3.12689778 3.42148410
1.61214000 3.11219029 3.45412742
1.60162718 3.09758528 3.48641137
1.59115073 3.08309281 3.51827700
1.58072569 3.06872297 3.54966734
1.57036655 3.05448578 3.58052795
1.56008726 3.04039117 3.61080746
1.54990107 3.02644886 3.64045794
1.53982054 3.01266831 3.66943536
1.52985748 2.99905867 3.69769984
1.52002287 2.98562871 3.72521592
1.51032687 2.97238676 3.75195273
1.50077878 2.95934069 3.77788408
1.49138702 2.94649784 3.80298849
1.48215915 2.93386501 3.82724913
1.47310185 2.92144842 3.85065378
1.46422095 2.90925368 3.87319462
1.45552144 2.89728581 3.89486805
1.44700751 2.88554920 3.91567448
1.43868256 2.87404762 3.93561805
1.43054925 2.86278423 3.95470632
1.42260954 2.85176158 3.97295000
1.41486471 2.84098163 3.99036263
1.40731544 2.83044575 4.00696024
1.39996183 2.82015477 4.02276106
1.39280343 2.81010900 4.03778520
1.38583934 2.80030821 4.05205435
1.37906818 2.79075172 4.06559153
1.37248819 2.78143841 4.07842075
1.36609725 2.77236670 4.09056687
1.35989292 2.76353468 4.10205525
1.35387249 2.75494003 4.11291164
1.34803299 2.74658015 4.12316192
1.34237125 2.73845210 4.13283198
1.33688390 2.73055271 4.14194755
1.33156745 2.72287855 4.15053404
1.32641827 2.71542599 4.15861648
1.32143263 2.70819120 4.16621939
1.31660673 2.70117021 4.17336671
1.31193670 2.69435891 4.18008171
1.30741865 2.68775305 4.18638697
1.30304867 2.68134833 4.19230433
1.29882283 2.67514034 4.19785482
1.29473720 2.66912462 4.20305869
1.29078791 2.66329669 4.20793538
1.28697108 2.65765204 4.21250350
1.28328287 2.65218612 4.21678084
1.27971953 2.64689443 4.22078436
1.27627730 2.64177244 4.22453025
1.27295254 2.63681568 4.22803387
1.26974163 2.63201969 4.23130985
1.26664105 2.62738007 4.23437203
1.26364732 2.62289245 4.23723354
1.26075707 2.61855254 4.23990680
1.25796698 2.61435609 4.24240356
1.25527382 2.61029893 4.24473489
1.25267444 2.60637696 4.24691126
1.25016577 2.60258616 4.24894253
1.24774481 2.59892256 4.25083798
1.24540866 2.59538232 4.25260635
1.24315448 2.59196163 4.25425586
1.24097953 2.58865681 4.25579422
1.23888113 2.58546423 4.25722870
1.23685670 2.58238036 4.25856610
1.23490371 2.57940177 4.25981281
1.23301973 2.57652509 4.26097481
1.23120240 2.57374705 4.26205773
1.22944943 2.57106448 4.26306681
1.22775858 2.56847427 4.26400699
1.22612773 2.56597341 4.26488286
1.22455478 2.56355897 4.26569874
1.22303773 2.56122811 4.26645867
1.22157463 2.55897806 4.26716642
1.22016359 2.55680614 4.26782550
1.21880280 2.55470974 4.26843922
1.21749049 2.55268634 4.26901064
1.21622496 2.55073349 4.26954265
1.21500456 2.54884880 4.27003793
1.21382772 2.54702998 4.27049898
1.21269288 2.54527480 4.27092813
1.21159858 2.54358110 4.27132758
1.21054337 2.54194677 4.27169936
1.20952587 2.54036980 4.27204535
1.20854475 2.53884822 4.27236734
1.20759872 2.53738013 4.27266698
1.20668653 2.53596370 4.27294579
1.20580698 2.53459714 4.27320523
1.20495891 2.53327873 4.27344662
1.20414120 2.53200682 4.27367121
1.20335277 2.53077979 4.27388016
1.20259258 2.52959609 4.27407455
1.20185961 2.52845421 4.27425540
1.20115291 2.52735270 4.27442363
1.20047153 2.52629015 4.27458013
1.19981457 2.52526521 4.27472571
1.19918115 2.52427656 4.27486112
1.19857044 2.52332293 4.27498708
1.19798163 2.52240311 4.27510424
1.19741392 2.52151590 4.27521321
1.19686657 2.52066017 4.27531456
1.19633886 2.51983481 4.27540882
1.19583006 2.51903875 4.27549649
1.19533952 2.51827096 4.27557802
1.19486657 2.51753045 4.27565385
1.19441059 2.51681627 4.27572437
1.19397097 2.51612747 4.27578995
1.19354711 2.51546317 4.27585094
1.19313847 2.51482250 4.27590765
1.19274448 2.51420464 4.27596039
1.19236463 2.51360876 4.27600944
1.19199842 2.51303410 4.27605504
1.19164534 2.51247991 4.27609745
1.19130493 2.51194546 4.27613688
1.19097674 2.51143006 4.27617355
1.19066032 2.51093302 4.27620765
1.19035526 2.51045370 4.27623935
1.19006115 2.50999147 4.27626883
1.18977760 2.50954573 4.27629624
1.18950422 2.50911588 4.27632173
1.18924065 2.50870137 4.27634543
1.18898654 2.50830165 4.27636746
1.18874155 2.50791620 4.27638795
1.18850535 2.50754450 4.27640700
1.18827763 2.50718607 4.27642471
1.18805808 2.50684045 4.27644117
1.18784641 2.50650716 4.27645648
1.18764234 2.50618578 4.27647072
1.18744559 2.50587587 4.27648395
1.18725590 2.50557704 4.27649626
1.18707302 2.50528889 4.27650769
1.18689671 2.50501103 4.27651833
1.18672672 2.50474310 4.27652822
1.18656283 2.50448475 4.27653741
1.18640483 2.50423563 4.27654596
1.18625249 2.50399542 4.27655390
1.18610563 2.50376380 4.27656129
1.18596403 2.50354046 4.27656816
1.18582751 2.50332510 4.27657454
1.18569590 2.50311745 4.27658048
1.18556900 2.50291722 4.27658600
1.18544666 2.50272416 4.27659113
1.18532871 2.50253800 4.27659590
1.18521500 2.50235851 4.27660033
1.18510536 2.50218543 4.27660446
1.18499966 2.50201855 4.27660829
1.18489775 2.50185764 4.27661185
1.18479950 2.50170248 4.27661516
1.18470478 2.50155288 4.27661824
1.18461345 2.50140864 4.27662110
1.18452540 2.50126955 4.27662377
1.18444051 2.50113545 4.27662624
1.18435867 2.50100614 4.27662854
1.18427976 2.50088147 4.27663068
1.18420368 2.50076125 4.27663267
1.18413034 2.50064534 4.27663451
1.18405962 2.50053359 4.27663623
1.18399144 2.50042583 4.27663783
1.18392571 2.50032193 4.27663931
1.18386234 2.50022175 4.27664069
1.18380124 2.50012516 4.27664198
1.18374233 2.50003203 4.27664317
1.18368554 2.49994223 4.27664428
1.18363078 2.49985565 4.27664531
1.18357799 2.49977217 4.27664627
1.18352710 2.49969168 4.27664716
1.18347802 2.49961407 4.27664798
1.18343071 2.49953925 4.27664875
1.18338510 2.49946710 4.27664947
1.18334112 2.49939754 4.27665013
1.18329872 2.49933047 4.27665075
1.18325784 2.49926580 4.27665133
1.18321843 2.49920345 4.27665186
1.18318043 2.49914333 4.27665236
1.18314380 2.49908537 4.27665282
1.18310848 2.49902948 4.27665325
1.18307442 2.49897559 4.27665365
1.18304159 2.49892364 4.27665402
1.18300994 2.49887355 4.27665436
1.18297942 2.49882525 4.27665468
1.18295000 2.49877868 4.27665498
1.18292163 2.49873378 4.27665526
1.18289428 2.49869049 4.27665552
1.18286791 2.49864876 4.27665576
1.18284248 2.49860851 4.27665598
1.18281797 2.49856971 4.27665619
1.18279434 2.49853230 4.27665638
1.18277155 2.49849623 4.27665656
1.18274958 2.49846146 4.27665672
1.18272840 2.49842793 4.27665688
1.18270798 2.49839560 4.27665702
1.18268830 2.49836443 4.27665715
1.18266931 2.49833437 4.27665728
1.18265101 2.49830540 4.27665739
1.18263337 2.49827746 4.27665750
1.18261636 2.49825052 4.27665760
1.18259996 2.49822455 4.27665769
1.18258414 2.49819951 4.27665778
1.18256890 2.49817537 4.27665786
1.18255420 2.49815209 4.27665793
1.18254002 2.49812965 4.27665800
1.18252636 2.49810801 4.27665807
1.18251319 2.49808715 4.27665813
1.18250049 2.49806703 4.27665818
1.18248824 2.49804764 4.27665823
1.18247643 2.49802894 4.27665828
1.18246505 2.49801091 4.27665833
1.18245408 2.49799353 4.27665837
1.18244349 2.49797677 4.27665841
1.18243329 2.49796061 4.27665844
1.18242346 2.49794503 4.27665848
1.18241397 2.49793001 4.27665851
1.18240483 2.49791553 4.27665854
1.18239602 2.49790157 4.27665856
1.18238752 2.49788810 4.27665859
1.18237932 2.49787512 4.27665861
1.18237142 2.49786261 4.27665863
1.18236381 2.49785054 4.27665865
1.18235646 2.49783891 4.27665867
1.18234938 2.49782769 4.27665869
1.18234255 2.49781688 4.27665870
1.18233597 2.49780645 4.27665872
1.18232963 2.49779640 4.27665873
1.18232351 2.49778670 4.27665875
1.18231761 2.49777736 4.27665876
1.18231192 2.49776835 4.27665877
1.18230644 2.49775966 4.27665878
