0.51925774 8.60232430 1.49916888
0.51095395 8.61026166 1.51233131
0.50267527 8.61814003 1.52535447
0.49442864 8.62595519 1.53822122
0.48622094 8.63370297 1.55091502
0.47805895 8.64137934 1.56341998
0.46994928 8.64898036 1.57572103
0.46189841 8.65650223 1.58780394
0.45391261 8.66394131 1.59965543
0.44599794 8.67129408 1.61126325
0.43816022 8.67855723 1.62261620
0.43040502 8.68572760 1.63370421
0.42273762 8.69280223 1.64451834
0.41516302 8.69977836 1.65505084
0.40768592 8.70665342 1.66529512
0.40031070 8.71342507 1.67524577
0.39304140 8.72009117 1.68489855
0.38588177 8.72664978 1.69425033
0.37883520 8.73309921 1.70329911
0.37190475 8.73943795 1.71204396
0.36509315 8.74566473 1.72048494
0.35840281 8.75177848 1.72862309
0.35183582 8.75777833 1.73646036
0.34539393 8.76366362 1.74399953
0.33907861 8.76943389 1.75124417
0.33289102 8.77508886 1.75819854
0.32683202 8.78062844 1.76486756
0.32090223 8.78605271 1.77125671
0.31510197 8.79136193 1.77737199
0.30943133 8.79655649 1.78321982
0.30389016 8.80163696 1.78880702
0.29847808 8.80660403 1.79414070
0.29319452 8.81145854 1.79922825
0.28803870 8.81620142 1.80407724
0.28300966 8.82083375 1.80869541
0.27810629 8.82535669 1.81309058
0.27332731 8.82977149 1.81727065
0.26867132 8.83407952 1.82124352
0.26413678 8.83828219 1.82501708
0.25972204 8.84238100 1.82859916
0.25542535 8.84637751 1.83199752
0.25124487 8.85027333 1.83521979
0.24717868 8.85407012 1.83827348
0.24322481 8.85776958 1.84116597
0.23938120 8.86137344 1.84390444
0.23564577 8.86488347 1.84649590
0.23201638 8.86830145 1.84894718
0.22849086 8.87162919 1.85126489
0.22506704 8.87486851 1.85345544
0.22174269 8.87802121 1.85552502
0.21851561 8.88108914 1.85747962
0.21538357 8.88407413 1.85932498
0.21234434 8.88697798 1.86106665
0.20939571 8.88980252 1.86270993
0.20653548 8.89254956 1.86425994
0.20376143 8.89522089 1.86572156
0.20107141 8.89781829 1.86709946
0.19846325 8.90034351 1.86839811
0.19593482 8.90279830 1.86962177
0.19348402 8.90518437 1.87077451
0.19110876 8.90750344 1.87186020
0.18880700 8.90975716 1.87288253
0.18657674 8.91194718 1.87384502
0.18441598 8.91407513 1.87475100
0.18232278 8.91614260 1.87560363
0.18029525 8.91815115 1.87640593
0.17833150 8.92010233 1.87716074
0.17642970 8.92199764 1.87787077
0.17458807 8.92383856 1.87853859
0.17280484 8.92562653 1.87916661
0.17107830 8.92736298 1.87975713
0.16940678 8.92904930 1.88031232
0.16778863 8.93068684 1.88083424
0.16622227 8.93227694 1.88132483
0.16470614 8.93382089 1.88178592
0.16323871 8.93531996 1.88221924
0.16181850 8.93677539 1.88262643
0.16044408 8.93818839 1.88300903
0.15911404 8.93956014 1.88336849
0.15782701 8.94089180 1.88370619
0.15658167 8.94218449 1.88402342
0.15537671 8.94343930 1.88432140
0.15421089 8.94465731 1.88460129
0.15308298 8.94583955 1.88486415
0.15199179 8.94698705 1.88511102
0.15093616 8.94810078 1.88534285
0.14991498 8.94918172 1.88556055
0.14892716 8.95023080 1.88576496
0.14797163 8.95124893 1.88595690
0.14704738 8.95223700 1.88613711
0.14615341 8.95319588 1.88630631
0.14528875 8.95412641 1.88646515
0.14445246 8.95502941 1.88661428
0.14364363 8.95590567 1.88675427
0.14286138 8.95675597 1.88688568
0.14210487 8.95758106 1.88700904
0.14137325 8.95838168 1.88712484
0.14066572 8.95915854 1.88723353
0.13998151 8.95991233 1.88733554
0.13931986 8.96064373 1.88743130
0.13868003 8.96135338 1.88752117
0.13806133 8.96204193 1.88760553
0.13746306 8.96271000 1.88768469
0.13688456 8.96335818 1.88775899
0.13632518 8.96398705 1.88782873
0.13578431 8.96459720 1.88789417
0.13526133 8.96518916 1.88795559
0.13475566 8.96576347 1.88801323
0.13426674 8.96632065 1.88806732
0.13379401 8.96686121 1.88811808
0.13333695 8.96738564 1.88816571
0.13289504 8.96789441 1.88821042
0.13246778 8.96838799 1.88825237
0.13205470 8.96886682 1.88829173
0.13165532 8.96933135 1.88832868
0.13126920 8.96978199 1.88836334
0.13089589 8.97021916 1.88839587
0.13053499 8.97064326 1.88842640
0.13018607 8.97105467 1.88845504
0.12984874 8.97145377 1.88848192
0.12952263 8.97184093 1.88850715
0.12920735 8.97221650 1.88853082
0.12890255 8.97258083 1.88855303
0.12860789 8.97293425 1.88857387
0.12832303 8.97327708 1.88859342
0.12804764 8.97360964 1.88861178
0.12778142 8.97393224 1.88862900
0.12752405 8.97424517 1.88864516
0.12727525 8.97454872 1.88866032
0.12703473 8.97484317 1.88867455
0.12680222 8.97512879 1.88868790
0.12657744 8.97540584 1.88870043
0.12636015 8.97567459 1.88871219
0.12615010 8.97593528 1.88872322
0.12594704 8.97618814 1.88873357
0.12575075 8.97643342 1.88874329
0.12556099 8.97667133 1.88875240
0.12537756 8.97690210 1.88876096
0.12520023 8.97712595 1.88876898
0.12502882 8.97734308 1.88877652
0.12486311 8.97755368 1.88878359
0.12470293 8.97775797 1.88879022
0.12454809 8.97795611 1.88879644
0.12439841 8.97814831 1.88880229
0.12425371 8.97833473 1.88880777
0.12411384 8.97851555 1.88881291
0.12397863 8.97869094 1.88881774
0.12384793 8.97886106 1.88882227
0.12372158 8.97902606 1.88882652
0.12359945 8.97918611 1.88883051
0.12348139 8.97934134 1.88883426
0.12336727 8.97949191 1.88883777
0.12325695 8.97963795 1.88884107
0.12315031 8.97977960 1.88884416
0.12304722 8.97991699 1.88884707
0.12294757 8.98005025 1.88884979
0.12285124 8.98017950 1.88885235
0.12275813 8.98030487 1.88885475
0.12266812 8.98042646 1.88885700
0.12258111 8.98054440 1.88885912
0.12249701 8.98065878 1.88886110
0.12241570 8.98076973 1.88886296
0.12233711 8.98087734 1.88886471
0.12226114 8.98098171 1.88886635
0.12218770 8.98108294 1.88886789
0.12211671 8.98118112 1.88886934
0.12204809 8.98127635 1.88887069
0.12198176 8.98136871 1.88887197
0.12191764 8.98145829 1.88887316
0.12185565 8.98154517 1.88887428
0.12179574 8.98162944 1.88887533
0.12173782 8.98171117 1.88887632
0.12168183 8.98179044 1.88887725
0.12162771 8.98186733 1.88887812
0.12157539 8.98194190 1.88887894
0.12152482 8.98201422 1.88887970
0.12147593 8.98208436 1.88888042
0.12142867 8.98215240 1.88888110
0.12138299 8.98221838 1.88888173
0.12133883 8.98228238 1.88888233
0.12129615 8.98234444 1.88888289
0.12125488 8.98240464 1.88888341
0.12121500 8.98246303 1.88888390
0.12117644 8.98251965 1.88888436
0.12113916 8.98257457 1.88888480
0.12110313 8.98262784 1.88888520
0.12106830 8.98267950 1.88888559
0.12103463 8.98272960 1.88888595
0.12100209 8.98277820 1.88888628
0.12097062 8.98282533 1.88888660
0.12094021 8.98287104 1.88888690
0.12091081 8.98291537 1.88888717
0.12088239 8.98295836 1.88888744
0.12085491 8.98300006 1.88888768
0.12082836 8.98304050 1.88888791
0.12080268 8.98307973 1.88888813
0.12077786 8.98311777 1.88888833
0.12075387 8.98315466 1.88888852
0.12073068 8.98319044 1.88888870
0.12070826 8.98322515 1.88888887
0.12068659 8.98325880 1.88888903
0.12066564 8.98329145 1.88888917
0.12064538 8.98332310 1.88888931
0.12062580 8.98335381 1.88888944
0.12060688 8.98338358 1.88888957
0.12058858 8.98341246 1.88888968
0.12057089 8.98344047 1.88888979
0.12055380 8.98346764 1.88888989
0.12053727 8.98349398 1.88888999
0.12052129 8.98351953 1.88889008
0.12050584 8.98354431 1.88889016
0.12049091 8.98356834 1.88889024
0.12047648 8.98359165 1.88889031
0.12046252 8.98361425 1.88889038
0.12044903 8.98363618 1.88889045
0.12043599 8.98365744 1.88889051
0.12042338 8.98367806 1.88889057
0.12041119 8.98369805 1.88889062
0.12039941 8.98371745 1.88889067
0.12038802 8.98373626 1.88889072
0.12037701 8.98375450 1.88889076
0.12036637 8.98377219 1.88889080
0.12035608 8.98378935 1.88889084
0.12034613 8.98380599 1.88889088
0.12033651 8.98382212 1.88889092
0.12032721 8.98383777 1.88889095
0.12031823 8.98385295 1.88889098
0.12030954 8.98386767 1.88889101
0.12030114 8.98388195 1.88889103
0.12029302 8.98389579 1.88889106
0.12028516 8.98390922 1.88889108
0.12027758 8.98392224 1.88889111
0.12027024 8.98393487 1.88889113
0.12026314 8.98394712 1.88889115
0.12025629 8.98395900 1.88889117
0.12024966 8.98397052 1.88889118
0.12024325 8.98398169 1.88889120
0.12023705 8.98399252 1.88889121
0.12023106 8.98400303 1.88889123
0.12022527 8.98401322 1.88889124
0.12021967 8.98402310 1.88889126
0.12021426 8.98403269 1.88889127
0.12020903 8.98404198 1.88889128
0.12020397 8.98405100 1.88889129
