3.53807897 7.59752571 2.00538008
3.54352017 7.59105699 2.01251279
3.54892739 7.58459836 2.01959504
3.55429951 7.57815076 2.02662469
3.55963547 7.57171515 2.03359967
3.56493428 7.56529249 2.04051801
3.57019502 7.55888377 2.04737779
3.57541682 7.55248999 2.05417720
3.58059889 7.54611215 2.06091447
3.58574049 7.53975127 2.06758795
3.59084095 7.53340838 2.07419605
3.59589965 7.52708452 2.08073727
3.60091603 7.52078072 2.08721017
3.60588959 7.51449802 2.09361340
3.61081988 7.50823746 2.09994571
3.61570652 7.50200009 2.10620590
3.62054916 7.49578694 2.11239286
3.62534751 7.48959904 2.11850554
3.63010132 7.48343743 2.12454300
3.63481040 7.47730313 2.13050434
3.63947460 7.47119714 2.13638875
3.64409379 7.46512047 2.14219549
3.64866793 7.45907412 2.14792390
3.65319696 7.45305906 2.15357337
3.65768089 7.44707625 2.15914338
3.66211976 7.44112663 2.16463346
3.66651365 7.43521115 2.17004322
3.67086265 7.42933071 2.17537232
3.67516689 7.42348620 2.18062051
3.67942653 7.41767850 2.18578758
3.68364176 7.41190844 2.19087338
3.68781277 7.40617687 2.19587783
3.69193981 7.40048459 2.20080092
3.69602311 7.39483236 2.20564266
3.70006294 7.38922096 2.21040315
3.70405960 7.38365109 2.21508254
3.70801337 7.37812347 2.21968101
3.71192458 7.37263876 2.22419881
3.71579356 7.36719761 2.22863624
3.71962063 7.36180064 2.23299363
3.72340617 7.35644844 2.23727139
3.72715052 7.35114156 2.24146994
3.73085406 7.34588053 2.24558977
3.73451717 7.34066585 2.24963138
3.73814022 7.33549799 2.25359535
3.74172361 7.33037739 2.25748227
3.74526774 7.32530446 2.26129277
3.74877299 7.32027958 2.26502753
3.75223977 7.31530309 2.26868725
3.75566849 7.31037532 2.27227265
3.75905955 7.30549655 2.27578451
3.76241336 7.30066705 2.27922363
3.76573032 7.29588704 2.28259081
3.76901085 7.29115672 2.28588690
3.77225534 7.28647628 2.28911278
3.77546422 7.28184584 2.29226933
3.77863787 7.27726554 2.29535746
3.78177671 7.27273545 2.29837809
3.78488115 7.26825564 2.30133218
3.78795156 7.26382615 2.30422068
3.79098837 7.25944699 2.30704456
3.79399195 7.25511814 2.30980481
3.79696270 7.25083956 2.31250242
3.79990101 7.24661120 2.31513841
3.80280726 7.24243295 2.31771377
3.80568183 7.23830473 2.32022954
3.80852511 7.23422638 2.32268673
3.81133745 7.23019777 2.32508636
3.81411924 7.22621871 2.32742948
3.81687084 7.22228902 2.32971710
3.81959261 7.21840849 2.33195027
3.82228490 7.21457688 2.33413000
3.82494808 7.21079395 2.33625733
3.82758248 7.20705943 2.33833327
3.83018845 7.20337304 2.34035886
3.83276633 7.19973450 2.34233509
3.83531646 7.19614347 2.34426299
3.83783916 7.19259966 2.34614354
3.84033477 7.18910270 2.34797775
3.84280361 7.18565226 2.34976660
3.84524600 7.18224798 2.35151106
3.84766224 7.17888947 2.35321210
3.85005265 7.17557636 2.35487068
3.85241754 7.17230826 2.35648774
3.85475721 7.16908475 2.35806421
3.85707195 7.16590543 2.35960101
3.85936206 7.16276988 2.36109906
3.86162783 7.15967768 2.36255925
3.86386954 7.15662839 2.36398245
3.86608747 7.15362157 2.36536955
3.86828191 7.15065678 2.36672140
3.87045312 7.14773356 2.36803883
3.87260138 7.14485147 2.36932269
3.87472696 7.14201005 2.37057377
3.87683011 7.13920883 2.37179289
3.87891110 7.13644735 2.37298081
3.88097019 7.13372514 2.37413833
3.88300762 7.13104174 2.37526618
3.88502364 7.12839667 2.37636512
3.88701850 7.12578946 2.37743586
3.88899245 7.12321964 2.37847912
3.89094573 7.12068673 2.37949560
3.89287856 7.11819027 2.38048597
3.89479118 7.11572978 2.38145091
3.89668383 7.11330478 2.38239107
3.89855673 7.11091481 2.38330708
3.90041011 7.10855940 2.38419958
3.90224418 7.10623807 2.38506917
3.90405917 7.10395035 2.38591644
3.90585529 7.10169580 2.38674199
3.90763275 7.09947393 2.38754638
3.90939177 7.09728429 2.38833016
3.91113255 7.09512643 2.38909388
3.91285531 7.09299988 2.38983807
3.91456023 7.09090420 2.39056325
3.91624753 7.08883894 2.39126991
3.91791739 7.08680365 2.39195855
3.91957002 7.08479789 2.39262965
3.92120561 7.08282123 2.39328367
3.92282435 7.08087322 2.39392108
3.92442643 7.07895345 2.39454231
3.92601203 7.07706148 2.39514779
3.92758133 7.07519690 2.39573795
3.92913453 7.07335928 2.39631320
3.93067180 7.07154822 2.39687393
3.93219331 7.06976330 2.39742054
3.93369924 7.06800412 2.39795341
3.93518977 7.06627029 2.39847290
3.93666507 7.06456141 2.39897936
3.93812530 7.06287708 2.39947316
3.93957063 7.06121693 2.39995463
3.94100124 7.05958057 2.40042410
3.94241727 7.05796764 2.40088189
3.94381890 7.05637775 2.40132832
3.94520629 7.05481054 2.40176369
3.94657958 7.05326566 2.40218830
3.94793894 7.05174274 2.40260243
3.94928452 7.05024144 2.40300637
3.95061648 7.04876141 2.40340038
3.95193496 7.04730231 2.40378473
3.95324012 7.04586380 2.40415969
3.95453210 7.04444555 2.40452550
3.95581105 7.04304724 2.40488240
3.95707710 7.04166854 2.40523063
3.95833041 7.04030914 2.40557043
3.95957112 7.03896873 2.40590201
3.96079936 7.03764699 2.40622559
3.96201527 7.03634362 2.40654139
3.96321899 7.03505833 2.40684962
3.96441065 7.03379083 2.40715046
3.96559039 7.03254082 2.40744412
3.96675833 7.03130802 2.40773078
3.96791461 7.03009215 2.40801063
3.96905936 7.02889294 2.40828385
3.97019269 7.02771012 2.40855061
3.97131475 7.02654342 2.40881108
3.97242565 7.02539257 2.40906542
3.97352552 7.02425733 2.40931380
3.97461447 7.02313743 2.40955636
3.97569263 7.02203263 2.40979327
3.97676012 7.02094268 2.41002466
3.97781705 7.01986735 2.41025068
3.97886354 7.01880639 2.41047146
3.97989970 7.01775958 2.41068715
3.98092565 7.01672668 2.41089787
3.98194151 7.01570747 2.41110375
3.98294737 7.01470173 2.41130492
3.98394336 7.01370924 2.41150149
3.98492958 7.01272979 2.41169357
3.98590613 7.01176317 2.41188130
3.98687312 7.01080917 2.41206477
3.98783067 7.00986759 2.41224409
3.98877886 7.00893823 2.41241937
3.98971781 7.00802090 2.41259071
3.99064762 7.00711540 2.41275821
3.99156838 7.00622154 2.41292197
3.99248019 7.00533914 2.41308207
3.99338316 7.00446802 2.41323861
3.99427738 7.00360799 2.41339168
3.99516294 7.00275889 2.41354136
3.99603994 7.00192054 2.41368775
3.99690848 7.00109276 2.41383091
3.99776864 7.00027540 2.41397093
3.99862051 6.99946828 2.41410788
3.99946420 6.99867125 2.41424185
4.00029978 6.99788416 2.41437290
4.00112734 6.99710683 2.41450111
4.00194698 6.99633913 2.41462654
4.00275878 6.99558090 2.41474927
4.00356282 6.99483200 2.41486935
4.00435919 6.99409227 2.41498685
4.00514797 6.99336159 2.41510184
4.00592924 6.99263980 2.41521437
4.00670309 6.99192678 2.41532450
4.00746959 6.99122238 2.41543229
4.00822883 6.99052648 2.41553780
4.00898089 6.98983895 2.41564108
4.00972583 6.98915965 2.41574218
4.01046374 6.98848847 2.41584115
4.01119470 6.98782528 2.41593805
4.01191878 6.98716995 2.41603293
4.01263605 6.98652238 2.41612582
4.01334659 6.98588245 2.41621678
4.01405047 6.98525003 2.41630585
4.01474775 6.98462502 2.41639308
4.01543852 6.98400731 2.41647851
4.01612285 6.98339678 2.41656218
4.01680079 6.98279334 2.41664413
4.01747242 6.98219688 2.41672440
4.01813781 6.98160729 2.41680303
4.01879703 6.98102447 2.41688006
4.01945013 6.98044833 2.41695552
4.02009719 6.97987876 2.41702945
4.02073826 6.97931568 2.41710189
4.02137343 6.97875898 2.41717286
4.02200273 6.97820857 2.41724241
4.02262625 6.97766437 2.41731055
4.02324404 6.97712628 2.41737734
4.02385615 6.97659421 2.41744279
4.02446266 6.97606809 2.41750693
4.02506362 6.97554782 2.41756980
4.02565909 6.97503332 2.41763142
4.02624912 6.97452451 2.41769182
4.02683378 6.97402131 2.41775103
4.02741312 6.97352364 2.41780907
4.02798720 6.97303142 2.41786597
4.02855607 6.97254457 2.41792176
4.02911979 6.97206303 2.41797646
4.02967841 6.97158672 2.41803009
4.03023198 6.97111555 2.41808267
4.03078056 6.97064948 2.41813424
4.03132420 6.97018841 2.41818480
4.03186296 6.96973229 2.41823439
4.03239687 6.96928104 2.41828302
4.03292600 6.96883461 2.41833072
4.03345039 6.96839292 2.41837750
4.03397009 6.96795590 2.41842339
4.03448516 6.96752351 2.41846840
4.03499563 6.96709566 2.41851255
4.03550156 6.96667231 2.41855586
4.03600299 6.96625340 2.41859835
4.03649997 6.96583885 2.41864003
4.03699255 6.96542863 2.41868093
4.03748077 6.96502265 2.41872106
4.03796467 6.96462088 2.41876043
4.03844430 6.96422326 2.41879906
4.03891971 6.96382973 2.41883697
4.03939093 6.96344024 2.41887417
4.03985802 6.96305473 2.41891068
4.04032101 6.96267315 2.41894650
4.04077994 6.96229546 2.41898167
4.04123485 6.96192160 2.41901618
4.04168580 6.96155152 2.41905005
4.04213280 6.96118517 2.41908330
4.04257592 6.96082251 2.41911593
4.04301518 6.96046349 2.41914797
4.04345063 6.96010807 2.41917942
4.04388230 6.95975619 2.41921029
4.04431023 6.95940781 2.41924060
4.04473446 6.95906289 2.41927036
4.04515503 6.95872138 2.41929958
4.04557197 6.95838325 2.41932826
4.04598532 6.95804844 2.41935643
4.04639511 6.95771693 2.41938409
4.04680139 6.95738866 2.41941125
4.04720418 6.95706360 2.41943792
4.04760352 6.95674171 2.41946411
4.04799945 6.95642294 2.41948983
4.04839200 6.95610727 2.41951509
4.04878120 6.95579465 2.41953990
4.04916708 6.95548504 2.41956426
4.04954969 6.95517841 2.41958820
4.04992904 6.95487473 2.41961170
4.05030518 6.95457395 2.41963480
4.05067814 6.95427605 2.41965748
4.05104794 6.95398098 2.41967976
4.05141461 6.95368872 2.41970165
4.05177820 6.95339923 2.41972316
4.05213872 6.95311247 2.41974428
4.05249621 6.95282842 2.41976504
4.05285070 6.95254705 2.41978543
4.05320222 6.95226832 2.41980547
4.05355079 6.95199219 2.41982516
4.05389644 6.95171865 2.41984450
4.05423921 6.95144766 2.41986351
4.05457912 6.95117919 2.41988219
4.05491619 6.95091321 2.41990055
4.05525046 6.95064969 2.41991859
4.05558196 6.95038861 2.41993632
4.05591070 6.95012993 2.41995374
4.05623672 6.94987364 2.41997086
4.05656004 6.94961969 2.41998769
4.05688069 6.94936807 2.42000423
4.05719869 6.94911875 2.42002049
4.05751407 6.94887170 2.42003647
4.05782685 6.94862689 2.42005218
4.05813706 6.94838431 2.42006762
4.05844473 6.94814393 2.42008280
4.05874987 6.94790572 2.42009773
4.05905251 6.94766965 2.42011240
4.05935267 6.94743571 2.42012682
4.05965039 6.94720387 2.42014099
4.05994567 6.94697411 2.42015493
4.06023855 6.94674640 2.42016864
4.06052904 6.94652072 2.42018211
4.06081717 6.94629705 2.42019536
4.06110297 6.94607537 2.42020839
4.06138644 6.94585565 2.42022120
4.06166762 6.94563788 2.42023379
4.06194653 6.94542204 2.42024618
4.06222318 6.94520809 2.42025836
4.06249760 6.94499603 2.42027034
4.06276981 6.94478583 2.42028212
4.06303983 6.94457747 2.42029370
4.06330767 6.94437093 2.42030509
4.06357337 6.94416620 2.42031630
4.06383693 6.94396325 2.42032732
4.06409839 6.94376206 2.42033816
4.06435775 6.94356262 2.42034882
4.06461504 6.94336491 2.42035930
4.06487027 6.94316891 2.42036962
4.06512348 6.94297460 2.42037976
4.06537466 6.94278196 2.42038974
4.06562385 6.94259098 2.42039956
4.06587105 6.94240164 2.42040921
4.06611630 6.94221392 2.42041871
4.06635960 6.94202780 2.42042806
4.06660098 6.94184327 2.42043725
4.06684044 6.94166032 2.42044630
4.06707802 6.94147892 2.42045519
4.06731372 6.94129906 2.42046395
4.06754756 6.94112073 2.42047256
4.06777956 6.94094391 2.42048104
4.06800974 6.94076858 2.42048938
4.06823811 6.94059472 2.42049758
4.06846469 6.94042233 2.42050565
4.06868949 6.94025139 2.42051360
4.06891253 6.94008189 2.42052141
4.06913383 6.93991380 2.42052910
4.06935340 6.93974712 2.42053667
4.06957125 6.93958183 2.42054412
4.06978741 6.93941792 2.42055145
4.07000188 6.93925537 2.42055867
4.07021469 6.93909417 2.42056576
4.07042584 6.93893431 2.42057275
4.07063536 6.93877577 2.42057963
4.07084324 6.93861854 2.42058639
4.07104952 6.93846261 2.42059305
4.07125421 6.93830797 2.42059961
4.07145731 6.93815460 2.42060606
4.07165884 6.93800249 2.42061241
4.07185882 6.93785162 2.42061866
4.07205725 6.93770199 2.42062481
4.07225416 6.93755359 2.42063087
4.07244956 6.93740640 2.42063683
4.07264345 6.93726040 2.42064270
4.07283586 6.93711560 2.42064847
4.07302679 6.93697197 2.42065416
4.07321626 6.93682951 2.42065976
4.07340428 6.93668820 2.42066527
4.07359086 6.93654804 2.42067069
4.07377602 6.93640901 2.42067603
4.07395976 6.93627110 2.42068129
4.07414211 6.93613431 2.42068647
4.07432306 6.93599861 2.42069156
4.07450264 6.93586401 2.42069658
4.07468086 6.93573048 2.42070152
4.07485772 6.93559803 2.42070638
4.07503324 6.93546663 2.42071117
4.07520743 6.93533629 2.42071588
4.07538030 6.93520698 2.42072053
4.07555186 6.93507871 2.42072510
4.07572213 6.93495146 2.42072960
4.07589111 6.93482521 2.42073403
4.07605881 6.93469997 2.42073840
4.07622526 6.93457573 2.42074269
4.07639045 6.93445247 2.42074693
4.07655439 6.93433018 2.42075109
4.07671711 6.93420886 2.42075520
4.07687860 6.93408849 2.42075924
4.07703888 6.93396907 2.42076322
4.07719796 6.93385060 2.42076714
4.07735585 6.93373305 2.42077100
4.07751256 6.93361643 2.42077480
4.07766809 6.93350072 2.42077854
4.07782246 6.93338591 2.42078223
4.07797569 6.93327200 2.42078586
4.07812776 6.93315899 2.42078944
4.07827871 6.93304685 2.42079296
4.07842853 6.93293559 2.42079643
4.07857724 6.93282519 2.42079985
4.07872484 6.93271565 2.42080321
4.07887135 6.93260697 2.42080653
4.07901677 6.93249912 2.42080979
4.07916111 6.93239211 2.42081301
4.07930438 6.93228593 2.42081618
4.07944659 6.93218056 2.42081930
4.07958775 6.93207601 2.42082237
4.07972787 6.93197227 2.42082540
4.07986695 6.93186933 2.42082838
4.08000501 6.93176717 2.42083132
4.08014205 6.93166581 2.42083422
4.08027808 6.93156522 2.42083707
4.08041311 6.93146540 2.42083988
4.08054714 6.93136634 2.42084264
4.08068019 6.93126805 2.42084537
4.08081226 6.93117050 2.42084806
4.08094337 6.93107370 2.42085070
4.08107351 6.93097764 2.42085331
4.08120270 6.93088231 2.42085588
4.08133095 6.93078770 2.42085841
4.08145825 6.93069381 2.42086090
4.08158463 6.93060064 2.42086336
4.08171008 6.93050817 2.42086578
4.08183461 6.93041641 2.42086816
4.08195824 6.93032534 2.42087051
4.08208097 6.93023495 2.42087282
4.08220280 6.93014525 2.42087510
4.08232375 6.93005623 2.42087735
4.08244382 6.92996788 2.42087957
4.08256301 6.92988019 2.42088175
4.08268134 6.92979316 2.42088390
4.08279881 6.92970679 2.42088601
4.08291543 6.92962107 2.42088810
4.08303120 6.92953599 2.42089016
4.08314614 6.92945154 2.42089218
4.08326024 6.92936773 2.42089418
4.08337352 6.92928455 2.42089615
4.08348598 6.92920199 2.42089809
4.08359763 6.92912004 2.42090000
4.08370847 6.92903871 2.42090188
4.08381851 6.92895798 2.42090374
4.08392776 6.92887786 2.42090557
4.08403622 6.92879833 2.42090737
4.08414391 6.92871939 2.42090915
4.08425081 6.92864104 2.42091090
4.08435695 6.92856326 2.42091262
4.08446233 6.92848607 2.42091432
4.08456695 6.92840945 2.42091600
4.08467082 6.92833339 2.42091765
4.08477394 6.92825790 2.42091928
4.08487633 6.92818296 2.42092088
4.08497798 6.92810858 2.42092246
4.08507890 6.92803475 2.42092402
4.08517911 6.92796146 2.42092555
4.08527859 6.92788871 2.42092707
4.08537737 6.92781649 2.42092856
4.08547544 6.92774481 2.42093003
4.08557281 6.92767365 2.42093148
4.08566949 6.92760302 2.42093291
4.08576548 6.92753290 2.42093432
4.08586078 6.92746330 2.42093570
4.08595541 6.92739421 2.42093707
4.08604936 6.92732562 2.42093842
4.08614264 6.92725753 2.42093975
4.08623527 6.92718994 2.42094106
4.08632723 6.92712285 2.42094235
4.08641854 6.92705624 2.42094362
4.08650921 6.92699012 2.42094488
4.08659923 6.92692448 2.42094611
4.08668861 6.92685932 2.42094733
4.08677737 6.92679463 2.42094854
4.08686549 6.92673041 2.42094972
4.08695299 6.92666666 2.42095089
4.08703987 6.92660337 2.42095204
4.08712614 6.92654054 2.42095317
4.08721180 6.92647816 2.42095429
4.08729685 6.92641624 2.42095540
4.08738130 6.92635476 2.42095648
4.08746516 6.92629373 2.42095756
4.08754843 6.92623314 2.42095861
4.08763111 6.92617299 2.42095965
4.08771321 6.92611327 2.42096068
4.08779473 6.92605398 2.42096169
4.08787568 6.92599512 2.42096269
4.08795606 6.92593668 2.42096368
4.08803588 6.92587866 2.42096465
4.08811513 6.92582106 2.42096560
4.08819383 6.92576387 2.42096655
4.08827198 6.92570710 2.42096748
4.08834957 6.92565073 2.42096839
4.08842663 6.92559476 2.42096930
4.08850315 6.92553920 2.42097019
4.08857913 6.92548403 2.42097107
4.08865458 6.92542926 2.42097193
4.08872950 6.92537488 2.42097279
4.08880389 6.92532089 2.42097363
4.08887777 6.92526728 2.42097446
4.08895113 6.92521406 2.42097528
4.08902398 6.92516121 2.42097608
4.08909633 6.92510875 2.42097688
4.08916816 6.92505665 2.42097766
4.08923950 6.92500493 2.42097844
4.08931034 6.92495358 2.42097920
4.08938069 6.92490259 2.42097995
4.08945054 6.92485196 2.42098069
4.08951992 6.92480169 2.42098143
4.08958880 6.92475178 2.42098215
4.08965721 6.92470222 2.42098286
4.08972515 6.92465302 2.42098356
4.08979261 6.92460416 2.42098425
4.08985961 6.92455565 2.42098493
4.08992614 6.92450748 2.42098560
4.08999221 6.92445965 2.42098627
4.09005782 6.92441217 2.42098692
4.09012297 6.92436501 2.42098757
4.09018768 6.92431819 2.42098820
4.09025194 6.92427170 2.42098883
4.09031575 6.92422554 2.42098945
4.09037912 6.92417970 2.42099006
4.09044205 6.92413419 2.42099066
4.09050455 6.92408899 2.42099125
4.09056662 6.92404412 2.42099183
4.09062825 6.92399956 2.42099241
4.09068947 6.92395531 2.42099298
4.09075026 6.92391138 2.42099354
4.09081063 6.92386775 2.42099409
4.09087058 6.92382443 2.42099464
4.09093012 6.92378141 2.42099518
4.09098925 6.92373869 2.42099571
4.09104798 6.92369628 2.42099623
4.09110630 6.92365416 2.42099674
4.09116422 6.92361233 2.42099725
4.09122174 6.92357080 2.42099776
4.09127886 6.92352956 2.42099825
4.09133559 6.92348861 2.42099874
4.09139193 6.92344794 2.42099922
4.09144789 6.92340756 2.42099969
4.09150346 6.92336746 2.42100016
4.09155865 6.92332764 2.42100062
4.09161346 6.92328809 2.42100108
4.09166790 6.92324882 2.42100153
4.09172196 6.92320983 2.42100197
4.09177565 6.92317111 2.42100241
4.09182898 6.92313265 2.42100284
4.09188193 6.92309447 2.42100326
4.09193453 6.92305655 2.42100368
4.09198677 6.92301889 2.42100409
4.09203865 6.92298149 2.42100450
4.09209017 6.92294436 2.42100490
4.09214134 6.92290748 2.42100530
4.09219217 6.92287086 2.42100569
4.09224264 6.92283449 2.42100608
4.09229277 6.92279837 2.42100646
4.09234256 6.92276251 2.42100683
4.09239201 6.92272689 2.42100720
4.09244112 6.92269152 2.42100757
4.09248990 6.92265639 2.42100793
4.09253834 6.92262151 2.42100828
4.09258646 6.92258686 2.42100863
4.09263424 6.92255246 2.42100898
4.09268170 6.92251830 2.42100932
4.09272884 6.92248437 2.42100966
4.09277566 6.92245067 2.42100999
4.09282216 6.92241721 2.42101031
4.09286834 6.92238398 2.42101064
4.09291421 6.92235097 2.42101096
4.09295977 6.92231820 2.42101127
4.09300501 6.92228565 2.42101158
4.09304995 6.92225332 2.42101188
4.09309459 6.92222122 2.42101219
4.09313892 6.92218934 2.42101248
4.09318295 6.92215767 2.42101278
4.09322668 6.92212623 2.42101307
4.09327011 6.92209500 2.42101335
4.09331326 6.92206398 2.42101363
4.09335610 6.92203318 2.42101391
4.09339866 6.92200259 2.42101418
4.09344093 6.92197221 2.42101445
4.09348291 6.92194203 2.42101472
4.09352461 6.92191207 2.42101498
4.09356603 6.92188231 2.42101524
4.09360717 6.92185275 2.42101550
4.09364803 6.92182340 2.42101575
4.09368861 6.92179424 2.42101600
4.09372891 6.92176529 2.42101624
4.09376895 6.92173653 2.42101649
4.09380871 6.92170797 2.42101672
4.09384821 6.92167961 2.42101696
4.09388744 6.92165144 2.42101719
4.09392640 6.92162346 2.42101742
4.09396511 6.92159568 2.42101765
4.09400355 6.92156808 2.42101787
4.09404173 6.92154067 2.42101809
4.09407965 6.92151345 2.42101831
4.09411732 6.92148641 2.42101852
4.09415473 6.92145956 2.42101873
4.09419189 6.92143289 2.42101894
4.09422880 6.92140641 2.42101915
4.09426547 6.92138010 2.42101935
4.09430188 6.92135397 2.42101955
4.09433805 6.92132802 2.42101975
4.09437398 6.92130225 2.42101994
4.09440967 6.92127665 2.42102014
4.09444511 6.92125122 2.42102033
4.09448032 6.92122597 2.42102051
4.09451529 6.92120089 2.42102070
4.09455002 6.92117598 2.42102088
4.09458452 6.92115124 2.42102106
4.09461879 6.92112667 2.42102124
4.09465283 6.92110227 2.42102141
4.09468664 6.92107803 2.42102158
4.09472023 6.92105395 2.42102175
4.09475359 6.92103004 2.42102192
4.09478672 6.92100629 2.42102209
4.09481963 6.92098270 2.42102225
4.09485233 6.92095927 2.42102241
4.09488480 6.92093600 2.42102257
4.09491705 6.92091289 2.42102273
4.09494909 6.92088993 2.42102288
4.09498091 6.92086713 2.42102304
4.09501252 6.92084448 2.42102319
4.09504392 6.92082198 2.42102334
4.09507511 6.92079964 2.42102348
4.09510609 6.92077745 2.42102363
4.09513686 6.92075541 2.42102377
4.09516743 6.92073352 2.42102391
4.09519779 6.92071177 2.42102405
4.09522795 6.92069018 2.42102419
4.09525791 6.92066872 2.42102432
4.09528766 6.92064742 2.42102446
4.09531722 6.92062625 2.42102459
4.09534658 6.92060523 2.42102472
4.09537574 6.92058435 2.42102485
4.09540471 6.92056361 2.42102497
4.09543349 6.92054302 2.42102510
4.09546207 6.92052256 2.42102522
4.09549046 6.92050223 2.42102534
4.09551866 6.92048205 2.42102546
4.09554668 6.92046200 2.42102558
4.09557451 6.92044208 2.42102570
4.09560215 6.92042230 2.42102581
4.09562961 6.92040266 2.42102592
4.09565688 6.92038314 2.42102604
4.09568397 6.92036376 2.42102615
4.09571088 6.92034450 2.42102626
4.09573762 6.92032538 2.42102636
4.09576417 6.92030638 2.42102647
4.09579055 6.92028751 2.42102658
4.09581675 6.92026877 2.42102668
4.09584277 6.92025016 2.42102678
4.09586863 6.92023167 2.42102688
4.09589431 6.92021330 2.42102698
4.09591982 6.92019505 2.42102708
4.09594516 6.92017693 2.42102718
4.09597033 6.92015893 2.42102727
4.09599534 6.92014105 2.42102737
4.09602018 6.92012329 2.42102746
4.09604485 6.92010565 2.42102755
4.09606936 6.92008813 2.42102764
4.09609370 6.92007073 2.42102773
4.09611789 6.92005344 2.42102782
4.09614191 6.92003627 2.42102790
4.09616577 6.92001921 2.42102799
4.09618948 6.92000227 2.42102807
4.09621303 6.91998544 2.42102816
4.09623642 6.91996872 2.42102824
4.09625965 6.91995211 2.42102832
4.09628273 6.91993562 2.42102840
4.09630566 6.91991923 2.42102848
4.09632844 6.91990296 2.42102856
4.09635106 6.91988679 2.42102864
4.09637354 6.91987073 2.42102871
4.09639586 6.91985478 2.42102879
4.09641804 6.91983894 2.42102886
4.09644007 6.91982320 2.42102893
4.09646196 6.91980757 2.42102901
4.09648370 6.91979204 2.42102908
4.09650529 6.91977661 2.42102915
4.09652674 6.91976129 2.42102922
4.09654805 6.91974607 2.42102929
4.09656922 6.91973095 2.42102935
4.09659025 6.91971593 2.42102942
4.09661114 6.91970101 2.42102949
4.09663189 6.91968619 2.42102955
4.09665250 6.91967147 2.42102961
4.09667298 6.91965685 2.42102968
4.09669332 6.91964233 2.42102974
4.09671353 6.91962790 2.42102980
4.09673360 6.91961357 2.42102986
4.09675354 6.91959933 2.42102992
4.09677335 6.91958519 2.42102998
4.09679302 6.91957114 2.42103004
4.09681257 6.91955719 2.42103010
4.09683199 6.91954333 2.42103015
4.09685128 6.91952956 2.42103021
4.09687044 6.91951588 2.42103026
4.09688947 6.91950229 2.42103032
4.09690838 6.91948880 2.42103037
4.09692717 6.91947539 2.42103043
4.09694583 6.91946207 2.42103048
4.09696436 6.91944885 2.42103053
4.09698278 6.91943570 2.42103058
4.09700107 6.91942265 2.42103063
4.09701924 6.91940968 2.42103068
4.09703729 6.91939680 2.42103073
4.09705523 6.91938401 2.42103078
4.09707304 6.91937130 2.42103083
4.09709074 6.91935867 2.42103087
4.09710832 6.91934613 2.42103092
4.09712578 6.91933367 2.42103097
4.09714313 6.91932129 2.42103101
4.09716036 6.91930900 2.42103106
4.09717748 6.91929679 2.42103110
4.09719449 6.91928465 2.42103114
4.09721138 6.91927260 2.42103119
4.09722817 6.91926063 2.42103123
4.09724484 6.91924874 2.42103127
4.09726140 6.91923693 2.42103131
4.09727786 6.91922519 2.42103135
4.09729420 6.91921353 2.42103139
4.09731044 6.91920195 2.42103143
4.09732657 6.91919045 2.42103147
4.09734260 6.91917902 2.42103151
4.09735852 6.91916767 2.42103155
4.09737433 6.91915639 2.42103159
4.09739004 6.91914519 2.42103162
4.09740565 6.91913406 2.42103166
4.09742115 6.91912301 2.42103170
4.09743655 6.91911203 2.42103173
4.09745185 6.91910112 2.42103177
4.09746705 6.91909028 2.42103180
4.09748215 6.91907952 2.42103183
4.09749715 6.91906883 2.42103187
4.09751205 6.91905820 2.42103190
4.09752685 6.91904765 2.42103194
4.09754156 6.91903717 2.42103197
4.09755617 6.91902675 2.42103200
4.09757068 6.91901641 2.42103203
4.09758510 6.91900613 2.42103206
4.09759942 6.91899592 2.42103209
4.09761365 6.91898578 2.42103212
4.09762778 6.91897571 2.42103215
4.09764182 6.91896570 2.42103218
4.09765577 6.91895576 2.42103221
4.09766963 6.91894588 2.42103224
4.09768340 6.91893607 2.42103227
4.09769707 6.91892633 2.42103230
4.09771066 6.91891665 2.42103233
4.09772416 6.91890703 2.42103235
4.09773757 6.91889747 2.42103238
4.09775089 6.91888798 2.42103241
4.09776412 6.91887855 2.42103243
4.09777727 6.91886919 2.42103246
4.09779032 6.91885988 2.42103248
4.09780330 6.91885064 2.42103251
4.09781619 6.91884146 2.42103254
4.09782899 6.91883233 2.42103256
4.09784171 6.91882327 2.42103258
4.09785435 6.91881427 2.42103261
4.09786690 6.91880533 2.42103263
4.09787937 6.91879644 2.42103266
4.09789176 6.91878762 2.42103268
4.09790407 6.91877885 2.42103270
4.09791630 6.91877014 2.42103272
4.09792844 6.91876149 2.42103275
4.09794051 6.91875289 2.42103277
4.09795250 6.91874435 2.42103279
4.09796441 6.91873587 2.42103281
4.09797624 6.91872745 2.42103283
4.09798799 6.91871907 2.42103285
4.09799967 6.91871076 2.42103287
4.09801127 6.91870250 2.42103289
4.09802279 6.91869429 2.42103291
4.09803424 6.91868614 2.42103293
4.09804561 6.91867804 2.42103295
4.09805691 6.91866999 2.42103297
4.09806814 6.91866200 2.42103299
4.09807929 6.91865406 2.42103301
4.09809037 6.91864617 2.42103303
4.09810137 6.91863833 2.42103305
4.09811231 6.91863055 2.42103306
4.09812317 6.91862281 2.42103308
4.09813396 6.91861513 2.42103310
4.09814468 6.91860750 2.42103312
4.09815533 6.91859992 2.42103313
4.09816591 6.91859238 2.42103315
4.09817642 6.91858490 2.42103317
4.09818686 6.91857747 2.42103318
4.09819723 6.91857008 2.42103320
4.09820754 6.91856275 2.42103321
4.09821778 6.91855546 2.42103323
4.09822795 6.91854822 2.42103325
4.09823805 6.91854102 2.42103326
4.09824809 6.91853388 2.42103328
4.09825806 6.91852678 2.42103329
4.09826797 6.91851973 2.42103331
4.09827781 6.91851272 2.42103332
4.09828759 6.91850576 2.42103333
4.09829730 6.91849885 2.42103335
4.09830695 6.91849198 2.42103336
4.09831654 6.91848515 2.42103338
4.09832607 6.91847838 2.42103339
4.09833553 6.91847164 2.42103340
4.09834493 6.91846495 2.42103342
4.09835427 6.91845830 2.42103343
4.09836355 6.91845170 2.42103344
4.09837276 6.91844514 2.42103346
4.09838192 6.91843862 2.42103347
4.09839102 6.91843215 2.42103348
4.09840005 6.91842572 2.42103349
4.09840903 6.91841933 2.42103351
4.09841795 6.91841298 2.42103352
4.09842681 6.91840668 2.42103353
4.09843562 6.91840041 2.42103354
4.09844436 6.91839419 2.42103355
4.09845305 6.91838801 2.42103356
4.09846168 6.91838186 2.42103357
4.09847026 6.91837576 2.42103359
4.09847878 6.91836970 2.42103360
4.09848724 6.91836368 2.42103361
4.09849565 6.91835770 2.42103362
4.09850400 6.91835175 2.42103363
4.09851230 6.91834585 2.42103364
4.09852055 6.91833998 2.42103365
4.09852874 6.91833415 2.42103366
