6.42838977 6.00576245 1.60261798
6.42391917 6.00839872 1.60531340
6.41942341 6.01100557 1.60801578
6.41490336 6.01358260 1.61072443
6.41035991 6.01612946 1.61343865
6.40579397 6.01864582 1.61615774
6.40120645 6.02113135 1.61888097
6.39659831 6.02358575 1.62160761
6.39197048 6.02600875 1.62433693
6.38732394 6.02840009 1.62706818
6.38265966 6.03075953 1.62980059
6.37797865 6.03308687 1.63253341
6.37328190 6.03538190 1.63526586
6.36857043 6.03764446 1.63799716
6.36384526 6.03987439 1.64072653
6.35910743 6.04207156 1.64345319
6.35435798 6.04423588 1.64617634
6.34959796 6.04636724 1.64889519
6.34482841 6.04846558 1.65160895
6.34005040 6.05053085 1.65431683
6.33526499 6.05256303 1.65701802
6.33047325 6.05456211 1.65971174
6.32567623 6.05652810 1.66239720
6.32087500 6.05846104 1.66507362
6.31607064 6.06036097 1.66774020
6.31126420 6.06222797 1.67039619
6.30645675 6.06406213 1.67304079
6.30164935 6.06586355 1.67567327
6.29684304 6.06763236 1.67829286
6.29203888 6.06936870 1.68089882
6.28723791 6.07107273 1.68349042
6.28244116 6.07274462 1.68606693
6.27764966 6.07438457 1.68862767
6.27286443 6.07599279 1.69117191
6.26808648 6.07756949 1.69369900
6.26331680 6.07911491 1.69620826
6.25855637 6.08062930 1.69869905
6.25380617 6.08211293 1.70117072
6.24906716 6.08356608 1.70362268
6.24434028 6.08498902 1.70605432
6.23962646 6.08638206 1.70846507
6.23492662 6.08774552 1.71085437
6.23024166 6.08907971 1.71322169
6.22557246 6.09038497 1.71556649
6.22091988 6.09166164 1.71788830
6.21628477 6.09291007 1.72018664
6.21166797 6.09413062 1.72246104
6.20707028 6.09532365 1.72471110
6.20249248 6.09648955 1.72693639
6.19793537 6.09762868 1.72913653
6.19339968 6.09874144 1.73131116
6.18888615 6.09982821 1.73345994
6.18439550 6.10088940 1.73558256
6.17992840 6.10192540 1.73767872
6.17548553 6.10293663 1.73974816
6.17106755 6.10392348 1.74179062
6.16667507 6.10488638 1.74380588
6.16230870 6.10582573 1.74579375
6.15796903 6.10674195 1.74775404
6.15365662 6.10763545 1.74968660
6.14937200 6.10850666 1.75159130
6.14511571 6.10935599 1.75346802
6.14088824 6.11018386 1.75531667
6.13669005 6.11099069 1.75713719
6.13252162 6.11177689 1.75892953
6.12838336 6.11254289 1.76069365
6.12427570 6.11328910 1.76242956
6.12019902 6.11401592 1.76413726
6.11615369 6.11472377 1.76581678
6.11214007 6.11541307 1.76746818
6.10815848 6.11608420 1.76909151
6.10420923 6.11673759 1.77068687
6.10029261 6.11737361 1.77225435
6.09640888 6.11799268 1.77379407
6.09255831 6.11859518 1.77530617
6.08874111 6.11918149 1.77679079
6.08495750 6.11975201 1.77824809
6.08120767 6.12030710 1.77967826
6.07749180 6.12084715 1.78108147
6.07381005 6.12137252 1.78245794
6.07016255 6.12188358 1.78380787
6.06654942 6.12238068 1.78513149
6.06297078 6.12286417 1.78642904
6.05942670 6.12333441 1.78770077
6.05591728 6.12379173 1.78894693
6.05244256 6.12423648 1.79016778
6.04900258 6.12466898 1.79136360
6.04559738 6.12508956 1.79253467
6.04222697 6.12549854 1.79368128
6.03889134 6.12589623 1.79480373
6.03559049 6.12628293 1.79590231
6.03232440 6.12665896 1.79697733
6.02909300 6.12702460 1.79802911
6.02589627 6.12738014 1.79905797
6.02273413 6.12772587 1.80006422
6.01960651 6.12806207 1.80104819
6.01651332 6.12838900 1.80201021
6.01345447 6.12870693 1.80295061
6.01042985 6.12901612 1.80386972
6.00743934 6.12931682 1.80476788
6.00448281 6.12960929 1.80564543
6.00156012 6.12989375 1.80650270
5.99867115 6.13017046 1.80734003
5.99581572 6.13043964 1.80815776
5.99299368 6.13070151 1.80895623
5.99020485 6.13095629 1.80973579
5.98744907 6.13120420 1.81049676
5.98472615 6.13144544 1.81123949
5.98203590 6.13168022 1.81196431
5.97937812 6.13190874 1.81267156
5.97675260 6.13213118 1.81336157
5.97415915 6.13234773 1.81403468
5.97159753 6.13255857 1.81469120
5.96906755 6.13276389 1.81533147
5.96656897 6.13296385 1.81595582
5.96410155 6.13315862 1.81656457
5.96166508 6.13334836 1.81715802
5.95925931 6.13353323 1.81773651
5.95688400 6.13371339 1.81830034
5.95453890 6.13388897 1.81884982
5.95222378 6.13406013 1.81938525
5.94993837 6.13422701 1.81990695
5.94768242 6.13438974 1.82041520
5.94545569 6.13454845 1.82091030
5.94325790 6.13470327 1.82139255
5.94108879 6.13485433 1.82186222
5.93894812 6.13500174 1.82231961
5.93683560 6.13514562 1.82276498
5.93475098 6.13528608 1.82319862
5.93269399 6.13542324 1.82362079
5.93066435 6.13555720 1.82403175
5.92866181 6.13568805 1.82443178
5.92668608 6.13581591 1.82482113
5.92473690 6.13594085 1.82520004
5.92281399 6.13606299 1.82556877
5.92091709 6.13618240 1.82592757
5.91904593 6.13629918 1.82627666
5.91720022 6.13641340 1.82661629
5.91537970 6.13652516 1.82694669
5.91358409 6.13663452 1.82726808
5.91181313 6.13674156 1.82758069
5.91006654 6.13684635 1.82788473
5.90834405 6.13694898 1.82818042
5.90664539 6.13704949 1.82846796
5.90497029 6.13714797 1.82874757
5.90331849 6.13724447 1.82901944
5.90168971 6.13733905 1.82928376
5.90008369 6.13743178 1.82954074
5.89850016 6.13752271 1.82979055
5.89693886 6.13761190 1.83003339
5.89539952 6.13769940 1.83026944
5.89388189 6.13778526 1.83049886
5.89238570 6.13786953 1.83072184
5.89091069 6.13795225 1.83093854
5.88945661 6.13803348 1.83114913
5.88802320 6.13811327 1.83135376
5.88661021 6.13819164 1.83155260
5.88521738 6.13826865 1.83174580
5.88384446 6.13834432 1.83193351
5.88249120 6.13841871 1.83211588
5.88115736 6.13849185 1.83229304
5.87984268 6.13856378 1.83246515
5.87854694 6.13863452 1.83263233
5.87726988 6.13870411 1.83279472
5.87601126 6.13877259 1.83295245
5.87477085 6.13883998 1.83310565
5.87354841 6.13890631 1.83325444
5.87234372 6.13897161 1.83339894
5.87115652 6.13903592 1.83353926
5.86998661 6.13909925 1.83367554
5.86883374 6.13916163 1.83380786
5.86769769 6.13922309 1.83393635
5.86657825 6.13928365 1.83406112
5.86547519 6.13934333 1.83418225
5.86438829 6.13940215 1.83429987
5.86331733 6.13946014 1.83441405
5.86226210 6.13951731 1.83452491
5.86122239 6.13957369 1.83463253
5.86019799 6.13962930 1.83473701
5.85918868 6.13968414 1.83483842
5.85819427 6.13973825 1.83493687
5.85721455 6.13979163 1.83503243
5.85624932 6.13984431 1.83512518
5.85529837 6.13989629 1.83521521
5.85436152 6.13994759 1.83530259
5.85343857 6.13999824 1.83538740
5.85252932 6.14004823 1.83546970
5.85163358 6.14009760 1.83554958
5.85075117 6.14014634 1.83562710
5.84988190 6.14019447 1.83570233
5.84902559 6.14024200 1.83577534
5.84818205 6.14028895 1.83584618
5.84735110 6.14033532 1.83591493
5.84653257 6.14038113 1.83598163
5.84572629 6.14042639 1.83604636
5.84493207 6.14047110 1.83610917
5.84414975 6.14051528 1.83617010
5.84337916 6.14055894 1.83622923
5.84262012 6.14060208 1.83628659
5.84187249 6.14064472 1.83634225
5.84113608 6.14068685 1.83639625
5.84041075 6.14072850 1.83644864
5.83969634 6.14076967 1.83649946
5.83899267 6.14081037 1.83654877
5.83829961 6.14085059 1.83659660
5.83761700 6.14089036 1.83664300
5.83694469 6.14092968 1.83668801
5.83628253 6.14096855 1.83673168
5.83563036 6.14100698 1.83677403
5.83498806 6.14104498 1.83681512
5.83435546 6.14108255 1.83685498
5.83373244 6.14111970 1.83689364
5.83311885 6.14115644 1.83693113
5.83251456 6.14119277 1.83696751
5.83191942 6.14122869 1.83700278
5.83133331 6.14126422 1.83703700
5.83075610 6.14129935 1.83707019
5.83018764 6.14133409 1.83710238
5.82962782 6.14136845 1.83713360
5.82907650 6.14140243 1.83716388
5.82853357 6.14143604 1.83719324
5.82799889 6.14146927 1.83722172
5.82747235 6.14150214 1.83724934
5.82695382 6.14153465 1.83727613
5.82644319 6.14156680 1.83730211
5.82594034 6.14159860 1.83732730
5.82544516 6.14163005 1.83735174
5.82495753 6.14166116 1.83737543
5.82447733 6.14169192 1.83739841
5.82400446 6.14172235 1.83742069
5.82353882 6.14175244 1.83744230
5.82308028 6.14178220 1.83746325
5.82262875 6.14181163 1.83748357
5.82218412 6.14184074 1.83750327
5.82174629 6.14186954 1.83752237
5.82131515 6.14189801 1.83754090
5.82089061 6.14192617 1.83755887
5.82047257 6.14195402 1.83757628
5.82006093 6.14198156 1.83759318
5.81965559 6.14200880 1.83760955
5.81925647 6.14203573 1.83762543
5.81886345 6.14206237 1.83764083
5.81847647 6.14208871 1.83765576
5.81809541 6.14211476 1.83767024
5.81772020 6.14214052 1.83768427
5.81735075 6.14216600 1.83769788
5.81698697 6.14219119 1.83771108
5.81662877 6.14221610 1.83772387
5.81627607 6.14224073 1.83773628
5.81592879 6.14226508 1.83774830
5.81558684 6.14228916 1.83775996
5.81525015 6.14231297 1.83777127
5.81491863 6.14233651 1.83778223
5.81459221 6.14235979 1.83779286
5.81427081 6.14238280 1.83780316
5.81395435 6.14240555 1.83781315
5.81364276 6.14242805 1.83782283
5.81333597 6.14245028 1.83783222
5.81303390 6.14247227 1.83784133
5.81273647 6.14249400 1.83785015
5.81244363 6.14251549 1.83785871
5.81215530 6.14253673 1.83786700
5.81187140 6.14255772 1.83787504
5.81159189 6.14257848 1.83788284
5.81131668 6.14259899 1.83789040
5.81104571 6.14261927 1.83789772
5.81077891 6.14263931 1.83790482
5.81051624 6.14265912 1.83791171
5.81025761 6.14267870 1.83791839
5.81000297 6.14269805 1.83792486
5.80975226 6.14271718 1.83793113
5.80950541 6.14273608 1.83793721
5.80926238 6.14275476 1.83794311
5.80902310 6.14277322 1.83794882
5.80878751 6.14279146 1.83795436
5.80855556 6.14280949 1.83795973
5.80832718 6.14282730 1.83796494
5.80810234 6.14284490 1.83796999
5.80788097 6.14286230 1.83797488
5.80766302 6.14287948 1.83797962
5.80744843 6.14289647 1.83798422
5.80723716 6.14291324 1.83798868
5.80702916 6.14292982 1.83799300
5.80682437 6.14294620 1.83799719
5.80662275 6.14296238 1.83800125
5.80642424 6.14297837 1.83800518
5.80622880 6.14299416 1.83800900
5.80603639 6.14300976 1.83801270
5.80584695 6.14302517 1.83801628
5.80566044 6.14304039 1.83801976
5.80547681 6.14305543 1.83802312
5.80529603 6.14307029 1.83802639
5.80511804 6.14308496 1.83802955
5.80494281 6.14309945 1.83803262
5.80477029 6.14311377 1.83803559
5.80460043 6.14312791 1.83803848
5.80443321 6.14314187 1.83804127
5.80426858 6.14315566 1.83804398
5.80410649 6.14316928 1.83804660
5.80394692 6.14318273 1.83804915
5.80378981 6.14319602 1.83805162
5.80363514 6.14320913 1.83805401
5.80348286 6.14322209 1.83805632
5.80333295 6.14323488 1.83805857
5.80318535 6.14324751 1.83806075
5.80304004 6.14325998 1.83806286
5.80289698 6.14327230 1.83806490
5.80275614 6.14328446 1.83806689
5.80261748 6.14329646 1.83806881
5.80248097 6.14330832 1.83807067
5.80234657 6.14332002 1.83807248
5.80221426 6.14333158 1.83807423
5.80208400 6.14334299 1.83807593
5.80195576 6.14335425 1.83807757
5.80182950 6.14336537 1.83807916
5.80170520 6.14337634 1.83808071
5.80158283 6.14338718 1.83808221
5.80146236 6.14339787 1.83808366
5.80134375 6.14340843 1.83808507
5.80122698 6.14341885 1.83808643
5.80111203 6.14342914 1.83808775
5.80099885 6.14343929 1.83808903
5.80088744 6.14344931 1.83809027
5.80077775 6.14345921 1.83809148
5.80066976 6.14346897 1.83809264
5.80056344 6.14347861 1.83809377
5.80045878 6.14348812 1.83809487
5.80035574 6.14349750 1.83809593
5.80025430 6.14350676 1.83809696
5.80015443 6.14351591 1.83809796
5.80005611 6.14352493 1.83809893
5.79995932 6.14353383 1.83809986
5.79986402 6.14354261 1.83810077
5.79977021 6.14355128 1.83810165
5.79967785 6.14355984 1.83810251
5.79958693 6.14356828 1.83810334
5.79949742 6.14357661 1.83810414
5.79940929 6.14358483 1.83810491
5.79932254 6.14359294 1.83810567
5.79923713 6.14360094 1.83810640
5.79915305 6.14360883 1.83810711
5.79907027 6.14361662 1.83810779
5.79898877 6.14362430 1.83810846
5.79890855 6.14363189 1.83810910
5.79882956 6.14363937 1.83810973
5.79875181 6.14364674 1.83811033
5.79867526 6.14365402 1.83811092
5.79859990 6.14366121 1.83811149
5.79852571 6.14366829 1.83811204
5.79845267 6.14367528 1.83811257
5.79838076 6.14368217 1.83811309
5.79830998 6.14368897 1.83811359
5.79824029 6.14369568 1.83811408
5.79817168 6.14370230 1.83811455
5.79810414 6.14370883 1.83811501
5.79803765 6.14371527 1.83811545
5.79797219 6.14372162 1.83811588
5.79790774 6.14372788 1.83811629
5.79784430 6.14373406 1.83811670
5.79778185 6.14374015 1.83811709
5.79772036 6.14374616 1.83811747
5.79765983 6.14375209 1.83811783
5.79760024 6.14375793 1.83811819
5.79754157 6.14376370 1.83811853
5.79748382 6.14376938 1.83811887
5.79742696 6.14377499 1.83811919
5.79737098 6.14378052 1.83811951
5.79731588 6.14378598 1.83811981
5.79726163 6.14379135 1.83812010
5.79720823 6.14379666 1.83812039
5.79715565 6.14380189 1.83812067
5.79710389 6.14380704 1.83812094
5.79705294 6.14381213 1.83812120
5.79700277 6.14381714 1.83812145
5.79695339 6.14382209 1.83812169
5.79690477 6.14382697 1.83812193
5.79685691 6.14383177 1.83812216
5.79680979 6.14383651 1.83812238
5.79676341 6.14384119 1.83812260
5.79671774 6.14384580 1.83812281
5.79667279 6.14385034 1.83812301
5.79662853 6.14385482 1.83812321
5.79658496 6.14385924 1.83812340
5.79654207 6.14386359 1.83812358
5.79649984 6.14386789 1.83812376
5.79645827 6.14387212 1.83812393
5.79641735 6.14387629 1.83812410
5.79637706 6.14388041 1.83812426
5.79633740 6.14388446 1.83812442
5.79629836 6.14388846 1.83812457
5.79625992 6.14389241 1.83812472
5.79622208 6.14389629 1.83812486
5.79618483 6.14390012 1.83812500
5.79614815 6.14390390 1.83812514
5.79611205 6.14390762 1.83812527
5.79607651 6.14391129 1.83812540
5.79604152 6.14391491 1.83812552
5.79600707 6.14391848 1.83812564
5.79597316 6.14392199 1.83812575
5.79593977 6.14392546 1.83812587
5.79590691 6.14392888 1.83812597
5.79587455 6.14393224 1.83812608
5.79584270 6.14393556 1.83812618
5.79581135 6.14393883 1.83812628
5.79578048 6.14394206 1.83812637
5.79575009 6.14394524 1.83812647
5.79572017 6.14394837 1.83812656
5.79569072 6.14395146 1.83812664
5.79566172 6.14395450 1.83812673
5.79563318 6.14395750 1.83812681
5.79560508 6.14396045 1.83812689
5.79557742 6.14396337 1.83812697
5.79555019 6.14396624 1.83812704
5.79552338 6.14396907 1.83812711
5.79549698 6.14397186 1.83812718
5.79547100 6.14397461 1.83812725
5.79544542 6.14397732 1.83812732
5.79542024 6.14397999 1.83812738
5.79539545 6.14398262 1.83812744
5.79537105 6.14398521 1.83812750
5.79534702 6.14398777 1.83812756
5.79532337 6.14399028 1.83812761
5.79530009 6.14399277 1.83812767
5.79527716 6.14399521 1.83812772
5.79525460 6.14399762 1.83812777
5.79523238 6.14400000 1.83812782
5.79521051 6.14400234 1.83812787
5.79518898 6.14400464 1.83812792
5.79516779 6.14400692 1.83812796
5.79514692 6.14400916 1.83812801
5.79512638 6.14401136 1.83812805
5.79510616 6.14401354 1.83812809
5.79508625 6.14401568 1.83812813
5.79506666 6.14401779 1.83812817
5.79504736 6.14401987 1.83812820
5.79502837 6.14402192 1.83812824
5.79500967 6.14402394 1.83812828
5.79499127 6.14402593 1.83812831
5.79497314 6.14402789 1.83812834
5.79495530 6.14402982 1.83812838
5.79493774 6.14403173 1.83812841
5.79492045 6.14403360 1.83812844
5.79490343 6.14403545 1.83812847
5.79488668 6.14403727 1.83812849
5.79487018 6.14403907 1.83812852
5.79485394 6.14404084 1.83812855
5.79483796 6.14404258 1.83812857
5.79482222 6.14404429 1.83812860
5.79480673 6.14404599 1.83812862
5.79479147 6.14404765 1.83812865
5.79477646 6.14404929 1.83812867
5.79476168 6.14405091 1.83812869
5.79474713 6.14405250 1.83812871
5.79473280 6.14405407 1.83812873
5.79471870 6.14405562 1.83812875
5.79470481 6.14405714 1.83812877
5.79469115 6.14405864 1.83812879
5.79467769 6.14406012 1.83812881
5.79466445 6.14406158 1.83812883
5.79465141 6.14406301 1.83812884
5.79463857 6.14406443 1.83812886
5.79462593 6.14406582 1.83812888
5.79461349 6.14406719 1.83812889
5.79460124 6.14406854 1.83812891
5.79458918 6.14406987 1.83812892
5.79457731 6.14407119 1.83812893
5.79456563 6.14407248 1.83812895
5.79455412 6.14407375 1.83812896
5.79454280 6.14407501 1.83812897
5.79453165 6.14407624 1.83812899
5.79452067 6.14407746 1.83812900
5.79450987 6.14407866 1.83812901
5.79449923 6.14407984 1.83812902
5.79448876 6.14408100 1.83812903
5.79447845 6.14408215 1.83812904
5.79446830 6.14408328 1.83812905
5.79445831 6.14408439 1.83812906
