2.51067516 0.35504645 1.52116715
2.49825326 0.36847150 1.55490323
2.48553744 0.38204352 1.58977740
2.47253259 0.39576249 1.62579703
2.45924477 0.40962770 1.66296351
2.44568124 0.42363770 1.70127162
2.43185050 0.43779020 1.74070886
2.41776237 0.45208206 1.78125482
2.40342803 0.46650919 1.82288058
2.38886003 0.48106648 1.86554818
2.37407230 0.49574779 1.90921022
2.35908021 0.51054590 1.95380943
2.34390051 0.52545242 1.99927853
2.32855132 0.54045784 2.04554011
2.31305212 0.55555147 2.09250672
2.29742365 0.57072145 2.14008117
2.28168785 0.58595477 2.18815695
2.26586778 0.60123731 2.23661896
2.24998747 0.61655389 2.28534435
2.23407180 0.63188830 2.33420364
2.21814636 0.64722346 2.38306198
2.20223726 0.66254147 2.43178063
2.18637093 0.67782374 2.48021855
2.17057396 0.69305117 2.52823418
2.15487286 0.70820425 2.57568716
2.13929386 0.72326325 2.62244022
2.12386268 0.73820841 2.66836096
2.10860435 0.75302008 2.71332360
2.09354298 0.76767894 2.75721056
2.07870155 0.78216615 2.79991393
2.06410179 0.79646351 2.84133666
2.04976395 0.81055367 2.88139361
2.03570671 0.82442021 2.92001223
2.02194707 0.83804782 2.95713304
2.00850023 0.85142238 2.99270979
1.99537955 0.86453107 3.02670938
1.98259653 0.87736242 3.05911155
1.97016077 0.88990636 3.08990828
1.95808003 0.90215426 3.11910310
1.94636023 0.91409891 3.14671013
1.93500555 0.92573452 3.17275315
1.92401848 0.93705668 3.19726443
1.91339992 0.94806231 3.22028364
1.90314930 0.95874961 3.24185670
1.89326469 0.96911796 3.26203469
1.88374289 0.97916787 3.28087269
1.87457958 0.98890090 3.29842887
1.86576946 0.99831954 3.31476347
1.85730633 1.00742712 3.32993800
1.84918321 1.01622776 3.34401444
1.84139251 1.02472623 3.35705461
1.83392606 1.03292792 3.36911960
1.82677527 1.04083868 3.38026928
1.81993117 1.04846482 3.39056189
1.81338456 1.05581299 3.40005376
1.80712603 1.06289013 3.40879905
1.80114605 1.06970339 3.41684957
1.79543505 1.07626010 3.42425467
1.78998343 1.08256769 3.43106113
1.78478168 1.08863366 3.43731318
1.77982035 1.09446553 3.44305249
1.77509012 1.10007083 3.44831815
1.77058184 1.10545702 3.45314680
1.76628651 1.11063150 3.45757266
1.76219538 1.11560158 3.46162761
1.75829987 1.12037445 3.46534134
1.75459168 1.12495717 3.46874137
1.75106272 1.12935665 3.47185324
1.74770517 1.13357964 3.47470058
1.74451145 1.13763274 3.47730524
1.74147424 1.14152235 3.47968735
1.73858651 1.14525472 3.48186552
1.73584143 1.14883590 3.48385686
1.73323249 1.15227175 3.48567712
1.73075339 1.15556797 3.48734078
1.72839810 1.15873005 3.48886114
1.72616081 1.16176331 3.49025041
1.72403599 1.16467287 3.49151981
1.72201829 1.16746369 3.49267959
1.72010264 1.17014054 3.49373918
1.71828415 1.17270803 3.49470720
1.71655815 1.17517058 3.49559153
1.71492019 1.17753246 3.49639941
1.71336601 1.17979777 3.49713744
1.71189154 1.18197046 3.49781167
1.71049289 1.18405432 3.49842762
1.70916636 1.18605300 3.49899035
1.70790840 1.18796998 3.49950447
1.70671565 1.18980865 3.49997420
1.70558489 1.19157222 3.50040340
1.70451305 1.19326379 3.50079559
1.70349720 1.19488633 3.50115398
1.70253457 1.19644270 3.50148150
1.70162250 1.19793564 3.50178085
1.70075846 1.19936776 3.50205446
1.69994005 1.20074158 3.50230456
1.69916497 1.20205952 3.50253321
1.69843105 1.20332389 3.50274226
1.69773621 1.20453691 3.50293340
1.69707847 1.20570070 3.50310820
1.69645596 1.20681730 3.50326807
1.69586689 1.20788866 3.50341429
1.69530955 1.20891666 3.50354806
1.69478233 1.20990308 3.50367044
1.69428370 1.21084965 3.50378241
1.69381218 1.21175802 3.50388489
1.69336638 1.21262975 3.50397868
1.69294499 1.21346637 3.50406453
1.69254675 1.21426932 3.50414313
1.69217046 1.21503998 3.50421510
1.69181499 1.21577970 3.50428101
1.69147925 1.21648974 3.50434137
1.69116222 1.21717132 3.50439667
1.69086294 1.21782562 3.50444733
1.69058046 1.21845375 3.50449375
1.69031391 1.21905679 3.50453629
1.69006246 1.21963576 3.50457529
1.68982531 1.22019166 3.50461104
1.68960171 1.22072542 3.50464382
1.68939094 1.22123795 3.50467388
1.68919233 1.22173013 3.50470145
1.68900523 1.22220277 3.50472675
1.68882902 1.22265668 3.50474996
1.68866312 1.22309261 3.50477126
1.68850699 1.22351131 3.50479081
1.68836010 1.22391346 3.50480875
1.68822194 1.22429975 3.50482523
1.68809206 1.22467082 3.50484037
1.68797000 1.22502727 3.50485427
1.68785534 1.22536971 3.50486704
1.68774767 1.22569870 3.50487877
1.68764661 1.22601479 3.50488956
1.68755180 1.22631848 3.50489947
1.68746290 1.22661029 3.50490859
1.68737958 1.22689070 3.50491697
1.68730153 1.22716015 3.50492468
1.68722846 1.22741909 3.50493177
1.68716009 1.22766794 3.50493829
1.68709615 1.22790711 3.50494430
1.68703641 1.22813699 3.50494982
1.68698061 1.22835794 3.50495491
1.68692855 1.22857032 3.50495960
1.68688000 1.22877447 3.50496391
1.68683476 1.22897072 3.50496789
1.68679265 1.22915939 3.50497155
1.68675348 1.22934078 3.50497492
1.68671708 1.22951517 3.50497803
1.68668330 1.22968285 3.50498090
1.68665197 1.22984407 3.50498354
1.68662296 1.22999910 3.50498598
1.68659612 1.23014818 3.50498823
1.68657133 1.23029154 3.50499031
1.68654847 1.23042941 3.50499222
1.68652741 1.23056201 3.50499399
1.68650806 1.23068954 3.50499562
1.68649030 1.23081221 3.50499713
1.68647403 1.23093019 3.50499852
1.68645918 1.23104368 3.50499980
1.68644563 1.23115286 3.50500099
1.68643333 1.23125789 3.50500208
1.68642218 1.23135893 3.50500310
1.68641211 1.23145613 3.50500403
1.68640305 1.23154966 3.50500490
1.68639494 1.23163965 3.50500570
1.68638772 1.23172624 3.50500644
1.68638132 1.23180955 3.50500713
1.68637570 1.23188973 3.50500776
1.68637079 1.23196688 3.50500835
1.68636656 1.23204113 3.50500889
1.68636294 1.23211259 3.50500939
1.68635991 1.23218137 3.50500986
1.68635742 1.23224757 3.50501029
1.68635542 1.23231128 3.50501069
1.68635390 1.23237261 3.50501106
1.68635280 1.23243165 3.50501140
1.68635210 1.23248848 3.50501171
1.68635176 1.23254318 3.50501201
1.68635177 1.23259585 3.50501228
1.68635208 1.23264656 3.50501253
1.68635268 1.23269538 3.50501277
1.68635355 1.23274239 3.50501298
1.68635466 1.23278765 3.50501318
1.68635598 1.23283123 3.50501337
1.68635751 1.23287319 3.50501354
1.68635922 1.23291360 3.50501370
1.68636109 1.23295252 3.50501385
1.68636312 1.23299000 3.50501399
1.68636528 1.23302609 3.50501412
1.68636755 1.23306085 3.50501424
1.68636994 1.23309434 3.50501435
1.68637242 1.23312658 3.50501445
1.68637498 1.23315765 3.50501455
1.68637762 1.23318757 3.50501464
1.68638032 1.23321639 3.50501472
1.68638307 1.23324416 3.50501480
1.68638586 1.23327090 3.50501487
1.68638870 1.23329667 3.50501493
1.68639156 1.23332150 3.50501499
1.68639445 1.23334541 3.50501505
1.68639735 1.23336846 3.50501510
1.68640026 1.23339066 3.50501515
1.68640318 1.23341206 3.50501520
1.68640610 1.23343267 3.50501524
1.68640901 1.23345253 3.50501528
1.68641191 1.23347168 3.50501532
1.68641480 1.23349012 3.50501535
1.68641768 1.23350790 3.50501538
1.68642053 1.23352503 3.50501541
1.68642337 1.23354154 3.50501544
1.68642617 1.23355746 3.50501547
1.68642895 1.23357279 3.50501549
1.68643170 1.23358758 3.50501551
1.68643442 1.23360183 3.50501553
1.68643710 1.23361556 3.50501555
1.68643975 1.23362880 3.50501557
1.68644236 1.23364156 3.50501559
1.68644494 1.23365386 3.50501560
1.68644747 1.23366572 3.50501562
1.68644997 1.23367716 3.50501563
1.68645242 1.23368818 3.50501564
1.68645484 1.23369880 3.50501566
1.68645721 1.23370905 3.50501567
1.68645953 1.23371893 3.50501568
