6.53866011 4.31226749 0.33361056
6.54365734 4.31015685 0.33656568
6.54870250 4.30804189 0.33957110
6.55379652 4.30592271 0.34262819
6.55894034 4.30379945 0.34573837
6.56413494 4.30167223 0.34890310
6.56938132 4.29954119 0.35212391
6.57468052 4.29740647 0.35540240
6.58003359 4.29526823 0.35874019
6.58544162 4.29312661 0.36213901
6.59090572 4.29098179 0.36560061
6.59642704 4.28883394 0.36912683
6.60200676 4.28668325 0.37271959
6.60764608 4.28452991 0.37638087
6.61334625 4.28237413 0.38011272
6.61910854 4.28021612 0.38391729
6.62493427 4.27805610 0.38779681
6.63082479 4.27589431 0.39175359
6.63678148 4.27373099 0.39579004
6.64280577 4.27156642 0.39990866
6.64889912 4.26940086 0.40411207
6.65506305 4.26723459 0.40840298
6.66129910 4.26506793 0.41278421
6.66760886 4.26290118 0.41725872
6.67399398 4.26073467 0.42182956
6.68045614 4.25856876 0.42649994
6.68699707 4.25640381 0.43127318
6.69361855 4.25424019 0.43615276
6.70032243 4.25207832 0.44114230
6.70711059 4.24991861 0.44624558
6.71398496 4.24776150 0.45146655
6.72094755 4.24560745 0.45680930
6.72800041 4.24345695 0.46227814
6.73514565 4.24131051 0.46787756
6.74238545 4.23916866 0.47361222
6.74972205 4.23703197 0.47948702
6.75715775 4.23490101 0.48550707
6.76469491 4.23277640 0.49167770
6.77233597 4.23065879 0.49800449
6.78008344 4.22854886 0.50449327
6.78793989 4.22644732 0.51115015
6.79590798 4.22435491 0.51798148
6.80399044 4.22227241 0.52499394
6.81219007 4.22020064 0.53219451
6.82050975 4.21814047 0.53959047
6.82895245 4.21609279 0.54718946
6.83752122 4.21405856 0.55499946
6.84621919 4.21203878 0.56302884
6.85504958 4.21003447 0.57128634
6.86401571 4.20804674 0.57978112
6.87312096 4.20607675 0.58852275
6.88236883 4.20412569 0.59752128
6.89176290 4.20219484 0.60678719
6.90130684 4.20028553 0.61633147
6.91100443 4.19839915 0.62616563
6.92085954 4.19653718 0.63630169
6.93087611 4.19470115 0.64675225
6.94105822 4.19289270 0.65753048
6.95141000 4.19111351 0.66865016
6.96193573 4.18936537 0.68012570
6.97263972 4.18765017 0.69197216
6.98352643 4.18596988 0.70420527
6.99460038 4.18432656 0.71684148
7.00586618 4.18272240 0.72989796
7.01732854 4.18115967 0.74339262
7.02899224 4.17964077 0.75734415
7.04086212 4.17816824 0.77177201
7.05294311 4.17674470 0.78669649
7.06524021 4.17537294 0.80213868
7.07775845 4.17405587 0.81812051
7.09050290 4.17279655 0.83466475
7.10347869 4.17159818 0.85179499
7.11669093 4.17046411 0.86953569
7.13014477 4.16939788 0.88791209
7.14384531 4.16840316 0.90695028
7.15779763 4.16748380 0.92667708
7.17200676 4.16664385 0.94712008
7.18647763 4.16588751 0.96830753
7.20121505 4.16521917 0.99026828
7.21622372 4.16464342 1.01303174
7.23150812 4.16416502 1.03662769
7.24707254 4.16378894 1.06108624
7.26292099 4.16352033 1.08643763
7.27905718 4.16336450 1.11271203
7.29548445 4.16332698 1.13993940
7.31220571 4.16341345 1.16814917
7.32922341 4.16362976 1.19737004
7.34653945 4.16398190 1.22762959
7.36415508 4.16447603 1.25895398
7.38207088 4.16511837 1.29136749
7.40028663 4.16591528 1.32489215
7.41880127 4.16687313 1.35954719
7.43761274 4.16799836 1.39534852
7.45671797 4.16929735 1.43230816
7.47611271 4.17077644 1.47043361
7.49579147 4.17244185 1.50972719
7.51574742 4.17429961 1.55018537
7.53597227 4.17635551 1.59179805
7.55645621 4.17861503 1.63454784
7.57718777 4.18108322 1.67840935
7.59815380 4.18376469 1.72334857
7.61933935 4.18666343 1.76932212
7.64072763 4.18978281 1.81627682
7.66229997 4.19312539 1.86414911
7.68403579 4.19669290 1.91286479
7.70591263 4.20048610 1.96233879
7.72790614 4.20450471 2.01247517
7.74999014 4.20874731 2.06316737
7.77213673 4.21321128 2.11429858
7.79431641 4.21789272 2.16574249
7.81649821 4.22278644 2.21736420
7.83864989 4.22788585 2.26902146
7.86073817 4.23318306 2.32056610
7.88272896 4.23866878 2.37184576
7.90458766 4.24433245 2.42270575
7.92627944 4.25016226 2.47299111
7.94776958 4.25614520 2.52254875
7.96902375 4.26226724 2.57122962
7.99000842 4.26851342 2.61889092
8.01069108 4.27486798 2.66539807
8.03104065 4.28131458 2.71062667
8.05102770 4.28783641 2.75446414
8.07062476 4.29441642 2.79681112
8.08980651 4.30103748 2.83758253
8.10855001 4.30768258 2.87670831
8.12683483 4.31433497 2.91413384
8.14464316 4.32097836 2.94981992
8.16195988 4.32759706 2.98374250
8.17877259 4.33417607 3.01589212
8.19507156 4.34070127 3.04627304
8.21084972 4.34715943 3.07490219
8.22610251 4.35353833 3.10180795
8.24082782 4.35982681 3.12702883
8.25502583 4.36601478 3.15061210
8.26869881 4.37209321 3.17261232
8.28185101 4.37805420 3.19309004
8.29448843 4.38389089 3.21211039
8.30661865 4.38959745 3.22974191
8.31825067 4.39516905 3.24605532
8.32939466 4.40060180 3.26112254
8.34006184 4.40589267 3.27501576
8.35026431 4.41103948 3.28780662
8.36001486 4.41604080 3.29956558
8.36932682 4.42089588 3.31036134
8.37821397 4.42560462 3.32026037
8.38669037 4.43016748 3.32932662
8.39477027 4.43458540 3.33762119
8.40246799 4.43885981 3.34520219
8.40979787 4.44299249 3.35212465
8.41677414 4.44698558 3.35844038
8.42341090 4.45084150 3.36419807
8.42972205 4.45456291 3.36944326
8.43572121 4.45815270 3.37421841
8.44142175 4.46161389 3.37856302
8.44683669 4.46494966 3.38251374
8.45197868 4.46816328 3.38610447
8.45686003 4.47125808 3.38936653
8.46149266 4.47423748 3.39232877
8.46588809 4.47710489 3.39501775
8.47005741 4.47986374 3.39745785
8.47401135 4.48251747 3.39967144
8.47776021 4.48506949 3.40167901
8.48131388 4.48752316 3.40349930
8.48468186 4.48988182 3.40514943
8.48787326 4.49214876 3.40664503
8.49089680 4.49432718 3.40800037
8.49376083 4.49642026 3.40922843
8.49647331 4.49843106 3.41034104
8.49904186 4.50036260 3.41134897
8.50147377 4.50221782 3.41226199
8.50377597 4.50399956 3.41308900
8.50595508 4.50571061 3.41383808
8.50801739 4.50735364 3.41451656
8.50996893 4.50893126 3.41513109
8.51181539 4.51044601 3.41568771
8.51356223 4.51190031 3.41619189
8.51521462 4.51329654 3.41664858
8.51677748 4.51463696 3.41706229
8.51825549 4.51592379 3.41743708
8.51965309 4.51715913 3.41777664
8.52097451 4.51834505 3.41808431
8.52222375 4.51948350 3.41836312
8.52340464 4.52057639 3.41861580
8.52452078 4.52162554 3.41884482
8.52557561 4.52263271 3.41905244
8.52657239 4.52359960 3.41924067
8.52751420 4.52452782 3.41941136
8.52840398 4.52541894 3.41956617
8.52924450 4.52627446 3.41970659
8.53003841 4.52709582 3.41983398
8.53078820 4.52788442 3.41994958
8.53149625 4.52864157 3.42005451
8.53216479 4.52936856 3.42014975
8.53279597 4.53006660 3.42023623
8.53339180 4.53073689 3.42031477
8.53395418 4.53138055 3.42038612
8.53448494 4.53199865 3.42045094
8.53498578 4.53259224 3.42050986
8.53545833 4.53316232 3.42056341
8.53590414 4.53370984 3.42061211
8.53632466 4.53423572 3.42065640
8.53672127 4.53474083 3.42069669
8.53709528 4.53522603 3.42073336
8.53744792 4.53569211 3.42076673
8.53778037 4.53613986 3.42079712
8.53809375 4.53657001 3.42082480
8.53838909 4.53698329 3.42085002
8.53866739 4.53738037 3.42087300
8.53892960 4.53776190 3.42089394
8.53917660 4.53812852 3.42091305
8.53940924 4.53848083 3.42093047
8.53962831 4.53881940 3.42094637
8.53983457 4.53914479 3.42096088
8.54002872 4.53945753 3.42097413
8.54021146 4.53975812 3.42098623
8.54038341 4.54004706 3.42099729
8.54054518 4.54032480 3.42100739
8.54069733 4.54059181 3.42101663
8.54084042 4.54084850 3.42102508
8.54097494 4.54109530 3.42103281
8.54110139 4.54133259 3.42103988
8.54122022 4.54156075 3.42104635
8.54133186 4.54178015 3.42105228
8.54143672 4.54199114 3.42105772
8.54153519 4.54219405 3.42106269
8.54162762 4.54238919 3.42106726
8.54171437 4.54257688 3.42107144
8.54179576 4.54275741 3.42107528
8.54187209 4.54293106 3.42107880
8.54194367 4.54309811 3.42108204
8.54201075 4.54325881 3.42108501
8.54207361 4.54341342 3.42108774
8.54213249 4.54356216 3.42109024
8.54218762 4.54370528 3.42109255
8.54223921 4.54384299 3.42109466
8.54228748 4.54397551 3.42109661
8.54233262 4.54410303 3.42109840
8.54237481 4.54422575 3.42110005
8.54241423 4.54434385 3.42110157
8.54245104 4.54445753 3.42110297
8.54248540 4.54456694 3.42110426
8.54251744 4.54467225 3.42110545
8.54254732 4.54477362 3.42110654
8.54257516 4.54487121 3.42110755
8.54260108 4.54496516 3.42110848
8.54262520 4.54505561 3.42110934
8.54264763 4.54514269 3.42111014
8.54266847 4.54522653 3.42111087
8.54268782 4.54530726 3.42111154
8.54270577 4.54538500 3.42111217
8.54272241 4.54545986 3.42111274
8.54273781 4.54553195 3.42111328
8.54275205 4.54560137 3.42111377
8.54276522 4.54566824 3.42111422
8.54277737 4.54573263 3.42111465
8.54278856 4.54579466 3.42111504
8.54279887 4.54585440 3.42111540
8.54280835 4.54591195 3.42111573
8.54281704 4.54596739 3.42111604
8.54282500 4.54602079 3.42111632
8.54283229 4.54607224 3.42111659
8.54283893 4.54612180 3.42111684
8.54284498 4.54616955 3.42111706
8.54285047 4.54621556 3.42111727
8.54285545 4.54625989 3.42111747
8.54285994 4.54630261 3.42111765
8.54286398 4.54634377 3.42111782
8.54286760 4.54638343 3.42111797
8.54287083 4.54642165 3.42111812
8.54287370 4.54645849 3.42111825
8.54287623 4.54649399 3.42111838
8.54287844 4.54652820 3.42111849
8.54288037 4.54656117 3.42111860
8.54288202 4.54659295 3.42111870
8.54288343 4.54662359 3.42111879
8.54288460 4.54665311 3.42111888
8.54288556 4.54668157 3.42111896
8.54288632 4.54670901 3.42111903
8.54288690 4.54673546 3.42111910
8.54288731 4.54676095 3.42111916
8.54288757 4.54678553 3.42111922
8.54288768 4.54680923 3.42111928
8.54288767 4.54683208 3.42111933
8.54288754 4.54685410 3.42111938
8.54288729 4.54687534 3.42111942
8.54288695 4.54689582 3.42111946
8.54288652 4.54691556 3.42111950
8.54288601 4.54693460 3.42111953
8.54288542 4.54695296 3.42111957
8.54288477 4.54697066 3.42111960
8.54288406 4.54698773 3.42111963
8.54288329 4.54700420 3.42111965
8.54288248 4.54702007 3.42111968
8.54288162 4.54703538 3.42111970
8.54288073 4.54705015 3.42111972
8.54287981 4.54706439 3.42111974
8.54287885 4.54707813 3.42111976
8.54287788 4.54709137 3.42111978
8.54287688 4.54710415 3.42111980
8.54287587 4.54711648 3.42111981
8.54287484 4.54712836 3.42111982
8.54287380 4.54713983 3.42111984
8.54287276 4.54715089 3.42111985
8.54287171 4.54716156 3.42111986
8.54287066 4.54717185 3.42111987
