3.74877351 7.52252262 2.72596474
3.73978799 7.53037573 2.74019358
3.73083739 7.53823555 2.75436564
3.72192678 7.54609571 2.76846209
3.71306123 7.55394979 2.78246421
3.70424575 7.56179129 2.79635349
3.69548530 7.56961374 2.81011169
3.68678474 7.57741064 2.82372102
3.67814885 7.58517555 2.83716422
3.66958229 7.59290207 2.85042460
3.66108959 7.60058389 2.86348623
3.65267513 7.60821482 2.87633396
3.64434316 7.61578879 2.88895352
3.63609772 7.62329988 2.90133158
3.62794269 7.63074237 2.91345583
3.61988176 7.63811072 2.92531502
3.61191841 7.64539962 2.93689901
3.60405591 7.65260399 2.94819877
3.59629734 7.65971900 2.95920645
3.58864551 7.66674010 2.96991533
3.58110305 7.67366299 2.98031988
3.57367235 7.68048369 2.99041570
3.56635556 7.68719850 3.00019953
3.55915461 7.69380401 3.00966921
3.55207121 7.70029713 3.01882362
3.54510684 7.70667507 3.02766270
3.53826276 7.71293536 3.03618733
3.53154001 7.71907580 3.04439932
3.52493942 7.72509453 3.05230133
3.51846162 7.73098997 3.05989684
3.51210703 7.73676081 3.06719002
3.50587590 7.74240606 3.07418575
3.49976828 7.74792497 3.08088948
3.49378404 7.75331706 3.08730723
3.48792290 7.75858212 3.09344545
3.48218440 7.76372015 3.09931104
3.47656797 7.76873140 3.10491121
3.47107285 7.77361632 3.11025348
3.46569818 7.77837557 3.11534559
3.46044298 7.78301002 3.12019548
3.45530615 7.78752067 3.12481118
3.45028648 7.79190872 3.12920083
3.44538267 7.79617551 3.13337261
3.44059333 7.80032252 3.13733470
3.43591700 7.80435134 3.14109522
3.43135214 7.80826371 3.14466226
3.42689715 7.81206143 3.14804379
3.42255038 7.81574642 3.15124766
3.41831012 7.81932065 3.15428159
3.41417462 7.82278620 3.15715313
3.41014210 7.82614517 3.15986964
3.40621074 7.82939973 3.16243831
3.40237871 7.83255209 3.16486611
3.39864415 7.83560449 3.16715980
3.39500517 7.83855919 3.16932593
3.39145991 7.84141848 3.17137082
3.38800647 7.84418465 3.17330056
3.38464295 7.84686000 3.17512101
3.38136748 7.84944683 3.17683782
3.37817816 7.85194744 3.17845638
3.37507311 7.85436410 3.17998189
3.37205048 7.85669907 3.18141930
3.36910841 7.85895462 3.18277335
3.36624507 7.86113295 3.18404858
3.36345863 7.86323628 3.18524929
3.36074730 7.86526676 3.18637960
3.35810929 7.86722653 3.18744342
3.35554287 7.86911771 3.18844449
3.35304629 7.87094235 3.18938633
3.35061785 7.87270249 3.19027231
3.34825587 7.87440012 3.19110561
3.34595870 7.87603720 3.19188926
3.34372472 7.87761562 3.19262611
3.34155234 7.87913726 3.19331888
3.33943998 7.88060396 3.19397013
3.33738612 7.88201748 3.19458229
3.33538924 7.88337957 3.19515764
3.33344787 7.88469194 3.19569837
3.33156056 7.88595622 3.19620650
3.32972590 7.88717404 3.19668397
3.32794250 7.88834696 3.19713261
3.32620900 7.88947650 3.19755412
3.32452408 7.89056415 3.19795013
3.32288644 7.89161135 3.19832217
3.32129482 7.89261950 3.19867167
3.31974797 7.89358995 3.19899999
3.31824469 7.89452402 3.19930840
3.31678380 7.89542299 3.19959810
3.31536414 7.89628810 3.19987023
3.31398459 7.89712055 3.20012584
3.31264406 7.89792151 3.20036594
3.31134147 7.89869209 3.20059146
3.31007578 7.89943340 3.20080329
3.30884598 7.90014648 3.20100227
3.30765108 7.90083236 3.20118916
3.30649010 7.90149203 3.20136472
3.30536211 7.90212645 3.20152962
3.30426619 7.90273652 3.20168453
3.30320144 7.90332316 3.20183003
3.30216701 7.90388722 3.20196672
3.30116203 7.90442954 3.20209512
3.30018569 7.90495091 3.20221574
3.29923719 7.90545212 3.20232906
3.29831574 7.90593393 3.20243552
3.29742058 7.90639704 3.20253554
3.29655097 7.90684216 3.20262951
3.29570620 7.90726998 3.20271780
3.29488556 7.90768112 3.20280076
3.29408837 7.90807624 3.20287871
3.29331397 7.90845592 3.20295195
3.29256171 7.90882076 3.20302078
3.29183097 7.90917131 3.20308546
3.29112113 7.90950812 3.20314625
3.29043161 7.90983171 3.20320338
3.28976182 7.91014259 3.20325707
3.28911121 7.91044124 3.20330754
3.28847923 7.91072813 3.20335498
3.28786535 7.91100370 3.20339957
3.28726906 7.91126841 3.20344148
3.28668985 7.91152265 3.20348089
3.28612724 7.91176683 3.20351793
3.28558076 7.91200135 3.20355276
3.28504993 7.91222658 3.20358550
3.28453433 7.91244286 3.20361629
3.28403351 7.91265056 3.20364524
3.28354705 7.91285001 3.20367247
3.28307453 7.91304151 3.20369807
3.28261557 7.91322539 3.20372214
3.28216978 7.91340194 3.20374479
3.28173677 7.91357144 3.20376608
3.28131618 7.91373418 3.20378611
3.28090766 7.91389041 3.20380496
3.28051086 7.91404038 3.20382268
3.28012544 7.91418435 3.20383935
3.27975108 7.91432255 3.20385504
3.27938746 7.91445521 3.20386979
3.27903428 7.91458253 3.20388368
3.27869123 7.91470474 3.20389674
3.27835803 7.91482204 3.20390903
3.27803438 7.91493461 3.20392060
3.27772003 7.91504265 3.20393148
3.27741469 7.91514632 3.20394172
3.27711812 7.91524582 3.20395136
3.27683006 7.91534129 3.20396043
3.27655027 7.91543290 3.20396897
3.27627850 7.91552081 3.20397701
3.27601454 7.91560515 3.20398457
3.27575815 7.91568608 3.20399170
3.27550912 7.91576372 3.20399840
3.27526723 7.91583821 3.20400471
3.27503229 7.91590967 3.20401065
3.27480408 7.91597822 3.20401624
3.27458243 7.91604399 3.20402151
3.27436714 7.91610707 3.20402647
3.27415802 7.91616758 3.20403114
3.27395491 7.91622562 3.20403553
3.27375762 7.91628129 3.20403967
3.27356600 7.91633469 3.20404357
3.27337987 7.91638590 3.20404724
3.27319908 7.91643501 3.20405070
3.27302348 7.91648210 3.20405396
3.27285292 7.91652727 3.20405703
3.27268725 7.91657058 3.20405991
3.27252633 7.91661211 3.20406264
3.27237003 7.91665193 3.20406520
3.27221822 7.91669011 3.20406761
3.27207075 7.91672672 3.20406989
3.27192752 7.91676181 3.20407203
3.27178840 7.91679546 3.20407405
3.27165326 7.91682772 3.20407595
3.27152201 7.91685864 3.20407774
3.27139451 7.91688828 3.20407943
3.27127068 7.91691669 3.20408102
3.27115039 7.91694392 3.20408252
3.27103355 7.91697002 3.20408393
3.27092007 7.91699504 3.20408526
3.27080984 7.91701902 3.20408652
3.27070277 7.91704199 3.20408770
3.27059876 7.91706401 3.20408881
3.27049774 7.91708511 3.20408986
3.27039962 7.91710533 3.20409085
3.27030431 7.91712470 3.20409178
3.27021173 7.91714326 3.20409266
3.27012181 7.91716104 3.20409349
3.27003446 7.91717807 3.20409427
3.26994962 7.91719439 3.20409501
3.26986721 7.91721002 3.20409570
3.26978716 7.91722500 3.20409635
3.26970940 7.91723934 3.20409697
3.26963387 7.91725308 3.20409755
3.26956051 7.91726623 3.20409810
3.26948925 7.91727883 3.20409861
3.26942003 7.91729090 3.20409910
3.26935280 7.91730245 3.20409956
3.26928749 7.91731352 3.20409999
3.26922405 7.91732411 3.20410040
3.26916243 7.91733425 3.20410078
3.26910258 7.91734396 3.20410114
3.26904444 7.91735325 3.20410149
3.26898796 7.91736215 3.20410181
3.26893310 7.91737066 3.20410211
3.26887982 7.91737881 3.20410240
3.26882806 7.91738661 3.20410267
3.26877778 7.91739408 3.20410292
3.26872895 7.91740122 3.20410316
3.26868151 7.91740806 3.20410339
3.26863543 7.91741460 3.20410360
3.26859067 7.91742085 3.20410380
3.26854719 7.91742684 3.20410399
3.26850496 7.91743256 3.20410417
3.26846393 7.91743804 3.20410434
3.26842408 7.91744328 3.20410450
3.26838537 7.91744829 3.20410465
3.26834777 7.91745308 3.20410479
3.26831125 7.91745766 3.20410493
3.26827577 7.91746204 3.20410505
3.26824131 7.91746623 3.20410517
3.26820783 7.91747023 3.20410528
3.26817531 7.91747406 3.20410539
3.26814373 7.91747771 3.20410549
3.26811304 7.91748121 3.20410558
3.26808324 7.91748455 3.20410567
3.26805429 7.91748774 3.20410575
3.26802616 7.91749079 3.20410583
3.26799885 7.91749371 3.20410591
3.26797231 7.91749649 3.20410598
3.26794653 7.91749915 3.20410604
3.26792149 7.91750169 3.20410611
3.26789717 7.91750411 3.20410617
3.26787354 7.91750643 3.20410622
3.26785059 7.91750864 3.20410627
3.26782830 7.91751075 3.20410632
3.26780664 7.91751276 3.20410637
3.26778560 7.91751468 3.20410641
3.26776517 7.91751652 3.20410646
3.26774532 7.91751827 3.20410649
3.26772603 7.91751994 3.20410653
3.26770730 7.91752153 3.20410657
3.26768911 7.91752305 3.20410660
3.26767143 7.91752450 3.20410663
3.26765426 7.91752588 3.20410666
3.26763758 7.91752720 3.20410669
3.26762138 7.91752845 3.20410671
3.26760564 7.91752965 3.20410674
3.26759036 7.91753079 3.20410676
3.26757551 7.91753187 3.20410678
3.26756108 7.91753291 3.20410680
3.26754707 7.91753389 3.20410682
3.26753345 7.91753483 3.20410684
3.26752023 7.91753572 3.20410686
3.26750739 7.91753657 3.20410687
3.26749491 7.91753738 3.20410689
3.26748279 7.91753815 3.20410690
3.26747101 7.91753889 3.20410692
3.26745957 7.91753958 3.20410693
3.26744846 7.91754025 3.20410694
3.26743767 7.91754088 3.20410695
3.26742718 7.91754147 3.20410697
3.26741700 7.91754204 3.20410698
