5.29627291 9.10529778 2.17660535
5.27757141 9.09877710 2.21555659
5.25913316 9.09235685 2.25338714
5.24097311 9.08604627 2.29004935
5.22310456 9.07985409 2.32550497
5.20553922 9.07378854 2.35972501
5.18828716 9.06785723 2.39268941
5.17135686 9.06206720 2.42438658
5.15475525 9.05642487 2.45481288
5.13848776 9.05093602 2.48397202
5.12255839 9.04560583 2.51187437
5.10696976 9.04043881 2.53853632
5.09172327 9.03543887 2.56397956
5.07681909 9.03060933 2.58823037
5.06225633 9.02595292 2.61131897
5.04803309 9.02147178 2.63327884
5.03414659 9.01716754 2.65414613
5.02059322 9.01304132 2.67395906
5.00736865 9.00909377 2.69275743
4.99446793 9.00532507 2.71058209
4.98188554 9.00173500 2.72747455
4.96961550 8.99832295 2.74347658
4.95765142 8.99508799 2.75862987
4.94598656 8.99202882 2.77297578
4.93461391 8.98914389 2.78655502
4.92352627 8.98643139 2.79940753
4.91271622 8.98388925 2.81157225
4.90217627 8.98151523 2.82308701
4.89189881 8.97930688 2.83398840
4.88187621 8.97726164 2.84431171
4.87210083 8.97537676 2.85409088
4.86256503 8.97364942 2.86335842
4.85326125 8.97207669 2.87214544
4.84418198 8.97065558 2.88048161
4.83531978 8.96938302 2.88839519
4.82666735 8.96825590 2.89591301
4.81821748 8.96727110 2.90306055
4.80996310 8.96642546 2.90986193
4.80189728 8.96571580 2.91633997
4.79401324 8.96513898 2.92251622
4.78630435 8.96469184 2.92841102
4.77876414 8.96437125 2.93404353
4.77138630 8.96417410 2.93943181
4.76416469 8.96409731 2.94459282
4.75709332 8.96413784 2.94954252
4.75016639 8.96429268 2.95429590
4.74337825 8.96455888 2.95886702
4.73672342 8.96493353 2.96326907
4.73019658 8.96541376 2.96751443
4.72379258 8.96599677 2.97161468
4.71750642 8.96667980 2.97558066
4.71133327 8.96746015 2.97942255
4.70526845 8.96833518 2.98314985
4.69930741 8.96930229 2.98677144
4.69344577 8.97035897 2.99029564
4.68767931 8.97150273 2.99373022
4.68200391 8.97273117 2.99708244
4.67641561 8.97404193 3.00035909
4.67091059 8.97543270 3.00356651
4.66548515 8.97690124 3.00671061
4.66013572 8.97844537 3.00979691
4.65485884 8.98006294 3.01283058
4.64965120 8.98175189 3.01581642
4.64450957 8.98351018 3.01875893
4.63943086 8.98533584 3.02166230
4.63441207 8.98722694 3.02453042
4.62945031 8.98918162 3.02736695
4.62454280 8.99119804 3.03017528
4.61968686 8.99327443 3.03295857
4.61487989 8.99540905 3.03571978
4.61011939 8.99760022 3.03846164
4.60540295 8.99984630 3.04118672
4.60072826 9.00214568 3.04389741
4.59609307 9.00449681 3.04659591
4.59149523 9.00689815 3.04928430
4.58693266 9.00934824 3.05196448
4.58240336 9.01184562 3.05463824
4.57790541 9.01438889 3.05730724
4.57343693 9.01697668 3.05997301
4.56899616 9.01960763 3.06263698
4.56458137 9.02228045 3.06530046
4.56019090 9.02499386 3.06796467
4.55582316 9.02774661 3.07063076
4.55147662 9.03053749 3.07329975
4.54714982 9.03336530 3.07597261
4.54284133 9.03622888 3.07865023
4.53854979 9.03912709 3.08133341
4.53427391 9.04205882 3.08402290
4.53001244 9.04502299 3.08671937
4.52576416 9.04801851 3.08942345
4.52152794 9.05104436 3.09213568
4.51730268 9.05409950 3.09485659
4.51308731 9.05718293 3.09758661
4.50888083 9.06029367 3.10032615
4.50468227 9.06343074 3.10307557
4.50049072 9.06659319 3.10583517
4.49630530 9.06978010 3.10860522
4.49212518 9.07299053 3.11138595
4.48794955 9.07622359 3.11417754
4.48377768 9.07947839 3.11698013
4.47960883 9.08275404 3.11979383
4.47544234 9.08604969 3.12261873
4.47127757 9.08936447 3.12545485
4.46711390 9.09269755 3.12830220
4.46295079 9.09604810 3.13116077
4.45878768 9.09941529 3.13403048
4.45462410 9.10279831 3.13691125
4.45045958 9.10619635 3.13980295
4.44629369 9.10960862 3.14270545
4.44212603 9.11303434 3.14561857
4.43795624 9.11647271 3.14854209
4.43378400 9.11992297 3.15147578
4.42960900 9.12338434 3.15441938
4.42543099 9.12685606 3.15737261
4.42124972 9.13033738 3.16033515
4.41706498 9.13382754 3.16330666
4.41287662 9.13732579 3.16628677
4.40868447 9.14083139 3.16927510
4.40448843 9.14434360 3.17227122
4.40028841 9.14786168 3.17527470
4.39608435 9.15138490 3.17828507
4.39187622 9.15491253 3.18130184
4.38766403 9.15844383 3.18432451
4.38344781 9.16197809 3.18735252
4.37922759 9.16551459 3.19038533
4.37500348 9.16905259 3.19342236
4.37077558 9.17259140 3.19646300
4.36654403 9.17613028 3.19950663
4.36230899 9.17966853 3.20255260
4.35807064 9.18320544 3.20560026
4.35382920 9.18674030 3.20864890
4.34958492 9.19027240 3.21169783
4.34533805 9.19380103 3.21474633
4.34108889 9.19732549 3.21779365
4.33683774 9.20084509 3.22083903
4.33258495 9.20435913 3.22388171
4.32833088 9.20786690 3.22692088
4.32407589 9.21136773 3.22995575
4.31982041 9.21486091 3.23298549
4.31556486 9.21834576 3.23600927
4.31130968 9.22182161 3.23902625
4.30705535 9.22528776 3.24203556
4.30280234 9.22874354 3.24503635
4.29855117 9.23218829 3.24802774
4.29430237 9.23562133 3.25100885
4.29005648 9.23904200 3.25397879
4.28581406 9.24244964 3.25693666
4.28157568 9.24584361 3.25988157
4.27734196 9.24922326 3.26281261
4.27311348 9.25258794 3.26572890
4.26889089 9.25593703 3.26862952
4.26467481 9.25926989 3.27151358
4.26046589 9.26258592 3.27438017
4.25626481 9.26588449 3.27722842
4.25207222 9.26916501 3.28005744
4.24788883 9.27242688 3.28286634
4.24371531 9.27566952 3.28565426
4.23955237 9.27889235 3.28842035
4.23540071 9.28209481 3.29116375
4.23126106 9.28527634 3.29388363
4.22713413 9.28843641 3.29657918
4.22302064 9.29157448 3.29924961
4.21892133 9.29469003 3.30189411
4.21483691 9.29778255 3.30451194
4.21076813 9.30085155 3.30710235
4.20671570 9.30389655 3.30966462
4.20268037 9.30691708 3.31219805
4.19866286 9.30991268 3.31470198
4.19466389 9.31288292 3.31717575
4.19068419 9.31582738 3.31961874
4.18672447 9.31874564 3.32203037
4.18278544 9.32163730 3.32441007
4.17886780 9.32450200 3.32675730
4.17497225 9.32733936 3.32907157
4.17109948 9.33014905 3.33135240
4.16725017 9.33293072 3.33359936
4.16342497 9.33568408 3.33581203
4.15962454 9.33840881 3.33799005
4.15584953 9.34110465 3.34013306
4.15210056 9.34377133 3.34224078
4.14837825 9.34640860 3.34431291
4.14468320 9.34901624 3.34634923
4.14101600 9.35159404 3.34834953
4.13737721 9.35414181 3.35031363
4.13376738 9.35665936 3.35224141
4.13018705 9.35914655 3.35413277
4.12663674 9.36160323 3.35598762
4.12311694 9.36402928 3.35780594
4.11962813 9.36642459 3.35958772
4.11617078 9.36878908 3.36133299
4.11274532 9.37112267 3.36304182
4.10935217 9.37342531 3.36471429
4.10599174 9.37569696 3.36635053
4.10266439 9.37793760 3.36795068
4.09937050 9.38014722 3.36951493
4.09611039 9.38232584 3.37104349
4.09288438 9.38447347 3.37253659
4.08969277 9.38659017 3.37399450
4.08653583 9.38867598 3.37541748
4.08341381 9.39073098 3.37680587
4.08032693 9.39275525 3.37815998
4.07727542 9.39474890 3.37948017
4.07425946 9.39671203 3.38076681
4.07127921 9.39864477 3.38202030
4.06833482 9.40054727 3.38324105
4.06542641 9.40241966 3.38442949
4.06255409 9.40426212 3.38558605
4.05971795 9.40607481 3.38671121
4.05691805 9.40785793 3.38780542
4.05415443 9.40961168 3.38886918
4.05142711 9.41133625 3.38990299
4.04873611 9.41303186 3.39090734
4.04608142 9.41469875 3.39188276
4.04346300 9.41633714 3.39282976
4.04088080 9.41794728 3.39374888
4.03833477 9.41952942 3.39464065
4.03582481 9.42108382 3.39550561
4.03335083 9.42261075 3.39634432
4.03091273 9.42411048 3.39715731
4.02851035 9.42558328 3.39794513
4.02614358 9.42702945 3.39870835
4.02381223 9.42844927 3.39944751
4.02151615 9.42984304 3.40016315
4.01925514 9.43121107 3.40085584
4.01702901 9.43255364 3.40152612
4.01483755 9.43387108 3.40217453
4.01268053 9.43516370 3.40280162
4.01055773 9.43643181 3.40340793
4.00846888 9.43767572 3.40399399
4.00641375 9.43889577 3.40456033
4.00439206 9.44009226 3.40510748
4.00240354 9.44126553 3.40563595
4.00044791 9.44241591 3.40614626
3.99852487 9.44354371 3.40663890
3.99663414 9.44464926 3.40711438
3.99477539 9.44573290 3.40757319
3.99294833 9.44679495 3.40801582
3.99115262 9.44783573 3.40844272
3.98938795 9.44885559 3.40885438
3.98765398 9.44985484 3.40925126
3.98595038 9.45083381 3.40963379
3.98427681 9.45179283 3.41000242
3.98263293 9.45273222 3.41035759
3.98101838 9.45365231 3.41069971
3.97943281 9.45455341 3.41102920
3.97787588 9.45543585 3.41134647
3.97634721 9.45629995 3.41165191
3.97484647 9.45714601 3.41194590
3.97337327 9.45797435 3.41222882
3.97192727 9.45878529 3.41250105
3.97050809 9.45957914 3.41276293
3.96911537 9.46035619 3.41301482
3.96774875 9.46111675 3.41325706
3.96640786 9.46186112 3.41348998
3.96509234 9.46258960 3.41371389
3.96380181 9.46330248 3.41392913
3.96253591 9.46400006 3.41413598
3.96129428 9.46468261 3.41433475
3.96007656 9.46535043 3.41452572
3.95888237 9.46600380 3.41470917
3.95771137 9.46664298 3.41488537
3.95656319 9.46726827 3.41505458
3.95543746 9.46787992 3.41521707
3.95433385 9.46847820 3.41537307
3.95325198 9.46906338 3.41552282
3.95219152 9.46963571 3.41566656
3.95115210 9.47019546 3.41580451
3.95013339 9.47074286 3.41593689
3.94913504 9.47127818 3.41606390
3.94815670 9.47180165 3.41618575
3.94719805 9.47231351 3.41630263
3.94625873 9.47281401 3.41641474
3.94533843 9.47330337 3.41652226
3.94443681 9.47378183 3.41662536
3.94355355 9.47424961 3.41672422
3.94268832 9.47470693 3.41681899
3.94184080 9.47515400 3.41690985
3.94101068 9.47559106 3.41699694
3.94019764 9.47601829 3.41708041
3.93940139 9.47643592 3.41716040
3.93862161 9.47684415 3.41723705
3.93785800 9.47724316 3.41731050
3.93711026 9.47763317 3.41738086
3.93637811 9.47801437 3.41744827
3.93566125 9.47838693 3.41751285
3.93495940 9.47875105 3.41757470
3.93427227 9.47910692 3.41763394
3.93359958 9.47945470 3.41769067
3.93294107 9.47979458 3.41774500
3.93229646 9.48012672 3.41779702
3.93166549 9.48045130 3.41784682
3.93104789 9.48076848 3.41789451
3.93044341 9.48107842 3.41794015
3.92985179 9.48138129 3.41798385
3.92927278 9.48167723 3.41802568
3.92870613 9.48196640 3.41806571
3.92815160 9.48224895 3.41810402
3.92760895 9.48252503 3.41814069
3.92707795 9.48279478 3.41817577
3.92655837 9.48305834 3.41820935
3.92604997 9.48331585 3.41824147
3.92555253 9.48356744 3.41827220
3.92506584 9.48381325 3.41830161
3.92458968 9.48405341 3.41832974
3.92412383 9.48428803 3.41835664
3.92366808 9.48451726 3.41838238
3.92322223 9.48474120 3.41840700
3.92278608 9.48495999 3.41843055
3.92235943 9.48517372 3.41845307
3.92194209 9.48538253 3.41847461
3.92153385 9.48558651 3.41849520
3.92113455 9.48578579 3.41851490
3.92074398 9.48598046 3.41853373
3.92036197 9.48617063 3.41855174
3.91998834 9.48635640 3.41856896
3.91962292 9.48653788 3.41858542
3.91926554 9.48671516 3.41860116
3.91891602 9.48688833 3.41861620
3.91857420 9.48705750 3.41863059
3.91823992 9.48722274 3.41864434
3.91791303 9.48738416 3.41865748
3.91759336 9.48754184 3.41867004
3.91728076 9.48769586 3.41868205
3.91697509 9.48784632 3.41869353
3.91667619 9.48799328 3.41870450
3.91638392 9.48813683 3.41871498
3.91609814 9.48827706 3.41872500
3.91581871 9.48841403 3.41873458
3.91554550 9.48854782 3.41874373
3.91527837 9.48867850 3.41875247
3.91501719 9.48880615 3.41876083
3.91476183 9.48893084 3.41876881
3.91451217 9.48905263 3.41877644
3.91426809 9.48917159 3.41878373
3.91402946 9.48928779 3.41879070
3.91379617 9.48940128 3.41879735
3.91356810 9.48951214 3.41880371
3.91334513 9.48962043 3.41880978
3.91312717 9.48972619 3.41881559
3.91291409 9.48982950 3.41882113
3.91270579 9.48993041 3.41882643
3.91250217 9.49002897 3.41883149
3.91230312 9.49012524 3.41883632
3.91210855 9.49021927 3.41884094
3.91191835 9.49031111 3.41884535
3.91173243 9.49040082 3.41884956
3.91155070 9.49048844 3.41885359
3.91137307 9.49057402 3.41885743
3.91119944 9.49065762 3.41886110
3.91102973 9.49073927 3.41886461
3.91086384 9.49081902 3.41886796
3.91070170 9.49089691 3.41887116
3.91054323 9.49097299 3.41887421
3.91038833 9.49104731 3.41887713
3.91023694 9.49111989 3.41887992
3.91008897 9.49119079 3.41888258
3.90994436 9.49126003 3.41888512
3.90980301 9.49132767 3.41888755
3.90966487 9.49139373 3.41888986
3.90952986 9.49145826 3.41889208
3.90939791 9.49152128 3.41889419
3.90926895 9.49158284 3.41889621
3.90914291 9.49164296 3.41889814
3.90901974 9.49170169 3.41889998
3.90889937 9.49175905 3.41890174
3.90878173 9.49181508 3.41890342
3.90866676 9.49186981 3.41890502
3.90855440 9.49192326 3.41890655
3.90844460 9.49197547 3.41890801
3.90833730 9.49202646 3.41890941
3.90823244 9.49207627 3.41891074
3.90812996 9.49212492 3.41891201
3.90802982 9.49217244 3.41891322
3.90793196 9.49221885 3.41891438
3.90783633 9.49226419 3.41891549
3.90774288 9.49230847 3.41891655
3.90765156 9.49235172 3.41891756
3.90756232 9.49239396 3.41891852
3.90747512 9.49243522 3.41891944
3.90738990 9.49247553 3.41892032
3.90730663 9.49251489 3.41892116
3.90722526 9.49255335 3.41892196
3.90714575 9.49259090 3.41892272
3.90706806 9.49262759 3.41892345
3.90699214 9.49266342 3.41892415
3.90691795 9.49269842 3.41892482
3.90684546 9.49273261 3.41892545
3.90677463 9.49276600 3.41892606
3.90670542 9.49279861 3.41892664
3.90663779 9.49283047 3.41892719
3.90657171 9.49286159 3.41892772
3.90650713 9.49289198 3.41892822
3.90644404 9.49292167 3.41892870
3.90638239 9.49295067 3.41892916
3.90632215 9.49297900 3.41892960
3.90626329 9.49300666 3.41893001
3.90620578 9.49303369 3.41893041
3.90614959 9.49306009 3.41893079
3.90609468 9.49308587 3.41893116
3.90604104 9.49311106 3.41893151
3.90598862 9.49313566 3.41893184
3.90593740 9.49315969 3.41893215
3.90588736 9.49318316 3.41893246
3.90583846 9.49320608 3.41893274
3.90579069 9.49322848 3.41893302
3.90574401 9.49325035 3.41893328
3.90569841 9.49327172 3.41893353
3.90565384 9.49329259 3.41893377
3.90561031 9.49331297 3.41893400
3.90556777 9.49333289 3.41893422
3.90552620 9.49335234 3.41893443
3.90548560 9.49337134 3.41893462
3.90544592 9.49338990 3.41893481
3.90540716 9.49340802 3.41893500
3.90536928 9.49342573 3.41893517
3.90533228 9.49344303 3.41893533
3.90529612 9.49345992 3.41893549
3.90526080 9.49347643 3.41893564
3.90522628 9.49349255 3.41893578
3.90519256 9.49350829 3.41893592
3.90515962 9.49352368 3.41893605
3.90512743 9.49353870 3.41893618
3.90509599 9.49355338 3.41893630
3.90506526 9.49356771 3.41893641
3.90503524 9.49358172 3.41893652
3.90500592 9.49359539 3.41893662
3.90497726 9.49360876 3.41893672
3.90494927 9.49362181 3.41893681
3.90492192 9.49363456 3.41893690
3.90489520 9.49364701 3.41893699
3.90486909 9.49365917 3.41893707
3.90484358 9.49367106 3.41893715
3.90481866 9.49368267 3.41893723
3.90479432 9.49369400 3.41893730
3.90477053 9.49370508 3.41893736
3.90474729 9.49371590 3.41893743
3.90472459 9.49372647 3.41893749
3.90470241 9.49373679 3.41893755
3.90468074 9.49374687 3.41893761
3.90465957 9.49375672 3.41893766
3.90463888 9.49376635 3.41893771
3.90461868 9.49377574 3.41893776
3.90459893 9.49378493 3.41893781
3.90457965 9.49379389 3.41893785
3.90456080 9.49380266 3.41893790
3.90454239 9.49381121 3.41893794
3.90452441 9.49381957 3.41893798
3.90450684 9.49382774 3.41893801
3.90448967 9.49383572 3.41893805
3.90447290 9.49384351 3.41893808
3.90445651 9.49385112 3.41893811
3.90444051 9.49385856 3.41893814
3.90442487 9.49386582 3.41893817
3.90440959 9.49387291 3.41893820
3.90439466 9.49387984 3.41893823
3.90438008 9.49388662 3.41893825
3.90436584 9.49389323 3.41893828
3.90435192 9.49389969 3.41893830
3.90433832 9.49390600 3.41893832
3.90432504 9.49391216 3.41893835
3.90431206 9.49391819 3.41893837
3.90429938 9.49392407 3.41893839
3.90428700 9.49392982 3.41893840
3.90427490 9.49393543 3.41893842
3.90426307 9.49394091 3.41893844
3.90425153 9.49394627 3.41893845
3.90424024 9.49395150 3.41893847
3.90422922 9.49395661 3.41893848
3.90421845 9.49396161 3.41893850
3.90420793 9.49396648 3.41893851
3.90419765 9.49397125 3.41893852
3.90418761 9.49397590 3.41893854
3.90417781 9.49398045 3.41893855
3.90416822 9.49398489 3.41893856
3.90415886 9.49398923 3.41893857
3.90414971 9.49399347 3.41893858
