3.12927487 2.65496260 1.62078676
3.12178231 2.66266326 1.63233256
3.11429231 2.67037169 1.64388707
3.10680379 2.67808832 1.65545259
3.09931564 2.68581359 1.66703150
3.09182666 2.69354788 1.67862623
3.08433561 2.70129158 1.69023923
3.07684120 2.70904504 1.70187302
3.06934208 2.71680856 1.71353012
3.06183686 2.72458242 1.72521309
3.05432410 2.73236688 1.73692451
3.04680231 2.74016212 1.74866695
3.03926995 2.74796830 1.76044302
3.03172547 2.75578553 1.77225529
3.02416724 2.76361388 1.78410634
3.01659361 2.77145334 1.79599873
3.00900292 2.77930386 1.80793501
3.00139343 2.78716534 1.81991767
2.99376340 2.79503759 1.83194921
2.98611107 2.80292038 1.84403204
2.97843462 2.81081340 1.85616857
2.97073223 2.81871628 1.86836111
2.96300207 2.82662855 1.88061194
2.95524227 2.83454969 1.89292327
2.94745095 2.84247909 1.90529723
2.93962622 2.85041606 1.91773587
2.93176618 2.85835982 1.93024116
2.92386893 2.86630953 1.94281499
2.91593257 2.87426423 1.95545912
2.90795517 2.88222290 1.96817525
2.89993485 2.89018440 1.98096495
2.89186970 2.89814752 1.99382969
2.88375785 2.90611096 2.00677081
2.87559741 2.91407332 2.01978953
2.86738656 2.92203310 2.03288697
2.85912346 2.92998873 2.04606409
2.85080631 2.93793854 2.05932173
2.84243337 2.94588076 2.07266060
2.83400290 2.95381353 2.08608125
2.82551324 2.96173493 2.09958411
2.81696275 2.96964292 2.11316944
2.80834987 2.97753541 2.12683737
2.79967308 2.98541021 2.14058786
2.79093095 2.99326507 2.15442074
2.78212211 3.00109766 2.16833566
2.77324527 3.00890558 2.18233211
2.76429923 3.01668639 2.19640942
2.75528289 3.02443758 2.21056677
2.74619525 3.03215659 2.22480315
2.73703541 3.03984082 2.23911737
2.72780260 3.04748765 2.25350809
2.71849617 3.05509440 2.26797377
2.70911559 3.06265840 2.28251267
2.69966049 3.07017696 2.29712289
2.69013064 3.07764737 2.31180229
2.68052597 3.08506694 2.32654856
2.67084655 3.09243298 2.34135915
2.66109265 3.09974284 2.35623130
2.65126471 3.10699388 2.37116201
2.64136335 3.11418351 2.38614804
2.63138939 3.12130919 2.40118589
2.62134385 3.12836842 2.41627180
2.61122795 3.13535877 2.43140175
2.60104314 3.14227789 2.44657140
2.59079107 3.14912351 2.46177614
2.58047361 3.15589344 2.47701104
2.57009286 3.16258559 2.49227085
2.55965117 3.16919796 2.50754999
2.54915109 3.17572867 2.52284255
2.53859542 3.18217595 2.53814226
2.52798719 3.18853814 2.55344253
2.51732966 3.19481373 2.56873639
2.50662632 3.20100130 2.58401654
2.49588088 3.20709958 2.59927532
2.48509727 3.21310744 2.61450474
2.47427966 3.21902385 2.62969648
2.46343238 3.22484797 2.64484191
2.45256000 3.23057904 2.65993207
2.44166725 3.23621648 2.67495778
2.43075906 3.24175983 2.68990956
2.41984049 3.24720875 2.70477774
2.40891677 3.25256305 2.71955247
2.39799326 3.25782267 2.73422373
2.38707542 3.26298766 2.74878141
2.37616883 3.26805823 2.76321534
2.36527913 3.27303467 2.77751535
2.35441203 3.27791740 2.79167127
2.34357327 3.28270695 2.80567307
2.33276861 3.28740397 2.81951080
2.32200381 3.29200918 2.83317476
2.31128461 3.29652342 2.84665546
2.30061671 3.30094761 2.85994371
2.29000573 3.30528274 2.87303068
2.27945721 3.30952990 2.88590791
2.26897660 3.31369022 2.89856740
2.25856921 3.31776493 2.91100162
2.24824022 3.32175528 2.92320355
2.23799466 3.32566260 2.93516671
2.22783737 3.32948824 2.94688523
2.21777302 3.33323361 2.95835381
2.20780606 3.33690014 2.96956777
2.19794076 3.34048930 2.98052308
2.18818113 3.34400257 2.99121632
2.17853098 3.34744144 3.00164475
2.16899388 3.35080743 3.01180623
2.15957315 3.35410206 3.02169929
2.15027187 3.35732685 3.03132305
2.14109286 3.36048332 3.04067725
2.13203871 3.36357298 3.04976224
2.12311176 3.36659733 3.05857890
2.11431407 3.36955787 3.06712867
2.10564750 3.37245607 3.07541350
2.09711363 3.37529339 3.08343581
2.08871384 3.37807126 3.09119849
2.08044925 3.38079111 3.09870484
2.07232078 3.38345430 3.10595855
2.06432910 3.38606222 3.11296365
2.05647470 3.38861619 3.11972450
2.04875787 3.39111751 3.12624573
2.04117869 3.39356747 3.13253223
2.03373707 3.39596730 3.13858911
2.02643273 3.39831822 3.14442165
2.01926526 3.40062141 3.15003530
2.01223405 3.40287803 3.15543565
2.00533837 3.40508917 3.16062835
1.99857737 3.40725595 3.16561917
1.99195004 3.40937939 3.17041388
1.98545527 3.41146055 3.17501833
1.97909184 3.41350039 3.17943833
1.97285844 3.41549989 3.18367969
1.96675365 3.41745998 3.18774821
1.96077598 3.41938157 3.19164962
1.95492387 3.42126552 3.19538959
1.94919569 3.42311269 3.19897372
1.94358973 3.42492390 3.20240752
1.93810427 3.42669995 3.20569641
1.93273750 3.42844160 3.20884570
1.92748761 3.43014961 3.21186060
1.92235272 3.43182470 3.21474618
1.91733095 3.43346756 3.21750741
1.91242039 3.43507888 3.22014911
1.90761910 3.43665932 3.22267598
1.90292515 3.43820952 3.22509260
1.89833659 3.43973009 3.22740338
1.89385145 3.44122163 3.22961263
1.88946779 3.44268474 3.23172451
1.88518364 3.44411997 3.23374304
1.88099707 3.44552789 3.23567210
1.87690614 3.44690901 3.23751546
1.87290890 3.44826387 3.23927673
1.86900346 3.44959297 3.24095940
1.86518792 3.45089681 3.24256684
1.86146038 3.45217586 3.24410228
1.85781899 3.45343060 3.24556884
1.85426192 3.45466147 3.24696952
1.85078734 3.45586894 3.24830718
1.84739345 3.45705342 3.24958460
1.84407850 3.45821534 3.25080442
1.84084073 3.45935513 3.25196919
1.83767844 3.46047318 3.25308135
1.83458992 3.46156989 3.25414323
1.83157353 3.46264565 3.25515709
1.82862762 3.46370084 3.25612506
1.82575060 3.46473583 3.25704920
1.82294087 3.46575098 3.25793148
1.82019691 3.46674665 3.25877378
1.81751720 3.46772319 3.25957791
1.81490023 3.46868094 3.26034558
1.81234457 3.46962024 3.26107845
1.80984877 3.47054142 3.26177809
1.80741144 3.47144480 3.26244601
1.80503120 3.47233070 3.26308365
1.80270672 3.47319943 3.26369238
1.80043669 3.47405130 3.26427352
1.79821980 3.47488661 3.26482832
1.79605482 3.47570565 3.26535798
1.79394051 3.47650872 3.26586364
1.79187566 3.47729610 3.26634640
1.78985911 3.47806808 3.26680731
1.78788970 3.47882493 3.26724735
1.78596632 3.47956692 3.26766749
1.78408785 3.48029432 3.26806862
1.78225324 3.48100739 3.26845162
1.78046144 3.48170639 3.26881731
1.77871143 3.48239158 3.26916648
1.77700220 3.48306320 3.26949988
1.77533278 3.48372151 3.26981824
1.77370223 3.48436674 3.27012223
1.77210960 3.48499913 3.27041253
1.77055401 3.48561893 3.27068973
1.76903455 3.48622635 3.27095446
1.76755037 3.48682163 3.27120726
1.76610063 3.48740499 3.27144869
1.76468449 3.48797666 3.27167926
1.76330117 3.48853683 3.27189947
1.76194987 3.48908574 3.27210978
1.76062983 3.48962359 3.27231065
1.75934031 3.49015059 3.27250251
1.75808058 3.49066693 3.27268576
1.75684993 3.49117283 3.27286080
1.75564766 3.49166847 3.27302800
1.75447310 3.49215405 3.27318771
1.75332560 3.49262975 3.27334027
1.75220450 3.49309578 3.27348600
1.75110919 3.49355230 3.27362522
1.75003904 3.49399950 3.27375822
1.74899347 3.49443756 3.27388529
1.74797190 3.49486665 3.27400667
1.74697374 3.49528695 3.27412265
1.74599845 3.49569863 3.27423345
1.74504550 3.49610184 3.27433932
1.74411434 3.49649676 3.27444046
1.74320448 3.49688354 3.27453711
1.74231539 3.49726235 3.27462946
1.74144661 3.49763333 3.27471769
1.74059764 3.49799664 3.27480201
1.73976803 3.49835243 3.27488258
1.73895731 3.49870085 3.27495957
1.73816505 3.49904204 3.27503315
1.73739082 3.49937615 3.27510345
1.73663418 3.49970331 3.27517065
1.73589474 3.50002366 3.27523486
1.73517208 3.50033734 3.27529623
1.73446581 3.50064447 3.27535488
1.73377556 3.50094520 3.27541093
1.73310095 3.50123964 3.27546450
1.73244162 3.50152792 3.27551571
1.73179720 3.50181016 3.27556465
1.73116736 3.50208649 3.27561143
1.73055176 3.50235703 3.27565614
1.72995006 3.50262189 3.27569887
1.72936194 3.50288118 3.27573972
1.72878709 3.50313501 3.27577877
1.72822521 3.50338351 3.27581610
1.72767598 3.50362677 3.27585178
1.72713913 3.50386490 3.27588589
1.72661436 3.50409801 3.27591849
1.72610140 3.50432620 3.27594966
1.72559997 3.50454956 3.27597946
1.72510981 3.50476821 3.27600794
1.72463066 3.50498222 3.27603517
1.72416226 3.50519170 3.27606121
1.72370438 3.50539675 3.27608610
1.72325676 3.50559744 3.27610990
1.72281918 3.50579388 3.27613265
1.72239141 3.50598614 3.27615440
1.72197321 3.50617433 3.27617520
1.72156438 3.50635850 3.27619508
1.72116469 3.50653877 3.27621409
1.72077394 3.50671519 3.27623227
1.72039193 3.50688786 3.27624965
1.72001845 3.50705684 3.27626627
1.71965331 3.50722223 3.27628216
1.71929633 3.50738408 3.27629735
1.71894731 3.50754248 3.27631188
1.71860608 3.50769750 3.27632577
1.71827245 3.50784920 3.27633905
1.71794626 3.50799766 3.27635175
1.71762734 3.50814294 3.27636390
1.71731553 3.50828512 3.27637551
1.71701065 3.50842425 3.27638662
1.71671256 3.50856040 3.27639724
1.71642110 3.50869363 3.27640740
1.71613613 3.50882401 3.27641711
1.71585749 3.50895159 3.27642640
1.71558504 3.50907643 3.27643528
1.71531865 3.50919859 3.27644377
1.71505817 3.50931813 3.27645190
1.71480347 3.50943510 3.27645967
1.71455443 3.50954955 3.27646709
1.71431092 3.50966155 3.27647420
1.71407280 3.50977113 3.27648099
1.71383997 3.50987836 3.27648749
1.71361230 3.50998328 3.27649371
1.71338967 3.51008594 3.27649965
1.71317198 3.51018639 3.27650534
1.71295911 3.51028467 3.27651077
1.71275095 3.51038084 3.27651597
1.71254740 3.51047493 3.27652095
1.71234836 3.51056699 3.27652570
1.71215372 3.51065707 3.27653025
1.71196338 3.51074520 3.27653460
1.71177726 3.51083143 3.27653876
1.71159525 3.51091580 3.27654274
1.71141727 3.51099834 3.27654655
1.71124321 3.51107911 3.27655019
1.71107301 3.51115812 3.27655367
1.71090656 3.51123543 3.27655701
1.71074379 3.51131107 3.27656019
1.71058462 3.51138507 3.27656324
1.71042896 3.51145747 3.27656615
1.71027673 3.51152830 3.27656894
1.71012787 3.51159760 3.27657161
1.70998228 3.51166540 3.27657416
1.70983991 3.51173173 3.27657660
1.70970068 3.51179663 3.27657893
1.70956452 3.51186012 3.27658117
1.70943137 3.51192223 3.27658330
1.70930114 3.51198300 3.27658534
1.70917379 3.51204245 3.27658730
1.70904924 3.51210061 3.27658917
1.70892744 3.51215751 3.27659095
1.70880832 3.51221318 3.27659266
1.70869183 3.51226764 3.27659430
1.70857790 3.51232091 3.27659586
1.70846648 3.51237303 3.27659736
1.70835751 3.51242402 3.27659879
1.70825094 3.51247391 3.27660016
1.70814671 3.51252271 3.27660147
1.70804478 3.51257045 3.27660272
1.70794510 3.51261715 3.27660392
1.70784760 3.51266284 3.27660507
1.70775225 3.51270754 3.27660616
1.70765900 3.51275126 3.27660721
1.70756780 3.51279404 3.27660822
1.70747860 3.51283588 3.27660918
1.70739136 3.51287682 3.27661010
1.70730604 3.51291686 3.27661097
1.70722260 3.51295604 3.27661181
1.70714099 3.51299436 3.27661262
1.70706118 3.51303185 3.27661339
1.70698312 3.51306853 3.27661412
1.70690677 3.51310440 3.27661483
1.70683210 3.51313950 3.27661550
1.70675907 3.51317383 3.27661614
1.70668765 3.51320742 3.27661676
1.70661779 3.51324027 3.27661735
1.70654947 3.51327241 3.27661791
1.70648264 3.51330385 3.27661845
1.70641729 3.51333461 3.27661897
1.70635337 3.51336469 3.27661946
1.70629085 3.51339413 3.27661994
1.70622971 3.51342292 3.27662039
1.70616991 3.51345108 3.27662082
1.70611142 3.51347863 3.27662123
1.70605421 3.51350558 3.27662163
1.70599826 3.51353194 3.27662201
1.70594353 3.51355773 3.27662237
1.70589001 3.51358295 3.27662271
1.70583766 3.51360763 3.27662305
1.70578646 3.51363177 3.27662336
1.70573639 3.51365538 3.27662367
1.70568741 3.51367848 3.27662396
1.70563950 3.51370108 3.27662423
1.70559265 3.51372318 3.27662450
1.70554682 3.51374480 3.27662475
1.70550200 3.51376595 3.27662500
1.70545816 3.51378664 3.27662523
1.70541528 3.51380687 3.27662545
1.70537334 3.51382667 3.27662566
1.70533233 3.51384603 3.27662587
1.70529221 3.51386498 3.27662606
1.70525297 3.51388350 3.27662625
1.70521459 3.51390163 3.27662643
1.70517705 3.51391936 3.27662660
1.70514033 3.51393670 3.27662676
1.70510442 3.51395367 3.27662692
1.70506930 3.51397026 3.27662706
1.70503494 3.51398649 3.27662721
1.70500134 3.51400237 3.27662734
1.70496848 3.51401790 3.27662747
1.70493633 3.51403310 3.27662760
1.70490489 3.51404796 3.27662772
1.70487414 3.51406249 3.27662783
1.70484406 3.51407671 3.27662794
1.70481464 3.51409062 3.27662805
1.70478586 3.51410423 3.27662815
1.70475772 3.51411754 3.27662824
1.70473019 3.51413056 3.27662834
1.70470327 3.51414329 3.27662842
1.70467693 3.51415575 3.27662851
1.70465117 3.51416793 3.27662859
1.70462598 3.51417985 3.27662866
1.70460133 3.51419151 3.27662874
1.70457723 3.51420291 3.27662881
1.70455366 3.51421407 3.27662888
1.70453060 3.51422498 3.27662894
1.70450804 3.51423565 3.27662900
1.70448598 3.51424609 3.27662906
1.70446440 3.51425631 3.27662912
1.70444330 3.51426629 3.27662917
1.70442266 3.51427607 3.27662922
1.70440247 3.51428562 3.27662927
1.70438272 3.51429497 3.27662932
1.70436340 3.51430412 3.27662936
1.70434451 3.51431306 3.27662941
1.70432603 3.51432181 3.27662945
1.70430795 3.51433037 3.27662949
1.70429027 3.51433874 3.27662953
1.70427298 3.51434693 3.27662956
1.70425606 3.51435494 3.27662960
1.70423952 3.51436278 3.27662963
1.70422334 3.51437044 3.27662966
1.70420751 3.51437794 3.27662969
1.70419203 3.51438527 3.27662972
1.70417689 3.51439244 3.27662975
1.70416208 3.51439946 3.27662978
1.70414759 3.51440632 3.27662980
1.70413342 3.51441303 3.27662983
1.70411956 3.51441960 3.27662985
1.70410600 3.51442602 3.27662987
1.70409274 3.51443231 3.27662989
1.70407977 3.51443845 3.27662991
1.70406709 3.51444446 3.27662993
1.70405468 3.51445034 3.27662995
1.70404254 3.51445609 3.27662997
1.70403067 3.51446172 3.27662999
1.70401906 3.51446722 3.27663000
1.70400770 3.51447260 3.27663002
1.70399659 3.51447787 3.27663003
1.70398573 3.51448302 3.27663005
1.70397510 3.51448805 3.27663006
1.70396470 3.51449298 3.27663007
1.70395454 3.51449780 3.27663009
1.70394459 3.51450252 3.27663010
1.70393486 3.51450713 3.27663011
1.70392535 3.51451164 3.27663012
1.70391604 3.51451605 3.27663013
1.70390694 3.51452036 3.27663014
