7.73586693 6.28351333 1.08797134
7.72613050 6.29096311 1.10305291
7.71621890 6.29832169 1.11834424
7.70613326 6.30558694 1.13384756
7.69587517 6.31275683 1.14956424
7.68544673 6.31982939 1.16549468
7.67485053 6.32680279 1.18163819
7.66408970 6.33367523 1.19799286
7.65316795 6.34044505 1.21455542
7.64208956 6.34711065 1.23132119
7.63085943 6.35367054 1.24828387
7.61948306 6.36012332 1.26543556
7.60796657 6.36646769 1.28276659
7.59631675 6.37270242 1.30026549
7.58454099 6.37882641 1.31791896
7.57264733 6.38483864 1.33571179
7.56064444 6.39073821 1.35362694
7.54854157 6.39652428 1.37164549
7.53634858 6.40219617 1.38974673
7.52407588 6.40775326 1.40790826
7.51173440 6.41319505 1.42610605
7.49933556 6.41852117 1.44431465
7.48689121 6.42373133 1.46250730
7.47441357 6.42882537 1.48065615
7.46191520 6.43380325 1.49873250
7.44940892 6.43866503 1.51670701
7.43690773 6.44341091 1.53454997
7.42442476 6.44804120 1.55223158
7.41197319 6.45255631 1.56972221
7.39956618 6.45695680 1.58699268
7.38721677 6.46124334 1.60401456
7.37493785 6.46541671 1.62076039
7.36274206 6.46947782 1.63720396
7.35064172 6.47342769 1.65332056
7.33864876 6.47726745 1.66908714
7.32677469 6.48099835 1.68448253
7.31503051 6.48462173 1.69948757
7.30342667 6.48813904 1.71408525
7.29197304 6.49155183 1.72826078
7.28067883 6.49486174 1.74200166
7.26955263 6.49807048 1.75529769
7.25860232 6.50117985 1.76814096
7.24783510 6.50419171 1.78052584
7.23725743 6.50710801 1.79244888
7.22687510 6.50993072 1.80390875
7.21669315 6.51266187 1.81490613
7.20671595 6.51530356 1.82544358
7.19694716 6.51785787 1.83552541
7.18738979 6.52032696 1.84515752
7.17804619 6.52271297 1.85434728
7.16891811 6.52501807 1.86310334
7.16000667 6.52724444 1.87143548
7.15131247 6.52939425 1.87935450
7.14283556 6.53146967 1.88687199
7.13457549 6.53347284 1.89400025
7.12653136 6.53540592 1.90075213
7.11870184 6.53727101 1.90714089
7.11108522 6.53907022 1.91318011
7.10367941 6.54080559 1.91888354
7.09648201 6.54247917 1.92426503
7.08949033 6.54409295 1.92933843
7.08270143 6.54564888 1.93411749
7.07611211 6.54714889 1.93861584
7.06971900 6.54859484 1.94284687
7.06351854 6.54998856 1.94682370
7.05750703 6.55133185 1.95055915
7.05168063 6.55262643 1.95406570
7.04603541 6.55387402 1.95735542
7.04056738 6.55507624 1.96044001
7.03527244 6.55623471 1.96333074
7.03014648 6.55735097 1.96603842
7.02518535 6.55842653 1.96857347
7.02038488 6.55946285 1.97094582
7.01574093 6.56046135 1.97316499
7.01124933 6.56142338 1.97524005
7.00690594 6.56235028 1.97717962
7.00270669 6.56324332 1.97899190
6.99864749 6.56410374 1.98068470
6.99472435 6.56493273 1.98226538
6.99093329 6.56573145 1.98374094
6.98727043 6.56650101 1.98511797
6.98373193 6.56724247 1.98640272
6.98031402 6.56795688 1.98760108
6.97701301 6.56864524 1.98871858
6.97382527 6.56930850 1.98976045
6.97074727 6.56994759 1.99073161
6.96777555 6.57056341 1.99163668
6.96490671 6.57115681 1.99248000
6.96213746 6.57172863 1.99326564
6.95946458 6.57227967 1.99399742
6.95688493 6.57281068 1.99467894
6.95439546 6.57332242 1.99531355
6.95199320 6.57381560 1.99590439
6.94967525 6.57429090 1.99645442
6.94743880 6.57474897 1.99696638
6.94528114 6.57519047 1.99744287
6.94319960 6.57561600 1.99788627
6.94119161 6.57602614 1.99829886
6.93925469 6.57642147 1.99868273
6.93738640 6.57680253 1.99903985
6.93558440 6.57716985 1.99937205
6.93384642 6.57752393 1.99968105
6.93217026 6.57786525 1.99996844
6.93055378 6.57819429 2.00023571
6.92899492 6.57851150 2.00048426
6.92749168 6.57881731 2.00071539
6.92604213 6.57911213 2.00093029
6.92464439 6.57939638 2.00113010
6.92329665 6.57967042 2.00131586
6.92199716 6.57993465 2.00148856
6.92074424 6.58018941 2.00164910
6.91953624 6.58043505 2.00179834
6.91837158 6.58067191 2.00193705
6.91724874 6.58090030 2.00206599
6.91616623 6.58112052 2.00218583
6.91512264 6.58133289 2.00229721
6.91411658 6.58153767 2.00240072
6.91314672 6.58173515 2.00249692
6.91221177 6.58192560 2.00258632
6.91131051 6.58210925 2.00266940
6.91044172 6.58228637 2.00274660
6.90960425 6.58245718 2.00281834
6.90879699 6.58262192 2.00288499
6.90801885 6.58278080 2.00294693
6.90726880 6.58293404 2.00300448
6.90654582 6.58308183 2.00305795
6.90584896 6.58322438 2.00310763
6.90517728 6.58336187 2.00315379
6.90452987 6.58349448 2.00319667
6.90390587 6.58362239 2.00323651
6.90330443 6.58374577 2.00327353
6.90272474 6.58386478 2.00330791
6.90216603 6.58397957 2.00333986
6.90162753 6.58409030 2.00336954
6.90110853 6.58419711 2.00339711
6.90060832 6.58430015 2.00342272
6.90012622 6.58439954 2.00344651
6.89966159 6.58449542 2.00346861
6.89921378 6.58458792 2.00348914
6.89878220 6.58467714 2.00350821
6.89836626 6.58476322 2.00352593
6.89796540 6.58484626 2.00354238
6.89757907 6.58492637 2.00355767
6.89720675 6.58500365 2.00357186
6.89684792 6.58507821 2.00358505
6.89650211 6.58515014 2.00359730
6.89616885 6.58521954 2.00360868
6.89584767 6.58528649 2.00361925
6.89553815 6.58535109 2.00362906
6.89523986 6.58541341 2.00363818
6.89495240 6.58547353 2.00364665
6.89467536 6.58553154 2.00365452
6.89440839 6.58558751 2.00366182
6.89415110 6.58564152 2.00366861
6.89390316 6.58569362 2.00367491
6.89366422 6.58574389 2.00368077
6.89343395 6.58579239 2.00368620
6.89321205 6.58583919 2.00369125
6.89299821 6.58588435 2.00369594
6.89279213 6.58592792 2.00370030
6.89259354 6.58596996 2.00370434
6.89240216 6.58601052 2.00370810
6.89221774 6.58604966 2.00371159
6.89204002 6.58608743 2.00371483
6.89186875 6.58612387 2.00371784
6.89170371 6.58615904 2.00372064
6.89154466 6.58619297 2.00372324
6.89139140 6.58622571 2.00372565
6.89124370 6.58625730 2.00372789
6.89110138 6.58628779 2.00372997
6.89096422 6.58631720 2.00373190
6.89083205 6.58634559 2.00373369
6.89070469 6.58637298 2.00373536
6.89058196 6.58639941 2.00373691
6.89046368 6.58642492 2.00373835
6.89034971 6.58644954 2.00373968
6.89023988 6.58647329 2.00374092
6.89013405 6.58649621 2.00374207
6.89003206 6.58651833 2.00374314
6.88993378 6.58653967 2.00374413
6.88983908 6.58656027 2.00374506
6.88974781 6.58658015 2.00374591
6.88965987 6.58659933 2.00374671
6.88957513 6.58661784 2.00374745
6.88949346 6.58663570 2.00374813
6.88941477 6.58665294 2.00374877
6.88933894 6.58666958 2.00374936
6.88926587 6.58668564 2.00374991
6.88919545 6.58670113 2.00375042
6.88912760 6.58671608 2.00375090
6.88906222 6.58673051 2.00375134
6.88899921 6.58674444 2.00375175
6.88893849 6.58675788 2.00375213
6.88887999 6.58677085 2.00375248
6.88882361 6.58678337 2.00375281
6.88876928 6.58679545 2.00375311
6.88871693 6.58680711 2.00375339
6.88866649 6.58681836 2.00375365
6.88861788 6.58682922 2.00375390
6.88857103 6.58683970 2.00375412
6.88852589 6.58684982 2.00375433
6.88848240 6.58685958 2.00375453
6.88844049 6.58686900 2.00375471
6.88840010 6.58687809 2.00375488
6.88836118 6.58688687 2.00375503
6.88832368 6.58689534 2.00375518
6.88828754 6.58690351 2.00375531
6.88825271 6.58691140 2.00375544
6.88821916 6.58691902 2.00375556
6.88818682 6.58692637 2.00375566
6.88815566 6.58693346 2.00375576
6.88812564 6.58694030 2.00375586
6.88809671 6.58694691 2.00375594
6.88806883 6.58695329 2.00375602
6.88804196 6.58695944 2.00375610
6.88801608 6.58696538 2.00375617
6.88799113 6.58697112 2.00375623
6.88796709 6.58697665 2.00375629
6.88794393 6.58698199 2.00375635
6.88792161 6.58698715 2.00375640
6.88790011 6.58699213 2.00375645
6.88787938 6.58699693 2.00375649
6.88785941 6.58700156 2.00375653
6.88784017 6.58700604 2.00375657
6.88782162 6.58701036 2.00375661
6.88780376 6.58701453 2.00375664
6.88778654 6.58701855 2.00375667
6.88776995 6.58702243 2.00375670
6.88775396 6.58702618 2.00375673
6.88773855 6.58702980 2.00375675
6.88772371 6.58703329 2.00375677
6.88770941 6.58703666 2.00375679
6.88769562 6.58703992 2.00375681
6.88768234 6.58704306 2.00375683
6.88766954 6.58704609 2.00375685
6.88765721 6.58704901 2.00375686
6.88764532 6.58705184 2.00375688
6.88763387 6.58705457 2.00375689
6.88762284 6.58705720 2.00375691
6.88761221 6.58705974 2.00375692
6.88760196 6.58706219 2.00375693
6.88759209 6.58706456 2.00375694
