8.27337664 8.33155376 1.87200677
8.27511197 8.34962827 1.90486641
8.27678095 8.36758416 1.93726210
8.27838383 8.38540488 1.96913932
8.27992117 8.40307430 2.00044656
8.28139377 8.42057680 2.03113567
8.28280267 8.43789735 2.06116226
8.28414914 8.45502159 2.09048592
8.28543463 8.47193588 2.11907045
8.28666077 8.48862740 2.14688405
8.28782932 8.50508414 2.17389940
8.28894217 8.52129499 2.20009372
8.29000130 8.53724976 2.22544871
8.29100876 8.55293920 2.24995055
8.29196665 8.56835500 2.27358970
8.29287709 8.58348983 2.29636081
8.29374220 8.59833731 2.31826248
8.29456412 8.61289197 2.33929703
8.29534493 8.62714931 2.35947023
8.29608669 8.64110570 2.37879106
8.29679140 8.65475839 2.39727138
8.29746101 8.66810544 2.41492564
8.29809741 8.68114573 2.43177059
8.29870238 8.69387888 2.44782497
8.29927766 8.70630521 2.46310923
8.29982490 8.71842568 2.47764525
8.30034565 8.73024190 2.49145605
8.30084140 8.74175601 2.50456559
8.30131355 8.75297067 2.51699848
8.30176342 8.76388901 2.52877981
8.30219223 8.77451457 2.53993491
8.30260116 8.78485129 2.55048923
8.30299130 8.79490341 2.56046814
8.30336366 8.80467549 2.56989679
8.30371920 8.81417233 2.57880003
8.30405881 8.82339893 2.58720225
8.30438331 8.83236052 2.59512736
8.30469348 8.84106242 2.60259862
8.30499005 8.84951012 2.60963870
8.30527369 8.85770919 2.61626952
8.30554502 8.86566524 2.62251229
8.30580464 8.87338397 2.62838745
8.30605310 8.88087107 2.63391466
8.30629092 8.88813225 2.63911278
8.30651856 8.89517321 2.64399989
8.30673648 8.90199962 2.64859328
8.30694512 8.90861712 2.65290943
8.30714486 8.91503129 2.65696408
8.30733607 8.92124763 2.66077219
8.30751913 8.92727161 2.66434800
8.30769434 8.93310858 2.66770502
8.30786205 8.93876383 2.67085606
8.30802253 8.94424255 2.67381328
8.30817608 8.94954983 2.67658816
8.30832296 8.95469067 2.67919158
8.30846344 8.95966996 2.68163382
8.30859776 8.96449248 2.68392459
8.30872614 8.96916290 2.68607305
8.30884882 8.97368580 2.68808783
8.30896601 8.97806563 2.68997709
8.30907791 8.98230673 2.69174850
8.30918472 8.98641335 2.69340928
8.30928663 8.99038960 2.69496623
8.30938382 8.99423950 2.69642577
8.30947647 8.99796697 2.69779390
8.30956474 9.00157580 2.69907629
8.30964880 9.00506969 2.70027825
8.30972881 9.00845223 2.70140479
8.30980491 9.01172690 2.70246060
8.30987725 9.01489710 2.70345009
8.30994598 9.01796611 2.70437739
8.31001123 9.02093713 2.70524641
8.31007313 9.02381325 2.70606077
8.31013182 9.02659748 2.70682392
8.31018740 9.02929273 2.70753904
8.31024001 9.03190182 2.70820917
8.31028976 9.03442751 2.70883712
8.31033676 9.03687243 2.70942554
8.31038112 9.03923917 2.70997692
8.31042294 9.04153022 2.71049359
8.31046233 9.04374799 2.71097773
8.31049939 9.04589483 2.71143138
8.31053420 9.04797301 2.71185647
8.31056686 9.04998471 2.71225480
8.31059747 9.05193208 2.71262805
8.31062609 9.05381716 2.71297780
8.31065283 9.05564195 2.71330553
8.31067775 9.05740839 2.71361263
8.31070094 9.05911834 2.71390040
8.31072248 9.06077362 2.71417006
8.31074242 9.06237598 2.71442275
8.31076085 9.06392711 2.71465954
8.31077783 9.06542867 2.71488143
8.31079342 9.06688223 2.71508936
8.31080770 9.06828934 2.71528421
8.31082071 9.06965149 2.71546681
8.31083252 9.07097012 2.71563793
8.31084318 9.07224663 2.71579828
8.31085276 9.07348236 2.71594856
8.31086129 9.07467863 2.71608938
8.31086884 9.07583670 2.71622136
8.31087544 9.07695780 2.71634505
8.31088115 9.07804311 2.71646096
8.31088602 9.07909378 2.71656959
8.31089008 9.08011093 2.71667140
8.31089337 9.08109561 2.71676681
8.31089594 9.08204888 2.71685624
8.31089783 9.08297174 2.71694005
8.31089907 9.08386517 2.71701860
8.31089969 9.08473011 2.71709221
8.31089974 9.08556747 2.71716121
8.31089924 9.08637813 2.71722588
8.31089823 9.08716295 2.71728650
8.31089673 9.08792276 2.71734331
8.31089478 9.08865835 2.71739656
8.31089240 9.08937051 2.71744647
8.31088961 9.09005998 2.71749325
8.31088645 9.09072748 2.71753709
8.31088294 9.09137373 2.71757819
8.31087910 9.09199939 2.71761672
8.31087496 9.09260513 2.71765283
8.31087053 9.09319159 2.71768667
8.31086583 9.09375938 2.71771840
8.31086089 9.09430909 2.71774814
8.31085572 9.09484131 2.71777602
8.31085035 9.09535659 2.71780215
8.31084478 9.09585548 2.71782665
8.31083903 9.09633849 2.71784961
8.31083312 9.09680614 2.71787114
8.31082707 9.09725891 2.71789131
8.31082089 9.09769729 2.71791023
8.31081458 9.09812172 2.71792796
8.31080817 9.09853265 2.71794458
8.31080166 9.09893053 2.71796017
8.31079507 9.09931575 2.71797477
8.31078841 9.09968872 2.71798847
8.31078168 9.10004984 2.71800131
8.31077491 9.10039949 2.71801334
8.31076809 9.10073802 2.71802463
8.31076123 9.10106579 2.71803520
8.31075435 9.10138315 2.71804512
8.31074745 9.10169043 2.71805442
8.31074053 9.10198794 2.71806313
8.31073362 9.10227601 2.71807130
8.31072670 9.10255492 2.71807896
8.31071979 9.10282498 2.71808615
8.31071290 9.10308646 2.71809288
8.31070602 9.10333964 2.71809919
8.31069917 9.10358477 2.71810511
8.31069235 9.10382213 2.71811066
8.31068557 9.10405194 2.71811586
8.31067882 9.10427447 2.71812074
8.31067211 9.10448993 2.71812531
8.31066545 9.10469855 2.71812960
8.31065884 9.10490054 2.71813362
8.31065228 9.10509613 2.71813739
8.31064577 9.10528551 2.71814092
8.31063933 9.10546888 2.71814424
8.31063294 9.10564644 2.71814734
8.31062661 9.10581835 2.71815025
8.31062035 9.10598482 2.71815299
8.31061416 9.10614600 2.71815555
8.31060803 9.10630207 2.71815795
8.31060198 9.10645319 2.71816020
8.31059599 9.10659952 2.71816231
8.31059008 9.10674120 2.71816429
8.31058424 9.10687839 2.71816614
8.31057848 9.10701123 2.71816788
8.31057279 9.10713986 2.71816952
8.31056718 9.10726440 2.71817104
8.31056164 9.10738500 2.71817248
8.31055618 9.10750178 2.71817382
8.31055080 9.10761485 2.71817509
8.31054550 9.10772433 2.71817627
8.31054028 9.10783035 2.71817738
8.31053513 9.10793301 2.71817842
8.31053007 9.10803241 2.71817939
8.31052508 9.10812866 2.71818031
8.31052017 9.10822185 2.71818116
8.31051534 9.10831210 2.71818197
8.31051059 9.10839948 2.71818272
8.31050591 9.10848410 2.71818343
8.31050132 9.10856603 2.71818409
8.31049680 9.10864537 2.71818471
8.31049235 9.10872219 2.71818529
8.31048799 9.10879658 2.71818584
8.31048370 9.10886861 2.71818635
8.31047948 9.10893836 2.71818683
8.31047534 9.10900589 2.71818728
8.31047127 9.10907129 2.71818771
8.31046728 9.10913462 2.71818810
8.31046336 9.10919594 2.71818847
8.31045951 9.10925532 2.71818882
8.31045573 9.10931281 2.71818915
8.31045203 9.10936849 2.71818946
8.31044839 9.10942240 2.71818974
8.31044482 9.10947460 2.71819001
8.31044132 9.10952515 2.71819027
8.31043789 9.10957410 2.71819050
8.31043452 9.10962150 2.71819072
8.31043122 9.10966740 2.71819093
8.31042798 9.10971184 2.71819113
8.31042481 9.10975488 2.71819131
8.31042170 9.10979655 2.71819148
8.31041866 9.10983691 2.71819165
8.31041567 9.10987598 2.71819180
8.31041275 9.10991382 2.71819194
8.31040988 9.10995046 2.71819207
8.31040707 9.10998594 2.71819220
8.31040432 9.11002030 2.71819231
8.31040163 9.11005357 2.71819242
8.31039899 9.11008578 2.71819253
8.31039641 9.11011698 2.71819262
8.31039388 9.11014719 2.71819271
8.31039141 9.11017644 2.71819280
8.31038898 9.11020477 2.71819288
8.31038661 9.11023219 2.71819295
8.31038429 9.11025876 2.71819302
8.31038202 9.11028448 2.71819309
8.31037980 9.11030938 2.71819315
8.31037763 9.11033350 2.71819321
8.31037550 9.11035685 2.71819326
8.31037342 9.11037947 2.71819331
8.31037138 9.11040137 2.71819336
8.31036939 9.11042257 2.71819340
8.31036744 9.11044311 2.71819344
8.31036554 9.11046300 2.71819348
8.31036368 9.11048225 2.71819352
8.31036186 9.11050090 2.71819356
8.31036008 9.11051895 2.71819359
8.31035834 9.11053644 2.71819362
8.31035664 9.11055337 2.71819365
8.31035497 9.11056977 2.71819367
8.31035335 9.11058565 2.71819370
8.31035176 9.11060102 2.71819372
8.31035021 9.11061591 2.71819374
8.31034869 9.11063033 2.71819376
8.31034721 9.11064429 2.71819378
8.31034576 9.11065781 2.71819380
8.31034434 9.11067090 2.71819382
8.31034296 9.11068358 2.71819384
8.31034161 9.11069585 2.71819385
8.31034029 9.11070774 2.71819386
8.31033900 9.11071925 2.71819388
8.31033774 9.11073040 2.71819389
8.31033651 9.11074120 2.71819390
8.31033531 9.11075165 2.71819391
8.31033414 9.11076178 2.71819392
