5.04690358 4.31083892 3.25049415
5.05083750 4.29055467 3.29328427
5.05486889 4.27019574 3.33644141
5.05899649 4.24977669 3.37990679
5.06321893 4.22931310 3.42361692
5.06753474 4.20882152 3.46750387
5.07194232 4.18831936 3.51149566
5.07643995 4.16782490 3.55551672
5.08102576 4.14735715 3.59948847
5.08569775 4.12693574 3.64332994
5.09045375 4.10658086 3.68695854
5.09529143 4.08631306 3.73029084
5.10020831 4.06615314 3.77324343
5.10520176 4.04612202 3.81573379
5.11026897 4.02624055 3.85768121
5.11540699 4.00652936 3.89900761
5.12061274 3.98700870 3.93963844
5.12588301 3.96769832 3.97950344
5.13121445 3.94861724 4.01853734
5.13660365 3.92978371 4.05668052
5.14204709 3.91121499 4.09387945
5.14754120 3.89292731 4.13008716
5.15308236 3.87493574 4.16526346
5.15866693 3.85725409 4.19937510
5.16429130 3.83989488 4.23239584
5.16995183 3.82286932 4.26430630
5.17564496 3.80618719 4.29509383
5.18136718 3.78985696 4.32475221
5.18711504 3.77388569 4.35328128
5.19288522 3.75827910 4.38068658
5.19867448 3.74304164 4.40697879
5.20447971 3.72817645 4.43217333
5.21029793 3.71368550 4.45628977
5.21612630 3.69956964 4.47935135
5.22196213 3.68582862 4.50138443
5.22780288 3.67246123 4.52241801
5.23364618 3.65946534 4.54248320
5.23948978 3.64683801 4.56161284
5.24533163 3.63457554 4.57984100
5.25116981 3.62267354 4.59720264
5.25700257 3.61112708 4.61373325
5.26282830 3.59993066 4.62946852
5.26864554 3.58907835 4.64444408
5.27445296 3.57856386 4.65869524
5.28024938 3.56838053 4.67225684
5.28603376 3.55852149 4.68516301
5.29180517 3.54897963 4.69744706
5.29756278 3.53974768 4.70914136
5.30330590 3.53081828 4.72027727
5.30903394 3.52218395 4.73088503
5.31474639 3.51383722 4.74099374
5.32044285 3.50577057 4.75063132
5.32612299 3.49797653 4.75982451
5.33178657 3.49044766 4.76859883
5.33743341 3.48317660 4.77697861
5.34306342 3.47615607 4.78498700
5.34867653 3.46937889 4.79264600
5.35427277 3.46283800 4.79997646
5.35985218 3.45652648 4.80699814
5.36541488 3.45043752 4.81372975
5.37096102 3.44456449 4.82018896
5.37649076 3.43890090 4.82639246
5.38200433 3.43344040 4.83235600
5.38750197 3.42817681 4.83809443
5.39298394 3.42310413 4.84362172
5.39845054 3.41821649 4.84895106
5.40390206 3.41350822 4.85409484
5.40933882 3.40897379 4.85906470
5.41476117 3.40460783 4.86387160
5.42016943 3.40040516 4.86852584
5.42556396 3.39636071 4.87303709
5.43094511 3.39246962 4.87741443
5.43631323 3.38872714 4.88166639
5.44166869 3.38512870 4.88580096
5.44701182 3.38166986 4.88982565
5.45234299 3.37834633 4.89374749
5.45766253 3.37515395 4.89757309
5.46297079 3.37208873 4.90130863
5.46826809 3.36914677 4.90495990
5.47355475 3.36632431 4.90853234
5.47883109 3.36361774 4.91203103
5.48409739 3.36102354 4.91546073
5.48935395 3.35853833 4.91882589
5.49460103 3.35615881 4.92213069
5.49983889 3.35388183 4.92537901
5.50506777 3.35170433 4.92857449
5.51028788 3.34962333 4.93172054
5.51549943 3.34763598 4.93482033
5.52070261 3.34573951 4.93787682
5.52589758 3.34393124 4.94089276
5.53108449 3.34220858 4.94387071
5.53626346 3.34056903 4.94681307
5.54143459 3.33901016 4.94972205
5.54659797 3.33752963 4.95259970
5.55175366 3.33612516 4.95544793
5.55690169 3.33479456 4.95826848
5.56204209 3.33353570 4.96106299
5.56717483 3.33234651 4.96383294
5.57229989 3.33122499 4.96657970
5.57741722 3.33016921 4.96930452
5.58252673 3.32917728 4.97200855
5.58762832 3.32824739 4.97469280
5.59272185 3.32737776 4.97735823
5.59780718 3.32656667 4.98000566
5.60288413 3.32581246 4.98263585
5.60795250 3.32511350 4.98524945
5.61301205 3.32446822 4.98784705
5.61806253 3.32387508 4.99042914
5.62310368 3.32333259 4.99299614
5.62813518 3.32283931 4.99554843
5.63315673 3.32239381 4.99808627
5.63816795 3.32199472 5.00060989
5.64316850 3.32164069 5.00311945
5.64815796 3.32133042 5.00561506
5.65313594 3.32106263 5.00809676
5.65810197 3.32083607 5.01056455
5.66305562 3.32064952 5.01301837
5.66799638 3.32050179 5.01545811
5.67292377 3.32039172 5.01788365
5.67783726 3.32031817 5.02029478
5.68273630 3.32028002 5.02269129
5.68762035 3.32027619 5.02507290
5.69248882 3.32030561 5.02743933
5.69734111 3.32036723 5.02979025
5.70217663 3.32046003 5.03212530
5.70699474 3.32058300 5.03444410
5.71179480 3.32073515 5.03674624
5.71657617 3.32091553 5.03903130
5.72133818 3.32112317 5.04129883
5.72608016 3.32135715 5.04354837
5.73080143 3.32161655 5.04577943
5.73550129 3.32190048 5.04799154
5.74017904 3.32220805 5.05018419
5.74483398 3.32253839 5.05235687
5.74946539 3.32289066 5.05450908
5.75407257 3.32326401 5.05664030
5.75865479 3.32365762 5.05875001
5.76321134 3.32407069 5.06083770
5.76774150 3.32450242 5.06290286
5.77224456 3.32495203 5.06494498
5.77671979 3.32541874 5.06696357
5.78116649 3.32590182 5.06895814
5.78558396 3.32640051 5.07092820
5.78997149 3.32691408 5.07287331
5.79432840 3.32744183 5.07479299
5.79865399 3.32798306 5.07668683
5.80294761 3.32853706 5.07855440
5.80720858 3.32910317 5.08039530
5.81143626 3.32968072 5.08220916
5.81563001 3.33026907 5.08399562
5.81978921 3.33086757 5.08575434
5.82391325 3.33147560 5.08748502
5.82800155 3.33209255 5.08918736
5.83205352 3.33271782 5.09086112
5.83606863 3.33335082 5.09250604
5.84004632 3.33399098 5.09412193
5.84398609 3.33463774 5.09570859
5.84788744 3.33529055 5.09726588
5.85174990 3.33594887 5.09879368
5.85557300 3.33661219 5.10029187
5.85935634 3.33727999 5.10176038
5.86309949 3.33795178 5.10319918
5.86680207 3.33862707 5.10460825
5.87046373 3.33930540 5.10598760
5.87408412 3.33998631 5.10733726
5.87766295 3.34066935 5.10865731
5.88119991 3.34135410 5.10994782
5.88469475 3.34204012 5.11120893
5.88814723 3.34272703 5.11244077
5.89155714 3.34341442 5.11364350
5.89492430 3.34410192 5.11481733
5.89824853 3.34478915 5.11596245
5.90152970 3.34547577 5.11707911
5.90476770 3.34616143 5.11816756
5.90796245 3.34684579 5.11922808
5.91111387 3.34752855 5.12026096
5.91422192 3.34820940 5.12126651
5.91728659 3.34888804 5.12224508
5.92030789 3.34956418 5.12319699
5.92328584 3.35023757 5.12412262
5.92622050 3.35090794 5.12502235
5.92911193 3.35157504 5.12589655
5.93196024 3.35223864 5.12674564
5.93476555 3.35289851 5.12757003
5.93752797 3.35355444 5.12837013
5.94024768 3.35420622 5.12914638
5.94292485 3.35485367 5.12989921
5.94555967 3.35549659 5.13062908
5.94815235 3.35613481 5.13133644
5.95070313 3.35676818 5.13202174
5.95321225 3.35739653 5.13268544
5.95567996 3.35801972 5.13332801
5.95810656 3.35863762 5.13394992
5.96049233 3.35925010 5.13455163
5.96283758 3.35985704 5.13513361
5.96514263 3.36045833 5.13569632
5.96740780 3.36105387 5.13624025
5.96963346 3.36164357 5.13676585
5.97181995 3.36222734 5.13727359
5.97396763 3.36280510 5.13776394
5.97607690 3.36337679 5.13823734
5.97814813 3.36394233 5.13869425
5.98018172 3.36450166 5.13913513
5.98217807 3.36505475 5.13956042
5.98413760 3.36560154 5.13997056
5.98606073 3.36614199 5.14036598
5.98794787 3.36667608 5.14074712
5.98979947 3.36720377 5.14111439
5.99161596 3.36772504 5.14146821
5.99339777 3.36823988 5.14180899
5.99514536 3.36874827 5.14213713
5.99685918 3.36925020 5.14245303
5.99853967 3.36974569 5.14275706
6.00018730 3.37023471 5.14304962
6.00180251 3.37071729 5.14333107
6.00338578 3.37119343 5.14360177
6.00493756 3.37166314 5.14386208
6.00645831 3.37212645 5.14411234
6.00794849 3.37258336 5.14435290
6.00940857 3.37303392 5.14458408
6.01083902 3.37347814 5.14480620
6.01224028 3.37391605 5.14501959
6.01361283 3.37434769 5.14522453
6.01495712 3.37477309 5.14542134
6.01627361 3.37519228 5.14561030
6.01756276 3.37560532 5.14579170
6.01882502 3.37601224 5.14596579
6.02006085 3.37641308 5.14613286
6.02127068 3.37680789 5.14629316
6.02245498 3.37719672 5.14644693
6.02361418 3.37757962 5.14659443
6.02474872 3.37795664 5.14673588
6.02585905 3.37832783 5.14687151
6.02694558 3.37869324 5.14700155
6.02800876 3.37905293 5.14712620
6.02904900 3.37940696 5.14724567
6.03006673 3.37975538 5.14736017
6.03106236 3.38009825 5.14746988
6.03203631 3.38043563 5.14757499
6.03298898 3.38076758 5.14767569
6.03392078 3.38109415 5.14777214
6.03483210 3.38141542 5.14786451
6.03572334 3.38173143 5.14795297
6.03659489 3.38204226 5.14803767
6.03744712 3.38234796 5.14811876
6.03828043 3.38264859 5.14819639
6.03909518 3.38294423 5.14827070
6.03989173 3.38323492 5.14834182
6.04067046 3.38352074 5.14840988
6.04143172 3.38380175 5.14847501
6.04217587 3.38407800 5.14853733
6.04290324 3.38434957 5.14859695
6.04361419 3.38461651 5.14865399
6.04430904 3.38487889 5.14870855
6.04498814 3.38513677 5.14876074
6.04565181 3.38539022 5.14881065
6.04630036 3.38563928 5.14885838
6.04693412 3.38588404 5.14890402
6.04755339 3.38612454 5.14894767
6.04815848 3.38636086 5.14898940
6.04874969 3.38659304 5.14902929
6.04932731 3.38682116 5.14906743
6.04989164 3.38704526 5.14910389
6.05044296 3.38726542 5.14913874
6.05098155 3.38748169 5.14917205
6.05150768 3.38769413 5.14920388
6.05202163 3.38790279 5.14923430
6.05252365 3.38810774 5.14926338
6.05301401 3.38830904 5.14929116
6.05349296 3.38850673 5.14931770
6.05396076 3.38870088 5.14934307
6.05441764 3.38889154 5.14936730
6.05486385 3.38907877 5.14939045
6.05529963 3.38926262 5.14941257
6.05572520 3.38944314 5.14943370
6.05614080 3.38962040 5.14945388
6.05654664 3.38979443 5.14947316
6.05694295 3.38996531 5.14949157
6.05732993 3.39013306 5.14950916
6.05770780 3.39029776 5.14952596
6.05807676 3.39045944 5.14954200
6.05843702 3.39061816 5.14955732
6.05878877 3.39077397 5.14957196
6.05913220 3.39092691 5.14958593
6.05946750 3.39107703 5.14959927
6.05979486 3.39122439 5.14961201
6.06011446 3.39136902 5.14962418
6.06042648 3.39151098 5.14963579
6.06073109 3.39165031 5.14964689
6.06102845 3.39178705 5.14965748
6.06131875 3.39192124 5.14966759
6.06160213 3.39205294 5.14967724
6.06187876 3.39218219 5.14968646
6.06214880 3.39230902 5.14969525
6.06241240 3.39243348 5.14970365
6.06266970 3.39255562 5.14971167
6.06292086 3.39267546 5.14971933
6.06316601 3.39279305 5.14972664
6.06340530 3.39290844 5.14973361
6.06363886 3.39302165 5.14974027
6.06386682 3.39313273 5.14974663
6.06408933 3.39324172 5.14975270
6.06430650 3.39334865 5.14975849
6.06451846 3.39345356 5.14976402
6.06472533 3.39355648 5.14976930
6.06492724 3.39365746 5.14977433
6.06512429 3.39375652 5.14977914
6.06531661 3.39385370 5.14978373
6.06550430 3.39394903 5.14978811
6.06568748 3.39404255 5.14979229
6.06586624 3.39413428 5.14979628
6.06604071 3.39422427 5.14980009
6.06621097 3.39431255 5.14980373
6.06637712 3.39439913 5.14980720
6.06653928 3.39448406 5.14981051
6.06669752 3.39456737 5.14981367
6.06685194 3.39464908 5.14981669
6.06700263 3.39472922 5.14981957
6.06714969 3.39480783 5.14982232
6.06729320 3.39488493 5.14982494
6.06743324 3.39496054 5.14982744
6.06756989 3.39503470 5.14982983
6.06770324 3.39510743 5.14983211
6.06783337 3.39517876 5.14983429
6.06796035 3.39524872 5.14983637
6.06808426 3.39531733 5.14983835
6.06820517 3.39538461 5.14984024
6.06832315 3.39545059 5.14984205
6.06843828 3.39551529 5.14984377
6.06855062 3.39557874 5.14984542
6.06866024 3.39564096 5.14984699
6.06876720 3.39570198 5.14984849
6.06887157 3.39576181 5.14984992
6.06897341 3.39582048 5.14985129
6.06907278 3.39587801 5.14985259
6.06916975 3.39593442 5.14985383
6.06926436 3.39598973 5.14985502
6.06935668 3.39604397 5.14985615
6.06944676 3.39609715 5.14985723
6.06953465 3.39614929 5.14985827
6.06962042 3.39620042 5.14985925
6.06970410 3.39625054 5.14986019
6.06978575 3.39629969 5.14986109
6.06986541 3.39634788 5.14986195
6.06994315 3.39639513 5.14986277
6.07001900 3.39644145 5.14986355
6.07009300 3.39648686 5.14986429
6.07016521 3.39653138 5.14986500
6.07023567 3.39657503 5.14986568
6.07030442 3.39661783 5.14986633
6.07037149 3.39665978 5.14986695
6.07043694 3.39670091 5.14986754
6.07050080 3.39674124 5.14986810
6.07056310 3.39678076 5.14986864
6.07062389 3.39681952 5.14986916
6.07068321 3.39685750 5.14986965
6.07074109 3.39689474 5.14987011
6.07079755 3.39693125 5.14987056
6.07085265 3.39696704 5.14987099
6.07090641 3.39700212 5.14987140
6.07095886 3.39703651 5.14987178
6.07101004 3.39707022 5.14987216
6.07105998 3.39710326 5.14987251
6.07110870 3.39713565 5.14987285
6.07115623 3.39716740 5.14987317
6.07120262 3.39719852 5.14987348
6.07124787 3.39722903 5.14987377
6.07129203 3.39725893 5.14987406
6.07133511 3.39728823 5.14987432
6.07137715 3.39731696 5.14987458
6.07141816 3.39734512 5.14987482
6.07145818 3.39737272 5.14987506
6.07149723 3.39739977 5.14987528
6.07153533 3.39742628 5.14987549
6.07157250 3.39745227 5.14987570
6.07160877 3.39747774 5.14987589
6.07164416 3.39750270 5.14987608
6.07167869 3.39752717 5.14987625
6.07171238 3.39755115 5.14987642
6.07174525 3.39757465 5.14987658
6.07177733 3.39759769 5.14987674
6.07180862 3.39762026 5.14987689
6.07183916 3.39764239 5.14987703
6.07186895 3.39766407 5.14987716
6.07189802 3.39768532 5.14987729
6.07192639 3.39770615 5.14987741
6.07195406 3.39772656 5.14987753
6.07198107 3.39774656 5.14987764
6.07200741 3.39776616 5.14987775
6.07203312 3.39778537 5.14987785
6.07205821 3.39780420 5.14987795
6.07208268 3.39782265 5.14987804
6.07210657 3.39784073 5.14987813
6.07212987 3.39785845 5.14987821
6.07215261 3.39787581 5.14987829
6.07217479 3.39789282 5.14987837
6.07219644 3.39790950 5.14987844
6.07221757 3.39792584 5.14987851
6.07223818 3.39794185 5.14987858
6.07225829 3.39795754 5.14987865
6.07227791 3.39797291 5.14987871
6.07229706 3.39798798 5.14987877
6.07231574 3.39800274 5.14987882
6.07233397 3.39801721 5.14987888
6.07235176 3.39803139 5.14987893
6.07236912 3.39804528 5.14987898
6.07238605 3.39805889 5.14987902
6.07240258 3.39807222 5.14987907
6.07241871 3.39808529 5.14987911
6.07243444 3.39809810 5.14987915
6.07244980 3.39811065 5.14987919
6.07246478 3.39812294 5.14987923
6.07247940 3.39813499 5.14987926
6.07249367 3.39814679 5.14987930
6.07250759 3.39815836 5.14987933
6.07252117 3.39816969 5.14987936
6.07253443 3.39818079 5.14987939
6.07254736 3.39819167 5.14987942
6.07255998 3.39820233 5.14987944
6.07257230 3.39821277 5.14987947
6.07258431 3.39822301 5.14987949
6.07259604 3.39823303 5.14987952
6.07260749 3.39824286 5.14987954
6.07261865 3.39825248 5.14987956
6.07262955 3.39826191 5.14987958
6.07264018 3.39827115 5.14987960
6.07265056 3.39828020 5.14987962
6.07266069 3.39828907 5.14987964
6.07267057 3.39829776 5.14987966
6.07268021 3.39830627 5.14987967
6.07268962 3.39831461 5.14987969
6.07269880 3.39832278 5.14987970
6.07270776 3.39833078 5.14987972
6.07271651 3.39833863 5.14987973
6.07272504 3.39834631 5.14987974
6.07273337 3.39835384 5.14987976
6.07274149 3.39836121 5.14987977
6.07274942 3.39836844 5.14987978
6.07275716 3.39837551 5.14987979
6.07276471 3.39838245 5.14987980
