4.00032751 7.56531317 3.09243885
4.01117066 7.56509200 3.10419161
4.02199183 7.56467164 3.11591240
4.03279261 7.56405134 3.12761281
4.04357458 7.56323066 3.13930439
4.05433932 7.56220947 3.15099864
4.06508838 7.56098793 3.16270686
4.07582323 7.55956656 3.17444010
4.08654530 7.55794618 3.18620905
4.09725591 7.55612794 3.19802398
4.10795628 7.55411333 3.20989462
4.11864754 7.55190421 3.22183011
4.12933066 7.54950274 3.23383889
4.14000647 7.54691145 3.24592864
4.15067564 7.54413321 3.25810620
4.16133868 7.54117124 3.27037752
4.17199592 7.53802908 3.28274756
4.18264750 7.53471062 3.29522029
4.19329338 7.53122009 3.30779862
4.20393329 7.52756200 3.32048434
4.21456680 7.52374120 3.33327814
4.22519326 7.51976283 3.34617956
4.23581181 7.51563231 3.35918702
4.24642140 7.51135532 3.37229777
4.25702080 7.50693781 3.38550797
4.26760856 7.50238593 3.39881267
4.27818309 7.49770606 3.41220587
4.28874259 7.49290475 3.42568058
4.29928513 7.48798874 3.43922885
4.30980861 7.48296487 3.45284187
4.32031081 7.47784012 3.46651000
4.33078937 7.47262156 3.48022293
4.34124185 7.46731629 3.49396969
4.35166570 7.46193148 3.50773879
4.36205831 7.45647428 3.52151831
4.37241700 7.45095184 3.53529598
4.38273907 7.44537125 3.54905933
4.39302177 7.43973953 3.56279574
4.40326236 7.43406363 3.57649253
4.41345812 7.42835035 3.59013713
4.42360632 7.42260637 3.60371708
4.43370431 7.41683823 3.61722017
4.44374946 7.41105225 3.63063451
4.45373921 7.40525458 3.64394859
4.46367110 7.39945119 3.65715136
4.47354274 7.39364777 3.67023226
4.48335183 7.38784983 3.68318130
4.49309619 7.38206261 3.69598909
4.50277375 7.37629111 3.70864687
4.51238256 7.37054008 3.72114654
4.52192078 7.36481400 3.73348065
4.53138671 7.35911709 3.74564246
4.54077878 7.35345333 3.75762591
4.55009554 7.34782641 3.76942561
4.55933568 7.34223978 3.78103688
4.56849802 7.33669663 3.79245566
4.57758150 7.33119990 3.80367857
4.58658522 7.32575228 3.81470283
4.59550836 7.32035622 3.82552628
4.60435025 7.31501394 3.83614732
4.61311034 7.30972745 3.84656488
4.62178819 7.30449853 3.85677843
4.63038347 7.29932875 3.86678790
4.63889595 7.29421950 3.87659366
4.64732551 7.28917195 3.88619653
4.65567213 7.28418712 3.89559766
4.66393586 7.27926586 3.90479859
4.67211687 7.27440883 3.91380116
4.68021537 7.26961657 3.92260750
4.68823169 7.26488947 3.93121999
4.69616618 7.26022779 3.93964126
4.70401931 7.25563164 3.94787411
4.71179158 7.25110107 3.95592154
4.71948353 7.24663596 3.96378669
4.72709580 7.24223614 3.97147283
4.73462903 7.23790134 3.97898335
4.74208392 7.23363118 3.98632170
4.74946122 7.22942525 3.99349143
4.75676171 7.22528303 4.00049613
4.76398619 7.22120395 4.00733942
4.77113549 7.21718741 4.01402495
4.77821047 7.21323272 4.02055637
4.78521202 7.20933918 4.02693736
4.79214104 7.20550602 4.03317156
4.79899844 7.20173246 4.03926259
4.80578514 7.19801767 4.04521405
4.81250209 7.19436081 4.05102950
4.81915024 7.19076101 4.05671246
4.82573054 7.18721738 4.06226641
4.83224395 7.18372903 4.06769476
4.83869144 7.18029504 4.07300086
4.84507396 7.17691447 4.07818802
4.85139249 7.17358642 4.08325948
4.85764799 7.17030994 4.08821841
4.86384141 7.16708409 4.09306790
4.86997372 7.16390795 4.09781100
4.87604587 7.16078058 4.10245065
4.88205880 7.15770105 4.10698977
4.88801345 7.15466843 4.11143116
4.89391076 7.15168182 4.11577758
4.89975165 7.14874029 4.12003171
4.90553704 7.14584296 4.12419615
4.91126784 7.14298892 4.12827344
4.91694494 7.14017731 4.13226605
4.92256923 7.13740724 4.13617638
4.92814159 7.13467788 4.14000675
4.93366289 7.13198836 4.14375944
4.93913398 7.12933787 4.14743664
4.94455570 7.12672559 4.15104049
4.94992890 7.12415071 4.15457306
4.95525438 7.12161244 4.15803636
4.96053298 7.11911003 4.16143235
4.96576547 7.11664269 4.16476291
4.97095265 7.11420969 4.16802988
4.97609530 7.11181031 4.17123504
4.98119417 7.10944383 4.17438012
4.98625003 7.10710954 4.17746679
4.99126360 7.10480677 4.18049666
4.99623562 7.10253484 4.18347133
5.00116680 7.10029310 4.18639230
5.00605785 7.09808091 4.18926105
5.01090946 7.09589764 4.19207902
5.01572232 7.09374269 4.19484758
5.02049709 7.09161545 4.19756810
5.02523443 7.08951535 4.20024186
5.02993499 7.08744181 4.20287014
5.03459940 7.08539427 4.20545415
5.03922831 7.08337221 4.20799508
5.04382231 7.08137507 4.21049409
5.04838201 7.07940236 4.21295228
5.05290801 7.07745357 4.21537073
5.05740089 7.07552819 4.21775050
5.06186122 7.07362577 4.22009259
5.06628957 7.07174583 4.22239800
5.07068650 7.06988790 4.22466767
5.07505254 7.06805156 4.22690253
5.07938823 7.06623637 4.22910348
5.08369409 7.06444191 4.23127139
5.08797064 7.06266776 4.23340711
5.09221839 7.06091352 4.23551144
5.09643784 7.05917881 4.23758519
5.10062946 7.05746325 4.23962913
5.10479375 7.05576646 4.24164400
5.10893117 7.05408809 4.24363053
5.11304219 7.05242778 4.24558942
5.11712726 7.05078519 4.24752136
5.12118683 7.04915998 4.24942702
5.12522134 7.04755184 4.25130702
5.12923121 7.04596045 4.25316201
5.13321687 7.04438549 4.25499259
5.13717875 7.04282667 4.25679935
5.14111723 7.04128370 4.25858286
5.14503274 7.03975629 4.26034367
5.14892565 7.03824416 4.26208234
5.15279636 7.03674704 4.26379938
5.15664525 7.03526467 4.26549530
5.16047270 7.03379680 4.26717061
5.16427906 7.03234317 4.26882578
5.16806469 7.03090353 4.27046129
5.17182997 7.02947767 4.27207759
5.17557522 7.02806533 4.27367511
5.17930080 7.02666630 4.27525431
5.18300703 7.02528036 4.27681558
5.18669426 7.02390730 4.27835935
5.19036279 7.02254690 4.27988601
5.19401296 7.02119896 4.28139595
5.19764507 7.01986330 4.28288954
5.20125944 7.01853971 4.28436714
5.20485636 7.01722800 4.28582913
5.20843613 7.01592801 4.28727583
5.21199905 7.01463954 4.28870759
5.21554539 7.01336242 4.29012474
5.21907545 7.01209649 4.29152760
5.22258949 7.01084158 4.29291648
5.22608780 7.00959754 4.29429168
5.22957064 7.00836419 4.29565350
5.23303827 7.00714140 4.29700224
5.23649096 7.00592902 4.29833816
5.23992894 7.00472689 4.29966155
5.24335249 7.00353489 4.30097267
5.24676183 7.00235287 4.30227179
5.25015722 7.00118069 4.30355915
5.25353889 7.00001823 4.30483500
5.25690707 6.99886537 4.30609960
5.26026200 6.99772197 4.30735316
5.26360389 6.99658792 4.30859592
5.26693298 6.99546310 4.30982811
5.27024947 6.99434739 4.31104995
5.27355359 6.99324068 4.31226164
5.27684555 6.99214287 4.31346340
5.28012555 6.99105385 4.31465543
5.28339379 6.98997351 4.31583793
5.28665048 6.98890176 4.31701110
5.28989582 6.98783849 4.31817511
5.29313000 6.98678361 4.31933016
5.29635320 6.98573702 4.32047643
5.29956563 6.98469864 4.32161409
5.30276746 6.98366838 4.32274332
5.30595887 6.98264615 4.32386429
5.30914004 6.98163186 4.32497715
5.31231116 6.98062544 4.32608207
5.31547239 6.97962680 4.32717921
5.31862390 6.97863587 4.32826872
5.32176586 6.97765257 4.32935075
5.32489843 6.97667682 4.33042544
5.32802178 6.97570856 4.33149295
5.33113607 6.97474771 4.33255341
5.33424144 6.97379420 4.33360696
5.33733807 6.97284797 4.33465372
5.34042610 6.97190896 4.33569384
5.34350567 6.97097709 4.33672745
5.34657694 6.97005232 4.33775465
5.34964004 6.96913457 4.33877559
5.35269513 6.96822379 4.33979038
5.35574234 6.96731992 4.34079914
5.35878182 6.96642290 4.34180197
5.36181368 6.96553269 4.34279901
5.36483807 6.96464923 4.34379034
5.36785513 6.96377246 4.34477610
5.37086497 6.96290235 4.34575636
5.37386773 6.96203883 4.34673126
5.37686352 6.96118186 4.34770087
5.37985248 6.96033140 4.34866530
5.38283473 6.95948740 4.34962466
5.38581037 6.95864982 4.35057903
5.38877954 6.95781861 4.35152850
5.39174234 6.95699373 4.35247318
5.39469889 6.95617514 4.35341314
5.39764930 6.95536281 4.35434847
5.40059368 6.95455670 4.35527927
5.40353214 6.95375676 4.35620561
5.40646478 6.95296296 4.35712758
5.40939171 6.95217527 4.35804525
5.41231302 6.95139365 4.35895871
5.41522883 6.95061807 4.35986803
5.41813923 6.94984850 4.36077329
5.42104432 6.94908491 4.36167457
5.42394419 6.94832726 4.36257193
5.42683893 6.94757552 4.36346544
5.42972865 6.94682968 4.36435518
5.43261343 6.94608969 4.36524122
5.43549336 6.94535554 4.36612362
5.43836853 6.94462719 4.36700244
5.44123903 6.94390462 4.36787776
5.44410494 6.94318781 4.36874963
5.44696634 6.94247673 4.36961812
5.44982332 6.94177136 4.37048329
5.45267596 6.94107168 4.37134519
5.45552434 6.94037765 4.37220389
5.45836853 6.93968928 4.37305944
5.46120861 6.93900652 4.37391189
5.46404466 6.93832937 4.37476131
5.46687675 6.93765780 4.37560775
5.46970495 6.93699180 4.37645125
5.47252934 6.93633134 4.37729187
5.47534998 6.93567641 4.37812967
5.47816694 6.93502700 4.37896468
5.48098029 6.93438308 4.37979696
5.48379009 6.93374464 4.38062656
5.48659642 6.93311167 4.38145352
5.48939933 6.93248414 4.38227788
5.49219888 6.93186205 4.38309970
5.49499513 6.93124539 4.38391901
5.49778816 6.93063413 4.38473586
5.50057800 6.93002827 4.38555029
5.50336473 6.92942780 4.38636234
5.50614839 6.92883269 4.38717206
5.50892904 6.92824295 4.38797947
5.51170673 6.92765856 4.38878462
5.51448152 6.92707950 4.38958755
5.51725346 6.92650577 4.39038828
5.52002260 6.92593737 4.39118687
5.52278898 6.92537427 4.39198334
5.52555265 6.92481647 4.39277773
5.52831366 6.92426396 4.39357006
5.53107206 6.92371673 4.39436038
5.53382788 6.92317478 4.39514872
5.53658118 6.92263809 4.39593510
5.53933198 6.92210667 4.39671956
5.54208034 6.92158049 4.39750213
5.54482630 6.92105956 4.39828283
5.54756988 6.92054387 4.39906169
5.55031113 6.92003341 4.39983875
5.55305009 6.91952817 4.40061402
5.55578678 6.91902815 4.40138753
5.55852125 6.91853335 4.40215932
5.56125352 6.91804375 4.40292940
5.56398363 6.91755936 4.40369779
5.56671160 6.91708016 4.40446453
5.56943748 6.91660616 4.40522962
5.57216127 6.91613735 4.40599311
5.57488302 6.91567371 4.40675500
5.57760274 6.91521526 4.40751532
5.58032046 6.91476198 4.40827408
5.58303621 6.91431387 4.40903131
5.58575001 6.91387092 4.40978702
5.58846188 6.91343314 4.41054124
5.59117184 6.91300052 4.41129397
5.59387990 6.91257305 4.41204524
5.59658610 6.91215073 4.41279507
5.59929043 6.91173356 4.41354346
5.60199293 6.91132153 4.41429043
5.60469360 6.91091465 4.41503600
5.60739246 6.91051290 4.41578018
5.61008951 6.91011628 4.41652298
5.61278479 6.90972480 4.41726441
5.61547828 6.90933844 4.41800449
5.61817000 6.90895720 4.41874323
5.62085996 6.90858109 4.41948063
5.62354817 6.90821009 4.42021671
5.62623463 6.90784420 4.42095148
5.62891935 6.90748343 4.42168494
5.63160232 6.90712776 4.42241710
5.63428356 6.90677719 4.42314797
5.63696306 6.90643173 4.42387756
5.63964082 6.90609136 4.42460586
5.64231684 6.90575608 4.42533290
5.64499113 6.90542590 4.42605866
5.64766367 6.90510079 4.42678316
5.65033446 6.90478077 4.42750640
5.65300349 6.90446583 4.42822838
5.65567077 6.90415595 4.42894910
5.65833628 6.90385115 4.42966857
5.66100000 6.90355141 4.43038679
5.66366194 6.90325673 4.43110375
5.66632208 6.90296710 4.43181946
5.66898040 6.90268252 4.43253391
5.67163690 6.90240298 4.43324711
5.67429156 6.90212849 4.43395905
5.67694435 6.90185903 4.43466973
5.67959527 6.90159459 4.43537914
5.68224430 6.90133518 4.43608728
5.68489141 6.90108078 4.43679416
5.68753659 6.90083139 4.43749975
5.69017980 6.90058700 4.43820406
5.69282104 6.90034761 4.43890708
5.69546027 6.90011320 4.43960881
5.69809747 6.89988378 4.44030922
5.70073261 6.89965933 4.44100833
5.70336567 6.89943984 4.44170611
5.70599661 6.89922531 4.44240257
5.70862540 6.89901573 4.44309768
5.71125202 6.89881108 4.44379144
5.71387643 6.89861137 4.44448383
5.71649859 6.89841657 4.44517485
5.71911847 6.89822669 4.44586449
5.72173603 6.89804171 4.44655272
5.72435124 6.89786161 4.44723954
5.72696406 6.89768639 4.44792494
5.72957445 6.89751604 4.44860889
5.73218236 6.89735054 4.44929138
5.73478775 6.89718989 4.44997240
5.73739059 6.89703407 4.45065192
5.73999082 6.89688306 4.45132994
5.74258840 6.89673686 4.45200644
5.74518328 6.89659545 4.45268139
5.74777542 6.89645881 4.45335478
5.75036476 6.89632694 4.45402659
5.75295126 6.89619981 4.45469680
5.75553486 6.89607742 4.45536539
5.75811551 6.89595974 4.45603234
5.76069316 6.89584676 4.45669762
5.76326775 6.89573846 4.45736122
5.76583922 6.89563483 4.45802311
5.76840753 6.89553584 4.45868328
5.77097260 6.89544149 4.45934168
5.77353438 6.89535174 4.45999831
5.77609282 6.89526659 4.46065314
5.77864784 6.89518601 4.46130615
5.78119938 6.89510998 4.46195730
5.78374739 6.89503848 4.46260657
5.78629180 6.89497150 4.46325394
5.78883254 6.89490900 4.46389938
5.79136955 6.89485097 4.46454286
5.79390275 6.89479738 4.46518436
5.79643208 6.89474822 4.46582385
5.79895747 6.89470345 4.46646129
5.80147885 6.89466306 4.46709667
5.80399615 6.89462702 4.46772995
5.80650929 6.89459530 4.46836110
5.80901821 6.89456788 4.46899010
5.81152282 6.89454473 4.46961691
5.81402305 6.89452583 4.47024150
5.81651884 6.89451115 4.47086385
5.81901009 6.89450065 4.47148392
5.82149673 6.89449433 4.47210168
5.82397869 6.89449214 4.47271710
5.82645588 6.89449405 4.47333015
5.82892822 6.89450004 4.47394080
5.83139565 6.89451007 4.47454902
5.83385806 6.89452412 4.47515476
5.83631539 6.89454216 4.47575801
5.83876754 6.89456414 4.47635873
5.84121445 6.89459005 4.47695688
5.84365601 6.89461984 4.47755244
5.84609215 6.89465349 4.47814537
5.84852279 6.89469096 4.47873564
5.85094783 6.89473222 4.47932321
5.85336719 6.89477722 4.47990806
5.85578079 6.89482595 4.48049015
5.85818854 6.89487836 4.48106945
5.86059035 6.89493441 4.48164592
5.86298613 6.89499407 4.48221953
5.86537580 6.89505730 4.48279026
5.86775927 6.89512407 4.48335806
5.87013645 6.89519433 4.48392291
5.87250725 6.89526806 4.48448477
5.87487158 6.89534520 4.48504361
5.87722935 6.89542573 4.48559940
5.87958048 6.89550960 4.48615210
5.88192487 6.89559677 4.48670170
5.88426243 6.89568720 4.48724814
5.88659308 6.89578085 4.48779142
5.88891673 6.89587768 4.48833148
5.89123328 6.89597765 4.48886831
5.89354265 6.89608072 4.48940187
5.89584475 6.89618685 4.48993213
5.89813948 6.89629598 4.49045906
5.90042676 6.89640809 4.49098264
5.90270651 6.89652312 4.49150284
5.90497862 6.89664104 4.49201962
5.90724302 6.89676180 4.49253296
5.90949961 6.89688535 4.49304284
5.91174831 6.89701166 4.49354922
5.91398903 6.89714068 4.49405208
5.91622168 6.89727235 4.49455140
5.91844617 6.89740665 4.49504714
5.92066243 6.89754352 4.49553929
5.92287036 6.89768292 4.49602782
5.92506988 6.89782480 4.49651271
5.92726090 6.89796912 4.49699393
5.92944334 6.89811583 4.49747146
5.93161712 6.89826489 4.49794528
5.93378216 6.89841624 4.49841538
5.93593836 6.89856985 4.49888172
5.93808566 6.89872567 4.49934429
5.94022397 6.89888364 4.49980307
5.94235322 6.89904373 4.50025805
5.94447331 6.89920589 4.50070920
5.94658419 6.89937007 4.50115651
5.94868576 6.89953623 4.50159996
5.95077795 6.89970431 4.50203954
5.95286069 6.89987427 4.50247524
5.95493390 6.90004607 4.50290703
5.95699752 6.90021966 4.50333492
5.95905147 6.90039499 4.50375888
5.96109567 6.90057201 4.50417890
5.96313006 6.90075068 4.50459498
5.96515457 6.90093096 4.50500711
5.96716914 6.90111279 4.50541527
5.96917370 6.90129613 4.50581946
5.97116817 6.90148093 4.50621967
5.97315251 6.90166715 4.50661590
5.97512664 6.90185475 4.50700814
5.97709051 6.90204367 4.50739639
5.97904405 6.90223387 4.50778064
5.98098721 6.90242530 4.50816089
5.98291994 6.90261793 4.50853714
5.98484217 6.90281170 4.50890939
5.98675385 6.90300657 4.50927764
5.98865493 6.90320249 4.50964189
5.99054536 6.90339943 4.51000214
5.99242508 6.90359734 4.51035839
5.99429406 6.90379617 4.51071065
5.99615223 6.90399589 4.51105893
5.99799957 6.90419644 4.51140322
5.99983602 6.90439778 4.51174353
6.00166155 6.90459988 4.51207988
6.00347610 6.90480269 4.51241226
6.00527965 6.90500617 4.51274069
6.00707215 6.90521027 4.51306518
6.00885357 6.90541497 4.51338573
6.01062388 6.90562020 4.51370237
6.01238304 6.90582595 4.51401509
6.01413103 6.90603215 4.51432391
6.01586780 6.90623879 4.51462885
6.01759334 6.90644581 4.51492992
6.01930762 6.90665318 4.51522713
6.02101061 6.90686085 4.51552050
6.02270229 6.90706880 4.51581005
6.02438265 6.90727699 4.51609579
6.02605165 6.90748537 4.51637775
6.02770929 6.90769391 4.51665593
6.02935554 6.90790258 4.51693036
6.03099039 6.90811133 4.51720107
6.03261384 6.90832014 4.51746806
6.03422586 6.90852897 4.51773136
6.03582644 6.90873778 4.51799099
6.03741559 6.90894655 4.51824698
6.03899329 6.90915523 4.51849934
6.04055954 6.90936380 4.51874811
6.04211433 6.90957222 4.51899330
6.04365766 6.90978047 4.51923494
6.04518954 6.90998850 4.51947305
6.04670995 6.91019629 4.51970766
6.04821892 6.91040382 4.51993880
6.04971644 6.91061104 4.52016649
6.05120251 6.91081793 4.52039076
6.05267715 6.91102447 4.52061164
6.05414036 6.91123062 4.52082915
6.05559216 6.91143636 4.52104332
6.05703255 6.91164166 4.52125419
6.05846155 6.91184649 4.52146177
6.05987918 6.91205082 4.52166610
6.06128544 6.91225464 4.52186721
6.06268037 6.91245792 4.52206513
6.06406398 6.91266063 4.52225989
6.06543628 6.91286275 4.52245152
6.06679730 6.91306425 4.52264004
6.06814707 6.91326511 4.52282550
6.06948560 6.91346532 4.52300792
6.07081293 6.91366484 4.52318734
6.07212908 6.91386367 4.52336377
6.07343408 6.91406177 4.52353727
6.07472796 6.91425912 4.52370785
6.07601076 6.91445571 4.52387556
6.07728249 6.91465152 4.52404041
6.07854320 6.91484653 4.52420245
6.07979292 6.91504073 4.52436171
6.08103169 6.91523408 4.52451822
6.08225954 6.91542658 4.52467201
6.08347651 6.91561821 4.52482312
6.08468264 6.91580896 4.52497158
6.08587797 6.91599880 4.52511741
6.08706255 6.91618773 4.52526066
6.08823640 6.91637572 4.52540135
6.08939958 6.91656277 4.52553952
6.09055213 6.91674886 4.52567520
6.09169410 6.91693398 4.52580843
6.09282553 6.91711811 4.52593923
6.09394646 6.91730125 4.52606764
6.09505695 6.91748337 4.52619369
6.09615704 6.91766448 4.52631741
6.09724679 6.91784455 4.52643884
6.09832624 6.91802358 4.52655800
6.09939544 6.91820156 4.52667494
6.10045445 6.91837848 4.52678967
6.10150332 6.91855433 4.52690224
6.10254210 6.91872909 4.52701267
6.10357084 6.91890277 4.52712099
6.10458960 6.91907536 4.52722724
6.10559843 6.91924684 4.52733145
6.10659740 6.91941721 4.52743365
6.10758655 6.91958646 4.52753386
6.10856594 6.91975459 4.52763212
6.10953563 6.91992159 4.52772847
6.11049568 6.92008745 4.52782292
6.11144615 6.92025217 4.52791551
6.11238709 6.92041575 4.52800627
6.11331856 6.92057818 4.52809522
6.11424063 6.92073946 4.52818241
6.11515336 6.92089957 4.52826784
6.11605680 6.92105853 4.52835156
6.11695101 6.92121632 4.52843360
6.11783606 6.92137295 4.52851397
6.11871202 6.92152840 4.52859271
6.11957893 6.92168268 4.52866985
6.12043686 6.92183579 4.52874541
6.12128588 6.92198773 4.52881941
6.12212605 6.92213848 4.52889190
6.12295743 6.92228806 4.52896288
6.12378009 6.92243646 4.52903240
6.12459408 6.92258368 4.52910046
6.12539948 6.92272973 4.52916711
6.12619634 6.92287459 4.52923236
6.12698473 6.92301827 4.52929624
6.12776472 6.92316078 4.52935878
6.12853636 6.92330211 4.52941999
6.12929973 6.92344226 4.52947991
6.13005488 6.92358124 4.52953855
6.13080188 6.92371905 4.52959594
6.13154080 6.92385568 4.52965210
6.13227171 6.92399114 4.52970706
6.13299465 6.92412544 4.52976084
6.13370971 6.92425857 4.52981345
6.13441694 6.92439054 4.52986493
6.13511641 6.92452135 4.52991529
6.13580818 6.92465100 4.52996455
6.13649232 6.92477950 4.53001274
6.13716889 6.92490685 4.53005988
6.13783796 6.92503305 4.53010598
6.13849959 6.92515811 4.53015107
6.13915385 6.92528203 4.53019516
6.13980080 6.92540481 4.53023828
6.14044049 6.92552647 4.53028045
6.14107301 6.92564699 4.53032168
6.14169841 6.92576640 4.53036199
6.14231675 6.92588469 4.53040140
6.14292810 6.92600186 4.53043993
6.14353252 6.92611793 4.53047760
6.14413007 6.92623289 4.53051441
6.14472082 6.92634675 4.53055040
6.14530483 6.92645953 4.53058558
6.14588216 6.92657121 4.53061996
6.14645288 6.92668181 4.53065357
6.14701704 6.92679134 4.53068640
6.14757471 6.92689979 4.53071849
6.14812595 6.92700718 4.53074985
6.14867081 6.92711352 4.53078049
6.14920937 6.92721879 4.53081043
6.14974168 6.92732302 4.53083968
6.15026780 6.92742621 4.53086826
6.15078779 6.92752836 4.53089618
6.15130172 6.92762949 4.53092346
6.15180963 6.92772959 4.53095010
6.15231160 6.92782868 4.53097613
6.15280768 6.92792675 4.53100155
6.15329792 6.92802383 4.53102638
6.15378239 6.92811990 4.53105063
6.15426114 6.92821499 4.53107431
6.15473424 6.92830909 4.53109744
6.15520173 6.92840221 4.53112003
6.15566368 6.92849437 4.53114209
6.15612014 6.92858556 4.53116363
6.15657117 6.92867580 4.53118466
6.15701682 6.92876508 4.53120520
6.15745716 6.92885342 4.53122525
6.15789223 6.92894083 4.53124482
6.15832208 6.92902731 4.53126393
6.15874679 6.92911286 4.53128259
6.15916639 6.92919750 4.53130080
6.15958094 6.92928124 4.53131858
6.15999050 6.92936407 4.53133594
6.16039511 6.92944601 4.53135288
6.16079484 6.92952706 4.53136941
6.16118973 6.92960723 4.53138555
6.16157983 6.92968653 4.53140130
6.16196520 6.92976496 4.53141667
6.16234589 6.92984253 4.53143168
6.16272194 6.92991925 4.53144632
6.16309341 6.92999513 4.53146060
6.16346035 6.93007017 4.53147455
6.16382281 6.93014438 4.53148815
6.16418083 6.93021777 4.53150143
6.16453447 6.93029034 4.53151438
6.16488377 6.93036210 4.53152702
6.16522879 6.93043306 4.53153935
6.16556956 6.93050322 4.53155138
6.16590613 6.93057260 4.53156312
6.16623856 6.93064119 4.53157457
6.16656689 6.93070901 4.53158574
6.16689116 6.93077607 4.53159664
6.16721143 6.93084236 4.53160727
6.16752772 6.93090790 4.53161764
6.16784010 6.93097270 4.53162775
6.16814860 6.93103675 4.53163762
6.16845327 6.93110007 4.53164724
6.16875415 6.93116267 4.53165663
6.16905129 6.93122455 4.53166578
6.16934473 6.93128572 4.53167471
6.16963450 6.93134618 4.53168342
6.16992066 6.93140594 4.53169191
6.17020324 6.93146501 4.53170019
6.17048228 6.93152340 4.53170827
6.17075784 6.93158110 4.53171615
6.17102993 6.93163814 4.53172383
6.17129862 6.93169451 4.53173132
6.17156393 6.93175022 4.53173862
6.17182590 6.93180528 4.53174574
6.17208458 6.93185969 4.53175268
6.17234000 6.93191347 4.53175945
6.17259220 6.93196661 4.53176606
6.17284123 6.93201913 4.53177249
6.17308710 6.93207102 4.53177877
6.17332987 6.93212230 4.53178488
6.17356957 6.93217297 4.53179085
6.17380624 6.93222305 4.53179666
6.17403991 6.93227252 4.53180233
6.17427062 6.93232141 4.53180786
6.17449840 6.93236972 4.53181325
6.17472328 6.93241745 4.53181850
6.17494531 6.93246460 4.53182362
6.17516452 6.93251120 4.53182861
6.17538093 6.93255723 4.53183347
6.17559459 6.93260271 4.53183821
6.17580553 6.93264765 4.53184284
6.17601378 6.93269204 4.53184734
6.17621937 6.93273590 4.53185173
6.17642233 6.93277922 4.53185601
6.17662270 6.93282203 4.53186018
6.17682050 6.93286431 4.53186425
6.17701578 6.93290608 4.53186821
6.17720855 6.93294735 4.53187207
6.17739885 6.93298811 4.53187584
6.17758672 6.93302838 4.53187950
6.17777217 6.93306815 4.53188308
6.17795524 6.93310744 4.53188656
6.17813596 6.93314626 4.53188996
6.17831435 6.93318459 4.53189326
6.17849045 6.93322246 4.53189649
6.17866428 6.93325986 4.53189963
6.17883588 6.93329680 4.53190269
6.17900526 6.93333329 4.53190567
6.17917246 6.93336933 4.53190858
6.17933750 6.93340492 4.53191141
6.17950041 6.93344008 4.53191417
6.17966122 6.93347480 4.53191686
6.17981995 6.93350909 4.53191948
6.17997663 6.93354296 4.53192203
6.18013128 6.93357641 4.53192452
6.18028393 6.93360944 4.53192694
6.18043460 6.93364207 4.53192931
6.18058332 6.93367428 4.53193161
6.18073011 6.93370610 4.53193385
6.18087500 6.93373752 4.53193603
6.18101800 6.93376855 4.53193816
6.18115915 6.93379920 4.53194023
6.18129847 6.93382946 4.53194225
6.18143598 6.93385934 4.53194422
6.18157170 6.93388885 4.53194613
6.18170565 6.93391799 4.53194800
6.18183786 6.93394676 4.53194982
6.18196835 6.93397518 4.53195159
6.18209715 6.93400323 4.53195332
6.18222426 6.93403094 4.53195500
6.18234971 6.93405829 4.53195664
6.18247353 6.93408531 4.53195823
6.18259574 6.93411198 4.53195979
6.18271635 6.93413831 4.53196130
6.18283538 6.93416432 4.53196278
6.18295286 6.93418999 4.53196421
6.18306881 6.93421534 4.53196561
6.18318324 6.93424037 4.53196698
6.18329617 6.93426508 4.53196830
6.18340763 6.93428949 4.53196960
6.18351762 6.93431358 4.53197086
6.18362618 6.93433736 4.53197208
6.18373332 6.93436085 4.53197328
6.18383905 6.93438403 4.53197444
6.18394339 6.93440692 4.53197558
6.18404637 6.93442952 4.53197668
6.18414800 6.93445183 4.53197776
6.18424829 6.93447386 4.53197880
6.18434727 6.93449561 4.53197982
6.18444495 6.93451708 4.53198082
6.18454135 6.93453827 4.53198179
6.18463648 6.93455920 4.53198273
6.18473036 6.93457986 4.53198365
6.18482300 6.93460025 4.53198454
6.18491443 6.93462038 4.53198541
6.18500466 6.93464026 4.53198626
6.18509370 6.93465988 4.53198708
6.18518156 6.93467925 4.53198789
6.18526827 6.93469837 4.53198867
6.18535384 6.93471724 4.53198943
6.18543828 6.93473588 4.53199018
6.18552161 6.93475427 4.53199090
6.18560384 6.93477243 4.53199161
6.18568499 6.93479035 4.53199229
6.18576506 6.93480804 4.53199296
6.18584408 6.93482551 4.53199361
6.18592206 6.93484275 4.53199424
6.18599901 6.93485976 4.53199486
6.18607494 6.93487656 4.53199546
6.18614987 6.93489314 4.53199605
6.18622381 6.93490951 4.53199662
6.18629678 6.93492567 4.53199717
6.18636878 6.93494162 4.53199771
6.18643983 6.93495736 4.53199824
6.18650994 6.93497289 4.53199875
6.18657912 6.93498823 4.53199925
6.18664739 6.93500337 4.53199973
6.18671475 6.93501831 4.53200021
6.18678122 6.93503306 4.53200067
6.18684682 6.93504762 4.53200112
6.18691154 6.93506198 4.53200155
6.18697541 6.93507617 4.53200198
6.18703843 6.93509016 4.53200239
6.18710062 6.93510398 4.53200279
6.18716198 6.93511762 4.53200319
6.18722254 6.93513108 4.53200357
6.18728228 6.93514436 4.53200394
6.18734124 6.93515747 4.53200430
6.18739942 6.93517041 4.53200466
6.18745682 6.93518318 4.53200500
6.18751346 6.93519579 4.53200534
6.18756935 6.93520823 4.53200566
6.18762450 6.93522051 4.53200598
6.18767892 6.93523263 4.53200629
6.18773261 6.93524459 4.53200659
6.18778559 6.93525640 4.53200688
6.18783787 6.93526805 4.53200716
6.18788946 6.93527955 4.53200744
6.18794036 6.93529089 4.53200771
6.18799058 6.93530210 4.53200798
6.18804014 6.93531315 4.53200823
6.18808903 6.93532406 4.53200848
6.18813728 6.93533482 4.53200872
6.18818489 6.93534545 4.53200896
6.18823186 6.93535594 4.53200919
6.18827821 6.93536629 4.53200941
6.18832394 6.93537650 4.53200963
6.18836906 6.93538658 4.53200984
6.18841359 6.93539653 4.53201005
6.18845752 6.93540635 4.53201025
6.18850087 6.93541603 4.53201045
6.18854364 6.93542560 4.53201064
6.18858584 6.93543503 4.53201083
6.18862747 6.93544434 4.53201101
6.18866856 6.93545353 4.53201118
6.18870910 6.93546260 4.53201135
6.18874909 6.93547155 4.53201152
6.18878856 6.93548038 4.53201168
6.18882750 6.93548910 4.53201184
6.18886592 6.93549770 4.53201199
6.18890383 6.93550619 4.53201214
6.18894123 6.93551457 4.53201229
6.18897813 6.93552283 4.53201243
6.18901455 6.93553099 4.53201257
6.18905047 6.93553904 4.53201271
6.18908592 6.93554699 4.53201284
6.18912090 6.93555483 4.53201296
6.18915541 6.93556256 4.53201309
6.18918946 6.93557020 4.53201321
6.18922305 6.93557773 4.53201333
6.18925620 6.93558516 4.53201344
6.18928890 6.93559250 4.53201355
6.18932117 6.93559974 4.53201366
6.18935301 6.93560688 4.53201377
6.18938442 6.93561393 4.53201387
6.18941541 6.93562089 4.53201397
6.18944599 6.93562775 4.53201407
6.18947617 6.93563453 4.53201416
6.18950593 6.93564121 4.53201426
6.18953531 6.93564781 4.53201435
6.18956428 6.93565432 4.53201443
6.18959288 6.93566074 4.53201452
6.18962109 6.93566708 4.53201460
6.18964892 6.93567333 4.53201468
6.18967638 6.93567950 4.53201476
6.18970348 6.93568559 4.53201484
6.18973021 6.93569160 4.53201491
6.18975658 6.93569753 4.53201499
6.18978261 6.93570338 4.53201506
6.18980828 6.93570916 4.53201512
6.18983361 6.93571485 4.53201519
6.18985861 6.93572048 4.53201526
6.18988327 6.93572602 4.53201532
6.18990760 6.93573150 4.53201538
6.18993160 6.93573690 4.53201544
6.18995528 6.93574223 4.53201550
6.18997865 6.93574749 4.53201556
6.19000171 6.93575268 4.53201561
6.19002445 6.93575780 4.53201567
6.19004689 6.93576285 4.53201572
6.19006904 6.93576783 4.53201577
6.19009088 6.93577275 4.53201582
6.19011243 6.93577761 4.53201587
6.19013370 6.93578240 4.53201592
6.19015468 6.93578712 4.53201596
6.19017538 6.93579179 4.53201601
6.19019580 6.93579639 4.53201605
6.19021595 6.93580093 4.53201609
6.19023583 6.93580541 4.53201613
6.19025544 6.93580983 4.53201617
6.19027480 6.93581419 4.53201621
6.19029389 6.93581849 4.53201625
6.19031272 6.93582274 4.53201629
6.19033131 6.93582693 4.53201632
6.19034964 6.93583106 4.53201636
6.19036773 6.93583514 4.53201639
6.19038558 6.93583917 4.53201643
6.19040319 6.93584314 4.53201646
6.19042056 6.93584706 4.53201649
6.19043771 6.93585093 4.53201652
6.19045462 6.93585474 4.53201655
6.19047130 6.93585851 4.53201658
6.19048776 6.93586222 4.53201661
6.19050400 6.93586588 4.53201664
6.19052003 6.93586950 4.53201666
6.19053583 6.93587307 4.53201669
6.19055143 6.93587659 4.53201671
6.19056682 6.93588006 4.53201674
6.19058200 6.93588349 4.53201676
6.19059698 6.93588687 4.53201679
6.19061175 6.93589021 4.53201681
6.19062633 6.93589350 4.53201683
6.19064072 6.93589675 4.53201685
6.19065491 6.93589995 4.53201687
6.19066891 6.93590312 4.53201690
6.19068272 6.93590624 4.53201692
6.19069635 6.93590931 4.53201693
6.19070980 6.93591235 4.53201695
6.19072306 6.93591535 4.53201697
6.19073615 6.93591831 4.53201699
6.19074906 6.93592122 4.53201701
6.19076180 6.93592410 4.53201702
6.19077437 6.93592694 4.53201704
6.19078677 6.93592974 4.53201706
6.19079900 6.93593251 4.53201707
6.19081107 6.93593524 4.53201709
6.19082298 6.93593793 4.53201710
6.19083473 6.93594058 4.53201712
6.19084632 6.93594320 4.53201713
6.19085775 6.93594579 4.53201714
6.19086904 6.93594834 4.53201716
6.19088017 6.93595086 4.53201717
6.19089115 6.93595334 4.53201718
6.19090198 6.93595579 4.53201720
6.19091267 6.93595821 4.53201721
6.19092321 6.93596059 4.53201722
6.19093362 6.93596295 4.53201723
6.19094388 6.93596527 4.53201724
6.19095401 6.93596756 4.53201725
6.19096400 6.93596982 4.53201726
6.19097386 6.93597205 4.53201727
