5.75295832 7.66770805 1.63246261
5.75546644 7.65439987 1.65109421
5.75815228 7.64068759 1.67092611
5.76102416 7.62656369 1.69202365
5.76409048 7.61202115 1.71445349
5.76735973 7.59705354 1.73828320
5.77084040 7.58165511 1.76358080
5.77454095 7.56582090 1.79041420
5.77846973 7.54954683 1.81885059
5.78263486 7.53282982 1.84895567
5.78704423 7.51566792 1.88079283
5.79170534 7.49806037 1.91442225
5.79662518 7.48000776 1.94989987
5.80181020 7.46151215 1.98727634
5.80726609 7.44257712 2.02659582
5.81299772 7.42320790 2.06789483
5.81900900 7.40341145 2.11120102
5.82530271 7.38319654 2.15653197
5.83188043 7.36257376 2.20389403
5.83874234 7.34155557 2.25328126
5.84588715 7.32015631 2.30467447
5.85331197 7.29839213 2.35804049
5.86101221 7.27628095 2.41333161
5.86898148 7.25384234 2.47048535
5.87721160 7.23109740 2.52942447
5.88569247 7.20806856 2.59005739
5.89441216 7.18477937 2.65227892
5.90335687 7.16125428 2.71597139
5.91251102 7.13751829 2.78100613
5.92185733 7.11359674 2.84724530
5.93137697 7.08951491 2.91454395
5.94104967 7.06529770 2.98275244
5.95085395 7.04096933 3.05171892
5.96076729 7.01655296 3.12129197
5.97076636 6.99207036 3.19132322
5.98082730 6.96754165 3.26167000
5.99092587 6.94298499 3.33219767
6.00103779 6.91841630 3.40278199
6.01113894 6.89384915 3.47331102
6.02120554 6.86929446 3.54368684
6.03121446 6.84476047 3.61382694
6.04114331 6.82025259 3.68366530
6.05097067 6.79577337 3.75315306
6.06067623 6.77132248 3.82225904
6.07024085 6.74689672 3.89096988
6.07964674 6.72249004 3.95929000
6.08887744 6.69809366 4.02724137
6.09791792 6.67369610 4.09486312
6.10675457 6.64928332 4.16221104
6.11537522 6.62483883 4.22935706
6.12376910 6.60034378 4.29638864
6.13192684 6.57577717 4.36340818
6.13984042 6.55111590 4.43053241
6.14750311 6.52633500 4.49789183
6.15490946 6.50140776 4.56563010
6.16205519 6.47630589 4.63390351
6.16893718 6.45099974 4.70288029
6.17555344 6.42545853 4.77273995
6.18190299 6.39965054 4.84367242
6.18798591 6.37354347 4.91587700
6.19380325 6.34710472 4.98956099
6.19935702 6.32030184 5.06493785
6.20465018 6.29310296 5.14222490
6.20968664 6.26547738 5.22164024
6.21447122 6.23739621 5.30339876
6.21900971 6.20883315 5.38770718
6.22330882 6.17976539 5.47475782
6.22737622 6.15017461 5.56472101
6.23122051 6.12004811 5.65773614
6.23485121 6.08938008 5.75390120
6.23827874 6.05817293 5.85326111
6.24151435 6.02643863 5.95579519
6.24457000 5.99420016 6.06140421
6.24745829 5.96149271 6.16989804
6.25019220 5.92836481 6.28098499
6.25278497 5.89487909 6.39426406
6.25524974 5.86111269 6.50922182
6.25759936 5.82715703 6.62523511
6.25984599 5.79311702 6.74158091
6.26200089 5.75910954 6.85745381
6.26407406 5.72526117 6.97199098
6.26607409 5.69170530 7.08430350
6.26800796 5.65857866 7.19351183
6.26988100 5.62601756 7.29878281
6.27169692 5.59415396 7.39936467
6.27345794 5.56311171 7.49461707
6.27516498 5.53300323 7.58403350
6.27681791 5.50392675 7.66725449
6.27841588 5.47596437 7.74407099
6.27995755 5.44918087 7.81441882
6.28144141 5.42362344 7.87836545
6.28286599 5.39932205 7.93609156
6.28423002 5.37629051 7.98786934
6.28553260 5.35452793 8.03403987
6.28677328 5.33402053 8.07499139
6.28795205 5.31474357 8.11113948
6.28906936 5.29666333 8.14291027
6.29012613 5.27973899 8.17072674
6.29112365 5.26392441 8.19499825
6.29206353 5.24916968 8.21611302
6.29294769 5.23542251 8.23443314
6.29377821 5.22262939 8.25029177
6.29455737 5.21073652 8.26399190
6.29528753 5.19969060 8.27580653
6.29597109 5.18943941 8.28597956
6.29661049 5.17993231 8.29472746
6.29720814 5.17112053 8.30224125
6.29776642 5.16295742 8.30868860
6.29828765 5.15539858 8.31421612
6.29877405 5.14840198 8.31895154
6.29922779 5.14192795 8.32300575
6.29965091 5.13593917 8.32647484
6.30004537 5.13040063 8.32944185
6.30041304 5.12527958 8.33197840
6.30075566 5.12054541 8.33414617
6.30107491 5.11616959 8.33599822
6.30137232 5.11212555 8.33758011
6.30164938 5.10838857 8.33893095
6.30190745 5.10493569 8.34008426
6.30214782 5.10174559 8.34106876
6.30237170 5.09879849 8.34190904
6.30258021 5.09607607 8.34262613
6.30277440 5.09356133 8.34323803
6.30295525 5.09123855 8.34376012
6.30312369 5.08909316 8.34420554
6.30328056 5.08711170 8.34458553
6.30342667 5.08528169 8.34490969
6.30356274 5.08359161 8.34518619
6.30368948 5.08203079 8.34542204
6.30380752 5.08058938 8.34562320
6.30391747 5.07925826 8.34579478
6.30401988 5.07802902 8.34594111
6.30411528 5.07689388 8.34606591
6.30420414 5.07584565 8.34617234
6.30428692 5.07487768 8.34626311
6.30436404 5.07398383 8.34634053
6.30443588 5.07315845 8.34640654
6.30450281 5.07239628 8.34646284
6.30456517 5.07169249 8.34651085
6.30462327 5.07104261 8.34655179
6.30467740 5.07044253 8.34658671
6.30472784 5.06988841 8.34661648
6.30477483 5.06937676 8.34664187
6.30481863 5.06890430 8.34666352
6.30485944 5.06846805 8.34668198
6.30489747 5.06806523 8.34669773
6.30493291 5.06769327 8.34671115
6.30496594 5.06734982 8.34672260
6.30499673 5.06703269 8.34673237
6.30502542 5.06673986 8.34674069
6.30505216 5.06646947 8.34674779
6.30507709 5.06621981 8.34675385
6.30510032 5.06598928 8.34675901
6.30512198 5.06577642 8.34676341
6.30514216 5.06557987 8.34676717
6.30516098 5.06539839 8.34677037
6.30517852 5.06523081 8.34677310
6.30519488 5.06507608 8.34677543
6.30521013 5.06493321 8.34677741
6.30522434 5.06480129 8.34677911
6.30523759 5.06467948 8.34678055
6.30524995 5.06456701 8.34678178
6.30526147 5.06446316 8.34678283
6.30527221 5.06436727 8.34678373
6.30528223 5.06427873 8.34678449
6.30529157 5.06419698 8.34678514
6.30530027 5.06412149 8.34678570
6.30530840 5.06405179 8.34678617
6.30531597 5.06398743 8.34678657
6.30532303 5.06392801 8.34678692
6.30532962 5.06387314 8.34678721
6.30533576 5.06382247 8.34678746
6.30534149 5.06377570 8.34678768
6.30534683 5.06373250 8.34678786
6.30535181 5.06369262 8.34678801
6.30535646 5.06365579 8.34678815
6.30536080 5.06362179 8.34678826
6.30536484 5.06359040 8.34678836
6.30536861 5.06356141 8.34678844
6.30537213 5.06353464 8.34678851
6.30537541 5.06350992 8.34678857
6.30537847 5.06348710 8.34678862
6.30538133 5.06346603 8.34678866
6.30538399 5.06344658 8.34678870
6.30538648 5.06342861 8.34678873
6.30538880 5.06341203 8.34678876
6.30539096 5.06339671 8.34678878
6.30539298 5.06338257 8.34678880
6.30539486 5.06336951 8.34678882
6.30539662 5.06335746 8.34678883
6.30539825 5.06334633 8.34678884
6.30539978 5.06333605 8.34678885
