6.33099972 4.93816271 3.64491587
6.32604820 4.91058503 3.72278762
6.32142227 4.88342308 3.79797850
6.31713726 4.85675213 3.87014636
6.31320486 4.83063952 3.93901897
6.30963302 4.80514410 4.00439530
6.30642597 4.78031576 4.06614374
6.30358433 4.75619535 4.12419774
6.30110532 4.73281490 4.17854962
6.29898302 4.71019792 4.22924295
6.29720878 4.68836002 4.27636431
6.29577153 4.66730952 4.32003496
6.29465817 4.64704826 4.36040271
6.29385400 4.62757234 4.39763445
6.29334306 4.60887294 4.43190954
6.29310846 4.59093709 4.46341402
6.29313276 4.57374839 4.49233591
6.29339818 4.55728770 4.51886136
6.29388691 4.54153373 4.54317167
6.29458127 4.52646361 4.56544109
6.29546393 4.51205335 4.58583530
6.29651802 4.49827825 4.60451036
6.29772724 4.48511323 4.62161222
6.29907597 4.47253317 4.63727646
6.30054932 4.46051309 4.65162843
6.30213318 4.44902838 4.66478347
6.30381423 4.43805494 4.67684733
6.30557996 4.42756929 4.68791672
6.30741867 4.41754869 4.69807982
6.30931945 4.40797118 4.70741692
6.31127220 4.39881561 4.71600101
6.31326753 4.39006169 4.72389834
6.31529683 4.38169002 4.73116905
6.31735215 4.37368203 4.73786766
6.31942623 4.36602003 4.74404362
6.32151241 4.35868717 4.74974173
6.32360467 4.35166742 4.75500266
6.32569750 4.34494556 4.75986325
6.32778595 4.33850713 4.76435698
6.32986554 4.33233841 4.76851423
6.33193227 4.32642640 4.77236259
6.33398255 4.32075878 4.77592717
6.33601318 4.31532387 4.77923081
6.33802133 4.31011060 4.78229432
6.34000452 4.30510851 4.78513667
6.34196056 4.30030767 4.78777518
6.34388756 4.29569868 4.79022565
6.34578390 4.29127267 4.79250254
6.34764817 4.28702119 4.79461908
6.34947922 4.28293628 4.79658739
6.35127607 4.27901036 4.79841858
6.35303793 4.27523628 4.80012285
6.35476420 4.27160724 4.80170957
6.35645440 4.26811681 4.80318735
6.35810820 4.26475889 4.80456411
6.35972540 4.26152768 4.80584715
6.36130590 4.25841769 4.80704321
6.36284970 4.25542370 4.80815849
6.36435691 4.25254075 4.80919871
6.36582769 4.24976415 4.81016917
6.36726229 4.24708943 4.81107477
6.36866103 4.24451232 4.81192002
6.37002426 4.24202879 4.81270911
6.37135241 4.23963498 4.81344593
6.37264593 4.23732725 4.81413408
6.37390532 4.23510210 4.81477688
6.37513109 4.23295621 4.81537742
6.37632382 4.23088641 4.81593858
6.37748407 4.22888969 4.81646303
6.37861245 4.22696318 4.81695324
6.37970956 4.22510412 4.81741150
6.38077603 4.22330989 4.81783997
6.38181250 4.22157800 4.81824063
6.38281960 4.21990605 4.81861533
6.38379799 4.21829175 4.81896580
6.38474831 4.21673293 4.81929363
6.38567121 4.21522749 4.81960034
6.38656734 4.21377345 4.81988730
6.38743735 4.21236887 4.82015582
6.38828187 4.21101194 4.82040710
6.38910155 4.20970090 4.82064228
6.38989701 4.20843407 4.82086241
6.39066888 4.20720984 4.82106846
6.39141776 4.20602667 4.82126135
6.39214428 4.20488308 4.82144194
6.39284902 4.20377764 4.82161103
6.39353258 4.20270900 4.82176935
6.39419553 4.20167584 4.82191761
6.39483843 4.20067692 4.82205645
6.39546185 4.19971102 4.82218648
6.39606633 4.19877698 4.82230827
6.39665241 4.19787370 4.82242235
6.39722059 4.19700009 4.82252920
6.39777141 4.19615514 4.82262930
6.39830535 4.19533785 4.82272308
6.39882290 4.19454727 4.82281094
6.39932454 4.19378248 4.82289325
6.39981074 4.19304261 4.82297038
6.40028194 4.19232679 4.82304264
6.40073860 4.19163422 4.82311036
6.40118113 4.19096410 4.82317382
6.40160997 4.19031568 4.82323329
6.40202551 4.18968823 4.82328903
6.40242817 4.18908104 4.82334126
6.40281831 4.18849344 4.82339022
6.40319633 4.18792476 4.82343610
6.40356259 4.18737438 4.82347911
6.40391744 4.18684170 4.82351943
6.40426123 4.18632611 4.82355722
6.40459430 4.18582707 4.82359265
6.40491697 4.18534401 4.82362586
6.40522957 4.18487642 4.82365699
6.40553239 4.18442378 4.82368618
6.40582575 4.18398561 4.82371354
6.40610993 4.18356143 4.82373920
6.40638522 4.18315077 4.82376325
6.40665189 4.18275321 4.82378580
6.40691020 4.18236832 4.82380695
6.40716042 4.18199567 4.82382678
6.40740280 4.18163488 4.82384537
6.40763757 4.18128555 4.82386281
6.40786498 4.18094733 4.82387916
6.40808525 4.18061984 4.82389449
6.40829861 4.18030274 4.82390886
6.40850528 4.17999570 4.82392234
6.40870545 4.17969838 4.82393499
6.40889933 4.17941049 4.82394684
6.40908713 4.17913171 4.82395797
6.40926902 4.17886175 4.82396839
6.40944520 4.17860033 4.82397818
6.40961584 4.17834718 4.82398735
6.40978112 4.17810203 4.82399595
6.40994121 4.17786462 4.82400402
6.41009626 4.17763471 4.82401159
6.41024643 4.17741205 4.82401869
6.41039189 4.17719643 4.82402535
6.41053277 4.17698760 4.82403159
6.41066922 4.17678536 4.82403745
6.41080138 4.17658949 4.82404295
6.41092938 4.17639980 4.82404810
6.41105336 4.17621608 4.82405294
6.41117344 4.17603815 4.82405747
6.41128974 4.17586582 4.82406173
6.41140238 4.17569892 4.82406572
6.41151148 4.17553726 4.82406946
6.41161715 4.17538070 4.82407297
6.41171950 4.17522906 4.82407627
6.41181863 4.17508218 4.82407936
6.41191464 4.17493993 4.82408226
6.41200763 4.17480215 4.82408498
6.41209770 4.17466870 4.82408753
6.41218494 4.17453944 4.82408992
6.41226943 4.17441424 4.82409217
6.41235127 4.17429298 4.82409427
6.41243053 4.17417552 4.82409625
6.41250730 4.17406176 4.82409810
6.41258166 4.17395156 4.82409984
6.41265368 4.17384483 4.82410148
6.41272343 4.17374144 4.82410301
6.41279099 4.17364130 4.82410444
6.41285643 4.17354430 4.82410579
6.41291982 4.17345035 4.82410705
6.41298121 4.17335934 4.82410824
6.41304067 4.17327119 4.82410935
6.41309826 4.17318580 4.82411040
6.41315404 4.17310309 4.82411138
6.41320808 4.17302298 4.82411230
6.41326041 4.17294538 4.82411316
6.41331110 4.17287021 4.82411397
6.41336019 4.17279739 4.82411473
6.41340775 4.17272686 4.82411544
6.41345381 4.17265855 4.82411611
6.41349842 4.17259237 4.82411673
6.41354163 4.17252826 4.82411732
6.41358349 4.17246617 4.82411787
6.41362403 4.17240602 4.82411839
6.41366330 4.17234776 4.82411888
6.41370134 4.17229132 4.82411933
6.41373818 4.17223665 4.82411976
6.41377386 4.17218369 4.82412016
6.41380842 4.17213239 4.82412054
6.41384190 4.17208270 4.82412089
6.41387433 4.17203457 4.82412123
6.41390574 4.17198794 4.82412154
6.41393617 4.17194278 4.82412183
6.41396564 4.17189903 4.82412210
6.41399418 4.17185664 4.82412236
6.41402183 4.17181559 4.82412260
6.41404861 4.17177582 4.82412283
6.41407455 4.17173730 4.82412304
6.41409968 4.17169998 4.82412324
6.41412402 4.17166384 4.82412343
6.41414760 4.17162882 4.82412360
6.41417043 4.17159490 4.82412377
6.41419255 4.17156204 4.82412392
6.41421398 4.17153022 4.82412406
6.41423473 4.17149938 4.82412420
6.41425484 4.17146952 4.82412433
6.41427431 4.17144059 4.82412445
6.41429317 4.17141256 4.82412456
6.41431144 4.17138541 4.82412467
6.41432914 4.17135911 4.82412476
6.41434628 4.17133364 4.82412486
6.41436289 4.17130896 4.82412494
6.41437897 4.17128506 4.82412503
6.41439455 4.17126190 4.82412510
6.41440964 4.17123947 4.82412517
6.41442426 4.17121774 4.82412524
6.41443842 4.17119669 4.82412531
6.41445214 4.17117630 4.82412536
6.41446542 4.17115655 4.82412542
6.41447830 4.17113741 4.82412547
6.41449076 4.17111888 4.82412552
6.41450284 4.17110092 4.82412557
6.41451454 4.17108353 4.82412561
6.41452587 4.17106668 4.82412565
6.41453684 4.17105036 4.82412569
6.41454747 4.17103455 4.82412573
6.41455777 4.17101923 4.82412576
6.41456775 4.17100440 4.82412579
6.41457741 4.17099003 4.82412582
6.41458677 4.17097610 4.82412585
6.41459584 4.17096262 4.82412587
6.41460462 4.17094955 4.82412590
6.41461313 4.17093690 4.82412592
6.41462137 4.17092464 4.82412594
6.41462936 4.17091276 4.82412596
6.41463709 4.17090126 4.82412598
6.41464458 4.17089012 4.82412600
6.41465184 4.17087932 4.82412602
6.41465887 4.17086886 4.82412603
6.41466568 4.17085874 4.82412605
6.41467227 4.17084892 4.82412606
6.41467866 4.17083942 4.82412607
6.41468485 4.17083021 4.82412609
6.41469084 4.17082129 4.82412610
6.41469665 4.17081265 4.82412611
6.41470228 4.17080428 4.82412612
