0.41919919 1.70026914 6.39313770
0.45287510 1.69325857 6.50830762
0.48468415 1.68633163 6.61136540
0.51467172 1.67952296 6.70324590
0.54289702 1.67286198 6.78491137
0.56942913 1.66637300 6.85731573
0.59434372 1.66007541 6.92137898
0.61772030 1.65398406 6.97797018
0.63964008 1.64810969 7.02789735
0.66018425 1.64245944 7.07190230
0.67943278 1.63703730 7.11065946
0.69746343 1.63184461 7.14477709
0.71435113 1.62688051 7.17480043
0.73016755 1.62214232 7.20121572
0.74498085 1.61762590 7.22445485
0.75885553 1.61332596 7.24490025
0.77185241 1.60923636 7.26288967
0.78402870 1.60535030 7.27872082
0.79543802 1.60166052 7.29265572
0.80613061 1.59815948 7.30492470
0.81615343 1.59483948 7.31573009
0.82555035 1.59169276 7.32524946
0.83436229 1.58871158 7.33363867
0.84262743 1.58588831 7.34103442
0.85038136 1.58321546 7.34755663
0.85765725 1.58068575 7.35331050
0.86448603 1.57829208 7.35838832
0.87089650 1.57602763 7.36287110
0.87691552 1.57388580 7.36682992
0.88256811 1.57186028 7.37032719
0.88787761 1.56994501 7.37341776
0.89286579 1.56813419 7.37614978
0.89755293 1.56642231 7.37856562
0.90195799 1.56480409 7.38070250
0.90609863 1.56327453 7.38259318
0.90999136 1.56182886 7.38426650
0.91365159 1.56046256 7.38574785
0.91709372 1.55917133 7.38705959
0.92033122 1.55795110 7.38822143
0.92337666 1.55679800 7.38925074
0.92624181 1.55570839 7.39016285
0.92893769 1.55467879 7.39097128
0.93147459 1.55370593 7.39168795
0.93386216 1.55278669 7.39232342
0.93610944 1.55191815 7.39288699
0.93822488 1.55109752 7.39338687
0.94021643 1.55032217 7.39383036
0.94209150 1.54958961 7.39422386
0.94385708 1.54889751 7.39457307
0.94551969 1.54824362 7.39488302
0.94708546 1.54762586 7.39515817
0.94856016 1.54704223 7.39540244
0.94994918 1.54649086 7.39561934
0.95125758 1.54596997 7.39581195
0.95249013 1.54547788 7.39598301
0.95365130 1.54501301 7.39613496
0.95474528 1.54457385 7.39626993
0.95577603 1.54415900 7.39638984
0.95674725 1.54376711 7.39649638
0.95766242 1.54339692 7.39659104
0.95852483 1.54304722 7.39667516
0.95933755 1.54271690 7.39674992
0.96010347 1.54240488 7.39681636
0.96082533 1.54211015 7.39687542
0.96150568 1.54183176 7.39692791
0.96214694 1.54156881 7.39697457
0.96275137 1.54132044 7.39701606
0.96332111 1.54108585 7.39705294
0.96385817 1.54086428 7.39708573
0.96436443 1.54065501 7.39711488
0.96484168 1.54045736 7.39714080
0.96529159 1.54027068 7.39716385
0.96571575 1.54009438 7.39718435
0.96611562 1.53992788 7.39720258
0.96649262 1.53977063 7.39721879
0.96684806 1.53962212 7.39723321
0.96718318 1.53948188 7.39724603
0.96749914 1.53934943 7.39725743
0.96779706 1.53922436 7.39726757
0.96807796 1.53910625 7.39727659
0.96834282 1.53899472 7.39728462
0.96859257 1.53888940 7.39729176
0.96882806 1.53878994 7.39729811
0.96905012 1.53869603 7.39730375
0.96925951 1.53860735 7.39730878
0.96945697 1.53852362 7.39731325
0.96964316 1.53844456 7.39731722
0.96981875 1.53836991 7.39732076
0.96998432 1.53829942 7.39732391
0.97014047 1.53823287 7.39732670
0.97028772 1.53817003 7.39732920
0.97042658 1.53811071 7.39733141
0.97055754 1.53805469 7.39733338
0.97068104 1.53800181 7.39733514
0.97079751 1.53795188 7.39733670
0.97090735 1.53790475 7.39733808
0.97101094 1.53786024 7.39733932
0.97110864 1.53781823 7.39734042
0.97120078 1.53777857 7.39734140
0.97128767 1.53774113 7.39734227
0.97136963 1.53770578 7.39734304
0.97144692 1.53767241 7.39734373
0.97151982 1.53764091 7.39734434
0.97158857 1.53761117 7.39734489
0.97165341 1.53758310 7.39734537
0.97171457 1.53755661 7.39734580
0.97177225 1.53753159 7.39734619
0.97182666 1.53750798 7.39734653
0.97187797 1.53748570 7.39734683
0.97192636 1.53746466 7.39734710
0.97197201 1.53744480 7.39734734
0.97201506 1.53742606 7.39734756
0.97205566 1.53740836 7.39734775
0.97209396 1.53739167 7.39734792
0.97213009 1.53737590 7.39734807
0.97216416 1.53736103 7.39734820
0.97219629 1.53734699 7.39734832
0.97222660 1.53733373 7.39734843
0.97225519 1.53732122 7.39734852
0.97228216 1.53730942 7.39734861
0.97230759 1.53729827 7.39734868
0.97233158 1.53728776 7.39734875
0.97235421 1.53727783 7.39734881
0.97237556 1.53726847 7.39734886
0.97239569 1.53725962 7.39734891
0.97241468 1.53725128 7.39734895
0.97243259 1.53724341 7.39734899
0.97244948 1.53723598 7.39734902
0.97246542 1.53722896 7.39734905
0.97248045 1.53722234 7.39734908
0.97249462 1.53721610 7.39734910
0.97250800 1.53721020 7.39734912
0.97252061 1.53720464 7.39734914
0.97253251 1.53719939 7.39734916
0.97254373 1.53719443 7.39734917
0.97255432 1.53718976 7.39734918
0.97256430 1.53718535 7.39734919
0.97257372 1.53718118 7.39734921
