6.79826480 7.18970876 3.83722177
6.80432473 7.19624627 3.84501343
6.81020429 7.20247725 3.85220893
6.81590851 7.20841079 3.85884961
6.82144259 7.21405602 3.86497489
6.82681178 7.21942213 3.87062215
6.83202146 7.22451826 3.87582680
6.83707700 7.22935348 3.88062221
6.84198380 7.23393676 3.88503978
6.84674725 7.23827696 3.88910893
6.85137271 7.24238276 3.89285722
6.85586549 7.24626269 3.89631036
6.86023083 7.24992507 3.89949231
6.86447388 7.25337803 3.90242535
6.86859972 7.25662948 3.90513018
6.87261330 7.25968710 3.90762597
6.87651950 7.26255833 3.90993048
6.88032305 7.26525041 3.91206012
6.88402856 7.26777032 3.91403006
6.88764055 7.27012480 3.91585427
6.89116336 7.27232037 3.91754566
6.89460125 7.27436329 3.91911607
6.89795831 7.27625963 3.92057644
6.90123853 7.27801519 3.92193681
6.90444575 7.27963558 3.92320638
6.90758368 7.28112616 3.92439364
6.91065590 7.28249210 3.92550636
6.91366589 7.28373835 3.92655166
6.91661697 7.28486967 3.92753608
6.91951235 7.28589061 3.92846562
6.92235512 7.28680554 3.92934576
6.92514827 7.28761863 3.93018154
6.92789464 7.28833390 3.93097756
6.93059699 7.28895518 3.93173803
6.93325796 7.28948612 3.93246683
6.93588007 7.28993024 3.93316748
6.93846577 7.29029090 3.93384322
6.94101737 7.29057131 3.93449702
6.94353713 7.29077452 3.93513157
6.94602718 7.29090348 3.93574937
6.94848957 7.29096098 3.93635268
6.95092627 7.29094970 3.93694359
6.95333916 7.29087219 3.93752399
6.95573005 7.29073091 3.93809563
6.95810064 7.29052818 3.93866011
6.96045259 7.29026624 3.93921888
6.96278748 7.28994722 3.93977329
6.96510680 7.28957314 3.94032457
6.96741198 7.28914597 3.94087383
6.96970441 7.28866754 3.94142212
6.97198537 7.28813964 3.94197037
6.97425612 7.28756396 3.94251945
6.97651784 7.28694212 3.94307015
6.97877167 7.28627568 3.94362321
6.98101866 7.28556610 3.94417929
6.98325985 7.28481482 3.94473901
6.98549621 7.28402318 3.94530292
6.98772866 7.28319247 3.94587154
6.98995806 7.28232394 3.94644535
6.99218525 7.28141877 3.94702478
6.99441101 7.28047811 3.94761021
6.99663609 7.27950303 3.94820202
6.99886117 7.27849459 3.94880052
7.00108693 7.27745378 3.94940603
7.00331398 7.27638157 3.95001882
7.00554290 7.27527888 3.95063913
7.00777425 7.27414659 3.95126719
7.01000853 7.27298556 3.95190320
7.01224623 7.27179661 3.95254734
7.01448778 7.27058052 3.95319977
7.01673360 7.26933806 3.95386063
7.01898408 7.26806997 3.95453006
7.02123957 7.26677695 3.95520815
7.02350039 7.26545968 3.95589499
7.02576684 7.26411883 3.95659067
7.02803918 7.26275505 3.95729524
7.03031766 7.26136894 3.95800875
7.03260249 7.25996113 3.95873123
7.03489387 7.25853219 3.95946270
7.03719195 7.25708270 3.96020317
7.03949688 7.25561321 3.96095262
7.04180878 7.25412427 3.96171104
7.04412774 7.25261640 3.96247839
7.04645385 7.25109013 3.96325462
7.04878714 7.24954597 3.96403969
7.05112766 7.24798441 3.96483351
7.05347541 7.24640594 3.96563602
7.05583038 7.24481104 3.96644711
7.05819255 7.24320019 3.96726668
7.06056187 7.24157385 3.96809461
7.06293828 7.23993248 3.96893079
7.06532169 7.23827654 3.96977507
7.06771201 7.23660649 3.97062731
7.07010910 7.23492275 3.97148733
7.07251285 7.23322578 3.97235498
7.07492310 7.23151602 3.97323007
7.07733969 7.22979389 3.97411242
7.07976243 7.22805984 3.97500181
7.08219114 7.22631429 3.97589804
7.08462560 7.22455767 3.97680089
7.08706558 7.22279041 3.97771012
7.08951086 7.22101294 3.97862550
7.09196118 7.21922568 3.97954678
7.09441629 7.21742905 3.98047369
7.09687590 7.21562348 3.98140597
7.09933974 7.21380939 3.98234334
7.10180751 7.21198721 3.98328552
7.10427889 7.21015735 3.98423222
7.10675358 7.20832025 3.98518313
7.10923125 7.20647632 3.98613795
7.11171156 7.20462599 3.98709637
7.11419416 7.20276967 3.98805807
7.11667871 7.20090780 3.98902271
7.11916484 7.19904079 3.98998997
7.12165219 7.19716908 3.99095951
7.12414037 7.19529308 3.99193099
7.12662901 7.19341321 3.99290406
7.12911772 7.19152990 3.99387837
7.13160610 7.18964358 3.99485357
7.13409377 7.18775466 3.99582930
7.13658031 7.18586357 3.99680520
7.13906532 7.18397072 3.99778091
7.14154839 7.18207655 3.99875608
7.14402910 7.18018146 3.99973033
7.14650705 7.17828587 4.00070330
7.14898180 7.17639021 4.00167463
7.15145295 7.17449489 4.00264396
7.15392008 7.17260032 4.00361093
7.15638275 7.17070690 4.00457517
7.15884055 7.16881506 4.00553633
7.16129307 7.16692520 4.00649406
7.16373987 7.16503772 4.00744801
7.16618054 7.16315302 4.00839782
7.16861466 7.16127150 4.00934316
7.17104181 7.15939354 4.01028369
7.17346159 7.15751956 4.01121907
7.17587359 7.15564992 4.01214898
7.17827739 7.15378501 4.01307310
7.18067259 7.15192520 4.01399111
7.18305880 7.15007088 4.01490272
7.18543562 7.14822240 4.01580761
7.18780266 7.14638014 4.01670550
7.19015954 7.14454444 4.01759610
7.19250588 7.14271565 4.01847915
7.19484131 7.14089413 4.01935437
7.19716546 7.13908021 4.02022151
7.19947797 7.13727422 4.02108032
7.20177848 7.13547649 4.02193056
7.20406667 7.13368734 4.02277201
7.20634218 7.13190709 4.02360445
7.20860468 7.13013603 4.02442768
7.21085386 7.12837446 4.02524148
7.21308939 7.12662268 4.02604569
7.21531099 7.12488097 4.02684012
7.21751833 7.12314960 4.02762462
7.21971115 7.12142884 4.02839901
7.22188915 7.11971895 4.02916317
7.22405208 7.11802019 4.02991696
7.22619966 7.11633278 4.03066026
7.22833164 7.11465698 4.03139296
7.23044779 7.11299301 4.03211496
7.23254786 7.11134107 4.03282617
7.23463164 7.10970140 4.03352650
7.23669891 7.10807418 4.03421590
7.23874947 7.10645960 4.03489431
7.24078313 7.10485786 4.03556167
7.24279969 7.10326913 4.03621795
7.24479898 7.10169358 4.03686312
7.24678084 7.10013136 4.03749716
7.24874511 7.09858262 4.03812006
7.25069164 7.09704751 4.03873183
7.25262030 7.09552616 4.03933247
7.25453096 7.09401870 4.03992200
7.25642351 7.09252524 4.04050044
7.25829783 7.09104589 4.04106783
7.26015382 7.08958076 4.04162422
7.26199140 7.08812992 4.04216964
7.26381048 7.08669348 4.04270416
7.26561100 7.08527150 4.04322785
7.26739288 7.08386406 4.04374076
7.26915608 7.08247121 4.04424299
7.27090055 7.08109302 4.04473460
7.27262624 7.07972951 4.04521570
7.27433314 7.07838075 4.04568637
7.27602123 7.07704675 4.04614671
7.27769047 7.07572754 4.04659684
7.27934089 7.07442315 4.04703685
7.28097246 7.07313358 4.04746687
7.28258521 7.07185883 4.04788701
7.28417915 7.07059891 4.04829738
7.28575430 7.06935381 4.04869813
7.28731070 7.06812352 4.04908936
7.28884838 7.06690801 4.04947123
7.29036739 7.06570727 4.04984385
7.29186777 7.06452125 4.05020737
7.29334959 7.06334993 4.05056192
7.29481290 7.06219326 4.05090764
7.29625778 7.06105120 4.05124469
7.29768429 7.05992370 4.05157319
7.29909251 7.05881069 4.05189329
7.30048254 7.05771213 4.05220515
7.30185445 7.05662794 4.05250890
7.30320834 7.05555805 4.05280470
7.30454432 7.05450240 4.05309268
7.30586247 7.05346090 4.05337301
7.30716292 7.05243348 4.05364583
7.30844576 7.05142005 4.05391128
7.30971112 7.05042052 4.05416951
7.31095912 7.04943480 4.05442067
7.31218987 7.04846280 4.05466491
7.31340350 7.04750443 4.05490237
7.31460014 7.04655957 4.05513320
7.31577991 7.04562813 4.05535754
7.31694297 7.04471000 4.05557554
7.31808943 7.04380509 4.05578733
7.31921944 7.04291326 4.05599306
7.32033315 7.04203443 4.05619286
7.32143069 7.04116846 4.05638688
7.32251221 7.04031525 4.05657525
7.32357786 7.03947469 4.05675810
7.32462779 7.03864664 4.05693558
7.32566214 7.03783099 4.05710780
7.32668108 7.03702762 4.05727489
7.32768476 7.03623641 4.05743700
7.32867332 7.03545723 4.05759424
7.32964694 7.03468995 4.05774673
7.33060575 7.03393446 4.05789460
7.33154993 7.03319063 4.05803796
7.33247963 7.03245832 4.05817694
7.33339501 7.03173742 4.05831165
7.33429623 7.03102779 4.05844220
7.33518345 7.03032930 4.05856871
7.33605683 7.02964182 4.05869128
7.33691653 7.02896523 4.05881002
7.33776272 7.02829940 4.05892504
7.33859555 7.02764420 4.05903643
7.33941518 7.02699949 4.05914431
7.34022178 7.02636515 4.05924877
7.34101551 7.02574104 4.05934990
7.34179652 7.02512705 4.05944780
7.34256498 7.02452304 4.05954256
7.34332104 7.02392888 4.05963428
7.34406488 7.02334444 4.05972303
7.34479663 7.02276960 4.05980892
7.34551647 7.02220423 4.05989201
7.34622454 7.02164819 4.05997240
7.34692101 7.02110138 4.06005016
7.34760604 7.02056365 4.06012537
7.34827977 7.02003489 4.06019811
7.34894236 7.01951497 4.06026846
7.34959396 7.01900377 4.06033648
7.35023473 7.01850117 4.06040224
7.35086482 7.01800703 4.06046582
7.35148438 7.01752125 4.06052728
7.35209355 7.01704370 4.06058669
7.35269249 7.01657427 4.06064411
7.35328133 7.01611283 4.06069960
7.35386024 7.01565927 4.06075323
7.35442934 7.01521347 4.06080505
7.35498879 7.01477531 4.06085511
7.35553873 7.01434469 4.06090348
7.35607929 7.01392148 4.06095021
7.35661062 7.01350559 4.06099534
7.35713285 7.01309689 4.06103894
7.35764612 7.01269527 4.06108105
7.35815057 7.01230063 4.06112172
7.35864633 7.01191287 4.06116099
7.35913354 7.01153186 4.06119891
7.35961231 7.01115751 4.06123552
7.36008279 7.01078972 4.06127088
7.36054511 7.01042838 4.06130501
7.36099938 7.01007338 4.06133795
7.36144574 7.00972463 4.06136976
7.36188430 7.00938204 4.06140046
7.36231520 7.00904549 4.06143009
7.36273855 7.00871489 4.06145869
7.36315447 7.00839016 4.06148629
7.36356308 7.00807118 4.06151292
7.36396450 7.00775787 4.06153862
7.36435885 7.00745014 4.06156342
7.36474623 7.00714789 4.06158735
7.36512676 7.00685104 4.06161043
7.36550055 7.00655950 4.06163270
7.36586772 7.00627317 4.06165419
7.36622836 7.00599198 4.06167492
7.36658258 7.00571583 4.06169491
7.36693050 7.00544464 4.06171420
7.36727222 7.00517833 4.06173280
7.36760783 7.00491683 4.06175074
7.36793744 7.00466003 4.06176804
7.36826115 7.00440788 4.06178472
7.36857906 7.00416028 4.06180081
7.36889126 7.00391716 4.06181633
7.36919785 7.00367845 4.06183129
7.36949893 7.00344407 4.06184572
7.36979458 7.00321395 4.06185963
7.37008491 7.00298800 4.06187304
7.37036999 7.00276617 4.06188597
7.37064992 7.00254838 4.06189844
7.37092479 7.00233456 4.06191045
7.37119468 7.00212464 4.06192204
7.37145968 7.00191856 4.06193320
7.37171987 7.00171624 4.06194397
7.37197533 7.00151763 4.06195434
7.37222615 7.00132265 4.06196434
7.37247241 7.00113125 4.06197398
7.37271418 7.00094336 4.06198327
7.37295154 7.00075892 4.06199223
7.37318457 7.00057787 4.06200086
7.37341335 7.00040015 4.06200917
7.37363794 7.00022570 4.06201718
7.37385843 7.00005446 4.06202491
7.37407487 6.99988638 4.06203235
7.37428736 6.99972140 4.06203952
7.37449594 6.99955946 4.06204643
7.37470070 6.99940052 4.06205308
7.37490170 6.99924451 4.06205950
7.37509900 6.99909139 4.06206568
7.37529267 6.99894110 4.06207163
7.37548278 6.99879360 4.06207737
7.37566939 6.99864883 4.06208289
7.37585256 6.99850675 4.06208822
7.37603234 6.99836730 4.06209335
7.37620881 6.99823044 4.06209829
7.37638202 6.99809612 4.06210305
7.37655203 6.99796430 4.06210763
7.37671890 6.99783493 4.06211205
7.37688268 6.99770797 4.06211630
7.37704342 6.99758337 4.06212040
7.37720119 6.99746109 4.06212435
7.37735603 6.99734110 4.06212815
7.37750800 6.99722334 4.06213181
7.37765715 6.99710777 4.06213534
7.37780353 6.99699436 4.06213874
7.37794719 6.99688308 4.06214201
7.37808818 6.99677386 4.06214516
7.37822655 6.99666670 4.06214819
7.37836235 6.99656153 4.06215112
7.37849561 6.99645833 4.06215393
7.37862639 6.99635706 4.06215664
7.37875474 6.99625769 4.06215925
7.37888069 6.99616018 4.06216177
7.37900430 6.99606450 4.06216419
7.37912560 6.99597061 4.06216652
7.37924463 6.99587848 4.06216876
7.37936144 6.99578808 4.06217092
7.37947606 6.99569938 4.06217300
7.37958855 6.99561234 4.06217501
7.37969893 6.99552693 4.06217694
7.37980725 6.99544313 4.06217880
7.37991353 6.99536091 4.06218058
7.38001783 6.99528023 4.06218231
7.38012018 6.99520106 4.06218397
7.38022060 6.99512339 4.06218556
7.38031915 6.99504718 4.06218710
7.38041585 6.99497240 4.06218858
7.38051073 6.99489903 4.06219000
7.38060383 6.99482704 4.06219138
7.38069519 6.99475641 4.06219270
7.38078483 6.99468710 4.06219397
7.38087278 6.99461911 4.06219519
7.38095909 6.99455239 4.06219637
7.38104377 6.99448694 4.06219751
7.38112686 6.99442272 4.06219860
7.38120838 6.99435971 4.06219965
7.38128838 6.99429789 4.06220066
7.38136686 6.99423723 4.06220164
7.38144387 6.99417773 4.06220258
7.38151943 6.99411934 4.06220348
7.38159357 6.99406206 4.06220435
7.38166631 6.99400586 4.06220519
7.38173768 6.99395073 4.06220599
7.38180771 6.99389663 4.06220677
7.38187641 6.99384356 4.06220751
7.38194382 6.99379149 4.06220823
7.38200996 6.99374041 4.06220892
7.38207485 6.99369029 4.06220959
7.38213851 6.99364112 4.06221023
7.38220098 6.99359288 4.06221085
7.38226226 6.99354556 4.06221144
7.38232239 6.99349913 4.06221201
7.38238138 6.99345358 4.06221256
7.38243926 6.99340889 4.06221309
7.38249604 6.99336505 4.06221360
7.38255175 6.99332204 4.06221409
7.38260640 6.99327984 4.06221457
7.38266003 6.99323845 4.06221502
7.38271264 6.99319784 4.06221546
7.38276425 6.99315799 4.06221588
7.38281489 6.99311891 4.06221628
7.38286457 6.99308056 4.06221667
7.38291331 6.99304295 4.06221705
7.38296112 6.99300604 4.06221741
7.38300803 6.99296984 4.06221776
7.38305406 6.99293432 4.06221809
7.38309921 6.99289948 4.06221842
7.38314350 6.99286530 4.06221873
7.38318696 6.99283176 4.06221902
7.38322959 6.99279887 4.06221931
7.38327142 6.99276660 4.06221959
7.38331245 6.99273494 4.06221985
7.38335270 6.99270388 4.06222011
7.38339220 6.99267341 4.06222036
7.38343094 6.99264352 4.06222059
7.38346895 6.99261420 4.06222082
7.38350623 6.99258544 4.06222104
7.38354281 6.99255722 4.06222125
7.38357870 6.99252954 4.06222146
7.38361390 6.99250238 4.06222165
7.38364844 6.99247574 4.06222184
7.38368232 6.99244961 4.06222202
7.38371556 6.99242397 4.06222220
7.38374816 6.99239882 4.06222237
7.38378015 6.99237415 4.06222253
7.38381153 6.99234995 4.06222268
7.38384232 6.99232621 4.06222283
7.38387252 6.99230292 4.06222298
7.38390214 6.99228008 4.06222311
7.38393121 6.99225766 4.06222325
7.38395972 6.99223568 4.06222338
7.38398769 6.99221411 4.06222350
7.38401512 6.99219295 4.06222362
7.38404204 6.99217220 4.06222373
7.38406844 6.99215184 4.06222384
7.38409435 6.99213187 4.06222395
7.38411976 6.99211228 4.06222405
7.38414468 6.99209306 4.06222415
7.38416914 6.99207421 4.06222424
7.38419313 6.99205571 4.06222433
7.38421666 6.99203757 4.06222442
7.38423974 6.99201977 4.06222451
7.38426239 6.99200232 4.06222459
7.38428460 6.99198519 4.06222467
7.38430639 6.99196839 4.06222474
7.38432777 6.99195191 4.06222481
7.38434874 6.99193575 4.06222488
7.38436931 6.99191989 4.06222495
7.38438949 6.99190434 4.06222501
7.38440929 6.99188908 4.06222507
7.38442871 6.99187411 4.06222513
7.38444776 6.99185943 4.06222519
7.38446644 6.99184502 4.06222525
7.38448478 6.99183089 4.06222530
7.38450276 6.99181703 4.06222535
7.38452040 6.99180344 4.06222540
7.38453770 6.99179010 4.06222545
7.38455468 6.99177702 4.06222549
7.38457133 6.99176419 4.06222554
7.38458766 6.99175160 4.06222558
7.38460368 6.99173925 4.06222562
7.38461940 6.99172714 4.06222566
7.38463482 6.99171525 4.06222570
7.38464995 6.99170360 4.06222573
7.38466478 6.99169216 4.06222577
7.38467934 6.99168095 4.06222580
7.38469361 6.99166995 4.06222583
7.38470762 6.99165916 4.06222586
7.38472136 6.99164857 4.06222589
7.38473483 6.99163818 4.06222592
7.38474805 6.99162800 4.06222595
7.38476102 6.99161801 4.06222598
7.38477374 6.99160820 4.06222600
7.38478622 6.99159859 4.06222603
7.38479846 6.99158916 4.06222605
7.38481046 6.99157991 4.06222607
7.38482224 6.99157083 4.06222609
7.38483379 6.99156193 4.06222612
7.38484513 6.99155320 4.06222614
7.38485624 6.99154463 4.06222616
7.38486715 6.99153623 4.06222617
7.38487785 6.99152799 4.06222619
7.38488834 6.99151990 4.06222621
7.38489863 6.99151197 4.06222623
7.38490873 6.99150419 4.06222624
7.38491863 6.99149656 4.06222626
7.38492835 6.99148908 4.06222627
7.38493788 6.99148174 4.06222629
7.38494723 6.99147453 4.06222630
7.38495640 6.99146747 4.06222631
7.38496539 6.99146054 4.06222633
7.38497422 6.99145374 4.06222634
7.38498287 6.99144707 4.06222635
7.38499136 6.99144053 4.06222636
7.38499969 6.99143412 4.06222637
7.38500786 6.99142782 4.06222638
7.38501588 6.99142165 4.06222639
