1.07989037 0.41939698 1.48476112
1.09326065 0.43179944 1.51807862
1.10685113 0.44405627 1.55162535
1.12066351 0.45615112 1.58538070
1.13469946 0.46806757 1.61932585
1.14896073 0.47978915 1.65344402
1.16344906 0.49129943 1.68772079
1.17816623 0.50258202 1.72214431
1.19311405 0.51362063 1.75670556
1.20829433 0.52439913 1.79139853
1.22370887 0.53490154 1.82622038
1.23935944 0.54511213 1.86117152
1.25524778 0.55501540 1.89625574
1.27137552 0.56459612 1.93148018
1.28774420 0.57383938 1.96685537
1.30435518 0.58273059 2.00239510
1.32120964 0.59125554 2.03811632
1.33830849 0.59940037 2.07403900
1.35565233 0.60715166 2.11018589
1.37324137 0.61449642 2.14658220
1.39107540 0.62142213 2.18325534
1.40915364 0.62791677 2.22023449
1.42747477 0.63396889 2.25755016
1.44603673 0.63956761 2.29523368
1.46483670 0.64470271 2.33331666
1.48387102 0.64936466 2.37183037
1.50313505 0.65354473 2.41080500
1.52262309 0.65723502 2.45026903
1.54232832 0.66042858 2.49024833
1.56224266 0.66311949 2.53076539
1.58235674 0.66530298 2.57183843
1.60265974 0.66697550 2.61348047
1.62313940 0.66813489 2.65569842
1.64378190 0.66878045 2.69849214
1.66457183 0.66891310 2.74185359
1.68549215 0.66853546 2.78576589
1.70652417 0.66765202 2.83020265
1.72764759 0.66626917 2.87512725
1.74884047 0.66439537 2.92049234
1.77007933 0.66204116 2.96623954
1.79133922 0.65921926 3.01229932
1.81259384 0.65594456 3.05859117
1.83381568 0.65223413 3.10502398
1.85497619 0.64810721 3.15149681
1.87604598 0.64358507 3.19789991
1.89699510 0.63869095 3.24411600
1.91779321 0.63344988 3.29002193
1.93840993 0.62788853 3.33549043
1.95881507 0.62203493 3.38039223
1.97897897 0.61591826 3.42459815
1.99887273 0.60956858 3.46798132
2.01846858 0.60301649 3.51041941
2.03774006 0.59629286 3.55179667
2.05666233 0.58942852 3.59200592
2.07521235 0.58245391 3.63095019
2.09336912 0.57539887 3.66854415
2.11111374 0.56829228 3.70471517
2.12842964 0.56116188 3.73940403
2.14530255 0.55403401 3.77256534
2.16172059 0.54693345 3.80416749
2.17767423 0.53988324 3.83419240
2.19315631 0.53290463 3.86263490
2.20816190 0.52601694 3.88950197
2.22268824 0.51923757 3.91481166
2.23673460 0.51258196 3.93859198
2.25030218 0.50606363 3.96087965
2.26339392 0.49969423 3.98171884
2.27601435 0.49348359 4.00115986
2.28816946 0.48743982 4.01925794
2.29986648 0.48156943 4.03607206
2.31111377 0.47587739 4.05166382
2.32192063 0.47036729 4.06609646
2.33229717 0.46504145 4.07943397
2.34225417 0.45990102 4.09174033
2.35180291 0.45494613 4.10307880
2.36095513 0.45017599 4.11351143
2.36972284 0.44558898 4.12309853
2.37811825 0.44118280 4.13189836
2.38615371 0.43695453 4.13996684
2.39384159 0.43290074 4.14735734
2.40119423 0.42901757 4.15412055
2.40822388 0.42530081 4.16030442
2.41494265 0.42174596 4.16595409
2.42136246 0.41834829 4.17111195
2.42749500 0.41510294 4.17581764
2.43335174 0.41200490 4.18010814
2.43894385 0.40904910 4.18401784
2.44428220 0.40623044 4.18757867
2.44937736 0.40354382 4.19082019
2.45423960 0.40098416 4.19376974
2.45887883 0.39854645 4.19645251
2.46330466 0.39622573 4.19889173
2.46752634 0.39401715 4.20110873
2.47155281 0.39191595 4.20312313
2.47539266 0.38991750 4.20495293
2.47905418 0.38801729 4.20661459
2.48254531 0.38621093 4.20812320
2.48587371 0.38449418 4.20949255
2.48904670 0.38286294 4.21073525
2.49207132 0.38131325 4.21186281
2.49495432 0.37984129 4.21288571
2.49770214 0.37844340 4.21381353
2.50032098 0.37711604 4.21465498
2.50281677 0.37585582 4.21541802
2.50519515 0.37465950 4.21610986
2.50746155 0.37352396 4.21673708
2.50962115 0.37244623 4.21730566
2.51167890 0.37142346 4.21782104
2.51363954 0.37045292 4.21828816
2.51550756 0.36953202 4.21871150
2.51728730 0.36865827 4.21909514
2.51898288 0.36782932 4.21944279
2.52059822 0.36704291 4.21975781
2.52213708 0.36629688 4.22004323
2.52360304 0.36558919 4.22030184
2.52499953 0.36491790 4.22053614
2.52632980 0.36428115 4.22074840
2.52759697 0.36367718 4.22094071
2.52880400 0.36310431 4.22111491
2.52995373 0.36256095 4.22127272
2.53104886 0.36204559 4.22141568
2.53209195 0.36155678 4.22154518
2.53308547 0.36109316 4.22166248
2.53403175 0.36065343 4.22176873
2.53493303 0.36023636 4.22186498
2.53579143 0.35984078 4.22195215
2.53660898 0.35946559 4.22203112
2.53738761 0.35910971 4.22210264
2.53812917 0.35877217 4.22216742
2.53883541 0.35845200 4.22222610
2.53950800 0.35814831 4.22227924
2.54014854 0.35786024 4.22232738
2.54075855 0.35758699 4.22237098
2.54133948 0.35732778 4.22241047
2.54189270 0.35708190 4.22244623
2.54241954 0.35684865 4.22247863
2.54292124 0.35662737 4.22250797
2.54339900 0.35641744 4.22253454
2.54385395 0.35621828 4.22255861
2.54428719 0.35602933 4.22258041
2.54469974 0.35585006 4.22260016
2.54509259 0.35567997 4.22261804
2.54546667 0.35551858 4.22263424
2.54582288 0.35536544 4.22264891
2.54616206 0.35522014 4.22266220
2.54648504 0.35508225 4.22267423
2.54679257 0.35495140 4.22268513
2.54708540 0.35482723 4.22269500
2.54736423 0.35470939 4.22270395
2.54762972 0.35459755 4.22271205
2.54788252 0.35449140 4.22271938
2.54812321 0.35439066 4.22272602
2.54835239 0.35429504 4.22273204
2.54857060 0.35420427 4.22273749
2.54877837 0.35411812 4.22274243
2.54897619 0.35403634 4.22274690
2.54916453 0.35395870 4.22275095
2.54934386 0.35388500 4.22275462
2.54951460 0.35381503 4.22275794
2.54967716 0.35374860 4.22276095
2.54983193 0.35368554 4.22276368
2.54997928 0.35362566 4.22276615
2.55011958 0.35356880 4.22276838
2.55025315 0.35351481 4.22277041
2.55038031 0.35346355 4.22277224
2.55050138 0.35341487 4.22277390
2.55061665 0.35336864 4.22277541
2.55072639 0.35332474 4.22277677
2.55083086 0.35328305 4.22277801
2.55093033 0.35324345 4.22277913
2.55102502 0.35320585 4.22278014
2.55111517 0.35317013 4.22278106
2.55120100 0.35313621 4.22278189
2.55128270 0.35310398 4.22278264
2.55136049 0.35307337 4.22278332
2.55143454 0.35304430 4.22278394
2.55150504 0.35301668 4.22278450
2.55157215 0.35299044 4.22278501
2.55163604 0.35296551 4.22278546
2.55169686 0.35294183 4.22278588
2.55175477 0.35291933 4.22278626
2.55180989 0.35289795 4.22278660
2.55186236 0.35287764 4.22278691
2.55191231 0.35285835 4.22278719
2.55195987 0.35284001 4.22278744
2.55200514 0.35282259 4.22278767
2.55204823 0.35280603 4.22278788
2.55208925 0.35279030 4.22278807
2.55212831 0.35277535 4.22278824
2.55216548 0.35276115 4.22278839
2.55220087 0.35274764 4.22278853
2.55223456 0.35273481 4.22278866
2.55226663 0.35272262 4.22278877
2.55229715 0.35271103 4.22278888
2.55232621 0.35270001 4.22278897
2.55235387 0.35268955 4.22278906
2.55238021 0.35267959 4.22278913
2.55240527 0.35267014 4.22278920
2.55242913 0.35266115 4.22278927
2.55245184 0.35265260 4.22278932
2.55247346 0.35264448 4.22278938
2.55249404 0.35263675 4.22278942
2.55251363 0.35262941 4.22278947
2.55253228 0.35262244 4.22278951
2.55255003 0.35261580 4.22278954
2.55256693 0.35260950 4.22278957
2.55258301 0.35260350 4.22278960
2.55259832 0.35259780 4.22278963
2.55261290 0.35259238 4.22278965
2.55262677 0.35258723 4.22278967
2.55263997 0.35258233 4.22278969
2.55265254 0.35257767 4.22278971
2.55266450 0.35257324 4.22278972
2.55267589 0.35256903 4.22278974
2.55268673 0.35256503 4.22278975
2.55269705 0.35256122 4.22278976
2.55270687 0.35255760 4.22278977
