1.98565414 7.58053610 3.09333188
1.98496040 7.58280846 3.09389267
1.98426035 7.58504636 3.09443892
1.98355392 7.58725024 3.09497106
1.98284105 7.58942059 3.09548957
1.98212168 7.59155786 3.09599486
1.98139574 7.59366251 3.09648737
1.98066319 7.59573500 3.09696752
1.97992396 7.59777580 3.09743571
1.97917800 7.59978534 3.09789234
1.97842526 7.60176409 3.09833780
1.97766569 7.60371250 3.09877247
1.97689926 7.60563100 3.09919672
1.97612591 7.60752005 3.09961091
1.97534561 7.60938009 3.10001538
1.97455831 7.61121154 3.10041049
1.97376399 7.61301485 3.10079656
1.97296259 7.61479044 3.10117391
1.97215410 7.61653874 3.10154287
1.97133848 7.61826018 3.10190375
1.97051571 7.61995516 3.10225683
1.96968575 7.62162412 3.10260242
1.96884858 7.62326745 3.10294079
1.96800417 7.62488557 3.10327222
1.96715251 7.62647887 3.10359698
1.96629358 7.62804777 3.10391533
1.96542736 7.62959265 3.10422752
1.96455383 7.63111390 3.10453380
1.96367298 7.63261192 3.10483440
1.96278479 7.63408709 3.10512957
1.96188926 7.63553977 3.10541952
1.96098638 7.63697036 3.10570448
1.96007613 7.63837922 3.10598465
1.95915851 7.63976671 3.10626025
1.95823353 7.64113320 3.10653147
1.95730117 7.64247904 3.10679850
1.95636143 7.64380459 3.10706155
1.95541432 7.64511020 3.10732078
1.95445984 7.64639621 3.10757638
1.95349798 7.64766296 3.10782852
1.95252876 7.64891079 3.10807736
1.95155219 7.65014003 3.10832307
1.95056827 7.65135101 3.10856580
1.94957700 7.65254405 3.10880571
1.94857841 7.65371947 3.10904294
1.94757251 7.65487759 3.10927763
1.94655930 7.65601871 3.10950992
1.94553881 7.65714315 3.10973995
1.94451105 7.65825120 3.10996784
1.94347605 7.65934317 3.11019371
1.94243381 7.66041935 3.11041769
1.94138437 7.66148003 3.11063990
1.94032775 7.66252550 3.11086044
1.93926397 7.66355603 3.11107943
1.93819306 7.66457192 3.11129697
1.93711504 7.66557343 3.11151316
1.93602995 7.66656083 3.11172809
1.93493782 7.66753439 3.11194187
1.93383868 7.66849438 3.11215459
1.93273255 7.66944105 3.11236632
1.93161949 7.67037466 3.11257716
1.93049952 7.67129546 3.11278719
1.92937268 7.67220370 3.11299648
1.92823902 7.67309963 3.11320512
1.92709856 7.67398348 3.11341316
1.92595136 7.67485549 3.11362069
1.92479747 7.67571591 3.11382776
1.92363691 7.67656495 3.11403445
1.92246975 7.67740284 3.11424081
1.92129603 7.67822982 3.11444690
1.92011579 7.67904609 3.11465278
1.91892910 7.67985188 3.11485850
1.91773600 7.68064740 3.11506411
1.91653655 7.68143286 3.11526966
1.91533081 7.68220847 3.11547520
1.91411882 7.68297443 3.11568078
1.91290065 7.68373094 3.11588643
1.91167636 7.68447821 3.11609219
1.91044600 7.68521642 3.11629810
1.90920965 7.68594577 3.11650421
1.90796737 7.68666644 3.11671053
1.90671921 7.68737863 3.11691711
1.90546525 7.68808252 3.11712397
1.90420556 7.68877827 3.11733114
1.90294021 7.68946609 3.11753865
1.90166926 7.69014612 3.11774652
1.90039278 7.69081856 3.11795477
1.89911086 7.69148357 3.11816343
1.89782357 7.69214130 3.11837251
1.89653098 7.69279194 3.11858204
1.89523317 7.69343563 3.11879202
1.89393021 7.69407254 3.11900247
1.89262220 7.69470282 3.11921341
1.89130921 7.69532663 3.11942484
1.88999132 7.69594411 3.11963678
1.88866861 7.69655542 3.11984924
1.88734117 7.69716069 3.12006221
1.88600910 7.69776008 3.12027571
1.88467246 7.69835372 3.12048974
1.88333136 7.69894175 3.12070431
1.88198589 7.69952431 3.12091941
1.88063612 7.70010154 3.12113505
1.87928216 7.70067355 3.12135123
1.87792410 7.70124049 3.12156793
1.87656203 7.70180248 3.12178517
1.87519605 7.70235964 3.12200294
1.87382625 7.70291210 3.12222122
1.87245273 7.70345997 3.12244002
1.87107559 7.70400339 3.12265933
1.86969493 7.70454245 3.12287913
1.86831084 7.70507728 3.12309943
1.86692343 7.70560799 3.12332020
1.86553280 7.70613469 3.12354144
1.86413905 7.70665749 3.12376314
1.86274228 7.70717648 3.12398528
1.86134261 7.70769179 3.12420785
1.85994013 7.70820351 3.12443083
1.85853494 7.70871173 3.12465421
1.85712717 7.70921657 3.12487797
1.85571690 7.70971811 3.12510210
1.85430426 7.71021645 3.12532657
1.85288934 7.71071168 3.12555138
1.85147227 7.71120389 3.12577649
1.85005313 7.71169318 3.12600189
1.84863206 7.71217964 3.12622757
1.84720915 7.71266333 3.12645349
1.84578451 7.71314436 3.12667964
1.84435827 7.71362280 3.12690600
1.84293052 7.71409874 3.12713254
1.84150139 7.71457225 3.12735924
1.84007098 7.71504341 3.12758608
1.83863940 7.71551230 3.12781303
1.83720677 7.71597899 3.12804007
1.83577321 7.71644355 3.12826717
1.83433882 7.71690605 3.12849432
1.83290371 7.71736657 3.12872148
1.83146801 7.71782517 3.12894863
1.83003182 7.71828192 3.12917574
1.82859526 7.71873688 3.12940279
1.82715844 7.71919011 3.12962975
1.82572148 7.71964169 3.12985660
1.82428448 7.72009166 3.13008330
1.82284756 7.72054009 3.13030984
1.82141083 7.72098703 3.13053618
1.81997441 7.72143255 3.13076230
1.81853841 7.72187669 3.13098817
1.81710294 7.72231951 3.13121376
1.81566811 7.72276106 3.13143905
1.81423403 7.72320139 3.13166401
1.81280082 7.72364055 3.13188861
1.81136859 7.72407859 3.13211283
1.80993744 7.72451556 3.13233664
1.80850749 7.72495150 3.13256000
1.80707884 7.72538645 3.13278291
1.80565160 7.72582045 3.13300532
1.80422589 7.72625356 3.13322720
1.80280181 7.72668580 3.13344855
1.80137946 7.72711723 3.13366932
1.79995896 7.72754786 3.13388950
1.79854041 7.72797776 3.13410905
1.79712390 7.72840693 3.13432795
1.79570956 7.72883543 3.13454617
1.79429748 7.72926329 3.13476370
1.79288775 7.72969053 3.13498050
1.79148050 7.73011719 3.13519655
1.79007580 7.73054330 3.13541183
1.78867378 7.73096889 3.13562630
1.78727451 7.73139398 3.13583996
1.78587811 7.73181859 3.13605277
1.78448466 7.73224277 3.13626471
1.78309426 7.73266653 3.13647576
1.78170702 7.73308989 3.13668590
1.78032301 7.73351287 3.13689510
1.77894234 7.73393551 3.13710334
1.77756510 7.73435781 3.13731061
1.77619137 7.73477980 3.13751688
1.77482124 7.73520149 3.13772213
1.77345481 7.73562291 3.13792634
1.77209216 7.73604407 3.13812949
1.77073337 7.73646498 3.13833157
1.76937852 7.73688567 3.13853255
1.76802771 7.73730614 3.13873241
1.76668101 7.73772641 3.13893115
1.76533851 7.73814648 3.13912874
1.76400028 7.73856638 3.13932517
1.76266639 7.73898611 3.13952041
1.76133693 7.73940569 3.13971446
1.76001197 7.73982511 3.13990730
1.75869159 7.74024439 3.14009891
1.75737585 7.74066354 3.14028928
1.75606483 7.74108256 3.14047840
1.75475860 7.74150146 3.14066626
1.75345722 7.74192024 3.14085283
1.75216076 7.74233891 3.14103812
1.75086929 7.74275748 3.14122210
1.74958286 7.74317593 3.14140477
1.74830155 7.74359429 3.14158611
1.74702541 7.74401255 3.14176613
1.74575450 7.74443070 3.14194479
1.74448888 7.74484876 3.14212211
1.74322861 7.74526672 3.14229807
1.74197374 7.74568458 3.14247265
1.74072432 7.74610233 3.14264587
1.73948041 7.74651999 3.14281769
1.73824206 7.74693754 3.14298813
1.73700931 7.74735498 3.14315717
1.73578221 7.74777231 3.14332482
1.73456082 7.74818952 3.14349105
1.73334517 7.74860661 3.14365587
1.73213530 7.74902358 3.14381928
1.73093127 7.74944042 3.14398127
1.72973311 7.74985712 3.14414184
1.72854086 7.75027368 3.14430098
1.72735455 7.75069008 3.14445869
1.72617422 7.75110633 3.14461498
1.72499992 7.75152242 3.14476983
1.72383166 7.75193833 3.14492326
1.72266949 7.75235407 3.14507525
1.72151342 7.75276961 3.14522580
1.72036351 7.75318495 3.14537493
1.71921976 7.75360008 3.14552262
1.71808220 7.75401500 3.14566888
1.71695087 7.75442969 3.14581371
1.71582579 7.75484414 3.14595711
1.71470697 7.75525833 3.14609908
1.71359444 7.75567227 3.14623964
1.71248821 7.75608594 3.14637876
1.71138832 7.75649932 3.14651648
1.71029477 7.75691241 3.14665277
1.70920758 7.75732519 3.14678766
1.70812676 7.75773765 3.14692113
1.70705233 7.75814977 3.14705321
1.70598430 7.75856156 3.14718388
1.70492269 7.75897298 3.14731317
1.70386749 7.75938404 3.14744106
1.70281873 7.75979471 3.14756757
1.70177640 7.76020498 3.14769270
1.70074052 7.76061485 3.14781646
1.69971108 7.76102429 3.14793886
1.69868810 7.76143329 3.14805990
1.69767158 7.76184183 3.14817959
1.69666152 7.76224992 3.14829793
1.69565791 7.76265752 3.14841493
1.69466076 7.76306463 3.14853060
1.69367008 7.76347122 3.14864495
1.69268585 7.76387730 3.14875798
1.69170807 7.76428284 3.14886971
1.69073674 7.76468782 3.14898013
1.68977186 7.76509224 3.14908926
1.68881341 7.76549608 3.14919711
1.68786140 7.76589933 3.14930369
1.68691581 7.76630196 3.14940900
1.68597664 7.76670397 3.14951305
1.68504387 7.76710534 3.14961586
1.68411750 7.76750605 3.14971742
1.68319751 7.76790610 3.14981776
1.68228389 7.76830546 3.14991687
1.68137664 7.76870412 3.15001477
1.68047573 7.76910208 3.15011147
1.67958115 7.76949930 3.15020698
1.67869289 7.76989578 3.15030131
1.67781093 7.77029151 3.15039446
1.67693525 7.77068647 3.15048645
1.67606584 7.77108064 3.15057729
1.67520269 7.77147402 3.15066698
1.67434576 7.77186658 3.15075554
1.67349505 7.77225832 3.15084298
1.67265053 7.77264921 3.15092931
1.67181218 7.77303925 3.15101453
1.67097998 7.77342842 3.15109866
1.67015392 7.77381671 3.15118170
1.66933396 7.77420411 3.15126368
1.66852009 7.77459059 3.15134459
1.66771228 7.77497615 3.15142445
1.66691051 7.77536078 3.15150326
1.66611475 7.77574446 3.15158105
1.66532499 7.77612717 3.15165782
1.66454119 7.77650891 3.15173357
1.66376333 7.77688967 3.15180833
1.66299139 7.77726942 3.15188209
1.66222533 7.77764816 3.15195488
1.66146514 7.77802587 3.15202669
1.66071078 7.77840255 3.15209755
1.65996223 7.77877818 3.15216745
1.65921946 7.77915275 3.15223642
1.65848244 7.77952625 3.15230446
1.65775114 7.77989866 3.15237158
1.65702554 7.78026998 3.15243779
1.65630560 7.78064019 3.15250310
1.65559131 7.78100928 3.15256753
1.65488261 7.78137724 3.15263107
1.65417950 7.78174407 3.15269375
1.65348193 7.78210974 3.15275557
1.65278988 7.78247426 3.15281654
1.65210332 7.78283760 3.15287667
1.65142221 7.78319977 3.15293597
1.65074653 7.78356074 3.15299445
1.65007624 7.78392051 3.15305212
1.64941131 7.78427908 3.15310899
1.64875171 7.78463642 3.15316507
1.64809742 7.78499254 3.15322037
1.64744839 7.78534742 3.15327490
1.64680460 7.78570106 3.15332866
1.64616601 7.78605344 3.15338167
1.64553259 7.78640456 3.15343393
1.64490431 7.78675441 3.15348546
1.64428114 7.78710298 3.15353627
1.64366305 7.78745027 3.15358636
1.64305000 7.78779626 3.15363573
1.64244196 7.78814095 3.15368441
1.64183889 7.78848433 3.15373240
1.64124077 7.78882640 3.15377971
1.64064757 7.78916714 3.15382634
1.64005924 7.78950655 3.15387231
1.63947576 7.78984463 3.15391762
1.63889709 7.79018136 3.15396228
1.63832321 7.79051675 3.15400631
1.63775407 7.79085078 3.15404970
1.63718965 7.79118345 3.15409247
1.63662991 7.79151476 3.15413462
1.63607483 7.79184470 3.15417617
1.63552436 7.79217325 3.15421712
1.63497847 7.79250043 3.15425747
1.63443714 7.79282622 3.15429725
1.63390033 7.79315062 3.15433644
1.63336800 7.79347363 3.15437507
1.63284013 7.79379523 3.15441314
1.63231669 7.79411543 3.15445066
1.63179763 7.79443423 3.15448763
1.63128293 7.79475161 3.15452406
1.63077255 7.79506757 3.15455996
1.63026647 7.79538212 3.15459533
1.62976465 7.79569524 3.15463019
1.62926706 7.79600694 3.15466454
1.62877367 7.79631721 3.15469838
1.62828444 7.79662605 3.15473173
1.62779935 7.79693346 3.15476459
1.62731836 7.79723942 3.15479697
1.62684144 7.79754395 3.15482887
1.62636856 7.79784704 3.15486030
1.62589969 7.79814869 3.15489127
1.62543480 7.79844889 3.15492178
1.62497385 7.79874765 3.15495184
1.62451682 7.79904495 3.15498146
1.62406368 7.79934081 3.15501064
1.62361439 7.79963522 3.15503938
1.62316892 7.79992818 3.15506770
1.62272725 7.80021968 3.15509561
1.62228934 7.80050973 3.15512309
1.62185516 7.80079832 3.15515017
1.62142469 7.80108547 3.15517685
1.62099789 7.80137115 3.15520312
1.62057473 7.80165538 3.15522901
1.62015519 7.80193816 3.15525451
1.61973924 7.80221948 3.15527964
1.61932684 7.80249935 3.15530438
1.61891797 7.80277776 3.15532876
1.61851260 7.80305472 3.15535277
1.61811070 7.80333022 3.15537643
1.61771224 7.80360427 3.15539972
1.61731720 7.80387687 3.15542268
1.61692554 7.80414802 3.15544528
1.61653724 7.80441771 3.15546755
1.61615227 7.80468596 3.15548948
1.61577060 7.80495276 3.15551109
1.61539220 7.80521812 3.15553236
1.61501705 7.80548203 3.15555332
1.61464513 7.80574449 3.15557397
1.61427639 7.80600552 3.15559430
1.61391083 7.80626510 3.15561433
1.61354840 7.80652325 3.15563405
1.61318909 7.80677996 3.15565348
1.61283286 7.80703524 3.15567261
1.61247970 7.80728909 3.15569146
1.61212957 7.80754151 3.15571002
1.61178245 7.80779250 3.15572829
1.61143831 7.80804207 3.15574630
1.61109714 7.80829022 3.15576403
1.61075890 7.80853695 3.15578149
1.61042356 7.80878226 3.15579869
1.61009112 7.80902616 3.15581562
1.60976153 7.80926865 3.15583230
1.60943477 7.80950974 3.15584873
1.60911083 7.80974942 3.15586490
1.60878967 7.80998770 3.15588084
1.60847128 7.81022458 3.15589652
1.60815562 7.81046008 3.15591197
1.60784268 7.81069418 3.15592719
1.60753244 7.81092689 3.15594217
1.60722486 7.81115822 3.15595693
1.60691993 7.81138818 3.15597146
1.60661762 7.81161676 3.15598577
1.60631791 7.81184396 3.15599986
1.60602078 7.81206980 3.15601373
1.60572620 7.81229428 3.15602740
1.60543416 7.81251740 3.15604085
1.60514463 7.81273916 3.15605410
1.60485759 7.81295957 3.15606715
1.60457301 7.81317863 3.15608000
1.60429089 7.81339635 3.15609265
1.60401119 7.81361274 3.15610511
1.60373389 7.81382779 3.15611737
1.60345898 7.81404151 3.15612945
1.60318642 7.81425390 3.15614134
1.60291621 7.81446497 3.15615306
1.60264833 7.81467473 3.15616459
1.60238274 7.81488318 3.15617594
1.60211943 7.81509032 3.15618712
1.60185839 7.81529616 3.15619813
1.60159958 7.81550071 3.15620897
1.60134300 7.81570396 3.15621965
1.60108862 7.81590592 3.15623015
1.60083643 7.81610660 3.15624050
1.60058639 7.81630601 3.15625069
1.60033850 7.81650414 3.15626072
1.60009274 7.81670100 3.15627060
1.59984909 7.81689660 3.15628032
1.59960752 7.81709095 3.15628990
1.59936803 7.81728404 3.15629933
1.59913059 7.81747589 3.15630861
1.59889518 7.81766649 3.15631775
1.59866179 7.81785586 3.15632675
1.59843039 7.81804400 3.15633561
1.59820098 7.81823091 3.15634433
1.59797354 7.81841660 3.15635292
1.59774803 7.81860108 3.15636137
1.59752446 7.81878434 3.15636970
1.59730281 7.81896640 3.15637789
1.59708304 7.81914727 3.15638596
1.59686516 7.81932693 3.15639391
1.59664914 7.81950541 3.15640173
1.59643496 7.81968271 3.15640943
1.59622262 7.81985883 3.15641701
1.59601209 7.82003378 3.15642447
1.59580335 7.82020756 3.15643182
1.59559640 7.82038018 3.15643906
1.59539122 7.82055164 3.15644618
1.59518778 7.82072196 3.15645319
1.59498609 7.82089113 3.15646009
1.59478611 7.82105916 3.15646689
1.59458784 7.82122606 3.15647358
1.59439125 7.82139183 3.15648017
1.59419634 7.82155648 3.15648665
1.59400310 7.82172001 3.15649303
1.59381150 7.82188243 3.15649932
1.59362153 7.82204375 3.15650551
1.59343318 7.82220397 3.15651160
1.59324643 7.82236309 3.15651759
1.59306127 7.82252113 3.15652350
1.59287768 7.82267808 3.15652931
1.59269565 7.82283395 3.15653503
1.59251518 7.82298876 3.15654066
1.59233623 7.82314250 3.15654620
1.59215881 7.82329517 3.15655166
1.59198289 7.82344680 3.15655703
1.59180847 7.82359737 3.15656232
1.59163553 7.82374691 3.15656753
1.59146405 7.82389540 3.15657265
1.59129403 7.82404286 3.15657770
1.59112546 7.82418930 3.15658267
1.59095831 7.82433471 3.15658755
1.59079258 7.82447912 3.15659237
1.59062825 7.82462251 3.15659711
1.59046531 7.82476490 3.15660177
1.59030376 7.82490628 3.15660636
1.59014357 7.82504668 3.15661088
1.58998474 7.82518609 3.15661533
1.58982725 7.82532452 3.15661971
1.58967110 7.82546197 3.15662402
1.58951626 7.82559846 3.15662826
1.58936274 7.82573398 3.15663244
1.58921051 7.82586853 3.15663655
1.58905957 7.82600214 3.15664060
1.58890990 7.82613480 3.15664458
1.58876150 7.82626651 3.15664850
1.58861434 7.82639729 3.15665236
1.58846844 7.82652714 3.15665616
1.58832376 7.82665606 3.15665990
1.58818030 7.82678406 3.15666359
1.58803805 7.82691115 3.15666721
1.58789701 7.82703732 3.15667078
1.58775715 7.82716259 3.15667429
1.58761847 7.82728697 3.15667775
1.58748095 7.82741045 3.15668115
1.58734460 7.82753304 3.15668450
1.58720939 7.82765475 3.15668779
1.58707532 7.82777558 3.15669104
1.58694238 7.82789554 3.15669423
1.58681055 7.82801464 3.15669738
1.58667984 7.82813287 3.15670047
1.58655022 7.82825025 3.15670352
1.58642170 7.82836677 3.15670651
1.58629425 7.82848245 3.15670946
1.58616787 7.82859730 3.15671237
1.58604256 7.82871130 3.15671523
1.58591829 7.82882448 3.15671804
1.58579507 7.82893683 3.15672081
1.58567288 7.82904837 3.15672354
1.58555172 7.82915909 3.15672622
1.58543157 7.82926900 3.15672886
1.58531244 7.82937810 3.15673146
1.58519430 7.82948641 3.15673402
1.58507714 7.82959393 3.15673654
1.58496097 7.82970065 3.15673902
1.58484578 7.82980660 3.15674146
1.58473155 7.82991176 3.15674386
1.58461827 7.83001615 3.15674622
1.58450594 7.83011978 3.15674855
1.58439455 7.83022264 3.15675084
1.58428409 7.83032474 3.15675309
1.58417456 7.83042609 3.15675531
1.58406594 7.83052669 3.15675749
1.58395823 7.83062654 3.15675964
1.58385142 7.83072566 3.15676176
1.58374550 7.83082404 3.15676384
1.58364047 7.83092170 3.15676589
1.58353631 7.83101863 3.15676790
1.58343302 7.83111484 3.15676989
1.58333059 7.83121033 3.15677184
1.58322902 7.83130512 3.15677376
1.58312830 7.83139920 3.15677566
1.58302841 7.83149258 3.15677752
1.58292936 7.83158526 3.15677935
1.58283113 7.83167725 3.15678115
1.58273372 7.83176856 3.15678293
1.58263713 7.83185918 3.15678468
1.58254133 7.83194913 3.15678640
1.58244634 7.83203840 3.15678809
1.58235213 7.83212701 3.15678976
1.58225871 7.83221495 3.15679140
1.58216607 7.83230223 3.15679301
1.58207419 7.83238886 3.15679460
1.58198309 7.83247483 3.15679616
1.58189273 7.83256016 3.15679770
1.58180313 7.83264485 3.15679921
1.58171428 7.83272891 3.15680070
1.58162616 7.83281233 3.15680217
1.58153877 7.83289512 3.15680361
1.58145211 7.83297729 3.15680503
1.58136617 7.83305883 3.15680643
1.58128094 7.83313976 3.15680781
1.58119642 7.83322009 3.15680916
1.58111260 7.83329980 3.15681049
1.58102948 7.83337891 3.15681181
1.58094705 7.83345742 3.15681310
1.58086530 7.83353534 3.15681437
1.58078422 7.83361267 3.15681562
1.58070382 7.83368941 3.15681685
1.58062409 7.83376557 3.15681806
1.58054501 7.83384115 3.15681925
1.58046659 7.83391616 3.15682042
1.58038882 7.83399060 3.15682158
1.58031170 7.83406447 3.15682271
1.58023521 7.83413778 3.15682383
1.58015936 7.83421053 3.15682493
1.58008413 7.83428273 3.15682601
1.58000952 7.83435438 3.15682708
1.57993554 7.83442548 3.15682813
1.57986216 7.83449604 3.15682916
1.57978939 7.83456606 3.15683018
1.57971722 7.83463555 3.15683118
1.57964565 7.83470450 3.15683216
1.57957467 7.83477293 3.15683313
1.57950428 7.83484083 3.15683408
1.57943447 7.83490822 3.15683502
1.57936523 7.83497509 3.15683594
1.57929657 7.83504145 3.15683685
1.57922847 7.83510730 3.15683774
1.57916094 7.83517264 3.15683862
1.57909396 7.83523748 3.15683949
1.57902754 7.83530183 3.15684034
1.57896166 7.83536568 3.15684118
1.57889633 7.83542904 3.15684200
1.57883153 7.83549191 3.15684282
1.57876727 7.83555431 3.15684362
1.57870354 7.83561622 3.15684440
1.57864034 7.83567765 3.15684518
1.57857765 7.83573861 3.15684594
1.57851548 7.83579910 3.15684669
1.57845383 7.83585913 3.15684742
1.57839268 7.83591869 3.15684815
1.57833204 7.83597780 3.15684886
1.57827189 7.83603644 3.15684957
1.57821224 7.83609464 3.15685026
1.57815308 7.83615238 3.15685094
1.57809441 7.83620968 3.15685161
1.57803622 7.83626654 3.15685227
1.57797851 7.83632296 3.15685292
1.57792127 7.83637894 3.15685356
1.57786451 7.83643449 3.15685418
1.57780821 7.83648960 3.15685480
1.57775238 7.83654429 3.15685541
1.57769700 7.83659856 3.15685601
1.57764208 7.83665241 3.15685660
1.57758761 7.83670584 3.15685718
1.57753359 7.83675885 3.15685775
1.57748001 7.83681146 3.15685831
1.57742687 7.83686365 3.15685886
1.57737417 7.83691544 3.15685941
1.57732190 7.83696683 3.15685994
1.57727006 7.83701782 3.15686047
1.57721865 7.83706841 3.15686099
1.57716765 7.83711861 3.15686150
1.57711708 7.83716842 3.15686200
1.57706692 7.83721784 3.15686249
1.57701718 7.83726687 3.15686298
1.57696784 7.83731553 3.15686346
1.57691890 7.83736381 3.15686393
1.57687037 7.83741170 3.15686439
1.57682224 7.83745923 3.15686485
1.57677450 7.83750639 3.15686529
1.57672715 7.83755317 3.15686574
1.57668019 7.83759960 3.15686617
1.57663361 7.83764566 3.15686660
1.57658742 7.83769136 3.15686702
1.57654160 7.83773670 3.15686743
1.57649617 7.83778169 3.15686784
1.57645110 7.83782633 3.15686824
1.57640640 7.83787062 3.15686863
1.57636207 7.83791457 3.15686902
1.57631810 7.83795817 3.15686940
1.57627449 7.83800143 3.15686978
1.57623124 7.83804435 3.15687015
1.57618834 7.83808693 3.15687051
1.57614579 7.83812918 3.15687087
1.57610360 7.83817110 3.15687122
1.57606174 7.83821270 3.15687157
1.57602023 7.83825396 3.15687191
1.57597906 7.83829490 3.15687225
1.57593823 7.83833553 3.15687258
1.57589773 7.83837583 3.15687290
1.57585756 7.83841582 3.15687322
1.57581772 7.83845549 3.15687354
1.57577820 7.83849485 3.15687385
1.57573901 7.83853391 3.15687415
1.57570014 7.83857265 3.15687445
1.57566159 7.83861109 3.15687475
1.57562335 7.83864923 3.15687504
1.57558542 7.83868707 3.15687532
1.57554781 7.83872462 3.15687561
1.57551050 7.83876187 3.15687588
1.57547350 7.83879882 3.15687615
1.57543680 7.83883548 3.15687642
1.57540040 7.83887186 3.15687669
1.57536429 7.83890795 3.15687695
1.57532848 7.83894376 3.15687720
1.57529297 7.83897928 3.15687745
1.57525774 7.83901452 3.15687770
1.57522280 7.83904949 3.15687794
1.57518815 7.83908418 3.15687818
1.57515378 7.83911860 3.15687842
1.57511969 7.83915274 3.15687865
1.57508587 7.83918662 3.15687888
1.57505234 7.83922023 3.15687910
1.57501908 7.83925358 3.15687932
1.57498608 7.83928666 3.15687954
1.57495336 7.83931948 3.15687976
1.57492091 7.83935204 3.15687997
1.57488872 7.83938435 3.15688017
1.57485679 7.83941640 3.15688038
1.57482512 7.83944819 3.15688058
1.57479371 7.83947974 3.15688078
1.57476256 7.83951103 3.15688097
1.57473166 7.83954208 3.15688116
1.57470102 7.83957289 3.15688135
1.57467062 7.83960345 3.15688153
1.57464047 7.83963377 3.15688172
1.57461057 7.83966385 3.15688189
1.57458091 7.83969369 3.15688207
1.57455149 7.83972329 3.15688224
1.57452231 7.83975266 3.15688242
1.57449337 7.83978180 3.15688258
1.57446467 7.83981071 3.15688275
1.57443620 7.83983939 3.15688291
1.57440796 7.83986784 3.15688307
1.57437995 7.83989607 3.15688323
1.57435217 7.83992407 3.15688338
1.57432461 7.83995185 3.15688354
1.57429728 7.83997941 3.15688369
1.57427018 7.84000675 3.15688383
1.57424329 7.84003388 3.15688398
1.57421662 7.84006079 3.15688412
1.57419017 7.84008749 3.15688426
1.57416394 7.84011397 3.15688440
1.57413792 7.84014025 3.15688454
1.57411211 7.84016632 3.15688467
1.57408651 7.84019218 3.15688480
1.57406112 7.84021783 3.15688493
1.57403593 7.84024329 3.15688506
1.57401095 7.84026854 3.15688519
1.57398618 7.84029359 3.15688531
1.57396160 7.84031844 3.15688543
1.57393723 7.84034309 3.15688555
1.57391305 7.84036755 3.15688567
1.57388907 7.84039181 3.15688579
1.57386528 7.84041588 3.15688590
1.57384169 7.84043976 3.15688601
1.57381829 7.84046345 3.15688612
1.57379509 7.84048695 3.15688623
1.57377207 7.84051026 3.15688634
1.57374923 7.84053339 3.15688644
1.57372658 7.84055634 3.15688655
1.57370412 7.84057910 3.15688665
1.57368184 7.84060168 3.15688675
1.57365974 7.84062409 3.15688685
1.57363782 7.84064631 3.15688694
1.57361608 7.84066836 3.15688704
1.57359452 7.84069023 3.15688713
1.57357313 7.84071193 3.15688723
1.57355191 7.84073345 3.15688732
1.57353087 7.84075480 3.15688741
1.57351000 7.84077599 3.15688749
1.57348929 7.84079700 3.15688758
1.57346876 7.84081785 3.15688767
1.57344839 7.84083853 3.15688775
1.57342819 7.84085905 3.15688783
1.57340815 7.84087940 3.15688791
1.57338828 7.84089959 3.15688799
1.57336856 7.84091962 3.15688807
1.57334901 7.84093949 3.15688815
1.57332962 7.84095921 3.15688823
1.57331038 7.84097876 3.15688830
1.57329130 7.84099816 3.15688837
1.57327237 7.84101740 3.15688845
1.57325360 7.84103650 3.15688852
1.57323498 7.84105543 3.15688859
1.57321651 7.84107422 3.15688866
1.57319819 7.84109286 3.15688873
1.57318002 7.84111135 3.15688879
1.57316200 7.84112969 3.15688886
1.57314413 7.84114789 3.15688892
1.57312640 7.84116594 3.15688899
1.57310881 7.84118384 3.15688905
1.57309137 7.84120161 3.15688911
1.57307406 7.84121923 3.15688917
1.57305690 7.84123671 3.15688923
1.57303988 7.84125405 3.15688929
1.57302299 7.84127125 3.15688935
1.57300625 7.84128832 3.15688941
1.57298964 7.84130525 3.15688946
1.57297316 7.84132204 3.15688952
1.57295682 7.84133870 3.15688957
1.57294061 7.84135523 3.15688962
1.57292453 7.84137162 3.15688968
1.57290858 7.84138789 3.15688973
1.57289276 7.84140402 3.15688978
1.57287707 7.84142002 3.15688983
1.57286151 7.84143590 3.15688988
1.57284607 7.84145165 3.15688993
1.57283076 7.84146728 3.15688998
1.57281557 7.84148277 3.15689002
1.57280051 7.84149815 3.15689007
1.57278557 7.84151340 3.15689011
1.57277075 7.84152853 3.15689016
1.57275604 7.84154354 3.15689020
1.57274146 7.84155843 3.15689025
1.57272700 7.84157320 3.15689029
1.57271265 7.84158785 3.15689033
1.57269843 7.84160239 3.15689037
1.57268431 7.84161681 3.15689041
1.57267031 7.84163111 3.15689045
1.57265643 7.84164530 3.15689049
1.57264265 7.84165937 3.15689053
1.57262899 7.84167334 3.15689057
1.57261544 7.84168719 3.15689061
1.57260200 7.84170093 3.15689064
1.57258867 7.84171456 3.15689068
1.57257544 7.84172808 3.15689071
1.57256233 7.84174149 3.15689075
1.57254932 7.84175480 3.15689078
1.57253641 7.84176799 3.15689082
1.57252361 7.84178109 3.15689085
1.57251091 7.84179408 3.15689088
1.57249832 7.84180696 3.15689092
1.57248583 7.84181974 3.15689095
1.57247344 7.84183242 3.15689098
1.57246115 7.84184500 3.15689101
1.57244896 7.84185747 3.15689104
1.57243687 7.84186985 3.15689107
1.57242487 7.84188213 3.15689110
1.57241298 7.84189430 3.15689113
1.57240118 7.84190639 3.15689116
1.57238947 7.84191837 3.15689118
1.57237786 7.84193026 3.15689121
1.57236635 7.84194205 3.15689124
1.57235493 7.84195375 3.15689127
1.57234360 7.84196535 3.15689129
1.57233236 7.84197687 3.15689132
1.57232121 7.84198829 3.15689134
1.57231016 7.84199961 3.15689137
1.57229919 7.84201085 3.15689139
1.57228831 7.84202200 3.15689142
1.57227752 7.84203305 3.15689144
1.57226682 7.84204402 3.15689146
1.57225621 7.84205490 3.15689149
1.57224568 7.84206570 3.15689151
1.57223523 7.84207640 3.15689153
1.57222487 7.84208703 3.15689155
1.57221460 7.84209756 3.15689158
1.57220440 7.84210801 3.15689160
1.57219429 7.84211838 3.15689162
1.57218427 7.84212866 3.15689164
1.57217432 7.84213887 3.15689166
1.57216445 7.84214899 3.15689168
1.57215467 7.84215903 3.15689170
1.57214496 7.84216898 3.15689172
1.57213533 7.84217886 3.15689174
1.57212578 7.84218866 3.15689175
1.57211631 7.84219838 3.15689177
1.57210691 7.84220802 3.15689179
1.57209759 7.84221759 3.15689181
1.57208835 7.84222708 3.15689183
1.57207918 7.84223649 3.15689184
1.57207008 7.84224582 3.15689186
1.57206106 7.84225509 3.15689188
1.57205211 7.84226427 3.15689189
1.57204323 7.84227339 3.15689191
1.57203443 7.84228243 3.15689193
1.57202570 7.84229139 3.15689194
1.57201703 7.84230029 3.15689196
1.57200844 7.84230911 3.15689197
1.57199992 7.84231787 3.15689199
1.57199146 7.84232655 3.15689200
1.57198308 7.84233516 3.15689202
1.57197476 7.84234371 3.15689203
1.57196651 7.84235218 3.15689204
1.57195833 7.84236059 3.15689206
1.57195021 7.84236893 3.15689207
1.57194216 7.84237720 3.15689208
1.57193417 7.84238541 3.15689210
1.57192625 7.84239355 3.15689211
1.57191839 7.84240162 3.15689212
1.57191060 7.84240963 3.15689213
1.57190287 7.84241758 3.15689215
1.57189520 7.84242546 3.15689216
1.57188759 7.84243328 3.15689217
1.57188005 7.84244103 3.15689218
1.57187257 7.84244873 3.15689219
1.57186514 7.84245636 3.15689221
1.57185778 7.84246393 3.15689222
1.57185048 7.84247144 3.15689223
1.57184323 7.84247889 3.15689224
1.57183605 7.84248627 3.15689225
1.57182892 7.84249360 3.15689226
1.57182185 7.84250087 3.15689227
1.57181484 7.84250809 3.15689228
