2.29078309 7.45685121 1.67058618
2.28689162 7.43389719 1.72551873
2.28287520 7.41032976 1.78343557
2.27872871 7.38613976 1.84446229
2.27444630 7.36132009 1.90871817
2.27002134 7.33586601 1.97631348
2.26544627 7.30977555 2.04734668
2.26071245 7.28304983 2.12190121
2.25581004 7.25569345 2.20004233
2.25072787 7.22771481 2.28181377
2.24545335 7.19912642 2.36723456
2.23997228 7.16994517 2.45629614
2.23426890 7.14019252 2.54895984
2.22832575 7.10989455 2.64515515
2.22212375 7.07908206 2.74477869
2.21564225 7.04779036 2.84769432
2.20885922 7.01605905 2.95373433
2.20175141 6.98393166 3.06270178
2.19429473 6.95145512 3.17437411
2.18646465 6.91867917 3.28850761
2.17823664 6.88565562 3.40484274
2.16958680 6.85243757 3.52310984
2.16049248 6.81907866 3.64303479
2.15093299 6.78563223 3.76434431
2.14089031 6.75215064 3.88677030
2.13034989 6.71868461 4.01005293
2.11930138 6.68528275 4.13394225
2.10773930 6.65199122 4.25819807
2.09566379 6.61885356 4.38258824
2.08308110 6.58591065 4.50688546
2.07000411 6.55320093 4.63086307
2.05645263 6.52076063 4.75429010
2.04245364 6.48862413 4.87692634
2.02804126 6.45682444 4.99851796
2.01325660 6.42539356 5.11879423
1.99814739 6.39436290 5.23746587
1.98276743 6.36376356 5.35422552
1.96717580 6.33362653 5.46875033
1.95143593 6.30398268 5.58070690
1.93561450 6.27486270 5.68975822
1.91978020 6.24629684 5.79557223
1.90400240 6.21831448 5.89783133
1.88834985 6.19094370 5.99624222
1.87288939 6.16421069 6.09054525
1.85768464 6.13813924 6.18052255
1.84279501 6.11275020 6.26600442
1.82827472 6.08806098 6.34687350
1.81417212 6.06408523 6.42306662
1.80052918 6.04083257 6.49457423
1.78738122 6.01830846 6.56143776
1.77475687 5.99651422 6.62374524
1.76267815 5.97544716 6.68162553
1.75116079 5.95510076 6.73524178
1.74021463 5.93546505 6.78478450
1.72984411 5.91652689 6.83046464
1.72004883 5.89827042 6.87250708
1.71082415 5.88067749 6.91114466
1.70216179 5.86372799 6.94661298
1.69405038 5.84740037 6.97914598
1.68647604 5.83167190 7.00897238
1.67942287 5.81651908 7.03631291
1.67287343 5.80191793 7.06137822
1.66680912 5.78784425 7.08436747
1.66121059 5.77427384 7.10546743
1.65605800 5.76118270 7.12485206
1.65133132 5.74854722 7.14268240
1.64701054 5.73634423 7.15910680
1.64307586 5.72455119 7.17426131
1.63950781 5.71314619 7.18827022
1.63628742 5.70210806 7.20124677
1.63339625 5.69141637 7.21329378
1.63081652 5.68105146 7.22450448
1.62853111 5.67099445 7.23496322
1.62652363 5.66122728 7.24474618
1.62477842 5.65173261 7.25392213
1.62328055 5.64249389 7.26255309
1.62201587 5.63349531 7.27069494
1.62097095 5.62472176 7.27839805
1.62013308 5.61615882 7.28570781
1.61949029 5.60779274 7.29266514
1.61903127 5.59961037 7.29930695
1.61874542 5.59159918 7.30566657
1.61862276 5.58374720 7.31177413
1.61865394 5.57604300 7.31765688
1.61883022 5.56847562 7.32333956
1.61914342 5.56103462 7.32884462
1.61958591 5.55370997 7.33419255
1.62015060 5.54649206 7.33940202
1.62083088 5.53937166 7.34449015
1.62162063 5.53233991 7.34947269
1.62251417 5.52538828 7.35436417
1.62350626 5.51850854 7.35917804
1.62459207 5.51169273 7.36392684
1.62576715 5.50493317 7.36862230
1.62702745 5.49822241 7.37327547
1.62836923 5.49155320 7.37789680
1.62978912 5.48491849 7.38249622
1.63128406 5.47831140 7.38708329
1.63285130 5.47172521 7.39166719
1.63448838 5.46515331 7.39625686
1.63619311 5.45858922 7.40086104
1.63796358 5.45202657 7.40548832
1.63979812 5.44545904 7.41014724
1.64169531 5.43888038 7.41484629
1.64365399 5.43228439 7.41959403
1.64567319 5.42566490 7.42439907
1.64775218 5.41901575 7.42927019
1.64989044 5.41233077 7.43421634
1.65208764 5.40560379 7.43924672
1.65434368 5.39882858 7.44437082
1.65665861 5.39199890 7.44959847
1.65903270 5.38510841 7.45493990
1.66146641 5.37815072 7.46040578
1.66396035 5.37111935 7.46600728
1.66651534 5.36400771 7.47175614
1.66913236 5.35680909 7.47766472
1.67181255 5.34951667 7.48374605
1.67455724 5.34212348 7.49001390
1.67736793 5.33462239 7.49648287
1.68024626 5.32700614 7.50316842
1.68319406 5.31926726 7.51008694
1.68621331 5.31139814 7.51725589
1.68930616 5.30339097 7.52469378
1.69247491 5.29523773 7.53242032
1.69572201 5.28693023 7.54045645
1.69905008 5.27846008 7.54882446
1.70246187 5.26981869 7.55754801
1.70596030 5.26099729 7.56665227
1.70954839 5.25198690 7.57616391
1.71322932 5.24277842 7.58611125
1.71700638 5.23336254 7.59652422
1.72088297 5.22372987 7.60743445
1.72486260 5.21387089 7.61887526
1.72894883 5.20377603 7.63088169
1.73314531 5.19343571 7.64349040
1.73745570 5.18284037 7.65673963
1.74188371 5.17198059 7.67066909
1.74643298 5.16084710 7.68531974
1.75110712 5.14943092 7.70073356
1.75590962 5.13772347 7.71695325
1.76084384 5.12571667 7.73402178
1.76591292 5.11340308 7.75198188
1.77111971 5.10077607 7.77087541
1.77646674 5.08782998 7.79074262
1.78195611 5.07456035 7.81162122
1.78758944 5.06096408 7.83354537
1.79336772 5.04703969 7.85654449
1.79929126 5.03278753 7.88064196
1.80535959 5.01821007 7.90585366
1.81157134 5.00331210 7.93218646
1.81792413 4.98810103 7.95963661
1.82441449 4.97258709 7.98818811
1.83103773 4.95678359 8.01781123
1.83778791 4.94070708 8.04846098
1.84465772 4.92437750 8.08007601
1.85163844 4.90781833 8.11257768
1.85871996 4.89105655 8.14586959
1.86589069 4.87412265 8.17983770
1.87313769 4.85705048 8.21435090
1.88044666 4.83987704 8.24926240
1.88780212 4.82264215 8.28441168
1.89518751 4.80538803 8.31962718
1.90258535 4.78815883 8.35472954
1.90997752 4.77100002 8.38953535
1.91734543 4.75395775 8.42386125
1.92467034 4.73707819 8.45752819
1.93193357 4.72040677 8.49036558
1.93911681 4.70398756 8.52221524
1.94620235 4.68786256 8.55293484
1.95317336 4.67207109 8.58240075
1.96001409 4.65664927 8.61051011
1.96671005 4.64162961 8.63718214
1.97324816 4.62704062 8.66235859
1.97961687 4.61290665 8.68600342
1.98580624 4.59924774 8.70810179
1.99180792 4.58607960 8.72865847
1.99761522 4.57341375 8.74769583
2.00322300 4.56125764 8.76525153
2.00862765 4.54961489 8.78137599
2.01382700 4.53848560 8.79612995
2.01882018 4.52786667 8.80958195
2.02360756 4.51775210 8.82180611
2.02819058 4.50813344 8.83288002
2.03257166 4.49900005 8.84288290
2.03675404 4.49033951 8.85189408
2.04074170 4.48213791 8.85999167
2.04453922 4.47438018 8.86725152
2.04815168 4.46705036 8.87374646
2.05158456 4.46013186 8.87954568
2.05484365 4.45360768 8.88471433
2.05793497 4.44746061 8.88931332
2.06086469 4.44167338 8.89339916
2.06363909 4.43622885 8.89702402
2.06626449 4.43111009 8.90023575
2.06874717 4.42630050 8.90307806
2.07109339 4.42178389 8.90559072
2.07330932 4.41754454 8.90780973
2.07540102 4.41356726 8.90976763
2.07737441 4.40983738 8.91149368
2.07923526 4.40634086 8.91301417
2.08098916 4.40306423 8.91435263
2.08264153 4.39999463 8.91553009
2.08419762 4.39711979 8.91656531
2.08566246 4.39442807 8.91747495
2.08704089 4.39190839 8.91827387
2.08833755 4.38955026 8.91897520
2.08955691 4.38734376 8.91959061
2.09070321 4.38527950 8.92013041
2.09178051 4.38334863 8.92060372
2.09279268 4.38154278 8.92101860
2.09374341 4.37985408 8.92138214
2.09463621 4.37827512 8.92170062
2.09547440 4.37679893 8.92197953
2.09626115 4.37541894 8.92222375
2.09699945 4.37412902 8.92243753
2.09769215 4.37292336 8.92262464
2.09834194 4.37179655 8.92278836
2.09895136 4.37074350 8.92293161
2.09952283 4.36975943 8.92305691
2.10005861 4.36883988 8.92316650
2.10056085 4.36798065 8.92326234
2.10103158 4.36717782 8.92334614
2.10147271 4.36642771 8.92341941
2.10188605 4.36572688 8.92348345
2.10227330 4.36507212 8.92353944
2.10263606 4.36446041 8.92358837
2.10297583 4.36388894 8.92363113
2.10329404 4.36335506 8.92366850
2.10359202 4.36285632 8.92370115
2.10387104 4.36239040 8.92372968
2.10413226 4.36195516 8.92375461
2.10437680 4.36154857 8.92377638
2.10460571 4.36116876 8.92379541
2.10481996 4.36081395 8.92381203
2.10502048 4.36048252 8.92382654
2.10520814 4.36017292 8.92383922
2.10538374 4.35988371 8.92385029
2.10554805 4.35961355 8.92385996
2.10570179 4.35936119 8.92386841
2.10584561 4.35912545 8.92387578
2.10598017 4.35890525 8.92388223
2.10610603 4.35869955 8.92388785
2.10622377 4.35850739 8.92389276
2.10633390 4.35832790 8.92389705
2.10643690 4.35816023 8.92390080
2.10653323 4.35800361 8.92390407
2.10662332 4.35785730 8.92390692
2.10670757 4.35772062 8.92390942
2.10678635 4.35759295 8.92391159
2.10686002 4.35747369 8.92391349
2.10692891 4.35736228 8.92391515
2.10699332 4.35725821 8.92391660
2.10705354 4.35716099 8.92391787
2.10710984 4.35707018 8.92391897
2.10716248 4.35698534 8.92391994
2.10721169 4.35690609 8.92392078
2.10725770 4.35683205 8.92392151
2.10730071 4.35676289 8.92392215
2.10734091 4.35669829 8.92392271
2.10737849 4.35663793 8.92392320
2.10741362 4.35658155 8.92392363
2.10744646 4.35652888 8.92392400
2.10747716 4.35647968 8.92392433
2.10750585 4.35643371 8.92392461
2.10753266 4.35639077 8.92392486
2.10755773 4.35635065 8.92392508
2.10758115 4.35631318 8.92392526
2.10760305 4.35627817 8.92392543
2.10762351 4.35624546 8.92392557
2.10764263 4.35621491 8.92392570
2.10766051 4.35618636 8.92392581
2.10767721 4.35615970 8.92392590
2.10769282 4.35613479 8.92392599
2.10770741 4.35611151 8.92392606
2.10772104 4.35608977 8.92392612
2.10773378 4.35606946 8.92392618
2.10774569 4.35605048 8.92392623
2.10775682 4.35603276 8.92392627
2.10776721 4.35601619 8.92392631
2.10777693 4.35600072 8.92392634
2.10778601 4.35598627 8.92392637
2.10779449 4.35597276 8.92392639
2.10780242 4.35596014 8.92392641
2.10780983 4.35594836 8.92392643
2.10781675 4.35593735 8.92392645
2.10782322 4.35592706 8.92392646
2.10782927 4.35591745 8.92392648
2.10783491 4.35590847 8.92392649
