0.00558481 8.59183149 1.98909715
0.00832600 8.59374860 1.99019549
0.01096695 8.59559407 1.99121441
0.01351128 8.59737050 1.99215958
0.01596247 8.59908040 1.99303631
0.01832390 8.60072619 1.99384951
0.02059882 8.60231023 1.99460376
0.02279038 8.60383479 1.99530332
0.02490162 8.60530206 1.99595212
0.02693547 8.60671415 1.99655385
0.02889477 8.60807310 1.99711189
0.03078224 8.60938091 1.99762943
0.03260051 8.61063945 1.99810939
0.03435213 8.61185058 1.99855450
0.03603954 8.61301605 1.99896729
0.03766510 8.61413759 1.99935011
0.03923109 8.61521682 1.99970513
0.04073969 8.61625535 2.00003436
0.04219303 8.61725469 2.00033970
0.04359312 8.61821631 2.00062286
0.04494194 8.61914164 2.00088547
0.04624138 8.62003204 2.00112902
0.04749324 8.62088883 2.00135489
0.04869928 8.62171326 2.00156437
0.04986120 8.62250657 2.00175865
0.05098061 8.62326992 2.00193883
0.05205908 8.62400445 2.00210595
0.05309811 8.62471124 2.00226095
0.05409917 8.62539134 2.00240471
0.05506364 8.62604577 2.00253805
0.05599287 8.62667548 2.00266172
0.05688816 8.62728141 2.00277644
0.05775075 8.62786446 2.00288284
0.05858185 8.62842550 2.00298153
0.05938262 8.62896536 2.00307308
0.06015417 8.62948484 2.00315800
0.06089757 8.62998471 2.00323677
0.06161385 8.63046571 2.00330984
0.06230402 8.63092856 2.00337763
0.06296902 8.63137393 2.00344050
0.06360979 8.63180250 2.00349884
0.06422721 8.63221490 2.00355295
0.06482213 8.63261174 2.00360315
0.06539539 8.63299361 2.00364972
0.06594777 8.63336107 2.00369292
0.06648004 8.63371467 2.00373301
0.06699293 8.63405493 2.00377019
0.06748715 8.63438236 2.00380469
0.06796339 8.63469745 2.00383670
0.06842231 8.63500065 2.00386640
0.06886453 8.63529242 2.00389395
0.06929067 8.63557319 2.00391952
0.06970132 8.63584338 2.00394323
0.07009703 8.63610338 2.00396524
0.07047836 8.63635358 2.00398566
0.07084583 8.63659436 2.00400461
0.07119995 8.63682606 2.00402219
0.07154120 8.63704903 2.00403850
0.07187005 8.63726361 2.00405363
0.07218696 8.63747009 2.00406768
0.07249236 8.63766881 2.00408071
0.07278667 8.63786003 2.00409280
0.07307029 8.63804406 2.00410402
0.07334361 8.63822115 2.00411444
0.07360702 8.63839158 2.00412410
0.07386086 8.63855559 2.00413306
0.07410549 8.63871342 2.00414138
0.07434124 8.63886532 2.00414910
0.07456843 8.63901150 2.00415627
0.07478738 8.63915217 2.00416292
0.07499839 8.63928755 2.00416909
0.07520175 8.63941784 2.00417481
0.07539772 8.63954322 2.00418013
0.07558659 8.63966389 2.00418506
0.07576861 8.63978001 2.00418963
0.07594403 8.63989177 2.00419388
0.07611308 8.63999933 2.00419782
0.07627601 8.64010283 2.00420148
0.07643303 8.64020245 2.00420487
0.07658436 8.64029832 2.00420802
0.07673020 8.64039058 2.00421095
0.07687075 8.64047938 2.00421366
0.07700621 8.64056483 2.00421618
0.07713676 8.64064708 2.00421852
0.07726257 8.64072623 2.00422069
0.07738383 8.64080241 2.00422270
0.07750069 8.64087572 2.00422457
0.07761332 8.64094628 2.00422630
0.07772186 8.64101418 2.00422791
0.07782647 8.64107953 2.00422940
0.07792729 8.64114243 2.00423079
0.07802446 8.64120297 2.00423208
0.07811810 8.64126123 2.00423327
0.07820836 8.64131730 2.00423438
0.07829534 8.64137126 2.00423541
0.07837917 8.64142320 2.00423636
0.07845997 8.64147318 2.00423725
0.07853783 8.64152129 2.00423807
0.07861288 8.64156760 2.00423883
0.07868521 8.64161216 2.00423954
0.07875492 8.64165505 2.00424020
0.07882210 8.64169633 2.00424081
0.07888685 8.64173605 2.00424138
0.07894925 8.64177429 2.00424190
0.07900939 8.64181109 2.00424239
0.07906736 8.64184651 2.00424284
0.07912322 8.64188060 2.00424326
0.07917706 8.64191341 2.00424365
0.07922895 8.64194499 2.00424402
0.07927896 8.64197539 2.00424435
0.07932716 8.64200464 2.00424467
0.07937361 8.64203279 2.00424496
0.07941839 8.64205989 2.00424522
0.07946153 8.64208597 2.00424547
0.07950312 8.64211108 2.00424571
0.07954320 8.64213524 2.00424592
0.07958183 8.64215849 2.00424612
0.07961906 8.64218087 2.00424630
0.07965494 8.64220241 2.00424648
0.07968952 8.64222315 2.00424664
0.07972285 8.64224310 2.00424678
0.07975497 8.64226231 2.00424692
0.07978593 8.64228080 2.00424705
0.07981577 8.64229859 2.00424717
0.07984452 8.64231572 2.00424728
0.07987224 8.64233220 2.00424738
0.07989895 8.64234807 2.00424748
0.07992469 8.64236334 2.00424756
0.07994950 8.64237804 2.00424764
0.07997342 8.64239219 2.00424772
0.07999646 8.64240580 2.00424779
0.08001867 8.64241891 2.00424786
0.08004008 8.64243153 2.00424792
0.08006071 8.64244367 2.00424797
0.08008060 8.64245536 2.00424803
0.08009976 8.64246660 2.00424807
0.08011823 8.64247743 2.00424812
0.08013603 8.64248785 2.00424816
0.08015319 8.64249788 2.00424820
0.08016972 8.64250754 2.00424824
0.08018566 8.64251683 2.00424827
0.08020102 8.64252578 2.00424830
0.08021582 8.64253439 2.00424833
0.08023009 8.64254267 2.00424836
0.08024384 8.64255065 2.00424838
0.08025709 8.64255833 2.00424840
0.08026986 8.64256572 2.00424842
0.08028217 8.64257283 2.00424844
0.08029403 8.64257968 2.00424846
0.08030546 8.64258627 2.00424848
0.08031648 8.64259261 2.00424850
0.08032710 8.64259872 2.00424851
0.08033734 8.64260460 2.00424852
0.08034720 8.64261025 2.00424854
0.08035671 8.64261570 2.00424855
0.08036587 8.64262094 2.00424856
0.08037470 8.64262599 2.00424857
