4.37228450 2.59488579 5.98828737
4.35053837 2.59254232 6.03583427
4.32906183 2.59026109 6.08214310
4.30790235 2.58801460 6.12704349
4.28710591 2.58577757 6.17037990
4.26671621 2.58352716 6.21201587
4.24677391 2.58124308 6.25183732
4.22731606 2.57890774 6.28975483
4.20837555 2.57650621 6.32570477
4.18998082 2.57402623 6.35964938
4.17215558 2.57145808 6.39157592
4.15491873 2.56879449 6.42149503
4.13828444 2.56603044 6.44943839
4.12226220 2.56316297 6.47545608
4.10685711 2.56019096 6.49961354
4.09207016 2.55711494 6.52198863
4.07789857 2.55393678 6.54266858
4.06433614 2.55065957 6.56174725
4.05137373 2.54728734 6.57932254
4.03899958 2.54382487 6.59549420
4.02719974 2.54027755 6.61036189
4.01595846 2.53665118 6.62402358
4.00525854 2.53295181 6.63657435
3.99508164 2.52918570 6.64810538
3.98540859 2.52535913 6.65870327
3.97621967 2.52147834 6.66844955
3.96749485 2.51754947 6.67742044
3.95921394 2.51357852 6.68568671
3.95135685 2.50957124 6.69331371
3.94390366 2.50553317 6.70036148
3.93683481 2.50146956 6.70688494
3.93013114 2.49738540 6.71293414
3.92377401 2.49328536 6.71855455
3.91774537 2.48917383 6.72378734
3.91202776 2.48505491 6.72866970
3.90660441 2.48093239 6.73323515
3.90145919 2.47680979 6.73751387
3.89657669 2.47269035 6.74153297
3.89194218 2.46857703 6.74531677
3.88754163 2.46447256 6.74888709
3.88336168 2.46037941 6.75226345
3.87938966 2.45629984 6.75546336
3.87561354 2.45223588 6.75850247
3.87202193 2.44818935 6.76139481
3.86860408 2.44416192 6.76415291
3.86534980 2.44015504 6.76678801
3.86224949 2.43617003 6.76931018
3.85929408 2.43220803 6.77172844
3.85647506 2.42827007 6.77405088
3.85378436 2.42435703 6.77628477
3.85121444 2.42046967 6.77843664
3.84875817 2.41660865 6.78051238
3.84640886 2.41277452 6.78251727
3.84416023 2.40896776 6.78445610
3.84200637 2.40518873 6.78633320
3.83994173 2.40143774 6.78815247
3.83796112 2.39771502 6.78991748
3.83605964 2.39402075 6.79163143
3.83423271 2.39035502 6.79329728
3.83247604 2.38671791 6.79491769
3.83078558 2.38310942 6.79649513
3.82915757 2.37952952 6.79803183
3.82758845 2.37597814 6.79952985
3.82607490 2.37245519 6.80099109
3.82461380 2.36896052 6.80241729
3.82320223 2.36549399 6.80381007
3.82183745 2.36205540 6.80517093
3.82051689 2.35864456 6.80650123
3.81923815 2.35526123 6.80780228
3.81799896 2.35190519 6.80907528
3.81679721 2.34857618 6.81032133
3.81563092 2.34527394 6.81154150
3.81449822 2.34199819 6.81273674
3.81339737 2.33874865 6.81390800
3.81232672 2.33552503 6.81505612
3.81128475 2.33232704 6.81618193
3.81027001 2.32915439 6.81728618
3.80928114 2.32600676 6.81836961
3.80831688 2.32288385 6.81943289
3.80737603 2.31978537 6.82047668
3.80645747 2.31671101 6.82150159
3.80556015 2.31366045 6.82250819
3.80468308 2.31063340 6.82349705
3.80382534 2.30762956 6.82446869
3.80298604 2.30464863 6.82542362
3.80216436 2.30169030 6.82636230
3.80135954 2.29875429 6.82728520
3.80057084 2.29584031 6.82819276
3.79979759 2.29294806 6.82908538
3.79903913 2.29007727 6.82996346
3.79829486 2.28722766 6.83082740
3.79756421 2.28439895 6.83167754
3.79684663 2.28159088 6.83251424
3.79614162 2.27880317 6.83333784
3.79544870 2.27603558 6.83414866
3.79476742 2.27328784 6.83494700
3.79409734 2.27055971 6.83573317
3.79343807 2.26785094 6.83650744
3.79278923 2.26516129 6.83727009
3.79215044 2.26249053 6.83802138
3.79152138 2.25983843 6.83876157
3.79090172 2.25720477 6.83949091
3.79029115 2.25458933 6.84020961
3.78968938 2.25199189 6.84091792
3.78909614 2.24941225 6.84161605
3.78851117 2.24685021 6.84230421
3.78793423 2.24430556 6.84298261
3.78736507 2.24177812 6.84365143
3.78680348 2.23926769 6.84431087
3.78624925 2.23677410 6.84496111
3.78570217 2.23429716 6.84560233
3.78516205 2.23183671 6.84623470
3.78462872 2.22939257 6.84685837
3.78410199 2.22696458 6.84747352
3.78358171 2.22455258 6.84808028
3.78306772 2.22215641 6.84867883
3.78255987 2.21977593 6.84926928
3.78205801 2.21741099 6.84985180
3.78156201 2.21506144 6.85042650
3.78107174 2.21272716 6.85099352
3.78058708 2.21040799 6.85155299
3.78010790 2.20810381 6.85210503
3.77963410 2.20581451 6.85264976
3.77916556 2.20353994 6.85318730
3.77870217 2.20128000 6.85371775
3.77824385 2.19903456 6.85424122
3.77779049 2.19680352 6.85475782
3.77734200 2.19458677 6.85526766
3.77689829 2.19238419 6.85577082
3.77645928 2.19019570 6.85626742
3.77602489 2.18802118 6.85675753
3.77559503 2.18586054 6.85724126
3.77516964 2.18371369 6.85771869
3.77474864 2.18158054 6.85818990
3.77433196 2.17946100 6.85865499
3.77391953 2.17735498 6.85911403
3.77351129 2.17526240 6.85956710
3.77310717 2.17318318 6.86001429
3.77270712 2.17111724 6.86045566
3.77231107 2.16906451 6.86089129
3.77191897 2.16702491 6.86132125
3.77153077 2.16499837 6.86174561
3.77114641 2.16298483 6.86216445
3.77076584 2.16098421 6.86257782
3.77038901 2.15899645 6.86298580
3.77001587 2.15702149 6.86338844
3.76964638 2.15505927 6.86378582
3.76928049 2.15310972 6.86417799
3.76891815 2.15117279 6.86456501
3.76855934 2.14924842 6.86494693
3.76820399 2.14733656 6.86532383
3.76785208 2.14543715 6.86569575
3.76750356 2.14355014 6.86606276
3.76715840 2.14167549 6.86642489
3.76681656 2.13981313 6.86678222
3.76647799 2.13796303 6.86713478
3.76614268 2.13612514 6.86748264
3.76581058 2.13429941 6.86782584
3.76548166 2.13248580 6.86816444
3.76515588 2.13068425 6.86849847
3.76483322 2.12889474 6.86882799
3.76451364 2.12711722 6.86915306
3.76419712 2.12535164 6.86947370
3.76388362 2.12359798 6.86978998
3.76357311 2.12185618 6.87010193
3.76326557 2.12012621 6.87040960
3.76296097 2.11840803 6.87071304
3.76265927 2.11670160 6.87101229
3.76236046 2.11500690 6.87130739
3.76206450 2.11332387 6.87159838
3.76177138 2.11165250 6.87188532
3.76148106 2.10999273 6.87216823
3.76119352 2.10834453 6.87244716
3.76090874 2.10670788 6.87272215
3.76062669 2.10508274 6.87299325
3.76034734 2.10346907 6.87326048
3.76007068 2.10186684 6.87352390
3.75979668 2.10027601 6.87378354
3.75952532 2.09869656 6.87403944
3.75925658 2.09712845 6.87429164
3.75899043 2.09557165 6.87454018
3.75872686 2.09402612 6.87478509
3.75846583 2.09249184 6.87502641
3.75820734 2.09096876 6.87526419
3.75795136 2.08945687 6.87549845
3.75769786 2.08795611 6.87572924
3.75744684 2.08646647 6.87595658
3.75719826 2.08498791 6.87618053
3.75695211 2.08352040 6.87640111
3.75670837 2.08206390 6.87661836
3.75646702 2.08061838 6.87683232
3.75622805 2.07918381 6.87704302
3.75599142 2.07776015 6.87725050
3.75575713 2.07634738 6.87745479
3.75552515 2.07494545 6.87765593
3.75529547 2.07355434 6.87785395
3.75506806 2.07217401 6.87804888
3.75484292 2.07080442 6.87824077
3.75462002 2.06944555 6.87842964
3.75439934 2.06809735 6.87861553
3.75418087 2.06675980 6.87879848
3.75396458 2.06543285 6.87897851
3.75375047 2.06411647 6.87915567
3.75353852 2.06281063 6.87932997
3.75332870 2.06151528 6.87950147
3.75312100 2.06023040 6.87967018
3.75291540 2.05895594 6.87983615
3.75271189 2.05769187 6.87999941
3.75251046 2.05643815 6.88015998
3.75231107 2.05519474 6.88031790
3.75211373 2.05396160 6.88047321
3.75191840 2.05273869 6.88062593
3.75172508 2.05152598 6.88077610
3.75153375 2.05032343 6.88092375
3.75134439 2.04913099 6.88106891
3.75115699 2.04794863 6.88121161
3.75097152 2.04677630 6.88135188
3.75078799 2.04561396 6.88148975
3.75060636 2.04446158 6.88162527
3.75042663 2.04331910 6.88175844
3.75024878 2.04218649 6.88188931
3.75007279 2.04106371 6.88201791
3.74989865 2.03995071 6.88214426
3.74972634 2.03884744 6.88226840
3.74955585 2.03775387 6.88239035
3.74938716 2.03666994 6.88251015
3.74922026 2.03559562 6.88262783
3.74905513 2.03453086 6.88274340
3.74889176 2.03347562 6.88285691
3.74873013 2.03242984 6.88296839
3.74857023 2.03139348 6.88307785
3.74841205 2.03036650 6.88318533
3.74825556 2.02934885 6.88329085
3.74810076 2.02834048 6.88339445
3.74794763 2.02734134 6.88349615
3.74779615 2.02635139 6.88359598
3.74764632 2.02537057 6.88369397
3.74749811 2.02439884 6.88379014
3.74735151 2.02343615 6.88388452
3.74720652 2.02248245 6.88397714
3.74706311 2.02153769 6.88406803
3.74692127 2.02060182 6.88415720
3.74678099 2.01967479 6.88424469
3.74664225 2.01875655 6.88433052
3.74650504 2.01784705 6.88441471
3.74636935 2.01694623 6.88449730
3.74623516 2.01605405 6.88457831
3.74610246 2.01517046 6.88465776
3.74597123 2.01429540 6.88473567
3.74584147 2.01342882 6.88481208
3.74571315 2.01257067 6.88488700
3.74558627 2.01172089 6.88496046
3.74546081 2.01087944 6.88503248
3.74533676 2.01004625 6.88510309
3.74521411 2.00922129 6.88517230
3.74509284 2.00840449 6.88524015
3.74497294 2.00759579 6.88530665
3.74485440 2.00679516 6.88537183
3.74473720 2.00600253 6.88543571
3.74462133 2.00521785 6.88549831
3.74450678 2.00444106 6.88555965
3.74439354 2.00367211 6.88561975
3.74428159 2.00291095 6.88567864
3.74417092 2.00215752 6.88573633
3.74406152 2.00141177 6.88579285
3.74395338 2.00067365 6.88584822
3.74384649 1.99994309 6.88590245
3.74374082 1.99922004 6.88595557
3.74363638 1.99850445 6.88600760
3.74353314 1.99779627 6.88605855
3.74343111 1.99709544 6.88610845
3.74333025 1.99640190 6.88615731
3.74323057 1.99571560 6.88620515
3.74313205 1.99503649 6.88625199
3.74303468 1.99436450 6.88629785
3.74293845 1.99369959 6.88634275
3.74284334 1.99304170 6.88638670
3.74274935 1.99239077 6.88642973
3.74265647 1.99174676 6.88647184
3.74256467 1.99110959 6.88651306
3.74247396 1.99047923 6.88655340
3.74238432 1.98985562 6.88659288
3.74229573 1.98923869 6.88663152
3.74220820 1.98862841 6.88666932
3.74212170 1.98802470 6.88670631
3.74203623 1.98742752 6.88674251
3.74195178 1.98683682 6.88677792
3.74186833 1.98625253 6.88681257
3.74178588 1.98567461 6.88684646
3.74170441 1.98510300 6.88687962
3.74162392 1.98453765 6.88691205
3.74154439 1.98397850 6.88694377
3.74146581 1.98342550 6.88697479
3.74138817 1.98287860 6.88700514
3.74131147 1.98233774 6.88703481
3.74123570 1.98180287 6.88706383
3.74116083 1.98127394 6.88709221
3.74108687 1.98075089 6.88711996
3.74101381 1.98023367 6.88714709
3.74094163 1.97972224 6.88717362
3.74087032 1.97921653 6.88719956
3.74079988 1.97871650 6.88722491
3.74073029 1.97822209 6.88724970
3.74066155 1.97773325 6.88727393
3.74059365 1.97724993 6.88729762
3.74052657 1.97677208 6.88732077
3.74046031 1.97629965 6.88734340
3.74039487 1.97583259 6.88736552
3.74033022 1.97537084 6.88738713
3.74026637 1.97491437 6.88740825
3.74020329 1.97446310 6.88742890
3.74014100 1.97401701 6.88744907
3.74007946 1.97357603 6.88746878
3.74001869 1.97314013 6.88748804
3.73995866 1.97270924 6.88750686
3.73989937 1.97228332 6.88752524
3.73984082 1.97186232 6.88754320
3.73978299 1.97144620 6.88756075
3.73972587 1.97103491 6.88757789
3.73966946 1.97062839 6.88759464
3.73961375 1.97022661 6.88761100
3.73955873 1.96982950 6.88762697
3.73950439 1.96943704 6.88764258
3.73945073 1.96904917 6.88765782
3.73939773 1.96866584 6.88767271
3.73934540 1.96828701 6.88768725
3.73929371 1.96791263 6.88770145
3.73924267 1.96754266 6.88771531
3.73919227 1.96717705 6.88772885
3.73914250 1.96681576 6.88774208
3.73909335 1.96645874 6.88775499
3.73904482 1.96610595 6.88776759
3.73899689 1.96575735 6.88777990
3.73894956 1.96541289 6.88779192
3.73890283 1.96507253 6.88780365
3.73885669 1.96473622 6.88781511
3.73881112 1.96440392 6.88782629
3.73876613 1.96407560 6.88783720
3.73872170 1.96375121 6.88784786
3.73867784 1.96343070 6.88785826
3.73863452 1.96311404 6.88786842
3.73859176 1.96280118 6.88787833
3.73854953 1.96249208 6.88788800
3.73850784 1.96218671 6.88789744
3.73846667 1.96188503 6.88790666
3.73842602 1.96158698 6.88791565
3.73838589 1.96129254 6.88792443
3.73834627 1.96100167 6.88793299
3.73830715 1.96071432 6.88794135
3.73826853 1.96043046 6.88794951
3.73823039 1.96015005 6.88795747
3.73819274 1.95987305 6.88796524
3.73815557 1.95959942 6.88797282
3.73811888 1.95932913 6.88798021
3.73808265 1.95906214 6.88798743
3.73804688 1.95879842 6.88799446
3.73801156 1.95853792 6.88800133
3.73797670 1.95828061 6.88800803
3.73794228 1.95802646 6.88801457
3.73790831 1.95777543 6.88802095
3.73787476 1.95752748 6.88802717
3.73784165 1.95728258 6.88803324
3.73780895 1.95704070 6.88803916
3.73777668 1.95680180 6.88804494
3.73774482 1.95656585 6.88805057
3.73771337 1.95633281 6.88805607
3.73768232 1.95610265 6.88806143
3.73765167 1.95587535 6.88806665
3.73762141 1.95565086 6.88807175
3.73759154 1.95542915 6.88807673
3.73756206 1.95521019 6.88808158
3.73753295 1.95499396 6.88808631
3.73750422 1.95478041 6.88809092
3.73747586 1.95456952 6.88809542
3.73744786 1.95436126 6.88809981
3.73742022 1.95415559 6.88810409
3.73739294 1.95395249 6.88810826
3.73736601 1.95375193 6.88811233
3.73733943 1.95355388 6.88811630
3.73731319 1.95335830 6.88812017
3.73728729 1.95316517 6.88812394
3.73726173 1.95297446 6.88812762
3.73723649 1.95278614 6.88813121
3.73721158 1.95260019 6.88813471
3.73718699 1.95241657 6.88813812
3.73716272 1.95223526 6.88814144
3.73713877 1.95205623 6.88814469
3.73711512 1.95187946 6.88814785
3.73709178 1.95170491 6.88815093
3.73706875 1.95153256 6.88815393
3.73704601 1.95136239 6.88815686
3.73702357 1.95119437 6.88815972
3.73700141 1.95102847 6.88816250
3.73697955 1.95086466 6.88816521
3.73695797 1.95070293 6.88816786
3.73693667 1.95054325 6.88817044
3.73691564 1.95038559 6.88817295
3.73689489 1.95022993 6.88817540
3.73687441 1.95007625 6.88817779
3.73685420 1.94992451 6.88818012
3.73683425 1.94977471 6.88818239
3.73681455 1.94962680 6.88818460
3.73679512 1.94948078 6.88818676
3.73677594 1.94933662 6.88818886
3.73675700 1.94919429 6.88819091
3.73673832 1.94905378 6.88819290
3.73671987 1.94891506 6.88819485
3.73670167 1.94877811 6.88819675
3.73668371 1.94864290 6.88819859
3.73666598 1.94850943 6.88820040
3.73664848 1.94837765 6.88820215
3.73663121 1.94824757 6.88820386
3.73661416 1.94811915 6.88820553
3.73659734 1.94799237 6.88820716
3.73658073 1.94786721 6.88820874
3.73656435 1.94774366 6.88821028
3.73654818 1.94762170 6.88821179
3.73653222 1.94750129 6.88821325
3.73651647 1.94738244 6.88821468
3.73650092 1.94726511 6.88821607
3.73648558 1.94714928 6.88821743
3.73647044 1.94703495 6.88821875
3.73645549 1.94692209 6.88822004
3.73644075 1.94681067 6.88822129
3.73642619 1.94670069 6.88822252
3.73641183 1.94659213 6.88822371
3.73639765 1.94648497 6.88822487
3.73638366 1.94637919 6.88822600
3.73636986 1.94627477 6.88822710
3.73635623 1.94617170 6.88822818
3.73634278 1.94606996 6.88822922
3.73632951 1.94596953 6.88823024
3.73631642 1.94587040 6.88823123
3.73630349 1.94577255 6.88823220
3.73629074 1.94567596 6.88823315
3.73627815 1.94558063 6.88823406
3.73626573 1.94548653 6.88823496
3.73625347 1.94539364 6.88823583
3.73624138 1.94530196 6.88823668
3.73622944 1.94521147 6.88823751
3.73621766 1.94512215 6.88823832
3.73620603 1.94503399 6.88823910
3.73619456 1.94494697 6.88823987
3.73618323 1.94486107 6.88824061
3.73617206 1.94477630 6.88824134
3.73616103 1.94469262 6.88824205
3.73615015 1.94461003 6.88824274
3.73613941 1.94452852 6.88824341
3.73612881 1.94444806 6.88824406
3.73611836 1.94436865 6.88824470
3.73610804 1.94429027 6.88824532
3.73609785 1.94421291 6.88824592
3.73608780 1.94413656 6.88824651
3.73607789 1.94406120 6.88824709
3.73606810 1.94398683 6.88824765
3.73605844 1.94391342 6.88824819
3.73604891 1.94384097 6.88824872
3.73603950 1.94376946 6.88824924
3.73603022 1.94369888 6.88824974
3.73602107 1.94362923 6.88825023
3.73601203 1.94356048 6.88825071
3.73600311 1.94349263 6.88825118
3.73599431 1.94342567 6.88825163
3.73598562 1.94335958 6.88825207
3.73597705 1.94329436 6.88825250
3.73596860 1.94322998 6.88825292
3.73596025 1.94316645 6.88825333
3.73595202 1.94310375 6.88825372
3.73594389 1.94304186 6.88825411
3.73593587 1.94298079 6.88825449
3.73592796 1.94292051 6.88825486
3.73592015 1.94286103 6.88825521
3.73591244 1.94280232 6.88825556
3.73590484 1.94274438 6.88825590
3.73589733 1.94268720 6.88825623
3.73588993 1.94263077 6.88825655
3.73588262 1.94257508 6.88825687
3.73587541 1.94252011 6.88825717
3.73586830 1.94246587 6.88825747
3.73586128 1.94241234 6.88825776
3.73585435 1.94235951 6.88825804
3.73584752 1.94230737 6.88825831
3.73584077 1.94225592 6.88825858
3.73583411 1.94220514 6.88825884
3.73582755 1.94215503 6.88825910
3.73582106 1.94210558 6.88825934
3.73581467 1.94205677 6.88825958
3.73580836 1.94200861 6.88825982
3.73580213 1.94196108 6.88826005
3.73579599 1.94191417 6.88826027
3.73578992 1.94186788 6.88826049
3.73578394 1.94182220 6.88826070
3.73577803 1.94177712 6.88826090
3.73577221 1.94173263 6.88826110
3.73576646 1.94168873 6.88826130
3.73576079 1.94164540 6.88826149
3.73575519 1.94160264 6.88826167
3.73574966 1.94156045 6.88826185
3.73574421 1.94151881 6.88826203
3.73573884 1.94147772 6.88826220
3.73573353 1.94143717 6.88826236
3.73572829 1.94139715 6.88826253
3.73572313 1.94135766 6.88826268
3.73571803 1.94131869 6.88826284
3.73571300 1.94128024 6.88826299
3.73570803 1.94124229 6.88826313
3.73570313 1.94120484 6.88826327
3.73569830 1.94116788 6.88826341
3.73569353 1.94113141 6.88826355
3.73568882 1.94109543 6.88826368
3.73568418 1.94105991 6.88826380
3.73567960 1.94102487 6.88826393
3.73567508 1.94099029 6.88826405
3.73567061 1.94095616 6.88826417
3.73566621 1.94092248 6.88826428
3.73566187 1.94088925 6.88826439
3.73565758 1.94085646 6.88826450
3.73565335 1.94082409 6.88826461
3.73564918 1.94079216 6.88826471
3.73564506 1.94076065 6.88826481
3.73564100 1.94072955 6.88826491
3.73563699 1.94069887 6.88826500
3.73563303 1.94066859 6.88826510
3.73562913 1.94063871 6.88826519
3.73562527 1.94060922 6.88826527
3.73562147 1.94058012 6.88826536
3.73561772 1.94055141 6.88826544
3.73561402 1.94052308 6.88826552
3.73561037 1.94049512 6.88826560
3.73560677 1.94046753 6.88826568
3.73560321 1.94044031 6.88826575
3.73559971 1.94041345 6.88826583
3.73559624 1.94038694 6.88826590
3.73559283 1.94036078 6.88826597
3.73558946 1.94033497 6.88826603
3.73558613 1.94030950 6.88826610
3.73558285 1.94028436 6.88826616
3.73557961 1.94025956 6.88826623
3.73557642 1.94023509 6.88826629
3.73557327 1.94021094 6.88826635
3.73557016 1.94018711 6.88826640
3.73556709 1.94016359 6.88826646
3.73556406 1.94014039 6.88826651
3.73556107 1.94011749 6.88826657
3.73555812 1.94009490 6.88826662
3.73555521 1.94007261 6.88826667
3.73555234 1.94005061 6.88826672
3.73554951 1.94002890 6.88826676
3.73554672 1.94000748 6.88826681
3.73554396 1.93998635 6.88826686
3.73554124 1.93996549 6.88826690
3.73553855 1.93994491 6.88826694
3.73553591 1.93992460 6.88826698
3.73553329 1.93990456 6.88826702
3.73553071 1.93988479 6.88826706
3.73552817 1.93986528 6.88826710
3.73552566 1.93984603 6.88826714
3.73552318 1.93982703 6.88826718
3.73552073 1.93980829 6.88826721
3.73551832 1.93978979 6.88826725
3.73551594 1.93977154 6.88826728
3.73551359 1.93975353 6.88826731
3.73551128 1.93973576 6.88826735
3.73550899 1.93971822 6.88826738
3.73550673 1.93970092 6.88826741
3.73550451 1.93968385 6.88826744
3.73550231 1.93966700 6.88826746
3.73550015 1.93965038 6.88826749
3.73549801 1.93963397 6.88826752
3.73549590 1.93961779 6.88826755
3.73549381 1.93960182 6.88826757
3.73549176 1.93958606 6.88826760
3.73548973 1.93957051 6.88826762
3.73548773 1.93955517 6.88826765
3.73548576 1.93954003 6.88826767
3.73548381 1.93952509 6.88826769
3.73548189 1.93951035 6.88826771
3.73548000 1.93949580 6.88826773
3.73547813 1.93948145 6.88826775
3.73547628 1.93946729 6.88826778
3.73547446 1.93945332 6.88826779
3.73547266 1.93943953 6.88826781
3.73547089 1.93942592 6.88826783
3.73546914 1.93941250 6.88826785
3.73546742 1.93939925 6.88826787
3.73546571 1.93938618 6.88826789
3.73546403 1.93937329 6.88826790
3.73546237 1.93936056 6.88826792
3.73546074 1.93934801 6.88826794
3.73545912 1.93933562 6.88826795
3.73545753 1.93932339 6.88826797
3.73545596 1.93931133 6.88826798
3.73545441 1.93929943 6.88826799
3.73545288 1.93928768 6.88826801
3.73545137 1.93927610 6.88826802
3.73544988 1.93926466 6.88826804
3.73544841 1.93925338 6.88826805
3.73544696 1.93924225 6.88826806
3.73544553 1.93923126 6.88826807
3.73544412 1.93922042 6.88826808
3.73544273 1.93920973 6.88826810
3.73544135 1.93919918 6.88826811
3.73544000 1.93918876 6.88826812
3.73543866 1.93917849 6.88826813
3.73543734 1.93916835 6.88826814
3.73543604 1.93915835 6.88826815
