5.97344183 5.54286145 4.86230663
5.94935432 5.56447791 4.96721791
5.92486247 5.58577237 5.07259051
5.90003303 5.60669467 5.17793164
5.87493650 5.62719628 5.28273668
5.84964632 5.64723114 5.38649978
5.82423792 5.66675648 5.48872463
5.79878785 5.68573353 5.58893492
5.77337274 5.70412817 5.68668392
5.74806840 5.72191141 5.78156295
5.72294882 5.73905977 5.87320835
5.69808531 5.75555542 5.96130678
5.67354571 5.77138629 6.04559872
5.64939362 5.78654588 6.12588025
5.62568783 5.80103310 6.20200307
5.60248178 5.81485183 6.27387307
5.57982323 5.82801053 6.34144757
5.55775401 5.84052170 6.40473151
5.53630984 5.85240132 6.46377275
5.51552043 5.86366827 6.51865699
5.49540947 5.87434378 6.56950221
5.47599491 5.88445088 6.61645315
5.45728921 5.89401386 6.65967585
5.43929968 5.90305786 6.69935244
5.42202886 5.91160837 6.73567632
5.40547499 5.91969095 6.76884782
5.38963239 5.92733091 6.79907031
5.37449199 5.93455300 6.82654694
5.36004172 5.94138132 6.85147780
5.34626696 5.94783904 6.87405773
5.33315098 5.95394841 6.89447446
5.32067529 5.95973060 6.91290731
5.30882004 5.96520568 6.92952621
5.29756432 5.97039262 6.94449111
5.28688646 5.97530926 6.95795162
5.27676431 5.97997234 6.97004691
5.26717544 5.98439754 6.98090583
5.25809737 5.98859950 6.99064715
5.24950772 5.99259187 6.99937991
5.24138436 5.99638739 7.00720390
5.23370553 5.99999788 7.01421011
5.22644995 6.00343436 7.02048132
5.21959689 6.00670706 7.02609263
5.21312622 6.00982550 7.03111202
5.20701847 6.01279850 7.03560090
5.20125486 6.01563431 7.03961468
5.19581735 6.01834054 7.04320322
5.19068859 6.02092433 7.04641135
5.18585199 6.02339227 7.04927936
5.18129169 6.02575055 7.05184335
5.17699253 6.02800491 7.05413570
5.17294010 6.03016071 7.05618538
5.16912066 6.03222298 7.05801832
5.16552116 6.03419640 7.05965771
5.16212921 6.03608536 7.06112426
5.15893305 6.03789396 7.06243648
5.15592155 6.03962609 7.06361089
5.15308415 6.04128534 7.06466224
5.15041088 6.04287515 7.06560368
5.14789229 6.04439871 7.06644696
5.14551946 6.04585906 7.06720255
5.14328397 6.04725904 7.06787979
5.14117785 6.04860136 7.06848701
5.13919359 6.04988857 7.06903164
5.13732411 6.05112308 7.06952032
5.13556273 6.05230717 7.06995896
5.13390313 6.05344303 7.07035282
5.13233939 6.05453272 7.07070663
5.13086590 6.05557818 7.07102457
5.12947738 6.05658128 7.07131039
5.12816889 6.05754380 7.07156745
5.12693572 6.05846743 7.07179874
5.12577348 6.05935377 7.07200691
5.12467802 6.06020436 7.07219436
5.12364544 6.06102067 7.07236322
5.12267205 6.06180409 7.07251540
5.12175440 6.06255597 7.07265259
5.12088923 6.06327759 7.07277633
5.12007348 6.06397016 7.07288797
5.11930427 6.06463486 7.07298875
5.11857887 6.06527280 7.07307975
5.11789473 6.06588508 7.07316196
5.11724946 6.06647270 7.07323625
5.11664079 6.06703667 7.07330342
5.11606659 6.06757792 7.07336416
5.11552486 6.06809736 7.07341912
5.11501371 6.06859586 7.07346886
5.11453138 6.06907425 7.07351389
5.11407620 6.06953335 7.07355468
5.11364659 6.06997390 7.07359163
5.11324108 6.07039666 7.07362513
5.11285828 6.07080233 7.07365550
5.11249688 6.07119158 7.07368304
5.11215564 6.07156508 7.07370802
5.11183342 6.07192345 7.07373070
5.11152912 6.07226730 7.07375129
5.11124171 6.07259719 7.07376998
5.11097022 6.07291369 7.07378696
5.11071375 6.07321733 7.07380239
5.11047144 6.07350862 7.07381641
5.11024249 6.07378806 7.07382916
5.11002612 6.07405612 7.07384075
5.10982164 6.07431326 7.07385130
5.10962836 6.07455990 7.07386089
5.10944565 6.07479648 7.07386962
5.10927292 6.07502339 7.07387756
5.10910960 6.07524102 7.07388480
5.10895516 6.07544975 7.07389139
5.10880910 6.07564993 7.07389739
5.10867095 6.07584191 7.07390285
5.10854027 6.07602601 7.07390783
5.10841664 6.07620255 7.07391237
5.10829967 6.07637184 7.07391651
5.10818898 6.07653417 7.07392029
5.10808423 6.07668983 7.07392373
5.10798509 6.07683907 7.07392687
5.10789124 6.07698216 7.07392973
5.10780240 6.07711936 7.07393234
5.10771828 6.07725089 7.07393472
5.10763863 6.07737699 7.07393690
5.10756320 6.07749788 7.07393888
5.10749176 6.07761378 7.07394070
5.10742409 6.07772487 7.07394235
5.10735998 6.07783137 7.07394386
5.10729924 6.07793345 7.07394524
5.10724169 6.07803130 7.07394650
5.10718715 6.07812510 7.07394765
5.10713546 6.07821499 7.07394870
5.10708647 6.07830116 7.07394966
5.10704002 6.07838374 7.07395054
5.10699599 6.07846289 7.07395134
5.10695423 6.07853874 7.07395208
5.10691464 6.07861143 7.07395275
5.10687709 6.07868110 7.07395336
5.10684147 6.07874786 7.07395392
5.10680769 6.07881184 7.07395443
5.10677563 6.07887315 7.07395490
5.10674522 6.07893189 7.07395533
5.10671636 6.07898818 7.07395572
5.10668898 6.07904212 7.07395608
5.10666299 6.07909381 7.07395641
5.10663831 6.07914333 7.07395670
5.10661489 6.07919078 7.07395698
5.10659265 6.07923624 7.07395723
5.10657154 6.07927979 7.07395746
5.10655149 6.07932152 7.07395767
5.10653244 6.07936150 7.07395786
5.10651436 6.07939980 7.07395804
5.10649717 6.07943650 7.07395820
5.10648085 6.07947165 7.07395834
5.10646534 6.07950533 7.07395848
5.10645061 6.07953759 7.07395860
5.10643661 6.07956849 7.07395871
5.10642330 6.07959810 7.07395882
5.10641065 6.07962646 7.07395891
5.10639862 6.07965362 7.07395900
5.10638719 6.07967964 7.07395908
5.10637632 6.07970456 7.07395915
5.10636599 6.07972844 7.07395921
5.10635616 6.07975131 7.07395927
5.10634682 6.07977321 7.07395933
5.10633793 6.07979419 7.07395938
5.10632947 6.07981428 7.07395943
5.10632143 6.07983353 7.07395947
5.10631378 6.07985196 7.07395951
5.10630650 6.07986961 7.07395954
5.10629957 6.07988652 7.07395958
5.10629298 6.07990271 7.07395961
5.10628670 6.07991822 7.07395963
5.10628073 6.07993308 7.07395966
5.10627505 6.07994730 7.07395968
5.10626963 6.07996092 7.07395970
5.10626448 6.07997397 7.07395972
5.10625958 6.07998646 7.07395974
5.10625491 6.07999843 7.07395976
5.10625046 6.08000988 7.07395977
5.10624622 6.08002086 7.07395979
5.10624219 6.08003136 7.07395980
5.10623835 6.08004142 7.07395981
5.10623469 6.08005106 7.07395982
