2.11123183 8.07243275 5.84270502
2.10427387 8.07438542 5.84781957
2.09759023 8.07620861 5.85251995
2.09116986 8.07790950 5.85684045
2.08500213 8.07949498 5.86081253
2.07907683 8.08097169 5.86446505
2.07338413 8.08234600 5.86782445
2.06791463 8.08362400 5.87091497
2.06265929 8.08481150 5.87375880
2.05760945 8.08591405 5.87637627
2.05275678 8.08693690 5.87878599
2.04809334 8.08788505 5.88100500
2.04361148 8.08876326 5.88304890
2.03930390 8.08957600 5.88493197
2.03516357 8.09032752 5.88666729
2.03118379 8.09102183 5.88826683
2.02735813 8.09166271 5.88974158
2.02368041 8.09225371 5.89110157
2.02014472 8.09279820 5.89235603
2.01674542 8.09329934 5.89351340
2.01347707 8.09376008 5.89458142
2.01033448 8.09418321 5.89556719
2.00731267 8.09457135 5.89647723
2.00440686 8.09492695 5.89731752
2.00161247 8.09525232 5.89809355
1.99892512 8.09554959 5.89881037
1.99634059 8.09582080 5.89947261
1.99385486 8.09606781 5.90008452
1.99146406 8.09629241 5.90065002
1.98916448 8.09649623 5.90117270
1.98695254 8.09668081 5.90165589
1.98482485 8.09684760 5.90210263
1.98277813 8.09699793 5.90251572
1.98080922 8.09713305 5.90289775
1.97891511 8.09725413 5.90325109
1.97709292 8.09736225 5.90357794
1.97533984 8.09745844 5.90388031
1.97365323 8.09754362 5.90416007
1.97203051 8.09761868 5.90441893
1.97046923 8.09768443 5.90465849
1.96896702 8.09774163 5.90488019
1.96752161 8.09779098 5.90508539
1.96613083 8.09783314 5.90527532
1.96479258 8.09786872 5.90545115
1.96350485 8.09789828 5.90561393
1.96226571 8.09792233 5.90576463
1.96107330 8.09794138 5.90590417
1.95992583 8.09795586 5.90603337
1.95882161 8.09796619 5.90615302
1.95775897 8.09797275 5.90626381
1.95673633 8.09797591 5.90636642
1.95575218 8.09797599 5.90646146
1.95480505 8.09797329 5.90654948
1.95389353 8.09796810 5.90663101
1.95301628 8.09796067 5.90670652
1.95217199 8.09795124 5.90677648
1.95135941 8.09794004 5.90684128
1.95057735 8.09792726 5.90690131
1.94982465 8.09791309 5.90695692
1.94910019 8.09789770 5.90700845
1.94840292 8.09788126 5.90705618
1.94773180 8.09786389 5.90710041
1.94708584 8.09784575 5.90714139
1.94646411 8.09782693 5.90717935
1.94586567 8.09780757 5.90721453
1.94528966 8.09778775 5.90724713
1.94473523 8.09776758 5.90727734
1.94420156 8.09774712 5.90730532
1.94368788 8.09772647 5.90733126
1.94319343 8.09770568 5.90735529
1.94271748 8.09768483 5.90737757
1.94225935 8.09766396 5.90739820
1.94181836 8.09764314 5.90741733
1.94139387 8.09762239 5.90743506
1.94098526 8.09760177 5.90745148
1.94059193 8.09758132 5.90746671
1.94021331 8.09756106 5.90748081
1.93984884 8.09754102 5.90749389
1.93949800 8.09752123 5.90750601
1.93916027 8.09750172 5.90751724
1.93883516 8.09748249 5.90752765
1.93852220 8.09746358 5.90753729
1.93822093 8.09744498 5.90754624
1.93793092 8.09742672 5.90755452
1.93765174 8.09740881 5.90756220
1.93738299 8.09739125 5.90756932
1.93712427 8.09737405 5.90757592
1.93687522 8.09735722 5.90758203
1.93663546 8.09734076 5.90758770
1.93640466 8.09732467 5.90759295
1.93618247 8.09730895 5.90759782
1.93596857 8.09729361 5.90760234
1.93576266 8.09727864 5.90760652
1.93556443 8.09726404 5.90761040
1.93537360 8.09724982 5.90761399
1.93518988 8.09723596 5.90761732
1.93501303 8.09722246 5.90762041
1.93484277 8.09720933 5.90762327
1.93467886 8.09719655 5.90762592
1.93452107 8.09718412 5.90762838
1.93436916 8.09717203 5.90763066
1.93422292 8.09716029 5.90763277
1.93408213 8.09714888 5.90763473
1.93394659 8.09713780 5.90763655
1.93381611 8.09712704 5.90763823
1.93369049 8.09711660 5.90763979
1.93356955 8.09710647 5.90764123
1.93345313 8.09709664 5.90764257
1.93334104 8.09708711 5.90764381
1.93323313 8.09707787 5.90764497
1.93312925 8.09706891 5.90764603
1.93302924 8.09706023 5.90764702
1.93293295 8.09705181 5.90764794
1.93284026 8.09704366 5.90764879
1.93275102 8.09703577 5.90764958
1.93266510 8.09702812 5.90765031
1.93258239 8.09702072 5.90765098
1.93250276 8.09701356 5.90765161
1.93242609 8.09700663 5.90765219
1.93235229 8.09699992 5.90765273
1.93228123 8.09699343 5.90765323
1.93221282 8.09698715 5.90765369
1.93214696 8.09698107 5.90765412
1.93208355 8.09697520 5.90765452
1.93202251 8.09696952 5.90765489
1.93196374 8.09696403 5.90765523
1.93190716 8.09695872 5.90765555
1.93185269 8.09695359 5.90765584
1.93180024 8.09694863 5.90765611
1.93174975 8.09694383 5.90765637
1.93170114 8.09693920 5.90765660
1.93165435 8.09693473 5.90765682
1.93160929 8.09693041 5.90765702
1.93156591 8.09692623 5.90765721
1.93152415 8.09692220 5.90765738
1.93148394 8.09691830 5.90765754
1.93144524 8.09691454 5.90765769
1.93140797 8.09691091 5.90765782
1.93137209 8.09690740 5.90765795
1.93133755 8.09690402 5.90765807
1.93130429 8.09690075 5.90765818
1.93127227 8.09689759 5.90765828
1.93124144 8.09689455 5.90765838
1.93121177 8.09689161 5.90765846
1.93118319 8.09688877 5.90765854
1.93115569 8.09688603 5.90765862
1.93112920 8.09688339 5.90765869
1.93110370 8.09688084 5.90765875
1.93107915 8.09687838 5.90765881
1.93105552 8.09687601 5.90765887
1.93103276 8.09687372 5.90765892
1.93101086 8.09687152 5.90765897
1.93098976 8.09686939 5.90765901
1.93096946 8.09686733 5.90765905
1.93094991 8.09686535 5.90765909
1.93093108 8.09686344 5.90765912
1.93091296 8.09686159 5.90765916
1.93089551 8.09685982 5.90765919
1.93087872 8.09685810 5.90765922
1.93086254 8.09685645 5.90765924
1.93084697 8.09685485 5.90765927
1.93083198 8.09685332 5.90765929
1.93081755 8.09685184 5.90765931
1.93080366 8.09685041 5.90765933
1.93079028 8.09684903 5.90765935
1.93077740 8.09684770 5.90765936
1.93076500 8.09684642 5.90765938
1.93075306 8.09684519 5.90765939
1.93074156 8.09684400 5.90765940
1.93073050 8.09684285 5.90765942
1.93071984 8.09684174 5.90765943
1.93070959 8.09684068 5.90765944
