7.52718829 8.71980857 3.28920595 1.69647759 7.43129069 0.05380789
7.52733085 8.71970424 3.28899076 1.69604960 7.43305810 0.05414721
7.52747415 8.71959937 3.28877445 1.69561937 7.43483473 0.05449010
7.52761821 8.71949395 3.28855701 1.69518689 7.43662068 0.05483658
7.52776302 8.71938797 3.28833843 1.69475213 7.43841603 0.05518673
7.52790859 8.71928144 3.28811869 1.69431507 7.44022085 0.05554059
7.52805494 8.71917434 3.28789778 1.69387570 7.44203525 0.05589822
7.52820207 8.71906667 3.28767570 1.69343399 7.44385930 0.05625966
7.52834998 8.71895842 3.28745243 1.69298992 7.44569310 0.05662498
7.52849869 8.71884960 3.28722797 1.69254347 7.44753672 0.05699423
7.52864819 8.71874018 3.28700230 1.69209462 7.44939026 0.05736747
7.52879851 8.71863018 3.28677541 1.69164334 7.45125382 0.05774476
7.52894963 8.71851958 3.28654729 1.69118962 7.45312748 0.05812615
7.52910158 8.71840838 3.28631793 1.69073343 7.45501134 0.05851171
7.52925437 8.71829657 3.28608731 1.69027474 7.45690549 0.05890150
7.52940798 8.71818415 3.28585543 1.68981354 7.45881002 0.05929557
7.52956245 8.71807111 3.28562227 1.68934980 7.46072504 0.05969401
7.52971777 8.71795745 3.28538783 1.68888350 7.46265064 0.06009686
7.52987394 8.71784315 3.28515209 1.68841461 7.46458692 0.06050420
7.53003099 8.71772822 3.28491503 1.68794312 7.46653399 0.06091609
7.53018892 8.71761265 3.28467665 1.68746898 7.46849193 0.06133260
7.53034773 8.71749643 3.28443693 1.68699219 7.47046086 0.06175380
7.53050744 8.71737955 3.28419586 1.68651271 7.47244088 0.06217977
7.53066805 8.71726201 3.28395342 1.68603052 7.47443210 0.06261057
7.53082957 8.71714381 3.28370961 1.68554559 7.47643462 0.06304628
7.53099201 8.71702493 3.28346441 1.68505790 7.47844855 0.06348698
7.53115539 8.71690537 3.28321781 1.68456742 7.48047400 0.06393273
7.53131970 8.71678512 3.28296980 1.68407412 7.48251108 0.06438363
7.53148495 8.71666418 3.28272035 1.68357798 7.48455990 0.06483974
7.53165117 8.71654255 3.28246946 1.68307897 7.48662058 0.06530116
7.53181834 8.71642020 3.28221711 1.68257706 7.48869324 0.06576796
7.53198650 8.71629714 3.28196329 1.68207222 7.49077798 0.06624022
7.53215564 8.71617336 3.28170798 1.68156442 7.49287494 0.06671804
7.53232577 8.71604886 3.28145117 1.68105364 7.49498422 0.06720150
7.53249691 8.71592361 3.28119285 1.68053985 7.49710595 0.06769068
7.53266906 8.71579763 3.28093300 1.68002301 7.49924025 0.06818569
7.53284224 8.71567090 3.28067160 1.67950309 7.50138725 0.06868661
7.53301645 8.71554341 3.28040863 1.67898007 7.50354708 0.06919354
7.53319170 8.71541515 3.28014410 1.67845391 7.50571985 0.06970657
7.53336801 8.71528612 3.27987797 1.67792459 7.50790571 0.07022581
7.53354539 8.71515632 3.27961023 1.67739207 7.51010477 0.07075134
7.53372384 8.71502572 3.27934086 1.67685631 7.51231719 0.07128329
7.53390338 8.71489433 3.27906986 1.67631729 7.51454308 0.07182173
7.53408401 8.71476214 3.27879719 1.67577497 7.51678259 0.07236680
7.53426576 8.71462913 3.27852286 1.67522933 7.51903585 0.07291858
7.53444863 8.71449531 3.27824683 1.67468031 7.52130301 0.07347720
7.53463263 8.71436065 3.27796909 1.67412790 7.52358421 0.07404277
7.53481777 8.71422516 3.27768962 1.67357206 7.52587958 0.07461539
7.53500407 8.71408882 3.27740841 1.67301274 7.52818928 0.07519520
7.53519154 8.71395163 3.27712544 1.67244992 7.53051346 0.07578230
7.53538018 8.71381357 3.27684069 1.67188356 7.53285226 0.07637681
7.53557002 8.71367465 3.27655414 1.67131362 7.53520583 0.07697888
7.53576106 8.71353484 3.27626577 1.67074007 7.53757434 0.07758861
7.53595332 8.71339414 3.27597556 1.67016286 7.53995793 0.07820614
7.53614681 8.71325254 3.27568350 1.66958196 7.54235676 0.07883160
7.53634154 8.71311003 3.27538957 1.66899733 7.54477100 0.07946513
7.53653753 8.71296661 3.27509374 1.66840894 7.54720080 0.08010686
7.53673478 8.71282225 3.27479599 1.66781673 7.54964633 0.08075694
7.53693332 8.71267696 3.27449631 1.66722067 7.55210775 0.08141551
7.53713315 8.71253072 3.27419467 1.66662073 7.55458524 0.08208270
7.53733429 8.71238352 3.27389106 1.66601685 7.55707897 0.08275868
7.53753676 8.71223535 3.27358544 1.66540900 7.55958910 0.08344360
7.53774056 8.71208620 3.27327781 1.66479713 7.56211582 0.08413760
7.53794572 8.71193606 3.27296814 1.66418121 7.56465931 0.08484085
7.53815224 8.71178492 3.27265640 1.66356118 7.56721973 0.08555352
7.53836014 8.71163278 3.27234258 1.66293700 7.56979728 0.08627576
7.53856944 8.71147961 3.27202665 1.66230863 7.57239215 0.08700774
7.53878016 8.71132540 3.27170860 1.66167602 7.57500451 0.08774964
7.53899229 8.71117016 3.27138838 1.66103913 7.57763457 0.08850163
7.53920588 8.71101385 3.27106599 1.66039791 7.58028251 0.08926390
7.53942092 8.71085648 3.27074140 1.65975231 7.58294853 0.09003662
7.53963743 8.71069803 3.27041458 1.65910228 7.58563282 0.09081998
7.53985543 8.71053849 3.27008552 1.65844778 7.58833560 0.09161418
7.54007494 8.71037785 3.26975418 1.65778876 7.59105706 0.09241940
7.54029598 8.71021609 3.26942054 1.65712516 7.59379741 0.09323586
7.54051855 8.71005321 3.26908457 1.65645693 7.59655685 0.09406374
7.54074269 8.70988918 3.26874625 1.65578403 7.59933561 0.09490327
7.54096839 8.70972400 3.26840556 1.65510640 7.60213389 0.09575465
7.54119570 8.70955766 3.26806246 1.65442399 7.60495192 0.09661809
7.54142461 8.70939014 3.26771693 1.65373675 7.60778992 0.09749383
7.54165515 8.70922143 3.26736894 1.65304461 7.61064810 0.09838209
7.54188733 8.70905151 3.26701847 1.65234753 7.61352670 0.09928309
7.54212118 8.70888037 3.26666548 1.65164546 7.61642595 0.10019708
7.54235672 8.70870800 3.26630995 1.65093832 7.61934607 0.10112430
7.54259396 8.70853438 3.26595185 1.65022607 7.62228732 0.10206499
7.54283292 8.70835951 3.26559115 1.64950865 7.62524992 0.10301940
7.54307362 8.70818336 3.26522782 1.64878600 7.62823412 0.10398779
7.54331609 8.70800591 3.26486183 1.64805806 7.63124016 0.10497043
7.54356034 8.70782717 3.26449315 1.64732477 7.63426830 0.10596758
7.54380639 8.70764710 3.26412175 1.64658607 7.63731879 0.10697952
7.54405426 8.70746571 3.26374759 1.64584189 7.64039188 0.10800653
7.54430398 8.70728296 3.26337066 1.64509218 7.64348784 0.10904889
7.54455556 8.70709884 3.26299091 1.64433687 7.64660692 0.11010690
7.54480903 8.70691335 3.26260830 1.64357589 7.64974939 0.11118085
7.54506441 8.70672646 3.26222282 1.64280918 7.65291553 0.11227105
7.54532172 8.70653815 3.26183443 1.64203668 7.65610561 0.11337782
7.54558098 8.70634842 3.26144308 1.64125831 7.65931990 0.11450147
7.54584222 8.70615724 3.26104876 1.64047401 7.66255868 0.11564233
7.54610546 8.70596460 3.26065141 1.63968371 7.66582224 0.11680073
7.54637072 8.70577047 3.26025102 1.63888734 7.66911087 0.11797701
7.54663802 8.70557486 3.25984754 1.63808482 7.67242487 0.11917152
7.54690739 8.70537772 3.25944093 1.63727610 7.67576451 0.12038462
7.54717886 8.70517906 3.25903116 1.63646109 7.67913011 0.12161666
7.54745245 8.70497884 3.25861820 1.63563972 7.68252197 0.12286802
7.54772817 8.70477706 3.25820200 1.63481192 7.68594039 0.12413908
7.54800607 8.70457369 3.25778253 1.63397761 7.68938569 0.12543022
7.54828616 8.70436871 3.25735975 1.63313672 7.69285818 0.12674184
7.54856847 8.70416212 3.25693362 1.63228916 7.69635818 0.12807435
7.54885302 8.70395387 3.25650410 1.63143486 7.69988602 0.12942815
7.54913984 8.70374397 3.25607116 1.63057375 7.70344201 0.13080367
7.54942896 8.70353238 3.25563474 1.62970574 7.70702649 0.13220134
7.54972041 8.70331910 3.25519482 1.62883074 7.71063979 0.13362160
7.55001421 8.70310409 3.25475134 1.62794869 7.71428226 0.13506490
7.55031039 8.70288734 3.25430427 1.62705949 7.71795423 0.13653169
7.55060898 8.70266883 3.25385357 1.62616306 7.72165605 0.13802246
7.55091000 8.70244853 3.25339919 1.62525932 7.72538807 0.13953766
7.55121349 8.70222644 3.25294109 1.62434817 7.72915065 0.14107781
7.55151947 8.70200251 3.25247923 1.62342955 7.73294414 0.14264338
7.55182797 8.70177674 3.25201356 1.62250335 7.73676890 0.14423490
7.55213902 8.70154911 3.25154404 1.62156948 7.74062531 0.14585288
7.55245266 8.70131958 3.25107062 1.62062787 7.74451372 0.14749786
7.55276891 8.70108814 3.25059326 1.61967841 7.74843452 0.14917037
7.55308780 8.70085477 3.25011190 1.61872102 7.75238809 0.15087098
7.55340937 8.70061944 3.24962652 1.61775561 7.75637479 0.15260024
7.55373364 8.70038214 3.24913705 1.61678207 7.76039502 0.15435873
7.55406064 8.70014283 3.24864345 1.61580033 7.76444917 0.15614704
7.55439041 8.69990149 3.24814567 1.61481027 7.76853763 0.15796577
7.55472299 8.69965811 3.24764367 1.61381181 7.77266079 0.15981552
7.55505839 8.69941266 3.24713740 1.61280485 7.77681905 0.16169694
7.55539665 8.69916511 3.24662680 1.61178929 7.78101282 0.16361064
7.55573782 8.69891544 3.24611183 1.61076504 7.78524249 0.16555727
7.55608191 8.69866362 3.24559244 1.60973199 7.78950849 0.16753751
7.55642897 8.69840964 3.24506858 1.60869005 7.79381122 0.16955202
7.55677902 8.69815346 3.24454019 1.60763911 7.79815110 0.17160148
7.55713210 8.69789507 3.24400723 1.60657907 7.80252854 0.17368660
7.55748824 8.69763444 3.24346965 1.60550984 7.80694396 0.17580808
7.55784749 8.69737154 3.24292739 1.60443130 7.81139779 0.17796665
7.55820986 8.69710634 3.24238040 1.60334337 7.81589045 0.18016305
7.55857540 8.69683883 3.24182864 1.60224592 7.82042237 0.18239802
7.55894415 8.69656898 3.24127204 1.60113887 7.82499398 0.18467232
7.55931613 8.69629676 3.24071055 1.60002210 7.82960570 0.18698674
7.55969138 8.69602214 3.24014413 1.59889551 7.83425798 0.18934206
7.56006993 8.69574511 3.23957272 1.59775899 7.83895124 0.19173908
7.56045183 8.69546563 3.23899627 1.59661245 7.84368592 0.19417861
7.56083710 8.69518368 3.23841472 1.59545577 7.84846244 0.19666148
7.56122578 8.69489923 3.23782802 1.59428885 7.85328126 0.19918852
7.56161791 8.69461226 3.23723612 1.59311159 7.85814280 0.20176058
7.56201352 8.69432275 3.23663897 1.59192387 7.86304750 0.20437853
7.56241265 8.69403066 3.23603651 1.59072560 7.86799579 0.20704323
7.56281532 8.69373597 3.23542868 1.58951666 7.87298811 0.20975557
7.56322159 8.69343866 3.23481545 1.58829696 7.87802488 0.21251644
7.56363147 8.69313870 3.23419675 1.58706639 7.88310655 0.21532675
7.56404501 8.69283606 3.23357253 1.58582485 7.88823353 0.21818741
7.56446224 8.69253073 3.23294275 1.58457223 7.89340624 0.22109935
7.56488319 8.69222266 3.23230734 1.58330843 7.89862513 0.22406349
7.56530790 8.69191185 3.23166626 1.58203336 7.90389058 0.22708078
7.56573640 8.69159827 3.23101947 1.58074690 7.90920304 0.23015217
7.56616872 8.69128189 3.23036690 1.57944896 7.91456289 0.23327860
7.56660490 8.69096268 3.22970851 1.57813945 7.91997054 0.23646103
7.56704496 8.69064063 3.22904425 1.57681827 7.92542639 0.23970044
7.56748895 8.69031572 3.22837408 1.57548532 7.93093083 0.24299779
7.56793688 8.68998791 3.22769794 1.57414052 7.93648424 0.24635405
7.56838880 8.68965719 3.22701580 1.57278376 7.94208699 0.24977019
7.56884472 8.68932354 3.22632760 1.57141497 7.94773944 0.25324718
7.56930468 8.68898693 3.22563332 1.57003406 7.95344195 0.25678600
7.56976871 8.68864734 3.22493289 1.56864094 7.95919486 0.26038762
7.57023682 8.68830476 3.22422629 1.56723554 7.96499850 0.26405299
7.57070906 8.68795917 3.22351347 1.56581777 7.97085319 0.26778308
7.57118544 8.68761055 3.22279441 1.56438757 7.97675922 0.27157883
7.57166598 8.68725888 3.22206905 1.56294487 7.98271689 0.27544119
7.57215071 8.68690415 3.22133738 1.56148960 7.98872647 0.27937109
7.57263964 8.68654633 3.22059935 1.56002169 7.99478822 0.28336944
7.57313281 8.68618542 3.21985494 1.55854110 8.00090237 0.28743713
7.57363021 8.68582141 3.21910413 1.55704776 8.00706913 0.29157506
7.57413188 8.68545428 3.21834689 1.55554163 8.01328871 0.29578408
7.57463782 8.68508402 3.21758320 1.55402268 8.01956128 0.30006502
7.57514805 8.68471063 3.21681303 1.55249085 8.02588699 0.30441869
7.57566258 8.68433409 3.21603638 1.55094612 8.03226597 0.30884587
7.57618140 8.68395440 3.21525324 1.54938848 8.03869831 0.31334732
7.57670454 8.68357155 3.21446358 1.54781789 8.04518410 0.31792373
7.57723200 8.68318555 3.21366742 1.54623434 8.05172337 0.32257578
7.57776377 8.68279639 3.21286474 1.54463785 8.05831613 0.32730410
7.57829985 8.68240408 3.21205555 1.54302840 8.06496238 0.33210927
7.57884024 8.68200861 3.21123985 1.54140601 8.07166206 0.33699182
7.57938493 8.68160999 3.21041766 1.53977071 8.07841507 0.34195222
7.57993392 8.68120823 3.20958900 1.53812252 8.08522131 0.34699091
7.58048719 8.68080334 3.20875387 1.53646148 8.09208060 0.35210823
7.58104472 8.68039533 3.20791230 1.53478765 8.09899275 0.35730448
7.58160649 8.67998421 3.20706433 1.53310107 8.10595751 0.36257987
7.58217248 8.67957000 3.20620999 1.53140182 8.11297459 0.36793455
7.58274267 8.67915273 3.20534932 1.52968998 8.12004367 0.37336859
7.58331702 8.67873241 3.20448237 1.52796564 8.12716436 0.37888196
7.58389550 8.67830906 3.20360918 1.52622891 8.13433624 0.38447457
7.58447807 8.67788273 3.20272982 1.52447989 8.14155884 0.39014621
7.58506469 8.67745343 3.20184435 1.52271872 8.14883162 0.39589657
7.58565531 8.67702120 3.20095284 1.52094554 8.15615402 0.40172527
7.58624988 8.67658608 3.20005536 1.51916050 8.16352539 0.40763180
7.58684834 8.67614811 3.19915201 1.51736376 8.17094504 0.41361553
7.58745064 8.67570734 3.19824287 1.51555552 8.17841223 0.41967573
7.58805671 8.67526381 3.19732804 1.51373596 8.18592615 0.42581156
7.58866648 8.67481757 3.19640763 1.51190529 8.19348594 0.43202203
7.58927987 8.67436867 3.19548174 1.51006373 8.20109066 0.43830605
7.58989681 8.67391718 3.19455050 1.50821154 8.20873934 0.44466237
7.59051721 8.67346316 3.19361404 1.50634896 8.21643092 0.45108964
7.59114097 8.67300668 3.19267249 1.50447625 8.22416428 0.45758633
7.59176802 8.67254780 3.19172600 1.50259372 8.23193825 0.46415082
7.59239823 8.67208659 3.19077472 1.50070165 8.23975157 0.47078131
7.59303152 8.67162314 3.18981880 1.49880037 8.24760295 0.47747588
7.59366777 8.67115752 3.18885842 1.49689021 8.25549099 0.48423243
7.59430685 8.67068982 3.18789375 1.49497152 8.26341426 0.49104876
7.59494866 8.67022014 3.18692498 1.49304467 8.27137125 0.49792249
7.59559306 8.66974855 3.18595229 1.49111003 8.27936038 0.50485110
7.59623992 8.66927517 3.18497589 1.48916801 8.28738002 0.51183194
7.59688910 8.66880008 3.18399598 1.48721901 8.29542845 0.51886218
7.59754046 8.66832340 3.18301278 1.48526346 8.30350391 0.52593888
7.59819385 8.66784524 3.18202652 1.48330182 8.31160457 0.53305895
7.59884913 8.66736569 3.18103741 1.48133453 8.31972853 0.54021916
7.59950612 8.66688489 3.18004571 1.47936207 8.32787383 0.54741614
7.60016468 8.66640295 3.17905165 1.47738493 8.33603848 0.55464640
7.60082462 8.66591998 3.17805549 1.47540361 8.34422039 0.56190632
7.60148579 8.66543613 3.17705749 1.47341862 8.35241745 0.56919217
7.60214801 8.66495150 3.17605791 1.47143048 8.36062749 0.57650011
7.60281109 8.66446624 3.17505701 1.46943975 8.36884827 0.58382617
7.60347486 8.66398049 3.17405509 1.46744696 8.37707752 0.59116632
7.60413912 8.66349436 3.17305242 1.46545268 8.38531295 0.59851643
7.60480370 8.66300802 3.17204928 1.46345748 8.39355218 0.60587227
7.60546838 8.66252159 3.17104597 1.46146193 8.40179284 0.61322958
7.60613299 8.66203521 3.17004278 1.45946662 8.41003250 0.62058401
7.60679732 8.66154905 3.16904001 1.45747215 8.41826871 0.62793118
7.60746116 8.66106323 3.16803796 1.45547912 8.42649899 0.63526667
7.60812433 8.66057791 3.16703693 1.45348812 8.43472085 0.64258603
7.60878662 8.66009323 3.16603724 1.45149977 8.44293178 0.64988480
7.60944783 8.65960935 3.16503919 1.44951468 8.45112924 0.65715853
7.61010774 8.65912641 3.16404308 1.44753347 8.45931071 0.66440278
7.61076616 8.65864457 3.16304923 1.44555674 8.46747366 0.67161312
7.61142288 8.65816397 3.16205795 1.44358511 8.47561555 0.67878516
7.61207769 8.65768476 3.16106953 1.44161919 8.48373385 0.68591457
7.61273040 8.65720709 3.16008430 1.43965959 8.49182605 0.69299709
7.61338081 8.65673111 3.15910254 1.43770692 8.49988965 0.70002850
7.61402871 8.65625696 3.15812457 1.43576178 8.50792217 0.70700469
7.61467390 8.65578480 3.15715068 1.43382475 8.51592116 0.71392166
7.61531619 8.65531476 3.15618117 1.43189643 8.52388419 0.72077547
7.61595540 8.65484698 3.15521633 1.42997740 8.53180888 0.72756236
7.61659131 8.65438160 3.15425644 1.42806822 8.53969288 0.73427864
7.61722376 8.65391876 3.15330179 1.42616945 8.54753387 0.74092080
7.61785256 8.65345859 3.15235265 1.42428165 8.55532960 0.74748544
7.61847753 8.65300122 3.15140929 1.42240534 8.56307786 0.75396936
7.61909850 8.65254679 3.15047197 1.42054105 8.57077649 0.76036947
7.61971529 8.65209541 3.14954095 1.41868928 8.57842339 0.76668288
7.62032775 8.65164720 3.14861647 1.41685054 8.58601654 0.77290685
7.62093571 8.65120228 3.14769878 1.41502529 8.59355394 0.77903885
7.62153903 8.65076076 3.14678811 1.41321399 8.60103371 0.78507650
7.62213754 8.65032275 3.14588468 1.41141710 8.60845400 0.79101762
7.62273112 8.64988836 3.14498870 1.40963504 8.61581306 0.79686020
7.62331962 8.64945768 3.14410039 1.40786822 8.62310919 0.80260244
7.62390292 8.64903082 3.14321993 1.40611703 8.63034077 0.80824270
7.62448088 8.64860785 3.14234752 1.40438184 8.63750628 0.81377956
7.62505340 8.64818887 3.14148333 1.40266300 8.64460425 0.81921177
7.62562036 8.64777396 3.14062754 1.40096085 8.65163331 0.82453825
7.62618166 8.64736319 3.13978029 1.39927571 8.65859216 0.82975814
7.62673719 8.64695664 3.13894173 1.39760786 8.66547958 0.83487071
7.62728687 8.64655437 3.13811201 1.39595758 8.67229443 0.83987544
7.62783062 8.64615645 3.13729126 1.39432513 8.67903566 0.84477198
7.62836834 8.64576293 3.13647959 1.39271075 8.68570230 0.84956014
7.62889998 8.64537386 3.13567711 1.39111464 8.69229345 0.85423987
7.62942546 8.64498930 3.13488391 1.38953701 8.69880830 0.85881131
7.62994473 8.64460929 3.13410010 1.38797804 8.70524612 0.86327473
7.63045774 8.64423386 3.13332575 1.38643788 8.71160624 0.86763054
7.63096443 8.64386306 3.13256092 1.38491668 8.71788808 0.87187930
7.63146476 8.64349690 3.13180569 1.38341455 8.72409115 0.87602169
7.63195871 8.64313542 3.13106010 1.38193160 8.73021501 0.88005850
7.63244624 8.64277864 3.13032420 1.38046792 8.73625930 0.88399065
7.63292733 8.64242657 3.12959802 1.37902358 8.74222373 0.88781918
7.63340195 8.64207922 3.12888159 1.37759863 8.74810809 0.89154521
7.63387011 8.64173662 3.12817493 1.37619311 8.75391223 0.89516995
7.63433179 8.64139875 3.12747805 1.37480704 8.75963604 0.89869472
7.63478699 8.64106563 3.12679095 1.37344042 8.76527952 0.90212090
7.63523571 8.64073724 3.12611362 1.37209325 8.77084269 0.90544994
7.63567796 8.64041359 3.12544607 1.37076551 8.77632564 0.90868338
7.63611376 8.64009467 3.12478826 1.36945715 8.78172853 0.91182278
7.63654311 8.63978046 3.12414017 1.36816813 8.78705155 0.91486980
7.63696604 8.63947095 3.12350178 1.36689839 8.79229497 0.91782610
7.63738257 8.63916613 3.12287304 1.36564786 8.79745908 0.92069341
7.63779274 8.63886596 3.12225392 1.36441644 8.80254423 0.92347348
7.63819657 8.63857043 3.12164436 1.36320405 8.80755082 0.92616810
7.63859409 8.63827951 3.12104431 1.36201058 8.81247927 0.92877907
7.63898536 8.63799318 3.12045372 1.36083592 8.81733007 0.93130823
7.63937040 8.63771140 3.11987252 1.35967994 8.82210373 0.93375741
7.63974926 8.63743414 3.11930065 1.35854250 8.82680079 0.93612845
7.64012199 8.63716137 3.11873803 1.35742347 8.83142184 0.93842322
7.64048864 8.63689304 3.11818459 1.35632271 8.83596749 0.94064357
7.64084926 8.63662914 3.11764025 1.35524004 8.84043837 0.94279134
7.64120390 8.63636960 3.11710494 1.35417532 8.84483516 0.94486839
7.64155262 8.63611440 3.11657856 1.35312837 8.84915855 0.94687654
7.64189548 8.63586349 3.11606103 1.35209903 8.85340925 0.94881763
7.64223254 8.63561682 3.11555226 1.35108710 8.85758801 0.95069346
7.64256385 8.63537436 3.11505216 1.35009242 8.86169557 0.95250582
7.64288948 8.63513606 3.11456063 1.34911479 8.86573272 0.95425648
7.64320950 8.63490186 3.11407758 1.34815402 8.86970023 0.95594718
7.64352397 8.63467173 3.11360291 1.34720992 8.87359892 0.95757966
7.64383295 8.63444561 3.11313652 1.34628229 8.87742960 0.95915560
7.64413651 8.63422346 3.11267831 1.34537092 8.88119310 0.96067669
7.64443472 8.63400522 3.11222817 1.34447562 8.88489026 0.96214455
7.64472765 8.63379085 3.11178601 1.34359618 8.88852192 0.96356081
7.64501536 8.63358030 3.11135172 1.34273240 8.89208894 0.96492704
7.64529793 8.63337351 3.11092520 1.34188406 8.89559219 0.96624480
7.64557542 8.63317043 3.11050633 1.34105095 8.89903251 0.96751561
7.64584791 8.63297102 3.11009502 1.34023287 8.90241079 0.96874094
7.64611547 8.63277521 3.10969116 1.33942961 8.90572790 0.96992226
7.64637816 8.63258297 3.10929464 1.33864094 8.90898470 0.97106098
7.64663606 8.63239423 3.10890535 1.33786667 8.91218208 0.97215848
7.64688924 8.63220896 3.10852320 1.33710658 8.91532090 0.97321612
7.64713776 8.63202708 3.10814806 1.33636045 8.91840204 0.97423521
7.64738170 8.63184856 3.10777985 1.33562808 8.92142637 0.97521704
7.64762113 8.63167334 3.10741844 1.33490926 8.92439477 0.97616286
7.64785611 8.63150137 3.10706374 1.33420377 8.92730809 0.97707388
7.64808673 8.63133261 3.10671564 1.33351141 8.93016719 0.97795129
7.64831304 8.63116699 3.10637404 1.33283198 8.93297295 0.97879624
7.64853511 8.63100447 3.10603882 1.33216525 8.93572620 0.97960984
7.64875302 8.63084500 3.10570990 1.33151104 8.93842780 0.98039318
7.64896684 8.63068853 3.10538716 1.33086912 8.94107859 0.98114732
7.64917661 8.63053501 3.10507051 1.33023931 8.94367940 0.98187327
7.64938243 8.63038439 3.10475984 1.32962141 8.94623106 0.98257202
7.64958435 8.63023662 3.10445506 1.32901520 8.94873439 0.98324455
7.64978243 8.63009166 3.10415606 1.32842051 8.95119021 0.98389177
7.64997675 8.62994945 3.10386275 1.32783712 8.95359932 0.98451460
7.65016736 8.62980995 3.10357502 1.32726485 8.95596252 0.98511390
7.65035434 8.62967312 3.10329279 1.32670351 8.95828060 0.98569053
7.65053774 8.62953891 3.10301596 1.32615290 8.96055433 0.98624530
7.65071762 8.62940727 3.10274444 1.32561285 8.96278450 0.98677900
7.65089405 8.62927815 3.10247812 1.32508316 8.96497186 0.98729240
7.65106709 8.62915152 3.10221693 1.32456365 8.96711716 0.98778624
7.65123680 8.62902732 3.10196076 1.32405415 8.96922116 0.98826124
7.65140323 8.62890552 3.10170954 1.32355447 8.97128459 0.98871809
7.65156645 8.62878607 3.10146317 1.32306445 8.97330816 0.98915746
7.65172652 8.62866894 3.10122156 1.32258390 8.97529260 0.98958000
7.65188348 8.62855407 3.10098463 1.32211265 8.97723861 0.98998632
7.65203740 8.62844142 3.10075229 1.32165055 8.97914689 0.99037704
7.65218833 8.62833097 3.10052447 1.32119741 8.98101813 0.99075272
7.65233633 8.62822266 3.10030107 1.32075308 8.98285300 0.99111395
7.65248145 8.62811646 3.10008202 1.32031740 8.98465216 0.99146125
7.65262375 8.62801232 3.09986723 1.31989020 8.98641628 0.99179514
7.65276326 8.62791022 3.09965664 1.31947133 8.98814600 0.99211614
7.65290006 8.62781011 3.09945015 1.31906064 8.98984196 0.99242473
7.65303418 8.62771196 3.09924770 1.31865797 8.99150479 0.99272137
7.65316568 8.62761572 3.09904921 1.31826318 8.99313509 0.99300653
7.65329461 8.62752137 3.09885460 1.31787612 8.99473349 0.99328063
7.65342101 8.62742887 3.09866381 1.31749663 8.99630058 0.99354409
7.65354493 8.62733818 3.09847675 1.31712459 8.99783694 0.99379732
7.65366642 8.62724927 3.09829337 1.31675984 8.99934315 0.99404071
7.65378552 8.62716211 3.09811359 1.31640226 9.00081980 0.99427463
7.65390229 8.62707666 3.09793734 1.31605171 9.00226742 0.99449945
7.65401676 8.62699289 3.09776455 1.31570805 9.00368658 0.99471551
7.65412897 8.62691077 3.09759517 1.31537115 9.00507781 0.99492315
7.65423898 8.62683026 3.09742912 1.31504088 9.00644165 0.99512270
7.65434682 8.62675134 3.09726634 1.31471712 9.00777862 0.99531446
7.65445253 8.62667398 3.09710677 1.31439974 9.00908924 0.99549873
7.65455616 8.62659814 3.09695035 1.31408863 9.01037400 0.99567580
7.65465774 8.62652380 3.09679701 1.31378365 9.01163340 0.99584595
7.65475732 8.62645093 3.09664671 1.31348470 9.01286794 0.99600945
7.65485493 8.62637950 3.09649937 1.31319165 9.01407809 0.99616654
7.65495061 8.62630948 3.09635494 1.31290439 9.01526432 0.99631749
7.65504440 8.62624084 3.09621337 1.31262282 9.01642709 0.99646253
7.65513633 8.62617356 3.09607461 1.31234681 9.01756686 0.99660189
7.65522645 8.62610762 3.09593858 1.31207627 9.01868407 0.99673578
7.65531477 8.62604297 3.09580526 1.31181109 9.01977916 0.99686443
7.65540135 8.62597961 3.09567457 1.31155115 9.02085255 0.99698802
7.65548622 8.62591751 3.09554647 1.31129637 9.02190468 0.99710677
7.65556940 8.62585663 3.09542091 1.31104664 9.02293595 0.99722085
7.65565093 8.62579697 3.09529784 1.31080186 9.02394677 0.99733046
7.65573085 8.62573848 3.09517722 1.31056194 9.02493754 0.99743576
7.65580918 8.62568116 3.09505898 1.31032678 9.02590865 0.99753692
7.65588595 8.62562498 3.09494309 1.31009628 9.02686048 0.99763410
7.65596120 8.62556991 3.09482951 1.30987036 9.02779342 0.99772747
7.65603495 8.62551593 3.09471818 1.30964893 9.02870782 0.99781716
7.65610724 8.62546303 3.09460906 1.30943190 9.02960406 0.99790332
7.65617810 8.62541118 3.09450211 1.30921918 9.03048249 0.99798610
7.65624754 8.62536035 3.09439729 1.30901069 9.03134346 0.99806561
7.65631561 8.62531054 3.09429455 1.30880634 9.03218731 0.99814199
7.65638232 8.62526172 3.09419385 1.30860606 9.03301438 0.99821537
7.65644770 8.62521387 3.09409515 1.30840976 9.03382500 0.99828586
7.65651179 8.62516698 3.09399842 1.30821737 9.03461949 0.99835357
7.65657459 8.62512101 3.09390362 1.30802880 9.03539817 0.99841861
7.65663615 8.62507596 3.09381070 1.30784399 9.03616136 0.99848108
7.65669648 8.62503181 3.09371963 1.30766286 9.03690935 0.99854110
7.65675562 8.62498854 3.09363038 1.30748533 9.03764245 0.99859875
7.65681357 8.62494613 3.09354290 1.30731134 9.03836094 0.99865412
7.65687037 8.62490456 3.09345716 1.30714082 9.03906513 0.99870731
7.65692604 8.62486382 3.09337313 1.30697369 9.03975529 0.99875841
7.65698060 8.62482389 3.09329078 1.30680989 9.04043170 0.99880748
7.65703407 8.62478476 3.09321007 1.30664936 9.04109463 0.99885463
7.65708647 8.62474641 3.09313096 1.30649202 9.04174435 0.99889991
7.65713783 8.62470882 3.09305344 1.30633782 9.04238112 0.99894340
7.65718817 8.62467198 3.09297745 1.30618670 9.04300519 0.99898518
7.65723751 8.62463588 3.09290299 1.30603858 9.04361682 0.99902530
7.65728586 8.62460050 3.09283000 1.30589343 9.04421626 0.99906385
7.65733324 8.62456582 3.09275848 1.30575116 9.04480374 0.99910087
7.65737968 8.62453183 3.09268838 1.30561174 9.04537950 0.99913642
7.65742520 8.62449852 3.09261968 1.30547509 9.04594378 0.99917058
7.65746980 8.62446588 3.09255234 1.30534117 9.04649680 0.99920338
7.65751352 8.62443389 3.09248636 1.30520993 9.04703879 0.99923489
7.65755636 8.62440253 3.09242169 1.30508130 9.04756996 0.99926516
7.65759835 8.62437180 3.09235831 1.30495524 9.04809054 0.99929423
7.65763950 8.62434169 3.09229619 1.30483169 9.04860072 0.99932215
7.65767983 8.62431218 3.09223531 1.30471061 9.04910072 0.99934896
7.65771936 8.62428325 3.09217565 1.30459195 9.04959075 0.99937472
7.65775809 8.62425490 3.09211718 1.30447565 9.05007099 0.99939946
7.65779606 8.62422712 3.09205988 1.30436168 9.05054164 0.99942322
7.65783326 8.62419989 3.09200372 1.30424998 9.05100290 0.99944604
7.65786972 8.62417321 3.09194868 1.30414051 9.05145495 0.99946796
7.65790546 8.62414706 3.09189475 1.30403323 9.05189797 0.99948901
7.65794048 8.62412143 3.09184188 1.30392809 9.05233214 0.99950923
7.65797480 8.62409631 3.09179008 1.30382505 9.05275765 0.99952865
7.65800843 8.62407170 3.09173931 1.30372407 9.05317465 0.99954730
7.65804140 8.62404758 3.09168955 1.30362511 9.05358333 0.99956522
7.65807370 8.62402393 3.09164079 1.30352812 9.05398385 0.99958242
7.65810536 8.62400076 3.09159300 1.30343307 9.05437636 0.99959895
7.65813639 8.62397806 3.09154616 1.30333992 9.05476103 0.99961482
7.65816680 8.62395580 3.09150026 1.30324862 9.05513803 0.99963007
7.65819660 8.62393400 3.09145528 1.30315916 9.05550748 0.99964471
7.65822580 8.62391262 3.09141120 1.30307148 9.05586956 0.99965877
7.65825443 8.62389168 3.09136800 1.30298555 9.05622441 0.99967228
7.65828247 8.62387115 3.09132566 1.30290134 9.05657216 0.99968525
7.65830996 8.62385103 3.09128416 1.30281881 9.05691296 0.99969771
7.65833690 8.62383132 3.09124350 1.30273793 9.05724696 0.99970967
7.65836331 8.62381200 3.09120365 1.30265866 9.05757428 0.99972116
7.65838918 8.62379306 3.09116459 1.30258098 9.05789506 0.99973220
7.65841454 8.62377450 3.09112632 1.30250486 9.05820943 0.99974280
7.65843939 8.62375632 3.09108880 1.30243025 9.05851752 0.99975298
7.65846374 8.62373850 3.09105204 1.30235713 9.05881945 0.99976276
7.65848761 8.62372103 3.09101602 1.30228548 9.05911535 0.99977215
7.65851100 8.62370391 3.09098071 1.30221526 9.05940533 0.99978117
7.65853392 8.62368714 3.09094611 1.30214644 9.05968952 0.99978984
7.65855638 8.62367070 3.09091220 1.30207900 9.05996803 0.99979816
7.65857840 8.62365459 3.09087897 1.30201290 9.06024097 0.99980615
7.65859997 8.62363880 3.09084641 1.30194813 9.06050845 0.99981382
7.65862112 8.62362332 3.09081449 1.30188465 9.06077059 0.99982119
7.65864184 8.62360816 3.09078321 1.30182244 9.06102749 0.99982827
7.65866215 8.62359330 3.09075256 1.30176147 9.06127925 0.99983507
7.65868205 8.62357873 3.09072252 1.30170172 9.06152598 0.99984160
7.65870155 8.62356446 3.09069308 1.30164317 9.06176778 0.99984787
7.65872066 8.62355047 3.09066423 1.30158579 9.06200474 0.99985389
7.65873940 8.62353677 3.09063596 1.30152955 9.06223697 0.99985968
7.65875775 8.62352333 3.09060825 1.30147444 9.06246456 0.99986523
7.65877574 8.62351017 3.09058109 1.30142043 9.06268759 0.99987057
7.65879337 8.62349726 3.09055448 1.30136750 9.06290617 0.99987569
7.65881065 8.62348462 3.09052840 1.30131563 9.06312037 0.99988061
7.65882758 8.62347223 3.09050284 1.30126479 9.06333030 0.99988534
7.65884418 8.62346009 3.09047780 1.30121497 9.06353602 0.99988988
7.65886044 8.62344818 3.09045325 1.30116615 9.06373764 0.99989424
7.65887637 8.62343652 3.09042919 1.30111831 9.06393522 0.99989843
7.65889199 8.62342509 3.09040562 1.30107142 9.06412885 0.99990245
7.65890730 8.62341389 3.09038251 1.30102546 9.06431861 0.99990631
7.65892230 8.62340291 3.09035987 1.30098043 9.06450458 0.99991002
7.65893700 8.62339216 3.09033768 1.30093630 9.06468683 0.99991358
7.65895141 8.62338161 3.09031594 1.30089305 9.06486543 0.99991701
7.65896552 8.62337128 3.09029463 1.30085066 9.06504046 0.99992029
7.65897936 8.62336116 3.09027374 1.30080912 9.06521200 0.99992345
7.65899292 8.62335123 3.09025328 1.30076841 9.06538010 0.99992648
7.65900621 8.62334151 3.09023322 1.30072852 9.06554484 0.99992939
7.65901923 8.62333198 3.09021356 1.30068943 9.06570629 0.99993219
7.65903199 8.62332264 3.09019430 1.30065111 9.06586451 0.99993487
7.65904450 8.62331349 3.09017542 1.30061356 9.06601956 0.99993745
7.65905675 8.62330452 3.09015692 1.30057677 9.06617152 0.99993993
7.65906876 8.62329573 3.09013879 1.30054070 9.06632044 0.99994231
7.65908054 8.62328711 3.09012102 1.30050536 9.06646638 0.99994459
7.65909207 8.62327867 3.09010361 1.30047073 9.06660940 0.99994678
7.65910338 8.62327040 3.09008654 1.30043679 9.06674956 0.99994889
7.65911446 8.62326229 3.09006982 1.30040353 9.06688691 0.99995092
7.65912531 8.62325434 3.09005343 1.30037093 9.06702153 0.99995286
7.65913595 8.62324656 3.09003737 1.30033898 9.06715345 0.99995473
7.65914638 8.62323892 3.09002163 1.30030768 9.06728273 0.99995652
7.65915660 8.62323145 3.09000620 1.30027700 9.06740942 0.99995824
7.65916662 8.62322412 3.08999109 1.30024693 9.06753359 0.99995989
7.65917643 8.62321693 3.08997627 1.30021746 9.06765526 0.99996148
7.65918605 8.62320990 3.08996175 1.30018859 9.06777451 0.99996301
7.65919548 8.62320300 3.08994753 1.30016029 9.06789137 0.99996447
7.65920471 8.62319624 3.08993358 1.30013256 9.06800590 0.99996588
7.65921377 8.62318961 3.08991992 1.30010538 9.06811813 0.99996723
7.65922264 8.62318312 3.08990653 1.30007874 9.06822812 0.99996853
7.65923133 8.62317676 3.08989340 1.30005264 9.06833591 0.99996977
7.65923985 8.62317052 3.08988054 1.30002706 9.06844155 0.99997097
7.65924820 8.62316441 3.08986794 1.30000199 9.06854507 0.99997212
7.65925639 8.62315842 3.08985559 1.29997742 9.06864652 0.99997322
7.65926440 8.62315255 3.08984348 1.29995335 9.06874594 0.99997428
7.65927226 8.62314680 3.08983162 1.29992975 9.06884338 0.99997530
7.65927997 8.62314117 3.08981999 1.29990663 9.06893886 0.99997628
7.65928751 8.62313564 3.08980860 1.29988397 9.06903244 0.99997722
7.65929491 8.62313023 3.08979743 1.29986176 9.06912415 0.99997812
7.65930216 8.62312492 3.08978649 1.29984000 9.06921402 0.99997899
7.65930926 8.62311973 3.08977577 1.29981867 9.06930209 0.99997982
7.65931623 8.62311463 3.08976526 1.29979777 9.06938840 0.99998062
7.65932305 8.62310964 3.08975496 1.29977729 9.06947299 0.99998139
7.65932973 8.62310474 3.08974487 1.29975721 9.06955588 0.99998212
7.65933629 8.62309995 3.08973498 1.29973754 9.06963712 0.99998283
7.65934271 8.62309525 3.08972529 1.29971826 9.06971673 0.99998351
7.65934900 8.62309064 3.08971579 1.29969937 9.06979475 0.99998416
7.65935517 8.62308613 3.08970648 1.29968085 9.06987121 0.99998479
7.65936121 8.62308171 3.08969735 1.29966271 9.06994614 0.99998539
7.65936714 8.62307737 3.08968841 1.29964492 9.07001958 0.99998597
7.65937294 8.62307313 3.08967965 1.29962750 9.07009154 0.99998653
7.65937863 8.62306896 3.08967107 1.29961042 9.07016206 0.99998706
7.65938420 8.62306488 3.08966265 1.29959368 9.07023118 0.99998757
7.65938967 8.62306088 3.08965440 1.29957728 9.07029891 0.99998807
7.65939502 8.62305697 3.08964632 1.29956121 9.07036529 0.99998854
7.65940027 8.62305313 3.08963840 1.29954546 9.07043034 0.99998899
7.65940541 8.62304936 3.08963064 1.29953002 9.07049408 0.99998943
7.65941045 8.62304568 3.08962304 1.29951489 9.07055656 0.99998985
7.65941539 8.62304206 3.08961558 1.29950006 9.07061778 0.99999025
7.65942023 8.62303852 3.08960828 1.29948553 9.07067778 0.99999064
7.65942497 8.62303505 3.08960112 1.29947130 9.07073658 0.99999101
7.65942962 8.62303165 3.08959410 1.29945734 9.07079421 0.99999136
7.65943417 8.62302831 3.08958723 1.29944367 9.07085068 0.99999170
7.65943864 8.62302505 3.08958049 1.29943026 9.07090602 0.99999203
7.65944301 8.62302185 3.08957388 1.29941713 9.07096025 0.99999235
7.65944730 8.62301871 3.08956741 1.29940426 9.07101341 0.99999265
7.65945150 8.62301563 3.08956107 1.29939165 9.07106549 0.99999294
7.65945562 8.62301262 3.08955486 1.29937929 9.07111654 0.99999322
7.65945965 8.62300967 3.08954877 1.29936717 9.07116656 0.99999349
7.65946360 8.62300677 3.08954280 1.29935530 9.07121559 0.99999375
7.65946748 8.62300394 3.08953695 1.29934367 9.07126363 0.99999400
7.65947128 8.62300116 3.08953122 1.29933226 9.07131072 0.99999423
7.65947500 8.62299844 3.08952560 1.29932109 9.07135686 0.99999446
7.65947865 8.62299577 3.08952009 1.29931014 9.07140208 0.99999468
7.65948222 8.62299315 3.08951470 1.29929941 9.07144639 0.99999489
7.65948572 8.62299059 3.08950941 1.29928889 9.07148982 0.99999509
7.65948916 8.62298808 3.08950423 1.29927859 9.07153238 0.99999529
7.65949252 8.62298561 3.08949915 1.29926849 9.07157409 0.99999547
7.65949582 8.62298320 3.08949417 1.29925859 9.07161496 0.99999565
7.65949905 8.62298084 3.08948930 1.29924889 9.07165502 0.99999583
7.65950222 8.62297852 3.08948452 1.29923938 9.07169427 0.99999599
7.65950532 8.62297625 3.08947983 1.29923007 9.07173274 0.99999615
7.65950836 8.62297402 3.08947524 1.29922094 9.07177044 0.99999630
7.65951134 8.62297184 3.08947074 1.29921199 9.07180739 0.99999645
7.65951426 8.62296970 3.08946634 1.29920322 9.07184360 0.99999659
7.65951712 8.62296761 3.08946202 1.29919463 9.07187908 0.99999672
7.65951993 8.62296556 3.08945778 1.29918621 9.07191386 0.99999685
7.65952268 8.62296355 3.08945363 1.29917796 9.07194794 0.99999698
7.65952537 8.62296157 3.08944957 1.29916987 9.07198133 0.99999710
7.65952801 8.62295964 3.08944558 1.29916194 9.07201406 0.99999721
7.65953060 8.62295775 3.08944168 1.29915418 9.07204614 0.99999732
7.65953313 8.62295589 3.08943785 1.29914656 9.07207757 0.99999743
7.65953562 8.62295408 3.08943410 1.29913910 9.07210837 0.99999753
7.65953805 8.62295229 3.08943042 1.29913179 9.07213856 0.99999763
7.65954044 8.62295055 3.08942682 1.29912463 9.07216815 0.99999772
7.65954278 8.62294884 3.08942329 1.29911761 9.07219714 0.99999781
7.65954507 8.62294716 3.08941983 1.29911073 9.07222555 0.99999790
7.65954731 8.62294551 3.08941644 1.29910398 9.07225340 0.99999798
7.65954952 8.62294390 3.08941312 1.29909738 9.07228069 0.99999806
7.65955167 8.62294233 3.08940986 1.29909090 9.07230743 0.99999814
7.65955379 8.62294078 3.08940667 1.29908455 9.07233364 0.99999821
7.65955586 8.62293926 3.08940355 1.29907834 9.07235932 0.99999828
7.65955789 8.62293778 3.08940048 1.29907224 9.07238449 0.99999835
7.65955988 8.62293632 3.08939748 1.29906627 9.07240916 0.99999842
7.65956183 8.62293489 3.08939454 1.29906041 9.07243333 0.99999848
7.65956374 8.62293350 3.08939165 1.29905468 9.07245702 0.99999854
7.65956561 8.62293213 3.08938882 1.29904905 9.07248023 0.99999860
7.65956745 8.62293078 3.08938605 1.29904355 9.07250299 0.99999865
7.65956924 8.62292947 3.08938334 1.29903815 9.07252528 0.99999871
7.65957101 8.62292818 3.08938068 1.29903285 9.07254713 0.99999876
7.65957273 8.62292691 3.08937807 1.29902767 9.07256855 0.99999881
7.65957443 8.62292567 3.08937552 1.29902259 9.07258953 0.99999885
7.65957608 8.62292446 3.08937301 1.29901761 9.07261010 0.99999890
7.65957771 8.62292327 3.08937056 1.29901273 9.07263025 0.99999894
7.65957930 8.62292210 3.08936816 1.29900794 9.07265000 0.99999899
7.65958086 8.62292096 3.08936580 1.29900326 9.07266936 0.99999903
7.65958239 8.62291984 3.08936349 1.29899866 9.07268833 0.99999906
7.65958389 8.62291874 3.08936123 1.29899416 9.07270692 0.99999910
7.65958536 8.62291767 3.08935901 1.29898975 9.07272513 0.99999914
7.65958680 8.62291662 3.08935683 1.29898543 9.07274299 0.99999917
7.65958822 8.62291558 3.08935470 1.29898119 9.07276048 0.99999920
7.65958960 8.62291457 3.08935262 1.29897704 9.07277763 0.99999924
7.65959095 8.62291358 3.08935057 1.29897297 9.07279443 0.99999927
7.65959228 8.62291261 3.08934857 1.29896898 9.07281090 0.99999929
7.65959358 8.62291165 3.08934660 1.29896507 9.07282704 0.99999932
7.65959486 8.62291072 3.08934468 1.29896124 9.07284285 0.99999935
7.65959611 8.62290981 3.08934279 1.29895749 9.07285835 0.99999938
7.65959733 8.62290891 3.08934094 1.29895381 9.07287354 0.99999940
7.65959853 8.62290803 3.08933913 1.29895021 9.07288843 0.99999942
7.65959971 8.62290717 3.08933735 1.29894667 9.07290301 0.99999945
7.65960086 8.62290633 3.08933561 1.29894321 9.07291731 0.99999947
7.65960199 8.62290550 3.08933390 1.29893982 9.07293132 0.99999949
7.65960310 8.62290469 3.08933223 1.29893650 9.07294505 0.99999951
7.65960419 8.62290389 3.08933059 1.29893324 9.07295850 0.99999953
7.65960525 8.62290312 3.08932899 1.29893004 9.07297169 0.99999955
7.65960629 8.62290235 3.08932742 1.29892691 9.07298461 0.99999957
7.65960731 8.62290161 3.08932587 1.29892385 9.07299728 0.99999958
7.65960832 8.62290087 3.08932436 1.29892084 9.07300969 0.99999960
7.65960930 8.62290015 3.08932288 1.29891790 9.07302185 0.99999962
7.65961026 8.62289945 3.08932143 1.29891501 9.07303377 0.99999963
7.65961120 8.62289876 3.08932001 1.29891218 9.07304545 0.99999965
7.65961212 8.62289809 3.08931862 1.29890941 9.07305690 0.99999966
7.65961303 8.62289742 3.08931725 1.29890669 9.07306811 0.99999967
7.65961392 8.62289677 3.08931591 1.29890403 9.07307911 0.99999969
7.65961478 8.62289614 3.08931460 1.29890142 9.07308988 0.99999970
7.65961564 8.62289552 3.08931331 1.29889887 9.07310044 0.99999971
7.65961647 8.62289490 3.08931205 1.29889636 9.07311079 0.99999972
7.65961729 8.62289431 3.08931082 1.29889391 9.07312093 0.99999973
7.65961809 8.62289372 3.08930961 1.29889150 9.07313087 0.99999974
7.65961888 8.62289314 3.08930842 1.29888914 9.07314060 0.99999975
