3.06213567 14.24192790
3.09247208 14.33458455
3.12318042 14.42914009
3.15401283 14.52406965
3.18471604 14.61782126
3.21504135 14.70891457
3.24475436 14.79603074
3.27364340 14.87808251
3.30152607 14.95425713
3.32825337 15.02403021
3.35371146 15.08715330
3.37782117 15.14362160
3.40053571 15.19362930
3.42183721 15.23752033
3.44173243 15.27574030
3.46024826 15.30879392
3.47742733 15.33720998
3.49332395 15.36151456
3.50800052 15.38221190
3.52152455 15.39977204
3.53396620 15.41462374
3.54539632 15.42715150
3.55588497 15.43769546
3.56550035 15.44655322
3.57430803 15.45398286
3.58237037 15.46020655
3.58974630 15.46541440
3.59649110 15.46976833
3.60265639 15.47340564
3.60829015 15.47644242
3.61343684 15.47897654
3.61813755 15.48109031
3.62243016 15.48285287
3.62634951 15.48432214
3.62992764 15.48554666
3.63319392 15.48656700
3.63617530 15.48741707
3.63889645 15.48812520
3.64137995 15.48871504
3.64364647 15.48920630
3.64571488 15.48961543
3.64760245 15.48995615
3.64932496 15.49023988
3.65089681 15.49047614
3.65233116 15.49067288
3.65364003 15.49083670
3.65483438 15.49097310
3.65592423 15.49108668
3.65691871 15.49118125
3.65782617 15.49126000
3.65865421 15.49132557
3.65940980 15.49138016
3.66009927 15.49142562
3.66072840 15.49146347
3.66130248 15.49149498
3.66182632 15.49152122
3.66230433 15.49154307
3.66274050 15.49156126
3.66313850 15.49157641
3.66350168 15.49158902
3.66383308 15.49159952
3.66413548 15.49160827
3.66441142 15.49161555
3.66466321 15.49162161
3.66489298 15.49162666
3.66510263 15.49163086
3.66529395 15.49163436
3.66546852 15.49163728
3.66562782 15.49163970
3.66577318 15.49164173
3.66590582 15.49164341
3.66602686 15.49164481
3.66613731 15.49164597
3.66623809 15.49164695
3.66633006 15.49164776
3.66641397 15.49164843
3.66649055 15.49164899
3.66656043 15.49164946
3.66662419 15.49164984
3.66668238 15.49165017
3.66673547 15.49165044
3.66678392 15.49165066
3.66682813 15.49165085
3.66686847 15.49165101
3.66690528 15.49165113
3.66693887 15.49165124
3.66696953 15.49165133
3.66699750 15.49165141
3.66702302 15.49165147
3.66704631 15.49165152
3.66706756 15.49165156
3.66708696 15.49165160
3.66710466 15.49165163
3.66712080 15.49165166
3.66713554 15.49165168
3.66714899 15.49165169
3.66716126 15.49165171
3.66717245 15.49165172
