4.10336821 16.98744030
4.04210401 17.38140012
3.97479341 17.85586307
3.90121418 18.42023574
3.82154931 19.07701328
3.73658482 19.81638557
3.64786571 20.61188904
3.55770178 21.42081169
3.46892444 22.19216634
3.38440320 22.88028772
3.30649553 23.45688959
3.23667640 23.91493765
3.17547933 24.26407401
3.12268823 24.52253301
3.07762224 24.71029666
3.03938823 24.84522506
3.00705252 24.94167247
2.97973616 25.01050044
2.95665709 25.05964884
2.93714123 25.09481207
2.92061779 25.12003490
2.90660808 25.13817926
2.89471241 25.15126937
2.88459757 25.16073937
2.87598564 25.16760811
2.86864447 25.17260188
2.86237974 25.17624019
2.85702844 25.17889596
2.85245345 25.18083776
2.84853920 25.18225962
2.84518805 25.18330210
2.84231733 25.18406728
2.83985694 25.18462946
2.83774730 25.18504286
2.83593772 25.18534707
2.83438502 25.18557107
2.83305235 25.18573610
2.83190825 25.18585775
2.83092583 25.18594745
2.83008210 25.18601362
2.82935735 25.18606244
2.82873473 25.18609848
2.82819978 25.18612508
2.82774010 25.18614473
2.82734508 25.18615923
2.82700560 25.18616995
2.82671382 25.18617786
2.82646303 25.18618371
2.82624746 25.18618803
2.82606216 25.18619122
2.82590287 25.18619358
2.82576594 25.18619533
2.82564822 25.18619662
2.82554702 25.18619757
2.82546001 25.18619827
2.82538521 25.18619879
2.82532091 25.18619918
2.82526562 25.18619946
2.82521808 25.18619967
2.82517722 25.18619983
2.82514208 25.18619994
2.82511187 25.18620003
2.82508589 25.18620009
2.82506356 25.18620014
2.82504436 25.18620017
2.82502785 25.18620019
2.82501366 25.18620021
2.82500145 25.18620023
2.82499096 25.18620024
