1.67455247 19.05344438
1.78417495 20.25015940
1.89218869 21.38903764
1.99431281 22.38600336
2.08677671 23.18761313
2.16720436 23.78453500
2.23488834 24.20230422
2.29046175 24.48166684
2.33532536 24.66277726
2.37114935 24.77788376
2.39956351 24.85015939
2.42201134 24.89522024
2.43970593 24.92320207
2.45363699 24.94054156
2.46459851 24.95127537
2.47322133 24.95791733
2.48000404 24.96202702
2.48533951 24.96457011
2.48953689 24.96614406
2.49283924 24.96711838
2.49543768 24.96772162
2.49748241 24.96809518
2.49909156 24.96832654
2.50035799 24.96846985
2.50135475 24.96855863
2.50213929 24.96861363
2.50275683 24.96864770
2.50324292 24.96866882
2.50362556 24.96868190
2.50392676 24.96869001
2.50416387 24.96869503
2.50435052 24.96869814
2.50449745 24.96870007
2.50461312 24.96870127
2.50470417 24.96870201
2.50477585 24.96870247
2.50483228 24.96870275
2.50487670 24.96870293
2.50491167 24.96870304
2.50493920 24.96870311
2.50496088 24.96870315
2.50497794 24.96870317
2.50499137 24.96870319
