V= 432
N= 864
d= 18
b = 1.33796

1  5  4  
6  2  3  
0  8  7  

1  5  4  
6  2  3  
8  0  7  

1  5  4  
6  0  3  
8  2  7  

1  5  4  
6  3  0  
8  2  7  

1  5  4  
6  3  7  
8  2  0  

1  5  4  
6  3  7  
8  0  2  

1  5  4  
6  3  7  
0  8  2  

1  5  4  
0  3  7  
6  8  2  

1  5  4  
3  0  7  
6  8  2  

1  5  4  
3  7  0  
6  8  2  

1  5  4  
3  7  2  
6  8  0  

1  5  4  
3  7  2  
6  0  8  

1  5  4  
3  0  2  
6  7  8  

1  0  4  
3  5  2  
6  7  8  

1  4  0  
3  5  2  
6  7  8  

1  4  2  
3  5  0  
6  7  8  

1  4  2  
3  0  5  
6  7  8  

1  0  2  
3  4  5  
6  7  8  

0  1  2  
3  4  5  
6  7  8  

