V= 1511
N= 3022
d= 22
b = 1.32958

0  7  4  
2  1  6  
8  3  5  

2  7  4  
0  1  6  
8  3  5  

2  7  4  
1  0  6  
8  3  5  

2  0  4  
1  7  6  
8  3  5  

0  2  4  
1  7  6  
8  3  5  

1  2  4  
0  7  6  
8  3  5  

1  2  4  
7  0  6  
8  3  5  

1  2  4  
7  3  6  
8  0  5  

1  2  4  
7  3  6  
0  8  5  

1  2  4  
0  3  6  
7  8  5  

1  2  4  
3  0  6  
7  8  5  

1  2  4  
3  6  0  
7  8  5  

1  2  0  
3  6  4  
7  8  5  

1  0  2  
3  6  4  
7  8  5  

0  1  2  
3  6  4  
7  8  5  

3  1  2  
0  6  4  
7  8  5  

3  1  2  
6  0  4  
7  8  5  

3  1  2  
6  4  0  
7  8  5  

3  1  2  
6  4  5  
7  8  0  

3  1  2  
6  4  5  
7  0  8  

3  1  2  
6  4  5  
0  7  8  

3  1  2  
0  4  5  
6  7  8  

0  1  2  
3  4  5  
6  7  8  

