V= 2751
N= 5502
d= 23
b = 1.33297

6  0  7  
8  2  4  
1  3  5  

6  7  0  
8  2  4  
1  3  5  

6  7  4  
8  2  0  
1  3  5  

6  7  4  
8  0  2  
1  3  5  

6  7  4  
0  8  2  
1  3  5  

6  7  4  
1  8  2  
0  3  5  

6  7  4  
1  8  2  
3  0  5  

6  7  4  
1  0  2  
3  8  5  

6  0  4  
1  7  2  
3  8  5  

0  6  4  
1  7  2  
3  8  5  

1  6  4  
0  7  2  
3  8  5  

1  6  4  
7  0  2  
3  8  5  

1  0  4  
7  6  2  
3  8  5  

1  4  0  
7  6  2  
3  8  5  

1  4  2  
7  6  0  
3  8  5  

1  4  2  
7  6  5  
3  8  0  

1  4  2  
7  6  5  
3  0  8  

1  4  2  
7  0  5  
3  6  8  

1  4  2  
0  7  5  
3  6  8  

1  4  2  
3  7  5  
0  6  8  

1  4  2  
3  7  5  
6  0  8  

1  4  2  
3  0  5  
6  7  8  

1  0  2  
3  4  5  
6  7  8  

0  1  2  
3  4  5  
6  7  8  

