V= 1914
N= 3828
d= 22
b = 1.33725

4  6  2  
5  1  7  
8  3  0  

4  6  2  
5  1  7  
8  0  3  

4  6  2  
5  1  7  
0  8  3  

4  6  2  
0  1  7  
5  8  3  

4  6  2  
1  0  7  
5  8  3  

4  6  2  
1  8  7  
5  0  3  

4  6  2  
1  8  7  
5  3  0  

4  6  2  
1  8  0  
5  3  7  

4  6  2  
1  0  8  
5  3  7  

4  0  2  
1  6  8  
5  3  7  

0  4  2  
1  6  8  
5  3  7  

1  4  2  
0  6  8  
5  3  7  

1  4  2  
5  6  8  
0  3  7  

1  4  2  
5  6  8  
3  0  7  

1  4  2  
5  0  8  
3  6  7  

1  4  2  
0  5  8  
3  6  7  

1  4  2  
3  5  8  
0  6  7  

1  4  2  
3  5  8  
6  0  7  

1  4  2  
3  5  8  
6  7  0  

1  4  2  
3  5  0  
6  7  8  

1  4  2  
3  0  5  
6  7  8  

1  0  2  
3  4  5  
6  7  8  

0  1  2  
3  4  5  
6  7  8  

