V= 172
N= 344
d= 18
Branching factor: 1.32849

4  1  8  
5  2  3  
0  6  7  

4  1  8  
5  2  3  
6  0  7  

4  1  8  
5  0  3  
6  2  7  

4  1  8  
5  3  0  
6  2  7  

4  1  0  
5  3  8  
6  2  7  

4  0  1  
5  3  8  
6  2  7  

4  3  1  
5  0  8  
6  2  7  

4  3  1  
5  2  8  
6  0  7  

4  3  1  
5  2  8  
6  7  0  

4  3  1  
5  2  0  
6  7  8  

4  3  1  
5  0  2  
6  7  8  

4  3  1  
0  5  2  
6  7  8  

0  3  1  
4  5  2  
6  7  8  

3  0  1  
4  5  2  
6  7  8  

3  1  0  
4  5  2  
6  7  8  

3  1  2  
4  5  0  
6  7  8  

3  1  2  
4  0  5  
6  7  8  

3  1  2  
0  4  5  
6  7  8  

0  1  2  
3  4  5  
6  7  8  

