8.56581635 6.29283186 4.83605919 0.02407953
8.56623913 6.29219081 4.83553519 0.02416609
8.56666323 6.29154776 4.83500956 0.02425319
8.56708865 6.29090272 4.83448229 0.02434083
8.56751540 6.29025565 4.83395338 0.02442902
8.56794348 6.28960656 4.83342280 0.02451777
8.56837292 6.28895542 4.83289056 0.02460708
8.56880370 6.28830224 4.83235664 0.02469695
8.56923585 6.28764699 4.83182104 0.02478739
8.56966936 6.28698967 4.83128374 0.02487841
8.57010425 6.28633026 4.83074473 0.02497000
8.57054053 6.28566875 4.83020401 0.02506218
8.57097820 6.28500513 4.82966156 0.02515494
8.57141726 6.28433939 4.82911738 0.02524831
8.57185774 6.28367152 4.82857146 0.02534227
8.57229963 6.28300149 4.82802378 0.02543683
8.57274294 6.28232931 4.82747433 0.02553201
8.57318769 6.28165496 4.82692311 0.02562781
8.57363387 6.28097842 4.82637010 0.02572422
8.57408151 6.28029969 4.82581530 0.02582127
8.57453061 6.27961874 4.82525869 0.02591895
8.57498117 6.27893557 4.82470026 0.02601726
8.57543320 6.27825017 4.82414001 0.02611622
8.57588672 6.27756252 4.82357791 0.02621584
8.57634173 6.27687260 4.82301397 0.02631611
8.57679824 6.27618041 4.82244817 0.02641704
8.57725626 6.27548593 4.82188050 0.02651864
8.57771580 6.27478915 4.82131094 0.02662092
8.57817687 6.27409005 4.82073949 0.02672388
8.57863947 6.27338862 4.82016614 0.02682752
8.57910362 6.27268485 4.81959087 0.02693187
8.57956932 6.27197871 4.81901367 0.02703691
8.58003659 6.27127021 4.81843453 0.02714266
8.58050544 6.27055932 4.81785345 0.02724912
8.58097586 6.26984603 4.81727040 0.02735631
8.58144788 6.26913032 4.81668537 0.02746422
8.58192151 6.26841218 4.81609836 0.02757286
8.58239674 6.26769160 4.81550935 0.02768225
8.58287360 6.26696856 4.81491833 0.02779239
8.58335209 6.26624304 4.81432529 0.02790328
8.58383222 6.26551504 4.81373021 0.02801494
8.58431400 6.26478453 4.81313309 0.02812736
8.58479745 6.26405149 4.81253390 0.02824057
8.58528257 6.26331593 4.81193264 0.02835455
8.58576937 6.26257781 4.81132930 0.02846934
8.58625787 6.26183712 4.81072385 0.02858492
8.58674806 6.26109385 4.81011630 0.02870131
8.58723998 6.26034797 4.80950662 0.02881851
8.58773362 6.25959949 4.80889480 0.02893655
8.58822899 6.25884837 4.80828083 0.02905541
8.58872612 6.25809460 4.80766469 0.02917511
8.58922500 6.25733816 4.80704638 0.02929566
8.58972564 6.25657905 4.80642587 0.02941707
8.59022807 6.25581723 4.80580315 0.02953935
8.59073230 6.25505270 4.80517822 0.02966250
8.59123832 6.25428543 4.80455105 0.02978653
8.59174616 6.25351542 4.80392163 0.02991145
8.59225582 6.25274263 4.80328995 0.03003728
8.59276733 6.25196706 4.80265599 0.03016401
8.59328068 6.25118868 4.80201974 0.03029166
8.59379589 6.25040748 4.80138118 0.03042024
8.59431298 6.24962344 4.80074030 0.03054976
8.59483195 6.24883654 4.80009708 0.03068023
8.59535282 6.24804676 4.79945151 0.03081165
8.59587560 6.24725409 4.79880358 0.03094404
8.59640030 6.24645850 4.79815326 0.03107740
8.59692694 6.24565998 4.79750054 0.03121175
8.59745553 6.24485850 4.79684540 0.03134710
8.59798608 6.24405405 4.79618784 0.03148345
8.59851860 6.24324661 4.79552783 0.03162082
8.59905311 6.24243615 4.79486536 0.03175922
8.59958961 6.24162267 4.79420041 0.03189866
8.60012813 6.24080613 4.79353296 0.03203915
8.60066868 6.23998651 4.79286301 0.03218069
8.60121127 6.23916381 4.79219052 0.03232331
8.60175591 6.23833799 4.79151549 0.03246701
8.60230262 6.23750903 4.79083789 0.03261181
8.60285141 6.23667692 4.79015772 0.03275771
8.60340230 6.23584163 4.78947495 0.03290472
8.60395529 6.23500314 4.78878956 0.03305287
8.60451042 6.23416143 4.78810154 0.03320216
8.60506767 6.23331648 4.78741087 0.03335260
8.60562709 6.23246826 4.78671753 0.03350420
8.60618867 6.23161676 4.78602150 0.03365699
8.60675243 6.23076194 4.78532277 0.03381096
8.60731839 6.22990380 4.78462132 0.03396614
8.60788657 6.22904229 4.78391712 0.03412254
8.60845697 6.22817741 4.78321016 0.03428017
8.60902962 6.22730913 4.78250041 0.03443904
8.60960452 6.22643742 4.78178787 0.03459916
8.61018170 6.22556226 4.78107251 0.03476056
8.61076118 6.22468363 4.78035431 0.03492324
8.61134296 6.22380149 4.77963325 0.03508723
8.61192706 6.22291584 4.77890931 0.03525252
8.61251350 6.22202664 4.77818247 0.03541915
8.61310230 6.22113386 4.77745270 0.03558711
8.61369347 6.22023749 4.77672000 0.03575644
8.61428704 6.21933749 4.77598434 0.03592713
8.61488301 6.21843384 4.77524569 0.03609922
8.61548140 6.21752652 4.77450403 0.03627271
8.61608224 6.21661549 4.77375936 0.03644762
8.61668553 6.21570074 4.77301163 0.03662396
8.61729131 6.21478223 4.77226083 0.03680176
8.61789957 6.21385993 4.77150694 0.03698102
8.61851035 6.21293383 4.77074994 0.03716177
8.61912366 6.21200389 4.76998979 0.03734403
8.61973953 6.21107008 4.76922649 0.03752780
8.62035796 6.21013237 4.76846001 0.03771311
8.62097897 6.20919075 4.76769031 0.03789998
8.62160260 6.20824517 4.76691739 0.03808842
8.62222885 6.20729561 4.76614121 0.03827845
8.62285774 6.20634204 4.76536176 0.03847009
8.62348930 6.20538443 4.76457900 0.03866336
8.62412354 6.20442275 4.76379292 0.03885827
8.62476049 6.20345697 4.76300348 0.03905486
8.62540016 6.20248706 4.76221067 0.03925313
8.62604258 6.20151298 4.76141445 0.03945311
8.62668776 6.20053471 4.76061480 0.03965481
8.62733574 6.19955222 4.75981171 0.03985826
8.62798651 6.19856546 4.75900513 0.04006349
8.62864012 6.19757442 4.75819504 0.04027050
8.62929658 6.19657906 4.75738142 0.04047932
8.62995591 6.19557934 4.75656424 0.04068997
8.63061814 6.19457523 4.75574348 0.04090248
8.63128328 6.19356669 4.75491909 0.04111687
8.63195136 6.19255370 4.75409107 0.04133316
8.63262241 6.19153622 4.75325937 0.04155137
8.63329644 6.19051422 4.75242398 0.04177153
8.63397347 6.18948765 4.75158485 0.04199367
8.63465354 6.18845649 4.75074197 0.04221779
8.63533667 6.18742069 4.74989530 0.04244394
8.63602287 6.18638022 4.74904482 0.04267213
8.63671218 6.18533505 4.74819049 0.04290239
8.63740462 6.18428513 4.74733228 0.04313475
8.63810020 6.18323044 4.74647016 0.04336923
8.63879897 6.18217092 4.74560411 0.04360586
8.63950094 6.18110655 4.74473408 0.04384467
8.64020614 6.18003728 4.74386005 0.04408568
8.64091459 6.17896308 4.74298199 0.04432892
8.64162633 6.17788391 4.74209987 0.04457442
8.64234137 6.17679971 4.74121364 0.04482222
8.64305974 6.17571047 4.74032328 0.04507232
8.64378148 6.17461613 4.73942876 0.04532478
8.64450660 6.17351665 4.73853003 0.04557962
8.64523514 6.17241199 4.73762708 0.04583686
8.64596713 6.17130211 4.73671985 0.04609654
8.64670258 6.17018696 4.73580832 0.04635870
8.64744154 6.16906651 4.73489246 0.04662336
8.64818403 6.16794070 4.73397221 0.04689055
8.64893007 6.16680950 4.73304756 0.04716032
8.64967971 6.16567285 4.73211846 0.04743269
8.65043296 6.16453073 4.73118488 0.04770769
8.65118986 6.16338306 4.73024677 0.04798537
8.65195044 6.16222982 4.72930410 0.04826576
8.65271473 6.16107096 4.72835684 0.04854890
8.65348276 6.15990642 4.72740493 0.04883481
8.65425456 6.15873616 4.72644836 0.04912354
8.65503017 6.15756014 4.72548706 0.04941513
8.65580962 6.15637829 4.72452101 0.04970961
8.65659293 6.15519057 4.72355017 0.05000703
8.65738015 6.15399694 4.72257448 0.05030742
8.65817131 6.15279734 4.72159392 0.05061083
8.65896644 6.15159172 4.72060843 0.05091729
8.65976557 6.15038002 4.71961798 0.05122686
8.66056874 6.14916220 4.71862253 0.05153956
8.66137599 6.14793820 4.71762202 0.05185544
8.66218735 6.14670797 4.71661642 0.05217455
8.66300285 6.14547145 4.71560568 0.05249694
8.66382253 6.14422859 4.71458976 0.05282265
8.66464644 6.14297933 4.71356860 0.05315171
8.66547460 6.14172362 4.71254217 0.05348420
8.66630706 6.14046139 4.71151042 0.05382014
8.66714385 6.13919260 4.71047330 0.05415959
8.66798501 6.13791718 4.70943076 0.05450260
8.66883058 6.13663507 4.70838275 0.05484922
8.66968060 6.13534621 4.70732923 0.05519950
8.67053512 6.13405054 4.70627015 0.05555350
8.67139416 6.13274801 4.70520544 0.05591126
8.67225777 6.13143854 4.70413507 0.05627285
8.67312600 6.13012208 4.70305899 0.05663831
8.67399888 6.12879856 4.70197713 0.05700770
8.67487646 6.12746792 4.70088946 0.05738109
8.67575878 6.12613009 4.69979590 0.05775852
8.67664589 6.12478500 4.69869642 0.05814007
8.67753782 6.12343259 4.69759095 0.05852578
8.67843463 6.12207280 4.69647944 0.05891572
8.67933635 6.12070554 4.69536184 0.05930995
8.68024304 6.11933076 4.69423808 0.05970854
8.68115474 6.11794838 4.69310812 0.06011156
8.68207150 6.11655834 4.69197188 0.06051906
8.68299336 6.11516055 4.69082932 0.06093112
8.68392038 6.11375495 4.68968037 0.06134780
8.68485260 6.11234146 4.68852497 0.06176917
8.68579007 6.11092001 4.68736307 0.06219531
8.68673284 6.10949052 4.68619459 0.06262629
8.68768096 6.10805291 4.68501948 0.06306218
8.68863449 6.10660711 4.68383768 0.06350306
8.68959347 6.10515304 4.68264911 0.06394900
8.69055796 6.10369062 4.68145372 0.06440009
8.69152801 6.10221977 4.68025143 0.06485639
8.69250368 6.10074040 4.67904218 0.06531800
8.69348501 6.09925244 4.67782591 0.06578499
8.69447207 6.09775580 4.67660254 0.06625746
8.69546491 6.09625039 4.67537201 0.06673548
8.69646359 6.09473612 4.67413424 0.06721914
8.69746817 6.09321292 4.67288917 0.06770854
8.69847870 6.09168070 4.67163671 0.06820376
8.69949524 6.09013935 4.67037681 0.06870490
8.70051785 6.08858880 4.66910938 0.06921205
8.70154659 6.08702895 4.66783434 0.06972530
8.70258153 6.08545971 4.66655163 0.07024476
8.70362273 6.08388098 4.66526117 0.07077053
8.70467025 6.08229267 4.66396287 0.07130271
8.70572415 6.08069468 4.66265666 0.07184139
8.70678449 6.07908692 4.66134246 0.07238670
8.70785135 6.07746927 4.66002019 0.07293873
8.70892479 6.07584165 4.65868976 0.07349760
8.71000488 6.07420396 4.65735109 0.07406342
8.71109168 6.07255608 4.65600411 0.07463630
8.71218527 6.07089791 4.65464871 0.07521637
8.71328571 6.06922935 4.65328482 0.07580373
8.71439307 6.06755030 4.65191234 0.07639852
8.71550744 6.06586063 4.65053119 0.07700086
8.71662887 6.06416024 4.64914129 0.07761088
8.71775744 6.06244902 4.64774252 0.07822869
8.71889324 6.06072686 4.64633481 0.07885445
8.72003632 6.05899364 4.64491806 0.07948827
8.72118678 6.05724924 4.64349218 0.08013030
8.72234469 6.05549355 4.64205706 0.08078069
8.72351012 6.05372644 4.64061262 0.08143956
8.72468317 6.05194780 4.63915874 0.08210707
8.72586390 6.05015750 4.63769534 0.08278337
8.72705240 6.04835542 4.63622230 0.08346862
8.72824875 6.04654143 4.63473953 0.08416295
8.72945305 6.04471540 4.63324693 0.08486654
8.73066536 6.04287721 4.63174437 0.08557955
8.73188579 6.04102672 4.63023177 0.08630214
8.73311441 6.03916380 4.62870901 0.08703448
8.73435133 6.03728831 4.62717597 0.08777675
8.73559662 6.03540013 4.62563255 0.08852911
8.73685037 6.03349910 4.62407863 0.08929175
8.73811269 6.03158509 4.62251411 0.09006485
8.73938367 6.02965795 4.62093885 0.09084860
8.74066340 6.02771755 4.61935275 0.09164320
8.74195197 6.02576373 4.61775569 0.09244883
8.74324949 6.02379635 4.61614754 0.09326569
8.74455605 6.02181525 4.61452817 0.09409400
8.74587176 6.01982029 4.61289748 0.09493395
8.74719672 6.01781131 4.61125532 0.09578576
8.74853102 6.01578815 4.60960157 0.09664965
8.74987478 6.01375065 4.60793611 0.09752584
8.75122810 6.01169866 4.60625879 0.09841456
8.75259109 6.00963201 4.60456950 0.09931603
8.75396386 6.00755053 4.60286808 0.10023049
8.75534652 6.00545406 4.60115441 0.10115819
8.75673917 6.00334243 4.59942834 0.10209937
8.75814194 6.00121546 4.59768974 0.10305429
8.75955494 5.99907298 4.59593847 0.10402320
8.76097828 5.99691482 4.59417437 0.10500636
8.76241209 5.99474079 4.59239730 0.10600404
8.76385648 5.99255071 4.59060712 0.10701652
8.76531157 5.99034441 4.58880366 0.10804408
8.76677749 5.98812168 4.58698679 0.10908700
8.76825436 5.98588235 4.58515635 0.11014558
8.76974232 5.98362623 4.58331217 0.11122012
8.77124147 5.98135311 4.58145411 0.11231092
8.77275197 5.97906280 4.57958200 0.11341829
8.77427393 5.97675511 4.57769567 0.11454256
8.77580749 5.97442983 4.57579497 0.11568405
8.77735278 5.97208675 4.57387972 0.11684309
8.77890995 5.96972568 4.57194976 0.11802003
8.78047912 5.96734639 4.57000492 0.11921521
8.78206045 5.96494869 4.56804501 0.12042898
8.78365406 5.96253234 4.56606988 0.12166172
8.78526011 5.96009715 4.56407933 0.12291379
8.78687874 5.95764287 4.56207319 0.12418557
8.78851010 5.95516930 4.56005127 0.12547745
8.79015434 5.95267621 4.55801340 0.12678982
8.79181160 5.95016336 4.55595937 0.12812309
8.79348205 5.94763052 4.55388902 0.12947768
8.79516582 5.94507747 4.55180213 0.13085399
8.79686309 5.94250396 4.54969852 0.13225247
8.79857402 5.93990975 4.54757800 0.13367356
8.80029875 5.93729461 4.54544036 0.13511770
8.80203745 5.93465827 4.54328540 0.13658536
8.80379029 5.93200051 4.54111292 0.13807700
8.80555743 5.92932105 4.53892272 0.13959311
8.80733904 5.92661966 4.53671458 0.14113416
8.80913529 5.92389607 4.53448829 0.14270067
8.81094635 5.92115002 4.53224365 0.14429314
8.81277240 5.91838125 4.52998044 0.14591209
8.81461360 5.91558950 4.52769844 0.14755806
8.81647014 5.91277450 4.52539744 0.14923158
8.81834220 5.90993596 4.52307720 0.15093322
8.82022995 5.90707364 4.52073751 0.15266353
8.82213358 5.90418723 4.51837814 0.15442309
8.82405327 5.90127648 4.51599887 0.15621249
8.82598921 5.89834108 4.51359946 0.15803233
8.82794158 5.89538077 4.51117968 0.15988323
8.82991057 5.89239526 4.50873929 0.16176580
8.83189638 5.88938425 4.50627807 0.16368069
8.83389919 5.88634745 4.50379577 0.16562853
8.83591921 5.88328457 4.50129215 0.16761000
8.83795662 5.88019532 4.49876698 0.16962576
8.84001162 5.87707940 4.49622000 0.17167650
8.84208441 5.87393651 4.49365097 0.17376293
8.84417518 5.87076634 4.49105965 0.17588574
8.84628415 5.86756859 4.48844579 0.17804567
8.84841150 5.86434296 4.48580914 0.18024346
8.85055744 5.86108915 4.48314944 0.18247984
8.85272218 5.85780683 4.48046645 0.18475559
8.85490592 5.85449571 4.47775992 0.18707148
8.85710886 5.85115547 4.47502958 0.18942830
8.85933120 5.84778581 4.47227519 0.19182685
8.86157316 5.84438641 4.46949650 0.19426793
8.86383494 5.84095695 4.46669324 0.19675239
8.86611674 5.83749714 4.46386516 0.19928105
8.86841878 5.83400664 4.46101200 0.20185476
8.87074125 5.83048516 4.45813351 0.20447439
8.87308437 5.82693238 4.45522944 0.20714080
8.87544833 5.82334799 4.45229953 0.20985489
8.87783335 5.81973167 4.44934353 0.21261754
8.88023962 5.81608313 4.44636119 0.21542966
8.88266735 5.81240205 4.44335224 0.21829217
8.88511673 5.80868813 4.44031646 0.22120598
8.88758798 5.80494107 4.43725358 0.22417203
8.89008129 5.80116056 4.43416336 0.22719127
8.89259684 5.79734632 4.43104557 0.23026463
8.89513484 5.79349804 4.42789996 0.23339308
8.89769547 5.78961544 4.42472629 0.23657757
8.90027893 5.78569824 4.42152434 0.23981906
8.90288540 5.78174615 4.41829388 0.24311853
8.90551505 5.77775890 4.41503467 0.24647694
8.90816806 5.77373624 4.41174651 0.24989527
8.91084461 5.76967788 4.40842919 0.25337450
8.91354485 5.76558359 4.40508248 0.25691558
8.91626897 5.76145312 4.40170620 0.26051949
8.91901710 5.75728623 4.39830015 0.26418719
8.92178940 5.75308269 4.39486415 0.26791964
8.92458601 5.74884229 4.39139801 0.27171780
8.92740707 5.74456481 4.38790157 0.27558259
8.93025271 5.74025008 4.38437468 0.27951496
8.93312304 5.73589789 4.38081717 0.28351581
8.93601818 5.73150809 4.37722891 0.28758604
8.93893824 5.72708052 4.37360978 0.29172653
8.94188330 5.72261503 4.36995966 0.29593814
8.94485344 5.71811151 4.36627844 0.30022170
8.94784874 5.71356984 4.36256605 0.30457803
8.95086926 5.70898993 4.35882240 0.30900790
8.95391505 5.70437172 4.35504744 0.31351205
8.95698613 5.69971515 4.35124112 0.31809119
8.96008253 5.69502019 4.34740342 0.32274600
8.96320425 5.69028683 4.34353434 0.32747710
8.96635129 5.68551509 4.33963388 0.33228507
8.96952362 5.68070500 4.33570208 0.33717043
8.97272120 5.67585663 4.33173899 0.34213367
8.97594396 5.67097006 4.32774467 0.34717521
8.97919184 5.66604542 4.32371923 0.35229539
8.98246474 5.66108285 4.31966279 0.35749450
8.98576253 5.65608252 4.31557548 0.36277277
8.98908509 5.65104464 4.31145748 0.36813033
8.99243225 5.64596946 4.30730899 0.37356725
8.99580384 5.64085724 4.30313022 0.37908350
8.99919966 5.63570829 4.29892143 0.38467898
9.00261947 5.63052295 4.29468289 0.39035347
9.00606303 5.62530160 4.29041492 0.39610669
9.00953006 5.62004466 4.28611786 0.40193822
9.01302027 5.61475259 4.28179208 0.40784756
9.01653332 5.60942588 4.27743799 0.41383408
9.02006886 5.60406507 4.27305602 0.41989704
9.02362650 5.59867074 4.26864666 0.42603560
9.02720584 5.59324351 4.26421040 0.43224876
9.03080644 5.58778406 4.25974780 0.43853542
9.03442782 5.58229308 4.25525944 0.44489434
9.03806950 5.57677134 4.25074592 0.45132415
9.04173093 5.57121964 4.24620792 0.45782334
9.04541156 5.56563883 4.24164613 0.46439026
9.04911081 5.56002980 4.23706126 0.47102311
9.05282804 5.55439350 4.23245411 0.47771996
9.05656260 5.54873091 4.22782547 0.48447872
9.06031382 5.54304308 4.22317619 0.49129718
9.06408096 5.53733109 4.21850716 0.49817294
9.06786330 5.53159607 4.21381931 0.50510350
9.07166005 5.52583919 4.20911360 0.51208617
9.07547040 5.52006170 4.20439104 0.51911815
9.07929351 5.51426485 4.19965265 0.52619649
9.08312852 5.50844997 4.19489952 0.53331807
9.08697452 5.50261841 4.19013276 0.54047967
9.09083060 5.49677157 4.18535351 0.54767792
9.09469580 5.49091092 4.18056297 0.55490932
9.09856913 5.48503792 4.17576233 0.56217025
9.10244960 5.47915411 4.17095286 0.56945697
9.10633617 5.47326104 4.16613582 0.57676563
9.11022778 5.46736032 4.16131253 0.58409228
9.11412338 5.46145357 4.15648431 0.59143286
9.11802185 5.45554246 4.15165252 0.59878325
9.12192208 5.44962868 4.14681855 0.60613922
9.12582295 5.44371393 4.14198380 0.61349650
9.12972330 5.43779997 4.13714968 0.62085074
9.13362198 5.43188855 4.13231764 0.62819757
9.13751780 5.42598144 4.12748912 0.63553255
9.14140960 5.42008045 4.12266561 0.64285124
9.14529618 5.41418737 4.11784856 0.65014918
9.14917635 5.40830401 4.11303946 0.65742192
9.15304890 5.40243220 4.10823980 0.66466502
9.15691263 5.39657376 4.10345106 0.67187404
9.16076636 5.39073049 4.09867473 0.67904461
9.16460887 5.38490422 4.09391230 0.68617240
9.16843899 5.37909675 4.08916523 0.69325313
9.17225553 5.37330988 4.08443499 0.70028261
9.17605731 5.36754537 4.07972304 0.70725672
9.17984318 5.36180500 4.07503081 0.71417146
9.18361198 5.35609049 4.07035973 0.72102292
9.18736260 5.35040357 4.06571120 0.72780730
9.19109391 5.34474591 4.06108659 0.73452096
9.19480483 5.33911918 4.05648726 0.74116036
9.19849428 5.33352500 4.05191453 0.74772213
9.20216122 5.32796495 4.04736970 0.75420306
9.20580463 5.32244057 4.04285403 0.76060007
9.20942353 5.31695337 4.03836876 0.76691028
9.21301694 5.31150482 4.03391507 0.77313097
9.21658393 5.30609631 4.02949412 0.77925958
9.22012360 5.30072923 4.02510702 0.78529377
9.22363510 5.29540488 4.02075486 0.79123134
9.22711757 5.29012453 4.01643866 0.79707031
9.23057023 5.28488939 4.01215942 0.80280888
9.23399231 5.27970061 4.00791807 0.80844541
9.23738308 5.27455930 4.00371553 0.81397850
9.24074186 5.26946650 3.99955263 0.81940689
9.24406800 5.26442320 3.99543020 0.82472952
9.24736088 5.25943033 3.99134899 0.82994552
9.25061992 5.25448876 3.98730971 0.83505419
9.25384460 5.24959929 3.98331303 0.84005500
9.25703441 5.24476270 3.97935956 0.84494761
9.26018889 5.23997967 3.97544987 0.84973183
9.26330763 5.23525084 3.97158449 0.85440763
9.26639023 5.23057680 3.96776390 0.85897515
9.26943636 5.22595807 3.96398851 0.86343465
9.27244570 5.22139512 3.96025872 0.86778657
9.27541797 5.21688836 3.95657487 0.87203146
9.27835295 5.21243816 3.95293724 0.87617000
9.28125042 5.20804483 3.94934609 0.88020299
9.28411023 5.20370861 3.94580164 0.88413137
9.28693223 5.19942971 3.94230403 0.88795616
9.28971632 5.19520830 3.93885342 0.89167849
9.29246243 5.19104447 3.93544987 0.89529959
9.29517052 5.18693828 3.93209344 0.89882075
9.29784058 5.18288977 3.92878416 0.90224338
9.30047263 5.17889889 3.92552198 0.90556893
9.30306671 5.17496558 3.92230687 0.90879892
9.30562289 5.17108973 3.91913872 0.91193495
9.30814127 5.16727120 3.91601743 0.91497864
9.31062197 5.16350981 3.91294283 0.91793168
9.31306513 5.15980532 3.90991476 0.92079579
9.31547093 5.15615750 3.90693300 0.92357273
9.31783954 5.15256606 3.90399733 0.92626429
9.32017117 5.14903069 3.90110749 0.92887226
9.32246606 5.14555104 3.89826320 0.93139848
9.32472443 5.14212674 3.89546415 0.93384479
9.32694656 5.13875741 3.89271004 0.93621304
9.32913272 5.13544262 3.89000050 0.93850507
9.33128319 5.13218193 3.88733519 0.94072275
9.33339829 5.12897489 3.88471373 0.94286793
9.33547832 5.12582101 3.88213572 0.94494244
9.33752362 5.12271979 3.87960077 0.94694813
9.33953453 5.11967073 3.87710844 0.94888682
9.34151139 5.11667329 3.87465831 0.95076032
9.34345456 5.11372693 3.87224993 0.95257041
9.34536441 5.11083109 3.86988285 0.95431886
9.34724131 5.10798520 3.86755660 0.95600742
9.34908565 5.10518870 3.86527072 0.95763782
9.35089781 5.10244098 3.86302471 0.95921174
9.35267819 5.09974147 3.86081811 0.96073087
9.35442717 5.09708954 3.85865041 0.96219683
9.35614517 5.09448461 3.85652111 0.96361125
9.35783258 5.09192605 3.85442973 0.96497570
9.35948982 5.08941324 3.85237574 0.96629173
9.36111728 5.08694557 3.85035865 0.96756085
9.36271540 5.08452241 3.84837794 0.96878457
9.36428456 5.08214314 3.84643310 0.96996431
9.36582520 5.07980712 3.84452363 0.97110151
9.36733772 5.07751374 3.84264900 0.97219754
9.36882254 5.07526236 3.84080870 0.97325376
9.37028008 5.07305236 3.83900223 0.97427148
9.37171073 5.07088311 3.83722907 0.97525198
9.37311492 5.06875398 3.83548871 0.97619652
9.37449305 5.06666437 3.83378064 0.97710630
9.37584554 5.06461364 3.83210436 0.97798251
9.37717279 5.06260119 3.83045937 0.97882630
9.37847519 5.06062639 3.82884515 0.97963879
9.37975316 5.05868865 3.82726123 0.98042105
9.38100710 5.05678736 3.82570710 0.98117414
9.38223739 5.05492192 3.82418227 0.98189909
9.38344442 5.05309173 3.82268626 0.98259688
9.38462860 5.05129621 3.82121859 0.98326847
9.38579030 5.04953477 3.81977877 0.98391479
9.38692990 5.04780683 3.81836635 0.98453675
9.38804778 5.04611183 3.81698084 0.98513522
9.38914431 5.04444919 3.81562179 0.98571103
9.39021987 5.04281836 3.81428873 0.98626502
9.39127482 5.04121878 3.81298122 0.98679797
9.39230952 5.03964990 3.81169881 0.98731065
9.39332432 5.03811119 3.81044106 0.98780380
9.39431958 5.03660211 3.80920753 0.98827813
9.39529565 5.03512214 3.80799778 0.98873434
9.39625287 5.03367074 3.80681140 0.98917308
9.39719157 5.03224742 3.80564797 0.98959502
9.39811210 5.03085166 3.80450706 0.99000077
9.39901478 5.02948296 3.80338828 0.99039093
9.39989993 5.02814083 3.80229121 0.99076608
9.40076788 5.02682479 3.80121547 0.99112679
9.40161894 5.02553436 3.80016066 0.99147359
9.40245342 5.02426907 3.79912640 0.99180701
9.40327163 5.02302845 3.79811231 0.99212755
9.40407387 5.02181204 3.79711801 0.99243570
9.40486043 5.02061940 3.79614314 0.99273192
9.40563161 5.01945009 3.79518733 0.99301666
9.40638770 5.01830366 3.79425023 0.99329037
9.40712898 5.01717969 3.79333149 0.99355345
9.40785572 5.01607776 3.79243076 0.99380632
9.40856820 5.01499745 3.79154771 0.99404936
9.40926669 5.01393835 3.79068199 0.99428295
9.40995146 5.01290006 3.78983329 0.99450744
9.41062276 5.01188220 3.78900128 0.99472319
9.41128085 5.01088436 3.78818564 0.99493053
9.41192598 5.00990616 3.78738606 0.99512979
9.41255840 5.00894725 3.78660223 0.99532127
9.41317836 5.00800723 3.78583385 0.99550527
9.41378608 5.00708576 3.78508064 0.99568209
9.41438181 5.00618247 3.78434228 0.99585200
9.41496578 5.00529702 3.78361851 0.99601526
9.41553821 5.00442907 3.78290904 0.99617213
9.41609933 5.00357827 3.78221358 0.99632286
9.41664935 5.00274429 3.78153189 0.99646769
9.41718849 5.00192681 3.78086367 0.99660684
9.41771696 5.00112552 3.78020869 0.99674054
9.41823496 5.00034009 3.77956667 0.99686900
9.41874270 4.99957021 3.77893737 0.99699241
9.41924038 4.99881560 3.77832054 0.99711099
9.41972820 4.99807594 3.77771594 0.99722491
9.42020634 4.99735095 3.77712333 0.99733435
9.42067500 4.99664034 3.77654247 0.99743950
9.42113436 4.99594383 3.77597314 0.99754051
9.42158459 4.99526115 3.77541511 0.99763756
9.42202589 4.99459203 3.77486816 0.99773079
9.42245843 4.99393619 3.77433208 0.99782035
9.42288237 4.99329338 3.77380664 0.99790638
9.42329789 4.99266335 3.77329165 0.99798904
9.42370515 4.99204583 3.77278689 0.99806844
9.42410431 4.99144060 3.77229217 0.99814471
9.42449553 4.99084740 3.77180728 0.99821798
9.42487897 4.99026600 3.77133204 0.99828836
9.42525479 4.98969617 3.77086626 0.99835597
9.42562312 4.98913768 3.77040974 0.99842092
9.42598412 4.98859030 3.76996231 0.99848330
9.42633794 4.98805382 3.76952379 0.99854323
9.42668471 4.98752803 3.76909400 0.99860080
9.42702458 4.98701270 3.76867277 0.99865609
9.42735768 4.98650764 3.76825992 0.99870920
9.42768414 4.98601264 3.76785531 0.99876022
9.42800409 4.98552750 3.76745875 0.99880923
9.42831768 4.98505202 3.76707010 0.99885630
9.42862501 4.98458603 3.76668919 0.99890151
9.42892621 4.98412932 3.76631587 0.99894494
9.42922141 4.98368172 3.76595000 0.99898666
9.42951073 4.98324304 3.76559142 0.99902673
9.42979427 4.98281311 3.76523999 0.99906521
9.43007216 4.98239176 3.76489557 0.99910218
9.43034451 4.98197880 3.76455802 0.99913769
9.43061143 4.98157409 3.76422720 0.99917179
9.43087302 4.98117745 3.76390299 0.99920455
9.43112939 4.98078872 3.76358524 0.99923601
9.43138065 4.98040775 3.76327383 0.99926623
9.43162689 4.98003438 3.76296863 0.99929526
9.43186822 4.97966846 3.76266953 0.99932314
9.43210473 4.97930984 3.76237639 0.99934991
9.43233652 4.97895839 3.76208911 0.99937563
9.43256369 4.97861395 3.76180756 0.99940034
9.43278632 4.97827638 3.76153163 0.99942406
9.43300450 4.97794556 3.76126122 0.99944685
9.43321833 4.97762134 3.76099620 0.99946874
9.43342789 4.97730359 3.76073647 0.99948976
9.43363326 4.97699219 3.76048193 0.99950995
9.43383454 4.97668701 3.76023247 0.99952934
9.43403179 4.97638792 3.75998799 0.99954797
9.43422510 4.97609480 3.75974840 0.99956585
9.43441456 4.97580754 3.75951359 0.99958304
9.43460022 4.97552602 3.75928347 0.99959954
9.43478218 4.97525012 3.75905795 0.99961539
9.43496051 4.97497974 3.75883693 0.99963061
9.43513527 4.97471475 3.75862033 0.99964523
9.43530654 4.97445506 3.75840806 0.99965927
9.43547439 4.97420056 3.75820002 0.99967276
9.43563888 4.97395114 3.75799615 0.99968571
9.43580009 4.97370671 3.75779635 0.99969815
9.43595808 4.97346715 3.75760054 0.99971010
9.43611291 4.97323239 3.75740864 0.99972157
9.43626465 4.97300232 3.75722058 0.99973259
9.43641335 4.97277684 3.75703627 0.99974318
9.43655908 4.97255588 3.75685565 0.99975334
9.43670190 4.97233932 3.75667864 0.99976311
9.43684187 4.97212710 3.75650516 0.99977249
9.43697903 4.97191912 3.75633516 0.99978149
9.43711346 4.97171529 3.75616855 0.99979014
9.43724520 4.97151554 3.75600527 0.99979845
9.43737431 4.97131978 3.75584525 0.99980643
9.43750083 4.97112793 3.75568844 0.99981409
9.43762483 4.97093992 3.75553475 0.99982145
9.43774635 4.97075566 3.75538414 0.99982852
9.43786544 4.97057509 3.75523654 0.99983531
9.43798215 4.97039813 3.75509189 0.99984183
9.43809652 4.97022471 3.75495014 0.99984809
9.43820861 4.97005475 3.75481121 0.99985411
9.43831846 4.96988819 3.75467506 0.99985988
9.43842611 4.96972496 3.75454164 0.99986543
9.43853161 4.96956500 3.75441088 0.99987076
9.43863500 4.96940823 3.75428274 0.99987588
9.43873633 4.96925459 3.75415716 0.99988079
9.43883563 4.96910403 3.75403409 0.99988551
9.43893294 4.96895648 3.75391348 0.99989004
9.43902831 4.96881188 3.75379528 0.99989440
9.43912177 4.96867017 3.75367944 0.99989858
9.43921336 4.96853129 3.75356592 0.99990259
9.43930312 4.96839519 3.75345467 0.99990645
9.43939109 4.96826181 3.75334565 0.99991015
9.43947729 4.96813110 3.75323880 0.99991371
9.43956178 4.96800300 3.75313409 0.99991713
9.43964457 4.96787746 3.75303148 0.99992041
9.43972571 4.96775443 3.75293091 0.99992356
9.43980523 4.96763386 3.75283236 0.99992659
9.43988315 4.96751571 3.75273578 0.99992949
9.43995952 4.96739991 3.75264112 0.99993229
9.44003436 4.96728643 3.75254837 0.99993497
9.44010771 4.96717522 3.75245746 0.99993754
9.44017959 4.96706624 3.75236838 0.99994002
9.44025003 4.96695943 3.75228107 0.99994239
9.44031906 4.96685476 3.75219551 0.99994467
9.44038671 4.96675218 3.75211166 0.99994686
9.44045301 4.96665165 3.75202949 0.99994897
9.44051798 4.96655314 3.75194897 0.99995099
9.44058166 4.96645659 3.75187005 0.99995293
9.44064406 4.96636197 3.75179271 0.99995479
9.44070521 4.96626925 3.75171691 0.99995658
9.44076514 4.96617838 3.75164264 0.99995830
9.44082387 4.96608933 3.75156984 0.99995995
9.44088143 4.96600206 3.75149851 0.99996154
9.44093783 4.96591653 3.75142860 0.99996306
9.44099311 4.96583271 3.75136009 0.99996452
9.44104728 4.96575057 3.75129294 0.99996593
9.44110037 4.96567008 3.75122715 0.99996728
9.44115240 4.96559119 3.75116266 0.99996857
9.44120339 4.96551388 3.75109947 0.99996982
9.44125336 4.96543812 3.75103754 0.99997101
9.44130232 4.96536387 3.75097685 0.99997216
9.44135031 4.96529110 3.75091737 0.99997326
9.44139734 4.96521980 3.75085908 0.99997432
9.44144343 4.96514991 3.75080196 0.99997534
9.44148860 4.96508143 3.75074598 0.99997632
9.44153286 4.96501431 3.75069112 0.99997725
9.44157624 4.96494854 3.75063735 0.99997815
9.44161875 4.96488408 3.75058467 0.99997902
9.44166041 4.96482091 3.75053303 0.99997985
9.44170124 4.96475901 3.75048243 0.99998065
9.44174125 4.96469834 3.75043284 0.99998141
9.44178046 4.96463889 3.75038424 0.99998215
9.44181889 4.96458062 3.75033662 0.99998286
9.44185655 4.96452352 3.75028994 0.99998354
9.44189345 4.96446756 3.75024420 0.99998419
9.44192962 4.96441272 3.75019938 0.99998481
9.44196506 4.96435898 3.75015545 0.99998542
9.44199980 4.96430631 3.75011240 0.99998599
9.44203384 4.96425470 3.75007021 0.99998655
9.44206720 4.96420412 3.75002886 0.99998708
9.44209989 4.96415455 3.74998834 0.99998759
9.44213193 4.96410597 3.74994863 0.99998808
9.44216333 4.96405836 3.74990972 0.99998856
9.44219410 4.96401171 3.74987158 0.99998901
9.44222425 4.96396598 3.74983421 0.99998944
9.44225380 4.96392118 3.74979758 0.99998986
9.44228276 4.96387727 3.74976169 0.99999026
9.44231114 4.96383423 3.74972651 0.99999065
9.44233896 4.96379206 3.74969204 0.99999102
9.44236621 4.96375073 3.74965826 0.99999137
9.44239293 4.96371023 3.74962515 0.99999172
9.44241910 4.96367053 3.74959270 0.99999204
9.44244476 4.96363164 3.74956091 0.99999236
9.44246990 4.96359351 3.74952975 0.99999266
9.44249454 4.96355616 3.74949921 0.99999295
9.44251868 4.96351954 3.74946928 0.99999323
9.44254235 4.96348367 3.74943996 0.99999350
9.44256554 4.96344850 3.74941121 0.99999376
9.44258826 4.96341405 3.74938305 0.99999400
9.44261053 4.96338028 3.74935545 0.99999424
9.44263236 4.96334718 3.74932839 0.99999447
9.44265375 4.96331475 3.74930188 0.99999469
9.44267471 4.96328297 3.74927590 0.99999490
9.44269525 4.96325182 3.74925044 0.99999510
9.44271538 4.96322129 3.74922549 0.99999529
9.44273511 4.96319138 3.74920104 0.99999548
9.44275445 4.96316206 3.74917708 0.99999566
9.44277340 4.96313334 3.74915359 0.99999583
9.44279196 4.96310518 3.74913058 0.99999600
9.44281016 4.96307759 3.74910803 0.99999616
9.44282799 4.96305055 3.74908592 0.99999631
9.44284547 4.96302405 3.74906426 0.99999645
9.44286260 4.96299808 3.74904303 0.99999659
9.44287938 4.96297263 3.74902223 0.99999673
9.44289583 4.96294769 3.74900184 0.99999686
9.44291195 4.96292325 3.74898187 0.99999698
9.44292775 4.96289929 3.74896229 0.99999710
9.44294323 4.96287582 3.74894310 0.99999722
9.44295840 4.96285281 3.74892429 0.99999733
9.44297327 4.96283027 3.74890586 0.99999743
9.44298784 4.96280818 3.74888781 0.99999754
9.44300212 4.96278652 3.74887011 0.99999763
9.44301612 4.96276530 3.74885276 0.99999773
9.44302983 4.96274451 3.74883576 0.99999782
9.44304327 4.96272413 3.74881911 0.99999790
9.44305644 4.96270416 3.74880278 0.99999799
9.44306935 4.96268459 3.74878678 0.99999807
9.44308200 4.96266541 3.74877111 0.99999814
9.44309440 4.96264661 3.74875574 0.99999822
9.44310655 4.96262819 3.74874068 0.99999829
9.44311845 4.96261014 3.74872593 0.99999835
9.44313012 4.96259245 3.74871147 0.99999842
9.44314155 4.96257511 3.74869730 0.99999848
9.44315276 4.96255812 3.74868341 0.99999854
9.44316374 4.96254147 3.74866980 0.99999860
9.44317450 4.96252515 3.74865646 0.99999866
9.44318505 4.96250916 3.74864339 0.99999871
9.44319538 4.96249349 3.74863058 0.99999876
9.44320551 4.96247813 3.74861802 0.99999881
9.44321544 4.96246308 3.74860572 0.99999886
9.44322517 4.96244833 3.74859366 0.99999890
9.44323470 4.96243387 3.74858185 0.99999894
9.44324404 4.96241971 3.74857027 0.99999899
9.44325320 4.96240582 3.74855892 0.99999903
9.44326217 4.96239222 3.74854780 0.99999907
9.44327097 4.96237889 3.74853690 0.99999910
9.44327958 4.96236582 3.74852622 0.99999914
9.44328803 4.96235302 3.74851575 0.99999917
9.44329630 4.96234047 3.74850550 0.99999920
9.44330441 4.96232817 3.74849544 0.99999924
9.44331236 4.96231612 3.74848559 0.99999927
9.44332015 4.96230431 3.74847594 0.99999930
9.44332779 4.96229273 3.74846648 0.99999932
9.44333527 4.96228139 3.74845721 0.99999935
9.44334260 4.96227027 3.74844812 0.99999938
9.44334978 4.96225938 3.74843921 0.99999940
9.44335682 4.96224870 3.74843049 0.99999942
9.44336372 4.96223824 3.74842194 0.99999945
9.44337049 4.96222799 3.74841355 0.99999947
9.44337711 4.96221794 3.74840534 0.99999949
9.44338361 4.96220809 3.74839729 0.99999951
9.44338997 4.96219844 3.74838940 0.99999953
9.44339621 4.96218898 3.74838167 0.99999955
9.44340232 4.96217972 3.74837410 0.99999957
9.44340831 4.96217063 3.74836667 0.99999958
9.44341418 4.96216173 3.74835940 0.99999960
9.44341994 4.96215301 3.74835227 0.99999962
9.44342557 4.96214446 3.74834528 0.99999963
9.44343110 4.96213608 3.74833843 0.99999965
9.44343651 4.96212787 3.74833172 0.99999966
9.44344182 4.96211983 3.74832514 0.99999967
9.44344702 4.96211194 3.74831870 0.99999969
9.44345212 4.96210421 3.74831238 0.99999970
9.44345711 4.96209664 3.74830619 0.99999971
9.44346201 4.96208922 3.74830013 0.99999972
9.44346680 4.96208195 3.74829418 0.99999973
9.44347150 4.96207482 3.74828835 0.99999974
9.44347611 4.96206783 3.74828265 0.99999975
