3.69725793 9.68932869 9.29026388 0.01998644
3.69750084 9.68860924 9.29048423 0.02004905
3.69774442 9.68788781 9.29070519 0.02011199
3.69798867 9.68716442 9.29092676 0.02017529
3.69823359 9.68643904 9.29114893 0.02023893
3.69847918 9.68571166 9.29137171 0.02030292
3.69872545 9.68498228 9.29159511 0.02036726
3.69897240 9.68425089 9.29181912 0.02043196
3.69922003 9.68351747 9.29204375 0.02049702
3.69946835 9.68278201 9.29226901 0.02056244
3.69971735 9.68204452 9.29249489 0.02062822
3.69996706 9.68130496 9.29272141 0.02069438
3.70021746 9.68056334 9.29294855 0.02076090
3.70046856 9.67981965 9.29317633 0.02082779
3.70072036 9.67907387 9.29340475 0.02089506
3.70097288 9.67832599 9.29363381 0.02096272
3.70122610 9.67757600 9.29386352 0.02103075
3.70148004 9.67682389 9.29409388 0.02109917
3.70173470 9.67606966 9.29432489 0.02116797
3.70199009 9.67531329 9.29455655 0.02123717
3.70224619 9.67455476 9.29478888 0.02130676
3.70250303 9.67379407 9.29502186 0.02137675
3.70276061 9.67303121 9.29525551 0.02144714
3.70301892 9.67226616 9.29548983 0.02151794
3.70327797 9.67149892 9.29572483 0.02158914
3.70353777 9.67072947 9.29596050 0.02166075
3.70379831 9.66995780 9.29619684 0.02173277
3.70405961 9.66918390 9.29643388 0.02180522
3.70432167 9.66840776 9.29667160 0.02187808
3.70458448 9.66762936 9.29691000 0.02195137
3.70484807 9.66684870 9.29714911 0.02202508
3.70511242 9.66606576 9.29738891 0.02209923
3.70537754 9.66528053 9.29762941 0.02217381
3.70564345 9.66449300 9.29787062 0.02224883
3.70591013 9.66370315 9.29811253 0.02232429
3.70617760 9.66291098 9.29835516 0.02240020
3.70644586 9.66211647 9.29859851 0.02247655
3.70671491 9.66131961 9.29884257 0.02255336
3.70698476 9.66052039 9.29908736 0.02263062
3.70725541 9.65971879 9.29933287 0.02270835
3.70752687 9.65891480 9.29957912 0.02278654
3.70779914 9.65810840 9.29982611 0.02286520
3.70807222 9.65729960 9.30007383 0.02294433
3.70834613 9.65648836 9.30032230 0.02302393
3.70862086 9.65567469 9.30057151 0.02310402
3.70889642 9.65485856 9.30082148 0.02318459
3.70917281 9.65403996 9.30107220 0.02326565
3.70945004 9.65321888 9.30132368 0.02334720
3.70972811 9.65239531 9.30157593 0.02342924
3.71000702 9.65156923 9.30182894 0.02351179
3.71028679 9.65074062 9.30208273 0.02359484
3.71056742 9.64990948 9.30233729 0.02367841
3.71084891 9.64907579 9.30259264 0.02376248
3.71113126 9.64823954 9.30284877 0.02384708
3.71141448 9.64740071 9.30310569 0.02393220
3.71169858 9.64655929 9.30336340 0.02401784
3.71198356 9.64571525 9.30362191 0.02410402
3.71226942 9.64486860 9.30388123 0.02419073
3.71255618 9.64401931 9.30414135 0.02427798
3.71284382 9.64316737 9.30440228 0.02436578
3.71313237 9.64231277 9.30466403 0.02445413
3.71342183 9.64145548 9.30492661 0.02454304
3.71371219 9.64059550 9.30519000 0.02463251
3.71400347 9.63973280 9.30545423 0.02472254
3.71429567 9.63886738 9.30571929 0.02481314
3.71458880 9.63799922 9.30598520 0.02490432
3.71488286 9.63712830 9.30625194 0.02499608
3.71517785 9.63625461 9.30651954 0.02508842
3.71547378 9.63537813 9.30678799 0.02518136
3.71577067 9.63449884 9.30705730 0.02527489
3.71606850 9.63361673 9.30732748 0.02536902
3.71636730 9.63273178 9.30759852 0.02546376
3.71666705 9.63184398 9.30787044 0.02555911
3.71696778 9.63095331 9.30814324 0.02565508
3.71726948 9.63005975 9.30841692 0.02575168
3.71757216 9.62916328 9.30869149 0.02584890
3.71787583 9.62826390 9.30896696 0.02594676
3.71818049 9.62736158 9.30924332 0.02604526
3.71848615 9.62645630 9.30952059 0.02614441
3.71879281 9.62554805 9.30979877 0.02624420
3.71910048 9.62463681 9.31007787 0.02634466
3.71940917 9.62372256 9.31035789 0.02644578
3.71971888 9.62280528 9.31063884 0.02654758
3.72002961 9.62188496 9.31092071 0.02665005
3.72034138 9.62096158 9.31120353 0.02675320
3.72065419 9.62003512 9.31148729 0.02685704
3.72096805 9.61910556 9.31177199 0.02696158
3.72128296 9.61817289 9.31205766 0.02706682
3.72159892 9.61723708 9.31234428 0.02717277
3.72191596 9.61629811 9.31263187 0.02727944
3.72223406 9.61535597 9.31292043 0.02738683
3.72255324 9.61441064 9.31320997 0.02749495
3.72287351 9.61346209 9.31350049 0.02760381
3.72319487 9.61251032 9.31379200 0.02771341
3.72351732 9.61155529 9.31408451 0.02782376
3.72384088 9.61059699 9.31437802 0.02793487
3.72416555 9.60963540 9.31467254 0.02804674
3.72449134 9.60867050 9.31496807 0.02815938
3.72481826 9.60770226 9.31526463 0.02827281
3.72514630 9.60673068 9.31556221 0.02838702
3.72547549 9.60575572 9.31586082 0.02850203
3.72580582 9.60477736 9.31616047 0.02861784
3.72613730 9.60379559 9.31646117 0.02873446
3.72646995 9.60281039 9.31676292 0.02885190
3.72680376 9.60182172 9.31706573 0.02897017
3.72713875 9.60082958 9.31736961 0.02908927
3.72747492 9.59983393 9.31767456 0.02920921
3.72781228 9.59883476 9.31798059 0.02933000
3.72815083 9.59783205 9.31828770 0.02945166
3.72849059 9.59682577 9.31859591 0.02957418
3.72883157 9.59581589 9.31890521 0.02969758
3.72917376 9.59480240 9.31921563 0.02982186
3.72951718 9.59378528 9.31952716 0.02994704
3.72986184 9.59276449 9.31983980 0.03007312
3.73020774 9.59174002 9.32015358 0.03020011
3.73055490 9.59071185 9.32046849 0.03032803
3.73090331 9.58967994 9.32078455 0.03045688
3.73125299 9.58864427 9.32110175 0.03058666
3.73160395 9.58760483 9.32142012 0.03071740
3.73195619 9.58656158 9.32173965 0.03084909
3.73230973 9.58551451 9.32206035 0.03098176
3.73266456 9.58446358 9.32238223 0.03111540
3.73302071 9.58340877 9.32270530 0.03125003
3.73337817 9.58235005 9.32302956 0.03138566
3.73373696 9.58128741 9.32335503 0.03152230
3.73409709 9.58022081 9.32368172 0.03165997
3.73445856 9.57915022 9.32400962 0.03179866
3.73482139 9.57807563 9.32433875 0.03193839
3.73518557 9.57699700 9.32466911 0.03207918
3.73555113 9.57591431 9.32500072 0.03222103
3.73591808 9.57482753 9.32533358 0.03236395
3.73628641 9.57373663 9.32566771 0.03250796
3.73665614 9.57264159 9.32600310 0.03265307
3.73702728 9.57154237 9.32633977 0.03279928
3.73739983 9.57043895 9.32667773 0.03294662
3.73777382 9.56933131 9.32701698 0.03309509
3.73814924 9.56821940 9.32735754 0.03324470
3.73852611 9.56710321 9.32769941 0.03339547
3.73890444 9.56598270 9.32804260 0.03354741
3.73928424 9.56485785 9.32838712 0.03370053
3.73966551 9.56372861 9.32873299 0.03385485
3.74004827 9.56259498 9.32908020 0.03401037
3.74043253 9.56145690 9.32942877 0.03416711
3.74081830 9.56031436 9.32977871 0.03432509
3.74120558 9.55916732 9.33013003 0.03448432
3.74159440 9.55801575 9.33048274 0.03464480
3.74198476 9.55685962 9.33083684 0.03480656
3.74237666 9.55569890 9.33119235 0.03496961
3.74277013 9.55453355 9.33154927 0.03513397
3.74316517 9.55336354 9.33190763 0.03529964
3.74356180 9.55218884 9.33226742 0.03546664
3.74396002 9.55100942 9.33262865 0.03563499
3.74435984 9.54982524 9.33299135 0.03580470
3.74476129 9.54863627 9.33335551 0.03597579
3.74516436 9.54744247 9.33372115 0.03614827
3.74556908 9.54624381 9.33408828 0.03632216
3.74597544 9.54504025 9.33445690 0.03649748
3.74638348 9.54383177 9.33482704 0.03667423
3.74679319 9.54261832 9.33519870 0.03685244
3.74720458 9.54139987 9.33557189 0.03703213
3.74761768 9.54017637 9.33594663 0.03721330
3.74803250 9.53894781 9.33632291 0.03739599
3.74844904 9.53771413 9.33670077 0.03758019
3.74886731 9.53647530 9.33708020 0.03776594
3.74928734 9.53523128 9.33746122 0.03795325
3.74970914 9.53398204 9.33784384 0.03814214
3.75013271 9.53272753 9.33822807 0.03833263
3.75055807 9.53146772 9.33861393 0.03852473
3.75098524 9.53020257 9.33900143 0.03871846
3.75141422 9.52893204 9.33939057 0.03891385
3.75184503 9.52765608 9.33978137 0.03911091
3.75227769 9.52637466 9.34017385 0.03930966
3.75271221 9.52508773 9.34056801 0.03951013
3.75314860 9.52379526 9.34096387 0.03971233
3.75358688 9.52249720 9.34136145 0.03991628
3.75402705 9.52119351 9.34176074 0.04012201
3.75446915 9.51988415 9.34216178 0.04032953
3.75491317 9.51856907 9.34256456 0.04053887
3.75535914 9.51724823 9.34296911 0.04075005
3.75580706 9.51592159 9.34337544 0.04096309
3.75625697 9.51458910 9.34378356 0.04117801
3.75670886 9.51325071 9.34419349 0.04139484
3.75716276 9.51190639 9.34460523 0.04161361
3.75761867 9.51055607 9.34501881 0.04183432
3.75807663 9.50919973 9.34543423 0.04205702
3.75853664 9.50783731 9.34585152 0.04228171
3.75899871 9.50646876 9.34627068 0.04250844
3.75946288 9.50509404 9.34669173 0.04273721
3.75992914 9.50371309 9.34711469 0.04296807
3.76039752 9.50232587 9.34753957 0.04320103
3.76086804 9.50093232 9.34796639 0.04343611
3.76134070 9.49953241 9.34839516 0.04367336
3.76181554 9.49812607 9.34882590 0.04391279
3.76229256 9.49671325 9.34925862 0.04415443
3.76277179 9.49529391 9.34969334 0.04439831
3.76325323 9.49386799 9.35013007 0.04464446
3.76373692 9.49243544 9.35056884 0.04489290
3.76422287 9.49099620 9.35100965 0.04514368
3.76471108 9.48955023 9.35145253 0.04539680
3.76520160 9.48809745 9.35189749 0.04565232
3.76569443 9.48663783 9.35234455 0.04591025
3.76618958 9.48517130 9.35279372 0.04617063
3.76668709 9.48369781 9.35324502 0.04643349
3.76718698 9.48221729 9.35369848 0.04669887
3.76768925 9.48072970 9.35415410 0.04696679
3.76819393 9.47923497 9.35461191 0.04723729
3.76870104 9.47773304 9.35507193 0.04751040
3.76921060 9.47622386 9.35553416 0.04778616
3.76972263 9.47470736 9.35599864 0.04806461
3.77023715 9.47318348 9.35646538 0.04834577
3.77075418 9.47165216 9.35693439 0.04862969
3.77127375 9.47011334 9.35740571 0.04891640
3.77179587 9.46856695 9.35787934 0.04920594
3.77232057 9.46701293 9.35835531 0.04949834
3.77284787 9.46545121 9.35883364 0.04979365
3.77337779 9.46388173 9.35931434 0.05009191
3.77391035 9.46230442 9.35979744 0.05039316
3.77444558 9.46071921 9.36028296 0.05069742
3.77498350 9.45912605 9.36077092 0.05100476
3.77552413 9.45752484 9.36126134 0.05131521
3.77606749 9.45591554 9.36175425 0.05162881
3.77661362 9.45429806 9.36224965 0.05194560
3.77716253 9.45267234 9.36274758 0.05226564
3.77771424 9.45103830 9.36324806 0.05258896
3.77826879 9.44939587 9.36375111 0.05291562
3.77882620 9.44774498 9.36425674 0.05324565
3.77938649 9.44608555 9.36476500 0.05357911
3.77994969 9.44441751 9.36527589 0.05391604
3.78051582 9.44274077 9.36578945 0.05425650
3.78108491 9.44105527 9.36630569 0.05460053
3.78165699 9.43936092 9.36682464 0.05494818
3.78223209 9.43765764 9.36734632 0.05529951
3.78281022 9.43594536 9.36787076 0.05565457
3.78339142 9.43422399 9.36839799 0.05601341
3.78397572 9.43249345 9.36892802 0.05637609
3.78456315 9.43075365 9.36946089 0.05674266
3.78515373 9.42900452 9.36999662 0.05711318
3.78574748 9.42724596 9.37053524 0.05748771
3.78634445 9.42547789 9.37107677 0.05786630
3.78694466 9.42370023 9.37162123 0.05824902
3.78754815 9.42191287 9.37216867 0.05863592
3.78815493 9.42011575 9.37271910 0.05902707
3.78876504 9.41830875 9.37327255 0.05942254
3.78937852 9.41649180 9.37382905 0.05982238
3.78999539 9.41466480 9.37438863 0.06022665
3.79061568 9.41282764 9.37495131 0.06063544
3.79123943 9.41098025 9.37551714 0.06104880
3.79186668 9.40912252 9.37608613 0.06146681
3.79249745 9.40725435 9.37665832 0.06188953
3.79313177 9.40537565 9.37723373 0.06231703
3.79376969 9.40348631 9.37781240 0.06274940
3.79441123 9.40158624 9.37839436 0.06318669
3.79505643 9.39967532 9.37897964 0.06362900
3.79570532 9.39775346 9.37956827 0.06407639
3.79635795 9.39582055 9.38016029 0.06452895
3.79701435 9.39387648 9.38075572 0.06498675
3.79767455 9.39192115 9.38135461 0.06544988
3.79833858 9.38995444 9.38195698 0.06591841
3.79900650 9.38797624 9.38256286 0.06639244
3.79967834 9.38598645 9.38317230 0.06687206
3.80035412 9.38398494 9.38378533 0.06735734
3.80103391 9.38197161 9.38440198 0.06784838
3.80171772 9.37994633 9.38502229 0.06834527
3.80240561 9.37790899 9.38564629 0.06884810
3.80309761 9.37585946 9.38627402 0.06935697
3.80379377 9.37379762 9.38690553 0.06987197
3.80449412 9.37172336 9.38754084 0.07039321
3.80519871 9.36963655 9.38817999 0.07092079
3.80590759 9.36753705 9.38882303 0.07145480
3.80662078 9.36542475 9.38946999 0.07199535
3.80733835 9.36329951 9.39012092 0.07254255
3.80806033 9.36116120 9.39077584 0.07309651
3.80878677 9.35900968 9.39143482 0.07365734
3.80951771 9.35684483 9.39209787 0.07422515
3.81025320 9.35466650 9.39276506 0.07480006
3.81099328 9.35247456 9.39343641 0.07538218
3.81173801 9.35026887 9.39411197 0.07597164
3.81248743 9.34804928 9.39479180 0.07656856
3.81324160 9.34581565 9.39547592 0.07717306
3.81400055 9.34356783 9.39616438 0.07778527
3.81476434 9.34130568 9.39685724 0.07840533
3.81553302 9.33902904 9.39755454 0.07903336
3.81630665 9.33673777 9.39825631 0.07966949
3.81708527 9.33443170 9.39896262 0.08031388
3.81786894 9.33211069 9.39967351 0.08096666
3.81865770 9.32977457 9.40038902 0.08162797
3.81945163 9.32742318 9.40110921 0.08229796
3.82025076 9.32505636 9.40183412 0.08297678
3.82105515 9.32267395 9.40256382 0.08366458
3.82186487 9.32027578 9.40329833 0.08436153
3.82267997 9.31786167 9.40403773 0.08506777
3.82350050 9.31543147 9.40478206 0.08578348
3.82432653 9.31298498 9.40553138 0.08650882
3.82515812 9.31052205 9.40628573 0.08724395
3.82599532 9.30804248 9.40704518 0.08798906
3.82683820 9.30554610 9.40780978 0.08874432
3.82768682 9.30303272 9.40857958 0.08950991
3.82854123 9.30050215 9.40935465 0.09028601
3.82940152 9.29795422 9.41013504 0.09107282
3.83026773 9.29538872 9.41092080 0.09187052
3.83113994 9.29280547 9.41171201 0.09267932
3.83201821 9.29020426 9.41250871 0.09349941
3.83290261 9.28758490 9.41331098 0.09433099
3.83379321 9.28494718 9.41411887 0.09517429
3.83469008 9.28229090 9.41493244 0.09602950
3.83559328 9.27961586 9.41575176 0.09689686
3.83650289 9.27692184 9.41657689 0.09777657
3.83741898 9.27420863 9.41740790 0.09866888
3.83834162 9.27147601 9.41824485 0.09957401
3.83927088 9.26872377 9.41908781 0.10049221
3.84020685 9.26595168 9.41993686 0.10142371
3.84114960 9.26315951 9.42079205 0.10236876
3.84209920 9.26034705 9.42165346 0.10332761
3.84305573 9.25751405 9.42252115 0.10430053
3.84401927 9.25466029 9.42339521 0.10528778
3.84498990 9.25178553 9.42427570 0.10628964
3.84596771 9.24888952 9.42516270 0.10730636
3.84695277 9.24597203 9.42605627 0.10833825
3.84794517 9.24303280 9.42695651 0.10938558
3.84894500 9.24007159 9.42786347 0.11044866
3.84995233 9.23708814 9.42877725 0.11152778
3.85096725 9.23408220 9.42969792 0.11262324
3.85198986 9.23105350 9.43062556 0.11373538
3.85302024 9.22800179 9.43156024 0.11486449
3.85405849 9.22492678 9.43250206 0.11601093
3.85510468 9.22182823 9.43345110 0.11717501
3.85615893 9.21870584 9.43440743 0.11835708
3.85722131 9.21555934 9.43537115 0.11955750
3.85829192 9.21238846 9.43634233 0.12077661
3.85937087 9.20919290 9.43732108 0.12201479
3.86045825 9.20597238 9.43830747 0.12327241
3.86155415 9.20272660 9.43930159 0.12454985
3.86265868 9.19945528 9.44030354 0.12584750
3.86377194 9.19615810 9.44131341 0.12716576
3.86489403 9.19283477 9.44233129 0.12850503
3.86602505 9.18948499 9.44335727 0.12986574
3.86716511 9.18610843 9.44439145 0.13124829
3.86831431 9.18270479 9.44543392 0.13265314
3.86947277 9.17927375 9.44648479 0.13408072
3.87064058 9.17581499 9.44754415 0.13553148
3.87181787 9.17232818 9.44861210 0.13700589
3.87300474 9.16881299 9.44968874 0.13850442
3.87420130 9.16526908 9.45077417 0.14002755
3.87540767 9.16169614 9.45186851 0.14157577
3.87662396 9.15809380 9.45297184 0.14314959
3.87785029 9.15446173 9.45408428 0.14474952
3.87908678 9.15079959 9.45520593 0.14637608
3.88033354 9.14710701 9.45633690 0.14802980
3.88159069 9.14338364 9.45747730 0.14971124
3.88285837 9.13962914 9.45862724 0.15142095
3.88413667 9.13584312 9.45978683 0.15315949
3.88542574 9.13202524 9.46095618 0.15492746
3.88672570 9.12817511 9.46213541 0.15672543
3.88803667 9.12429237 9.46332463 0.15855402
3.88935877 9.12037664 9.46452395 0.16041383
3.89069215 9.11642754 9.46573349 0.16230550
3.89203692 9.11244469 9.46695336 0.16422967
3.89339321 9.10842771 9.46818369 0.16618698
3.89476116 9.10437620 9.46942460 0.16817810
3.89614090 9.10028978 9.47067620 0.17020371
3.89753256 9.09616805 9.47193861 0.17226450
3.89893627 9.09201061 9.47321196 0.17436117
3.90035218 9.08781708 9.47449637 0.17649444
3.90178041 9.08358704 9.47579196 0.17866503
3.90322110 9.07932009 9.47709885 0.18087368
3.90467439 9.07501582 9.47841717 0.18312115
3.90614042 9.07067384 9.47974704 0.18540820
3.90761931 9.06629374 9.48108859 0.18773562
3.90911122 9.06187509 9.48244195 0.19010419
3.91061629 9.05741750 9.48380723 0.19251471
3.91213464 9.05292054 9.48518457 0.19496802
3.91366641 9.04838382 9.48657409 0.19746492
3.91521176 9.04380691 9.48797591 0.20000627
3.91677081 9.03918941 9.48939017 0.20259291
3.91834371 9.03453090 9.49081700 0.20522572
3.91993060 9.02983097 9.49225650 0.20790556
3.92153160 9.02508921 9.49370882 0.21063333
3.92314687 9.02030521 9.49517407 0.21340992
3.92477654 9.01547857 9.49665239 0.21623623
3.92642074 9.01060888 9.49814389 0.21911319
3.92807961 9.00569574 9.49964870 0.22204173
3.92975328 9.00073876 9.50116694 0.22502277
3.93144190 8.99573753 9.50269873 0.22805725
3.93314558 8.99069167 9.50424419 0.23114614
3.93486446 8.98560079 9.50580343 0.23429038
3.93659867 8.98046452 9.50737658 0.23749093
3.93834833 8.97528248 9.50896375 0.24074877
3.94011357 8.97005431 9.51056505 0.24406485
3.94189451 8.96477964 9.51218059 0.24744016
3.94369126 8.95945813 9.51381047 0.25087566
3.94550395 8.95408944 9.51545481 0.25437232
3.94733268 8.94867323 9.51711370 0.25793112
3.94917756 8.94320918 9.51878724 0.26155303
3.95103869 8.93769700 9.52047553 0.26523900
3.95291618 8.93213637 9.52217865 0.26898998
3.95481012 8.92652702 9.52389670 0.27280694
3.95672060 8.92086867 9.52562975 0.27669080
3.95864771 8.91516109 9.52737788 0.28064249
3.96059152 8.90940402 9.52914117 0.28466293
3.96255212 8.90359726 9.53091968 0.28875299
3.96452956 8.89774060 9.53271347 0.29291357
3.96652391 8.89183386 9.53452261 0.29714550
3.96853522 8.88587688 9.53634712 0.30144962
3.97056354 8.87986953 9.53818707 0.30582672
3.97260891 8.87381170 9.54004248 0.31027758
3.97467134 8.86770330 9.54191337 0.31480292
3.97675088 8.86154427 9.54379978 0.31940346
3.97884752 8.85533458 9.54570170 0.32407984
3.98096127 8.84907421 9.54761914 0.32883268
3.98309211 8.84276321 9.54955209 0.33366254
3.98524004 8.83640163 9.55150053 0.33856994
3.98740501 8.82998956 9.55346443 0.34355535
3.98958698 8.82352713 9.55544376 0.34861915
3.99178590 8.81701450 9.55743847 0.35376168
3.99400170 8.81045189 9.55944848 0.35898323
3.99623430 8.80383953 9.56147373 0.36428397
3.99848359 8.79717770 9.56351413 0.36966403
4.00074948 8.79046675 9.56556958 0.37512345
4.00303183 8.78370702 9.56763996 0.38066218
4.00533050 8.77689896 9.56972516 0.38628009
4.00764534 8.77004301 9.57182501 0.39197695
4.00997618 8.76313970 9.57393937 0.39775242
4.01232281 8.75618960 9.57606807 0.40360607
4.01468503 8.74919331 9.57821091 0.40953736
4.01706262 8.74215151 9.58036769 0.41554564
4.01945534 8.73506492 9.58253819 0.42163013
4.02186291 8.72793433 9.58472216 0.42778995
4.02428505 8.72076058 9.58691936 0.43402407
4.02672147 8.71354455 9.58912950 0.44033136
4.02917184 8.70628721 9.59135230 0.44671053
4.03163581 8.69898957 9.59358744 0.45316017
4.03411303 8.69165270 9.59583459 0.45967874
4.03660311 8.68427775 9.59809341 0.46626454
4.03910564 8.67686591 9.60036353 0.47291574
4.04162020 8.66941844 9.60264456 0.47963036
4.04414634 8.66193668 9.60493609 0.48640629
4.04668360 8.65442200 9.60723771 0.49324124
4.04923148 8.64687585 9.60954896 0.50013281
4.05178947 8.63929975 9.61186939 0.50707842
4.05435704 8.63169527 9.61419851 0.51407537
4.05693365 8.62406405 9.61653582 0.52112080
4.05951871 8.61640778 9.61888080 0.52821172
4.06211164 8.60872821 9.62123292 0.53534499
4.06471182 8.60102715 9.62359162 0.54251733
4.06731863 8.59330648 9.62595632 0.54972534
4.06993141 8.58556811 9.62832645 0.55696548
4.07254950 8.57781403 9.63070139 0.56423411
4.07517221 8.57004625 9.63308052 0.57152745
4.07779884 8.56226686 9.63546322 0.57884161
4.08042868 8.55447797 9.63784882 0.58617263
4.08306099 8.54668175 9.64023666 0.59351642
4.08569504 8.53888040 9.64262608 0.60086882
4.08833006 8.53107615 9.64501638 0.60822560
4.09096529 8.52327129 9.64740688 0.61558246
4.09359996 8.51546812 9.64979685 0.62293505
4.09623326 8.50766896 9.65218560 0.63027896
4.09886442 8.49987617 9.65457239 0.63760978
4.10149262 8.49209211 9.65695651 0.64492304
4.10411708 8.48431918 9.65933723 0.65221429
4.10673697 8.47655976 9.66171380 0.65947907
4.10935148 8.46881625 9.66408550 0.66671295
4.11195981 8.46109106 9.66645159 0.67391151
4.11456115 8.45338658 9.66881134 0.68107039
4.11715469 8.44570521 9.67116401 0.68818526
4.11973962 8.43804931 9.67350888 0.69525189
4.12231516 8.43042126 9.67584522 0.70226608
4.12488050 8.42282338 9.67817232 0.70922376
4.12743488 8.41525801 9.68048946 0.71612095
4.12997751 8.40772741 9.68279595 0.72295376
4.13250763 8.40023384 9.68509110 0.72971845
4.13502450 8.39277953 9.68737422 0.73641140
4.13752739 8.38536663 9.68964466 0.74302913
4.14001558 8.37799727 9.69190177 0.74956830
4.14248837 8.37067354 9.69414490 0.75602573
4.14494506 8.36339745 9.69637344 0.76239842
4.14738501 8.35617098 9.69858678 0.76868351
4.14980756 8.34899603 9.70078434 0.77487834
4.15221208 8.34187445 9.70296556 0.78098040
4.15459799 8.33480802 9.70512988 0.78698741
4.15696469 8.32779847 9.70727678 0.79289721
4.15931164 8.32084744 9.70940576 0.79870789
4.16163829 8.31395650 9.71151634 0.80441768
4.16394415 8.30712717 9.71360804 0.81002501
4.16622872 8.30036087 9.71568044 0.81552853
4.16849155 8.29365896 9.71773312 0.82092703
4.17073221 8.28702272 9.71976569 0.82621950
4.17295029 8.28045335 9.72177777 0.83140513
4.17514541 8.27395200 9.72376902 0.83648326
4.17731721 8.26751969 9.72573912 0.84145342
4.17946536 8.26115742 9.72768777 0.84631530
4.18158957 8.25486608 9.72961470 0.85106877
4.18368955 8.24864649 9.73151965 0.85571385
4.18576506 8.24249939 9.73340240 0.86025070
4.18781585 8.23642547 9.73526274 0.86467965
4.18984175 8.23042531 9.73710048 0.86900115
4.19184255 8.22449945 9.73891547 0.87321580
4.19381812 8.21864834 9.74070756 0.87732433
4.19576832 8.21287237 9.74247664 0.88132756
4.19769304 8.20717185 9.74422261 0.88522645
4.19959220 8.20154704 9.74594539 0.88902207
4.20146573 8.19599812 9.74764493 0.89271556
4.20331360 8.19052522 9.74932118 0.89630818
4.20513578 8.18512841 9.75097413 0.89980126
4.20693227 8.17980768 9.75260378 0.90319621
4.20870309 8.17456299 9.75421013 0.90649450
4.21044827 8.16939424 9.75579323 0.90969769
4.21216786 8.16430126 9.75735312 0.91280736
4.21386194 8.15928385 9.75888987 0.91582517
4.21553058 8.15434175 9.76040355 0.91875282
4.21717391 8.14947466 9.76189425 0.92159204
4.21879202 8.14468225 9.76336208 0.92434458
4.22038505 8.13996411 9.76480717 0.92701225
4.22195314 8.13531984 9.76622963 0.92959685
4.22349645 8.13074896 9.76762961 0.93210023
4.22501514 8.12625098 9.76900726 0.93452421
4.22650940 8.12182538 9.77036274 0.93687066
4.22797942 8.11747159 9.77169623 0.93914142
4.22942538 8.11318902 9.77300791 0.94133835
4.23084751 8.10897706 9.77429796 0.94346330
4.23224601 8.10483507 9.77556658 0.94551811
4.23362111 8.10076239 9.77681397 0.94750462
4.23497304 8.09675832 9.77804034 0.94942464
4.23630204 8.09282218 9.77924592 0.95127997
4.23760835 8.08895323 9.78043091 0.95307241
4.23889222 8.08515073 9.78159555 0.95480370
4.24015391 8.08141394 9.78274006 0.95647559
4.24139367 8.07774210 9.78386468 0.95808980
4.24261177 8.07413441 9.78496965 0.95964802
4.24380847 8.07059010 9.78605521 0.96115190
4.24498404 8.06710837 9.78712161 0.96260309
4.24613876 8.06368841 9.78816908 0.96400318
4.24727289 8.06032941 9.78919788 0.96535374
4.24838671 8.05703056 9.79020826 0.96665632
4.24948050 8.05379104 9.79120047 0.96791242
4.25055454 8.05061002 9.79217476 0.96912351
4.25160911 8.04748667 9.79313139 0.97029105
4.25264448 8.04442017 9.79407061 0.97141644
4.25366094 8.04140969 9.79499266 0.97250104
4.25465876 8.03845441 9.79589781 0.97354621
4.25563823 8.03555349 9.79678631 0.97455325
4.25659961 8.03270611 9.79765842 0.97552343
4.25754320 8.02991145 9.79851437 0.97645799
4.25846927 8.02716869 9.79935443 0.97735813
4.25937808 8.02447702 9.80017884 0.97822503
4.26026992 8.02183562 9.80098786 0.97905983
4.26114506 8.01924369 9.80178172 0.97986364
4.26200377 8.01670042 9.80256068 0.98063753
4.26284632 8.01420503 9.80332498 0.98138253
4.26367296 8.01175672 9.80407485 0.98209968
4.26448398 8.00935471 9.80481054 0.98278994
4.26527962 8.00699822 9.80553229 0.98345428
4.26606015 8.00468649 9.80624034 0.98409360
4.26682583 8.00241876 9.80693490 0.98470881
4.26757690 8.00019427 9.80761622 0.98530077
4.26831363 7.99801228 9.80828453 0.98587031
4.26903626 7.99587205 9.80894004 0.98641826
4.26974503 7.99377286 9.80958299 0.98694538
4.27044019 7.99171398 9.81021359 0.98745245
4.27112198 7.98969470 9.81083206 0.98794019
4.27179063 7.98771433 9.81143861 0.98840931
4.27244638 7.98577216 9.81203347 0.98886050
4.27308947 7.98386751 9.81261683 0.98929441
4.27372011 7.98199972 9.81318890 0.98971170
4.27433853 7.98016811 9.81374989 0.99011296
4.27494496 7.97837203 9.81430000 0.99049881
4.27553962 7.97661082 9.81483942 0.99086981
4.27612271 7.97488386 9.81536836 0.99122652
4.27669445 7.97319052 9.81588700 0.99156948
4.27725505 7.97153017 9.81639554 0.99189920
4.27780471 7.96990220 9.81689416 0.99221617
4.27834365 7.96830602 9.81738304 0.99252089
4.27887205 7.96674104 9.81786237 0.99281381
4.27939011 7.96520667 9.81833232 0.99309538
4.27989803 7.96370234 9.81879307 0.99336603
4.28039600 7.96222748 9.81924479 0.99362618
4.28088421 7.96078155 9.81968765 0.99387622
4.28136283 7.95936400 9.82012182 0.99411654
4.28183205 7.95797429 9.82054747 0.99434751
4.28229205 7.95661189 9.82096475 0.99456949
4.28274300 7.95527629 9.82137382 0.99478283
4.28318508 7.95396697 9.82177484 0.99498784
4.28361845 7.95268344 9.82216796 0.99518486
4.28404328 7.95142521 9.82255334 0.99537420
4.28445974 7.95019178 9.82293112 0.99555613
4.28486797 7.94898268 9.82330144 0.99573096
4.28526815 7.94779745 9.82366445 0.99589896
4.28566043 7.94663563 9.82402030 0.99606038
4.28604496 7.94549677 9.82436911 0.99621548
4.28642188 7.94438042 9.82471103 0.99636452
4.28679135 7.94328614 9.82504619 0.99650771
4.28715351 7.94221352 9.82537471 0.99664530
4.28750850 7.94116214 9.82569674 0.99677749
4.28785646 7.94013157 9.82601238 0.99690450
4.28819753 7.93912142 9.82632177 0.99702652
4.28853184 7.93813129 9.82662503 0.99714376
4.28885952 7.93716078 9.82692228 0.99725639
4.28918070 7.93620953 9.82721363 0.99736460
4.28949551 7.93527714 9.82749921 0.99746856
4.28980407 7.93436326 9.82777911 0.99756843
4.29010651 7.93346753 9.82805346 0.99766438
4.29040294 7.93258957 9.82832236 0.99775655
4.29069348 7.93172906 9.82858592 0.99784510
4.29097825 7.93088565 9.82884425 0.99793016
4.29125737 7.93005899 9.82909744 0.99801188
4.29153093 7.92924877 9.82934559 0.99809038
4.29179905 7.92845466 9.82958882 0.99816579
4.29206184 7.92767634 9.82982720 0.99823822
4.29231941 7.92691350 9.83006084 0.99830781
4.29257185 7.92616584 9.83028984 0.99837465
4.29281926 7.92543306 9.83051428 0.99843886
4.29306176 7.92471487 9.83073425 0.99850054
4.29329942 7.92401097 9.83094984 0.99855979
4.29353235 7.92332109 9.83116114 0.99861670
4.29376064 7.92264495 9.83136823 0.99867137
4.29398439 7.92198227 9.83157119 0.99872388
4.29420367 7.92133280 9.83177012 0.99877432
4.29441859 7.92069627 9.83196507 0.99882277
4.29462923 7.92007242 9.83215615 0.99886931
4.29483567 7.91946101 9.83234341 0.99891401
4.29503799 7.91886178 9.83252694 0.99895694
4.29523628 7.91827451 9.83270682 0.99899819
4.29543061 7.91769894 9.83288310 0.99903780
4.29562107 7.91713484 9.83305588 0.99907585
4.29580773 7.91658200 9.83322520 0.99911240
4.29599067 7.91604019 9.83339115 0.99914750
4.29616996 7.91550918 9.83355379 0.99918122
4.29634567 7.91498877 9.83371318 0.99921360
4.29651788 7.91447874 9.83386940 0.99924471
4.29668665 7.91397888 9.83402249 0.99927458
4.29685205 7.91348900 9.83417253 0.99930328
4.29701415 7.91300890 9.83431958 0.99933084
4.29717302 7.91253838 9.83446369 0.99935731
4.29732872 7.91207725 9.83460493 0.99938274
4.29748130 7.91162533 9.83474334 0.99940716
4.29763084 7.91118243 9.83487900 0.99943062
4.29777740 7.91074837 9.83501194 0.99945315
4.29792103 7.91032298 9.83514223 0.99947478
4.29806179 7.90990609 9.83526992 0.99949557
4.29819974 7.90949751 9.83539506 0.99951553
4.29833493 7.90909710 9.83551770 0.99953470
4.29846743 7.90870469 9.83563789 0.99955311
4.29859728 7.90832011 9.83575568 0.99957080
4.29872453 7.90794321 9.83587111 0.99958778
4.29884925 7.90757384 9.83598424 0.99960410
4.29897147 7.90721185 9.83609512 0.99961977
4.29909125 7.90685709 9.83620377 0.99963481
4.29920864 7.90650942 9.83631026 0.99964927
4.29932368 7.90616870 9.83641462 0.99966315
4.29943642 7.90583478 9.83651689 0.99967648
4.29954691 7.90550753 9.83661712 0.99968929
4.29965520 7.90518682 9.83671535 0.99970159
4.29976132 7.90487253 9.83681161 0.99971340
4.29986532 7.90456451 9.83690595 0.99972474
4.29996724 7.90426264 9.83699841 0.99973564
4.30006712 7.90396681 9.83708901 0.99974610
4.30016501 7.90367689 9.83717781 0.99975615
4.30026094 7.90339277 9.83726483 0.99976581
4.30035496 7.90311432 9.83735012 0.99977508
4.30044709 7.90284144 9.83743370 0.99978398
4.30053739 7.90257401 9.83751560 0.99979253
4.30062588 7.90231193 9.83759588 0.99980075
4.30071260 7.90205509 9.83767454 0.99980863
4.30079759 7.90180338 9.83775164 0.99981621
4.30088087 7.90155670 9.83782719 0.99982349
4.30096250 7.90131495 9.83790123 0.99983047
4.30104249 7.90107803 9.83797380 0.99983719
4.30112088 7.90084586 9.83804491 0.99984363
4.30119771 7.90061832 9.83811460 0.99984982
4.30127300 7.90039533 9.83818290 0.99985577
4.30134678 7.90017680 9.83824983 0.99986148
4.30141909 7.89996263 9.83831542 0.99986696
4.30148996 7.89975275 9.83837971 0.99987223
4.30155940 7.89954707 9.83844270 0.99987729
4.30162746 7.89934549 9.83850444 0.99988215
4.30169416 7.89914795 9.83856495 0.99988681
4.30175953 7.89895436 9.83862424 0.99989130
4.30182359 7.89876463 9.83868235 0.99989560
4.30188636 7.89857870 9.83873930 0.99989973
4.30194788 7.89839649 9.83879511 0.99990370
4.30200818 7.89821792 9.83884980 0.99990752
4.30206726 7.89804292 9.83890340 0.99991118
4.30212517 7.89787142 9.83895592 0.99991469
4.30218192 7.89770335 9.83900740 0.99991807
4.30223753 7.89753864 9.83905785 0.99992132
4.30229203 7.89737723 9.83910729 0.99992443
4.30234544 7.89721904 9.83915574 0.99992742
4.30239778 7.89706401 9.83920322 0.99993030
4.30244908 7.89691209 9.83924975 0.99993306
4.30249935 7.89676320 9.83929536 0.99993571
4.30254862 7.89661729 9.83934005 0.99993825
4.30259690 7.89647429 9.83938384 0.99994070
4.30264421 7.89633416 9.83942676 0.99994305
4.30269058 7.89619683 9.83946882 0.99994530
4.30273602 7.89606224 9.83951005 0.99994747
4.30278055 7.89593035 9.83955044 0.99994955
4.30282420 7.89580109 9.83959003 0.99995155
4.30286697 7.89567442 9.83962883 0.99995346
4.30290888 7.89555028 9.83966685 0.99995531
4.30294996 7.89542862 9.83970411 0.99995708
4.30299021 7.89530940 9.83974063 0.99995878
4.30302966 7.89519256 9.83977641 0.99996041
4.30306832 7.89507806 9.83981148 0.99996198
4.30310621 7.89496584 9.83984585 0.99996348
4.30314334 7.89485587 9.83987954 0.99996493
4.30317973 7.89474810 9.83991254 0.99996632
4.30321539 7.89464249 9.83994489 0.99996765
4.30325033 7.89453899 9.83997659 0.99996893
4.30328458 7.89443755 9.84000766 0.99997016
4.30331814 7.89433815 9.84003811 0.99997134
4.30335104 7.89424073 9.84006794 0.99997248
4.30338327 7.89414526 9.84009718 0.99997357
4.30341486 7.89405170 9.84012584 0.99997461
4.30344582 7.89396001 9.84015392 0.99997562
4.30347615 7.89387016 9.84018144 0.99997659
4.30350589 7.89378210 9.84020841 0.99997751
4.30353502 7.89369581 9.84023484 0.99997840
4.30356358 7.89361124 9.84026075 0.99997926
4.30359156 7.89352836 9.84028613 0.99998008
4.30361899 7.89344713 9.84031101 0.99998087
4.30364586 7.89336754 9.84033539 0.99998163
4.30367220 7.89328953 9.84035928 0.99998235
4.30369801 7.89321308 9.84038269 0.99998305
4.30372330 7.89313817 9.84040564 0.99998372
4.30374809 7.89306475 9.84042813 0.99998437
4.30377239 7.89299280 9.84045016 0.99998499
4.30379619 7.89292229 9.84047176 0.99998558
4.30381953 7.89285319 9.84049292 0.99998615
4.30384239 7.89278547 9.84051366 0.99998670
4.30386480 7.89271910 9.84053399 0.99998723
4.30388676 7.89265406 9.84055391 0.99998773
4.30390828 7.89259033 9.84057343 0.99998822
4.30392937 7.89252786 9.84059256 0.99998869
4.30395003 7.89246665 9.84061131 0.99998913
4.30397029 7.89240666 9.84062969 0.99998956
4.30399014 7.89234787 9.84064769 0.99998998
4.30400959 7.89229026 9.84066534 0.99999037
4.30402866 7.89223380 9.84068263 0.99999076
4.30404734 7.89217847 9.84069958 0.99999112
4.30406565 7.89212424 9.84071619 0.99999147
4.30408359 7.89207110 9.84073246 0.99999181
4.30410117 7.89201902 9.84074841 0.99999213
4.30411840 7.89196799 9.84076404 0.99999245
4.30413529 7.89191797 9.84077936 0.99999275
4.30415184 7.89186895 9.84079438 0.99999303
4.30416806 7.89182092 9.84080909 0.99999331
4.30418395 7.89177385 9.84082351 0.99999357
4.30419953 7.89172771 9.84083764 0.99999383
4.30421480 7.89168250 9.84085148 0.99999407
4.30422975 7.89163820 9.84086505 0.99999431
4.30424441 7.89159478 9.84087835 0.99999453
4.30425878 7.89155222 9.84089139 0.99999475
4.30427286 7.89151052 9.84090416 0.99999496
4.30428666 7.89146966 9.84091667 0.99999516
4.30430018 7.89142961 9.84092894 0.99999535
4.30431343 7.89139036 9.84094096 0.99999553
4.30432642 7.89135189 9.84095274 0.99999571
4.30433915 7.89131420 9.84096429 0.99999588
4.30435162 7.89127726 9.84097560 0.99999604
4.30436384 7.89124106 9.84098669 0.99999620
4.30437582 7.89120558 9.84099756 0.99999635
4.30438756 7.89117081 9.84100820 0.99999649
4.30439907 7.89113674 9.84101864 0.99999663
4.30441034 7.89110335 9.84102887 0.99999677
4.30442139 7.89107063 9.84103889 0.99999689
4.30443222 7.89103856 9.84104871 0.99999702
4.30444283 7.89100713 9.84105834 0.99999714
4.30445323 7.89097633 9.84106777 0.99999725
4.30446342 7.89094615 9.84107702 0.99999736
4.30447340 7.89091657 9.84108608 0.99999746
4.30448319 7.89088758 9.84109495 0.99999756
4.30449278 7.89085917 9.84110366 0.99999766
4.30450218 7.89083133 9.84111218 0.99999775
4.30451140 7.89080405 9.84112054 0.99999784
4.30452042 7.89077731 9.84112873 0.99999793
4.30452927 7.89075111 9.84113675 0.99999801
4.30453794 7.89072543 9.84114462 0.99999809
4.30454644 7.89070027 9.84115233 0.99999816
4.30455476 7.89067560 9.84115988 0.99999824
4.30456292 7.89065144 9.84116728 0.99999831
4.30457092 7.89062775 9.84117454 0.99999837
4.30457876 7.89060454 9.84118164 0.99999844
4.30458644 7.89058179 9.84118861 0.99999850
4.30459397 7.89055950 9.84119544 0.99999856
4.30460134 7.89053765 9.84120213 0.99999862
4.30460857 7.89051624 9.84120869 0.99999867
4.30461565 7.89049526 9.84121511 0.99999872
4.30462260 7.89047470 9.84122141 0.99999877
4.30462940 7.89045455 9.84122758 0.99999882
4.30463607 7.89043480 9.84123363 0.99999887
4.30464260 7.89041545 9.84123956 0.99999891
4.30464901 7.89039648 9.84124537 0.99999896
4.30465528 7.89037790 9.84125106 0.99999900
4.30466143 7.89035968 9.84125664 0.99999904
4.30466746 7.89034183 9.84126211 0.99999908
4.30467336 7.89032434 9.84126746 0.99999911
4.30467915 7.89030720 9.84127272 0.99999915
4.30468483 7.89029040 9.84127786 0.99999918
4.30469038 7.89027393 9.84128290 0.99999921
4.30469583 7.89025780 9.84128785 0.99999925
4.30470117 7.89024198 9.84129269 0.99999927
4.30470640 7.89022649 9.84129743 0.99999930
4.30471153 7.89021130 9.84130209 0.99999933
4.30471656 7.89019642 9.84130664 0.99999936
4.30472148 7.89018183 9.84131111 0.99999938
4.30472631 7.89016754 9.84131549 0.99999941
4.30473104 7.89015353 9.84131978 0.99999943
4.30473567 7.89013981 9.84132398 0.99999945
4.30474021 7.89012635 9.84132810 0.99999948
4.30474466 7.89011317 9.84133214 0.99999950
4.30474903 7.89010025 9.84133610 0.99999952
4.30475330 7.89008759 9.84133998 0.99999954
4.30475749 7.89007518 9.84134378 0.99999955
4.30476160 7.89006302 9.84134750 0.99999957
4.30476562 7.89005110 9.84135115 0.99999959
4.30476956 7.89003943 9.84135473 0.99999960
4.30477343 7.89002798 9.84135823 0.99999962
4.30477721 7.89001676 9.84136167 0.99999964
4.30478093 7.89000577 9.84136504 0.99999965
4.30478456 7.88999500 9.84136834 0.99999966
4.30478813 7.88998444 9.84137157 0.99999968
4.30479162 7.88997410 9.84137474 0.99999969
4.30479504 7.88996396 9.84137784 0.99999970
4.30479840 7.88995402 9.84138089 0.99999971
4.30480169 7.88994429 9.84138387 0.99999973
4.30480491 7.88993475 9.84138679 0.99999974
4.30480806 7.88992539 9.84138965 0.99999975
4.30481116 7.88991623 9.84139246 0.99999976
