3.48868094 6.69071680 7.09983945 0.01098824
3.48877766 6.69055192 7.09942282 0.01100927
3.48887452 6.69038677 7.09900546 0.01103037
3.48897153 6.69022134 7.09858738 0.01105155
3.48906869 6.69005563 7.09816856 0.01107280
3.48916599 6.68988965 7.09774900 0.01109412
3.48926345 6.68972340 7.09732871 0.01111552
3.48936105 6.68955686 7.09690768 0.01113699
3.48945880 6.68939005 7.09648591 0.01115854
3.48955671 6.68922296 7.09606340 0.01118016
3.48965476 6.68905558 7.09564014 0.01120185
3.48975296 6.68888793 7.09521613 0.01122363
3.48985132 6.68871999 7.09479136 0.01124548
3.48994983 6.68855177 7.09436585 0.01126740
3.49004849 6.68838326 7.09393958 0.01128940
3.49014730 6.68821447 7.09351255 0.01131148
3.49024627 6.68804539 7.09308476 0.01133364
3.49034539 6.68787603 7.09265620 0.01135588
3.49044466 6.68770638 7.09222688 0.01137819
3.49054409 6.68753644 7.09179679 0.01140059
3.49064367 6.68736620 7.09136593 0.01142306
3.49074341 6.68719568 7.09093430 0.01144561
3.49084331 6.68702487 7.09050189 0.01146825
3.49094336 6.68685376 7.09006870 0.01149096
3.49104357 6.68668237 7.08963473 0.01151376
3.49114394 6.68651067 7.08919997 0.01153663
3.49124447 6.68633868 7.08876443 0.01155959
3.49134515 6.68616640 7.08832810 0.01158263
3.49144599 6.68599381 7.08789098 0.01160576
3.49154700 6.68582093 7.08745307 0.01162896
3.49164816 6.68564775 7.08701435 0.01165226
3.49174949 6.68547427 7.08657484 0.01167563
3.49185097 6.68530049 7.08613453 0.01169909
3.49195262 6.68512640 7.08569341 0.01172263
3.49205443 6.68495201 7.08525148 0.01174626
3.49215640 6.68477732 7.08480874 0.01176998
3.49225854 6.68460232 7.08436519 0.01179378
3.49236084 6.68442701 7.08392082 0.01181767
3.49246330 6.68425140 7.08347563 0.01184164
3.49256593 6.68407548 7.08302963 0.01186570
3.49266873 6.68389925 7.08258280 0.01188985
3.49277169 6.68372271 7.08213514 0.01191409
3.49287482 6.68354586 7.08168665 0.01193842
3.49297811 6.68336869 7.08123733 0.01196284
3.49308158 6.68319121 7.08078717 0.01198734
3.49318521 6.68301342 7.08033618 0.01201194
3.49328901 6.68283531 7.07988434 0.01203663
3.49339298 6.68265688 7.07943166 0.01206141
3.49349712 6.68247814 7.07897813 0.01208628
3.49360143 6.68229907 7.07852376 0.01211124
3.49370591 6.68211969 7.07806853 0.01213630
3.49381056 6.68193998 7.07761244 0.01216145
3.49391539 6.68175996 7.07715550 0.01218669
3.49402038 6.68157961 7.07669769 0.01221203
3.49412556 6.68139893 7.07623902 0.01223746
3.49423090 6.68121793 7.07577948 0.01226299
3.49433642 6.68103660 7.07531907 0.01228861
3.49444211 6.68085495 7.07485779 0.01231433
3.49454799 6.68067296 7.07439563 0.01234015
3.49465403 6.68049065 7.07393260 0.01236606
3.49476026 6.68030800 7.07346867 0.01239207
3.49486666 6.68012503 7.07300387 0.01241818
3.49497324 6.67994171 7.07253817 0.01244439
3.49507999 6.67975807 7.07207158 0.01247070
3.49518693 6.67957409 7.07160410 0.01249710
3.49529405 6.67938977 7.07113572 0.01252361
3.49540135 6.67920511 7.07066644 0.01255022
3.49550883 6.67902011 7.07019625 0.01257693
3.49561649 6.67883478 7.06972515 0.01260374
3.49572433 6.67864910 7.06925315 0.01263066
3.49583236 6.67846308 7.06878022 0.01265768
3.49594056 6.67827671 7.06830639 0.01268480
3.49604896 6.67809000 7.06783163 0.01271203
3.49615754 6.67790294 7.06735594 0.01273936
3.49626630 6.67771553 7.06687933 0.01276680
3.49637525 6.67752778 7.06640179 0.01279434
3.49648439 6.67733967 7.06592331 0.01282199
3.49659372 6.67715122 7.06544390 0.01284975
3.49670323 6.67696241 7.06496355 0.01287761
3.49681293 6.67677325 7.06448225 0.01290559
3.49692282 6.67658373 7.06400001 0.01293367
3.49703290 6.67639385 7.06351681 0.01296186
3.49714317 6.67620362 7.06303266 0.01299016
3.49725364 6.67601303 7.06254755 0.01301858
3.49736429 6.67582207 7.06206148 0.01304710
3.49747514 6.67563076 7.06157445 0.01307574
3.49758618 6.67543908 7.06108645 0.01310449
3.49769742 6.67524704 7.06059747 0.01313335
3.49780885 6.67505464 7.06010752 0.01316233
3.49792048 6.67486186 7.05961659 0.01319142
3.49803230 6.67466872 7.05912468 0.01322063
3.49814432 6.67447521 7.05863179 0.01324995
3.49825654 6.67428133 7.05813790 0.01327939
3.49836895 6.67408707 7.05764302 0.01330895
3.49848157 6.67389245 7.05714714 0.01333862
3.49859438 6.67369744 7.05665027 0.01336842
3.49870739 6.67350206 7.05615239 0.01339833
3.49882061 6.67330631 7.05565350 0.01342836
3.49893403 6.67311017 7.05515359 0.01345852
3.49904765 6.67291365 7.05465268 0.01348879
3.49916147 6.67271676 7.05415074 0.01351919
3.49927550 6.67251948 7.05364778 0.01354971
3.49938973 6.67232181 7.05314380 0.01358035
3.49950417 6.67212376 7.05263878 0.01361112
3.49961881 6.67192532 7.05213273 0.01364201
3.49973366 6.67172649 7.05162564 0.01367303
3.49984872 6.67152727 7.05111751 0.01370417
3.49996399 6.67132766 7.05060833 0.01373545
3.50007947 6.67112765 7.05009810 0.01376685
3.50019515 6.67092726 7.04958682 0.01379837
3.50031105 6.67072646 7.04907448 0.01383003
3.50042716 6.67052527 7.04856108 0.01386182
3.50054348 6.67032367 7.04804661 0.01389373
3.50066001 6.67012168 7.04753107 0.01392578
3.50077676 6.66991929 7.04701446 0.01395796
3.50089373 6.66971649 7.04649677 0.01399028
3.50101090 6.66951328 7.04597799 0.01402273
3.50112830 6.66930967 7.04545813 0.01405531
3.50124591 6.66910565 7.04493718 0.01408803
3.50136374 6.66890122 7.04441514 0.01412088
3.50148179 6.66869638 7.04389199 0.01415388
3.50160006 6.66849113 7.04336774 0.01418701
3.50171855 6.66828546 7.04284239 0.01422027
3.50183726 6.66807938 7.04231592 0.01425368
3.50195619 6.66787288 7.04178834 0.01428723
3.50207534 6.66766596 7.04125963 0.01432092
3.50219472 6.66745861 7.04072981 0.01435475
3.50231433 6.66725085 7.04019885 0.01438873
3.50243416 6.66704266 7.03966676 0.01442284
3.50255421 6.66683404 7.03913353 0.01445711
3.50267449 6.66662500 7.03859915 0.01449152
3.50279500 6.66641553 7.03806364 0.01452607
3.50291574 6.66620563 7.03752697 0.01456077
3.50303671 6.66599529 7.03698914 0.01459562
3.50315791 6.66578452 7.03645015 0.01463062
3.50327934 6.66557332 7.03591000 0.01466577
3.50340100 6.66536168 7.03536868 0.01470107
3.50352290 6.66514960 7.03482619 0.01473652
3.50364503 6.66493707 7.03428251 0.01477213
3.50376739 6.66472411 7.03373766 0.01480789
3.50388999 6.66451070 7.03319161 0.01484380
3.50401283 6.66429684 7.03264437 0.01487987
3.50413591 6.66408254 7.03209594 0.01491609
3.50425922 6.66386779 7.03154630 0.01495247
3.50438277 6.66365258 7.03099545 0.01498902
3.50450657 6.66343692 7.03044339 0.01502572
3.50463060 6.66322081 7.02989012 0.01506258
3.50475488 6.66300424 7.02933562 0.01509960
3.50487940 6.66278721 7.02877990 0.01513678
3.50500417 6.66256972 7.02822294 0.01517413
3.50512918 6.66235177 7.02766475 0.01521164
3.50525444 6.66213335 7.02710532 0.01524932
3.50537994 6.66191447 7.02654464 0.01528716
3.50550570 6.66169512 7.02598271 0.01532518
3.50563170 6.66147530 7.02541952 0.01536336
3.50575795 6.66125501 7.02485507 0.01540171
3.50588445 6.66103424 7.02428935 0.01544023
3.50601121 6.66081300 7.02372236 0.01547892
3.50613822 6.66059128 7.02315409 0.01551778
3.50626548 6.66036908 7.02258454 0.01555682
3.50639300 6.66014640 7.02201370 0.01559604
3.50652077 6.65992324 7.02144157 0.01563543
3.50664881 6.65969959 7.02086814 0.01567500
3.50677710 6.65947546 7.02029340 0.01571474
3.50690564 6.65925083 7.01971736 0.01575467
3.50703445 6.65902572 7.01914000 0.01579477
3.50716352 6.65880011 7.01856132 0.01583506
3.50729286 6.65857400 7.01798132 0.01587553
3.50742245 6.65834740 7.01739998 0.01591619
3.50755232 6.65812030 7.01681731 0.01595703
3.50768244 6.65789269 7.01623329 0.01599806
3.50781284 6.65766459 7.01564793 0.01603928
3.50794350 6.65743597 7.01506121 0.01608068
3.50807443 6.65720685 7.01447313 0.01612228
3.50820563 6.65697722 7.01388369 0.01616406
3.50833710 6.65674708 7.01329288 0.01620604
3.50846884 6.65651642 7.01270069 0.01624821
3.50860086 6.65628525 7.01210711 0.01629058
3.50873315 6.65605356 7.01151215 0.01633315
3.50886572 6.65582134 7.01091579 0.01637591
3.50899856 6.65558861 7.01031804 0.01641888
3.50913169 6.65535535 7.00971888 0.01646204
3.50926509 6.65512156 7.00911830 0.01650540
3.50939877 6.65488724 7.00851631 0.01654897
3.50953273 6.65465239 7.00791289 0.01659274
3.50966698 6.65441701 7.00730804 0.01663672
3.50980151 6.65418108 7.00670176 0.01668091
3.50993632 6.65394463 7.00609403 0.01672530
3.51007142 6.65370763 7.00548485 0.01676991
3.51020681 6.65347008 7.00487422 0.01681472
3.51034249 6.65323199 7.00426212 0.01685975
3.51047845 6.65299335 7.00364856 0.01690500
3.51061471 6.65275417 7.00303352 0.01695045
3.51075126 6.65251443 7.00241701 0.01699613
3.51088810 6.65227413 7.00179900 0.01704203
3.51102524 6.65203328 7.00117950 0.01708814
3.51116267 6.65179186 7.00055850 0.01713448
3.51130041 6.65154989 6.99993599 0.01718104
3.51143844 6.65130735 6.99931197 0.01722782
3.51157677 6.65106424 6.99868643 0.01727483
3.51171540 6.65082056 6.99805936 0.01732207
3.51185433 6.65057631 6.99743076 0.01736954
3.51199357 6.65033148 6.99680062 0.01741724
3.51213311 6.65008608 6.99616892 0.01746517
3.51227296 6.64984010 6.99553568 0.01751333
3.51241311 6.64959353 6.99490087 0.01756173
3.51255358 6.64934638 6.99426450 0.01761037
3.51269436 6.64909864 6.99362654 0.01765925
3.51283544 6.64885031 6.99298701 0.01770837
3.51297684 6.64860139 6.99234589 0.01775773
3.51311856 6.64835187 6.99170317 0.01780733
3.51326059 6.64810176 6.99105884 0.01785718
3.51340294 6.64785104 6.99041291 0.01790728
3.51354561 6.64759972 6.98976535 0.01795763
3.51368860 6.64734779 6.98911617 0.01800822
3.51383191 6.64709526 6.98846536 0.01805907
3.51397554 6.64684211 6.98781291 0.01811018
3.51411949 6.64658835 6.98715880 0.01816154
3.51426378 6.64633397 6.98650305 0.01821316
3.51440839 6.64607897 6.98584562 0.01826504
3.51455332 6.64582334 6.98518653 0.01831718
3.51469859 6.64556709 6.98452576 0.01836959
3.51484419 6.64531021 6.98386330 0.01842226
3.51499013 6.64505270 6.98319915 0.01847519
3.51513640 6.64479456 6.98253329 0.01852840
3.51528300 6.64453578 6.98186573 0.01858188
3.51542995 6.64427635 6.98119645 0.01863563
3.51557723 6.64401629 6.98052544 0.01868966
3.51572485 6.64375557 6.97985269 0.01874396
3.51587282 6.64349421 6.97917821 0.01879855
3.51602113 6.64323220 6.97850197 0.01885341
3.51616978 6.64296953 6.97782398 0.01890856
3.51631878 6.64270620 6.97714422 0.01896399
3.51646813 6.64244221 6.97646268 0.01901971
3.51661784 6.64217756 6.97577936 0.01907572
3.51676789 6.64191223 6.97509425 0.01913203
3.51691830 6.64164624 6.97440733 0.01918862
3.51706906 6.64137957 6.97371861 0.01924551
3.51722018 6.64111223 6.97302807 0.01930270
3.51737166 6.64084420 6.97233571 0.01936020
3.51752349 6.64057549 6.97164151 0.01941799
3.51767569 6.64030610 6.97094546 0.01947609
3.51782826 6.64003601 6.97024756 0.01953449
3.51798119 6.63976523 6.96954780 0.01959321
3.51813448 6.63949375 6.96884617 0.01965223
3.51828815 6.63922158 6.96814266 0.01971158
3.51844218 6.63894870 6.96743726 0.01977123
3.51859659 6.63867511 6.96672997 0.01983121
3.51875137 6.63840081 6.96602076 0.01989151
3.51890653 6.63812580 6.96530964 0.01995213
3.51906207 6.63785007 6.96459659 0.02001307
3.51921798 6.63757362 6.96388161 0.02007435
3.51937428 6.63729644 6.96316469 0.02013596
3.51953096 6.63701854 6.96244580 0.02019790
3.51968802 6.63673991 6.96172496 0.02026017
3.51984547 6.63646054 6.96100214 0.02032279
3.52000331 6.63618043 6.96027734 0.02038575
3.52016154 6.63589958 6.95955054 0.02044905
3.52032016 6.63561799 6.95882174 0.02051270
3.52047918 6.63533564 6.95809093 0.02057669
3.52063859 6.63505255 6.95735810 0.02064104
3.52079841 6.63476869 6.95662323 0.02070574
3.52095862 6.63448408 6.95588632 0.02077081
3.52111923 6.63419870 6.95514735 0.02083623
3.52128025 6.63391255 6.95440632 0.02090201
3.52144167 6.63362563 6.95366322 0.02096816
3.52160351 6.63333793 6.95291803 0.02103468
3.52176575 6.63304946 6.95217075 0.02110157
3.52192840 6.63276020 6.95142136 0.02116884
3.52209147 6.63247015 6.95066985 0.02123648
3.52225496 6.63217931 6.94991621 0.02130450
3.52241886 6.63188767 6.94916044 0.02137291
3.52258318 6.63159524 6.94840252 0.02144170
3.52274793 6.63130200 6.94764244 0.02151089
3.52291310 6.63100795 6.94688018 0.02158046
3.52307870 6.63071309 6.94611575 0.02165044
3.52324472 6.63041742 6.94534912 0.02172081
3.52341118 6.63012092 6.94458028 0.02179158
3.52357807 6.62982360 6.94380923 0.02186276
3.52374540 6.62952545 6.94303595 0.02193435
3.52391316 6.62922647 6.94226043 0.02200635
3.52408137 6.62892665 6.94148266 0.02207876
3.52425001 6.62862599 6.94070262 0.02215160
3.52441910 6.62832448 6.93992031 0.02222485
3.52458864 6.62802212 6.93913572 0.02229854
3.52475863 6.62771891 6.93834882 0.02237265
3.52492906 6.62741483 6.93755961 0.02244719
3.52509995 6.62710990 6.93676808 0.02252217
3.52527130 6.62680409 6.93597422 0.02259759
3.52544311 6.62649741 6.93517800 0.02267346
3.52561537 6.62618985 6.93437943 0.02274977
3.52578810 6.62588141 6.93357848 0.02282653
3.52596130 6.62557209 6.93277515 0.02290375
3.52613496 6.62526187 6.93196942 0.02298142
3.52630910 6.62495075 6.93116127 0.02305956
3.52648371 6.62463873 6.93035071 0.02313816
3.52665879 6.62432581 6.92953770 0.02321724
3.52683435 6.62401198 6.92872225 0.02329678
3.52701039 6.62369723 6.92790433 0.02337681
3.52718691 6.62338156 6.92708393 0.02345732
3.52736392 6.62306496 6.92626104 0.02353831
3.52754142 6.62274743 6.92543565 0.02361979
3.52771941 6.62242897 6.92460774 0.02370177
3.52789790 6.62210956 6.92377730 0.02378425
3.52807687 6.62178921 6.92294431 0.02386722
3.52825635 6.62146791 6.92210876 0.02395071
3.52843633 6.62114565 6.92127064 0.02403471
3.52861681 6.62082243 6.92042993 0.02411922
3.52879781 6.62049824 6.91958662 0.02420425
3.52897931 6.62017308 6.91874069 0.02428981
3.52916132 6.61984695 6.91789213 0.02437590
3.52934385 6.61951982 6.91704093 0.02446252
3.52952689 6.61919172 6.91618706 0.02454968
3.52971046 6.61886261 6.91533052 0.02463739
3.52989455 6.61853251 6.91447129 0.02472564
3.53007917 6.61820140 6.91360935 0.02481444
3.53026432 6.61786928 6.91274469 0.02490380
3.53045000 6.61753614 6.91187729 0.02499373
3.53063622 6.61720198 6.91100714 0.02508422
3.53082297 6.61686680 6.91013422 0.02517529
3.53101027 6.61653057 6.90925852 0.02526693
3.53119811 6.61619331 6.90838002 0.02535915
3.53138650 6.61585501 6.90749871 0.02545197
3.53157543 6.61551565 6.90661456 0.02554537
3.53176493 6.61517523 6.90572757 0.02563938
3.53195498 6.61483375 6.90483771 0.02573399
3.53214559 6.61449120 6.90394497 0.02582921
3.53233676 6.61414758 6.90304933 0.02592504
3.53252850 6.61380287 6.90215078 0.02602150
3.53272081 6.61345707 6.90124930 0.02611858
3.53291370 6.61311018 6.90034486 0.02621629
3.53310715 6.61276219 6.89943747 0.02631464
3.53330119 6.61241309 6.89852709 0.02641363
3.53349582 6.61206288 6.89761371 0.02651327
3.53369102 6.61171154 6.89669731 0.02661357
3.53388682 6.61135908 6.89577787 0.02671453
3.53408321 6.61100549 6.89485538 0.02681616
3.53428020 6.61065075 6.89392982 0.02691846
3.53447779 6.61029487 6.89300117 0.02702143
3.53467598 6.60993783 6.89206941 0.02712510
3.53487478 6.60957963 6.89113452 0.02722946
3.53507419 6.60922027 6.89019649 0.02733452
3.53527421 6.60885973 6.88925529 0.02744028
3.53547485 6.60849801 6.88831091 0.02754675
3.53567612 6.60813510 6.88736332 0.02765395
3.53587800 6.60777099 6.88641251 0.02776187
3.53608052 6.60740568 6.88545846 0.02787052
3.53628367 6.60703916 6.88450115 0.02797991
3.53648746 6.60667142 6.88354055 0.02809005
3.53669189 6.60630246 6.88257666 0.02820094
3.53689696 6.60593227 6.88160944 0.02831259
3.53710268 6.60556083 6.88063888 0.02842501
3.53730905 6.60518815 6.87966495 0.02853821
3.53751608 6.60481421 6.87868765 0.02865219
3.53772377 6.60443901 6.87770693 0.02876695
3.53793212 6.60406253 6.87672279 0.02888252
3.53814114 6.60368478 6.87573521 0.02899890
3.53835083 6.60330574 6.87474415 0.02911608
3.53856120 6.60292541 6.87374961 0.02923409
3.53877225 6.60254378 6.87275155 0.02935293
3.53898398 6.60216083 6.87174996 0.02947261
3.53919640 6.60177656 6.87074481 0.02959313
3.53940952 6.60139097 6.86973609 0.02971451
3.53962333 6.60100404 6.86872376 0.02983675
3.53983785 6.60061577 6.86770781 0.02995986
3.54005307 6.60022615 6.86668821 0.03008385
3.54026900 6.59983516 6.86566494 0.03020874
3.54048565 6.59944280 6.86463797 0.03033452
3.54070302 6.59904907 6.86360729 0.03046120
3.54092111 6.59865395 6.86257286 0.03058880
3.54113993 6.59825743 6.86153467 0.03071733
3.54135948 6.59785950 6.86049269 0.03084679
3.54157977 6.59746016 6.85944690 0.03097720
3.54180080 6.59705940 6.85839726 0.03110856
3.54202259 6.59665721 6.85734376 0.03124088
3.54224512 6.59625357 6.85628637 0.03137418
3.54246841 6.59584849 6.85522507 0.03150846
3.54269246 6.59544194 6.85415982 0.03164373
3.54291728 6.59503392 6.85309061 0.03178001
3.54314288 6.59462442 6.85201740 0.03191730
3.54336924 6.59421343 6.85094018 0.03205561
3.54359640 6.59380094 6.84985891 0.03219496
3.54382433 6.59338695 6.84877356 0.03233536
3.54405306 6.59297143 6.84768412 0.03247681
3.54428259 6.59255438 6.84659054 0.03261933
3.54451292 6.59213579 6.84549282 0.03276292
3.54474406 6.59171566 6.84439091 0.03290761
3.54497602 6.59129396 6.84328478 0.03305340
3.54520879 6.59087069 6.84217442 0.03320031
3.54544238 6.59044584 6.84105979 0.03334834
3.54567681 6.59001940 6.83994086 0.03349750
3.54591207 6.58959136 6.83881761 0.03364782
3.54614817 6.58916170 6.83769000 0.03379930
3.54638512 6.58873041 6.83655800 0.03395195
3.54662293 6.58829749 6.83542159 0.03410579
3.54686159 6.58786293 6.83428073 0.03426083
3.54710111 6.58742670 6.83313539 0.03441708
3.54734150 6.58698880 6.83198554 0.03457456
3.54758277 6.58654923 6.83083115 0.03473327
3.54782493 6.58610796 6.82967220 0.03489324
3.54806797 6.58566498 6.82850864 0.03505448
3.54831190 6.58522029 6.82734044 0.03521699
3.54855674 6.58477387 6.82616758 0.03538080
3.54880248 6.58432570 6.82499001 0.03554592
3.54904913 6.58387579 6.82380771 0.03571236
3.54929670 6.58342411 6.82262064 0.03588014
3.54954520 6.58297065 6.82142878 0.03604928
3.54979463 6.58251540 6.82023207 0.03621978
3.55004500 6.58205835 6.81903050 0.03639166
3.55029632 6.58159948 6.81782402 0.03656494
3.55054859 6.58113878 6.81661260 0.03673964
3.55080181 6.58067624 6.81539621 0.03691577
3.55105600 6.58021185 6.81417480 0.03709334
3.55131117 6.57974559 6.81294835 0.03727238
3.55156731 6.57927744 6.81171681 0.03745290
3.55182444 6.57880740 6.81048015 0.03763492
3.55208256 6.57833545 6.80923833 0.03781844
3.55234169 6.57786157 6.80799131 0.03800350
3.55260182 6.57738576 6.80673906 0.03819011
3.55286297 6.57690799 6.80548154 0.03837829
3.55312514 6.57642826 6.80421870 0.03856805
3.55338834 6.57594655 6.80295052 0.03875942
3.55365258 6.57546285 6.80167694 0.03895240
3.55391786 6.57497713 6.80039793 0.03914703
3.55418420 6.57448939 6.79911345 0.03934332
3.55445159 6.57399961 6.79782345 0.03954129
3.55472006 6.57350777 6.79652790 0.03974096
3.55498960 6.57301386 6.79522676 0.03994235
3.55526023 6.57251787 6.79391997 0.04014548
3.55553195 6.57201977 6.79260751 0.04035038
3.55580477 6.57151956 6.79128932 0.04055705
3.55607870 6.57101721 6.78996536 0.04076553
3.55635375 6.57051271 6.78863559 0.04097584
3.55662992 6.57000605 6.78729997 0.04118799
3.55690723 6.56949720 6.78595844 0.04140201
3.55718568 6.56898615 6.78461097 0.04161793
3.55746528 6.56847288 6.78325750 0.04183576
3.55774604 6.56795739 6.78189800 0.04205553
3.55802798 6.56743964 6.78053240 0.04227726
3.55831109 6.56691962 6.77916068 0.04250098
3.55859539 6.56639731 6.77778277 0.04272671
3.55888089 6.56587270 6.77639863 0.04295448
3.55916759 6.56534577 6.77500821 0.04318431
3.55945551 6.56481650 6.77361146 0.04341623
3.55974465 6.56428486 6.77220834 0.04365026
3.56003503 6.56375085 6.77079878 0.04388644
3.56032665 6.56321445 6.76938275 0.04412477
3.56061953 6.56267563 6.76796018 0.04436531
3.56091367 6.56213437 6.76653102 0.04460806
3.56120908 6.56159066 6.76509523 0.04485307
3.56150578 6.56104447 6.76365275 0.04510035
3.56180378 6.56049579 6.76220352 0.04534994
3.56210308 6.55994460 6.76074749 0.04560187
3.56240369 6.55939087 6.75928461 0.04585617
3.56270563 6.55883459 6.75781481 0.04611287
3.56300891 6.55827573 6.75633805 0.04637199
3.56331354 6.55771427 6.75485426 0.04663357
3.56361952 6.55715020 6.75336339 0.04689765
3.56392687 6.55658349 6.75186538 0.04716425
3.56423561 6.55601411 6.75036017 0.04743342
3.56454573 6.55544205 6.74884770 0.04770517
3.56485726 6.55486729 6.74732790 0.04797955
3.56517021 6.55428979 6.74580073 0.04825659
3.56548458 6.55370955 6.74426611 0.04853632
3.56580039 6.55312653 6.74272399 0.04881879
3.56611766 6.55254071 6.74117429 0.04910402
3.56643638 6.55195208 6.73961697 0.04939206
3.56675658 6.55136060 6.73805194 0.04968295
3.56707827 6.55076625 6.73647915 0.04997671
3.56740146 6.55016900 6.73489853 0.05027340
3.56772616 6.54956884 6.73331002 0.05057305
3.56805238 6.54896574 6.73171354 0.05087569
3.56838015 6.54835966 6.73010902 0.05118138
3.56870947 6.54775060 6.72849640 0.05149015
3.56904035 6.54713851 6.72687561 0.05180205
3.56937281 6.54652338 6.72524658 0.05211711
3.56970686 6.54590517 6.72360923 0.05243539
3.57004252 6.54528387 6.72196349 0.05275693
3.57037980 6.54465944 6.72030929 0.05308176
3.57071872 6.54403185 6.71864655 0.05340995
3.57105928 6.54340109 6.71697520 0.05374153
3.57140151 6.54276711 6.71529516 0.05407655
3.57174541 6.54212990 6.71360635 0.05441507
3.57209100 6.54148942 6.71190870 0.05475713
3.57243831 6.54084565 6.71020213 0.05510278
3.57278733 6.54019855 6.70848655 0.05545207
3.57313809 6.53954809 6.70676189 0.05580506
3.57349061 6.53889425 6.70502806 0.05616180
3.57384489 6.53823700 6.70328499 0.05652234
3.57420096 6.53757630 6.70153258 0.05688673
3.57455883 6.53691212 6.69977076 0.05725504
3.57491852 6.53624443 6.69799943 0.05762732
3.57528004 6.53557320 6.69621850 0.05800363
3.57564341 6.53489839 6.69442790 0.05838403
3.57600865 6.53421998 6.69262753 0.05876857
3.57637578 6.53353793 6.69081731 0.05915732
3.57674480 6.53285220 6.68899713 0.05955034
3.57711575 6.53216276 6.68716690 0.05994769
3.57748863 6.53146959 6.68532654 0.06034945
3.57786347 6.53077263 6.68347595 0.06075567
3.57824028 6.53007187 6.68161503 0.06116642
3.57861908 6.52936725 6.67974369 0.06158177
3.57899989 6.52865875 6.67786182 0.06200178
3.57938274 6.52794633 6.67596933 0.06242654
3.57976763 6.52722994 6.67406611 0.06285611
3.58015458 6.52650957 6.67215206 0.06329057
3.58054363 6.52578515 6.67022709 0.06372999
3.58093478 6.52505667 6.66829107 0.06417444
3.58132806 6.52432407 6.66634392 0.06462401
3.58172349 6.52358732 6.66438551 0.06507877
3.58212109 6.52284637 6.66241575 0.06553880
3.58252087 6.52210120 6.66043451 0.06600419
3.58292287 6.52135175 6.65844169 0.06647502
3.58332710 6.52059798 6.65643718 0.06695138
3.58373358 6.51983986 6.65442086 0.06743335
3.58414233 6.51907733 6.65239261 0.06792102
3.58455339 6.51831036 6.65035232 0.06841448
3.58496676 6.51753890 6.64829987 0.06891382
3.58538248 6.51676291 6.64623513 0.06941914
3.58580057 6.51598235 6.64415798 0.06993053
3.58622105 6.51519715 6.64206830 0.07044809
3.58664393 6.51440729 6.63996597 0.07097193
3.58706926 6.51361272 6.63785085 0.07150213
3.58749705 6.51281337 6.63572282 0.07203881
3.58792733 6.51200922 6.63358175 0.07258207
3.58836012 6.51120021 6.63142750 0.07313202
3.58879544 6.51038628 6.62925994 0.07368876
3.58923333 6.50956740 6.62707893 0.07425241
3.58967381 6.50874350 6.62488434 0.07482309
3.59011690 6.50791454 6.62267602 0.07540090
3.59056264 6.50708047 6.62045384 0.07598598
3.59101105 6.50624123 6.61821765 0.07657843
3.59146215 6.50539677 6.61596731 0.07717839
3.59191598 6.50454704 6.61370267 0.07778598
3.59237256 6.50369198 6.61142357 0.07840132
3.59283192 6.50283153 6.60912988 0.07902455
3.59329409 6.50196564 6.60682143 0.07965581
3.59375911 6.50109425 6.60449807 0.08029522
3.59422699 6.50021730 6.60215964 0.08094293
3.59469777 6.49933474 6.59980598 0.08159908
3.59517148 6.49844651 6.59743694 0.08226382
3.59564816 6.49755254 6.59505234 0.08293730
3.59612782 6.49665277 6.59265203 0.08361965
3.59661051 6.49574715 6.59023583 0.08431105
3.59709626 6.49483560 6.58780357 0.08501165
3.59758510 6.49391807 6.58535508 0.08572160
3.59807706 6.49299450 6.58289019 0.08644107
3.59857217 6.49206480 6.58040871 0.08717024
3.59907048 6.49112893 6.57791047 0.08790926
3.59957201 6.49018681 6.57539528 0.08865832
3.60007680 6.48923838 6.57286296 0.08941760
3.60058488 6.48828356 6.57031333 0.09018727
3.60109630 6.48732229 6.56774619 0.09096752
3.60161108 6.48635449 6.56516134 0.09175854
3.60212927 6.48538009 6.56255860 0.09256053
3.60265090 6.48439903 6.55993777 0.09337368
3.60317600 6.48341122 6.55729864 0.09419820
3.60370463 6.48241659 6.55464101 0.09503429
3.60423681 6.48141507 6.55196468 0.09588217
3.60477259 6.48040658 6.54926944 0.09674204
3.60531201 6.47939104 6.54655507 0.09761413
3.60585510 6.47836837 6.54382136 0.09849867
3.60640191 6.47733850 6.54106810 0.09939588
3.60695247 6.47630133 6.53829506 0.10030599
3.60750685 6.47525680 6.53550202 0.10122926
3.60806506 6.47420481 6.53268875 0.10216591
3.60862716 6.47314528 6.52985503 0.10311621
3.60919320 6.47207813 6.52700061 0.10408041
3.60976321 6.47100326 6.52412527 0.10505877
3.61033724 6.46992060 6.52122877 0.10605155
3.61091534 6.46883005 6.51831086 0.10705903
3.61149755 6.46773152 6.51537130 0.10808148
3.61208392 6.46662493 6.51240984 0.10911920
3.61267451 6.46551017 6.50942622 0.11017247
3.61326934 6.46438715 6.50642020 0.11124158
3.61386848 6.46325579 6.50339151 0.11232685
3.61447198 6.46211597 6.50033990 0.11342858
3.61507988 6.46096762 6.49726509 0.11454709
3.61569224 6.45981061 6.49416682 0.11568270
3.61630910 6.45864487 6.49104481 0.11683575
3.61693052 6.45747028 6.48789879 0.11800656
3.61755656 6.45628673 6.48472848 0.11919549
3.61818725 6.45509414 6.48153359 0.12040289
3.61882267 6.45389239 6.47831384 0.12162912
3.61946286 6.45268137 6.47506894 0.12287454
3.62010789 6.45146098 6.47179860 0.12413954
3.62075779 6.45023111 6.46850251 0.12542450
3.62141264 6.44899164 6.46518037 0.12672981
3.62207249 6.44774247 6.46183188 0.12805587
3.62273740 6.44648348 6.45845674 0.12940309
3.62340743 6.44521455 6.45505461 0.13077190
3.62408264 6.44393558 6.45162520 0.13216271
3.62476308 6.44264643 6.44816818 0.13357597
3.62544882 6.44134700 6.44468323 0.13501212
3.62613992 6.44003715 6.44117001 0.13647162
3.62683645 6.43871678 6.43762819 0.13795493
3.62753846 6.43738575 6.43405745 0.13946253
3.62824603 6.43604395 6.43045743 0.14099491
3.62895920 6.43469124 6.42682781 0.14255255
3.62967807 6.43332750 6.42316822 0.14413598
3.63040267 6.43195259 6.41947832 0.14574569
3.63113309 6.43056640 6.41575776 0.14738223
3.63186940 6.42916878 6.41200617 0.14904613
3.63261165 6.42775960 6.40822319 0.15073794
3.63335992 6.42633874 6.40440847 0.15245822
3.63411428 6.42490604 6.40056163 0.15420754
3.63487480 6.42346139 6.39668229 0.15598649
3.63564155 6.42200463 6.39277008 0.15779566
3.63641459 6.42053564 6.38882463 0.15963567
3.63719401 6.41905426 6.38484555 0.16150712
3.63797988 6.41756036 6.38083244 0.16341065
3.63877226 6.41605379 6.37678494 0.16534691
3.63957124 6.41453441 6.37270263 0.16731655
3.64037689 6.41300208 6.36858513 0.16932024
3.64118927 6.41145664 6.36443204 0.17135866
3.64200848 6.40989796 6.36024295 0.17343251
3.64283458 6.40832588 6.35601747 0.17554249
3.64366764 6.40674025 6.35175519 0.17768933
3.64450776 6.40514093 6.34745570 0.17987374
3.64535500 6.40352776 6.34311858 0.18209649
3.64620944 6.40190059 6.33874344 0.18435832
3.64707116 6.40025927 6.33432985 0.18666002
3.64794024 6.39860365 6.32987739 0.18900235
3.64881675 6.39693357 6.32538566 0.19138612
3.64970078 6.39524888 6.32085424 0.19381213
3.65059240 6.39354943 6.31628270 0.19628121
3.65149169 6.39183507 6.31167063 0.19879419
3.65239873 6.39010564 6.30701761 0.20135191
3.65331360 6.38836098 6.30232322 0.20395523
3.65423638 6.38660094 6.29758704 0.20660502
3.65516714 6.38482538 6.29280866 0.20930216
3.65610597 6.38303413 6.28798766 0.21204753
3.65705294 6.38122705 6.28312362 0.21484205
3.65800813 6.37940398 6.27821613 0.21768661
3.65897161 6.37756477 6.27326479 0.22058214
3.65994347 6.37570928 6.26826919 0.22352957
3.66092377 6.37383736 6.26322892 0.22652984
3.66191260 6.37194885 6.25814359 0.22958388
3.66291002 6.37004363 6.25301280 0.23269266
3.66391611 6.36812153 6.24783617 0.23585712
3.66493094 6.36618243 6.24261330 0.23907824
3.66595458 6.36422619 6.23734383 0.24235697
3.66698710 6.36225267 6.23202738 0.24569429
3.66802857 6.36026173 6.22666359 0.24909117
3.66907905 6.35825325 6.22125212 0.25254857
3.67013861 6.35622711 6.21579262 0.25606747
3.67120731 6.35418317 6.21028475 0.25964885
3.67228520 6.35212133 6.20472820 0.26329365
3.67337235 6.35004148 6.19912265 0.26700285
3.67446881 6.34794349 6.19346782 0.27077739
3.67557464 6.34582728 6.18776341 0.27461822
3.67668988 6.34369273 6.18200917 0.27852627
3.67781457 6.34153977 6.17620484 0.28250246
3.67894877 6.33936831 6.17035019 0.28654769
3.68009251 6.33717826 6.16444500 0.29066284
3.68124582 6.33496956 6.15848907 0.29484879
3.68240875 6.33274214 6.15248224 0.29910637
3.68358130 6.33049595 6.14642436 0.30343640
3.68476352 6.32823094 6.14031528 0.30783967
3.68595542 6.32594708 6.13415491 0.31231693
3.68715700 6.32364433 6.12794317 0.31686890
3.68836829 6.32132268 6.12168000 0.32149627
3.68958927 6.31898212 6.11536539 0.32619968
3.69081996 6.31662266 6.10899934 0.33097972
3.69206033 6.31424430 6.10258189 0.33583693
3.69331038 6.31184708 6.09611312 0.34077182
3.69457008 6.30943105 6.08959313 0.34578482
3.69583940 6.30699624 6.08302206 0.35087630
3.69711831 6.30454274 6.07640010 0.35604658
3.69840676 6.30207062 6.06972747 0.36129589
3.69970470 6.29957998 6.06300442 0.36662441
3.70101207 6.29707093 6.05623128 0.37203222
3.70232880 6.29454361 6.04940837 0.37751932
3.70365482 6.29199816 6.04253611 0.38308565
3.70499004 6.28943475 6.03561492 0.38873102
3.70633437 6.28685356 6.02864531 0.39445517
3.70768769 6.28425478 6.02162781 0.40025773
3.70904990 6.28163864 6.01456302 0.40613823
3.71042087 6.27900538 6.00745157 0.41209607
3.71180047 6.27635526 6.00029418 0.41813057
3.71318855 6.27368855 5.99309160 0.42424090
3.71458495 6.27100556 5.98584465 0.43042614
3.71598950 6.26830661 5.97855418 0.43668520
3.71740203 6.26559205 5.97122115 0.44301691
3.71882235 6.26286224 5.96384653 0.44941993
3.72025025 6.26011758 5.95643139 0.45589279
3.72168552 6.25735846 5.94897683 0.46243391
3.72312793 6.25458534 5.94148403 0.46904153
3.72457725 6.25179866 5.93395424 0.47571376
3.72603322 6.24899892 5.92638876 0.48244858
3.72749559 6.24618660 5.91878895 0.48924381
3.72896408 6.24336226 5.91115625 0.49609712
3.73043840 6.24052642 5.90349215 0.50300604
3.73191826 6.23767968 5.89579821 0.50996795
3.73340335 6.23482263 5.88807605 0.51698008
3.73489334 6.23195588 5.88032734 0.52403954
3.73638790 6.22908009 5.87255384 0.53114327
3.73788669 6.22619592 5.86475733 0.53828809
3.73938935 6.22330405 5.85693969 0.54547067
3.74089552 6.22040519 5.84910283 0.55268756
3.74240481 6.21750008 5.84124872 0.55993518
3.74391685 6.21458945 5.83337938 0.56720984
3.74543123 6.21167407 5.82549689 0.57450772
3.74694756 6.20875473 5.81760337 0.58182491
3.74846541 6.20583222 5.80970099 0.58915740
3.74998437 6.20290737 5.80179196 0.59650107
3.75150401 6.19998100 5.79387852 0.60385174
3.75302388 6.19705395 5.78596297 0.61120516
3.75454356 6.19412708 5.77804762 0.61855700
3.75606258 6.19120126 5.77013482 0.62590290
3.75758051 6.18827736 5.76222694 0.63323845
3.75909688 6.18535627 5.75432638 0.64055921
3.76061122 6.18243886 5.74643553 0.64786074
3.76212310 6.17952605 5.73855684 0.65513857
3.76363202 6.17661872 5.73069272 0.66238827
3.76513755 6.17371776 5.72284562 0.66960539
3.76663920 6.17082409 5.71501797 0.67678556
3.76813652 6.16793860 5.70721219 0.68392442
3.76962905 6.16506217 5.69943071 0.69101768
3.77111632 6.16219570 5.69167594 0.69806112
3.77259789 6.15934006 5.68395026 0.70505061
3.77407330 6.15649613 5.67625604 0.71198210
3.77554212 6.15366477 5.66859562 0.71885165
3.77700389 6.15084683 5.66097129 0.72565543
3.77845819 6.14804315 5.65338535 0.73238975
3.77990460 6.14525455 5.64584000 0.73905104
3.78134269 6.14248183 5.63833744 0.74563586
3.78277207 6.13972578 5.63087981 0.75214096
3.78419233 6.13698718 5.62346920 0.75856322
3.78560309 6.13426677 5.61610763 0.76489969
3.78700397 6.13156527 5.60879709 0.77114758
3.78839462 6.12888340 5.60153949 0.77730431
3.78977467 6.12622184 5.59433668 0.78336745
3.79114379 6.12358124 5.58719043 0.78933475
3.79250166 6.12096223 5.58010248 0.79520417
3.79384796 6.11836543 5.57307446 0.80097384
3.79518240 6.11579141 5.56610795 0.80664207
3.79650469 6.11324072 5.55920445 0.81220738
3.79781456 6.11071388 5.55236538 0.81766847
3.79911175 6.10821140 5.54559209 0.82302420
3.80039603 6.10573374 5.53888585 0.82827365
3.80166717 6.10328134 5.53224786 0.83341605
3.80292495 6.10085461 5.52567922 0.83845083
3.80416919 6.09845393 5.51918099 0.84337757
3.80539970 6.09607965 5.51275411 0.84819604
3.80661632 6.09373211 5.50639947 0.85290616
3.80781888 6.09141159 5.50011789 0.85750800
3.80900727 6.08911836 5.49391007 0.86200179
3.81018135 6.08685267 5.48777669 0.86638790
3.81134101 6.08461472 5.48171833 0.87066684
3.81248616 6.08240470 5.47573548 0.87483927
3.81361673 6.08022278 5.46982858 0.87890593
3.81473263 6.07806908 5.46399801 0.88286771
3.81583382 6.07594371 5.45824406 0.88672562
3.81692025 6.07384677 5.45256696 0.89048073
3.81799190 6.07177830 5.44696688 0.89413425
3.81904875 6.06973834 5.44144391 0.89768745
3.82009078 6.06772692 5.43599812 0.90114169
3.82111802 6.06574402 5.43062947 0.90449842
3.82213046 6.06378961 5.42533791 0.90775912
3.82312814 6.06186365 5.42012329 0.91092537
3.82411109 6.05996608 5.41498545 0.91399878
3.82507936 6.05809680 5.40992416 0.91698103
3.82603300 6.05625571 5.40493914 0.91987381
3.82697208 6.05444269 5.40003007 0.92267887
3.82789667 6.05265761 5.39519658 0.92539798
3.82880684 6.05090032 5.39043827 0.92803295
3.82970268 6.04917065 5.38575470 0.93058560
3.83058429 6.04746842 5.38114539 0.93305775
3.83145177 6.04579344 5.37660981 0.93545126
3.83230522 6.04414551 5.37214743 0.93776797
3.83314475 6.04252442 5.36775765 0.94000974
3.83397048 6.04092993 5.36343989 0.94217842
3.83478254 6.03936182 5.35919350 0.94427585
3.83558105 6.03781984 5.35501782 0.94630388
3.83636615 6.03630373 5.35091219 0.94826432
3.83713796 6.03481325 5.34687588 0.95015899
3.83789662 6.03334812 5.34290819 0.95198969
3.83864229 6.03190807 5.33900838 0.95375818
3.83937510 6.03049281 5.33517568 0.95546623
3.84009520 6.02910208 5.33140935 0.95711555
3.84080274 6.02773557 5.32770858 0.95870787
3.84149788 6.02639299 5.32407260 0.96024484
3.84218077 6.02507405 5.32050060 0.96172814
3.84285156 6.02377845 5.31699176 0.96315936
3.84351041 6.02250588 5.31354528 0.96454011
3.84415748 6.02125604 5.31016032 0.96587194
3.84479294 6.02002862 5.30683607 0.96715638
3.84541693 6.01882332 5.30357167 0.96839493
3.84602962 6.01763982 5.30036630 0.96958904
3.84663118 6.01647782 5.29721912 0.97074015
3.84722176 6.01533700 5.29412929 0.97184964
3.84780152 6.01421706 5.29109597 0.97291889
3.84837063 6.01311768 5.28811833 0.97394921
3.84892924 6.01203856 5.28519551 0.97494190
3.84947752 6.01097938 5.28232670 0.97589821
3.85001563 6.00993983 5.27951105 0.97681938
3.85054372 6.00891962 5.27674774 0.97770660
3.85106195 6.00791844 5.27403593 0.97856102
3.85157048 6.00693598 5.27137482 0.97938378
3.85206948 6.00597193 5.26876359 0.98017596
3.85255908 6.00502602 5.26620142 0.98093863
3.85303945 6.00409792 5.26368751 0.98167282
3.85351074 6.00318736 5.26122107 0.98237953
3.85397310 6.00229403 5.25880130 0.98305973
3.85442668 6.00141765 5.25642742 0.98371436
3.85487164 6.00055793 5.25409865 0.98434433
3.85530811 5.99971459 5.25181423 0.98495052
3.85573624 5.99888735 5.24957339 0.98553379
3.85615618 5.99807592 5.24737538 0.98609497
3.85656807 5.99728004 5.24521947 0.98663485
3.85697205 5.99649943 5.24310490 0.98715421
3.85736826 5.99573382 5.24103096 0.98765379
3.85775684 5.99498295 5.23899693 0.98813432
3.85813792 5.99424656 5.23700210 0.98859651
3.85851164 5.99352438 5.23504577 0.98904101
3.85887813 5.99281617 5.23312725 0.98946850
3.85923752 5.99212166 5.23124586 0.98987959
3.85958994 5.99144062 5.22940093 0.99027489
3.85993551 5.99077280 5.22759179 0.99065500
3.86027436 5.99011795 5.22581780 0.99102048
3.86060662 5.98947585 5.22407831 0.99137188
3.86093240 5.98884625 5.22237268 0.99170973
3.86125183 5.98822892 5.22070030 0.99203453
3.86156501 5.98762365 5.21906054 0.99234678
3.86187208 5.98703019 5.21745280 0.99264694
3.86217314 5.98644834 5.21587649 0.99293549
3.86246830 5.98587788 5.21433102 0.99321285
3.86275768 5.98531859 5.21281581 0.99347945
3.86304138 5.98477027 5.21133030 0.99373570
3.86331951 5.98423270 5.20987392 0.99398200
3.86359217 5.98370569 5.20844613 0.99421872
3.86385948 5.98318903 5.20704638 0.99444623
3.86412153 5.98268253 5.20567415 0.99466488
3.86437841 5.98218600 5.20432891 0.99487501
3.86463024 5.98169924 5.20301015 0.99507695
3.86487710 5.98122208 5.20171736 0.99527101
3.86511909 5.98075432 5.20045004 0.99545750
3.86535631 5.98029578 5.19920772 0.99563670
3.86558884 5.97984630 5.19798991 0.99580891
3.86581678 5.97940569 5.19679613 0.99597437
3.86604021 5.97897378 5.19562593 0.99613337
3.86625923 5.97855041 5.19447886 0.99628614
3.86647391 5.97813542 5.19335446 0.99643294
3.86668434 5.97772863 5.19225230 0.99657398
3.86689060 5.97732990 5.19117195 0.99670949
3.86709278 5.97693906 5.19011298 0.99683970
3.86729095 5.97655596 5.18907498 0.99696479
3.86748519 5.97618045 5.18805755 0.99708498
3.86767558 5.97581239 5.18706028 0.99720045
3.86786219 5.97545163 5.18608278 0.99731139
3.86804509 5.97509802 5.18512467 0.99741797
3.86822437 5.97475143 5.18418556 0.99752036
3.86840008 5.97441172 5.18326509 0.99761873
3.86857230 5.97407876 5.18236289 0.99771323
3.86874110 5.97375241 5.18147860 0.99780401
3.86890655 5.97343254 5.18061188 0.99789123
3.86906870 5.97311903 5.17976238 0.99797501
3.86922763 5.97281175 5.17892976 0.99805550
3.86938340 5.97251058 5.17811369 0.99813281
3.86953607 5.97221540 5.17731385 0.99820709
3.86968570 5.97192609 5.17652991 0.99827843
3.86983235 5.97164254 5.17576156 0.99834697
3.86997609 5.97136463 5.17500850 0.99841281
3.87011695 5.97109225 5.17427043 0.99847605
3.87025502 5.97082529 5.17354704 0.99853680
3.87039033 5.97056365 5.17283806 0.99859516
3.87052295 5.97030723 5.17214319 0.99865121
3.87065292 5.97005590 5.17146216 0.99870506
3.87078030 5.96980959 5.17079469 0.99875678
3.87090515 5.96956818 5.17014052 0.99880646
3.87102750 5.96933159 5.16949939 0.99885418
3.87114741 5.96909971 5.16887103 0.99890002
3.87126493 5.96887245 5.16825519 0.99894404
3.87138011 5.96864973 5.16765162 0.99898633
3.87149299 5.96843144 5.16706009 0.99902696
3.87160362 5.96821751 5.16648035 0.99906597
3.87171204 5.96800784 5.16591217 0.99910345
3.87181830 5.96780236 5.16535532 0.99913945
3.87192243 5.96760098 5.16480958 0.99917402
3.87202449 5.96740361 5.16427472 0.99920723
3.87212451 5.96721018 5.16375053 0.99923913
3.87222253 5.96702061 5.16323679 0.99926977
3.87231860 5.96683483 5.16273331 0.99929920
3.87241274 5.96665275 5.16223988 0.99932746
3.87250501 5.96647431 5.16175629 0.99935461
3.87259544 5.96629943 5.16128235 0.99938068
3.87268405 5.96612804 5.16081787 0.99940573
3.87277090 5.96596007 5.16036266 0.99942978
3.87285601 5.96579545 5.15991654 0.99945288
3.87293943 5.96563413 5.15947932 0.99947508
3.87302117 5.96547602 5.15905084 0.99949639
3.87310129 5.96532107 5.15863090 0.99951686
3.87317980 5.96516922 5.15821936 0.99953652
3.87325674 5.96502040 5.15781603 0.99955540
3.87333215 5.96487455 5.15742075 0.99957354
3.87340604 5.96473162 5.15703337 0.99959096
3.87347847 5.96459154 5.15665373 0.99960769
3.87354944 5.96445426 5.15628166 0.99962376
3.87361899 5.96431972 5.15591703 0.99963919
3.87368716 5.96418787 5.15555968 0.99965402
3.87375396 5.96405865 5.15520947 0.99966826
3.87381943 5.96393202 5.15486626 0.99968193
3.87388359 5.96380792 5.15452990 0.99969506
3.87394646 5.96368629 5.15420026 0.99970768
3.87400808 5.96356710 5.15387721 0.99971979
3.87406846 5.96345029 5.15356061 0.99973142
3.87412764 5.96333581 5.15325034 0.99974260
3.87418564 5.96322362 5.15294627 0.99975333
3.87424247 5.96311368 5.15264827 0.99976364
3.87429817 5.96300593 5.15235623 0.99977354
3.87435276 5.96290033 5.15207002 0.99978305
3.87440625 5.96279685 5.15178954 0.99979218
3.87445868 5.96269543 5.15151465 0.99980095
3.87451005 5.96259604 5.15124527 0.99980938
3.87456040 5.96249864 5.15098126 0.99981747
3.87460974 5.96240319 5.15072253 0.99982524
3.87465809 5.96230964 5.15046897 0.99983270
3.87470548 5.96221796 5.15022048 0.99983987
3.87475192 5.96212812 5.14997696 0.99984675
3.87479743 5.96204007 5.14973830 0.99985336
3.87484203 5.96195379 5.14950442 0.99985971
3.87488574 5.96186922 5.14927521 0.99986581
3.87492857 5.96178635 5.14905058 0.99987167
3.87497055 5.96170514 5.14883044 0.99987729
3.87501169 5.96162555 5.14861470 0.99988269
3.87505200 5.96154755 5.14840327 0.99988788
3.87509151 5.96147111 5.14819607 0.99989287
3.87513023 5.96139619 5.14799301 0.99989765
3.87516817 5.96132278 5.14779401 0.99990225
3.87520535 5.96125084 5.14759899 0.99990666
3.87524179 5.96118033 5.14740787 0.99991090
3.87527750 5.96111123 5.14722057 0.99991498
3.87531250 5.96104352 5.14703701 0.99991889
3.87534680 5.96097715 5.14685712 0.99992264
3.87538041 5.96091212 5.14668083 0.99992625
3.87541334 5.96084839 5.14650806 0.99992971
3.87544562 5.96078593 5.14633875 0.99993304
3.87547726 5.96072471 5.14617282 0.99993624
3.87550826 5.96066473 5.14601021 0.99993931
3.87553864 5.96060594 5.14585085 0.99994225
3.87556841 5.96054833 5.14569468 0.99994509
3.87559758 5.96049187 5.14554163 0.99994780
3.87562618 5.96043654 5.14539163 0.99995042
3.87565420 5.96038232 5.14524464 0.99995292
3.87568166 5.96032918 5.14510059 0.99995533
3.87570857 5.96027710 5.14495942 0.99995765
3.87573494 5.96022607 5.14482106 0.99995987
3.87576078 5.96017605 5.14468548 0.99996200
3.87578611 5.96012704 5.14455261 0.99996405
3.87581093 5.96007900 5.14442239 0.99996602
3.87583526 5.96003193 5.14429478 0.99996791
3.87585909 5.95998580 5.14416971 0.99996972
3.87588245 5.95994059 5.14404715 0.99997147
3.87590535 5.95989629 5.14392704 0.99997314
3.87592778 5.95985287 5.14380933 0.99997475
3.87594977 5.95981032 5.14369398 0.99997629
3.87597131 5.95976862 5.14358093 0.99997778
3.87599243 5.95972775 5.14347014 0.99997920
3.87601312 5.95968770 5.14336157 0.99998057
3.87603340 5.95964846 5.14325517 0.99998188
3.87605327 5.95960999 5.14315089 0.99998315
3.87607274 5.95957230 5.14304870 0.99998436
3.87609183 5.95953536 5.14294856 0.99998552
3.87611053 5.95949916 5.14285041 0.99998664
3.87612886 5.95946368 5.14275423 0.99998771
3.87614682 5.95942892 5.14265997 0.99998874
3.87616443 5.95939485 5.14256760 0.99998974
3.87618168 5.95936146 5.14247708 0.99999069
3.87619858 5.95932873 5.14238836 0.99999160
3.87621515 5.95929667 5.14230142 0.99999248
3.87623139 5.95926524 5.14221621 0.99999332
3.87624730 5.95923444 5.14213271 0.99999413
3.87626289 5.95920426 5.14205088 0.99999491
3.87627817 5.95917468 5.14197069 0.99999565
3.87629314 5.95914570 5.14189210 0.99999637
3.87630782 5.95911729 5.14181508 0.99999706
3.87632220 5.95908945 5.14173960 0.99999772
3.87633629 5.95906217 5.14166563 0.99999835
3.87635010 5.95903543 5.14159314 0.99999896
3.87636364 5.95900923 5.14152210 0.99999955
3.87637690 5.95898355 5.14145248 1.00000011
3.87638990 5.95895839 5.14138426 1.00000065
3.87640264 5.95893373 5.14131739 1.00000117
3.87641512 5.95890956 5.14125187 1.00000167
3.87642736 5.95888588 5.14118765 1.00000215
3.87643935 5.95886267 5.14112472 1.00000261
3.87645110 5.95883992 5.14106304 1.00000305
3.87646261 5.95881763 5.14100260 1.00000347
3.87647389 5.95879579 5.14094337 1.00000388
3.87648495 5.95877438 5.14088532 1.00000427
3.87649579 5.95875340 5.14082844 1.00000465
3.87650641 5.95873284 5.14077269 1.00000501
3.87651682 5.95871269 5.14071805 1.00000535
3.87652701 5.95869294 5.14066451 1.00000569
3.87653701 5.95867359 5.14061204 1.00000601
3.87654680 5.95865463 5.14056062 1.00000631
3.87655640 5.95863604 5.14051023 1.00000661
3.87656581 5.95861783 5.14046084 1.00000689
3.87657503 5.95859998 5.14041244 1.00000716
3.87658406 5.95858249 5.14036501 1.00000742
3.87659292 5.95856535 5.14031853 1.00000767
3.87660159 5.95854855 5.14027298 1.00000792
3.87661009 5.95853209 5.14022834 1.00000815
3.87661843 5.95851595 5.14018459 1.00000837
3.87662659 5.95850014 5.14014172 1.00000858
3.87663459 5.95848465 5.14009970 1.00000879
3.87664244 5.95846946 5.14005852 1.00000898
3.87665012 5.95845458 5.14001817 1.00000917
3.87665765 5.95844000 5.13997862 1.00000935
3.87666503 5.95842571 5.13993987 1.00000953
3.87667227 5.95841170 5.13990189 1.00000970
3.87667936 5.95839798 5.13986467 1.00000986
3.87668630 5.95838452 5.13982819 1.00001001
3.87669311 5.95837134 5.13979244 1.00001016
3.87669978 5.95835842 5.13975741 1.00001030
3.87670632 5.95834576 5.13972308 1.00001044
3.87671272 5.95833336 5.13968944 1.00001057
3.87671900 5.95832120 5.13965646 1.00001070
3.87672516 5.95830928 5.13962415 1.00001082
3.87673119 5.95829761 5.13959248 1.00001093
3.87673709 5.95828616 5.13956145 1.00001105
3.87674289 5.95827495 5.13953104 1.00001115
3.87674856 5.95826396 5.13950123 1.00001126
3.87675412 5.95825319 5.13947202 1.00001136
3.87675957 5.95824263 5.13944340 1.00001145
3.87676491 5.95823229 5.13941535 1.00001154
3.87677015 5.95822215 5.13938786 1.00001163
3.87677528 5.95821222 5.13936092 1.00001171
3.87678030 5.95820248 5.13933451 1.00001179
3.87678523 5.95819294 5.13930864 1.00001187
3.87679006 5.95818359 5.13928328 1.00001195
3.87679479 5.95817443 5.13925843 1.00001202
3.87679943 5.95816545 5.13923408 1.00001209
3.87680397 5.95815665 5.13921021 1.00001215
3.87680842 5.95814802 5.13918682 1.00001222
3.87681278 5.95813957 5.13916390 1.00001228
3.87681706 5.95813129 5.13914144 1.00001234
3.87682125 5.95812317 5.13911942 1.00001239
3.87682536 5.95811522 5.13909785 1.00001245
3.87682938 5.95810742 5.13907671 1.00001250
3.87683333 5.95809978 5.13905599 1.00001255
3.87683719 5.95809230 5.13903569 1.00001260
3.87684098 5.95808496 5.13901579 1.00001264
3.87684469 5.95807777 5.13899629 1.00001269
3.87684833 5.95807072 5.13897717 1.00001273
3.87685189 5.95806382 5.13895845 1.00001277
3.87685539 5.95805705 5.13894009 1.00001281
3.87685881 5.95805042 5.13892210 1.00001285
3.87686217 5.95804392 5.13890448 1.00001288
3.87686546 5.95803755 5.13888720 1.00001292
3.87686868 5.95803131 5.13887027 1.00001295
3.87687184 5.95802519 5.13885368 1.00001298
3.87687493 5.95801920 5.13883742 1.00001301
3.87687796 5.95801332 5.13882149 1.00001304
3.87688093 5.95800756 5.13880587 1.00001307
3.87688385 5.95800192 5.13879057 1.00001310
3.87688670 5.95799639 5.13877557 1.00001312
3.87688950 5.95799097 5.13876087 1.00001315
3.87689224 5.95798566 5.13874647 1.00001317
3.87689493 5.95798046 5.13873236 1.00001320
3.87689756 5.95797536 5.13871852 1.00001322
3.87690014 5.95797036 5.13870497 1.00001324
3.87690267 5.95796546 5.13869168 1.00001326
3.87690514 5.95796066 5.13867866 1.00001328
3.87690757 5.95795596 5.13866590 1.00001330
3.87690995 5.95795135 5.13865340 1.00001332
3.87691228 5.95794683 5.13864114 1.00001333
3.87691457 5.95794241 5.13862913 1.00001335
3.87691681 5.95793807 5.13861737 1.00001337
3.87691900 5.95793381 5.13860583 1.00001338
3.87692115 5.95792965 5.13859453 1.00001340
3.87692326 5.95792556 5.13858345 1.00001341
3.87692533 5.95792156 5.13857260 1.00001342
3.87692735 5.95791764 5.13856196 1.00001344
3.87692933 5.95791380 5.13855153 1.00001345
3.87693128 5.95791003 5.13854132 1.00001346
3.87693318 5.95790634 5.13853130 1.00001347
3.87693505 5.95790272 5.13852149 1.00001349
3.87693688 5.95789918 5.13851187 1.00001350
3.87693867 5.95789570 5.13850245 1.00001351
