1.11168744 1.38203899 7.83270412 3.34977395 4.09715311 0.02493889
1.11136991 1.38191606 7.83185834 3.34980870 4.09739255 0.02502801
1.11105132 1.38179278 7.83100995 3.34984355 4.09763276 0.02511768
1.11073167 1.38166915 7.83015895 3.34987848 4.09787373 0.02520792
1.11041094 1.38154517 7.82930532 3.34991349 4.09811547 0.02529872
1.11008914 1.38142084 7.82844903 3.34994860 4.09835799 0.02539009
1.10976626 1.38129614 7.82759009 3.34998379 4.09860128 0.02548204
1.10944229 1.38117110 7.82672846 3.35001907 4.09884536 0.02557457
1.10911722 1.38104569 7.82586415 3.35005445 4.09909023 0.02566768
1.10879104 1.38091992 7.82499712 3.35008991 4.09933588 0.02576138
1.10846376 1.38079379 7.82412738 3.35012546 4.09958234 0.02585568
1.10813537 1.38066729 7.82325489 3.35016110 4.09982959 0.02595058
1.10780585 1.38054042 7.82237965 3.35019683 4.10007766 0.02604608
1.10747520 1.38041319 7.82150164 3.35023265 4.10032653 0.02614220
1.10714342 1.38028558 7.82062084 3.35026857 4.10057622 0.02623894
1.10681049 1.38015760 7.81973724 3.35030458 4.10082672 0.02633630
1.10647642 1.38002924 7.81885082 3.35034068 4.10107806 0.02643428
1.10614119 1.37990051 7.81796157 3.35037687 4.10133022 0.02653290
1.10580480 1.37977139 7.81706947 3.35041316 4.10158322 0.02663216
1.10546724 1.37964189 7.81617450 3.35044954 4.10183706 0.02673207
1.10512850 1.37951201 7.81527664 3.35048601 4.10209174 0.02683263
1.10478858 1.37938175 7.81437589 3.35052258 4.10234727 0.02693385
1.10444746 1.37925109 7.81347222 3.35055925 4.10260365 0.02703573
1.10410515 1.37912005 7.81256561 3.35059601 4.10286090 0.02713828
1.10376163 1.37898861 7.81165605 3.35063287 4.10311901 0.02724150
1.10341690 1.37885677 7.81074352 3.35066983 4.10337799 0.02734541
1.10307095 1.37872454 7.80982800 3.35070688 4.10363785 0.02745001
1.10272378 1.37859191 7.80890948 3.35074403 4.10389858 0.02755530
1.10237536 1.37845888 7.80798794 3.35078128 4.10416020 0.02766129
1.10202571 1.37832544 7.80706335 3.35081863 4.10442272 0.02776799
1.10167480 1.37819160 7.80613571 3.35085608 4.10468613 0.02787541
1.10132263 1.37805735 7.80520499 3.35089363 4.10495044 0.02798354
1.10096920 1.37792269 7.80427118 3.35093128 4.10521566 0.02809241
1.10061450 1.37778761 7.80333425 3.35096903 4.10548179 0.02820201
1.10025851 1.37765212 7.80239419 3.35100689 4.10574884 0.02831235
1.09990123 1.37751621 7.80145098 3.35104484 4.10601681 0.02842344
1.09954266 1.37737988 7.80050459 3.35108290 4.10628571 0.02853528
1.09918277 1.37724313 7.79955502 3.35112106 4.10655555 0.02864789
1.09882158 1.37710595 7.79860224 3.35115933 4.10682633 0.02876127
1.09845906 1.37696834 7.79764623 3.35119770 4.10709806 0.02887543
1.09809521 1.37683030 7.79668697 3.35123618 4.10737074 0.02899037
1.09773002 1.37669183 7.79572445 3.35127476 4.10764438 0.02910611
1.09736348 1.37655293 7.79475863 3.35131345 4.10791898 0.02922264
1.09699559 1.37641358 7.79378951 3.35135224 4.10819456 0.02933999
1.09662633 1.37627380 7.79281706 3.35139114 4.10847111 0.02945815
1.09625570 1.37613357 7.79184126 3.35143015 4.10874864 0.02957713
1.09588368 1.37599290 7.79086209 3.35146927 4.10902717 0.02969694
1.09551027 1.37585177 7.78987953 3.35150850 4.10930668 0.02981760
1.09513546 1.37571020 7.78889355 3.35154784 4.10958720 0.02993910
1.09475925 1.37556817 7.78790415 3.35158728 4.10986873 0.03006146
1.09438161 1.37542569 7.78691128 3.35162684 4.11015128 0.03018469
1.09400254 1.37528274 7.78591495 3.35166651 4.11043484 0.03030879
1.09362204 1.37513933 7.78491511 3.35170630 4.11071943 0.03043377
1.09324009 1.37499546 7.78391175 3.35174619 4.11100506 0.03055964
1.09285668 1.37485112 7.78290485 3.35178620 4.11129172 0.03068642
1.09247181 1.37470631 7.78189438 3.35182633 4.11157944 0.03081410
1.09208546 1.37456103 7.78088033 3.35186656 4.11186821 0.03094270
1.09169763 1.37441527 7.77986266 3.35190692 4.11215803 0.03107222
1.09130830 1.37426903 7.77884136 3.35194739 4.11244893 0.03120269
1.09091747 1.37412231 7.77781641 3.35198797 4.11274090 0.03133409
1.09052512 1.37397510 7.77678777 3.35202868 4.11303396 0.03146646
1.09013125 1.37382741 7.77575543 3.35206950 4.11332810 0.03159979
1.08973584 1.37367922 7.77471936 3.35211044 4.11362334 0.03173409
1.08933889 1.37353054 7.77367953 3.35215150 4.11391968 0.03186938
1.08894038 1.37338136 7.77263593 3.35219268 4.11421713 0.03200566
1.08854030 1.37323168 7.77158853 3.35223398 4.11451570 0.03214295
1.08813865 1.37308150 7.77053731 3.35227541 4.11481539 0.03228126
1.08773540 1.37293081 7.76948223 3.35231695 4.11511622 0.03242059
1.08733056 1.37277961 7.76842327 3.35235862 4.11541819 0.03256096
1.08692411 1.37262790 7.76736041 3.35240041 4.11572130 0.03270237
1.08651604 1.37247567 7.76629363 3.35244233 4.11602557 0.03284484
1.08610634 1.37232292 7.76522289 3.35248437 4.11633101 0.03298838
1.08569500 1.37216965 7.76414817 3.35252653 4.11663761 0.03313300
1.08528200 1.37201585 7.76306944 3.35256883 4.11694540 0.03327872
1.08486733 1.37186152 7.76198669 3.35261125 4.11725437 0.03342553
1.08445099 1.37170666 7.76089987 3.35265380 4.11756454 0.03357347
1.08403296 1.37155126 7.75980896 3.35269647 4.11787591 0.03372252
1.08361323 1.37139532 7.75871394 3.35273928 4.11818849 0.03387272
1.08319179 1.37123884 7.75761478 3.35278222 4.11850229 0.03402407
1.08276862 1.37108181 7.75651144 3.35282529 4.11881731 0.03417658
1.08234372 1.37092423 7.75540391 3.35286849 4.11913358 0.03433026
1.08191707 1.37076610 7.75429215 3.35291182 4.11945109 0.03448513
1.08148866 1.37060741 7.75317613 3.35295529 4.11976985 0.03464121
1.08105847 1.37044816 7.75205583 3.35299889 4.12008988 0.03479849
1.08062650 1.37028834 7.75093121 3.35304262 4.12041117 0.03495701
1.08019273 1.37012795 7.74980225 3.35308649 4.12073375 0.03511676
1.07975715 1.36996699 7.74866892 3.35313050 4.12105762 0.03527777
1.07931974 1.36980546 7.74753118 3.35317465 4.12138278 0.03544004
1.07888050 1.36964334 7.74638901 3.35321893 4.12170925 0.03560359
1.07843940 1.36948064 7.74524237 3.35326336 4.12203704 0.03576844
1.07799644 1.36931735 7.74409123 3.35330792 4.12236615 0.03593460
1.07755161 1.36915347 7.74293557 3.35335262 4.12269659 0.03610208
1.07710488 1.36898900 7.74177535 3.35339747 4.12302839 0.03627090
1.07665625 1.36882392 7.74061053 3.35344246 4.12336153 0.03644107
1.07620570 1.36865824 7.73944109 3.35348759 4.12369604 0.03661261
1.07575322 1.36849195 7.73826700 3.35353287 4.12403192 0.03678554
1.07529879 1.36832505 7.73708821 3.35357829 4.12436919 0.03695986
1.07484240 1.36815754 7.73590470 3.35362386 4.12470784 0.03713560
1.07438403 1.36798940 7.73471644 3.35366958 4.12504791 0.03731276
1.07392368 1.36782064 7.73352338 3.35371544 4.12538938 0.03749138
1.07346131 1.36765125 7.73232550 3.35376146 4.12573228 0.03767145
1.07299693 1.36748122 7.73112276 3.35380762 4.12607661 0.03785301
1.07253052 1.36731056 7.72991513 3.35385394 4.12642239 0.03803606
1.07206205 1.36713926 7.72870256 3.35390040 4.12676962 0.03822063
1.07159152 1.36696731 7.72748503 3.35394702 4.12711832 0.03840672
1.07111891 1.36679471 7.72626250 3.35399380 4.12746849 0.03859437
1.07064420 1.36662145 7.72503493 3.35404072 4.12782016 0.03878358
1.07016738 1.36644753 7.72380229 3.35408781 4.12817332 0.03897437
1.06968843 1.36627295 7.72256453 3.35413505 4.12852799 0.03916677
1.06920733 1.36609770 7.72132162 3.35418245 4.12888418 0.03936079
1.06872408 1.36592177 7.72007353 3.35423001 4.12924190 0.03955644
1.06823865 1.36574516 7.71882021 3.35427772 4.12960117 0.03975376
1.06775102 1.36556787 7.71756163 3.35432560 4.12996199 0.03995276
1.06726118 1.36538990 7.71629774 3.35437364 4.13032438 0.04015345
1.06676912 1.36521122 7.71502851 3.35442185 4.13068835 0.04035586
1.06627480 1.36503185 7.71375390 3.35447022 4.13105391 0.04056001
1.06577823 1.36485178 7.71247386 3.35451875 4.13142107 0.04076592
1.06527938 1.36467099 7.71118836 3.35456745 4.13178985 0.04097361
1.06477822 1.36448950 7.70989736 3.35461632 4.13216025 0.04118310
1.06427476 1.36430728 7.70860080 3.35466535 4.13253230 0.04139441
1.06376895 1.36412434 7.70729866 3.35471456 4.13290600 0.04160757
1.06326080 1.36394067 7.70599089 3.35476394 4.13328136 0.04182260
1.06275027 1.36375626 7.70467744 3.35481348 4.13365840 0.04203951
1.06223736 1.36357112 7.70335828 3.35486321 4.13403713 0.04225834
1.06172203 1.36338523 7.70203335 3.35491310 4.13441757 0.04247911
1.06120428 1.36319858 7.70070262 3.35496317 4.13479973 0.04270183
1.06068408 1.36301119 7.69936604 3.35501342 4.13518361 0.04292654
1.06016142 1.36282302 7.69802356 3.35506385 4.13556924 0.04315325
1.05963626 1.36263409 7.69667514 3.35511445 4.13595663 0.04338200
1.05910860 1.36244439 7.69532073 3.35516524 4.13634579 0.04361280
1.05857842 1.36225391 7.69396028 3.35521621 4.13673674 0.04384569
1.05804568 1.36206264 7.69259376 3.35526736 4.13712949 0.04408068
1.05751038 1.36187058 7.69122110 3.35531869 4.13752405 0.04431781
1.05697249 1.36167772 7.68984227 3.35537021 4.13792045 0.04455710
1.05643199 1.36148406 7.68845721 3.35542192 4.13831868 0.04479859
1.05588885 1.36128959 7.68706587 3.35547381 4.13871878 0.04504228
1.05534307 1.36109430 7.68566821 3.35552589 4.13912075 0.04528822
1.05479461 1.36089819 7.68426417 3.35557817 4.13952461 0.04553644
1.05424345 1.36070126 7.68285371 3.35563063 4.13993037 0.04578696
1.05368957 1.36050349 7.68143676 3.35568329 4.14033805 0.04603980
1.05313295 1.36030487 7.68001329 3.35573615 4.14074767 0.04629501
1.05257357 1.36010541 7.67858323 3.35578920 4.14115924 0.04655261
1.05201139 1.35990510 7.67714653 3.35584244 4.14157278 0.04681263
1.05144641 1.35970393 7.67570314 3.35589589 4.14198830 0.04707510
1.05087859 1.35950189 7.67425301 3.35594954 4.14240582 0.04734006
1.05030791 1.35929897 7.67279608 3.35600339 4.14282536 0.04760754
1.04973435 1.35909517 7.67133229 3.35605744 4.14324693 0.04787756
1.04915788 1.35889049 7.66986159 3.35611169 4.14367055 0.04815017
1.04857848 1.35868491 7.66838391 3.35616615 4.14409624 0.04842539
1.04799612 1.35847842 7.66689922 3.35622082 4.14452401 0.04870327
1.04741078 1.35827103 7.66540743 3.35627570 4.14495388 0.04898383
1.04682243 1.35806272 7.66390850 3.35633079 4.14538588 0.04926712
1.04623104 1.35785349 7.66240237 3.35638609 4.14582001 0.04955316
1.04563660 1.35764333 7.66088898 3.35644161 4.14625630 0.04984199
1.04503906 1.35743223 7.65936826 3.35649734 4.14669476 0.05013366
1.04443841 1.35722018 7.65784015 3.35655329 4.14713542 0.05042820
1.04383463 1.35700717 7.65630459 3.35660945 4.14757829 0.05072565
1.04322767 1.35679321 7.65476152 3.35666584 4.14802339 0.05102604
1.04261751 1.35657827 7.65321088 3.35672245 4.14847073 0.05132943
1.04200413 1.35636236 7.65165259 3.35677928 4.14892035 0.05163584
1.04138750 1.35614546 7.65008660 3.35683634 4.14937226 0.05194532
1.04076759 1.35592757 7.64851284 3.35689362 4.14982647 0.05225791
1.04014436 1.35570868 7.64693124 3.35695113 4.15028302 0.05257366
1.03951780 1.35548878 7.64534173 3.35700887 4.15074191 0.05289260
1.03888786 1.35526786 7.64374425 3.35706685 4.15120317 0.05321479
1.03825452 1.35504591 7.64213872 3.35712505 4.15166683 0.05354026
1.03761775 1.35482292 7.64052508 3.35718350 4.15213290 0.05386907
1.03697752 1.35459889 7.63890326 3.35724218 4.15260140 0.05420125
1.03633379 1.35437381 7.63727317 3.35730110 4.15307235 0.05453687
1.03568654 1.35414767 7.63563476 3.35736026 4.15354578 0.05487595
1.03503573 1.35392045 7.63398795 3.35741966 4.15402172 0.05521856
1.03438133 1.35369216 7.63233266 3.35747931 4.15450017 0.05556474
1.03372331 1.35346278 7.63066881 3.35753920 4.15498117 0.05591455
1.03306163 1.35323229 7.62899634 3.35759935 4.15546473 0.05626803
1.03239626 1.35300070 7.62731517 3.35765974 4.15595088 0.05662524
1.03172717 1.35276800 7.62562521 3.35772039 4.15643965 0.05698623
1.03105431 1.35253416 7.62392638 3.35778129 4.15693106 0.05735105
1.03037767 1.35229919 7.62221862 3.35784245 4.15742513 0.05771977
1.02969719 1.35206307 7.62050183 3.35790386 4.15792188 0.05809243
1.02901285 1.35182580 7.61877594 3.35796554 4.15842134 0.05846910
1.02832461 1.35158736 7.61704086 3.35802748 4.15892354 0.05884983
1.02763243 1.35134774 7.61529651 3.35808968 4.15942851 0.05923468
1.02693627 1.35110694 7.61354280 3.35815215 4.15993625 0.05962372
1.02623610 1.35086494 7.61177965 3.35821489 4.16044682 0.06001700
1.02553188 1.35062172 7.61000698 3.35827790 4.16096022 0.06041459
1.02482357 1.35037730 7.60822468 3.35834118 4.16147648 0.06081654
1.02411113 1.35013164 7.60643268 3.35840474 4.16199564 0.06122294
1.02339452 1.34988474 7.60463088 3.35846858 4.16251772 0.06163383
1.02267370 1.34963659 7.60281920 3.35853270 4.16304275 0.06204930
1.02194863 1.34938717 7.60099753 3.35859710 4.16357075 0.06246940
1.02121927 1.34913648 7.59916579 3.35866178 4.16410175 0.06289421
1.02048558 1.34888451 7.59732388 3.35872675 4.16463579 0.06332379
1.01974751 1.34863124 7.59547171 3.35879201 4.16517289 0.06375823
1.01900502 1.34837666 7.59360917 3.35885757 4.16571308 0.06419760
1.01825808 1.34812075 7.59173618 3.35892341 4.16625639 0.06464196
1.01750663 1.34786352 7.58985262 3.35898956 4.16680285 0.06509141
1.01675063 1.34760494 7.58795840 3.35905600 4.16735250 0.06554600
1.01599003 1.34734500 7.58605342 3.35912274 4.16790535 0.06600584
1.01522479 1.34708369 7.58413757 3.35918979 4.16846145 0.06647098
1.01445487 1.34682100 7.58221075 3.35925714 4.16902083 0.06694153
1.01368021 1.34655691 7.58027285 3.35932481 4.16958351 0.06741756
1.01290078 1.34629141 7.57832377 3.35939278 4.17014953 0.06789916
1.01211651 1.34602450 7.57636339 3.35946107 4.17071893 0.06838641
1.01132736 1.34575614 7.57439161 3.35952968 4.17129173 0.06887941
1.01053329 1.34548634 7.57240831 3.35959861 4.17186797 0.06937824
1.00973424 1.34521508 7.57041337 3.35966786 4.17244769 0.06988301
1.00893017 1.34494233 7.56840670 3.35973743 4.17303091 0.07039379
1.00812101 1.34466810 7.56638816 3.35980733 4.17361769 0.07091070
1.00730672 1.34439237 7.56435764 3.35987757 4.17420804 0.07143382
1.00648725 1.34411511 7.56231503 3.35994814 4.17480201 0.07196326
1.00566254 1.34383632 7.56026020 3.36001904 4.17539963 0.07249911
1.00483254 1.34355599 7.55819302 3.36009029 4.17600094 0.07304149
1.00399719 1.34327409 7.55611338 3.36016188 4.17660598 0.07359050
1.00315644 1.34299061 7.55402116 3.36023381 4.17721478 0.07414625
1.00231022 1.34270555 7.55191621 3.36030609 4.17782740 0.07470884
1.00145850 1.34241887 7.54979841 3.36037872 4.17844385 0.07527839
1.00060120 1.34213056 7.54766764 3.36045171 4.17906419 0.07585501
0.99973826 1.34184062 7.54552376 3.36052506 4.17968845 0.07643883
0.99886964 1.34154902 7.54336663 3.36059877 4.18031667 0.07702996
0.99799526 1.34125575 7.54119613 3.36067284 4.18094890 0.07762852
0.99711507 1.34096079 7.53901210 3.36074728 4.18158518 0.07823463
0.99622900 1.34066412 7.53681442 3.36082209 4.18222555 0.07884843
0.99533699 1.34036574 7.53460294 3.36089728 4.18287005 0.07947004
0.99443898 1.34006561 7.53237752 3.36097284 4.18351872 0.08009959
0.99353491 1.33976372 7.53013801 3.36104879 4.18417162 0.08073722
0.99262470 1.33946006 7.52788427 3.36112511 4.18482878 0.08138306
0.99170829 1.33915461 7.52561615 3.36120183 4.18549025 0.08203726
0.99078562 1.33884735 7.52333349 3.36127894 4.18615607 0.08269996
0.98985661 1.33853825 7.52103614 3.36135644 4.18682630 0.08337130
0.98892120 1.33822732 7.51872396 3.36143434 4.18750098 0.08405143
0.98797932 1.33791451 7.51639677 3.36151265 4.18818016 0.08474050
0.98703089 1.33759982 7.51405442 3.36159136 4.18886388 0.08543868
0.98607584 1.33728323 7.51169676 3.36167048 4.18955219 0.08614611
0.98511411 1.33696471 7.50932361 3.36175001 4.19024516 0.08686296
0.98414561 1.33664425 7.50693481 3.36182997 4.19094281 0.08758940
0.98317028 1.33632183 7.50453019 3.36191034 4.19164522 0.08832558
0.98218802 1.33599742 7.50210959 3.36199114 4.19235242 0.08907169
0.98119878 1.33567101 7.49967282 3.36207236 4.19306447 0.08982790
0.98020247 1.33534258 7.49721972 3.36215402 4.19378143 0.09059438
0.97919901 1.33501210 7.49475011 3.36223612 4.19450334 0.09137132
0.97818831 1.33467955 7.49226380 3.36231866 4.19523027 0.09215892
0.97717031 1.33434491 7.48976062 3.36240164 4.19596227 0.09295734
0.97614491 1.33400817 7.48724037 3.36248508 4.19669939 0.09376680
0.97511203 1.33366929 7.48470289 3.36256896 4.19744169 0.09458750
0.97407160 1.33332825 7.48214796 3.36265331 4.19818923 0.09541962
0.97302351 1.33298504 7.47957541 3.36273811 4.19894207 0.09626338
0.97196768 1.33263963 7.47698503 3.36282339 4.19970027 0.09711900
0.97090403 1.33229199 7.47437663 3.36290913 4.20046389 0.09798669
0.96983247 1.33194211 7.47175002 3.36299536 4.20123298 0.09886666
0.96875290 1.33158996 7.46910498 3.36308206 4.20200762 0.09975915
0.96766523 1.33123551 7.46644131 3.36316924 4.20278785 0.10066438
0.96656937 1.33087874 7.46375880 3.36325692 4.20357376 0.10158260
0.96546522 1.33051962 7.46105724 3.36334509 4.20436539 0.10251403
0.96435269 1.33015814 7.45833642 3.36343376 4.20516282 0.10345893
0.96323167 1.32979426 7.45559613 3.36352293 4.20596612 0.10441754
0.96210208 1.32942796 7.45283613 3.36361261 4.20677534 0.10539013
0.96096381 1.32905921 7.45005622 3.36370281 4.20759057 0.10637695
0.95981676 1.32868799 7.44725615 3.36379352 4.20841186 0.10737828
0.95866082 1.32831427 7.44443572 3.36388476 4.20923928 0.10839438
0.95749589 1.32793802 7.44159467 3.36397652 4.21007292 0.10942553
0.95632187 1.32755921 7.43873279 3.36406882 4.21091283 0.11047202
0.95513864 1.32717782 7.43584982 3.36416166 4.21175909 0.11153414
0.95394611 1.32679382 7.43294554 3.36425504 4.21261178 0.11261219
0.95274415 1.32640719 7.43001969 3.36434897 4.21347097 0.11370647
0.95153266 1.32601788 7.42707203 3.36444345 4.21433674 0.11481729
0.95031152 1.32562588 7.42410231 3.36453850 4.21520915 0.11594497
0.94908062 1.32523114 7.42111027 3.36463410 4.21608830 0.11708983
0.94783984 1.32483366 7.41809567 3.36473028 4.21697426 0.11825221
0.94658906 1.32443338 7.41505823 3.36482704 4.21786710 0.11943244
0.94532817 1.32403029 7.41199769 3.36492438 4.21876692 0.12063087
0.94405705 1.32362435 7.40891379 3.36502231 4.21967378 0.12184785
0.94277556 1.32321553 7.40580626 3.36512083 4.22058778 0.12308374
0.94148359 1.32280379 7.40267483 3.36521994 4.22150900 0.12433892
0.94018102 1.32238912 7.39951921 3.36531967 4.22243751 0.12561375
0.93886770 1.32197146 7.39633912 3.36542000 4.22337342 0.12690863
0.93754352 1.32155080 7.39313429 3.36552095 4.22431681 0.12822394
0.93620834 1.32112709 7.38990442 3.36562253 4.22526775 0.12956009
0.93486203 1.32070031 7.38664923 3.36572473 4.22622635 0.13091749
0.93350446 1.32027042 7.38336842 3.36582757 4.22719270 0.13229656
0.93213549 1.31983739 7.38006168 3.36593104 4.22816688 0.13369772
0.93075498 1.31940117 7.37672873 3.36603517 4.22914898 0.13512141
0.92936279 1.31896174 7.37336926 3.36613995 4.23013911 0.13656808
0.92795879 1.31851907 7.36998295 3.36624538 4.23113736 0.13803819
0.92654283 1.31807310 7.36656949 3.36635149 4.23214381 0.13953220
0.92511476 1.31762382 7.36312858 3.36645826 4.23315858 0.14105058
0.92367444 1.31717117 7.35965988 3.36656572 4.23418175 0.14259383
0.92222173 1.31671514 7.35616309 3.36667386 4.23521343 0.14416243
0.92075646 1.31625567 7.35263786 3.36678269 4.23625372 0.14575690
0.91927850 1.31579273 7.34908388 3.36689222 4.23730272 0.14737774
0.91778769 1.31532628 7.34550081 3.36700246 4.23836052 0.14902550
0.91628387 1.31485629 7.34188832 3.36711340 4.23942724 0.15070070
0.91476689 1.31438271 7.33824606 3.36722507 4.24050298 0.15240390
0.91323658 1.31390551 7.33457369 3.36733746 4.24158785 0.15413565
0.91169280 1.31342464 7.33087087 3.36745058 4.24268194 0.15589653
0.91013538 1.31294008 7.32713724 3.36756444 4.24378538 0.15768712
0.90856416 1.31245177 7.32337246 3.36767904 4.24489826 0.15950801
0.90697896 1.31195967 7.31957616 3.36779440 4.24602071 0.16135982
0.90537964 1.31146376 7.31574800 3.36791051 4.24715282 0.16324316
0.90376602 1.31096398 7.31188760 3.36802739 4.24829471 0.16515866
0.90213792 1.31046030 7.30799461 3.36814504 4.24944649 0.16710697
0.90049519 1.30995266 7.30406866 3.36826347 4.25060828 0.16908874
0.89883764 1.30944105 7.30010937 3.36838269 4.25178019 0.17110463
0.89716512 1.30892540 7.29611638 3.36850270 4.25296234 0.17315533
0.89547743 1.30840568 7.29208930 3.36862352 4.25415484 0.17524153
0.89377441 1.30788185 7.28802777 3.36874513 4.25535782 0.17736394
0.89205589 1.30735386 7.28393141 3.36886756 4.25657137 0.17952326
0.89032167 1.30682167 7.27979983 3.36899082 4.25779564 0.18172024
0.88857159 1.30628524 7.27563264 3.36911490 4.25903072 0.18395561
0.88680546 1.30574453 7.27142948 3.36923981 4.26027675 0.18623014
0.88502310 1.30519949 7.26718994 3.36936556 4.26153385 0.18854458
0.88322434 1.30465008 7.26291364 3.36949217 4.26280212 0.19089972
0.88140898 1.30409626 7.25860020 3.36961962 4.26408171 0.19329635
0.87957686 1.30353799 7.25424923 3.36974794 4.26537271 0.19573528
0.87772777 1.30297522 7.24986033 3.36987712 4.26667527 0.19821732
0.87586155 1.30240790 7.24543312 3.37000718 4.26798949 0.20074331
0.87397800 1.30183601 7.24096720 3.37013812 4.26931550 0.20331408
0.87207694 1.30125949 7.23646219 3.37026995 4.27065343 0.20593049
0.87015819 1.30067830 7.23191771 3.37040267 4.27200338 0.20859340
0.86822156 1.30009241 7.22733335 3.37053628 4.27336549 0.21130368
0.86626687 1.29950176 7.22270874 3.37067081 4.27473988 0.21406223
0.86429394 1.29890632 7.21804350 3.37080624 4.27612666 0.21686993
0.86230259 1.29830605 7.21333723 3.37094259 4.27752595 0.21972770
0.86029262 1.29770091 7.20858957 3.37107986 4.27893788 0.22263644
0.85826387 1.29709085 7.20380014 3.37121807 4.28036256 0.22559708
0.85621615 1.29647584 7.19896855 3.37135720 4.28180010 0.22861055
0.85414929 1.29585584 7.19409446 3.37149727 4.28325064 0.23167779
0.85206311 1.29523081 7.18917748 3.37163829 4.28471427 0.23479974
0.84995743 1.29460071 7.18421727 3.37178025 4.28619111 0.23797736
0.84783209 1.29396551 7.17921348 3.37192316 4.28768128 0.24121159
0.84568692 1.29332517 7.17416575 3.37206704 4.28918488 0.24450339
0.84352174 1.29267965 7.16907374 3.37221187 4.29070202 0.24785373
0.84133639 1.29202893 7.16393714 3.37235766 4.29223281 0.25126357
0.83913072 1.29137298 7.15875561 3.37250443 4.29377735 0.25473387
0.83690458 1.29071175 7.15352884 3.37265216 4.29533574 0.25826559
0.83465779 1.29004522 7.14825653 3.37280087 4.29690807 0.26185969
0.83239023 1.28937336 7.14293839 3.37295055 4.29849445 0.26551712
0.83010175 1.28869615 7.13757414 3.37310121 4.30009495 0.26923883
0.82779221 1.28801355 7.13216351 3.37325285 4.30170967 0.27302577
0.82546147 1.28732556 7.12670624 3.37340546 4.30333869 0.27687886
0.82310942 1.28663214 7.12120210 3.37355906 4.30498209 0.28079902
0.82073593 1.28593327 7.11565087 3.37371365 4.30663995 0.28478716
0.81834090 1.28522895 7.11005234 3.37386921 4.30831232 0.28884417
0.81592421 1.28451915 7.10440631 3.37402575 4.30999927 0.29297092
0.81348578 1.28380385 7.09871262 3.37418327 4.31170087 0.29716826
0.81102551 1.28308306 7.09297112 3.37434177 4.31341717 0.30143702
0.80854332 1.28235676 7.08718167 3.37450125 4.31514820 0.30577799
0.80603915 1.28162496 7.08134418 3.37466169 4.31689401 0.31019196
0.80351294 1.28088763 7.07545856 3.37482311 4.31865463 0.31467965
0.80096463 1.28014480 7.06952474 3.37498549 4.32043009 0.31924178
0.79839420 1.27939645 7.06354270 3.37514883 4.32222039 0.32387900
0.79580161 1.27864261 7.05751243 3.37531312 4.32402556 0.32859195
0.79318686 1.27788328 7.05143396 3.37547836 4.32584559 0.33338119
0.79054994 1.27711848 7.04530734 3.37564454 4.32768047 0.33824726
0.78789087 1.27634822 7.03913265 3.37581165 4.32953017 0.34319063
0.78520968 1.27557253 7.03291002 3.37597969 4.33139468 0.34821171
0.78250641 1.27479144 7.02663959 3.37614864 4.33327395 0.35331087
0.77978112 1.27400498 7.02032156 3.37631849 4.33516794 0.35848840
0.77703390 1.27321318 7.01395616 3.37648923 4.33707657 0.36374451
0.77426482 1.27241609 7.00754364 3.37666085 4.33899978 0.36907935
0.77147401 1.27161374 7.00108432 3.37683334 4.34093748 0.37449298
0.76866160 1.27080620 6.99457855 3.37700668 4.34288958 0.37998541
0.76582772 1.26999352 6.98802671 3.37718085 4.34485596 0.38555652
0.76297256 1.26917576 6.98142925 3.37735584 4.34683649 0.39120612
0.76009631 1.26835298 6.97478663 3.37753164 4.34883104 0.39693392
0.75719916 1.26752526 6.96809940 3.37770821 4.35083945 0.40273953
0.75428137 1.26669268 6.96136814 3.37788555 4.35286156 0.40862246
0.75134317 1.26585532 6.95459347 3.37806363 4.35489718 0.41458210
0.74838486 1.26501327 6.94777607 3.37824243 4.35694611 0.42061773
0.74540672 1.26416663 6.94091667 3.37842193 4.35900813 0.42672852
0.74240910 1.26331550 6.93401607 3.37860210 4.36108302 0.43291350
0.73939234 1.26245999 6.92707511 3.37878292 4.36317052 0.43917160
0.73635681 1.26160022 6.92009468 3.37896435 4.36527038 0.44550161
0.73330292 1.26073630 6.91307574 3.37914638 4.36738230 0.45190217
0.73023109 1.25986838 6.90601930 3.37932896 4.36950598 0.45837181
0.72714178 1.25899658 6.89892643 3.37951208 4.37164111 0.46490891
0.72403547 1.25812105 6.89179825 3.37969570 4.37378735 0.47151171
0.72091267 1.25724193 6.88463597 3.37987978 4.37594435 0.47817832
0.71777391 1.25635939 6.87744082 3.38006430 4.37811173 0.48490668
0.71461976 1.25547359 6.87021411 3.38024921 4.38028910 0.49169460
0.71145079 1.25458469 6.86295721 3.38043448 4.38247605 0.49853976
0.70826764 1.25369288 6.85567155 3.38062006 4.38467215 0.50543967
0.70507093 1.25279833 6.84835860 3.38080594 4.38687697 0.51239170
0.70186135 1.25190125 6.84101991 3.38099205 4.38909003 0.51939310
0.69863958 1.25100182 6.83365709 3.38117836 4.39131085 0.52644094
0.69540635 1.25010024 6.82627178 3.38136483 4.39353893 0.53353218
0.69216241 1.24919674 6.81886569 3.38155141 4.39577377 0.54066363
0.68890853 1.24829152 6.81144061 3.38173806 4.39801482 0.54783197
0.68564551 1.24738481 6.80399834 3.38192474 4.40026153 0.55503376
0.68237417 1.24647683 6.79654075 3.38211139 4.40251335 0.56226541
0.67909535 1.24556781 6.78906976 3.38229798 4.40476969 0.56952326
0.67580992 1.24465800 6.78158734 3.38248444 4.40702995 0.57680348
0.67251877 1.24374763 6.77409550 3.38267074 4.40929353 0.58410219
0.66922280 1.24283695 6.76659628 3.38285682 4.41155981 0.59141538
0.66592295 1.24192622 6.75909178 3.38304263 4.41382815 0.59873896
0.66262014 1.24101569 6.75158413 3.38322813 4.41609791 0.60606877
0.65931535 1.24010561 6.74407547 3.38341326 4.41836843 0.61340058
0.65600955 1.23919625 6.73656801 3.38359797 4.42063904 0.62073008
0.65270372 1.23828787 6.72906395 3.38378221 4.42290908 0.62805294
0.64939886 1.23738074 6.72156554 3.38396593 4.42517787 0.63536478
0.64609598 1.23647512 6.71407502 3.38414908 4.42744471 0.64266119
0.64279610 1.23557129 6.70659467 3.38433159 4.42970891 0.64993775
0.63950023 1.23466951 6.69912678 3.38451343 4.43196979 0.65719004
0.63620940 1.23377006 6.69167362 3.38469455 4.43422663 0.66441365
0.63292465 1.23287320 6.68423749 3.38487488 4.43647875 0.67160419
0.62964701 1.23197921 6.67682069 3.38505438 4.43872544 0.67875730
0.62637749 1.23108835 6.66942549 3.38523300 4.44096601 0.68586867
0.62311714 1.23020088 6.66205417 3.38541069 4.44319975 0.69293407
0.61986696 1.22931708 6.65470899 3.38558739 4.44542599 0.69994930
0.61662797 1.22843721 6.64739219 3.38576307 4.44764403 0.70691026
0.61340119 1.22756151 6.64010599 3.38593768 4.44985319 0.71381297
0.61018759 1.22669026 6.63285258 3.38611116 4.45205281 0.72065352
0.60698817 1.22582369 6.62563413 3.38628347 4.45424221 0.72742812
0.60380389 1.22496205 6.61845277 3.38645457 4.45642075 0.73413313
0.60063570 1.22410559 6.61131057 3.38662441 4.45858779 0.74076500
0.59748454 1.22325455 6.60420959 3.38679296 4.46074269 0.74732038
0.59435133 1.22240914 6.59715184 3.38696016 4.46288484 0.75379601
0.59123695 1.22156960 6.59013925 3.38712599 4.46501364 0.76018884
0.58814227 1.22073614 6.58317374 3.38729040 4.46712851 0.76649594
0.58506815 1.21990897 6.57625715 3.38745336 4.46922888 0.77271459
0.58201541 1.21908830 6.56939127 3.38761483 4.47131419 0.77884222
0.57898484 1.21827433 6.56257782 3.38777478 4.47338391 0.78487645
0.57597721 1.21746723 6.55581847 3.38793318 4.47543753 0.79081506
0.57299326 1.21666719 6.54911481 3.38809000 4.47747455 0.79665604
0.57003372 1.21587439 6.54246839 3.38824520 4.47949450 0.80239756
0.56709924 1.21508898 6.53588067 3.38839876 4.48149693 0.80803796
0.56419050 1.21431112 6.52935303 3.38855066 4.48348140 0.81357578
0.56130810 1.21354096 6.52288682 3.38870088 4.48544750 0.81900975
0.55845264 1.21277864 6.51648327 3.38884938 4.48739484 0.82433877
0.55562467 1.21202429 6.51014357 3.38899616 4.48932305 0.82956192
0.55282471 1.21127802 6.50386883 3.38914119 4.49123179 0.83467847
0.55005326 1.21053995 6.49766007 3.38928446 4.49312073 0.83968786
0.54731077 1.20981019 6.49151827 3.38942595 4.49498958 0.84458970
0.54459767 1.20908882 6.48544431 3.38956565 4.49683805 0.84938376
0.54191436 1.20837593 6.47943899 3.38970355 4.49866589 0.85406997
0.53926118 1.20767160 6.47350307 3.38983964 4.50047286 0.85864843
0.53663847 1.20697590 6.46763722 3.38997391 4.50225876 0.86311938
0.53404654 1.20628889 6.46184203 3.39010635 4.50402338 0.86748318
0.53148563 1.20561062 6.45611804 3.39023696 4.50576656 0.87174038
0.52895599 1.20494114 6.45046570 3.39036573 4.50748816 0.87589160
0.52645783 1.20428048 6.44488542 3.39049267 4.50918803 0.87993762
0.52399131 1.20362867 6.43937752 3.39061778 4.51086608 0.88387933
0.52155659 1.20298573 6.43394227 3.39074104 4.51252221 0.88771771
0.51915378 1.20235168 6.42857987 3.39086248 4.51415636 0.89145387
0.51678297 1.20172653 6.42329046 3.39098208 4.51576847 0.89508899
0.51444423 1.20111026 6.41807414 3.39109986 4.51735851 0.89862435
0.51213759 1.20050289 6.41293092 3.39121581 4.51892646 0.90206131
0.50986307 1.19990438 6.40786078 3.39132996 4.52047233 0.90540130
0.50762066 1.19931474 6.40286363 3.39144230 4.52199613 0.90864581
0.50541031 1.19873392 6.39793935 3.39155284 4.52349789 0.91179640
0.50323199 1.19816191 6.39308776 3.39166160 4.52497767 0.91485469
0.50108560 1.19759866 6.38830864 3.39176858 4.52643552 0.91782232
0.49897104 1.19704414 6.38360169 3.39187381 4.52787152 0.92070101
0.49688822 1.19649829 6.37896663 3.39197728 4.52928575 0.92349248
0.49483697 1.19596107 6.37440309 3.39207902 4.53067833 0.92619849
0.49281716 1.19543243 6.36991067 3.39217903 4.53204936 0.92882085
0.49082860 1.19491231 6.36548896 3.39227734 4.53339897 0.93136135
0.48887112 1.19440063 6.36113749 3.39237396 4.53472729 0.93382182
0.48694451 1.19389735 6.35685575 3.39246891 4.53603447 0.93620410
0.48504856 1.19340238 6.35264324 3.39256219 4.53732066 0.93851001
0.48318303 1.19291566 6.34849939 3.39265384 4.53858602 0.94074141
0.48134769 1.19243711 6.34442362 3.39274386 4.53983073 0.94290014
0.47954228 1.19196665 6.34041534 3.39283228 4.54105496 0.94498802
0.47776654 1.19150420 6.33647391 3.39291912 4.54225891 0.94700689
0.47602019 1.19104968 6.33259868 3.39300438 4.54344276 0.94895855
0.47430296 1.19060301 6.32878898 3.39308810 4.54460671 0.95084481
0.47261454 1.19016409 6.32504414 3.39317029 4.54575097 0.95266745
0.47095465 1.18973283 6.32136345 3.39325098 4.54687574 0.95442824
0.46932297 1.18930916 6.31774618 3.39333017 4.54798124 0.95612890
0.46771920 1.18889297 6.31419162 3.39340790 4.54906769 0.95777117
0.46614301 1.18848417 6.31069902 3.39348418 4.55013532 0.95935674
0.46459408 1.18808267 6.30726763 3.39355903 4.55118433 0.96088727
0.46307208 1.18768838 6.30389668 3.39363248 4.55221497 0.96236440
0.46157668 1.18730119 6.30058541 3.39370454 4.55322747 0.96378974
0.46010755 1.18692102 6.29733305 3.39377523 4.55422205 0.96516488
0.45866434 1.18654776 6.29413880 3.39384458 4.55519895 0.96649135
0.45724672 1.18618132 6.29100189 3.39391260 4.55615841 0.96777068
0.45585434 1.18582160 6.28792152 3.39397932 4.55710067 0.96900435
0.45448686 1.18546851 6.28489691 3.39404476 4.55802596 0.97019382
0.45314392 1.18512194 6.28192725 3.39410893 4.55893453 0.97134050
0.45182520 1.18478179 6.27901175 3.39417187 4.55982660 0.97244578
0.45053033 1.18444798 6.27614963 3.39423358 4.56070243 0.97351101
0.44925896 1.18412041 6.27334007 3.39429408 4.56156225 0.97453751
0.44801077 1.18379897 6.27058230 3.39435341 4.56240631 0.97552656
0.44678539 1.18348357 6.26787552 3.39441157 4.56323483 0.97647942
0.44558248 1.18317411 6.26521894 3.39446859 4.56404806 0.97739730
0.44440170 1.18287051 6.26261177 3.39452449 4.56484623 0.97828139
0.44324270 1.18257265 6.26005325 3.39457928 4.56562958 0.97913283
0.44210515 1.18228046 6.25754258 3.39463299 4.56639835 0.97995276
0.44098870 1.18199384 6.25507900 3.39468564 4.56715277 0.98074226
0.43989302 1.18171268 6.25266175 3.39473724 4.56789307 0.98150238
0.43881777 1.18143691 6.25029006 3.39478781 4.56861947 0.98223415
0.43776262 1.18116643 6.24796318 3.39483738 4.56933222 0.98293857
0.43672724 1.18090115 6.24568036 3.39488595 4.57003152 0.98361659
0.43571131 1.18064097 6.24344086 3.39493355 4.57071762 0.98426916
0.43471450 1.18038582 6.24124395 3.39498019 4.57139073 0.98489717
0.43373648 1.18013561 6.23908890 3.39502590 4.57205106 0.98550151
0.43277695 1.17989024 6.23697499 3.39507069 4.57269885 0.98608302
0.43183558 1.17964963 6.23490151 3.39511458 4.57333430 0.98664253
0.43091207 1.17941370 6.23286775 3.39515758 4.57395762 0.98718083
0.43000610 1.17918236 6.23087303 3.39519971 4.57456904 0.98769870
0.42911738 1.17895553 6.22891666 3.39524099 4.57516875 0.98819687
0.42824560 1.17873314 6.22699796 3.39528143 4.57575696 0.98867606
0.42739047 1.17851509 6.22511625 3.39532105 4.57633388 0.98913698
0.42655169 1.17830131 6.22327088 3.39535987 4.57689970 0.98958029
0.42572898 1.17809173 6.22146119 3.39539789 4.57745462 0.99000664
0.42492204 1.17788626 6.21968655 3.39543515 4.57799885 0.99041666
0.42413060 1.17768483 6.21794632 3.39547164 4.57853256 0.99081096
0.42335438 1.17748736 6.21623987 3.39550739 4.57905596 0.99119012
0.42259310 1.17729379 6.21456658 3.39554241 4.57956922 0.99155470
0.42184649 1.17710403 6.21292586 3.39557671 4.58007254 0.99190525
0.42111429 1.17691802 6.21131709 3.39561031 4.58056609 0.99224229
0.42039624 1.17673569 6.20973969 3.39564322 4.58105006 0.99256634
0.41969207 1.17655696 6.20819309 3.39567546 4.58152461 0.99287787
0.41900154 1.17638177 6.20667670 3.39570704 4.58198993 0.99317737
0.41832438 1.17621005 6.20518996 3.39573797 4.58244619 0.99346528
0.41766036 1.17604174 6.20373233 3.39576826 4.58289355 0.99374205
0.41700923 1.17587678 6.20230326 3.39579793 4.58333218 0.99400809
0.41637075 1.17571508 6.20090220 3.39582699 4.58376224 0.99426382
0.41574469 1.17555661 6.19952864 3.39585545 4.58418390 0.99450962
0.41513081 1.17540128 6.19818205 3.39588333 4.58459730 0.99474587
0.41452889 1.17524905 6.19686192 3.39591063 4.58500262 0.99497295
0.41393870 1.17509985 6.19556776 3.39593737 4.58539999 0.99519119
0.41336002 1.17495363 6.19429906 3.39596356 4.58578957 0.99540093
0.41279264 1.17481032 6.19305535 3.39598920 4.58617151 0.99560251
0.41223633 1.17466987 6.19183614 3.39601432 4.58654595 0.99579624
0.41169090 1.17453223 6.19064098 3.39603892 4.58691303 0.99598241
0.41115614 1.17439733 6.18946939 3.39606301 4.58727291 0.99616132
0.41063184 1.17426514 6.18832092 3.39608660 4.58762570 0.99633324
0.41011781 1.17413559 6.18719514 3.39610970 4.58797155 0.99649845
0.40961384 1.17400862 6.18609160 3.39613233 4.58831059 0.99665720
0.40911975 1.17388421 6.18500987 3.39615449 4.58864296 0.99680975
0.40863535 1.17376228 6.18394954 3.39617618 4.58896877 0.99695633
0.40816046 1.17364279 6.18291019 3.39619743 4.58928817 0.99709718
0.40769488 1.17352570 6.18189142 3.39621824 4.58960126 0.99723251
0.40723845 1.17341096 6.18089282 3.39623862 4.58990817 0.99736254
0.40679098 1.17329852 6.17991400 3.39625857 4.59020903 0.99748748
0.40635230 1.17318834 6.17895459 3.39627811 4.59050394 0.99760752
0.40592225 1.17308037 6.17801419 3.39629725 4.59079303 0.99772285
0.40550066 1.17297456 6.17709245 3.39631598 4.59107640 0.99783367
0.40508737 1.17287088 6.17618900 3.39633433 4.59135418 0.99794013
0.40468220 1.17276929 6.17530347 3.39635230 4.59162646 0.99804241
0.40428502 1.17266973 6.17443553 3.39636989 4.59189335 0.99814068
0.40389565 1.17257218 6.17358483 3.39638712 4.59215496 0.99823509
0.40351396 1.17247659 6.17275102 3.39640399 4.59241139 0.99832579
0.40313979 1.17238292 6.17193378 3.39642051 4.59266274 0.99841293
0.40277300 1.17229114 6.17113279 3.39643669 4.59290912 0.99849664
0.40241343 1.17220120 6.17034772 3.39645253 4.59315061 0.99857707
0.40206096 1.17211307 6.16957826 3.39646804 4.59338732 0.99865432
0.40171544 1.17202672 6.16882410 3.39648323 4.59361934 0.99872855
0.40137674 1.17194211 6.16808496 3.39649810 4.59384675 0.99879985
0.40104473 1.17185919 6.16736052 3.39651267 4.59406966 0.99886834
0.40071927 1.17177796 6.16665049 3.39652692 4.59428815 0.99893414
0.40040024 1.17169835 6.16595461 3.39654089 4.59450230 0.99899735
0.40008751 1.17162035 6.16527258 3.39655456 4.59471220 0.99905807
0.39978095 1.17154393 6.16460413 3.39656795 4.59491793 0.99911640
0.39948046 1.17146904 6.16394900 3.39658106 4.59511958 0.99917243
0.39918590 1.17139566 6.16330692 3.39659389 4.59531723 0.99922625
0.39889716 1.17132376 6.16267763 3.39660646 4.59551095 0.99927795
0.39861413 1.17125332 6.16206089 3.39661877 4.59570083 0.99932762
0.39833670 1.17118429 6.16145643 3.39663082 4.59588693 0.99937533
0.39806476 1.17111666 6.16086403 3.39664262 4.59606933 0.99942115
0.39779819 1.17105039 6.16028344 3.39665417 4.59624812 0.99946517
0.39753690 1.17098545 6.15971443 3.39666548 4.59642334 0.99950746
0.39728077 1.17092183 6.15915676 3.39667656 4.59659509 0.99954808
0.39702972 1.17085949 6.15861022 3.39668740 4.59676342 0.99958709
0.39678363 1.17079841 6.15807457 3.39669802 4.59692841 0.99962457
0.39654241 1.17073857 6.15754962 3.39670842 4.59709011 0.99966057
0.39630597 1.17067993 6.15703514 3.39671860 4.59724860 0.99969514
0.39607421 1.17062247 6.15653092 3.39672857 4.59740393 0.99972836
0.39584704 1.17056618 6.15603677 3.39673833 4.59755618 0.99976026
0.39562436 1.17051102 6.15555248 3.39674789 4.59770540 0.99979090
0.39540610 1.17045697 6.15507786 3.39675725 4.59785165 0.99982034
0.39519216 1.17040402 6.15461271 3.39676641 4.59799499 0.99984861
0.39498245 1.17035214 6.15415685 3.39677538 4.59813548 0.99987577
0.39477690 1.17030130 6.15371008 3.39678417 4.59827317 0.99990185
0.39457543 1.17025149 6.15327224 3.39679277 4.59840812 0.99992690
0.39437794 1.17020269 6.15284315 3.39680119 4.59854039 0.99995097
0.39418437 1.17015487 6.15242262 3.39680944 4.59867002 0.99997408
0.39399463 1.17010802 6.15201049 3.39681751 4.59879707 0.99999628
0.39380866 1.17006212 6.15160659 3.39682542 4.59892160 1.00001761
0.39362637 1.17001714 6.15121076 3.39683316 4.59904364 1.00003809
0.39344769 1.16997308 6.15082283 3.39684074 4.59916326 1.00005777
0.39327255 1.16992990 6.15044266 3.39684816 4.59928049 1.00007666
0.39310089 1.16988760 6.15007008 3.39685542 4.59939539 1.00009481
0.39293263 1.16984615 6.14970494 3.39686254 4.59950800 1.00011224
0.39276770 1.16980553 6.14934710 3.39686950 4.59961837 1.00012899
0.39260605 1.16976574 6.14899641 3.39687632 4.59972654 1.00014507
0.39244760 1.16972676 6.14865273 3.39688300 4.59983255 1.00016052
0.39229229 1.16968856 6.14831592 3.39688954 4.59993646 1.00017536
0.39214006 1.16965113 6.14798583 3.39689594 4.60003829 1.00018961
0.39199086 1.16961446 6.14766234 3.39690221 4.60013810 1.00020329
0.39184461 1.16957854 6.14734532 3.39690835 4.60023591 1.00021644
0.39170126 1.16954333 6.14703464 3.39691436 4.60033178 1.00022907
0.39156075 1.16950884 6.14673016 3.39692024 4.60042574 1.00024119
0.39142303 1.16947505 6.14643177 3.39692600 4.60051783 1.00025284
0.39128805 1.16944194 6.14613934 3.39693164 4.60060808 1.00026403
0.39115574 1.16940950 6.14585276 3.39693716 4.60069653 1.00027478
0.39102605 1.16937772 6.14557191 3.39694257 4.60078322 1.00028510
0.39089894 1.16934658 6.14529667 3.39694787 4.60086819 1.00029501
0.39077435 1.16931606 6.14502694 3.39695305 4.60095146 1.00030453
0.39065223 1.16928617 6.14476259 3.39695813 4.60103307 1.00031368
0.39053254 1.16925688 6.14450354 3.39696309 4.60111306 1.00032246
0.39041521 1.16922818 6.14424966 3.39696796 4.60119145 1.00033090
0.39030022 1.16920006 6.14400085 3.39697272 4.60126828 1.00033900
0.39018751 1.16917252 6.14375703 3.39697739 4.60134357 1.00034678
0.39007704 1.16914552 6.14351807 3.39698196 4.60141737 1.00035425
0.38996875 1.16911908 6.14328390 3.39698643 4.60148970 1.00036143
0.38986262 1.16909317 6.14305441 3.39699081 4.60156058 1.00036833
0.38975859 1.16906778 6.14282950 3.39699509 4.60163005 1.00037495
0.38965663 1.16904291 6.14260909 3.39699929 4.60169814 1.00038131
0.38955669 1.16901854 6.14239310 3.39700340 4.60176487 1.00038742
0.38945873 1.16899466 6.14218142 3.39700742 4.60183027 1.00039329
0.38936272 1.16897127 6.14197397 3.39701136 4.60189437 1.00039892
0.38926861 1.16894834 6.14177067 3.39701522 4.60195718 1.00040434
0.38917638 1.16892589 6.14157144 3.39701899 4.60201875 1.00040954
0.38908597 1.16890388 6.14137619 3.39702269 4.60207909 1.00041453
0.38899735 1.16888232 6.14118484 3.39702631 4.60213823 1.00041932
0.38891050 1.16886120 6.14099733 3.39702986 4.60219618 1.00042393
0.38882537 1.16884051 6.14081356 3.39703333 4.60225298 1.00042835
0.38874193 1.16882023 6.14063347 3.39703672 4.60230865 1.00043260
0.38866014 1.16880036 6.14045698 3.39704005 4.60236321 1.00043668
0.38857998 1.16878090 6.14028402 3.39704331 4.60241669 1.00044060
0.38850141 1.16876183 6.14011452 3.39704650 4.60246909 1.00044437
0.38842440 1.16874315 6.13994841 3.39704962 4.60252045 1.00044798
0.38834892 1.16872484 6.13978562 3.39705268 4.60257079 1.00045146
0.38827493 1.16870690 6.13962608 3.39705567 4.60262012 1.00045479
0.38820242 1.16868933 6.13946974 3.39705860 4.60266847 1.00045799
0.38813134 1.16867211 6.13931653 3.39706147 4.60271586 1.00046107
0.38806168 1.16865524 6.13916638 3.39706428 4.60276230 1.00046403
0.38799340 1.16863871 6.13901923 3.39706703 4.60280782 1.00046686
0.38792647 1.16862252 6.13887503 3.39706972 4.60285242 1.00046959
0.38786087 1.16860665 6.13873371 3.39707236 4.60289614 1.00047221
0.38779658 1.16859111 6.13859521 3.39707494 4.60293899 1.00047472
0.38773356 1.16857587 6.13845949 3.39707747 4.60298098 1.00047714
0.38767179 1.16856095 6.13832648 3.39707995 4.60302214 1.00047946
0.38761125 1.16854633 6.13819614 3.39708237 4.60306247 1.00048168
0.38755191 1.16853201 6.13806840 3.39708474 4.60310200 1.00048382
0.38749375 1.16851797 6.13794321 3.39708706 4.60314074 1.00048588
0.38743674 1.16850422 6.13782053 3.39708934 4.60317871 1.00048785
0.38738087 1.16849075 6.13770030 3.39709156 4.60321592 1.00048975
0.38732610 1.16847755 6.13758248 3.39709374 4.60325239 1.00049157
0.38727243 1.16846461 6.13746702 3.39709588 4.60328814 1.00049332
0.38721981 1.16845194 6.13735386 3.39709797 4.60332317 1.00049500
0.38716825 1.16843952 6.13724297 3.39710001 4.60335750 1.00049661
0.38711770 1.16842736 6.13713429 3.39710202 4.60339115 1.00049816
0.38706816 1.16841544 6.13702780 3.39710398 4.60342412 1.00049965
0.38701961 1.16840377 6.13692343 3.39710590 4.60345644 1.00050108
0.38697201 1.16839232 6.13682114 3.39710778 4.60348812 1.00050245
0.38692537 1.16838112 6.13672091 3.39710962 4.60351916 1.00050377
0.38687964 1.16837013 6.13662268 3.39711142 4.60354958 1.00050503
0.38683483 1.16835937 6.13652641 3.39711319 4.60357940 1.00050625
0.38679091 1.16834883 6.13643207 3.39711491 4.60360862 1.00050742
0.38674786 1.16833850 6.13633962 3.39711660 4.60363726 1.00050854
0.38670566 1.16832838 6.13624902 3.39711826 4.60366533 1.00050962
0.38666430 1.16831847 6.13616023 3.39711988 4.60369284 1.00051065
0.38662376 1.16830875 6.13607321 3.39712147 4.60371980 1.00051164
0.38658403 1.16829923 6.13598794 3.39712302 4.60374622 1.00051260
0.38654509 1.16828991 6.13590437 3.39712454 4.60377212 1.00051352
0.38650691 1.16828077 6.13582247 3.39712603 4.60379750 1.00051440
0.38646950 1.16827182 6.13574222 3.39712749 4.60382237 1.00051524
0.38643283 1.16826305 6.13566356 3.39712892 4.60384675 1.00051605
0.38639689 1.16825445 6.13558649 3.39713032 4.60387064 1.00051683
0.38636166 1.16824603 6.13551095 3.39713169 4.60389405 1.00051758
0.38632713 1.16823778 6.13543692 3.39713303 4.60391700 1.00051830
0.38629329 1.16822970 6.13536438 3.39713434 4.60393949 1.00051899
0.38626012 1.16822178 6.13529328 3.39713562 4.60396153 1.00051966
0.38622761 1.16821402 6.13522361 3.39713688 4.60398313 1.00052030
0.38619574 1.16820642 6.13515534 3.39713811 4.60400430 1.00052091
0.38616451 1.16819898 6.13508842 3.39713932 4.60402505 1.00052150
0.38613389 1.16819168 6.13502285 3.39714050 4.60404539 1.00052206
0.38610389 1.16818453 6.13495859 3.39714165 4.60406532 1.00052260
0.38607448 1.16817752 6.13489561 3.39714279 4.60408485 1.00052312
0.38604565 1.16817066 6.13483390 3.39714389 4.60410399 1.00052362
0.38601740 1.16816394 6.13477342 3.39714498 4.60412275 1.00052411
0.38598971 1.16815735 6.13471414 3.39714604 4.60414114 1.00052457
0.38596256 1.16815089 6.13465606 3.39714708 4.60415916 1.00052501
0.38593596 1.16814457 6.13459914 3.39714810 4.60417682 1.00052544
0.38590989 1.16813837 6.13454335 3.39714909 4.60419413 1.00052585
0.38588433 1.16813230 6.13448868 3.39715007 4.60421109 1.00052624
0.38585928 1.16812636 6.13443511 3.39715102 4.60422772 1.00052662
0.38583473 1.16812053 6.13438260 3.39715196 4.60424401 1.00052698
0.38581066 1.16811482 6.13433115 3.39715287 4.60425998 1.00052733
0.38578707 1.16810922 6.13428073 3.39715377 4.60427563 1.00052766
0.38576396 1.16810374 6.13423131 3.39715465 4.60429097 1.00052798
0.38574130 1.16809837 6.13418289 3.39715551 4.60430600 1.00052829
0.38571909 1.16809311 6.13413543 3.39715635 4.60432073 1.00052859
0.38569732 1.16808796 6.13408892 3.39715717 4.60433517 1.00052887
0.38567598 1.16808291 6.13404334 3.39715798 4.60434932 1.00052914
0.38565507 1.16807796 6.13399868 3.39715877 4.60436319 1.00052941
0.38563457 1.16807311 6.13395490 3.39715954 4.60437678 1.00052966
0.38561448 1.16806836 6.13391201 3.39716030 4.60439011 1.00052990
0.38559479 1.16806371 6.13386997 3.39716104 4.60440316 1.00053013
0.38557549 1.16805915 6.13382877 3.39716176 4.60441596 1.00053035
0.38555657 1.16805468 6.13378840 3.39716247 4.60442850 1.00053057
0.38553803 1.16805030 6.13374883 3.39716317 4.60444078 1.00053077
0.38551986 1.16804601 6.13371006 3.39716385 4.60445283 1.00053097
0.38550205 1.16804181 6.13367206 3.39716451 4.60446463 1.00053116
0.38548459 1.16803769 6.13363482 3.39716516 4.60447620 1.00053135
0.38546748 1.16803366 6.13359833 3.39716580 4.60448754 1.00053152
0.38545070 1.16802971 6.13356257 3.39716643 4.60449865 1.00053169
0.38543426 1.16802584 6.13352752 3.39716704 4.60450954 1.00053185
0.38541815 1.16802204 6.13349317 3.39716764 4.60452022 1.00053201
0.38540236 1.16801833 6.13345951 3.39716823 4.60453068 1.00053215
0.38538688 1.16801469 6.13342653 3.39716880 4.60454093 1.00053230
0.38537171 1.16801112 6.13339420 3.39716936 4.60455098 1.00053244
0.38535684 1.16800762 6.13336252 3.39716991 4.60456082 1.00053257
0.38534226 1.16800420 6.13333148 3.39717045 4.60457047 1.00053269
0.38532798 1.16800084 6.13330105 3.39717098 4.60457993 1.00053282
0.38531398 1.16799755 6.13327124 3.39717150 4.60458920 1.00053293
0.38530025 1.16799433 6.13324202 3.39717200 4.60459829 1.00053305
0.38528680 1.16799118 6.13321338 3.39717250 4.60460719 1.00053315
0.38527362 1.16798809 6.13318532 3.39717298 4.60461591 1.00053326
0.38526069 1.16798506 6.13315782 3.39717346 4.60462447 1.00053336
0.38524803 1.16798209 6.13313087 3.39717392 4.60463285 1.00053345
0.38523561 1.16797918 6.13310446 3.39717438 4.60464106 1.00053354
0.38522345 1.16797633 6.13307858 3.39717482 4.60464911 1.00053363
0.38521152 1.16797354 6.13305321 3.39717526 4.60465700 1.00053372
0.38519983 1.16797080 6.13302835 3.39717568 4.60466473 1.00053380
0.38518837 1.16796812 6.13300399 3.39717610 4.60467231 1.00053388
0.38517714 1.16796550 6.13298012 3.39717651 4.60467974 1.00053395
0.38516614 1.16796293 6.13295672 3.39717691 4.60468702 1.00053402
0.38515535 1.16796041 6.13293380 3.39717730 4.60469415 1.00053409
0.38514478 1.16795794 6.13291133 3.39717769 4.60470114 1.00053416
0.38513441 1.16795552 6.13288931 3.39717806 4.60470800 1.00053422
0.38512426 1.16795315 6.13286773 3.39717843 4.60471471 1.00053428
0.38511430 1.16795083 6.13284658 3.39717879 4.60472129 1.00053434
0.38510454 1.16794855 6.13282586 3.39717914 4.60472774 1.00053440
0.38509498 1.16794632 6.13280555 3.39717949 4.60473407 1.00053445
0.38508560 1.16794414 6.13278565 3.39717983 4.60474026 1.00053451
0.38507641 1.16794200 6.13276614 3.39718016 4.60474633 1.00053456
0.38506741 1.16793990 6.13274703 3.39718048 4.60475228 1.00053461
0.38505858 1.16793785 6.13272830 3.39718080 4.60475812 1.00053465
0.38504993 1.16793583 6.13270994 3.39718111 4.60476383 1.00053470
0.38504145 1.16793386 6.13269195 3.39718141 4.60476943 1.00053474
0.38503314 1.16793193 6.13267432 3.39718171 4.60477492 1.00053478
0.38502499 1.16793004 6.13265704 3.39718200 4.60478031 1.00053482
0.38501700 1.16792818 6.13264011 3.39718229 4.60478558 1.00053486
0.38500918 1.16792637 6.13262352 3.39718256 4.60479075 1.00053489
0.38500151 1.16792458 6.13260726 3.39718284 4.60479581 1.00053493
0.38499399 1.16792284 6.13259132 3.39718311 4.60480078 1.00053496
0.38498662 1.16792113 6.13257570 3.39718337 4.60480564 1.00053499
0.38497940 1.16791946 6.13256040 3.39718362 4.60481041 1.00053502
0.38497232 1.16791782 6.13254540 3.39718387 4.60481508 1.00053505
0.38496538 1.16791621 6.13253070 3.39718412 4.60481966 1.00053508
0.38495858 1.16791464 6.13251630 3.39718436 4.60482415 1.00053511
0.38495191 1.16791309 6.13250218 3.39718460 4.60482855 1.00053514
0.38494538 1.16791158 6.13248835 3.39718483 4.60483286 1.00053516
0.38493897 1.16791010 6.13247479 3.39718505 4.60483709 1.00053519
0.38493270 1.16790865 6.13246151 3.39718527 4.60484123 1.00053521
0.38492654 1.16790723 6.13244849 3.39718549 4.60484529 1.00053523
0.38492051 1.16790583 6.13243573 3.39718570 4.60484926 1.00053525
0.38491460 1.16790447 6.13242322 3.39718591 4.60485316 1.00053527
0.38490881 1.16790313 6.13241097 3.39718611 4.60485698 1.00053529
0.38490313 1.16790182 6.13239896 3.39718631 4.60486073 1.00053531
0.38489757 1.16790054 6.13238719 3.39718651 4.60486440 1.00053533
0.38489211 1.16789928 6.13237566 3.39718670 4.60486799 1.00053535
0.38488677 1.16789805 6.13236436 3.39718688 4.60487152 1.00053536
0.38488153 1.16789684 6.13235328 3.39718706 4.60487497 1.00053538
0.38487639 1.16789566 6.13234242 3.39718724 4.60487836 1.00053540
0.38487136 1.16789450 6.13233179 3.39718742 4.60488167 1.00053541
0.38486642 1.16789337 6.13232136 3.39718759 4.60488493 1.00053543
0.38486159 1.16789225 6.13231115 3.39718776 4.60488811 1.00053544
0.38485685 1.16789116 6.13230113 3.39718792 4.60489124 1.00053545
0.38485220 1.16789010 6.13229132 3.39718808 4.60489430 1.00053547
0.38484765 1.16788905 6.13228171 3.39718824 4.60489730 1.00053548
0.38484319 1.16788802 6.13227228 3.39718839 4.60490024 1.00053549
0.38483881 1.16788702 6.13226305 3.39718854 4.60490312 1.00053550
0.38483452 1.16788604 6.13225400 3.39718869 4.60490594 1.00053551
0.38483032 1.16788507 6.13224513 3.39718884 4.60490871 1.00053552
