3.75980268 8.27029704 1.31101796 1.96510427 8.31256744 0.10635275
3.76024901 8.27162942 1.30977117 1.96656067 8.31468709 0.10737080
3.76069865 8.27297168 1.30851512 1.96802789 8.31682247 0.10840404
3.76115164 8.27432394 1.30724970 1.96950605 8.31897378 0.10945277
3.76160801 8.27568633 1.30597481 1.97099528 8.32114119 0.11051728
3.76206780 8.27705896 1.30469034 1.97249571 8.32332490 0.11159786
3.76253105 8.27844194 1.30339617 1.97400746 8.32552509 0.11269483
3.76299781 8.27983539 1.30209219 1.97553068 8.32774195 0.11380851
3.76346811 8.28123945 1.30077829 1.97706548 8.32997567 0.11493921
3.76394199 8.28265422 1.29945435 1.97861201 8.33222646 0.11608726
3.76441950 8.28407984 1.29812027 1.98017039 8.33449450 0.11725301
3.76490068 8.28551643 1.29677591 1.98174078 8.33678000 0.11843679
3.76538557 8.28696412 1.29542116 1.98332331 8.33908317 0.11963896
3.76587421 8.28842304 1.29405589 1.98491812 8.34140421 0.12085987
3.76636665 8.28989332 1.29267999 1.98652536 8.34374333 0.12209990
3.76686293 8.29137509 1.29129333 1.98814517 8.34610074 0.12335941
3.76736310 8.29286849 1.28989579 1.98977769 8.34847665 0.12463879
3.76786720 8.29437366 1.28848723 1.99142308 8.35087129 0.12593844
3.76837529 8.29589072 1.28706753 1.99308149 8.35328486 0.12725874
3.76888739 8.29741983 1.28563656 1.99475307 8.35571760 0.12860011
3.76940357 8.29896112 1.28419418 1.99643798 8.35816973 0.12996297
3.76992387 8.30051473 1.28274026 1.99813636 8.36064148 0.13134774
3.77044834 8.30208082 1.28127466 1.99984839 8.36313307 0.13275486
3.77097702 8.30365952 1.27979725 2.00157422 8.36564474 0.13418477
3.77150998 8.30525099 1.27830789 2.00331402 8.36817673 0.13563792
3.77204725 8.30685538 1.27680644 2.00506794 8.37072928 0.13711479
3.77258888 8.30847283 1.27529276 2.00683615 8.37330261 0.13861584
3.77313494 8.31010350 1.27376669 2.00861882 8.37589699 0.14014155
3.77368547 8.31174755 1.27222811 2.01041613 8.37851266 0.14169243
3.77424052 8.31340513 1.27067685 2.01222824 8.38114987 0.14326898
3.77480014 8.31507640 1.26911278 2.01405532 8.38380886 0.14487171
3.77536440 8.31676153 1.26753574 2.01589756 8.38648990 0.14650114
3.77593334 8.31846066 1.26594557 2.01775512 8.38919324 0.14815782
3.77650701 8.32017398 1.26434214 2.01962820 8.39191915 0.14984229
3.77708548 8.32190163 1.26272527 2.02151696 8.39466788 0.15155512
3.77766880 8.32364380 1.26109482 2.02342159 8.39743971 0.15329686
3.77825703 8.32540064 1.25945063 2.02534228 8.40023489 0.15506811
3.77885021 8.32717234 1.25779254 2.02727922 8.40305370 0.15686946
3.77944842 8.32895905 1.25612039 2.02923258 8.40589642 0.15870151
3.78005170 8.33076095 1.25443401 2.03120256 8.40876332 0.16056488
3.78066011 8.33257822 1.25273324 2.03318936 8.41165468 0.16246021
3.78127372 8.33441104 1.25101792 2.03519315 8.41457078 0.16438813
3.78189259 8.33625958 1.24928788 2.03721415 8.41751189 0.16634930
3.78251676 8.33812401 1.24754296 2.03925254 8.42047832 0.16834438
3.78314631 8.34000453 1.24578297 2.04130852 8.42347033 0.17037406
3.78378129 8.34190131 1.24400776 2.04338230 8.42648823 0.17243903
3.78442177 8.34381454 1.24221716 2.04547406 8.42953230 0.17454000
3.78506780 8.34574439 1.24041099 2.04758401 8.43260284 0.17667767
3.78571945 8.34769105 1.23858907 2.04971236 8.43570014 0.17885279
3.78637677 8.34965472 1.23675124 2.05185931 8.43882449 0.18106610
3.78703984 8.35163557 1.23489731 2.05402505 8.44197620 0.18331835
3.78770871 8.35363379 1.23302712 2.05620981 8.44515556 0.18561031
3.78838345 8.35564958 1.23114049 2.05841378 8.44836286 0.18794277
3.78906412 8.35768312 1.22923724 2.06063716 8.45159843 0.19031652
3.78975077 8.35973459 1.22731719 2.06288018 8.45486254 0.19273237
3.79044349 8.36180420 1.22538016 2.06514303 8.45815551 0.19519114
3.79114232 8.36389212 1.22342598 2.06742593 8.46147764 0.19769366
3.79184733 8.36599856 1.22145448 2.06972907 8.46482923 0.20024078
3.79255859 8.36812369 1.21946546 2.07205268 8.46821058 0.20283335
3.79327616 8.37026772 1.21745875 2.07439695 8.47162200 0.20547224
3.79400010 8.37243082 1.21543418 2.07676210 8.47506379 0.20815833
3.79473047 8.37461319 1.21339157 2.07914833 8.47853624 0.21089252
3.79546734 8.37681502 1.21133075 2.08155585 8.48203967 0.21367570
3.79621077 8.37903649 1.20925152 2.08398487 8.48557436 0.21650878
3.79696081 8.38127779 1.20715373 2.08643558 8.48914061 0.21939269
3.79771754 8.38353910 1.20503720 2.08890819 8.49273872 0.22232836
3.79848102 8.38582062 1.20290176 2.09140291 8.49636899 0.22531673
3.79925130 8.38812251 1.20074723 2.09391992 8.50003169 0.22835873
3.80002844 8.39044497 1.19857345 2.09645944 8.50372712 0.23145534
3.80081250 8.39278816 1.19638026 2.09902164 8.50745556 0.23460751
3.80160354 8.39515226 1.19416748 2.10160674 8.51121728 0.23781619
3.80240162 8.39753745 1.19193496 2.10421490 8.51501257 0.24108238
3.80320679 8.39994388 1.18968254 2.10684632 8.51884168 0.24440703
3.80401911 8.40237174 1.18741007 2.10950117 8.52270489 0.24779112
3.80483863 8.40482117 1.18511739 2.11217965 8.52660244 0.25123563
3.80566541 8.40729234 1.18280435 2.11488191 8.53053459 0.25474154
3.80649948 8.40978540 1.18047082 2.11760812 8.53450159 0.25830982
3.80734091 8.41230049 1.17811666 2.12035845 8.53850367 0.26194145
3.80818974 8.41483776 1.17574172 2.12313306 8.54254105 0.26563738
3.80904601 8.41739735 1.17334589 2.12593208 8.54661394 0.26939859
3.80990977 8.41997938 1.17092905 2.12875568 8.55072257 0.27322602
3.81078106 8.42258397 1.16849107 2.13160397 8.55486713 0.27712061
3.81165991 8.42521125 1.16603185 2.13447709 8.55904779 0.28108329
3.81254636 8.42786132 1.16355128 2.13737516 8.56326474 0.28511498
3.81344045 8.43053428 1.16104928 2.14029828 8.56751813 0.28921658
3.81434220 8.43323023 1.15852575 2.14324657 8.57180811 0.29338895
3.81525164 8.43594924 1.15598063 2.14622010 8.57613482 0.29763296
3.81616880 8.43869139 1.15341383 2.14921897 8.58049836 0.30194944
3.81709369 8.44145674 1.15082531 2.15224323 8.58489883 0.30633919
3.81802633 8.44424535 1.14821501 2.15529295 8.58933633 0.31080298
3.81896674 8.44705724 1.14558289 2.15836816 8.59381091 0.31534154
3.81991492 8.44989245 1.14292894 2.16146891 8.59832261 0.31995558
3.82087087 8.45275100 1.14025314 2.16459520 8.60287146 0.32464576
3.82183459 8.45563288 1.13755548 2.16774704 8.60745746 0.32941270
3.82280609 8.45853808 1.13483599 2.17092442 8.61208060 0.33425695
3.82378534 8.46146657 1.13209467 2.17412729 8.61674082 0.33917904
3.82477234 8.46441831 1.12933159 2.17735563 8.62143805 0.34417942
3.82576706 8.46739323 1.12654678 2.18060936 8.62617221 0.34925850
3.82676948 8.47039127 1.12374033 2.18388839 8.63094316 0.35441661
3.82777956 8.47341232 1.12091233 2.18719263 8.63575077 0.35965401
3.82879726 8.47645628 1.11806287 2.19052196 8.64059484 0.36497090
3.82982254 8.47952300 1.11519208 2.19387622 8.64547518 0.37036741
3.83085535 8.48261235 1.11230011 2.19725526 8.65039153 0.37584355
3.83189563 8.48572413 1.10938712 2.20065888 8.65534362 0.38139929
3.83294330 8.48885817 1.10645328 2.20408688 8.66033114 0.38703448
3.83399831 8.49201424 1.10349881 2.20753901 8.66535376 0.39274888
3.83506056 8.49519211 1.10052391 2.21101502 8.67041109 0.39854216
3.83612998 8.49839150 1.09752885 2.21451463 8.67550271 0.40441388
3.83720645 8.50161215 1.09451388 2.21803751 8.68062817 0.41036348
3.83828988 8.50485373 1.09147930 2.22158334 8.68578698 0.41639031
3.83938016 8.50811591 1.08842542 2.22515174 8.69097859 0.42249357
3.84047715 8.51139832 1.08535259 2.22874231 8.69620245 0.42867238
3.84158074 8.51470059 1.08226115 2.23235465 8.70145792 0.43492570
3.84269078 8.51802229 1.07915151 2.23598829 8.70674435 0.44125238
3.84380711 8.52136297 1.07602408 2.23964274 8.71206103 0.44765112
3.84492959 8.52472218 1.07287929 2.24331751 8.71740722 0.45412049
3.84605805 8.52809941 1.06971762 2.24701203 8.72278212 0.46065894
3.84719230 8.53149414 1.06653955 2.25072574 8.72818490 0.46726475
3.84833216 8.53490580 1.06334561 2.25445804 8.73361467 0.47393608
3.84947744 8.53833382 1.06013633 2.25820827 8.73907051 0.48067092
3.85062793 8.54177758 1.05691231 2.26197578 8.74455143 0.48746714
3.85178340 8.54523644 1.05367413 2.26575986 8.75005642 0.49432244
3.85294365 8.54870974 1.05042243 2.26955979 8.75558442 0.50123439
3.85410843 8.55219676 1.04715785 2.27337478 8.76113430 0.50820039
3.85527749 8.55569678 1.04388109 2.27720406 8.76670492 0.51521772
3.85645059 8.55920905 1.04059284 2.28104679 8.77229506 0.52228349
3.85762746 8.56273277 1.03729385 2.28490212 8.77790348 0.52939469
3.85880783 8.56626715 1.03398486 2.28876916 8.78352890 0.53654815
3.85999141 8.56981134 1.03066668 2.29264700 8.78916997 0.54374058
3.86117792 8.57336448 1.02734009 2.29653469 8.79482532 0.55096853
3.86236706 8.57692568 1.02400595 2.30043126 8.80049354 0.55822846
3.86355853 8.58049402 1.02066509 2.30433571 8.80617318 0.56551668
3.86475200 8.58406857 1.01731840 2.30824701 8.81186275 0.57282939
3.86594717 8.58764837 1.01396678 2.31216413 8.81756071 0.58016269
3.86714369 8.59123244 1.01061115 2.31608598 8.82326551 0.58751257
3.86834123 8.59481978 1.00725243 2.32001148 8.82897557 0.59487492
3.86953946 8.59840937 1.00389158 2.32393952 8.83468925 0.60224556
3.87073803 8.60200018 1.00052957 2.32786895 8.84040492 0.60962022
3.87193658 8.60559115 0.99716739 2.33179864 8.84612090 0.61699460
3.87313476 8.60918123 0.99380602 2.33572742 8.85183550 0.62436429
3.87433222 8.61276934 0.99044648 2.33965411 8.85754702 0.63172489
3.87552858 8.61635439 0.98708979 2.34357754 8.86325372 0.63907194
3.87672348 8.61993529 0.98373696 2.34749649 8.86895385 0.64640097
3.87791655 8.62351094 0.98038902 2.35140977 8.87464568 0.65370749
3.87910742 8.62708023 0.97704702 2.35531617 8.88032745 0.66098704
3.88029573 8.63064205 0.97371198 2.35921448 8.88599738 0.66823514
3.88148111 8.63419531 0.97038494 2.36310349 8.89165373 0.67544739
3.88266317 8.63773889 0.96706694 2.36698199 8.89729472 0.68261938
3.88384157 8.64127170 0.96375902 2.37084877 8.90291861 0.68974678
3.88501592 8.64479263 0.96046218 2.37470264 8.90852366 0.69682535
3.88618587 8.64830060 0.95717747 2.37854240 8.91410812 0.70385088
3.88735105 8.65179452 0.95390587 2.38236687 8.91967029 0.71081928
3.88851112 8.65527335 0.95064840 2.38617490 8.92520847 0.71772657
3.88966571 8.65873601 0.94740604 2.38996531 8.93072097 0.72456885
3.89081449 8.66218148 0.94417976 2.39373699 8.93620616 0.73134238
3.89195711 8.66560873 0.94097051 2.39748882 8.94166241 0.73804354
3.89309324 8.66901677 0.93777923 2.40121969 8.94708813 0.74466883
3.89422255 8.67240462 0.93460683 2.40492855 8.95248176 0.75121492
3.89534473 8.67577133 0.93145421 2.40861435 8.95784179 0.75767865
3.89645947 8.67911595 0.92832225 2.41227606 8.96316672 0.76405700
3.89756646 8.68243760 0.92521178 2.41591270 8.96845512 0.77034714
3.89866542 8.68573538 0.92212363 2.41952330 8.97370560 0.77654639
3.89975605 8.68900846 0.91905859 2.42310694 8.97891679 0.78265228
3.90083809 8.69225602 0.91601743 2.42666272 8.98408741 0.78866250
3.90191128 8.69547726 0.91300089 2.43018978 8.98921619 0.79457494
3.90297536 8.69867143 0.91000968 2.43368728 8.99430192 0.80038767
3.90403009 8.70183780 0.90704448 2.43715444 8.99934347 0.80609897
3.90507526 8.70497570 0.90410592 2.44059050 9.00433972 0.81170726
3.90611062 8.70808446 0.90119463 2.44399475 9.00928964 0.81721121
3.90713599 8.71116345 0.89831118 2.44736649 9.01419224 0.82260963
3.90815117 8.71421211 0.89545613 2.45070509 9.01904657 0.82790153
3.90915597 8.71722986 0.89262999 2.45400995 9.02385177 0.83308611
3.91015023 8.72021621 0.88983325 2.45728049 9.02860702 0.83816274
3.91113378 8.72317067 0.88706635 2.46051620 9.03331154 0.84313096
3.91210648 8.72609279 0.88432971 2.46371658 9.03796463 0.84799050
3.91306820 8.72898216 0.88162371 2.46688118 9.04256564 0.85274122
3.91401880 8.73183842 0.87894871 2.47000960 9.04711396 0.85738317
3.91495819 8.73466122 0.87630502 2.47310146 9.05160907 0.86191655
3.91588625 8.73745026 0.87369293 2.47615642 9.05605047 0.86634169
3.91680290 8.74020526 0.87111269 2.47917420 9.06043774 0.87065907
3.91770807 8.74292600 0.86856453 2.48215451 9.06477048 0.87486931
3.91860168 8.74561225 0.86604864 2.48509715 9.06904838 0.87897315
3.91948368 8.74826386 0.86356518 2.48800191 9.07327115 0.88297145
3.92035403 8.75088068 0.86111428 2.49086865 9.07743858 0.88686517
3.92121269 8.75346259 0.85869605 2.49369723 9.08155047 0.89065541
3.92205963 8.75600952 0.85631056 2.49648757 9.08560671 0.89434332
3.92289483 8.75852141 0.85395788 2.49923961 9.08960720 0.89793019
3.92371830 8.76099825 0.85163801 2.50195331 9.09355191 0.90141736
3.92453003 8.76344002 0.84935096 2.50462869 9.09744083 0.90480626
3.92533004 8.76584676 0.84709670 2.50726575 9.10127401 0.90809838
3.92611834 8.76821851 0.84487519 2.50986457 9.10505153 0.91129528
3.92689496 8.77055537 0.84268635 2.51242523 9.10877352 0.91439858
3.92765994 8.77285742 0.84053009 2.51494783 9.11244012 0.91740995
3.92841332 8.77512479 0.83840629 2.51743249 9.11605154 0.92033108
3.92915514 8.77735762 0.83631483 2.51987939 9.11960799 0.92316373
3.92988547 8.77955608 0.83425556 2.52228869 9.12310974 0.92590968
3.93060436 8.78172034 0.83222829 2.52466058 9.12655707 0.92857072
3.93131189 8.78385060 0.83023285 2.52699530 9.12995030 0.93114869
3.93200813 8.78594708 0.82826904 2.52929306 9.13328977 0.93364543
3.93269315 8.78801001 0.82633664 2.53155412 9.13657584 0.93606278
3.93336704 8.79003964 0.82443541 2.53377876 9.13980892 0.93840262
3.93402989 8.79203622 0.82256512 2.53596725 9.14298941 0.94066680
3.93468180 8.79400004 0.82072550 2.53811989 9.14611775 0.94285718
3.93532285 8.79593138 0.81891630 2.54023700 9.14919439 0.94497563
3.93595315 8.79783053 0.81713723 2.54231890 9.15221981 0.94702399
3.93657281 8.79969781 0.81538800 2.54436592 9.15519450 0.94900411
3.93718193 8.80153353 0.81366832 2.54637841 9.15811895 0.95091779
3.93778062 8.80333802 0.81197788 2.54835673 9.16099370 0.95276687
3.93836900 8.80511161 0.81031637 2.55030124 9.16381926 0.95455311
3.93894718 8.80685465 0.80868347 2.55221231 9.16659620 0.95627830
3.93951527 8.80856748 0.80707885 2.55409033 9.16932505 0.95794417
3.94007340 8.81025046 0.80550218 2.55593568 9.17200638 0.95955244
3.94062169 8.81190395 0.80395313 2.55774875 9.17464076 0.96110481
3.94116027 8.81352831 0.80243135 2.55952994 9.17722878 0.96260294
3.94168924 8.81512391 0.80093649 2.56127966 9.17977102 0.96404847
3.94220875 8.81669112 0.79946822 2.56299831 9.18226806 0.96544300
3.94271892 8.81823032 0.79802618 2.56468629 9.18472052 0.96678810
3.94321987 8.81974188 0.79661002 2.56634403 9.18712898 0.96808532
3.94371173 8.82122619 0.79521938 2.56797193 9.18949404 0.96933617
3.94419464 8.82268362 0.79385391 2.56957040 9.19181632 0.97054211
3.94466871 8.82411456 0.79251324 2.57113988 9.19409643 0.97170461
3.94513407 8.82551939 0.79119703 2.57268077 9.19633496 0.97282505
3.94559086 8.82689848 0.78990491 2.57419348 9.19853252 0.97390482
3.94603920 8.82825223 0.78863653 2.57567845 9.20068973 0.97494526
3.94647923 8.82958101 0.78739153 2.57713608 9.20280719 0.97594768
3.94691106 8.83088521 0.78616955 2.57856679 9.20488550 0.97691334
3.94733483 8.83216520 0.78497025 2.57997099 9.20692527 0.97784348
3.94775066 8.83342136 0.78379325 2.58134910 9.20892709 0.97873932
3.94815868 8.83465406 0.78263823 2.58270153 9.21089158 0.97960201
3.94855902 8.83586369 0.78150481 2.58402869 9.21281931 0.98043271
3.94895179 8.83705061 0.78039267 2.58533097 9.21471089 0.98123251
3.94933713 8.83821518 0.77930144 2.58660879 9.21656689 0.98200250
3.94971515 8.83935779 0.77823079 2.58786254 9.21838791 0.98274370
3.95008598 8.84047879 0.77718038 2.58909263 9.22017452 0.98345714
3.95044974 8.84157853 0.77614987 2.59029945 9.22192729 0.98414380
3.95080654 8.84265739 0.77513893 2.59148338 9.22364679 0.98480461
3.95115652 8.84371571 0.77414722 2.59264481 9.22533358 0.98544052
3.95149977 8.84475384 0.77317442 2.59378413 9.22698822 0.98605240
3.95183643 8.84577213 0.77222021 2.59490171 9.22861127 0.98664112
3.95216660 8.84677092 0.77128425 2.59599794 9.23020327 0.98720751
3.95249039 8.84775055 0.77036624 2.59707317 9.23176475 0.98775240
3.95280793 8.84871135 0.76946586 2.59812778 9.23329625 0.98827654
3.95311932 8.84965367 0.76858281 2.59916213 9.23479830 0.98878072
3.95342467 8.85057782 0.76771676 2.60017658 9.23627142 0.98926564
3.95372409 8.85148412 0.76686743 2.60117147 9.23771612 0.98973203
3.95401768 8.85237290 0.76603452 2.60214717 9.23913291 0.99018057
3.95430556 8.85324447 0.76521772 2.60310401 9.24052229 0.99061191
3.95458782 8.85409915 0.76441675 2.60404233 9.24188476 0.99102669
3.95486456 8.85493722 0.76363133 2.60496246 9.24322079 0.99142553
3.95513590 8.85575901 0.76286116 2.60586474 9.24453088 0.99180902
3.95540192 8.85656481 0.76210598 2.60674950 9.24581549 0.99217773
3.95566273 8.85735490 0.76136550 2.60761705 9.24707510 0.99253223
3.95591841 8.85812959 0.76063946 2.60846770 9.24831015 0.99287303
3.95616908 8.85888914 0.75992759 2.60930178 9.24952111 0.99320066
3.95641481 8.85963385 0.75922962 2.61011958 9.25070842 0.99351562
3.95665571 8.86036399 0.75854531 2.61092142 9.25187251 0.99381838
3.95689186 8.86107983 0.75787439 2.61170757 9.25301383 0.99410939
3.95712336 8.86178163 0.75721662 2.61247835 9.25413279 0.99438912
3.95735028 8.86246967 0.75657174 2.61323403 9.25522983 0.99465799
3.95757272 8.86314420 0.75593952 2.61397490 9.25630533 0.99491640
3.95779077 8.86380547 0.75531972 2.61470124 9.25735972 0.99516477
3.95800450 8.86445374 0.75471210 2.61541332 9.25839340 0.99540346
3.95821399 8.86508925 0.75411643 2.61611141 9.25940674 0.99563286
3.95841934 8.86571224 0.75353249 2.61679578 9.26040015 0.99585332
3.95862061 8.86632296 0.75296005 2.61746669 9.26137399 0.99606518
3.95881790 8.86692163 0.75239889 2.61812439 9.26232865 0.99626877
3.95901126 8.86750848 0.75184881 2.61876913 9.26326448 0.99646440
3.95920078 8.86808375 0.75130958 2.61940117 9.26418184 0.99665239
3.95938654 8.86864766 0.75078099 2.62002074 9.26508110 0.99683304
3.95956860 8.86920041 0.75026285 2.62062809 9.26596260 0.99700661
3.95974703 8.86974223 0.74975496 2.62122344 9.26682668 0.99717339
3.95992192 8.87027333 0.74925711 2.62180704 9.26767367 0.99733364
3.96009332 8.87079392 0.74876911 2.62237911 9.26850391 0.99748761
3.96026130 8.87130419 0.74829077 2.62293986 9.26931771 0.99763554
3.96042594 8.87180435 0.74782191 2.62348952 9.27011541 0.99777767
3.96058729 8.87229460 0.74736234 2.62402831 9.27089730 0.99791423
3.96074542 8.87277512 0.74691188 2.62455642 9.27166369 0.99804542
3.96090039 8.87324611 0.74647035 2.62507408 9.27241490 0.99817147
3.96105227 8.87370774 0.74603758 2.62558148 9.27315120 0.99829256
3.96120112 8.87416021 0.74561341 2.62607883 9.27387289 0.99840889
3.96134699 8.87460369 0.74519765 2.62656631 9.27458026 0.99852066
3.96148994 8.87503836 0.74479015 2.62704413 9.27527359 0.99862802
3.96163003 8.87546439 0.74439075 2.62751246 9.27595314 0.99873117
3.96176732 8.87588195 0.74399928 2.62797150 9.27661920 0.99883025
3.96190187 8.87629120 0.74361560 2.62842143 9.27727202 0.99892544
3.96203372 8.87669231 0.74323955 2.62886242 9.27791186 0.99901687
3.96216293 8.87708544 0.74287098 2.62929465 9.27853898 0.99910471
3.96228955 8.87747074 0.74250974 2.62971829 9.27915362 0.99918909
3.96241363 8.87784837 0.74215569 2.63013351 9.27975604 0.99927014
3.96253523 8.87821848 0.74180869 2.63054048 9.28034646 0.99934800
3.96265439 8.87858121 0.74146859 2.63093935 9.28092514 0.99942278
3.96277116 8.87893672 0.74113528 2.63133029 9.28149229 0.99949462
3.96288559 8.87928514 0.74080860 2.63171346 9.28204815 0.99956363
3.96299772 8.87962661 0.74048843 2.63208900 9.28259294 0.99962991
3.96310760 8.87996128 0.74017464 2.63245706 9.28312687 0.99969358
3.96321528 8.88028927 0.73986711 2.63281780 9.28365017 0.99975474
3.96332080 8.88061072 0.73956570 2.63317136 9.28416304 0.99981348
3.96342420 8.88092575 0.73927031 2.63351788 9.28466568 0.99986991
3.96352552 8.88123450 0.73898081 2.63385749 9.28515830 0.99992410
3.96362481 8.88153709 0.73869708 2.63419034 9.28564110 0.99997616
3.96372210 8.88183363 0.73841902 2.63451656 9.28611427 1.00002616
3.96381744 8.88212426 0.73814650 2.63483628 9.28657800 1.00007418
3.96391087 8.88240909 0.73787942 2.63514963 9.28703248 1.00012031
3.96400241 8.88268822 0.73761767 2.63545673 9.28747790 1.00016461
3.96409212 8.88296178 0.73736115 2.63575771 9.28791442 1.00020717
3.96418002 8.88322988 0.73710975 2.63605269 9.28834223 1.00024804
3.96426616 8.88349262 0.73686336 2.63634178 9.28876151 1.00028730
3.96435056 8.88375012 0.73662190 2.63662511 9.28917241 1.00032500
3.96443327 8.88400246 0.73638526 2.63690279 9.28957511 1.00036122
3.96451432 8.88424977 0.73615335 2.63717494 9.28996977 1.00039600
3.96459373 8.88449213 0.73592607 2.63744165 9.29035655 1.00042940
3.96467155 8.88472964 0.73570333 2.63770304 9.29073561 1.00046149
3.96474780 8.88496241 0.73548504 2.63795922 9.29110709 1.00049231
3.96482252 8.88519053 0.73527111 2.63821028 9.29147115 1.00052190
3.96489573 8.88541408 0.73506146 2.63845634 9.29182794 1.00055033
3.96496747 8.88563316 0.73485599 2.63869748 9.29217761 1.00057763
3.96503777 8.88584787 0.73465464 2.63893381 9.29252028 1.00060385
3.96510665 8.88605828 0.73445731 2.63916542 9.29285611 1.00062904
3.96517415 8.88626448 0.73426392 2.63939241 9.29318523 1.00065322
3.96524028 8.88646655 0.73407440 2.63961487 9.29350777 1.00067645
3.96530509 8.88666459 0.73388867 2.63983289 9.29382386 1.00069877
3.96536859 8.88685866 0.73370665 2.64004655 9.29413364 1.00072019
3.96543081 8.88704885 0.73352827 2.64025595 9.29443722 1.00074077
3.96549178 8.88723523 0.73335346 2.64046116 9.29473474 1.00076054
3.96555153 8.88741789 0.73318215 2.64066228 9.29502631 1.00077952
3.96561007 8.88759689 0.73301426 2.64085938 9.29531205 1.00079775
3.96566743 8.88777230 0.73284973 2.64105254 9.29559207 1.00081526
3.96572363 8.88794421 0.73268849 2.64124185 9.29586650 1.00083208
3.96577870 8.88811268 0.73253047 2.64142737 9.29613544 1.00084823
3.96583267 8.88827777 0.73237562 2.64160919 9.29639900 1.00086374
3.96588555 8.88843957 0.73222386 2.64178737 9.29665729 1.00087863
3.96593736 8.88859812 0.73207514 2.64196200 9.29691041 1.00089294
3.96598813 8.88875350 0.73192940 2.64213313 9.29715848 1.00090668
3.96603787 8.88890576 0.73178657 2.64230085 9.29740158 1.00091987
3.96608661 8.88905498 0.73164660 2.64246522 9.29763982 1.00093255
3.96613438 8.88920122 0.73150942 2.64262630 9.29787329 1.00094472
3.96618117 8.88934452 0.73137500 2.64278416 9.29810210 1.00095641
3.96622703 8.88948496 0.73124326 2.64293887 9.29832632 1.00096763
3.96627196 8.88962258 0.73111416 2.64309049 9.29854607 1.00097841
3.96631599 8.88975745 0.73098765 2.64323908 9.29876141 1.00098877
3.96635913 8.88988962 0.73086366 2.64338470 9.29897245 1.00099871
3.96640140 8.89001914 0.73074216 2.64352740 9.29917927 1.00100826
3.96644282 8.89014607 0.73062309 2.64366726 9.29938194 1.00101743
3.96648340 8.89027046 0.73050640 2.64380432 9.29958057 1.00102624
3.96652317 8.89039235 0.73039205 2.64393864 9.29977522 1.00103470
3.96656213 8.89051181 0.73027998 2.64407028 9.29996597 1.00104282
3.96660031 8.89062887 0.73017016 2.64419928 9.30015291 1.00105063
3.96663772 8.89074359 0.73006254 2.64432571 9.30033611 1.00105812
3.96667437 8.89085601 0.72995707 2.64444961 9.30051564 1.00106531
3.96671029 8.89096618 0.72985372 2.64457103 9.30069158 1.00107223
3.96674548 8.89107414 0.72975243 2.64469003 9.30086400 1.00107886
3.96677996 8.89117994 0.72965317 2.64480664 9.30103297 1.00108524
3.96681375 8.89128362 0.72955589 2.64492093 9.30119855 1.00109136
3.96684686 8.89138522 0.72946057 2.64503293 9.30136083 1.00109724
3.96687930 8.89148479 0.72936715 2.64514269 9.30151985 1.00110288
3.96691108 8.89158237 0.72927560 2.64525026 9.30167570 1.00110831
3.96694223 8.89167799 0.72918589 2.64535568 9.30182842 1.00111351
3.96697275 8.89177170 0.72909797 2.64545899 9.30197809 1.00111851
3.96700265 8.89186352 0.72901181 2.64556023 9.30212476 1.00112332
3.96703195 8.89195351 0.72892737 2.64565945 9.30226850 1.00112793
3.96706065 8.89204170 0.72884463 2.64575669 9.30240936 1.00113236
3.96708878 8.89212812 0.72876354 2.64585198 9.30254741 1.00113661
3.96711634 8.89221281 0.72868408 2.64594537 9.30268268 1.00114070
3.96714335 8.89229580 0.72860621 2.64603689 9.30281526 1.00114462
3.96716981 8.89237713 0.72852990 2.64612658 9.30294517 1.00114839
3.96719574 8.89245683 0.72845511 2.64621447 9.30307249 1.00115201
3.96722115 8.89253493 0.72838182 2.64630061 9.30319726 1.00115548
3.96724604 8.89261147 0.72831000 2.64638503 9.30331953 1.00115882
3.96727043 8.89268648 0.72823962 2.64646776 9.30343936 1.00116203
3.96729433 8.89275998 0.72817065 2.64654884 9.30355679 1.00116510
3.96731775 8.89283201 0.72810305 2.64662829 9.30367186 1.00116806
3.96734069 8.89290260 0.72803682 2.64670616 9.30378463 1.00117090
3.96736318 8.89297177 0.72797190 2.64678246 9.30389515 1.00117363
3.96738521 8.89303956 0.72790829 2.64685725 9.30400345 1.00117624
3.96740679 8.89310599 0.72784595 2.64693053 9.30410959 1.00117876
3.96742794 8.89317108 0.72778486 2.64700236 9.30421360 1.00118117
3.96744866 8.89323488 0.72772500 2.64707274 9.30431553 1.00118349
3.96746897 8.89329739 0.72766633 2.64714172 9.30441542 1.00118572
3.96748886 8.89335866 0.72760883 2.64720932 9.30451331 1.00118786
3.96750836 8.89341869 0.72755249 2.64727557 9.30460924 1.00118991
3.96752746 8.89347753 0.72749728 2.64734049 9.30470324 1.00119189
3.96754618 8.89353518 0.72744317 2.64740411 9.30479537 1.00119378
3.96756452 8.89359168 0.72739014 2.64746646 9.30488566 1.00119560
3.96758248 8.89364705 0.72733818 2.64752757 9.30497413 1.00119735
3.96760009 8.89370130 0.72728726 2.64758745 9.30506084 1.00119903
3.96761734 8.89375448 0.72723736 2.64764614 9.30514581 1.00120064
3.96763425 8.89380658 0.72718845 2.64770365 9.30522907 1.00120219
3.96765081 8.89385764 0.72714053 2.64776001 9.30531068 1.00120367
3.96766704 8.89390768 0.72709356 2.64781525 9.30539064 1.00120510
3.96768294 8.89395672 0.72704754 2.64786938 9.30546901 1.00120647
3.96769852 8.89400477 0.72700244 2.64792243 9.30554581 1.00120779
3.96771379 8.89405186 0.72695824 2.64797441 9.30562107 1.00120905
3.96772874 8.89409801 0.72691492 2.64802536 9.30569482 1.00121027
3.96774340 8.89414323 0.72687248 2.64807529 9.30576710 1.00121143
3.96775776 8.89418754 0.72683088 2.64812422 9.30583793 1.00121255
3.96777183 8.89423097 0.72679012 2.64817217 9.30590735 1.00121363
3.96778562 8.89427353 0.72675017 2.64821916 9.30597537 1.00121466
3.96779913 8.89431524 0.72671102 2.64826522 9.30604203 1.00121565
3.96781237 8.89435611 0.72667266 2.64831035 9.30610736 1.00121660
3.96782534 8.89439616 0.72663507 2.64835458 9.30617138 1.00121752
3.96783805 8.89443540 0.72659822 2.64839792 9.30623412 1.00121840
3.96785050 8.89447387 0.72656212 2.64844040 9.30629560 1.00121924
3.96786270 8.89451156 0.72652674 2.64848203 9.30635585 1.00122005
3.96787465 8.89454849 0.72649207 2.64852283 9.30641489 1.00122083
3.96788637 8.89458469 0.72645809 2.64856281 9.30647276 1.00122158
3.96789785 8.89462016 0.72642479 2.64860199 9.30652946 1.00122229
3.96790909 8.89465492 0.72639216 2.64864038 9.30658503 1.00122298
3.96792011 8.89468898 0.72636018 2.64867801 9.30663949 1.00122365
3.96793091 8.89472236 0.72632885 2.64871489 9.30669285 1.00122428
3.96794149 8.89475507 0.72629814 2.64875103 9.30674515 1.00122489
3.96795185 8.89478713 0.72626804 2.64878645 9.30679640 1.00122548
3.96796201 8.89481855 0.72623855 2.64882116 9.30684663 1.00122604
3.96797196 8.89484933 0.72620965 2.64885517 9.30689585 1.00122658
3.96798171 8.89487950 0.72618133 2.64888850 9.30694408 1.00122710
3.96799127 8.89490906 0.72615357 2.64892117 9.30699135 1.00122760
3.96800063 8.89493803 0.72612637 2.64895319 9.30703767 1.00122808
3.96800980 8.89496642 0.72609972 2.64898456 9.30708307 1.00122854
3.96801879 8.89499424 0.72607360 2.64901531 9.30712755 1.00122898
3.96802759 8.89502151 0.72604800 2.64904544 9.30717115 1.00122940
3.96803622 8.89504822 0.72602292 2.64907497 9.30721387 1.00122981
3.96804468 8.89507441 0.72599833 2.64910391 9.30725574 1.00123020
3.96805296 8.89510006 0.72597424 2.64913226 9.30729677 1.00123058
3.96806108 8.89512521 0.72595064 2.64916006 9.30733698 1.00123094
3.96806903 8.89514985 0.72592750 2.64918729 9.30737638 1.00123129
3.96807683 8.89517399 0.72590483 2.64921399 9.30741499 1.00123162
3.96808446 8.89519765 0.72588261 2.64924014 9.30745283 1.00123194
3.96809194 8.89522084 0.72586084 2.64926578 9.30748992 1.00123224
3.96809927 8.89524357 0.72583950 2.64929090 9.30752626 1.00123254
3.96810646 8.89526583 0.72581859 2.64931552 9.30756187 1.00123282
3.96811349 8.89528766 0.72579810 2.64933965 9.30759677 1.00123309
3.96812039 8.89530904 0.72577802 2.64936330 9.30763097 1.00123336
3.96812715 8.89533000 0.72575834 2.64938647 9.30766449 1.00123361
3.96813377 8.89535053 0.72573906 2.64940918 9.30769734 1.00123385
3.96814025 8.89537066 0.72572016 2.64943143 9.30772953 1.00123408
3.96814661 8.89539038 0.72570164 2.64945324 9.30776107 1.00123430
3.96815284 8.89540970 0.72568350 2.64947461 9.30779198 1.00123451
3.96815894 8.89542864 0.72566571 2.64949556 9.30782228 1.00123472
3.96816492 8.89544720 0.72564828 2.64951609 9.30785196 1.00123491
3.96817078 8.89546539 0.72563120 2.64953620 9.30788106 1.00123510
3.96817652 8.89548321 0.72561447 2.64955592 9.30790957 1.00123529
3.96818214 8.89550068 0.72559806 2.64957524 9.30793751 1.00123546
3.96818765 8.89551779 0.72558199 2.64959417 9.30796489 1.00123563
3.96819305 8.89553457 0.72556624 2.64961273 9.30799172 1.00123579
3.96819834 8.89555100 0.72555080 2.64963091 9.30801801 1.00123594
3.96820353 8.89556711 0.72553567 2.64964873 9.30804378 1.00123609
3.96820861 8.89558289 0.72552085 2.64966620 9.30806904 1.00123623
3.96821359 8.89559836 0.72550632 2.64968331 9.30809378 1.00123637
3.96821846 8.89561352 0.72549209 2.64970008 9.30811803 1.00123650
3.96822324 8.89562838 0.72547814 2.64971652 9.30814180 1.00123663
3.96822792 8.89564293 0.72546446 2.64973263 9.30816509 1.00123675
3.96823251 8.89565720 0.72545107 2.64974841 9.30818791 1.00123686
3.96823700 8.89567118 0.72543794 2.64976388 9.30821028 1.00123697
3.96824141 8.89568488 0.72542507 2.64977904 9.30823220 1.00123708
3.96824572 8.89569830 0.72541246 2.64979390 9.30825368 1.00123719
3.96824995 8.89571146 0.72540010 2.64980846 9.30827473 1.00123728
3.96825410 8.89572435 0.72538799 2.64982273 9.30829536 1.00123738
3.96825815 8.89573698 0.72537613 2.64983672 9.30831558 1.00123747
3.96826213 8.89574936 0.72536450 2.64985042 9.30833539 1.00123756
3.96826603 8.89576150 0.72535310 2.64986385 9.30835480 1.00123764
3.96826985 8.89577338 0.72534193 2.64987701 9.30837383 1.00123772
3.96827359 8.89578504 0.72533099 2.64988991 9.30839247 1.00123780
3.96827726 8.89579645 0.72532027 2.64990255 9.30841074 1.00123787
3.96828085 8.89580764 0.72530976 2.64991494 9.30842865 1.00123795
3.96828437 8.89581861 0.72529946 2.64992708 9.30844620 1.00123801
3.96828782 8.89582935 0.72528936 2.64993898 9.30846339 1.00123808
3.96829119 8.89583988 0.72527947 2.64995064 9.30848025 1.00123814
3.96829451 8.89585020 0.72526978 2.64996206 9.30849676 1.00123821
3.96829775 8.89586031 0.72526028 2.64997326 9.30851294 1.00123826
3.96830093 8.89587022 0.72525097 2.64998423 9.30852880 1.00123832
3.96830404 8.89587993 0.72524185 2.64999499 9.30854435 1.00123837
3.96830709 8.89588945 0.72523291 2.65000553 9.30855958 1.00123843
3.96831008 8.89589877 0.72522415 2.65001586 9.30857450 1.00123847
3.96831301 8.89590791 0.72521556 2.65002598 9.30858913 1.00123852
3.96831589 8.89591687 0.72520715 2.65003590 9.30860347 1.00123857
3.96831870 8.89592564 0.72519891 2.65004562 9.30861751 1.00123861
3.96832145 8.89593424 0.72519083 2.65005515 9.30863128 1.00123865
3.96832415 8.89594267 0.72518291 2.65006448 9.30864477 1.00123870
3.96832680 8.89595093 0.72517515 2.65007363 9.30865799 1.00123873
3.96832939 8.89595902 0.72516755 2.65008260 9.30867095 1.00123877
3.96833193 8.89596695 0.72516009 2.65009139 9.30868364 1.00123881
3.96833442 8.89597472 0.72515279 2.65010000 9.30869609 1.00123884
3.96833686 8.89598234 0.72514564 2.65010844 9.30870828 1.00123888
3.96833925 8.89598981 0.72513862 2.65011671 9.30872023 1.00123891
3.96834159 8.89599712 0.72513175 2.65012481 9.30873194 1.00123894
3.96834388 8.89600429 0.72512502 2.65013275 9.30874341 1.00123897
3.96834613 8.89601131 0.72511842 2.65014054 9.30875466 1.00123900
3.96834834 8.89601819 0.72511195 2.65014817 9.30876568 1.00123902
3.96835049 8.89602494 0.72510561 2.65015564 9.30877648 1.00123905
3.96835261 8.89603155 0.72509940 2.65016297 9.30878706 1.00123907
3.96835468 8.89603803 0.72509331 2.65017015 9.30879744 1.00123910
3.96835671 8.89604438 0.72508735 2.65017718 9.30880760 1.00123912
3.96835870 8.89605060 0.72508150 2.65018408 9.30881756 1.00123914
3.96836065 8.89605669 0.72507578 2.65019084 9.30882732 1.00123916
3.96836256 8.89606267 0.72507016 2.65019746 9.30883689 1.00123918
3.96836443 8.89606852 0.72506466 2.65020395 9.30884626 1.00123920
3.96836626 8.89607426 0.72505927 2.65021031 9.30885545 1.00123922
3.96836806 8.89607988 0.72505399 2.65021654 9.30886445 1.00123924
3.96836982 8.89608539 0.72504881 2.65022265 9.30887328 1.00123926
3.96837154 8.89609079 0.72504374 2.65022864 9.30888192 1.00123928
3.96837323 8.89609608 0.72503876 2.65023451 9.30889039 1.00123929
3.96837489 8.89610126 0.72503389 2.65024025 9.30889870 1.00123931
3.96837651 8.89610634 0.72502912 2.65024589 9.30890683 1.00123932
3.96837810 8.89611132 0.72502444 2.65025141 9.30891481 1.00123934
3.96837966 8.89611620 0.72501985 2.65025682 9.30892262 1.00123935
3.96838118 8.89612098 0.72501536 2.65026212 9.30893028 1.00123936
3.96838268 8.89612567 0.72501096 2.65026732 9.30893779 1.00123937
3.96838414 8.89613026 0.72500664 2.65027241 9.30894514 1.00123939
3.96838558 8.89613476 0.72500241 2.65027741 9.30895235 1.00123940
3.96838698 8.89613917 0.72499827 2.65028230 9.30895941 1.00123941
3.96838836 8.89614349 0.72499421 2.65028709 9.30896633 1.00123942
3.96838971 8.89614772 0.72499023 2.65029179 9.30897311 1.00123943
