4.77827921 1.42619368 6.65488542 1.54429922 5.68734079 0.14903563
4.77639287 1.42472394 6.65257602 1.54190353 5.68769096 0.15073409
4.77449072 1.42324187 6.65024727 1.53948775 5.68804406 0.15246116
4.77257257 1.42174734 6.64789894 1.53705166 5.68840013 0.15421743
4.77063824 1.42024020 6.64553080 1.53459501 5.68875920 0.15600347
4.76868754 1.41872031 6.64314263 1.53211758 5.68912130 0.15781989
4.76672028 1.41718752 6.64073418 1.52961911 5.68948647 0.15966730
4.76473628 1.41564167 6.63830524 1.52709938 5.68985475 0.16154632
4.76273533 1.41408263 6.63585556 1.52455813 5.69022617 0.16345758
4.76071726 1.41251023 6.63338491 1.52199513 5.69060076 0.16540174
4.75868185 1.41092433 6.63089305 1.51941011 5.69097857 0.16737945
4.75662892 1.40932478 6.62837973 1.51680284 5.69135963 0.16939139
4.75455827 1.40771141 6.62584472 1.51417305 5.69174397 0.17143824
4.75246969 1.40608408 6.62328777 1.51152051 5.69213164 0.17352069
4.75036300 1.40444263 6.62070864 1.50884494 5.69252266 0.17563946
4.74823797 1.40278690 6.61810708 1.50614610 5.69291709 0.17779528
4.74609442 1.40111673 6.61548283 1.50342373 5.69331494 0.17998887
4.74393214 1.39943197 6.61283566 1.50067757 5.69371627 0.18222098
4.74175092 1.39773244 6.61016531 1.49790736 5.69412112 0.18449239
4.73955056 1.39601801 6.60747152 1.49511284 5.69452951 0.18680385
4.73733085 1.39428849 6.60475406 1.49229374 5.69494148 0.18915616
4.73509158 1.39254374 6.60201265 1.48944981 5.69535709 0.19155012
4.73283255 1.39078359 6.59924705 1.48658078 5.69577635 0.19398654
4.73055355 1.38900787 6.59645701 1.48368638 5.69619932 0.19646625
4.72825438 1.38721644 6.59364227 1.48076635 5.69662603 0.19899007
4.72593481 1.38540911 6.59080257 1.47782043 5.69705652 0.20155887
4.72359465 1.38358574 6.58793766 1.47484835 5.69749082 0.20417350
4.72123369 1.38174616 6.58504729 1.47184986 5.69792899 0.20683482
4.71885172 1.37989021 6.58213121 1.46882468 5.69837104 0.20954373
4.71644853 1.37801772 6.57918915 1.46577255 5.69881703 0.21230112
4.71402392 1.37612855 6.57622087 1.46269322 5.69926699 0.21510790
4.71157769 1.37422252 6.57322612 1.45958642 5.69972096 0.21796497
4.70910962 1.37229948 6.57020466 1.45645190 5.70017898 0.22087326
4.70661953 1.37035928 6.56715622 1.45328940 5.70064108 0.22383370
4.70410721 1.36840175 6.56408058 1.45009867 5.70110729 0.22684723
4.70157246 1.36642675 6.56097748 1.44687945 5.70157767 0.22991480
4.69901508 1.36443412 6.55784669 1.44363150 5.70205224 0.23303737
4.69643489 1.36242371 6.55468798 1.44035457 5.70253104 0.23621589
4.69383170 1.36039537 6.55150110 1.43704842 5.70301410 0.23945133
4.69120531 1.35834897 6.54828584 1.43371282 5.70350146 0.24274465
4.68855555 1.35628435 6.54504197 1.43034754 5.70399315 0.24609683
4.68588224 1.35420138 6.54176927 1.42695234 5.70448921 0.24950885
4.68318521 1.35209992 6.53846753 1.42352701 5.70498966 0.25298166
4.68046427 1.34997984 6.53513654 1.42007133 5.70549454 0.25651626
4.67771928 1.34784101 6.53177611 1.41658510 5.70600388 0.26011359
4.67495008 1.34568331 6.52838603 1.41306811 5.70651771 0.26377464
4.67215650 1.34350663 6.52496612 1.40952016 5.70703606 0.26750036
4.66933841 1.34131084 6.52151620 1.40594109 5.70755894 0.27129171
4.66649566 1.33909584 6.51803611 1.40233070 5.70808640 0.27514962
4.66362813 1.33686153 6.51452569 1.39868884 5.70861845 0.27907502
4.66073570 1.33460781 6.51098478 1.39501534 5.70915511 0.28306884
4.65781824 1.33233460 6.50741324 1.39131007 5.70969641 0.28713197
4.65487566 1.33004180 6.50381095 1.38757288 5.71024237 0.29126530
4.65190786 1.32772936 6.50017779 1.38380367 5.71079299 0.29546969
4.64891475 1.32539720 6.49651366 1.38000232 5.71134831 0.29974597
4.64589627 1.32304526 6.49281847 1.37616874 5.71190833 0.30409497
4.64285234 1.32067350 6.48909214 1.37230285 5.71247306 0.30851745
4.63978293 1.31828188 6.48533461 1.36840459 5.71304251 0.31301418
4.63668799 1.31587036 6.48154585 1.36447391 5.71361670 0.31758587
4.63356751 1.31343895 6.47772581 1.36051078 5.71419561 0.32223318
4.63042147 1.31098761 6.47387449 1.35651520 5.71477926 0.32695676
4.62724988 1.30851638 6.46999191 1.35248718 5.71536764 0.33175719
4.62405277 1.30602525 6.46607808 1.34842673 5.71596075 0.33663501
4.62083018 1.30351426 6.46213306 1.34433392 5.71655858 0.34159070
4.61758215 1.30098346 6.45815693 1.34020882 5.71716112 0.34662469
4.61430878 1.29843291 6.45414976 1.33605152 5.71776836 0.35173733
4.61101015 1.29586268 6.45011168 1.33186214 5.71838027 0.35692893
4.60768637 1.29327285 6.44604283 1.32764084 5.71899684 0.36219971
4.60433759 1.29066354 6.44194337 1.32338777 5.71961804 0.36754982
4.60096395 1.28803486 6.43781349 1.31910314 5.72024384 0.37297934
4.59756564 1.28538696 6.43365342 1.31478717 5.72087421 0.37848826
4.59414286 1.28271999 6.42946339 1.31044013 5.72150911 0.38407647
4.59069584 1.28003412 6.42524369 1.30606229 5.72214851 0.38974379
4.58722481 1.27732956 6.42099462 1.30165398 5.72279234 0.39548992
4.58373007 1.27460651 6.41671652 1.29721554 5.72344057 0.40131448
4.58021190 1.27186521 6.41240975 1.29274735 5.72409313 0.40721696
4.57667063 1.26910591 6.40807472 1.28824983 5.72474997 0.41319675
4.57310663 1.26632890 6.40371186 1.28372343 5.72541101 0.41925314
4.56952026 1.26353446 6.39932163 1.27916864 5.72607619 0.42538528
4.56591195 1.26072292 6.39490455 1.27458598 5.72674544 0.43159220
4.56228213 1.25789463 6.39046115 1.26997600 5.72741866 0.43787282
4.55863128 1.25504994 6.38599200 1.26533930 5.72809578 0.44422590
4.55495988 1.25218924 6.38149771 1.26067653 5.72877670 0.45065009
4.55126848 1.24931296 6.37697895 1.25598834 5.72946132 0.45714389
4.54755763 1.24642153 6.37243639 1.25127546 5.73014953 0.46370567
4.54382793 1.24351540 6.36787075 1.24653864 5.73084123 0.47033366
4.54008000 1.24059507 6.36328281 1.24177866 5.73153630 0.47702593
4.53631449 1.23766104 6.35867336 1.23699637 5.73223462 0.48378041
4.53253209 1.23471386 6.35404325 1.23219263 5.73293606 0.49059489
4.52873353 1.23175407 6.34939335 1.22736835 5.73364049 0.49746702
4.52491954 1.22878227 6.34472459 1.22252449 5.73434777 0.50439428
4.52109091 1.22579906 6.34003791 1.21766205 5.73505776 0.51137403
4.51724846 1.22280508 6.33533432 1.21278204 5.73577029 0.51840345
4.51339302 1.21980098 6.33061484 1.20788555 5.73648522 0.52547961
4.50952547 1.21678745 6.32588054 1.20297367 5.73720239 0.53259943
4.50564671 1.21376518 6.32113253 1.19804757 5.73792163 0.53975968
4.50175767 1.21073490 6.31637195 1.19310841 5.73864275 0.54695701
4.49785931 1.20769736 6.31159997 1.18815742 5.73936560 0.55418793
4.49395261 1.20465333 6.30681780 1.18319584 5.74008998 0.56144883
4.49003860 1.20160359 6.30202668 1.17822498 5.74081570 0.56873598
4.48611830 1.19854896 6.29722788 1.17324613 5.74154258 0.57604555
4.48219278 1.19549025 6.29242269 1.16826065 5.74227041 0.58337358
4.47826311 1.19242832 6.28761244 1.16326992 5.74299900 0.59071603
4.47433041 1.18936402 6.28279848 1.15827533 5.74372814 0.59806878
4.47039579 1.18629823 6.27798219 1.15327831 5.74445762 0.60542761
4.46646039 1.18323184 6.27316496 1.14828031 5.74518723 0.61278825
4.46252537 1.18016574 6.26834821 1.14328279 5.74591676 0.62014635
4.45859191 1.17710085 6.26353336 1.13828725 5.74664599 0.62749754
4.45466118 1.17403810 6.25872187 1.13329519 5.74737470 0.63483739
4.45073437 1.17097840 6.25391520 1.12830811 5.74810267 0.64216145
4.44681268 1.16792269 6.24911481 1.12332754 5.74882967 0.64946527
4.44289733 1.16487192 6.24432218 1.11835502 5.74955549 0.65674437
4.43898951 1.16182702 6.23953879 1.11339207 5.75027989 0.66399431
4.43509045 1.15878894 6.23476612 1.10844025 5.75100266 0.67121066
4.43120134 1.15575863 6.23000566 1.10350108 5.75172357 0.67838904
4.42732341 1.15273702 6.22525888 1.09857609 5.75244240 0.68552508
4.42345784 1.14972504 6.22052725 1.09366682 5.75315892 0.69261453
4.41960584 1.14672364 6.21581224 1.08877479 5.75387291 0.69965316
4.41576859 1.14373373 6.21111529 1.08390149 5.75458415 0.70663684
4.41194726 1.14075623 6.20643785 1.07904842 5.75529243 0.71356156
4.40814301 1.13779205 6.20178133 1.07421704 5.75599752 0.72042339
4.40435699 1.13484206 6.19714713 1.06940882 5.75669923 0.72721852
4.40059032 1.13190715 6.19253662 1.06462517 5.75739733 0.73394327
4.39684410 1.12898818 6.18795117 1.05986751 5.75809163 0.74059411
4.39311941 1.12608599 6.18339208 1.05513720 5.75878192 0.74716764
4.38941732 1.12320140 6.17886066 1.05043559 5.75946801 0.75366062
4.38573885 1.12033523 6.17435817 1.04576398 5.76014971 0.76006997
4.38208501 1.11748825 6.16988584 1.04112366 5.76082682 0.76639276
4.37845678 1.11466121 6.16544486 1.03651586 5.76149918 0.77262626
4.37485509 1.11185487 6.16103639 1.03194179 5.76216661 0.77876791
4.37128087 1.10906993 6.15666155 1.02740259 5.76282893 0.78481531
4.36773498 1.10630707 6.15232141 1.02289940 5.76348598 0.79076626
4.36421829 1.10356695 6.14801700 1.01843327 5.76413762 0.79661876
4.36073158 1.10085020 6.14374932 1.01400524 5.76478367 0.80237097
4.35727565 1.09815744 6.13951932 1.00961630 5.76542402 0.80802126
4.35385123 1.09548922 6.13532789 1.00526738 5.76605851 0.81356817
4.35045901 1.09284610 6.13117589 1.00095936 5.76668702 0.81901043
4.34709966 1.09022859 6.12706413 0.99669308 5.76730942 0.82434698
4.34377379 1.08763718 6.12299338 0.99246935 5.76792561 0.82957691
4.34048201 1.08507231 6.11896435 0.98828889 5.76853546 0.83469951
4.33722484 1.08253443 6.11497770 0.98415241 5.76913889 0.83971422
4.33400280 1.08002392 6.11103406 0.98006054 5.76973580 0.84462069
4.33081636 1.07754114 6.10713401 0.97601388 5.77032610 0.84941871
4.32766594 1.07508644 6.10327805 0.97201298 5.77090971 0.85410823
4.32455194 1.07266011 6.09946668 0.96805833 5.77148656 0.85868938
4.32147471 1.07026244 6.09570033 0.96415039 5.77205659 0.86316240
4.31843456 1.06789366 6.09197938 0.96028955 5.77261973 0.86752771
4.31543179 1.06555400 6.08830418 0.95647617 5.77317593 0.87178586
4.31246662 1.06324365 6.08467503 0.95271056 5.77372516 0.87593750
4.30953928 1.06096277 6.08109218 0.94899298 5.77426736 0.87998344
4.30664993 1.05871149 6.07755583 0.94532366 5.77480252 0.88392459
4.30379871 1.05648993 6.07406618 0.94170277 5.77533060 0.88776197
4.30098573 1.05429816 6.07062333 0.93813045 5.77585158 0.89149670
4.29821107 1.05213625 6.06722740 0.93460680 5.77636545 0.89512999
4.29547476 1.05000423 6.06387842 0.93113186 5.77687221 0.89866314
4.29277684 1.04790212 6.06057642 0.92770566 5.77737185 0.90209754
4.29011727 1.04582989 6.05732138 0.92432819 5.77786437 0.90543464
4.28749602 1.04378752 6.05411325 0.92099938 5.77834978 0.90867596
4.28491302 1.04177495 6.05095194 0.91771914 5.77882810 0.91182308
4.28236817 1.03979211 6.04783734 0.91448737 5.77929933 0.91487763
4.27986135 1.03783891 6.04476930 0.91130390 5.77976352 0.91784129
4.27739243 1.03591524 6.04174764 0.90816855 5.78022067 0.92071579
4.27496123 1.03402096 6.03877217 0.90508112 5.78067083 0.92350287
4.27256757 1.03215593 6.03584265 0.90204137 5.78111402 0.92620433
4.27021125 1.03031999 6.03295883 0.89904903 5.78155029 0.92882196
4.26789203 1.02851297 6.03012044 0.89610382 5.78197968 0.93135759
4.26560968 1.02673467 6.02732717 0.89320543 5.78240223 0.93381308
4.26336394 1.02498489 6.02457871 0.89035352 5.78281800 0.93619025
4.26115451 1.02326342 6.02187472 0.88754776 5.78322702 0.93849098
4.25898113 1.02157002 6.01921484 0.88478776 5.78362937 0.94071711
4.25684348 1.01990447 6.01659870 0.88207314 5.78402509 0.94287050
4.25474124 1.01826651 6.01402591 0.87940350 5.78441424 0.94495300
4.25267408 1.01665589 6.01149606 0.87677841 5.78479689 0.94696644
4.25064166 1.01507234 6.00900874 0.87419745 5.78517310 0.94891265
4.24864363 1.01351559 6.00656352 0.87166016 5.78554293 0.95079345
4.24667964 1.01198535 6.00415995 0.86916609 5.78590645 0.95261061
4.24474930 1.01048134 6.00179758 0.86671477 5.78626373 0.95436593
4.24285225 1.00900326 5.99947596 0.86430572 5.78661484 0.95606114
4.24098810 1.00755082 5.99719461 0.86193846 5.78695986 0.95769797
4.23915646 1.00612371 5.99495305 0.85961248 5.78729884 0.95927812
4.23735693 1.00472162 5.99275080 0.85732729 5.78763188 0.96080328
4.23558912 1.00334425 5.99058737 0.85508238 5.78795903 0.96227508
4.23385262 1.00199127 5.98846227 0.85287723 5.78828038 0.96369514
4.23214702 1.00066237 5.98637499 0.85071133 5.78859601 0.96506504
4.23047191 0.99935723 5.98432504 0.84858415 5.78890598 0.96638634
4.22882688 0.99807553 5.98231191 0.84649517 5.78921038 0.96766056
4.22721152 0.99681694 5.98033508 0.84444387 5.78950928 0.96888919
4.22562541 0.99558114 5.97839405 0.84242971 5.78980276 0.97007368
4.22406812 0.99436780 5.97648832 0.84045217 5.79009089 0.97121546
4.22253925 0.99317660 5.97461735 0.83851071 5.79037377 0.97231592
4.22103837 0.99200722 5.97278066 0.83660480 5.79065145 0.97337640
4.21956507 0.99085932 5.97097772 0.83473392 5.79092403 0.97439824
4.21811893 0.98973259 5.96920803 0.83289753 5.79119157 0.97538271
4.21669954 0.98862670 5.96747107 0.83109511 5.79145415 0.97633107
4.21530648 0.98754133 5.96576634 0.82932613 5.79171186 0.97724454
4.21393934 0.98647615 5.96409334 0.82759007 5.79196476 0.97812430
4.21259772 0.98543085 5.96245157 0.82588640 5.79221294 0.97897151
4.21128119 0.98440511 5.96084052 0.82421462 5.79245647 0.97978729
4.20998937 0.98339861 5.95925970 0.82257420 5.79269542 0.98057273
4.20872184 0.98241104 5.95770862 0.82096464 5.79292987 0.98132888
4.20747821 0.98144210 5.95618678 0.81938543 5.79315989 0.98205677
4.20625808 0.98049146 5.95469371 0.81783606 5.79338556 0.98275739
4.20506105 0.97955884 5.95322893 0.81631604 5.79360695 0.98343170
4.20388675 0.97864391 5.95179195 0.81482487 5.79382414 0.98408064
4.20273478 0.97774639 5.95038230 0.81336207 5.79403718 0.98470512
4.20160477 0.97686597 5.94899953 0.81192714 5.79424616 0.98530601
4.20049633 0.97600236 5.94764316 0.81051962 5.79445114 0.98588417
4.19940909 0.97515527 5.94631275 0.80913902 5.79465220 0.98644040
4.19834269 0.97432442 5.94500783 0.80778488 5.79484939 0.98697550
4.19729676 0.97350951 5.94372797 0.80645674 5.79504280 0.98749026
4.19627093 0.97271028 5.94247271 0.80515413 5.79523248 0.98798539
4.19526486 0.97192643 5.94124164 0.80387661 5.79541851 0.98846164
4.19427820 0.97115770 5.94003430 0.80262373 5.79560094 0.98891968
4.19331058 0.97040382 5.93885030 0.80139504 5.79577984 0.98936020
4.19236168 0.96966452 5.93768919 0.80019012 5.79595528 0.98978383
4.19143116 0.96893954 5.93655057 0.79900854 5.79612731 0.99019121
4.19051868 0.96822861 5.93543404 0.79784987 5.79629601 0.99058294
4.18962391 0.96753149 5.93433918 0.79671369 5.79646142 0.99095960
4.18874654 0.96684792 5.93326561 0.79559960 5.79662362 0.99132175
4.18788623 0.96617765 5.93221293 0.79450720 5.79678265 0.99166994
4.18704269 0.96552044 5.93118077 0.79343607 5.79693858 0.99200470
4.18621559 0.96487604 5.93016873 0.79238583 5.79709147 0.99232652
4.18540464 0.96424422 5.92917646 0.79135610 5.79724137 0.99263589
4.18460954 0.96362475 5.92820357 0.79034648 5.79738833 0.99293329
4.18382998 0.96301740 5.92724972 0.78935662 5.79753242 0.99321917
4.18306569 0.96242193 5.92631454 0.78838613 5.79767368 0.99349396
4.18231636 0.96183813 5.92539768 0.78743465 5.79781217 0.99375808
4.18158173 0.96126578 5.92449881 0.78650184 5.79794794 0.99401195
4.18086152 0.96070465 5.92361757 0.78558733 5.79808104 0.99425595
4.18015544 0.96015455 5.92275365 0.78469078 5.79821152 0.99449046
4.17946325 0.95961526 5.92190670 0.78381184 5.79833944 0.99471584
4.17878466 0.95908658 5.92107642 0.78295020 5.79846484 0.99493244
4.17811943 0.95856830 5.92026248 0.78210551 5.79858776 0.99514059
4.17746730 0.95806022 5.91946456 0.78127746 5.79870826 0.99534063
4.17682801 0.95756216 5.91868237 0.78046572 5.79882639 0.99553286
4.17620134 0.95707392 5.91791561 0.77966999 5.79894218 0.99571758
4.17558702 0.95659531 5.91716398 0.77888996 5.79905568 0.99589509
4.17498483 0.95612614 5.91642718 0.77812533 5.79916694 0.99606565
4.17439453 0.95566624 5.91570493 0.77737579 5.79927600 0.99622955
4.17381589 0.95521543 5.91499696 0.77664107 5.79938291 0.99638703
4.17324869 0.95477353 5.91430299 0.77592087 5.79948769 0.99653834
4.17269271 0.95434037 5.91362274 0.77521492 5.79959040 0.99668373
4.17214773 0.95391578 5.91295596 0.77452293 5.79969108 0.99682342
4.17161353 0.95349960 5.91230237 0.77384465 5.79978976 0.99695763
4.17108992 0.95309166 5.91166173 0.77317979 5.79988648 0.99708658
4.17057667 0.95269179 5.91103379 0.77252811 5.79998128 0.99721047
4.17007360 0.95229986 5.91041829 0.77188935 5.80007420 0.99732950
4.16958050 0.95191569 5.90981499 0.77126325 5.80016528 0.99744385
4.16909718 0.95153915 5.90922367 0.77064956 5.80025455 0.99755371
4.16862345 0.95117007 5.90864407 0.77004805 5.80034204 0.99765926
4.16815912 0.95080832 5.90807598 0.76945849 5.80042780 0.99776066
4.16770401 0.95045375 5.90751917 0.76888062 5.80051185 0.99785807
4.16725794 0.95010622 5.90697342 0.76831423 5.80059423 0.99795165
4.16682072 0.94976560 5.90643851 0.76775909 5.80067497 0.99804155
4.16639220 0.94943174 5.90591423 0.76721499 5.80075410 0.99812791
4.16597218 0.94910452 5.90540037 0.76668170 5.80083166 0.99821087
4.16556052 0.94878380 5.90489673 0.76615901 5.80090768 0.99829056
4.16515705 0.94846946 5.90440311 0.76564671 5.80098218 0.99836712
4.16476159 0.94816138 5.90391930 0.76514460 5.80105519 0.99844066
4.16437401 0.94785942 5.90344512 0.76465249 5.80112676 0.99851131
4.16399413 0.94756347 5.90298038 0.76417016 5.80119689 0.99857917
4.16362182 0.94727341 5.90252489 0.76369744 5.80126563 0.99864436
4.16325692 0.94698912 5.90207846 0.76323412 5.80133300 0.99870697
4.16289928 0.94671050 5.90164093 0.76278003 5.80139902 0.99876712
4.16254876 0.94643742 5.90121211 0.76233499 5.80146373 0.99882490
4.16220523 0.94616978 5.90079183 0.76189881 5.80152715 0.99888039
4.16186854 0.94590748 5.90037993 0.76147131 5.80158930 0.99893370
4.16153855 0.94565040 5.89997623 0.76105234 5.80165022 0.99898491
4.16121514 0.94539844 5.89958058 0.76064171 5.80170991 0.99903409
4.16089818 0.94515151 5.89919282 0.76023927 5.80176842 0.99908133
4.16058753 0.94490949 5.89881278 0.75984485 5.80182576 0.99912671
4.16028308 0.94467230 5.89844033 0.75945830 5.80188195 0.99917030
4.15998470 0.94443984 5.89807530 0.75907945 5.80193702 0.99921217
4.15969226 0.94421202 5.89771755 0.75870816 5.80199099 0.99925238
4.15940566 0.94398874 5.89736694 0.75834427 5.80204388 0.99929100
4.15912478 0.94376991 5.89702332 0.75798764 5.80209572 0.99932810
4.15884949 0.94355545 5.89668655 0.75763813 5.80214652 0.99936373
4.15857970 0.94334527 5.89635651 0.75729558 5.80219631 0.99939796
4.15831529 0.94313928 5.89603305 0.75695988 5.80224510 0.99943083
4.15805616 0.94293740 5.89571605 0.75663087 5.80229291 0.99946241
4.15780220 0.94273955 5.89540537 0.75630843 5.80233978 0.99949274
4.15755331 0.94254565 5.89510090 0.75599242 5.80238570 0.99952186
4.15730938 0.94235562 5.89480250 0.75568272 5.80243071 0.99954984
4.15707033 0.94216938 5.89451007 0.75537921 5.80247481 0.99957671
4.15683604 0.94198686 5.89422347 0.75508175 5.80251804 0.99960252
4.15660643 0.94180799 5.89394259 0.75479023 5.80256040 0.99962731
4.15638141 0.94163268 5.89366732 0.75450454 5.80260191 0.99965112
4.15616088 0.94146088 5.89339755 0.75422454 5.80264259 0.99967398
4.15594476 0.94129251 5.89313317 0.75395014 5.80268246 0.99969595
4.15573294 0.94112750 5.89287407 0.75368122 5.80272154 0.99971704
4.15552536 0.94096578 5.89262014 0.75341768 5.80275983 0.99973730
4.15532193 0.94080730 5.89237129 0.75315939 5.80279735 0.99975676
4.15512256 0.94065198 5.89212740 0.75290626 5.80283413 0.99977545
4.15492717 0.94049976 5.89188839 0.75265820 5.80287017 0.99979340
4.15473568 0.94035059 5.89165416 0.75241508 5.80290548 0.99981064
4.15454802 0.94020439 5.89142461 0.75217683 5.80294009 0.99982720
4.15436411 0.94006111 5.89119964 0.75194333 5.80297401 0.99984310
4.15418387 0.93992070 5.89097916 0.75171450 5.80300725 0.99985837
4.15400724 0.93978310 5.89076310 0.75149024 5.80303983 0.99987304
4.15383413 0.93964824 5.89055135 0.75127046 5.80307175 0.99988713
4.15366448 0.93951608 5.89034383 0.75105508 5.80310304 0.99990066
4.15349823 0.93938656 5.89014046 0.75084400 5.80313369 0.99991366
4.15333529 0.93925962 5.88994116 0.75063714 5.80316374 0.99992614
4.15317561 0.93913523 5.88974584 0.75043441 5.80319318 0.99993813
4.15301912 0.93901332 5.88955442 0.75023573 5.80322204 0.99994964
4.15286576 0.93889384 5.88936683 0.75004103 5.80325031 0.99996070
4.15271546 0.93877676 5.88918299 0.74985021 5.80327802 0.99997132
4.15256817 0.93866201 5.88900282 0.74966321 5.80330518 0.99998152
4.15242382 0.93854956 5.88882626 0.74947995 5.80333179 0.99999132
4.15228236 0.93843936 5.88865323 0.74930035 5.80335787 1.00000072
4.15214372 0.93833136 5.88848365 0.74912434 5.80338343 1.00000976
4.15200786 0.93822551 5.88831747 0.74895185 5.80340847 1.00001844
4.15187471 0.93812179 5.88815460 0.74878281 5.80343302 1.00002677
4.15174422 0.93802013 5.88799500 0.74861715 5.80345707 1.00003478
4.15161635 0.93792051 5.88783858 0.74845480 5.80348064 1.00004247
4.15149102 0.93782288 5.88768530 0.74829569 5.80350374 1.00004985
4.15136821 0.93772721 5.88753507 0.74813977 5.80352638 1.00005694
4.15124785 0.93763344 5.88738786 0.74798697 5.80354856 1.00006375
4.15112989 0.93754155 5.88724358 0.74783722 5.80357030 1.00007029
4.15101429 0.93745150 5.88710219 0.74769046 5.80359161 1.00007657
4.15090101 0.93736325 5.88696363 0.74754664 5.80361249 1.00008261
4.15078999 0.93727676 5.88682784 0.74740569 5.80363295 1.00008840
4.15068119 0.93719200 5.88669476 0.74726756 5.80365300 1.00009397
4.15057456 0.93710894 5.88656435 0.74713220 5.80367264 1.00009931
4.15047007 0.93702754 5.88643654 0.74699954 5.80369190 1.00010444
4.15036766 0.93694776 5.88631129 0.74686953 5.80371077 1.00010937
4.15026731 0.93686958 5.88618854 0.74674212 5.80372926 1.00011411
4.15016895 0.93679297 5.88606825 0.74661726 5.80374738 1.00011866
4.15007257 0.93671788 5.88595037 0.74649490 5.80376514 1.00012302
4.14997811 0.93664430 5.88583484 0.74637499 5.80378254 1.00012722
4.14988555 0.93657219 5.88572162 0.74625747 5.80379960 1.00013125
4.14979483 0.93650152 5.88561067 0.74614230 5.80381631 1.00013511
4.14970593 0.93643227 5.88550194 0.74602944 5.80383269 1.00013883
4.14961880 0.93636439 5.88539538 0.74591883 5.80384874 1.00014240
4.14953342 0.93629788 5.88529095 0.74581044 5.80386447 1.00014582
4.14944974 0.93623270 5.88518861 0.74570421 5.80387988 1.00014912
4.14936774 0.93616882 5.88508832 0.74560011 5.80389499 1.00015228
4.14928738 0.93610621 5.88499003 0.74549809 5.80390979 1.00015531
4.14920863 0.93604486 5.88489371 0.74539811 5.80392430 1.00015823
4.14913144 0.93598474 5.88479932 0.74530013 5.80393851 1.00016103
4.14905581 0.93592582 5.88470681 0.74520410 5.80395244 1.00016372
4.14898168 0.93586808 5.88461616 0.74511000 5.80396609 1.00016630
4.14890904 0.93581149 5.88452732 0.74501779 5.80397947 1.00016878
4.14883785 0.93575603 5.88444025 0.74492741 5.80399258 1.00017116
4.14876809 0.93570169 5.88435493 0.74483884 5.80400543 1.00017345
4.14869972 0.93564843 5.88427131 0.74475205 5.80401802 1.00017565
4.14863271 0.93559623 5.88418937 0.74466699 5.80403036 1.00017776
4.14856705 0.93554508 5.88410906 0.74458363 5.80404245 1.00017979
4.14850270 0.93549495 5.88403036 0.74450194 5.80405430 1.00018173
4.14843964 0.93544583 5.88395324 0.74442188 5.80406591 1.00018360
4.14837784 0.93539768 5.88387766 0.74434343 5.80407729 1.00018540
4.14831727 0.93535050 5.88380359 0.74426654 5.80408844 1.00018712
4.14825792 0.93530427 5.88373100 0.74419119 5.80409937 1.00018878
4.14819975 0.93525895 5.88365986 0.74411735 5.80411008 1.00019037
4.14814275 0.93521455 5.88359015 0.74404499 5.80412057 1.00019189
4.14808688 0.93517103 5.88352183 0.74397407 5.80413086 1.00019336
4.14803214 0.93512839 5.88345488 0.74390457 5.80414094 1.00019477
4.14797849 0.93508659 5.88338927 0.74383646 5.80415081 1.00019612
4.14792591 0.93504563 5.88332497 0.74376972 5.80416049 1.00019742
4.14787438 0.93500550 5.88326196 0.74370431 5.80416998 1.00019867
4.14782388 0.93496616 5.88320020 0.74364020 5.80417927 1.00019987
4.14777440 0.93492761 5.88313968 0.74357738 5.80418838 1.00020102
4.14772590 0.93488983 5.88308038 0.74351582 5.80419731 1.00020213
4.14767838 0.93485281 5.88302226 0.74345549 5.80420605 1.00020319
4.14763180 0.93481653 5.88296530 0.74339636 5.80421463 1.00020421
4.14758615 0.93478097 5.88290948 0.74333842 5.80422303 1.00020519
4.14754142 0.93474613 5.88285478 0.74328164 5.80423126 1.00020613
4.14749759 0.93471198 5.88280117 0.74322599 5.80423933 1.00020703
4.14745463 0.93467851 5.88274863 0.74317145 5.80424723 1.00020790
4.14741253 0.93464572 5.88269715 0.74311801 5.80425498 1.00020873
4.14737127 0.93461358 5.88264670 0.74306563 5.80426257 1.00020953
4.14733083 0.93458208 5.88259725 0.74301431 5.80427001 1.00021030
4.14729121 0.93455122 5.88254879 0.74296400 5.80427730 1.00021104
4.14725238 0.93452097 5.88250131 0.74291471 5.80428445 1.00021175
4.14721432 0.93449132 5.88245477 0.74286640 5.80429145 1.00021243
4.14717703 0.93446227 5.88240917 0.74281906 5.80429831 1.00021308
4.14714048 0.93443380 5.88236447 0.74277266 5.80430503 1.00021371
4.14710466 0.93440590 5.88232067 0.74272720 5.80431162 1.00021431
4.14706956 0.93437856 5.88227775 0.74268264 5.80431808 1.00021489
4.14703516 0.93435176 5.88223569 0.74263897 5.80432441 1.00021545
4.14700145 0.93432550 5.88219446 0.74259618 5.80433061 1.00021598
4.14696841 0.93429977 5.88215406 0.74255424 5.80433669 1.00021649
4.14693603 0.93427455 5.88211447 0.74251314 5.80434264 1.00021699
4.14690431 0.93424983 5.88207568 0.74247287 5.80434848 1.00021746
4.14687321 0.93422561 5.88203765 0.74243340 5.80435420 1.00021791
4.14684274 0.93420188 5.88200039 0.74239472 5.80435980 1.00021835
4.14681288 0.93417861 5.88196388 0.74235681 5.80436529 1.00021877
4.14678361 0.93415582 5.88192809 0.74231966 5.80437068 1.00021917
4.14675493 0.93413348 5.88189302 0.74228326 5.80437595 1.00021956
4.14672683 0.93411158 5.88185866 0.74224758 5.80438112 1.00021993
4.14669928 0.93409013 5.88182498 0.74221261 5.80438619 1.00022029
4.14667229 0.93406910 5.88179197 0.74217835 5.80439115 1.00022063
4.14664584 0.93404850 5.88175962 0.74214477 5.80439601 1.00022096
4.14661991 0.93402830 5.88172792 0.74211186 5.80440078 1.00022127
4.14659451 0.93400851 5.88169686 0.74207961 5.80440545 1.00022158
4.14656961 0.93398912 5.88166642 0.74204801 5.80441003 1.00022187
4.14654521 0.93397011 5.88163658 0.74201704 5.80441452 1.00022215
4.14652130 0.93395149 5.88160734 0.74198669 5.80441891 1.00022242
4.14649787 0.93393323 5.88157869 0.74195694 5.80442322 1.00022267
4.14647490 0.93391535 5.88155061 0.74192779 5.80442744 1.00022292
4.14645240 0.93389782 5.88152310 0.74189923 5.80443158 1.00022316
4.14643034 0.93388064 5.88149613 0.74187123 5.80443563 1.00022339
4.14640873 0.93386380 5.88146970 0.74184379 5.80443961 1.00022361
4.14638755 0.93384730 5.88144380 0.74181691 5.80444350 1.00022382
4.14636679 0.93383113 5.88141842 0.74179056 5.80444732 1.00022402
4.14634645 0.93381529 5.88139355 0.74176474 5.80445106 1.00022422
4.14632651 0.93379976 5.88136917 0.74173943 5.80445472 1.00022440
4.14630697 0.93378454 5.88134529 0.74171463 5.80445831 1.00022458
4.14628783 0.93376963 5.88132188 0.74169033 5.80446183 1.00022475
4.14626907 0.93375501 5.88129893 0.74166651 5.80446528 1.00022492
4.14625068 0.93374069 5.88127645 0.74164317 5.80446866 1.00022508
4.14623266 0.93372665 5.88125442 0.74162030 5.80447197 1.00022523
4.14621500 0.93371290 5.88123283 0.74159788 5.80447522 1.00022538
4.14619769 0.93369941 5.88121167 0.74157592 5.80447840 1.00022552
4.14618073 0.93368620 5.88119093 0.74155439 5.80448151 1.00022565
4.14616411 0.93367326 5.88117061 0.74153329 5.80448457 1.00022578
4.14614782 0.93366057 5.88115069 0.74151262 5.80448756 1.00022591
4.14613186 0.93364814 5.88113118 0.74149235 5.80449049 1.00022603
4.14611621 0.93363595 5.88111205 0.74147250 5.80449337 1.00022614
4.14610088 0.93362401 5.88109331 0.74145304 5.80449618 1.00022625
4.14608586 0.93361231 5.88107494 0.74143397 5.80449894 1.00022636
4.14607114 0.93360084 5.88105694 0.74141528 5.80450165 1.00022646
4.14605671 0.93358960 5.88103930 0.74139697 5.80450430 1.00022656
4.14604257 0.93357858 5.88102201 0.74137902 5.80450690 1.00022665
4.14602871 0.93356779 5.88100507 0.74136143 5.80450944 1.00022674
4.14601513 0.93355721 5.88098846 0.74134419 5.80451194 1.00022683
4.14600182 0.93354685 5.88097219 0.74132730 5.80451438 1.00022691
4.14598878 0.93353669 5.88095625 0.74131074 5.80451678 1.00022699
4.14597600 0.93352673 5.88094062 0.74129452 5.80451913 1.00022707
4.14596347 0.93351697 5.88092530 0.74127862 5.80452143 1.00022714
4.14595120 0.93350741 5.88091030 0.74126304 5.80452368 1.00022721
4.14593917 0.93349804 5.88089559 0.74124777 5.80452589 1.00022728
4.14592738 0.93348886 5.88088118 0.74123281 5.80452806 1.00022735
4.14591582 0.93347986 5.88086705 0.74121814 5.80453018 1.00022741
4.14590450 0.93347104 5.88085321 0.74120377 5.80453226 1.00022747
4.14589341 0.93346240 5.88083964 0.74118969 5.80453429 1.00022753
4.14588253 0.93345393 5.88082635 0.74117589 5.80453629 1.00022758
4.14587187 0.93344563 5.88081332 0.74116236 5.80453825 1.00022764
4.14586143 0.93343749 5.88080056 0.74114911 5.80454017 1.00022769
4.14585120 0.93342952 5.88078804 0.74113612 5.80454205 1.00022774
4.14584117 0.93342171 5.88077578 0.74112339 5.80454389 1.00022778
4.14583134 0.93341405 5.88076377 0.74111091 5.80454569 1.00022783
4.14582171 0.93340655 5.88075199 0.74109868 5.80454746 1.00022787
4.14581227 0.93339920 5.88074045 0.74108670 5.80454919 1.00022792
4.14580302 0.93339199 5.88072914 0.74107496 5.80455089 1.00022796
4.14579395 0.93338493 5.88071806 0.74106345 5.80455256 1.00022799
4.14578506 0.93337801 5.88070720 0.74105218 5.80455419 1.00022803
4.14577636 0.93337123 5.88069655 0.74104113 5.80455579 1.00022807
4.14576783 0.93336458 5.88068612 0.74103030 5.80455735 1.00022810
4.14575946 0.93335807 5.88067590 0.74101968 5.80455889 1.00022813
4.14575127 0.93335169 5.88066588 0.74100928 5.80456039 1.00022817
4.14574324 0.93334543 5.88065606 0.74099909 5.80456187 1.00022820
4.14573537 0.93333930 5.88064644 0.74098910 5.80456331 1.00022822
4.14572765 0.93333329 5.88063701 0.74097931 5.80456473 1.00022825
4.14572010 0.93332741 5.88062777 0.74096972 5.80456611 1.00022828
4.14571269 0.93332164 5.88061872 0.74096031 5.80456747 1.00022831
4.14570543 0.93331598 5.88060984 0.74095110 5.80456880 1.00022833
4.14569832 0.93331044 5.88060115 0.74094207 5.80457011 1.00022835
4.14569134 0.93330501 5.88059262 0.74093322 5.80457139 1.00022838
4.14568451 0.93329969 5.88058427 0.74092455 5.80457264 1.00022840
4.14567782 0.93329448 5.88057609 0.74091605 5.80457387 1.00022842
4.14567125 0.93328936 5.88056807 0.74090773 5.80457508 1.00022844
4.14566482 0.93328436 5.88056021 0.74089956 5.80457626 1.00022846
4.14565852 0.93327945 5.88055250 0.74089157 5.80457741 1.00022848
4.14565235 0.93327464 5.88054495 0.74088373 5.80457854 1.00022850
4.14564629 0.93326992 5.88053755 0.74087605 5.80457966 1.00022851
4.14564036 0.93326530 5.88053030 0.74086852 5.80458074 1.00022853
4.14563455 0.93326078 5.88052320 0.74086114 5.80458181 1.00022855
4.14562885 0.93325634 5.88051624 0.74085391 5.80458285 1.00022856
4.14562327 0.93325199 5.88050941 0.74084683 5.80458388 1.00022858
4.14561780 0.93324773 5.88050272 0.74083988 5.80458488 1.00022859
4.14561244 0.93324356 5.88049617 0.74083308 5.80458587 1.00022860
4.14560719 0.93323946 5.88048975 0.74082641 5.80458683 1.00022862
4.14560204 0.93323545 5.88048346 0.74081988 5.80458777 1.00022863
4.14559699 0.93323152 5.88047729 0.74081347 5.80458870 1.00022864
4.14559205 0.93322767 5.88047124 0.74080720 5.80458961 1.00022865
4.14558720 0.93322390 5.88046532 0.74080105 5.80459050 1.00022866
4.14558245 0.93322020 5.88045951 0.74079502 5.80459137 1.00022867
4.14557780 0.93321657 5.88045382 0.74078911 5.80459222 1.00022868
