9.72098470 3.79226173 4.13459692 7.97777059 7.39067815 0.01686148
9.72098767 3.79207619 4.13485947 7.97823216 7.39090886 0.01689848
9.72099067 3.79189034 4.13512262 7.97869460 7.39114023 0.01693564
9.72099371 3.79170418 4.13538637 7.97915791 7.39137225 0.01697295
9.72099677 3.79151771 4.13565072 7.97962209 7.39160494 0.01701042
9.72099987 3.79133093 4.13591568 7.98008716 7.39183830 0.01704804
9.72100301 3.79114384 4.13618124 7.98055311 7.39207232 0.01708582
9.72100617 3.79095643 4.13644741 7.98101994 7.39230701 0.01712376
9.72100937 3.79076870 4.13671420 7.98148767 7.39254237 0.01716186
9.72101260 3.79058066 4.13698160 7.98195628 7.39277841 0.01720012
9.72101587 3.79039230 4.13724962 7.98242580 7.39301513 0.01723854
9.72101917 3.79020362 4.13751826 7.98289621 7.39325254 0.01727712
9.72102251 3.79001463 4.13778752 7.98336753 7.39349062 0.01731587
9.72102588 3.78982531 4.13805741 7.98383975 7.39372940 0.01735478
9.72102928 3.78963566 4.13832792 7.98431288 7.39396886 0.01739386
9.72103272 3.78944570 4.13859906 7.98478693 7.39420902 0.01743310
9.72103619 3.78925541 4.13887084 7.98526190 7.39444988 0.01747251
9.72103970 3.78906479 4.13914325 7.98573778 7.39469144 0.01751209
9.72104325 3.78887385 4.13941630 7.98621459 7.39493370 0.01755184
9.72104683 3.78868258 4.13968999 7.98669233 7.39517666 0.01759176
9.72105044 3.78849098 4.13996432 7.98717100 7.39542034 0.01763185
9.72105409 3.78829904 4.14023930 7.98765061 7.39566472 0.01767211
9.72105778 3.78810678 4.14051492 7.98813115 7.39590983 0.01771255
9.72106150 3.78791418 4.14079120 7.98861264 7.39615565 0.01775317
9.72106526 3.78772125 4.14106814 7.98909508 7.39640219 0.01779396
9.72106905 3.78752798 4.14134572 7.98957846 7.39664946 0.01783492
9.72107288 3.78733437 4.14162397 7.99006280 7.39689746 0.01787607
9.72107675 3.78714043 4.14190288 7.99054810 7.39714619 0.01791739
9.72108066 3.78694614 4.14218246 7.99103436 7.39739565 0.01795890
9.72108460 3.78675152 4.14246270 7.99152158 7.39764585 0.01800059
9.72108858 3.78655655 4.14274362 7.99200977 7.39789679 0.01804246
9.72109260 3.78636124 4.14302521 7.99249894 7.39814848 0.01808451
9.72109665 3.78616559 4.14330747 7.99298909 7.39840091 0.01812675
9.72110075 3.78596958 4.14359042 7.99348021 7.39865410 0.01816918
9.72110488 3.78577323 4.14387404 7.99397232 7.39890804 0.01821179
9.72110905 3.78557653 4.14415835 7.99446542 7.39916274 0.01825460
9.72111325 3.78537949 4.14444335 7.99495951 7.39941820 0.01829759
9.72111750 3.78518208 4.14472904 7.99545460 7.39967442 0.01834077
9.72112179 3.78498433 4.14501543 7.99595069 7.39993141 0.01838415
9.72112611 3.78478622 4.14530251 7.99644779 7.40018918 0.01842772
9.72113048 3.78458776 4.14559029 7.99694589 7.40044772 0.01847149
9.72113488 3.78438894 4.14587878 7.99744501 7.40070704 0.01851545
9.72113932 3.78418976 4.14616797 7.99794515 7.40096714 0.01855961
9.72114381 3.78399022 4.14645787 7.99844630 7.40122803 0.01860397
9.72114833 3.78379032 4.14674848 7.99894849 7.40148970 0.01864853
9.72115290 3.78359006 4.14703980 7.99945170 7.40175217 0.01869330
9.72115750 3.78338943 4.14733185 7.99995595 7.40201544 0.01873826
9.72116215 3.78318844 4.14762462 8.00046124 7.40227950 0.01878343
9.72116683 3.78298708 4.14791811 8.00096756 7.40254438 0.01882880
9.72117156 3.78278535 4.14821233 8.00147494 7.40281005 0.01887439
9.72117633 3.78258325 4.14850728 8.00198337 7.40307654 0.01892018
9.72118114 3.78238078 4.14880296 8.00249285 7.40334385 0.01896618
9.72118599 3.78217793 4.14909938 8.00300340 7.40361197 0.01901239
9.72119089 3.78197472 4.14939654 8.00351500 7.40388092 0.01905881
9.72119582 3.78177112 4.14969445 8.00402768 7.40415069 0.01910545
9.72120080 3.78156715 4.14999310 8.00454143 7.40442130 0.01915230
9.72120582 3.78136280 4.15029251 8.00505626 7.40469273 0.01919937
9.72121089 3.78115807 4.15059267 8.00557218 7.40496501 0.01924666
9.72121600 3.78095296 4.15089358 8.00608918 7.40523813 0.01929417
9.72122115 3.78074747 4.15119526 8.00660727 7.40551209 0.01934190
9.72122634 3.78054159 4.15149770 8.00712646 7.40578691 0.01938985
9.72123158 3.78033532 4.15180090 8.00764675 7.40606257 0.01943803
9.72123687 3.78012866 4.15210488 8.00816814 7.40633910 0.01948643
9.72124219 3.77992162 4.15240964 8.00869065 7.40661649 0.01953506
9.72124757 3.77971418 4.15271517 8.00921427 7.40689474 0.01958392
9.72125298 3.77950635 4.15302148 8.00973901 7.40717387 0.01963301
9.72125845 3.77929813 4.15332858 8.01026488 7.40745386 0.01968233
9.72126395 3.77908950 4.15363646 8.01079188 7.40773474 0.01973188
9.72126951 3.77888049 4.15394514 8.01132001 7.40801650 0.01978167
9.72127510 3.77867107 4.15425461 8.01184928 7.40829915 0.01983170
9.72128075 3.77846125 4.15456488 8.01237969 7.40858268 0.01988196
9.72128644 3.77825103 4.15487596 8.01291126 7.40886711 0.01993247
9.72129218 3.77804040 4.15518784 8.01344398 7.40915245 0.01998322
9.72129796 3.77782937 4.15550053 8.01397785 7.40943868 0.02003421
9.72130379 3.77761793 4.15581404 8.01451290 7.40972583 0.02008545
9.72130967 3.77740608 4.15612836 8.01504911 7.41001388 0.02013693
9.72131560 3.77719381 4.15644350 8.01558650 7.41030286 0.02018866
9.72132157 3.77698114 4.15675947 8.01612506 7.41059275 0.02024064
9.72132759 3.77676805 4.15707627 8.01666481 7.41088357 0.02029288
9.72133366 3.77655454 4.15739391 8.01720576 7.41117532 0.02034537
9.72133978 3.77634062 4.15771237 8.01774789 7.41146801 0.02039811
9.72134595 3.77612627 4.15803168 8.01829123 7.41176163 0.02045111
9.72135217 3.77591151 4.15835184 8.01883578 7.41205620 0.02050437
9.72135843 3.77569632 4.15867284 8.01938153 7.41235172 0.02055790
9.72136475 3.77548070 4.15899470 8.01992851 7.41264819 0.02061168
9.72137111 3.77526466 4.15931741 8.02047670 7.41294561 0.02066573
9.72137753 3.77504819 4.15964098 8.02102612 7.41324400 0.02072005
9.72138399 3.77483128 4.15996542 8.02157678 7.41354336 0.02077464
9.72139051 3.77461395 4.16029072 8.02212867 7.41384369 0.02082949
9.72139708 3.77439618 4.16061690 8.02268181 7.41414500 0.02088462
9.72140370 3.77417797 4.16094395 8.02323620 7.41444729 0.02094003
9.72141037 3.77395932 4.16127189 8.02379185 7.41475056 0.02099571
9.72141709 3.77374024 4.16160071 8.02434875 7.41505483 0.02105166
9.72142386 3.77352071 4.16193042 8.02490693 7.41536009 0.02110790
9.72143069 3.77330073 4.16226102 8.02546637 7.41566635 0.02116443
9.72143757 3.77308032 4.16259252 8.02602710 7.41597362 0.02122123
9.72144450 3.77285945 4.16292493 8.02658911 7.41628190 0.02127833
9.72145149 3.77263813 4.16325824 8.02715241 7.41659120 0.02133571
9.72145853 3.77241636 4.16359246 8.02771700 7.41690151 0.02139338
9.72146562 3.77219414 4.16392760 8.02828290 7.41721286 0.02145135
9.72147277 3.77197146 4.16426365 8.02885011 7.41752523 0.02150961
9.72147997 3.77174832 4.16460063 8.02941863 7.41783864 0.02156817
9.72148723 3.77152472 4.16493854 8.02998847 7.41815310 0.02162703
9.72149454 3.77130066 4.16527738 8.03055964 7.41846860 0.02168619
9.72150191 3.77107614 4.16561716 8.03113214 7.41878515 0.02174565
9.72150933 3.77085114 4.16595789 8.03170598 7.41910277 0.02180542
9.72151681 3.77062568 4.16629955 8.03228116 7.41942144 0.02186550
9.72152434 3.77039975 4.16664217 8.03285770 7.41974119 0.02192589
9.72153194 3.77017335 4.16698575 8.03343559 7.42006200 0.02198659
9.72153958 3.76994647 4.16733029 8.03401485 7.42038390 0.02204761
9.72154729 3.76971912 4.16767579 8.03459547 7.42070688 0.02210895
9.72155505 3.76949128 4.16802226 8.03517748 7.42103096 0.02217060
9.72156288 3.76926297 4.16836971 8.03576087 7.42135613 0.02223258
9.72157076 3.76903417 4.16871814 8.03634565 7.42168240 0.02229489
9.72157869 3.76880488 4.16906755 8.03693182 7.42200978 0.02235752
9.72158669 3.76857511 4.16941795 8.03751940 7.42233827 0.02242048
9.72159475 3.76834484 4.16976935 8.03810839 7.42266788 0.02248378
9.72160286 3.76811409 4.17012175 8.03869879 7.42299862 0.02254741
9.72161104 3.76788284 4.17047515 8.03929062 7.42333049 0.02261138
9.72161928 3.76765109 4.17082956 8.03988388 7.42366349 0.02267569
9.72162757 3.76741884 4.17118498 8.04047858 7.42399764 0.02274034
9.72163593 3.76718609 4.17154143 8.04107472 7.42433293 0.02280533
9.72164435 3.76695284 4.17189890 8.04167231 7.42466938 0.02287068
9.72165283 3.76671908 4.17225740 8.04227136 7.42500699 0.02293638
9.72166138 3.76648481 4.17261694 8.04287187 7.42534577 0.02300243
9.72166998 3.76625003 4.17297751 8.04347386 7.42568572 0.02306883
9.72167865 3.76601474 4.17333913 8.04407733 7.42602685 0.02313560
9.72168738 3.76577893 4.17370181 8.04468228 7.42636916 0.02320272
9.72169618 3.76554260 4.17406554 8.04528873 7.42671267 0.02327022
9.72170503 3.76530575 4.17443033 8.04589668 7.42705737 0.02333807
9.72171396 3.76506838 4.17479619 8.04650614 7.42740328 0.02340630
9.72172294 3.76483048 4.17516312 8.04711711 7.42775040 0.02347491
9.72173200 3.76459206 4.17553113 8.04772961 7.42809873 0.02354389
9.72174111 3.76435310 4.17590023 8.04834364 7.42844829 0.02361325
9.72175030 3.76411361 4.17627041 8.04895921 7.42879908 0.02368299
9.72175955 3.76387358 4.17664169 8.04957632 7.42915111 0.02375312
9.72176886 3.76363301 4.17701407 8.05019499 7.42950438 0.02382363
9.72177825 3.76339191 4.17738756 8.05081523 7.42985890 0.02389454
9.72178770 3.76315026 4.17776216 8.05143703 7.43021467 0.02396584
9.72179721 3.76290806 4.17813787 8.05206041 7.43057171 0.02403754
9.72180680 3.76266531 4.17851472 8.05268537 7.43093002 0.02410964
9.72181645 3.76242201 4.17889269 8.05331193 7.43128961 0.02418214
9.72182618 3.76217816 4.17927180 8.05394010 7.43165048 0.02425506
9.72183597 3.76193375 4.17965205 8.05456987 7.43201265 0.02432838
9.72184583 3.76168878 4.18003345 8.05520126 7.43237611 0.02440212
9.72185576 3.76144324 4.18041600 8.05583427 7.43274088 0.02447627
9.72186577 3.76119715 4.18079971 8.05646893 7.43310696 0.02455085
9.72187584 3.76095048 4.18118459 8.05710522 7.43347436 0.02462584
9.72188598 3.76070324 4.18157064 8.05774317 7.43384309 0.02470127
9.72189620 3.76045543 4.18195787 8.05838277 7.43421315 0.02477713
9.72190649 3.76020704 4.18234629 8.05902405 7.43458455 0.02485342
9.72191685 3.75995807 4.18273589 8.05966700 7.43495731 0.02493016
9.72192729 3.75970852 4.18312670 8.06031164 7.43533142 0.02500733
9.72193779 3.75945838 4.18351871 8.06095797 7.43570689 0.02508495
9.72194838 3.75920765 4.18391193 8.06160600 7.43608374 0.02516302
9.72195903 3.75895633 4.18430637 8.06225575 7.43646196 0.02524154
9.72196976 3.75870442 4.18470203 8.06290722 7.43684157 0.02532052
9.72198057 3.75845191 4.18509892 8.06356042 7.43722258 0.02539996
9.72199145 3.75819880 4.18549705 8.06421536 7.43760499 0.02547986
9.72200241 3.75794508 4.18589642 8.06487205 7.43798882 0.02556024
9.72201345 3.75769076 4.18629705 8.06553050 7.43837406 0.02564108
9.72202456 3.75743583 4.18669893 8.06619071 7.43876073 0.02572240
9.72203575 3.75718028 4.18710208 8.06685270 7.43914883 0.02580421
9.72204702 3.75692412 4.18750650 8.06751648 7.43953837 0.02588649
9.72205837 3.75666734 4.18791220 8.06818205 7.43992937 0.02596927
9.72206979 3.75640994 4.18831918 8.06884943 7.44032183 0.02605253
9.72208130 3.75615191 4.18872746 8.06951862 7.44071575 0.02613630
9.72209288 3.75589325 4.18913704 8.07018964 7.44111115 0.02622056
9.72210455 3.75563396 4.18954792 8.07086249 7.44150804 0.02630534
9.72211630 3.75537403 4.18996012 8.07153718 7.44190642 0.02639062
9.72212813 3.75511347 4.19037364 8.07221373 7.44230630 0.02647641
9.72214004 3.75485226 4.19078849 8.07289215 7.44270769 0.02656272
9.72215203 3.75459041 4.19120468 8.07357244 7.44311060 0.02664956
9.72216411 3.75432790 4.19162221 8.07425461 7.44351504 0.02673693
9.72217627 3.75406475 4.19204110 8.07493868 7.44392102 0.02682482
9.72218851 3.75380093 4.19246134 8.07562465 7.44432854 0.02691326
9.72220084 3.75353646 4.19288295 8.07631254 7.44473762 0.02700223
9.72221326 3.75327132 4.19330594 8.07700236 7.44514826 0.02709175
9.72222576 3.75300552 4.19373031 8.07769411 7.44556048 0.02718182
9.72223834 3.75273905 4.19415607 8.07838781 7.44597428 0.02727245
9.72225101 3.75247190 4.19458323 8.07908347 7.44638967 0.02736364
9.72226377 3.75220408 4.19501180 8.07978110 7.44680666 0.02745540
9.72227662 3.75193557 4.19544178 8.08048071 7.44722526 0.02754772
9.72228956 3.75166638 4.19587318 8.08118231 7.44764548 0.02764062
9.72230258 3.75139650 4.19630602 8.08188591 7.44806733 0.02773411
9.72231570 3.75112593 4.19674030 8.08259153 7.44849082 0.02782818
9.72232890 3.75085466 4.19717602 8.08329917 7.44891596 0.02792284
9.72234220 3.75058269 4.19761320 8.08400885 7.44934276 0.02801809
9.72235559 3.75031002 4.19805185 8.08472058 7.44977123 0.02811395
9.72236907 3.75003664 4.19849197 8.08543436 7.45020138 0.02821042
9.72238264 3.74976255 4.19893357 8.08615022 7.45063322 0.02830750
9.72239630 3.74948774 4.19937666 8.08686816 7.45106675 0.02840520
9.72241006 3.74921221 4.19982125 8.08758820 7.45150200 0.02850352
9.72242391 3.74893596 4.20026735 8.08831034 7.45193897 0.02860247
9.72243786 3.74865898 4.20071497 8.08903461 7.45237766 0.02870206
9.72245190 3.74838126 4.20116411 8.08976100 7.45281810 0.02880229
9.72246604 3.74810282 4.20161479 8.09048954 7.45326029 0.02890317
9.72248028 3.74782363 4.20206702 8.09122024 7.45370425 0.02900470
9.72249461 3.74754370 4.20252080 8.09195310 7.45414997 0.02910689
9.72250904 3.74726301 4.20297614 8.09268814 7.45459748 0.02920975
9.72252357 3.74698158 4.20343305 8.09342538 7.45504679 0.02931327
9.72253820 3.74669939 4.20389155 8.09416483 7.45549790 0.02941748
9.72255293 3.74641644 4.20435164 8.09490649 7.45595082 0.02952237
9.72256776 3.74613272 4.20481333 8.09565039 7.45640558 0.02962795
9.72258269 3.74584823 4.20527663 8.09639654 7.45686218 0.02973422
9.72259772 3.74556296 4.20574155 8.09714494 7.45732062 0.02984120
9.72261285 3.74527692 4.20620810 8.09789562 7.45778094 0.02994889
9.72262809 3.74499009 4.20667629 8.09864858 7.45824312 0.03005730
9.72264344 3.74470248 4.20714613 8.09940384 7.45870719 0.03016643
9.72265888 3.74441407 4.20761764 8.10016142 7.45917316 0.03027629
9.72267443 3.74412487 4.20809081 8.10092132 7.45964104 0.03038689
9.72269009 3.74383486 4.20856567 8.10168357 7.46011084 0.03049824
9.72270586 3.74354404 4.20904221 8.10244817 7.46058258 0.03061033
9.72272173 3.74325242 4.20952046 8.10321514 7.46105626 0.03072319
9.72273771 3.74295997 4.21000042 8.10398449 7.46153190 0.03083681
9.72275380 3.74266671 4.21048211 8.10475625 7.46200951 0.03095120
9.72277000 3.74237262 4.21096553 8.10553041 7.46248911 0.03106638
9.72278631 3.74207770 4.21145069 8.10630700 7.46297070 0.03118234
9.72280273 3.74178194 4.21193761 8.10708604 7.46345430 0.03129910
9.72281926 3.74148534 4.21242630 8.10786753 7.46393993 0.03141667
9.72283591 3.74118790 4.21291676 8.10865150 7.46442759 0.03153504
9.72285266 3.74088960 4.21340902 8.10943795 7.46491729 0.03165424
9.72286954 3.74059045 4.21390307 8.11022691 7.46540906 0.03177426
9.72288652 3.74029043 4.21439894 8.11101839 7.46590291 0.03189512
9.72290363 3.73998955 4.21489663 8.11181240 7.46639884 0.03201683
9.72292085 3.73968780 4.21539615 8.11260896 7.46689688 0.03213938
9.72293818 3.73938517 4.21589752 8.11340808 7.46739703 0.03226280
9.72295564 3.73908165 4.21640075 8.11420979 7.46789931 0.03238709
9.72297321 3.73877725 4.21690586 8.11501410 7.46840374 0.03251225
9.72299091 3.73847195 4.21741284 8.11582102 7.46891032 0.03263831
9.72300872 3.73816576 4.21792172 8.11663058 7.46941907 0.03276526
9.72302666 3.73785866 4.21843251 8.11744278 7.46993001 0.03289311
9.72304471 3.73755065 4.21894521 8.11825764 7.47044316 0.03302188
9.72306290 3.73724172 4.21945985 8.11907519 7.47095851 0.03315157
9.72308120 3.73693187 4.21997643 8.11989544 7.47147610 0.03328219
9.72309963 3.73662109 4.22049497 8.12071840 7.47199593 0.03341376
9.72311819 3.73630938 4.22101548 8.12154410 7.47251803 0.03354628
9.72313687 3.73599673 4.22153798 8.12237254 7.47304239 0.03367976
9.72315568 3.73568314 4.22206247 8.12320376 7.47356905 0.03381421
9.72317462 3.73536859 4.22258897 8.12403776 7.47409802 0.03394965
9.72319368 3.73505309 4.22311749 8.12487457 7.47462930 0.03408607
9.72321288 3.73473662 4.22364805 8.12571420 7.47516293 0.03422350
9.72323221 3.73441918 4.22418066 8.12655667 7.47569891 0.03436194
9.72325167 3.73410077 4.22471533 8.12740201 7.47623725 0.03450140
9.72327127 3.73378138 4.22525208 8.12825022 7.47677798 0.03464189
9.72329099 3.73346099 4.22579092 8.12910133 7.47732112 0.03478343
9.72331086 3.73313961 4.22633187 8.12995535 7.47786667 0.03492602
9.72333086 3.73281723 4.22687493 8.13081232 7.47841466 0.03506969
9.72335099 3.73249384 4.22742013 8.13167223 7.47896509 0.03521442
9.72337126 3.73216944 4.22796748 8.13253513 7.47951800 0.03536025
9.72339168 3.73184402 4.22851700 8.13340102 7.48007339 0.03550718
9.72341223 3.73151756 4.22906869 8.13426992 7.48063129 0.03565522
9.72343292 3.73119008 4.22962257 8.13514186 7.48119170 0.03580438
9.72345376 3.73086155 4.23017866 8.13601686 7.48175466 0.03595468
9.72347473 3.73053197 4.23073697 8.13689493 7.48232017 0.03610613
9.72349586 3.73020134 4.23129753 8.13777610 7.48288825 0.03625873
9.72351712 3.72986964 4.23186033 8.13866039 7.48345892 0.03641251
9.72353853 3.72953688 4.23242541 8.13954781 7.48403221 0.03656748
9.72356009 3.72920304 4.23299277 8.14043840 7.48460812 0.03672365
9.72358180 3.72886811 4.23356243 8.14133217 7.48518668 0.03688102
9.72360366 3.72853209 4.23413441 8.14222915 7.48576791 0.03703962
9.72362567 3.72819498 4.23470872 8.14312935 7.48635182 0.03719946
9.72364783 3.72785675 4.23528539 8.14403280 7.48693843 0.03736055
9.72367014 3.72751742 4.23586441 8.14493952 7.48752777 0.03752291
9.72369261 3.72717696 4.23644583 8.14584954 7.48811985 0.03768655
9.72371523 3.72683538 4.23702964 8.14676287 7.48871469 0.03785148
9.72373800 3.72649265 4.23761587 8.14767954 7.48931231 0.03801771
9.72376094 3.72614878 4.23820453 8.14859958 7.48991274 0.03818528
9.72378403 3.72580376 4.23879565 8.14952301 7.49051599 0.03835417
9.72380728 3.72545758 4.23938924 8.15044984 7.49112209 0.03852442
9.72383069 3.72511023 4.23998531 8.15138011 7.49173105 0.03869604
9.72385427 3.72476171 4.24058389 8.15231384 7.49234289 0.03886904
9.72387801 3.72441199 4.24118499 8.15325105 7.49295764 0.03904344
9.72390191 3.72406109 4.24178863 8.15419177 7.49357532 0.03921925
9.72392598 3.72370898 4.24239483 8.15513603 7.49419594 0.03939649
9.72395022 3.72335567 4.24300361 8.15608384 7.49481954 0.03957518
9.72397462 3.72300113 4.24361499 8.15703524 7.49544613 0.03975534
9.72399919 3.72264537 4.24422898 8.15799025 7.49607574 0.03993697
9.72402394 3.72228837 4.24484561 8.15894890 7.49670838 0.04012010
9.72404885 3.72193012 4.24546490 8.15991121 7.49734408 0.04030474
9.72407394 3.72157062 4.24608685 8.16087721 7.49798287 0.04049092
9.72409921 3.72120986 4.24671151 8.16184693 7.49862476 0.04067865
9.72412465 3.72084783 4.24733888 8.16282039 7.49926978 0.04086794
9.72415027 3.72048451 4.24796898 8.16379762 7.49991796 0.04105882
9.72417607 3.72011990 4.24860184 8.16477865 7.50056931 0.04125130
9.72420205 3.71975400 4.24923747 8.16576351 7.50122387 0.04144541
9.72422821 3.71938678 4.24987590 8.16675222 7.50188165 0.04164116
9.72425455 3.71901824 4.25051715 8.16774482 7.50254267 0.04183857
9.72428108 3.71864838 4.25116123 8.16874133 7.50320698 0.04203766
9.72430779 3.71827718 4.25180818 8.16974179 7.50387458 0.04223845
9.72433470 3.71790462 4.25245801 8.17074621 7.50454551 0.04244096
9.72436179 3.71753071 4.25311074 8.17175464 7.50521980 0.04264522
9.72438907 3.71715543 4.25376640 8.17276710 7.50589745 0.04285124
9.72441654 3.71677877 4.25442501 8.17378362 7.50657852 0.04305904
9.72444421 3.71640072 4.25508659 8.17480423 7.50726301 0.04326865
9.72447207 3.71602128 4.25575116 8.17582897 7.50795095 0.04348009
9.72450013 3.71564042 4.25641875 8.17685786 7.50864239 0.04369338
9.72452839 3.71525814 4.25708938 8.17789095 7.50933733 0.04390854
9.72455685 3.71487443 4.25776308 8.17892825 7.51003581 0.04412559
9.72458551 3.71448927 4.25843986 8.17996980 7.51073785 0.04434457
9.72461437 3.71410266 4.25911976 8.18101564 7.51144349 0.04456548
9.72464344 3.71371459 4.25980279 8.18206580 7.51215276 0.04478836
9.72467271 3.71332504 4.26048899 8.18312030 7.51286567 0.04501323
9.72470220 3.71293400 4.26117837 8.18417920 7.51358227 0.04524012
9.72473189 3.71254147 4.26187096 8.18524251 7.51430257 0.04546905
9.72476179 3.71214742 4.26256679 8.18631028 7.51502662 0.04570004
9.72479191 3.71175185 4.26326588 8.18738254 7.51575443 0.04593312
9.72482224 3.71135474 4.26396827 8.18845932 7.51648605 0.04616832
9.72485279 3.71095609 4.26467396 8.18954067 7.51722149 0.04640567
9.72488356 3.71055588 4.26538300 8.19062661 7.51796080 0.04664518
9.72491455 3.71015410 4.26609541 8.19171719 7.51870400 0.04688690
9.72494576 3.70975074 4.26681121 8.19281243 7.51945113 0.04713084
9.72497719 3.70934578 4.26753044 8.19391239 7.52020221 0.04737704
9.72500885 3.70893921 4.26825312 8.19501709 7.52095728 0.04762552
9.72504074 3.70853102 4.26897928 8.19612657 7.52171638 0.04787631
9.72507286 3.70812120 4.26970894 8.19724088 7.52247953 0.04812945
9.72510521 3.70770973 4.27044215 8.19836005 7.52324677 0.04838496
9.72513780 3.70729659 4.27117892 8.19948413 7.52401813 0.04864288
9.72517062 3.70688179 4.27191928 8.20061314 7.52479365 0.04890323
9.72520367 3.70646529 4.27266327 8.20174714 7.52557336 0.04916605
9.72523697 3.70604709 4.27341091 8.20288616 7.52635730 0.04943137
9.72527051 3.70562718 4.27416224 8.20403024 7.52714550 0.04969922
9.72530430 3.70520554 4.27491728 8.20517943 7.52793800 0.04996963
9.72533833 3.70478215 4.27567607 8.20633377 7.52873484 0.05024265
9.72537260 3.70435701 4.27643864 8.20749330 7.52953604 0.05051830
9.72540713 3.70393009 4.27720502 8.20865807 7.53034165 0.05079662
9.72544191 3.70350138 4.27797525 8.20982811 7.53115171 0.05107765
9.72547695 3.70307088 4.27874934 8.21100348 7.53196625 0.05136141
9.72551224 3.70263855 4.27952735 8.21218422 7.53278532 0.05164796
9.72554779 3.70220439 4.28030930 8.21337037 7.53360894 0.05193732
9.72558360 3.70176838 4.28109522 8.21456198 7.53443717 0.05222953
9.72561968 3.70133051 4.28188515 8.21575909 7.53527003 0.05252463
9.72565602 3.70089076 4.28267912 8.21696176 7.53610757 0.05282267
9.72569263 3.70044912 4.28347718 8.21817003 7.53694984 0.05312368
9.72572951 3.70000556 4.28427934 8.21938394 7.53779686 0.05342770
9.72576667 3.69956007 4.28508566 8.22060355 7.53864869 0.05373477
9.72580410 3.69911264 4.28589616 8.22182891 7.53950537 0.05404494
9.72584180 3.69866325 4.28671089 8.22306007 7.54036693 0.05435825
9.72587979 3.69821188 4.28752987 8.22429707 7.54123342 0.05467474
9.72591806 3.69775851 4.28835315 8.22553997 7.54210489 0.05499446
9.72595662 3.69730313 4.28918076 8.22678882 7.54298137 0.05531745
9.72599546 3.69684572 4.29001275 8.22804367 7.54386292 0.05564375
9.72603460 3.69638626 4.29084914 8.22930457 7.54474958 0.05597342
9.72607403 3.69592473 4.29168999 8.23057158 7.54564139 0.05630651
9.72611375 3.69546112 4.29253533 8.23184476 7.54653840 0.05664305
9.72615377 3.69499541 4.29338520 8.23312415 7.54744065 0.05698310
9.72619410 3.69452757 4.29423964 8.23440981 7.54834820 0.05732671
9.72623473 3.69405760 4.29509869 8.23570180 7.54926110 0.05767393
9.72627566 3.69358546 4.29596239 8.23700017 7.55017938 0.05802481
9.72631691 3.69311114 4.29683080 8.23830499 7.55110310 0.05837941
9.72635846 3.69263463 4.29770394 8.23961631 7.55203232 0.05873777
9.72640034 3.69215590 4.29858186 8.24093419 7.55296707 0.05909996
9.72644253 3.69167493 4.29946461 8.24225869 7.55390741 0.05946603
9.72648504 3.69119170 4.30035223 8.24358987 7.55485339 0.05983603
9.72652788 3.69070619 4.30124476 8.24492778 7.55580507 0.06021003
9.72657104 3.69021838 4.30214225 8.24627251 7.55676250 0.06058807
9.72661454 3.68972825 4.30304475 8.24762409 7.55772572 0.06097023
9.72665837 3.68923577 4.30395230 8.24898261 7.55869480 0.06135656
9.72670253 3.68874093 4.30486495 8.25034812 7.55966979 0.06174712
9.72674704 3.68824371 4.30578275 8.25172069 7.56065074 0.06214198
9.72679189 3.68774407 4.30670574 8.25310038 7.56163771 0.06254120
9.72683708 3.68724201 4.30763398 8.25448726 7.56263076 0.06294485
9.72688263 3.68673749 4.30856751 8.25588140 7.56362994 0.06335299
9.72692852 3.68623049 4.30950639 8.25728287 7.56463532 0.06376569
9.72697478 3.68572099 4.31045066 8.25869174 7.56564695 0.06418303
9.72702139 3.68520897 4.31140037 8.26010807 7.56666489 0.06460506
9.72706837 3.68469440 4.31235558 8.26153194 7.56768920 0.06503187
9.72711571 3.68417726 4.31331635 8.26296341 7.56871994 0.06546352
9.72716343 3.68365753 4.31428271 8.26440257 7.56975718 0.06590009
9.72721152 3.68313517 4.31525474 8.26584949 7.57080098 0.06634166
9.72725998 3.68261016 4.31623248 8.26730423 7.57185140 0.06678830
9.72730883 3.68208249 4.31721598 8.26876688 7.57290851 0.06724009
9.72735806 3.68155211 4.31820531 8.27023752 7.57397236 0.06769711
9.72740769 3.68101901 4.31920052 8.27171621 7.57504303 0.06815945
9.72745770 3.68048316 4.32020167 8.27320305 7.57612059 0.06862718
9.72750811 3.67994453 4.32120881 8.27469810 7.57720510 0.06910040
9.72755892 3.67940310 4.32222201 8.27620146 7.57829663 0.06957918
9.72761014 3.67885883 4.32324133 8.27771319 7.57939524 0.07006362
9.72766176 3.67831171 4.32426682 8.27923339 7.58050102 0.07055381
9.72771380 3.67776169 4.32529855 8.28076214 7.58161403 0.07104984
9.72776625 3.67720876 4.32633657 8.28229952 7.58273434 0.07155180
9.72781913 3.67665288 4.32738096 8.28384562 7.58386203 0.07205978
9.72787243 3.67609402 4.32843178 8.28540053 7.58499717 0.07257389
9.72792615 3.67553216 4.32948909 8.28696433 7.58613983 0.07309422
9.72798032 3.67496727 4.33055295 8.28853712 7.58729010 0.07362088
9.72803492 3.67439930 4.33162344 8.29011898 7.58844804 0.07415396
9.72808996 3.67382824 4.33270061 8.29171001 7.58961374 0.07469358
9.72814545 3.67325405 4.33378455 8.29331030 7.59078727 0.07523983
9.72820140 3.67267670 4.33487531 8.29491995 7.59196873 0.07579283
9.72825779 3.67209616 4.33597296 8.29653905 7.59315817 0.07635270
9.72831465 3.67151239 4.33707759 8.29816769 7.59435570 0.07691953
9.72837198 3.67092536 4.33818926 8.29980599 7.59556139 0.07749346
9.72842978 3.67033503 4.33930803 8.30145402 7.59677533 0.07807459
9.72848805 3.66974138 4.34043400 8.30311191 7.59799759 0.07866305
9.72854680 3.66914437 4.34156722 8.30477974 7.59922828 0.07925896
9.72860604 3.66854396 4.34270778 8.30645763 7.60046747 0.07986245
9.72866577 3.66794012 4.34385575 8.30814567 7.60171526 0.08047364
9.72872599 3.66733282 4.34501122 8.30984398 7.60297174 0.08109267
9.72878672 3.66672200 4.34617425 8.31155266 7.60423699 0.08171967
9.72884795 3.66610765 4.34734493 8.31327183 7.60551111 0.08235477
9.72890969 3.66548972 4.34852335 8.31500158 7.60679419 0.08299812
9.72897195 3.66486817 4.34970957 8.31674204 7.60808633 0.08364985
9.72903474 3.66424296 4.35090369 8.31849332 7.60938763 0.08431011
9.72909805 3.66361406 4.35210579 8.32025553 7.61069818 0.08497905
9.72916189 3.66298143 4.35331596 8.32202880 7.61201808 0.08565682
9.72922628 3.66234502 4.35453427 8.32381323 7.61334743 0.08634357
9.72929120 3.66170480 4.35576083 8.32560896 7.61468634 0.08703946
9.72935668 3.66106072 4.35699571 8.32741609 7.61603490 0.08774465
9.72942272 3.66041275 4.35823902 8.32923477 7.61739322 0.08845930
9.72948932 3.65976083 4.35949083 8.33106510 7.61876141 0.08918358
9.72955649 3.65910494 4.36075124 8.33290722 7.62013957 0.08991766
9.72962424 3.65844501 4.36202035 8.33476126 7.62152782 0.09066172
9.72969256 3.65778102 4.36329825 8.33662734 7.62292625 0.09141593
9.72976148 3.65711291 4.36458504 8.33850560 7.62433499 0.09218047
9.72983099 3.65644064 4.36588081 8.34039618 7.62575415 0.09295553
9.72990110 3.65576416 4.36718566 8.34229920 7.62718384 0.09374130
9.72997181 3.65508343 4.36849970 8.34421482 7.62862417 0.09453798
9.73004314 3.65439840 4.36982303 8.34614315 7.63007528 0.09534575
9.73011510 3.65370902 4.37115574 8.34808436 7.63153726 0.09616483
9.73018768 3.65301525 4.37249795 8.35003858 7.63301026 0.09699541
9.73026089 3.65231703 4.37384976 8.35200595 7.63449438 0.09783771
9.73033475 3.65161431 4.37521127 8.35398663 7.63598975 0.09869194
9.73040925 3.65090705 4.37658260 8.35598076 7.63749650 0.09955833
9.73048442 3.65019518 4.37796385 8.35798849 7.63901476 0.10043709
9.73056024 3.64947867 4.37935515 8.36000999 7.64054465 0.10132845
9.73063674 3.64875746 4.38075659 8.36204540 7.64208631 0.10223266
9.73071391 3.64803149 4.38216830 8.36409488 7.64363987 0.10314994
9.73079178 3.64730071 4.38359039 8.36615859 7.64520547 0.10408055
9.73087033 3.64656507 4.38502298 8.36823670 7.64678323 0.10502473
9.73094959 3.64582451 4.38646619 8.37032936 7.64837331 0.10598273
9.73102956 3.64507897 4.38792014 8.37243675 7.64997583 0.10695483
9.73111024 3.64432839 4.38938496 8.37455904 7.65159094 0.10794127
9.73119165 3.64357273 4.39086076 8.37669639 7.65321879 0.10894235
9.73127380 3.64281191 4.39234768 8.37884897 7.65485952 0.10995832
9.73135669 3.64204588 4.39384584 8.38101697 7.65651328 0.11098948
9.73144033 3.64127459 4.39535537 8.38320056 7.65818022 0.11203612
9.73152472 3.64049796 4.39687640 8.38539993 7.65986048 0.11309854
9.73160989 3.63971594 4.39840907 8.38761524 7.66155423 0.11417703
9.73169584 3.63892846 4.39995351 8.38984670 7.66326162 0.11527190
9.73178257 3.63813546 4.40150985 8.39209449 7.66498280 0.11638348
9.73187009 3.63733688 4.40307824 8.39435879 7.66671794 0.11751208
9.73195842 3.63653264 4.40465881 8.39663981 7.66846720 0.11865803
9.73204757 3.63572269 4.40625172 8.39893773 7.67023074 0.11982168
9.73213753 3.63490696 4.40785709 8.40125275 7.67200873 0.12100337
9.73222833 3.63408538 4.40947507 8.40358508 7.67380134 0.12220344
9.73231997 3.63325788 4.41110582 8.40593492 7.67560873 0.12342227
9.73241247 3.63242439 4.41274949 8.40830246 7.67743108 0.12466021
9.73250582 3.63158484 4.41440621 8.41068793 7.67926856 0.12591764
9.73260005 3.63073915 4.41607616 8.41309153 7.68112136 0.12719495
9.73269515 3.62988727 4.41775947 8.41551347 7.68298964 0.12849253
9.73279115 3.62902911 4.41945632 8.41795398 7.68487359 0.12981078
9.73288806 3.62816459 4.42116685 8.42041326 7.68677340 0.13115010
9.73298587 3.62729365 4.42289122 8.42289155 7.68868925 0.13251093
9.73308461 3.62641621 4.42462961 8.42538905 7.69062132 0.13389367
9.73318428 3.62553219 4.42638218 8.42790601 7.69256981 0.13529878
9.73328490 3.62464151 4.42814909 8.43044266 7.69453491 0.13672670
9.73338647 3.62374410 4.42993050 8.43299921 7.69651681 0.13817787
9.73348901 3.62283987 4.43172660 8.43557591 7.69851571 0.13965278
9.73359253 3.62192874 4.43353755 8.43817300 7.70053181 0.14115188
9.73369704 3.62101063 4.43536353 8.44079071 7.70256531 0.14267568
9.73380255 3.62008547 4.43720471 8.44342930 7.70461642 0.14422466
9.73390907 3.61915316 4.43906128 8.44608899 7.70668533 0.14579932
9.73401662 3.61821362 4.44093341 8.44877006 7.70877226 0.14740019
9.73412520 3.61726677 4.44282128 8.45147273 7.71087742 0.14902780
9.73423483 3.61631253 4.44472508 8.45419727 7.71300102 0.15068267
9.73434552 3.61535079 4.44664499 8.45694394 7.71514327 0.15236536
9.73445729 3.61438148 4.44858121 8.45971299 7.71730439 0.15407644
9.73457014 3.61340451 4.45053391 8.46250469 7.71948460 0.15581646
9.73468408 3.61241978 4.45250330 8.46531929 7.72168411 0.15758603
9.73479913 3.61142721 4.45448957 8.46815707 7.72390316 0.15938572
9.73491531 3.61042671 4.45649291 8.47101829 7.72614197 0.16121616
9.73503262 3.60941817 4.45851351 8.47390323 7.72840076 0.16307795
9.73515108 3.60840152 4.46055158 8.47681215 7.73067975 0.16497173
9.73527070 3.60737666 4.46260731 8.47974534 7.73297919 0.16689815
9.73539150 3.60634348 4.46468092 8.48270308 7.73529931 0.16885785
9.73551348 3.60530191 4.46677259 8.48568563 7.73764033 0.17085151
9.73563666 3.60425183 4.46888253 8.48869329 7.74000250 0.17287982
9.73576105 3.60319316 4.47101096 8.49172634 7.74238604 0.17494345
9.73588667 3.60212580 4.47315807 8.49478507 7.74479120 0.17704313
9.73601353 3.60104964 4.47532408 8.49786976 7.74721823 0.17917956
9.73614165 3.59996460 4.47750919 8.50098070 7.74966735 0.18135349
9.73627103 3.59887057 4.47971362 8.50411818 7.75213881 0.18356566
9.73640170 3.59776745 4.48193758 8.50728250 7.75463286 0.18581681
9.73653365 3.59665514 4.48418128 8.51047394 7.75714974 0.18810774
9.73666692 3.59553355 4.48644493 8.51369281 7.75968970 0.19043921
9.73680151 3.59440257 4.48872874 8.51693940 7.76225298 0.19281203
9.73693744 3.59326210 4.49103294 8.52021401 7.76483983 0.19522700
9.73707471 3.59211204 4.49335773 8.52351692 7.76745050 0.19768495
9.73721335 3.59095229 4.49570333 8.52684845 7.77008523 0.20018670
9.73735337 3.58978275 4.49806996 8.53020888 7.77274427 0.20273311
9.73749478 3.58860332 4.50045783 8.53359851 7.77542787 0.20532502
9.73763760 3.58741389 4.50286715 8.53701764 7.77813628 0.20796332
9.73778183 3.58621437 4.50529815 8.54046657 7.78086974 0.21064887
9.73792750 3.58500466 4.50775103 8.54394559 7.78362849 0.21338258
9.73807461 3.58378465 4.51022600 8.54745499 7.78641279 0.21616533
9.73822319 3.58255424 4.51272328 8.55099507 7.78922288 0.21899805
9.73837323 3.58131335 4.51524307 8.55456612 7.79205899 0.22188165
9.73852477 3.58006186 4.51778560 8.55816843 7.79492137 0.22481707
9.73867781 3.57879969 4.52035105 8.56180228 7.79781026 0.22780523
9.73883236 3.57752673 4.52293965 8.56546795 7.80072589 0.23084709
9.73898843 3.57624289 4.52555158 8.56916573 7.80366850 0.23394360
9.73914605 3.57494808 4.52818706 8.57289589 7.80663830 0.23709572
9.73930522 3.57364220 4.53084627 8.57665871 7.80963554 0.24030441
9.73946596 3.57232516 4.53352940 8.58045444 7.81266043 0.24357064
9.73962827 3.57099688 4.53623666 8.58428336 7.81571320 0.24689538
9.73979217 3.56965727 4.53896823 8.58814572 7.81879404 0.25027960
9.73995767 3.56830624 4.54172427 8.59204177 7.82190318 0.25372427
9.74012478 3.56694370 4.54450498 8.59597175 7.82504082 0.25723038
9.74029352 3.56556959 4.54731053 8.59993590 7.82820714 0.26079888
9.74046389 3.56418381 4.55014107 8.60393445 7.83140234 0.26443074
9.74063590 3.56278630 4.55299676 8.60796762 7.83462661 0.26812694
9.74080956 3.56137699 4.55587776 8.61203561 7.83788012 0.27188841
9.74098489 3.55995580 4.55878422 8.61613863 7.84116303 0.27571611
9.74116189 3.55852268 4.56171627 8.62027687 7.84447551 0.27961096
9.74134057 3.55707755 4.56467403 8.62445050 7.84781769 0.28357390
9.74152094 3.55562038 4.56765763 8.62865970 7.85118973 0.28760583
9.74170301 3.55415109 4.57066719 8.63290461 7.85459174 0.29170763
9.74188677 3.55266966 4.57370279 8.63718537 7.85802384 0.29588017
9.74207224 3.55117602 4.57676453 8.64150211 7.86148614 0.30012430
9.74225943 3.54967016 4.57985249 8.64585494 7.86497873 0.30444084
9.74244833 3.54815203 4.58296674 8.65024394 7.86850168 0.30883057
9.74263895 3.54662162 4.58610732 8.65466920 7.87205506 0.31329426
9.74283129 3.54507890 4.58927429 8.65913077 7.87563891 0.31783263
9.74302536 3.54352386 4.59246766 8.66362868 7.87925327 0.32244636
9.74322115 3.54195649 4.59568746 8.66816295 7.88289815 0.32713611
9.74341867 3.54037680 4.59893367 8.67273358 7.88657354 0.33190246
9.74361791 3.53878480 4.60220627 8.67734053 7.89027943 0.33674598
9.74381887 3.53718051 4.60550523 8.68198376 7.89401577 0.34166715
9.74402156 3.53556395 4.60883050 8.68666319 7.89778250 0.34666641
9.74422595 3.53393516 4.61218200 8.69137872 7.90157954 0.35174416
9.74443206 3.53229418 4.61555965 8.69613022 7.90540678 0.35690070
9.74463986 3.53064107 4.61896331 8.70091753 7.90926410 0.36213627
9.74484936 3.52897588 4.62239287 8.70574047 7.91315133 0.36745106
9.74506054 3.52729871 4.62584817 8.71059881 7.91706831 0.37284515
9.74527339 3.52560962 4.62932903 8.71549231 7.92101483 0.37831856
9.74548791 3.52390872 4.63283524 8.72042070 7.92499066 0.38387120
9.74570406 3.52219612 4.63636659 8.72538365 7.92899554 0.38950292
9.74592185 3.52047193 4.63992282 8.73038081 7.93302918 0.39521345
9.74614124 3.51873629 4.64350366 8.73541181 7.93709128 0.40100243
9.74636223 3.51698934 4.64710879 8.74047622 7.94118147 0.40686938
9.74658479 3.51523123 4.65073790 8.74557357 7.94529939 0.41281373
9.74680890 3.51346215 4.65439062 8.75070338 7.94944462 0.41883479
9.74703453 3.51168228 4.65806657 8.75586510 7.95361673 0.42493174
9.74726166 3.50989180 4.66176533 8.76105816 7.95781523 0.43110366
9.74749027 3.50809095 4.66548645 8.76628192 7.96203962 0.43734948
9.74772031 3.50627993 4.66922946 8.77153574 7.96628935 0.44366802
9.74795175 3.50445900 4.67299385 8.77681891 7.97056384 0.45005796
9.74818458 3.50262841 4.67677909 8.78213067 7.97486247 0.45651783
9.74841874 3.50078844 4.68058460 8.78747023 7.97918460 0.46304605
9.74865419 3.49893936 4.68440977 8.79283676 7.98352952 0.46964087
9.74889091 3.49708149 4.68825398 8.79822937 7.98789653 0.47630041
9.74912885 3.49521514 4.69211656 8.80364713 7.99228485 0.48302266
9.74936796 3.49334065 4.69599681 8.80908907 7.99669369 0.48980543
9.74960819 3.49145836 4.69989400 8.81455418 8.00112220 0.49664640
9.74984951 3.48956863 4.70380736 8.82004138 8.00556951 0.50354312
9.75009185 3.48767185 4.70773610 8.82554957 8.01003471 0.51049297
9.75033516 3.48576842 4.71167938 8.83107760 8.01451686 0.51749319
9.75057940 3.48385874 4.71563635 8.83662427 8.01901496 0.52454088
9.75082451 3.48194323 4.71960612 8.84218835 8.02352801 0.53163300
9.75107042 3.48002234 4.72358776 8.84776853 8.02805493 0.53876637
9.75131708 3.47809652 4.72758033 8.85336352 8.03259466 0.54593766
9.75156442 3.47616623 4.73158284 8.85897193 8.03714605 0.55314344
9.75181238 3.47423196 4.73559428 8.86459237 8.04170797 0.56038013
9.75206090 3.47229421 4.73961362 8.87022339 8.04627922 0.56764403
9.75230991 3.47035347 4.74363979 8.87586352 8.05085859 0.57493134
9.75255933 3.46841026 4.74767172 8.88151125 8.05544484 0.58223816
9.75280911 3.46646512 4.75170829 8.88716503 8.06003670 0.58956046
9.75305916 3.46451857 4.75574837 8.89282330 8.06463287 0.59689415
9.75330942 3.46257118 4.75979081 8.89848444 8.06923203 0.60423505
9.75355982 3.46062350 4.76383443 8.90414683 8.07383286 0.61157890
9.75381026 3.45867608 4.76787806 8.90980881 8.07843399 0.61892138
9.75406069 3.45672951 4.77192049 8.91546873 8.08303405 0.62625814
9.75431103 3.45478436 4.77596051 8.92112489 8.08763164 0.63358476
9.75456119 3.45284122 4.77999690 8.92677558 8.09222537 0.64089681
9.75481109 3.45090067 4.78402841 8.93241909 8.09681383 0.64818985
9.75506067 3.44896331 4.78805381 8.93805370 8.10139559 0.65545942
9.75530984 3.44702972 4.79207186 8.94367767 8.10596924 0.66270107
9.75555852 3.44510050 4.79608131 8.94928926 8.11053334 0.66991038
9.75580664 3.44317625 4.80008091 8.95488675 8.11508647 0.67708296
9.75605411 3.44125755 4.80406941 8.96046840 8.11962721 0.68421445
9.75630086 3.43934499 4.80804559 8.96603250 8.12415413 0.69130057
9.75654681 3.43743917 4.81200820 8.97157732 8.12866584 0.69833711
9.75679188 3.43554066 4.81595603 8.97710116 8.13316092 0.70531991
9.75703600 3.43365004 4.81988786 8.98260235 8.13763800 0.71224493
9.75727908 3.43176788 4.82380250 8.98807921 8.14209570 0.71910824
9.75752106 3.42989475 4.82769877 8.99353011 8.14653267 0.72590601
9.75776186 3.42803118 4.83157550 8.99895342 8.15094759 0.73263452
9.75800141 3.42617773 4.83543155 9.00434756 8.15533913 0.73929022
9.75823964 3.42433494 4.83926581 9.00971098 8.15970603 0.74586968
9.75847648 3.42250331 4.84307717 9.01504215 8.16404703 0.75236962
9.75871186 3.42068336 4.84686457 9.02033958 8.16836091 0.75878692
9.75894571 3.41887559 4.85062697 9.02560182 8.17264646 0.76511865
9.75917798 3.41708047 4.85436335 9.03082747 8.17690254 0.77136200
9.75940859 3.41529847 4.85807274 9.03601517 8.18112802 0.77751438
9.75963749 3.41353004 4.86175418 9.04116360 8.18532181 0.78357336
9.75986462 3.41177561 4.86540676 9.04627149 8.18948287 0.78953670
9.76008993 3.41003561 4.86902961 9.05133761 8.19361019 0.79540233
9.76031336 3.40831043 4.87262188 9.05636080 8.19770280 0.80116840
9.76053486 3.40660045 4.87618276 9.06133994 8.20175978 0.80683320
9.76075438 3.40490604 4.87971149 9.06627395 8.20578025 0.81239526
9.76097188 3.40322754 4.88320734 9.07116183 8.20976337 0.81785325
9.76118731 3.40156528 4.88666960 9.07600262 8.21370835 0.82320605
9.76140062 3.39991958 4.89009764 9.08079540 8.21761445 0.82845272
9.76161179 3.39829071 4.89349084 9.08553934 8.22148095 0.83359249
9.76182077 3.39667895 4.89684863 9.09023364 8.22530720 0.83862479
9.76202753 3.39508456 4.90017048 9.09487755 8.22909260 0.84354919
9.76223204 3.39350775 4.90345588 9.09947041 8.23283657 0.84836545
9.76243427 3.39194876 4.90670440 9.10401157 8.23653859 0.85307349
9.76263420 3.39040776 4.90991562 9.10850048 8.24019820 0.85767337
9.76283179 3.38888494 4.91308915 9.11293660 8.24381495 0.86216532
9.76302703 3.38738046 4.91622467 9.11731948 8.24738846 0.86654971
9.76321989 3.38589445 4.91932188 9.12164870 8.25091839 0.87082705
9.76341037 3.38442704 4.92238051 9.12592390 8.25440443 0.87499796
9.76359844 3.38297832 4.92540035 9.13014478 8.25784633 0.87906321
9.76378410 3.38154840 4.92838120 9.13431107 8.26124387 0.88302369
9.76396733 3.38013733 4.93132290 9.13842257 8.26459687 0.88688037
9.76414813 3.37874517 4.93422535 9.14247911 8.26790518 0.89063435
9.76432648 3.37737197 4.93708845 9.14648057 8.27116871 0.89428681
9.76450240 3.37601774 4.93991215 9.15042689 8.27438739 0.89783904
9.76467586 3.37468249 4.94269642 9.15431803 8.27756119 0.90129238
9.76484688 3.37336621 4.94544127 9.15815401 8.28069012 0.90464827
9.76501545 3.37206889 4.94814673 9.16193488 8.28377421 0.90790821
9.76518159 3.37079050 4.95081288 9.16566073 8.28681354 0.91107375
9.76534528 3.36953098 4.95343980 9.16933169 8.28980819 0.91414652
9.76550655 3.36829028 4.95602760 9.17294793 8.29275831 0.91712817
9.76566539 3.36706833 4.95857642 9.17650964 8.29566404 0.92002041
9.76582183 3.36586505 4.96108643 9.18001706 8.29852558 0.92282498
9.76597586 3.36468034 4.96355782 9.18347044 8.30134312 0.92554365
9.76612751 3.36351411 4.96599078 9.18687008 8.30411691 0.92817822
9.76627678 3.36236625 4.96838555 9.19021630 8.30684720 0.93073051
9.76642369 3.36123663 4.97074237 9.19350944 8.30953426 0.93320234
9.76656826 3.36012513 4.97306150 9.19674987 8.31217839 0.93559556
9.76671050 3.35903161 4.97534322 9.19993799 8.31477992 0.93791201
9.76685043 3.35795593 4.97758783 9.20307420 8.31733917 0.94015356
9.76698808 3.35689793 4.97979563 9.20615895 8.31985649 0.94232204
9.76712345 3.35585747 4.98196696 9.20919269 8.32233225 0.94441930
9.76725658 3.35483437 4.98410213 9.21217588 8.32476684 0.94644718
9.76738748 3.35382848 4.98620151 9.21510902 8.32716064 0.94840750
9.76751617 3.35283961 4.98826545 9.21799260 8.32951406 0.95030208
9.76764268 3.35186759 4.99029432 9.22082715 8.33182752 0.95213269
9.76776703 3.35091223 4.99228849 9.22361319 8.33410145 0.95390112
9.76788925 3.34997336 4.99424834 9.22635125 8.33633629 0.95560912
9.76800936 3.34905077 4.99617428 9.22904190 8.33853247 0.95725841
9.76812737 3.34814429 4.99806670 9.23168568 8.34069046 0.95885070
9.76824333 3.34725370 4.99992600 9.23428317 8.34281071 0.96038767
9.76835725 3.34637882 5.00175259 9.23683494 8.34489369 0.96187097
9.76846916 3.34551945 5.00354689 9.23934156 8.34693987 0.96330221
9.76857908 3.34467538 5.00530931 9.24180363 8.34894973 0.96468298
9.76868705 3.34384640 5.00704028 9.24422173 8.35092374 0.96601485
9.76879308 3.34303233 5.00874022 9.24659645 8.35286239 0.96729933
9.76889721 3.34223294 5.01040956 9.24892840 8.35476615 0.96853792
9.76899945 3.34144804 5.01204871 9.25121817 8.35663553 0.96973209
9.76909985 3.34067741 5.01365812 9.25346636 8.35847100 0.97088325
9.76919841 3.33992086 5.01523821 9.25567357 8.36027304 0.97199281
9.76929518 3.33917817 5.01678941 9.25784040 8.36204216 0.97306212
9.76939017 3.33844914 5.01831214 9.25996745 8.36377884 0.97409251
9.76948342 3.33773356 5.01980684 9.26205531 8.36548356 0.97508528
9.76957495 3.33703123 5.02127393 9.26410460 8.36715682 0.97604167
9.76966478 3.33634194 5.02271383 9.26611589 8.36879909 0.97696292
9.76975295 3.33566549 5.02412698 9.26808979 8.37041085 0.97785022
9.76983947 3.33500167 5.02551379 9.27002688 8.37199260 0.97870472
9.76992438 3.33435028 5.02687468 9.27192775 8.37354480 0.97952756
9.77000770 3.33371113 5.02821007 9.27379299 8.37506793 0.98031983
9.77008945 3.33308400 5.02952037 9.27562317 8.37656246 0.98108258
9.77016967 3.33246872 5.03080600 9.27741887 8.37802886 0.98181686
9.77024838 3.33186507 5.03206736 9.27918065 8.37946759 0.98252365
9.77032559 3.33127287 5.03330485 9.28090909 8.38087912 0.98320394
9.77040135 3.33069192 5.03451888 9.28260473 8.38226390 0.98385865
9.77047566 3.33012203 5.03570984 9.28426815 8.38362238 0.98448871
9.77054857 3.32956301 5.03687812 9.28589988 8.38495501 0.98509499
9.77062008 3.32901468 5.03802412 9.28750048 8.38626223 0.98567834
9.77069023 3.32847685 5.03914822 9.28907047 8.38754448 0.98623960
9.77075904 3.32794933 5.04025080 9.29061039 8.38880219 0.98677956
9.77082652 3.32743196 5.04133223 9.29212077 8.39003580 0.98729900
9.77089272 3.32692454 5.04239289 9.29360212 8.39124572 0.98779866
9.77095764 3.32642690 5.04343314 9.29505496 8.39243237 0.98827928
9.77102131 3.32593888 5.04445334 9.29647980 8.39359617 0.98874153
9.77108375 3.32546028 5.04545386 9.29787712 8.39473752 0.98918612
9.77114499 3.32499096 5.04643504 9.29924744 8.39585682 0.98961367
9.77120504 3.32453073 5.04739724 9.30059123 8.39695447 0.99002484
9.77126393 3.32407944 5.04834079 9.30190897 8.39803087 0.99042021
9.77132168 3.32363692 5.04926604 9.30320114 8.39908640 0.99080039
9.77137830 3.32320302 5.05017332 9.30446820 8.40012143 0.99116594
9.77143383 3.32277756 5.05106296 9.30571062 8.40113635 0.99151741
9.77148828 3.32236041 5.05193528 9.30692884 8.40213151 0.99185532
9.77154167 3.32195140 5.05279059 9.30812332 8.40310730 0.99218018
9.77159401 3.32155038 5.05362923 9.30929448 8.40406406 0.99249249
9.77164534 3.32115721 5.05445149 9.31044277 8.40500214 0.99279272
9.77169566 3.32077174 5.05525767 9.31156861 8.40592190 0.99308132
9.77174500 3.32039382 5.05604809 9.31267242 8.40682367 0.99335874
9.77179337 3.32002332 5.05682303 9.31375461 8.40770780 0.99362540
9.77184080 3.31966009 5.05758279 9.31481558 8.40857461 0.99388170
9.77188729 3.31930399 5.05832765 9.31585574 8.40942442 0.99412805
9.77193288 3.31895490 5.05905788 9.31687549 8.41025757 0.99436482
9.77197757 3.31861268 5.05977378 9.31787519 8.41107436 0.99459238
9.77202138 3.31827720 5.06047560 9.31885525 8.41187510 0.99481108
9.77206433 3.31794832 5.06116363 9.31981602 8.41266010 0.99502126
9.77210644 3.31762594 5.06183811 9.32075787 8.41342966 0.99522325
9.77214771 3.31730991 5.06249931 9.32168118 8.41418407 0.99541735
9.77218818 3.31700012 5.06314747 9.32258628 8.41492361 0.99560388
9.77222784 3.31669645 5.06378286 9.32347353 8.41564859 0.99578313
9.77226673 3.31639878 5.06440572 9.32434328 8.41635927 0.99595537
9.77230485 3.31610700 5.06501628 9.32519585 8.41705592 0.99612088
9.77234221 3.31582099 5.06561478 9.32603158 8.41773883 0.99627991
9.77237884 3.31554065 5.06620146 9.32685079 8.41840825 0.99643272
9.77241474 3.31526585 5.06677655 9.32765381 8.41906444 0.99657955
9.77244994 3.31499650 5.06734025 9.32844093 8.41970766 0.99672063
9.77248444 3.31473249 5.06789281 9.32921249 8.42033815 0.99685617
9.77251825 3.31447371 5.06843443 9.32996876 8.42095618 0.99698641
9.77255140 3.31422007 5.06896532 9.33071006 8.42156197 0.99711154
9.77258389 3.31397146 5.06948570 9.33143667 8.42215576 0.99723175
9.77261574 3.31372779 5.06999577 9.33214887 8.42273780 0.99734725
9.77264695 3.31348895 5.07049572 9.33284696 8.42330830 0.99745822
9.77267755 3.31325486 5.07098576 9.33353119 8.42386749 0.99756482
9.77270754 3.31302542 5.07146608 9.33420185 8.42441559 0.99766724
9.77273694 3.31280055 5.07193687 9.33485920 8.42495282 0.99776564
9.77276575 3.31258014 5.07239832 9.33550350 8.42547940 0.99786016
9.77279399 3.31236412 5.07285060 9.33613500 8.42599552 0.99795097
9.77282167 3.31215240 5.07329390 9.33675395 8.42650139 0.99803821
9.77284880 3.31194489 5.07372839 9.33736061 8.42699722 0.99812201
9.77287539 3.31174151 5.07415425 9.33795521 8.42748321 0.99820252
9.77290145 3.31154218 5.07457165 9.33853799 8.42795953 0.99827986
9.77292700 3.31134682 5.07498074 9.33910918 8.42842639 0.99835415
9.77295204 3.31115535 5.07538171 9.33966900 8.42888397 0.99842552
9.77297658 3.31096770 5.07577469 9.34021769 8.42933245 0.99849408
9.77300063 3.31078379 5.07615986 9.34075546 8.42977202 0.99855993
9.77302420 3.31060354 5.07653737 9.34128253 8.43020284 0.99862319
9.77304731 3.31042689 5.07690736 9.34179911 8.43062509 0.99868396
9.77306995 3.31025376 5.07726999 9.34230540 8.43103893 0.99874233
9.77309214 3.31008408 5.07762540 9.34280160 8.43144455 0.99879840
9.77311390 3.30991779 5.07797373 9.34328793 8.43184208 0.99885226
9.77313522 3.30975482 5.07831512 9.34376457 8.43223171 0.99890399
9.77315611 3.30959509 5.07864971 9.34423171 8.43261357 0.99895369
9.77317659 3.30943856 5.07897764 9.34468954 8.43298783 0.99900142
9.77319666 3.30928515 5.07929904 9.34513824 8.43335464 0.99904727
9.77321633 3.30913480 5.07961402 9.34557801 8.43371414 0.99909131
9.77323561 3.30898746 5.07992274 9.34600900 8.43406648 0.99913362
9.77325451 3.30884305 5.08022529 9.34643141 8.43441179 0.99917425
9.77327302 3.30870153 5.08052182 9.34684539 8.43475023 0.99921328
9.77329117 3.30856284 5.08081243 9.34725111 8.43508192 0.99925076
9.77330896 3.30842692 5.08109725 9.34764874 8.43540700 0.99928677
9.77332639 3.30829371 5.08137639 9.34803844 8.43572560 0.99932136
9.77334348 3.30816317 5.08164996 9.34842037 8.43603784 0.99935458
9.77336023 3.30803523 5.08191808 9.34879467 8.43634386 0.99938648
9.77337664 3.30790985 5.08218084 9.34916151 8.43664378 0.99941713
9.77339272 3.30778698 5.08243837 9.34952103 8.43693772 0.99944657
9.77340848 3.30766656 5.08269075 9.34987337 8.43722579 0.99947484
9.77342393 3.30754855 5.08293810 9.35021868 8.43750812 0.99950199
9.77343907 3.30743290 5.08318051 9.35055709 8.43778482 0.99952808
9.77345391 3.30731956 5.08341809 9.35088875 8.43805599 0.99955313
9.77346845 3.30720848 5.08365092 9.35121379 8.43832176 0.99957719
9.77348270 3.30709963 5.08387911 9.35153234 8.43858222 0.99960030
9.77349667 3.30699296 5.08410274 9.35184453 8.43883748 0.99962250
9.77351036 3.30688841 5.08432191 9.35215049 8.43908765 0.99964382
9.77352378 3.30678596 5.08453670 9.35245034 8.43933283 0.99966429
9.77353692 3.30668556 5.08474720 9.35274420 8.43957312 0.99968396
9.77354981 3.30658717 5.08495350 9.35303218 8.43980861 0.99970285
9.77356244 3.30649074 5.08515568 9.35331442 8.44003939 0.99972099
9.77357481 3.30639624 5.08535382 9.35359102 8.44026558 0.99973842
9.77358694 3.30630364 5.08554801 9.35386210 8.44048724 0.99975515
9.77359883 3.30621288 5.08573832 9.35412776 8.44070448 0.99977123
9.77361048 3.30612395 5.08592482 9.35438811 8.44091738 0.99978667
9.77362190 3.30603679 5.08610761 9.35464326 8.44112604 0.99980150
9.77363308 3.30595138 5.08628674 9.35489332 8.44133052 0.99981574
9.77364405 3.30586767 5.08646229 9.35513837 8.44153093 0.99982941
9.77365480 3.30578564 5.08663433 9.35537853 8.44172733 0.99984255
9.77366533 3.30570525 5.08680294 9.35561390 8.44191981 0.99985517
9.77367565 3.30562647 5.08696818 9.35584456 8.44210844 0.99986729
9.77368577 3.30554927 5.08713012 9.35607061 8.44229331 0.99987893
9.77369568 3.30547361 5.08728883 9.35629214 8.44247448 0.99989010
9.77370539 3.30539947 5.08744436 9.35650925 8.44265204 0.99990084
9.77371492 3.30532681 5.08759678 9.35672201 8.44282605 0.99991115
9.77372425 3.30525561 5.08774616 9.35693053 8.44299659 0.99992105
9.77373339 3.30518583 5.08789256 9.35713487 8.44316372 0.99993057
9.77374235 3.30511744 5.08803603 9.35733514 8.44332751 0.99993970
9.77375114 3.30505043 5.08817663 9.35753140 8.44348802 0.99994847
9.77375974 3.30498476 5.08831442 9.35772373 8.44364534 0.99995690
9.77376818 3.30492040 5.08844946 9.35791223 8.44379951 0.99996499
9.77377645 3.30485733 5.08858180 9.35809695 8.44395060 0.99997277
9.77378455 3.30479552 5.08871150 9.35827799 8.44409867 0.99998023
9.77379249 3.30473496 5.08883860 9.35845540 8.44424378 0.99998740
9.77380027 3.30467560 5.08896316 9.35862927 8.44438599 0.99999429
9.77380790 3.30461743 5.08908524 9.35879966 8.44452536 1.00000090
9.77381537 3.30456043 5.08920487 9.35896664 8.44466195 1.00000725
9.77382269 3.30450457 5.08932211 9.35913029 8.44479581 1.00001335
9.77382987 3.30444982 5.08943701 9.35929066 8.44492699 1.00001921
9.77383691 3.30439618 5.08954962 9.35944783 8.44505556 1.00002484
9.77384380 3.30434360 5.08965997 9.35960186 8.44518155 1.00003024
9.77385056 3.30429208 5.08976811 9.35975281 8.44530503 1.00003543
9.77385718 3.30424159 5.08987410 9.35990074 8.44542604 1.00004042
9.77386367 3.30419212 5.08997797 9.36004571 8.44554463 1.00004520
9.77387003 3.30414363 5.09007975 9.36018778 8.44566085 1.00004980
9.77387626 3.30409611 5.09017951 9.36032701 8.44577475 1.00005422
9.77388237 3.30404955 5.09027727 9.36046346 8.44588637 1.00005846
9.77388835 3.30400392 5.09037308 9.36059718 8.44599576 1.00006253
9.77389422 3.30395920 5.09046697 9.36072823 8.44610297 1.00006645
9.77389997 3.30391538 5.09055898 9.36085666 8.44620804 1.00007020
9.77390560 3.30387243 5.09064916 9.36098251 8.44631100 1.00007381
9.77391112 3.30383035 5.09073753 9.36110586 8.44641191 1.00007728
9.77391653 3.30378910 5.09082414 9.36122673 8.44651080 1.00008061
9.77392183 3.30374869 5.09090901 9.36134519 8.44660771 1.00008380
9.77392703 3.30370908 5.09099219 9.36146128 8.44670269 1.00008687
9.77393212 3.30367027 5.09107370 9.36157505 8.44679577 1.00008982
9.77393712 3.30363223 5.09115359 9.36168654 8.44688699 1.00009265
9.77394201 3.30359496 5.09123188 9.36179581 8.44697638 1.00009537
9.77394680 3.30355843 5.09130860 9.36190288 8.44706399 1.00009798
9.77395150 3.30352263 5.09138379 9.36200782 8.44714985 1.00010049
9.77395610 3.30348755 5.09145747 9.36211066 8.44723399 1.00010290
9.77396061 3.30345318 5.09152968 9.36221144 8.44731645 1.00010522
9.77396504 3.30341949 5.09160045 9.36231021 8.44739726 1.00010744
9.77396937 3.30338647 5.09166981 9.36240700 8.44747646 1.00010957
9.77397362 3.30335412 5.09173777 9.36250186 8.44755407 1.00011162
9.77397778 3.30332242 5.09180438 9.36259482 8.44763014 1.00011359
9.77398186 3.30329135 5.09186966 9.36268592 8.44770468 1.00011548
9.77398585 3.30326090 5.09193363 9.36277520 8.44777773 1.00011730
9.77398977 3.30323106 5.09199632 9.36286269 8.44784933 1.00011904
9.77399361 3.30320182 5.09205776 9.36294844 8.44791949 1.00012072
9.77399737 3.30317317 5.09211797 9.36303247 8.44798825 1.00012233
9.77400106 3.30314509 5.09217698 9.36311481 8.44805563 1.00012387
9.77400467 3.30311757 5.09223480 9.36319551 8.44812167 1.00012536
9.77400821 3.30309060 5.09229147 9.36327460 8.44818639 1.00012678
9.77401168 3.30306418 5.09234701 9.36335211 8.44824982 1.00012815
9.77401508 3.30303828 5.09240144 9.36342806 8.44831197 1.00012946
9.77401842 3.30301290 5.09245478 9.36350250 8.44837289 1.00013073
9.77402168 3.30298803 5.09250705 9.36357545 8.44843259 1.00013194
9.77402488 3.30296366 5.09255828 9.36364694 8.44849109 1.00013310
9.77402802 3.30293978 5.09260848 9.36371700 8.44854842 1.00013422
9.77403109 3.30291637 5.09265768 9.36378566 8.44860461 1.00013530
9.77403411 3.30289344 5.09270589 9.36385294 8.44865968 1.00013633
9.77403706 3.30287096 5.09275314 9.36391888 8.44871364 1.00013732
9.77403995 3.30284893 5.09279945 9.36398350 8.44876653 1.00013827
9.77404279 3.30282735 5.09284483 9.36404683 8.44881836 1.00013918
9.77404557 3.30280619 5.09288930 9.36410889 8.44886915 1.00014006
9.77404829 3.30278546 5.09293289 9.36416971 8.44891893 1.00014090
9.77405096 3.30276515 5.09297560 9.36422932 8.44896771 1.00014171
9.77405358 3.30274524 5.09301746 9.36428773 8.44901552 1.00014249
9.77405614 3.30272573 5.09305848 9.36434497 8.44906237 1.00014324
9.77405865 3.30270662 5.09309868 9.36440107 8.44910829 1.00014395
9.77406111 3.30268788 5.09313808 9.36445605 8.44915329 1.00014464
9.77406353 3.30266952 5.09317669 9.36450993 8.44919738 1.00014530
9.77406589 3.30265153 5.09321452 9.36456273 8.44924060 1.00014594
9.77406821 3.30263390 5.09325160 9.36461447 8.44928295 1.00014655
9.77407048 3.30261662 5.09328794 9.36466518 8.44932446 1.00014714
9.77407270 3.30259969 5.09332356 9.36471488 8.44936514 1.00014770
9.77407489 3.30258309 5.09335846 9.36476358 8.44940500 1.00014824
9.77407702 3.30256683 5.09339266 9.36481130 8.44944407 1.00014876
9.77407912 3.30255090 5.09342618 9.36485808 8.44948235 1.00014926
9.77408117 3.30253528 5.09345903 9.36490391 8.44951988 1.00014973
9.77408318 3.30251998 5.09349122 9.36494883 8.44955665 1.00015019
9.77408515 3.30250498 5.09352277 9.36499286 8.44959268 1.00015064
9.77408709 3.30249029 5.09355368 9.36503600 8.44962800 1.00015106
9.77408898 3.30247589 5.09358398 9.36507828 8.44966261 1.00015147
9.77409084 3.30246177 5.09361368 9.36511971 8.44969652 1.00015186
9.77409265 3.30244794 5.09364278 9.36516031 8.44972976 1.00015223
9.77409444 3.30243439 5.09367129 9.36520011 8.44976234 1.00015260
9.77409618 3.30242111 5.09369924 9.36523910 8.44979426 1.00015294
9.77409789 3.30240809 5.09372663 9.36527732 8.44982555 1.00015327
9.77409957 3.30239534 5.09375347 9.36531477 8.44985621 1.00015359
9.77410122 3.30238284 5.09377977 9.36535147 8.44988626 1.00015390
9.77410283 3.30237059 5.09380555 9.36538744 8.44991570 1.00015420
9.77410441 3.30235859 5.09383081 9.36542269 8.44994456 1.00015448
9.77410595 3.30234682 5.09385557 9.36545724 8.44997284 1.00015475
9.77410747 3.30233529 5.09387983 9.36549109 8.45000056 1.00015501
9.77410896 3.30232400 5.09390361 9.36552427 8.45002772 1.00015526
9.77411041 3.30231293 5.09392691 9.36555678 8.45005434 1.00015550
9.77411184 3.30230208 5.09394975 9.36558864 8.45008043 1.00015574
9.77411324 3.30229145 5.09397213 9.36561987 8.45010599 1.00015596
9.77411461 3.30228103 5.09399406 9.36565047 8.45013105 1.00015617
9.77411595 3.30227082 5.09401555 9.36568046 8.45015560 1.00015638
9.77411727 3.30226081 5.09403661 9.36570985 8.45017967 1.00015657
9.77411856 3.30225101 5.09405726 9.36573865 8.45020325 1.00015676
9.77411982 3.30224140 5.09407749 9.36576687 8.45022636 1.00015694
9.77412106 3.30223198 5.09409731 9.36579453 8.45024901 1.00015712
9.77412228 3.30222276 5.09411674 9.36582164 8.45027120 1.00015729
9.77412347 3.30221371 5.09413578 9.36584821 8.45029295 1.00015745
9.77412463 3.30220485 5.09415444 9.36587424 8.45031427 1.00015760
9.77412578 3.30219617 5.09417272 9.36589975 8.45033516 1.00015775
9.77412690 3.30218766 5.09419064 9.36592476 8.45035564 1.00015789
9.77412799 3.30217932 5.09420821 9.36594926 8.45037570 1.00015803
9.77412907 3.30217115 5.09422542 9.36597327 8.45039536 1.00015816
9.77413012 3.30216314 5.09424228 9.36599681 8.45041463 1.00015829
9.77413116 3.30215529 5.09425881 9.36601987 8.45043352 1.00015841
9.77413217 3.30214760 5.09427501 9.36604247 8.45045203 1.00015852
9.77413316 3.30214006 5.09429089 9.36606462 8.45047016 1.00015864
9.77413413 3.30213268 5.09430645 9.36608632 8.45048794 1.00015874
9.77413509 3.30212544 5.09432169 9.36610759 8.45050536 1.00015885
9.77413602 3.30211835 5.09433663 9.36612844 8.45052243 1.00015894
9.77413694 3.30211139 5.09435128 9.36614887 8.45053916 1.00015904
9.77413783 3.30210458 5.09436563 9.36616889 8.45055556 1.00015913
9.77413871 3.30209791 5.09437969 9.36618851 8.45057162 1.00015922
9.77413957 3.30209137 5.09439347 9.36620774 8.45058737 1.00015930
9.77414042 3.30208496 5.09440698 9.36622658 8.45060280 1.00015938
9.77414124 3.30207867 5.09442021 9.36624505 8.45061793 1.00015946
9.77414206 3.30207252 5.09443318 9.36626314 8.45063275 1.00015954
9.77414285 3.30206648 5.09444590 9.36628088 8.45064727 1.00015961
9.77414363 3.30206057 5.09445835 9.36629826 8.45066151 1.00015968
9.77414439 3.30205478 5.09447056 9.36631529 8.45067546 1.00015974
9.77414514 3.30204910 5.09448253 9.36633198 8.45068913 1.00015981
9.77414587 3.30204354 5.09449425 9.36634834 8.45070253 1.00015987
9.77414659 3.30203809 5.09450574 9.36636437 8.45071566 1.00015993
9.77414729 3.30203274 5.09451701 9.36638008 8.45072852 1.00015998
9.77414798 3.30202751 5.09452804 9.36639548 8.45074113 1.00016004
9.77414866 3.30202237 5.09453886 9.36641057 8.45075349 1.00016009
9.77414932 3.30201735 5.09454946 9.36642535 8.45076560 1.00016014
9.77414997 3.30201242 5.09455984 9.36643984 8.45077747 1.00016019
9.77415061 3.30200759 5.09457002 9.36645404 8.45078910 1.00016023
9.77415123 3.30200286 5.09458000 9.36646796 8.45080050 1.00016028
9.77415184 3.30199822 5.09458977 9.36648160 8.45081168 1.00016032
9.77415244 3.30199368 5.09459935 9.36649496 8.45082262 1.00016036
9.77415303 3.30198922 5.09460874 9.36650806 8.45083335 1.00016040
9.77415360 3.30198486 5.09461795 9.36652090 8.45084387 1.00016044
9.77415417 3.30198058 5.09462696 9.36653348 8.45085417 1.00016047
9.77415472 3.30197639 5.09463580 9.36654581 8.45086427 1.00016051
9.77415526 3.30197228 5.09464446 9.36655789 8.45087417 1.00016054
9.77415579 3.30196826 5.09465295 9.36656973 8.45088387 1.00016057
9.77415631 3.30196431 5.09466126 9.36658133 8.45089337 1.00016060
9.77415682 3.30196045 5.09466942 9.36659270 8.45090269 1.00016063
9.77415732 3.30195666 5.09467740 9.36660384 8.45091182 1.00016066
9.77415781 3.30195295 5.09468523 9.36661477 8.45092076 1.00016069
9.77415829 3.30194931 5.09469290 9.36662547 8.45092953 1.00016071
9.77415876 3.30194575 5.09470042 9.36663596 8.45093812 1.00016074
9.77415922 3.30194225 5.09470779 9.36664623 8.45094654 1.00016076
9.77415967 3.30193883 5.09471501 9.36665631 8.45095479 1.00016079
9.77416012 3.30193547 5.09472209 9.36666618 8.45096288 1.00016081
9.77416055 3.30193219 5.09472902 9.36667585 8.45097081 1.00016083
9.77416097 3.30192896 5.09473582 9.36668533 8.45097857 1.00016085
9.77416139 3.30192581 5.09474248 9.36669462 8.45098619 1.00016087
9.77416180 3.30192271 5.09474901 9.36670373 8.45099365 1.00016089
9.77416220 3.30191968 5.09475540 9.36671265 8.45100096 1.00016091
9.77416259 3.30191671 5.09476167 9.36672139 8.45100812 1.00016092
9.77416297 3.30191380 5.09476782 9.36672996 8.45101514 1.00016094
9.77416335 3.30191094 5.09477384 9.36673836 8.45102202 1.00016096
9.77416372 3.30190815 5.09477974 9.36674659 8.45102877 1.00016097
9.77416408 3.30190541 5.09478552 9.36675466 8.45103538 1.00016099
9.77416444 3.30190272 5.09479119 9.36676256 8.45104185 1.00016100
9.77416478 3.30190009 5.09479674 9.36677031 8.45104820 1.00016102
9.77416512 3.30189751 5.09480218 9.36677790 8.45105442 1.00016103
9.77416546 3.30189499 5.09480751 9.36678534 8.45106051 1.00016104
9.77416578 3.30189251 5.09481274 9.36679263 8.45106649 1.00016105
9.77416610 3.30189008 5.09481786 9.36679977 8.45107234 1.00016106
9.77416642 3.30188770 5.09482288 9.36680678 8.45107808 1.00016108
9.77416672 3.30188537 5.09482780 9.36681364 8.45108370 1.00016109
9.77416703 3.30188309 5.09483262 9.36682036 8.45108921 1.00016110
