5.19632555 5.06666623 3.65058706 8.54993049 1.82040177 0.16397746
5.19302359 5.06781386 3.64810238 8.54899015 1.82081034 0.16593029
5.18969325 5.06897135 3.64559635 8.54804174 1.82122242 0.16791685
5.18633423 5.07013882 3.64306872 8.54708515 1.82163805 0.16993781
5.18294619 5.07131637 3.64051927 8.54612031 1.82205726 0.17199385
5.17952881 5.07250411 3.63794773 8.54514711 1.82248010 0.17408568
5.17608176 5.07370218 3.63535387 8.54416546 1.82290661 0.17621401
5.17260472 5.07491066 3.63273743 8.54317527 1.82333683 0.17837957
5.16909734 5.07612970 3.63009818 8.54217645 1.82377080 0.18058310
5.16555931 5.07735939 3.62743584 8.54116889 1.82420856 0.18282534
5.16199027 5.07859985 3.62475019 8.54015251 1.82465015 0.18510706
5.15838990 5.07985121 3.62204095 8.53912720 1.82509562 0.18742905
5.15475786 5.08111357 3.61930788 8.53809288 1.82554500 0.18979208
5.15109381 5.08238706 3.61655073 8.53704944 1.82599833 0.19219697
5.14739742 5.08367180 3.61376924 8.53599679 1.82645567 0.19464452
5.14366834 5.08496790 3.61096315 8.53493484 1.82691705 0.19713556
5.13990624 5.08627547 3.60813220 8.53386348 1.82738251 0.19967094
5.13611077 5.08759465 3.60527616 8.53278262 1.82785210 0.20225151
5.13228160 5.08892553 3.60239475 8.53169216 1.82832586 0.20487812
5.12841838 5.09026826 3.59948772 8.53059201 1.82880382 0.20755165
5.12452079 5.09162293 3.59655482 8.52948207 1.82928604 0.21027299
5.12058848 5.09298967 3.59359580 8.52836224 1.82977254 0.21304303
5.11662112 5.09436859 3.59061041 8.52723243 1.83026339 0.21586268
5.11261838 5.09575981 3.58759839 8.52609255 1.83075860 0.21873286
5.10857992 5.09716345 3.58455949 8.52494250 1.83125824 0.22165448
5.10450542 5.09857961 3.58149347 8.52378218 1.83176233 0.22462849
5.10039456 5.10000841 3.57840009 8.52261151 1.83227091 0.22765582
5.09624701 5.10144997 3.57527910 8.52143040 1.83278404 0.23073743
5.09206245 5.10290439 3.57213026 8.52023874 1.83330174 0.23387427
5.08784057 5.10437178 3.56895334 8.51903646 1.83382405 0.23706729
5.08358107 5.10585225 3.56574811 8.51782346 1.83435102 0.24031747
5.07928365 5.10734590 3.56251434 8.51659967 1.83488268 0.24362577
5.07494800 5.10885284 3.55925181 8.51536499 1.83541906 0.24699316
5.07057383 5.11037317 3.55596029 8.51411934 1.83596021 0.25042062
5.06616088 5.11190698 3.55263959 8.51286265 1.83650615 0.25390912
5.06170885 5.11345437 3.54928948 8.51159483 1.83705693 0.25745962
5.05721750 5.11501543 3.54590978 8.51031581 1.83761257 0.26107310
5.05268655 5.11659025 3.54250029 8.50902552 1.83817310 0.26475052
5.04811578 5.11817891 3.53906082 8.50772388 1.83873857 0.26849284
5.04350493 5.11978151 3.53559121 8.50641084 1.83930898 0.27230100
5.03885380 5.12139810 3.53209127 8.50508632 1.83988438 0.27617595
5.03416217 5.12302878 3.52856086 8.50375027 1.84046479 0.28011860
5.02942985 5.12467360 3.52499983 8.50240263 1.84105023 0.28412988
5.02465664 5.12633262 3.52140804 8.50104336 1.84164073 0.28821067
5.01984240 5.12800592 3.51778537 8.49967239 1.84223630 0.29236186
5.01498696 5.12969353 3.51413169 8.49828970 1.84283697 0.29658430
5.01009020 5.13139551 3.51044692 8.49689523 1.84344274 0.30087881
5.00515200 5.13311188 3.50673097 8.49548897 1.84405365 0.30524621
5.00017226 5.13484270 3.50298376 8.49407088 1.84466969 0.30968726
4.99515092 5.13658798 3.49920525 8.49264094 1.84529087 0.31420271
4.99008791 5.13834774 3.49539538 8.49119913 1.84591721 0.31879326
4.98498321 5.14012199 3.49155413 8.48974546 1.84654870 0.32345957
4.97983681 5.14191074 3.48768152 8.48827991 1.84718536 0.32820226
4.97464874 5.14371397 3.48377753 8.48680249 1.84782716 0.33302191
4.96941903 5.14553168 3.47984222 8.48531322 1.84847412 0.33791903
4.96414776 5.14736383 3.47587564 8.48381211 1.84912621 0.34289409
4.95883503 5.14921039 3.47187785 8.48229919 1.84978344 0.34794750
4.95348098 5.15107131 3.46784897 8.48077451 1.85044577 0.35307961
4.94808576 5.15294654 3.46378912 8.47923810 1.85111320 0.35829070
4.94264957 5.15483601 3.45969843 8.47769003 1.85178569 0.36358096
4.93717265 5.15673965 3.45557709 8.47613036 1.85246323 0.36895053
4.93165525 5.15865735 3.45142529 8.47455916 1.85314576 0.37439946
4.92609768 5.16058901 3.44724327 8.47297652 1.85383327 0.37992772
4.92050028 5.16253452 3.44303127 8.47138254 1.85452570 0.38553518
4.91486343 5.16449374 3.43878958 8.46977733 1.85522302 0.39122162
4.90918753 5.16646653 3.43451852 8.46816099 1.85592516 0.39698672
4.90347306 5.16845273 3.43021842 8.46653368 1.85663207 0.40283008
4.89772052 5.17045217 3.42588968 8.46489552 1.85734369 0.40875114
4.89193045 5.17246465 3.42153270 8.46324667 1.85805996 0.41474929
4.88610344 5.17448996 3.41714792 8.46158730 1.85878079 0.42082377
4.88024013 5.17652790 3.41273582 8.45991760 1.85950611 0.42697369
4.87434120 5.17857821 3.40829692 8.45823776 1.86023584 0.43319806
4.86840739 5.18064065 3.40383177 8.45654798 1.86096988 0.43949575
4.86243947 5.18271495 3.39934096 8.45484848 1.86170815 0.44586550
4.85643827 5.18480081 3.39482510 8.45313951 1.86245052 0.45230592
4.85040467 5.18689794 3.39028486 8.45142132 1.86319691 0.45881548
4.84433960 5.18900600 3.38572095 8.44969416 1.86394719 0.46539251
4.83824404 5.19112466 3.38113409 8.44795832 1.86470124 0.47203519
4.83211903 5.19325356 3.37652506 8.44621410 1.86545893 0.47874156
4.82596564 5.19539233 3.37189468 8.44446179 1.86622013 0.48550952
4.81978501 5.19754056 3.36724380 8.44270172 1.86698470 0.49233681
4.81357833 5.19969784 3.36257331 8.44093424 1.86775250 0.49922105
4.80734683 5.20186376 3.35788415 8.43915969 1.86852336 0.50615968
4.80109180 5.20403785 3.35317729 8.43737843 1.86929714 0.51315002
4.79481458 5.20621965 3.34845372 8.43559086 1.87007366 0.52018922
4.78851655 5.20840869 3.34371451 8.43379737 1.87085275 0.52727431
4.78219917 5.21060446 3.33896072 8.43199836 1.87163423 0.53440218
4.77586390 5.21280644 3.33419347 8.43019426 1.87241793 0.54156956
4.76951228 5.21501410 3.32941392 8.42838550 1.87320366 0.54877307
4.76314589 5.21722690 3.32462326 8.42657254 1.87399120 0.55600918
4.75676635 5.21944428 3.31982270 8.42475583 1.87478038 0.56327427
4.75037532 5.22166564 3.31501349 8.42293585 1.87557097 0.57056457
4.74397450 5.22389041 3.31019692 8.42111308 1.87636278 0.57787623
4.73756564 5.22611797 3.30537429 8.41928802 1.87715558 0.58520526
4.73115050 5.22834772 3.30054694 8.41746117 1.87794916 0.59254760
4.72473090 5.23057902 3.29571623 8.41563306 1.87874329 0.59989912
4.71830867 5.23281123 3.29088355 8.41380419 1.87953775 0.60725558
4.71188569 5.23504370 3.28605029 8.41197511 1.88033229 0.61461269
4.70546384 5.23727578 3.28121790 8.41014636 1.88112670 0.62196610
4.69904505 5.23950680 3.27638779 8.40831847 1.88192073 0.62931143
4.69263124 5.24173608 3.27156144 8.40649200 1.88271415 0.63664424
4.68622436 5.24396296 3.26674030 8.40466751 1.88350670 0.64396009
4.67982637 5.24618675 3.26192586 8.40284555 1.88429816 0.65125451
4.67343924 5.24840676 3.25711958 8.40102668 1.88508827 0.65852306
4.66706495 5.25062232 3.25232296 8.39921147 1.88587680 0.66576129
4.66070547 5.25283272 3.24753749 8.39740047 1.88666349 0.67296478
4.65436278 5.25503729 3.24276465 8.39559425 1.88744810 0.68012916
4.64803883 5.25723535 3.23800592 8.39379338 1.88823040 0.68725010
4.64173560 5.25942620 3.23326278 8.39199840 1.88901014 0.69432335
4.63545502 5.26160918 3.22853668 8.39020987 1.88978707 0.70134472
4.62919903 5.26378362 3.22382908 8.38842835 1.89056096 0.70831012
4.62296953 5.26594885 3.21914141 8.38665437 1.89133157 0.71521553
4.61676841 5.26810422 3.21447510 8.38488847 1.89209868 0.72205708
4.61059752 5.27024908 3.20983154 8.38313118 1.89286204 0.72883100
4.60445869 5.27238279 3.20521210 8.38138302 1.89362144 0.73553365
4.59835370 5.27450474 3.20061813 8.37964450 1.89437665 0.74216152
4.59228433 5.27661432 3.19605096 8.37791612 1.89512746 0.74871127
4.58625227 5.27871093 3.19151186 8.37619836 1.89587365 0.75517970
4.58025921 5.28079398 3.18700211 8.37449171 1.89661502 0.76156376
4.57430676 5.28286292 3.18252292 8.37279663 1.89735137 0.76786060
4.56839651 5.28491719 3.17807549 8.37111356 1.89808249 0.77406752
4.56252999 5.28695626 3.17366095 8.36944295 1.89880821 0.78018200
4.55670866 5.28897962 3.16928043 8.36778521 1.89952833 0.78620171
4.55093395 5.29098679 3.16493499 8.36614074 1.90024269 0.79212449
4.54520722 5.29297727 3.16062565 8.36450993 1.90095111 0.79794839
4.53952978 5.29495062 3.15635340 8.36289317 1.90165344 0.80367162
4.53390288 5.29690641 3.15211917 8.36129079 1.90234951 0.80929260
4.52832769 5.29884423 3.14792387 8.35970314 1.90303919 0.81480993
4.52280535 5.30076367 3.14376833 8.35813054 1.90372233 0.82022239
4.51733692 5.30266438 3.13965335 8.35657329 1.90439881 0.82552895
4.51192340 5.30454601 3.13557969 8.35503168 1.90506849 0.83072876
4.50656572 5.30640823 3.13154805 8.35350597 1.90573126 0.83582115
4.50126476 5.30825073 3.12755910 8.35199642 1.90638702 0.84080562
4.49602132 5.31007324 3.12361343 8.35050324 1.90703566 0.84568185
4.49083617 5.31187549 3.11971161 8.34902667 1.90767710 0.85044968
4.48570997 5.31365725 3.11585416 8.34756688 1.90831124 0.85510910
4.48064336 5.31541830 3.11204154 8.34612406 1.90893801 0.85966027
4.47563689 5.31715845 3.10827419 8.34469837 1.90955734 0.86410349
4.47069106 5.31887752 3.10455246 8.34328995 1.91016917 0.86843919
4.46580633 5.32057536 3.10087671 8.34189892 1.91077344 0.87266795
4.46098306 5.32225183 3.09724720 8.34052540 1.91137011 0.87679049
4.45622158 5.32390683 3.09366420 8.33916948 1.91195914 0.88080762
4.45152217 5.32554025 3.09012790 8.33783123 1.91254049 0.88472028
4.44688504 5.32715203 3.08663846 8.33651071 1.91311413 0.88852951
4.44231034 5.32874211 3.08319600 8.33520798 1.91368006 0.89223647
4.43779819 5.33031045 3.07980061 8.33392306 1.91423824 0.89584238
4.43334865 5.33185703 3.07645233 8.33265597 1.91478869 0.89934857
4.42896173 5.33338184 3.07315117 8.33140671 1.91533138 0.90275645
4.42463739 5.33488491 3.06989710 8.33017527 1.91586634 0.90606747
4.42037555 5.33636625 3.06669006 8.32896163 1.91639356 0.90928317
4.41617609 5.33782591 3.06352996 8.32776576 1.91691307 0.91240515
4.41203884 5.33926394 3.06041668 8.32658760 1.91742489 0.91543505
4.40796360 5.34068043 3.05735005 8.32542710 1.91792903 0.91837456
4.40395013 5.34207544 3.05432991 8.32428419 1.91842553 0.92122540
4.39999814 5.34344909 3.05135602 8.32315879 1.91891443 0.92398934
4.39610733 5.34480148 3.04842818 8.32205081 1.91939576 0.92666817
4.39227734 5.34613272 3.04554610 8.32096015 1.91986957 0.92926369
4.38850781 5.34744295 3.04270951 8.31988671 1.92033590 0.93177774
4.38479833 5.34873231 3.03991811 8.31883037 1.92079480 0.93421216
4.38114846 5.35000095 3.03717157 8.31779101 1.92124633 0.93656879
4.37755775 5.35124903 3.03446955 8.31676849 1.92169054 0.93884950
4.37402572 5.35247671 3.03181167 8.31576269 1.92212750 0.94105613
4.37055186 5.35368418 3.02919758 8.31477345 1.92255725 0.94319053
4.36713566 5.35487160 3.02662686 8.31380063 1.92297988 0.94525456
4.36377656 5.35603918 3.02409912 8.31284407 1.92339544 0.94725004
4.36047401 5.35718711 3.02161392 8.31190362 1.92380401 0.94917879
4.35722742 5.35831558 3.01917085 8.31097910 1.92420565 0.95104262
4.35403621 5.35942481 3.01676944 8.31007035 1.92460045 0.95284331
4.35089978 5.36051500 3.01440924 8.30917720 1.92498847 0.95458264
4.34781749 5.36158636 3.01208980 8.30829948 1.92536979 0.95626233
4.34478874 5.36263913 3.00981063 8.30743699 1.92574450 0.95788412
4.34181286 5.36367351 3.00757126 8.30658957 1.92611266 0.95944969
4.33888923 5.36468973 3.00537119 8.30575702 1.92647435 0.96096071
4.33601718 5.36568803 3.00320994 8.30493916 1.92682967 0.96241882
4.33319606 5.36666863 3.00108702 8.30413581 1.92717869 0.96382562
4.33042519 5.36763176 2.99900190 8.30334677 1.92752149 0.96518269
4.32770391 5.36857765 2.99695410 8.30257184 1.92785816 0.96649157
4.32503154 5.36950655 2.99494311 8.30181085 1.92818878 0.96775378
4.32240740 5.37041868 2.99296841 8.30106359 1.92851344 0.96897079
4.31983081 5.37131429 2.99102949 8.30032988 1.92883221 0.97014405
4.31730110 5.37219360 2.98912584 8.29960951 1.92914518 0.97127498
4.31481758 5.37305686 2.98725695 8.29890230 1.92945244 0.97236495
4.31237956 5.37390430 2.98542231 8.29820804 1.92975407 0.97341530
4.30998638 5.37473616 2.98362140 8.29752656 1.93005016 0.97442735
4.30763735 5.37555267 2.98185371 8.29685764 1.93034078 0.97540238
4.30533179 5.37635407 2.98011873 8.29620111 1.93062603 0.97634162
4.30306903 5.37714060 2.97841596 8.29555677 1.93090598 0.97724630
4.30084840 5.37791249 2.97674489 8.29492442 1.93118072 0.97811757
4.29866923 5.37866997 2.97510502 8.29430388 1.93145034 0.97895660
4.29653085 5.37941326 2.97349585 8.29369495 1.93171491 0.97976449
4.29443261 5.38014261 2.97191688 8.29309746 1.93197451 0.98054231
4.29237385 5.38085823 2.97036761 8.29251121 1.93222923 0.98129113
4.29035392 5.38156036 2.96884757 8.29193602 1.93247914 0.98201194
4.28837218 5.38224922 2.96735627 8.29137170 1.93272434 0.98270575
4.28642799 5.38292502 2.96589321 8.29081808 1.93296488 0.98337350
4.28452072 5.38358799 2.96445794 8.29027497 1.93320087 0.98401612
4.28264973 5.38423835 2.96304997 8.28974219 1.93343236 0.98463451
4.28081441 5.38487632 2.96166884 8.28921957 1.93365944 0.98522953
4.27901414 5.38550210 2.96031409 8.28870693 1.93388219 0.98580204
4.27724833 5.38611590 2.95898526 8.28820411 1.93410067 0.98635283
4.27551635 5.38671795 2.95768190 8.28771092 1.93431497 0.98688270
4.27381764 5.38730843 2.95640356 8.28722720 1.93452515 0.98739242
4.27215159 5.38788756 2.95514981 8.28675278 1.93473129 0.98788271
4.27051762 5.38845554 2.95392020 8.28628751 1.93493347 0.98835429
4.26891518 5.38901256 2.95271431 8.28583120 1.93513174 0.98880785
4.26734369 5.38955883 2.95153171 8.28538372 1.93532619 0.98924405
4.26580260 5.39009452 2.95037198 8.28494489 1.93551687 0.98966353
4.26429136 5.39061985 2.94923471 8.28451456 1.93570387 0.99006692
4.26280942 5.39113498 2.94811950 8.28409257 1.93588724 0.99045481
4.26135626 5.39164012 2.94702594 8.28367878 1.93606705 0.99082777
4.25993135 5.39213544 2.94595364 8.28327304 1.93624336 0.99118637
4.25853417 5.39262112 2.94490221 8.28287519 1.93641624 0.99153115
4.25716420 5.39309733 2.94387125 8.28248509 1.93658576 0.99186263
4.25582096 5.39356427 2.94286041 8.28210260 1.93675197 0.99218129
4.25450394 5.39402208 2.94186929 8.28172758 1.93691494 0.99248763
4.25321265 5.39447096 2.94089754 8.28135989 1.93707473 0.99278212
4.25194662 5.39491105 2.93994479 8.28099939 1.93723139 0.99306520
4.25070537 5.39534253 2.93901070 8.28064594 1.93738498 0.99333730
4.24948844 5.39576556 2.93809490 8.28029943 1.93753557 0.99359884
4.24829537 5.39618029 2.93719706 8.27995970 1.93768320 0.99385022
4.24712572 5.39658689 2.93631684 8.27962665 1.93782794 0.99409184
4.24597903 5.39698550 2.93545390 8.27930013 1.93796984 0.99432405
4.24485488 5.39737628 2.93460792 8.27898004 1.93810895 0.99454723
4.24375283 5.39775937 2.93377857 8.27866624 1.93824532 0.99476171
4.24267248 5.39813493 2.93296554 8.27835861 1.93837902 0.99496784
4.24161339 5.39850310 2.93216853 8.27805704 1.93851008 0.99516592
4.24057518 5.39886400 2.93138721 8.27776142 1.93863856 0.99535628
4.23955743 5.39921780 2.93062130 8.27747162 1.93876450 0.99553920
4.23855976 5.39956462 2.92987049 8.27718754 1.93888797 0.99571497
4.23758178 5.39990459 2.92913451 8.27690907 1.93900899 0.99588388
4.23662311 5.40023785 2.92841305 8.27663610 1.93912763 0.99604618
4.23568339 5.40056453 2.92770585 8.27636852 1.93924392 0.99620213
4.23476224 5.40088475 2.92701263 8.27610623 1.93935792 0.99635197
4.23385930 5.40119864 2.92633311 8.27584913 1.93946966 0.99649595
4.23297423 5.40150631 2.92566704 8.27559711 1.93957920 0.99663429
4.23210668 5.40180790 2.92501415 8.27535009 1.93968656 0.99676720
4.23125631 5.40210352 2.92437419 8.27510796 1.93979180 0.99689490
4.23042278 5.40239329 2.92374690 8.27487062 1.93989496 0.99701759
4.22960577 5.40267731 2.92313204 8.27463799 1.93999607 0.99713547
4.22880495 5.40295570 2.92252937 8.27440996 1.94009518 0.99724872
4.22802002 5.40322857 2.92193865 8.27418647 1.94019233 0.99735752
4.22725066 5.40349603 2.92135965 8.27396740 1.94028755 0.99746205
4.22649656 5.40375819 2.92079214 8.27375268 1.94038088 0.99756247
4.22575743 5.40401514 2.92023589 8.27354223 1.94047235 0.99765894
4.22503298 5.40426699 2.91969068 8.27333595 1.94056202 0.99775162
4.22432292 5.40451383 2.91915631 8.27313378 1.94064990 0.99784066
4.22362696 5.40475578 2.91863255 8.27293561 1.94073603 0.99792619
4.22294484 5.40499291 2.91811919 8.27274139 1.94082046 0.99800835
4.22227627 5.40522534 2.91761604 8.27255103 1.94090321 0.99808729
4.22162099 5.40545314 2.91712289 8.27236445 1.94098431 0.99816311
4.22097875 5.40567642 2.91663955 8.27218159 1.94106380 0.99823595
4.22034928 5.40589525 2.91616582 8.27200236 1.94114171 0.99830592
4.21973234 5.40610973 2.91570151 8.27182670 1.94121807 0.99837313
4.21912767 5.40631994 2.91524645 8.27165453 1.94129292 0.99843770
4.21853503 5.40652597 2.91480044 8.27148579 1.94136627 0.99849972
4.21795420 5.40672790 2.91436330 8.27132041 1.94143816 0.99855930
4.21738492 5.40692581 2.91393488 8.27115833 1.94150863 0.99861652
4.21682699 5.40711978 2.91351498 8.27099947 1.94157769 0.99867149
4.21628017 5.40730988 2.91310344 8.27084377 1.94164537 0.99872430
4.21574424 5.40749620 2.91270010 8.27069118 1.94171171 0.99877502
4.21521899 5.40767881 2.91230480 8.27054163 1.94177672 0.99882374
4.21470420 5.40785778 2.91191738 8.27039506 1.94184045 0.99887053
4.21419968 5.40803318 2.91153767 8.27025141 1.94190290 0.99891548
4.21370521 5.40820509 2.91116553 8.27011062 1.94196410 0.99895866
4.21322060 5.40837357 2.91080081 8.26997264 1.94202409 0.99900013
4.21274565 5.40853869 2.91044336 8.26983742 1.94208288 0.99903996
4.21228017 5.40870052 2.91009304 8.26970488 1.94214050 0.99907823
4.21182397 5.40885912 2.90974971 8.26957500 1.94219697 0.99911498
4.21137687 5.40901456 2.90941322 8.26944770 1.94225232 0.99915028
4.21093869 5.40916690 2.90908344 8.26932294 1.94230656 0.99918418
4.21050926 5.40931621 2.90876024 8.26920067 1.94235972 0.99921675
4.21008839 5.40946253 2.90844349 8.26908084 1.94241182 0.99924803
4.20967591 5.40960593 2.90813305 8.26896341 1.94246288 0.99927807
4.20927167 5.40974648 2.90782882 8.26884831 1.94251293 0.99930693
4.20887550 5.40988421 2.90753065 8.26873552 1.94256197 0.99933464
4.20848723 5.41001920 2.90723843 8.26862497 1.94261004 0.99936126
4.20810671 5.41015150 2.90695205 8.26851663 1.94265715 0.99938683
4.20773379 5.41028116 2.90667138 8.26841046 1.94270331 0.99941139
4.20736831 5.41040822 2.90639631 8.26830640 1.94274856 0.99943498
4.20701013 5.41053276 2.90612673 8.26820442 1.94279290 0.99945764
4.20665910 5.41065480 2.90586254 8.26810448 1.94283636 0.99947940
4.20631507 5.41077441 2.90560362 8.26800653 1.94287895 0.99950030
4.20597792 5.41089163 2.90534987 8.26791054 1.94292069 0.99952037
4.20564750 5.41100651 2.90510119 8.26781647 1.94296160 0.99953965
4.20532368 5.41111910 2.90485747 8.26772428 1.94300169 0.99955817
4.20500633 5.41122944 2.90461862 8.26763392 1.94304098 0.99957595
4.20469531 5.41133757 2.90438454 8.26754537 1.94307948 0.99959303
4.20439051 5.41144355 2.90415514 8.26745860 1.94311722 0.99960944
4.20409180 5.41154740 2.90393031 8.26737355 1.94315421 0.99962520
4.20379905 5.41164919 2.90370998 8.26729020 1.94319045 0.99964033
4.20351215 5.41174894 2.90349405 8.26720852 1.94322597 0.99965487
4.20323098 5.41184670 2.90328243 8.26712847 1.94326078 0.99966883
4.20295543 5.41194250 2.90307504 8.26705002 1.94329490 0.99968223
4.20268539 5.41203640 2.90287179 8.26697314 1.94332834 0.99969511
4.20242074 5.41212841 2.90267261 8.26689779 1.94336111 0.99970748
4.20216138 5.41221859 2.90247740 8.26682395 1.94339322 0.99971936
4.20190720 5.41230697 2.90228609 8.26675159 1.94342469 0.99973077
4.20165810 5.41239358 2.90209861 8.26668067 1.94345553 0.99974173
4.20141398 5.41247846 2.90191487 8.26661117 1.94348576 0.99975225
4.20117473 5.41256164 2.90173480 8.26654306 1.94351539 0.99976236
4.20094027 5.41264317 2.90155833 8.26647631 1.94354442 0.99977207
4.20071049 5.41272306 2.90138539 8.26641089 1.94357287 0.99978139
4.20048531 5.41280136 2.90121590 8.26634678 1.94360075 0.99979035
4.20026462 5.41287809 2.90104980 8.26628395 1.94362808 0.99979895
4.20004835 5.41295329 2.90088702 8.26622238 1.94365486 0.99980721
4.19983640 5.41302699 2.90072750 8.26616204 1.94368110 0.99981514
4.19962869 5.41309921 2.90057116 8.26610291 1.94370683 0.99982276
4.19942512 5.41316999 2.90041794 8.26604495 1.94373203 0.99983008
4.19922563 5.41323935 2.90026779 8.26598816 1.94375674 0.99983710
4.19903012 5.41330733 2.90012064 8.26593250 1.94378095 0.99984385
4.19883852 5.41337395 2.89997643 8.26587795 1.94380467 0.99985034
4.19865076 5.41343924 2.89983510 8.26582450 1.94382793 0.99985656
4.19846674 5.41350323 2.89969660 8.26577211 1.94385071 0.99986254
4.19828641 5.41356593 2.89956087 8.26572077 1.94387305 0.99986829
4.19810967 5.41362739 2.89942784 8.26567046 1.94389493 0.99987380
4.19793648 5.41368761 2.89929748 8.26562115 1.94391638 0.99987910
4.19776674 5.41374663 2.89916973 8.26557283 1.94393740 0.99988419
4.19760040 5.41380447 2.89904452 8.26552548 1.94395800 0.99988907
4.19743738 5.41386115 2.89892182 8.26547907 1.94397819 0.99989377
4.19727762 5.41391670 2.89880158 8.26543359 1.94399797 0.99989827
4.19712106 5.41397115 2.89868373 8.26538902 1.94401736 0.99990260
4.19696763 5.41402450 2.89856825 8.26534534 1.94403637 0.99990676
4.19681726 5.41407678 2.89845507 8.26530253 1.94405499 0.99991075
4.19666990 5.41412802 2.89834415 8.26526058 1.94407324 0.99991459
4.19652549 5.41417824 2.89823545 8.26521947 1.94409112 0.99991827
4.19638396 5.41422745 2.89812893 8.26517918 1.94410865 0.99992181
4.19624526 5.41427568 2.89802453 8.26513969 1.94412583 0.99992521
4.19610934 5.41432295 2.89792222 8.26510100 1.94414266 0.99992847
4.19597613 5.41436927 2.89782196 8.26506308 1.94415916 0.99993160
4.19584559 5.41441466 2.89772370 8.26502592 1.94417533 0.99993461
4.19571766 5.41445915 2.89762741 8.26498950 1.94419118 0.99993750
4.19559229 5.41450274 2.89753304 8.26495381 1.94420670 0.99994028
4.19546942 5.41454547 2.89744056 8.26491883 1.94422192 0.99994294
4.19534901 5.41458734 2.89734992 8.26488455 1.94423684 0.99994550
4.19523100 5.41462837 2.89726110 8.26485096 1.94425145 0.99994796
4.19511536 5.41466859 2.89717406 8.26481804 1.94426578 0.99995033
4.19500203 5.41470800 2.89708875 8.26478578 1.94427981 0.99995259
4.19489097 5.41474662 2.89700515 8.26475416 1.94429357 0.99995477
4.19478212 5.41478447 2.89692322 8.26472318 1.94430705 0.99995686
4.19467545 5.41482156 2.89684293 8.26469281 1.94432027 0.99995887
4.19457092 5.41485791 2.89676425 8.26466305 1.94433321 0.99996080
4.19446847 5.41489354 2.89668714 8.26463389 1.94434590 0.99996266
4.19436808 5.41492845 2.89661157 8.26460531 1.94435834 0.99996444
4.19426969 5.41496266 2.89653751 8.26457730 1.94437053 0.99996615
4.19417327 5.41499619 2.89646493 8.26454986 1.94438247 0.99996779
4.19407878 5.41502905 2.89639381 8.26452296 1.94439418 0.99996937
4.19398617 5.41506126 2.89632410 8.26449660 1.94440565 0.99997088
4.19389542 5.41509282 2.89625579 8.26447076 1.94441689 0.99997233
4.19380649 5.41512374 2.89618885 8.26444545 1.94442791 0.99997373
4.19371933 5.41515405 2.89612324 8.26442063 1.94443870 0.99997507
4.19363391 5.41518376 2.89605894 8.26439632 1.94444928 0.99997636
4.19355021 5.41521287 2.89599594 8.26437249 1.94445965 0.99997760
4.19346817 5.41524139 2.89593419 8.26434914 1.94446982 0.99997879
4.19338778 5.41526935 2.89587367 8.26432626 1.94447978 0.99997993
4.19330899 5.41529675 2.89581437 8.26430383 1.94448954 0.99998103
4.19323178 5.41532360 2.89575625 8.26428185 1.94449910 0.99998208
4.19315612 5.41534991 2.89569929 8.26426031 1.94450848 0.99998309
4.19308197 5.41537570 2.89564348 8.26423920 1.94451766 0.99998406
4.19300930 5.41540097 2.89558877 8.26421852 1.94452666 0.99998499
4.19293808 5.41542574 2.89553517 8.26419825 1.94453549 0.99998589
4.19286829 5.41545001 2.89548263 8.26417838 1.94454413 0.99998675
4.19279989 5.41547380 2.89543115 8.26415891 1.94455261 0.99998758
4.19273286 5.41549711 2.89538069 8.26413983 1.94456091 0.99998837
4.19266717 5.41551995 2.89533124 8.26412113 1.94456905 0.99998913
4.19260280 5.41554234 2.89528279 8.26410281 1.94457703 0.99998986
4.19253971 5.41556428 2.89523530 8.26408485 1.94458484 0.99999057
4.19247789 5.41558578 2.89518876 8.26406725 1.94459250 0.99999124
4.19241730 5.41560685 2.89514315 8.26405001 1.94460001 0.99999189
4.19235792 5.41562750 2.89509845 8.26403310 1.94460737 0.99999251
4.19229973 5.41564774 2.89505465 8.26401654 1.94461458 0.99999311
4.19224270 5.41566757 2.89501172 8.26400031 1.94462164 0.99999368
4.19218682 5.41568701 2.89496965 8.26398440 1.94462857 0.99999424
4.19213205 5.41570606 2.89492843 8.26396881 1.94463535 0.99999477
4.19207838 5.41572472 2.89488802 8.26395353 1.94464200 0.99999527
4.19202578 5.41574302 2.89484843 8.26393856 1.94464852 0.99999576
4.19197423 5.41576094 2.89480962 8.26392389 1.94465491 0.99999623
4.19192371 5.41577851 2.89477160 8.26390951 1.94466117 0.99999668
4.19187421 5.41579573 2.89473433 8.26389542 1.94466730 0.99999712
4.19182569 5.41581260 2.89469781 8.26388161 1.94467331 0.99999753
4.19177814 5.41582914 2.89466201 8.26386807 1.94467920 0.99999793
4.19173155 5.41584535 2.89462694 8.26385481 1.94468498 0.99999831
4.19168588 5.41586123 2.89459256 8.26384181 1.94469064 0.99999868
4.19164113 5.41587679 2.89455888 8.26382908 1.94469618 0.99999904
4.19159728 5.41589204 2.89452586 8.26381659 1.94470162 0.99999938
4.19155430 5.41590699 2.89449351 8.26380436 1.94470694 0.99999970
4.19151218 5.41592164 2.89446180 8.26379237 1.94471216 1.00000002
4.19147090 5.41593600 2.89443073 8.26378062 1.94471728 1.00000032
4.19143045 5.41595007 2.89440028 8.26376911 1.94472229 1.00000061
4.19139081 5.41596385 2.89437044 8.26375783 1.94472720 1.00000088
4.19135196 5.41597736 2.89434119 8.26374677 1.94473202 1.00000115
4.19131389 5.41599061 2.89431253 8.26373593 1.94473674 1.00000141
4.19127658 5.41600358 2.89428445 8.26372531 1.94474136 1.00000165
4.19124001 5.41601630 2.89425692 8.26371490 1.94474589 1.00000189
4.19120418 5.41602876 2.89422994 8.26370470 1.94475033 1.00000211
4.19116906 5.41604098 2.89420351 8.26369471 1.94475468 1.00000233
4.19113465 5.41605295 2.89417760 8.26368491 1.94475895 1.00000254
4.19110092 5.41606468 2.89415221 8.26367531 1.94476313 1.00000274
4.19106787 5.41607617 2.89412733 8.26366591 1.94476722 1.00000294
4.19103548 5.41608744 2.89410295 8.26365669 1.94477124 1.00000312
4.19100374 5.41609848 2.89407905 8.26364765 1.94477517 1.00000330
4.19097263 5.41610930 2.89405563 8.26363880 1.94477903 1.00000347
4.19094214 5.41611990 2.89403268 8.26363012 1.94478281 1.00000363
4.19091226 5.41613029 2.89401019 8.26362162 1.94478651 1.00000379
4.19088299 5.41614048 2.89398815 8.26361328 1.94479014 1.00000394
4.19085429 5.41615046 2.89396655 8.26360512 1.94479369 1.00000409
4.19082617 5.41616024 2.89394538 8.26359711 1.94479718 1.00000423
4.19079862 5.41616982 2.89392463 8.26358927 1.94480060 1.00000436
4.19077161 5.41617922 2.89390430 8.26358158 1.94480394 1.00000449
4.19074514 5.41618842 2.89388438 8.26357405 1.94480722 1.00000461
4.19071921 5.41619744 2.89386485 8.26356667 1.94481044 1.00000473
4.19069379 5.41620629 2.89384572 8.26355944 1.94481359 1.00000485
4.19066888 5.41621495 2.89382696 8.26355235 1.94481668 1.00000496
4.19064447 5.41622344 2.89380859 8.26354540 1.94481970 1.00000506
4.19062054 5.41623176 2.89379058 8.26353859 1.94482267 1.00000516
4.19059710 5.41623992 2.89377293 8.26353192 1.94482557 1.00000526
4.19057412 5.41624791 2.89375563 8.26352538 1.94482842 1.00000535
4.19055161 5.41625574 2.89373868 8.26351897 1.94483121 1.00000544
4.19052954 5.41626342 2.89372207 8.26351269 1.94483395 1.00000553
4.19050792 5.41627094 2.89370579 8.26350653 1.94483663 1.00000561
4.19048672 5.41627831 2.89368983 8.26350050 1.94483926 1.00000569
4.19046595 5.41628553 2.89367420 8.26349459 1.94484183 1.00000577
4.19044560 5.41629261 2.89365887 8.26348880 1.94484435 1.00000584
4.19042566 5.41629955 2.89364386 8.26348312 1.94484683 1.00000591
4.19040611 5.41630635 2.89362914 8.26347756 1.94484925 1.00000598
4.19038695 5.41631301 2.89361472 8.26347211 1.94485162 1.00000604
4.19036818 5.41631954 2.89360059 8.26346676 1.94485395 1.00000611
4.19034978 5.41632594 2.89358674 8.26346153 1.94485623 1.00000616
4.19033175 5.41633222 2.89357316 8.26345640 1.94485847 1.00000622
4.19031408 5.41633836 2.89355986 8.26345137 1.94486066 1.00000628
4.19029677 5.41634439 2.89354682 8.26344644 1.94486280 1.00000633
4.19027980 5.41635029 2.89353405 8.26344161 1.94486491 1.00000638
4.19026317 5.41635607 2.89352153 8.26343688 1.94486697 1.00000643
4.19024687 5.41636174 2.89350926 8.26343224 1.94486899 1.00000648
4.19023090 5.41636730 2.89349723 8.26342769 1.94487097 1.00000652
4.19021524 5.41637274 2.89348545 8.26342324 1.94487291 1.00000657
4.19019990 5.41637808 2.89347390 8.26341887 1.94487481 1.00000661
4.19018487 5.41638331 2.89346258 8.26341459 1.94487668 1.00000665
4.19017014 5.41638843 2.89345149 8.26341040 1.94487850 1.00000669
4.19015570 5.41639345 2.89344062 8.26340629 1.94488029 1.00000672
4.19014155 5.41639838 2.89342997 8.26340227 1.94488205 1.00000676
4.19012769 5.41640320 2.89341953 8.26339832 1.94488377 1.00000679
4.19011410 5.41640793 2.89340930 8.26339445 1.94488545 1.00000682
4.19010078 5.41641256 2.89339928 8.26339066 1.94488710 1.00000686
4.19008773 5.41641710 2.89338945 8.26338695 1.94488872 1.00000689
4.19007495 5.41642155 2.89337982 8.26338331 1.94489030 1.00000691
4.19006241 5.41642591 2.89337039 8.26337974 1.94489186 1.00000694
4.19005013 5.41643018 2.89336114 8.26337625 1.94489338 1.00000697
4.19003809 5.41643437 2.89335208 8.26337282 1.94489487 1.00000699
4.19002630 5.41643847 2.89334320 8.26336946 1.94489634 1.00000702
4.19001474 5.41644249 2.89333449 8.26336617 1.94489777 1.00000704
4.19000341 5.41644643 2.89332596 8.26336295 1.94489918 1.00000707
4.18999230 5.41645030 2.89331760 8.26335979 1.94490055 1.00000709
4.18998142 5.41645408 2.89330941 8.26335669 1.94490190 1.00000711
4.18997076 5.41645779 2.89330138 8.26335366 1.94490322 1.00000713
4.18996031 5.41646143 2.89329352 8.26335069 1.94490452 1.00000715
4.18995007 5.41646499 2.89328581 8.26334777 1.94490579 1.00000717
4.18994003 5.41646848 2.89327825 8.26334492 1.94490703 1.00000718
4.18993020 5.41647190 2.89327084 8.26334212 1.94490825 1.00000720
4.18992056 5.41647525 2.89326359 8.26333937 1.94490945 1.00000722
4.18991111 5.41647854 2.89325648 8.26333669 1.94491062 1.00000723
4.18990186 5.41648176 2.89324951 8.26333405 1.94491177 1.00000725
4.18989278 5.41648492 2.89324268 8.26333147 1.94491289 1.00000726
4.18988389 5.41648801 2.89323598 8.26332894 1.94491400 1.00000728
4.18987518 5.41649104 2.89322942 8.26332646 1.94491508 1.00000729
4.18986664 5.41649401 2.89322299 8.26332403 1.94491613 1.00000730
4.18985828 5.41649692 2.89321669 8.26332165 1.94491717 1.00000731
4.18985008 5.41649977 2.89321052 8.26331932 1.94491819 1.00000733
4.18984204 5.41650257 2.89320447 8.26331703 1.94491919 1.00000734
4.18983416 5.41650531 2.89319854 8.26331479 1.94492016 1.00000735
4.18982645 5.41650799 2.89319273 8.26331259 1.94492112 1.00000736
4.18981888 5.41651063 2.89318703 8.26331044 1.94492206 1.00000737
