8.45921296 7.38066422 7.85434211 6.50398849 4.84520332 0.01541310
8.45899002 7.38095288 7.85399941 6.50402948 4.84558191 0.01545269
8.45876657 7.38124219 7.85365593 6.50407056 4.84596135 0.01549246
8.45854262 7.38153217 7.85331167 6.50411173 4.84634165 0.01553242
8.45831815 7.38182280 7.85296664 6.50415300 4.84672282 0.01557255
8.45809318 7.38211409 7.85262082 6.50419436 4.84710486 0.01561287
8.45786768 7.38240604 7.85227422 6.50423582 4.84748777 0.01565337
8.45764168 7.38269867 7.85192683 6.50427737 4.84787155 0.01569406
8.45741515 7.38299196 7.85157865 6.50431901 4.84825622 0.01573493
8.45718811 7.38328593 7.85122967 6.50436075 4.84864177 0.01577599
8.45696054 7.38358057 7.85087989 6.50440259 4.84902820 0.01581724
8.45673245 7.38387588 7.85052931 6.50444452 4.84941553 0.01585868
8.45650383 7.38417188 7.85017793 6.50448655 4.84980375 0.01590032
8.45627468 7.38446857 7.84982573 6.50452867 4.85019288 0.01594214
8.45604499 7.38476594 7.84947272 6.50457090 4.85058290 0.01598416
8.45581478 7.38506400 7.84911890 6.50461322 4.85097383 0.01602637
8.45558403 7.38536275 7.84876426 6.50465564 4.85136567 0.01606878
8.45535274 7.38566220 7.84840880 6.50469815 4.85175842 0.01611139
8.45512091 7.38596235 7.84805250 6.50474077 4.85215209 0.01615420
8.45488854 7.38626320 7.84769538 6.50478348 4.85254668 0.01619720
8.45465562 7.38656475 7.84733743 6.50482630 4.85294220 0.01624041
8.45442215 7.38686701 7.84697864 6.50486921 4.85333865 0.01628382
8.45418813 7.38716998 7.84661901 6.50491223 4.85373603 0.01632744
8.45395357 7.38747367 7.84625853 6.50495535 4.85413434 0.01637126
8.45371844 7.38777807 7.84589721 6.50499857 4.85453360 0.01641529
8.45348276 7.38808319 7.84553503 6.50504189 4.85493381 0.01645953
8.45324652 7.38838903 7.84517200 6.50508531 4.85533496 0.01650398
8.45300972 7.38869560 7.84480811 6.50512884 4.85573707 0.01654864
8.45277236 7.38900290 7.84444336 6.50517246 4.85614014 0.01659351
8.45253442 7.38931093 7.84407775 6.50521620 4.85654416 0.01663860
8.45229592 7.38961970 7.84371126 6.50526003 4.85694916 0.01668390
8.45205685 7.38992920 7.84334390 6.50530398 4.85735512 0.01672942
8.45181720 7.39023945 7.84297566 6.50534802 4.85776206 0.01677515
8.45157697 7.39055044 7.84260654 6.50539217 4.85816998 0.01682111
8.45133617 7.39086219 7.84223654 6.50543643 4.85857888 0.01686729
8.45109478 7.39117468 7.84186564 6.50548080 4.85898877 0.01691369
8.45085281 7.39148793 7.84149386 6.50552527 4.85939965 0.01696032
8.45061025 7.39180193 7.84112117 6.50556985 4.85981153 0.01700717
8.45036710 7.39211670 7.84074759 6.50561453 4.86022441 0.01705425
8.45012336 7.39243223 7.84037310 6.50565933 4.86063829 0.01710156
8.44987903 7.39274853 7.83999770 6.50570423 4.86105319 0.01714910
8.44963410 7.39306560 7.83962139 6.50574925 4.86146909 0.01719687
8.44938856 7.39338345 7.83924416 6.50579437 4.86188602 0.01724488
8.44914243 7.39370208 7.83886601 6.50583960 4.86230397 0.01729312
8.44889569 7.39402149 7.83848693 6.50588495 4.86272294 0.01734160
8.44864834 7.39434168 7.83810693 6.50593040 4.86314295 0.01739032
8.44840038 7.39466267 7.83772599 6.50597597 4.86356400 0.01743928
8.44815180 7.39498444 7.83734412 6.50602165 4.86398608 0.01748848
8.44790261 7.39530702 7.83696130 6.50606744 4.86440922 0.01753792
8.44765280 7.39563039 7.83657754 6.50611335 4.86483340 0.01758761
8.44740237 7.39595457 7.83619283 6.50615937 4.86525864 0.01763755
8.44715132 7.39627955 7.83580716 6.50620550 4.86568494 0.01768774
8.44689963 7.39660535 7.83542053 6.50625175 4.86611231 0.01773818
8.44664732 7.39693195 7.83503294 6.50629811 4.86654074 0.01778887
8.44639437 7.39725938 7.83464438 6.50634459 4.86697025 0.01783981
8.44614078 7.39758763 7.83425485 6.50639119 4.86740084 0.01789101
8.44588656 7.39791671 7.83386435 6.50643790 4.86783252 0.01794247
8.44563169 7.39824661 7.83347286 6.50648473 4.86826528 0.01799419
8.44537618 7.39857735 7.83308038 6.50653168 4.86869914 0.01804617
8.44512002 7.39890892 7.83268692 6.50657875 4.86913410 0.01809841
8.44486321 7.39924134 7.83229246 6.50662593 4.86957017 0.01815092
8.44460574 7.39957460 7.83189701 6.50667324 4.87000734 0.01820370
8.44434762 7.39990871 7.83150055 6.50672067 4.87044563 0.01825675
8.44408884 7.40024367 7.83110308 6.50676821 4.87088505 0.01831006
8.44382939 7.40057949 7.83070459 6.50681588 4.87132558 0.01836365
8.44356928 7.40091617 7.83030509 6.50686367 4.87176725 0.01841752
8.44330850 7.40125371 7.82990457 6.50691158 4.87221005 0.01847166
8.44304704 7.40159213 7.82950302 6.50695962 4.87265400 0.01852608
8.44278491 7.40193141 7.82910044 6.50700778 4.87309909 0.01858079
8.44252210 7.40227157 7.82869682 6.50705606 4.87354533 0.01863577
8.44225861 7.40261262 7.82829216 6.50710447 4.87399273 0.01869104
8.44199443 7.40295455 7.82788645 6.50715300 4.87444130 0.01874660
8.44172957 7.40329736 7.82747969 6.50720166 4.87489103 0.01880245
8.44146401 7.40364108 7.82707187 6.50725044 4.87534193 0.01885859
8.44119776 7.40398568 7.82666299 6.50729936 4.87579402 0.01891503
8.44093081 7.40433120 7.82625305 6.50734840 4.87624729 0.01897176
8.44066315 7.40467761 7.82584203 6.50739756 4.87670175 0.01902878
8.44039480 7.40502494 7.82542994 6.50744686 4.87715741 0.01908611
8.44012573 7.40537318 7.82501676 6.50749629 4.87761427 0.01914374
8.43985595 7.40572235 7.82460250 6.50754584 4.87807234 0.01920168
8.43958546 7.40607243 7.82418715 6.50759553 4.87853162 0.01925992
8.43931424 7.40642345 7.82377069 6.50764535 4.87899212 0.01931847
8.43904231 7.40677539 7.82335314 6.50769530 4.87945385 0.01937734
8.43876965 7.40712828 7.82293447 6.50774539 4.87991681 0.01943651
8.43849626 7.40748210 7.82251470 6.50779560 4.88038100 0.01949601
8.43822213 7.40783687 7.82209380 6.50784595 4.88084644 0.01955582
8.43794728 7.40819260 7.82167178 6.50789644 4.88131313 0.01961596
8.43767168 7.40854927 7.82124863 6.50794706 4.88178108 0.01967641
8.43739533 7.40890691 7.82082434 6.50799782 4.88225028 0.01973720
8.43711824 7.40926552 7.82039892 6.50804871 4.88272075 0.01979831
8.43684040 7.40962509 7.81997234 6.50809974 4.88319250 0.01985975
8.43656181 7.40998563 7.81954462 6.50815091 4.88366553 0.01992153
8.43628245 7.41034716 7.81911573 6.50820222 4.88413984 0.01998364
8.43600234 7.41070967 7.81868569 6.50825366 4.88461545 0.02004609
8.43572146 7.41107317 7.81825447 6.50830525 4.88509235 0.02010889
8.43543981 7.41143766 7.81782208 6.50835698 4.88557057 0.02017202
8.43515738 7.41180315 7.81738851 6.50840884 4.88605009 0.02023551
8.43487418 7.41216964 7.81695375 6.50846085 4.88653093 0.02029934
8.43459020 7.41253715 7.81651780 6.50851301 4.88701310 0.02036352
8.43430543 7.41290566 7.81608065 6.50856530 4.88749660 0.02042806
8.43401987 7.41327520 7.81564230 6.50861774 4.88798143 0.02049296
8.43373353 7.41364576 7.81520274 6.50867033 4.88846762 0.02055822
8.43344638 7.41401734 7.81476196 6.50872306 4.88895515 0.02062384
8.43315843 7.41438996 7.81431995 6.50877594 4.88944405 0.02068982
8.43286968 7.41476362 7.81387672 6.50882896 4.88993430 0.02075618
8.43258012 7.41513833 7.81343225 6.50888213 4.89042594 0.02082290
8.43228974 7.41551408 7.81298655 6.50893545 4.89091895 0.02089000
8.43199855 7.41589089 7.81253959 6.50898892 4.89141334 0.02095748
8.43170654 7.41626876 7.81209138 6.50904254 4.89190913 0.02102534
8.43141370 7.41664770 7.81164191 6.50909631 4.89240632 0.02109358
8.43112003 7.41702771 7.81119117 6.50915024 4.89290492 0.02116221
8.43082553 7.41740879 7.81073917 6.50920431 4.89340494 0.02123123
8.43053019 7.41779096 7.81028588 6.50925854 4.89390637 0.02130064
8.43023401 7.41817421 7.80983130 6.50931292 4.89440924 0.02137045
8.42993698 7.41855856 7.80937543 6.50936746 4.89491354 0.02144066
8.42963910 7.41894400 7.80891826 6.50942215 4.89541929 0.02151126
8.42934036 7.41933056 7.80845979 6.50947700 4.89592649 0.02158228
8.42904076 7.41971822 7.80800000 6.50953200 4.89643514 0.02165370
8.42874030 7.42010700 7.80753890 6.50958717 4.89694527 0.02172554
8.42843897 7.42049690 7.80707646 6.50964249 4.89745687 0.02179779
8.42813676 7.42088792 7.80661269 6.50969797 4.89796995 0.02187046
8.42783368 7.42128009 7.80614759 6.50975361 4.89848452 0.02194355
8.42752971 7.42167339 7.80568113 6.50980942 4.89900059 0.02201706
8.42722486 7.42206783 7.80521332 6.50986538 4.89951817 0.02209101
8.42691911 7.42246343 7.80474415 6.50992151 4.90003725 0.02216539
8.42661247 7.42286019 7.80427361 6.50997780 4.90055786 0.02224021
8.42630492 7.42325811 7.80380169 6.51003426 4.90108000 0.02231546
8.42599647 7.42365720 7.80332839 6.51009088 4.90160368 0.02239116
8.42568711 7.42405747 7.80285370 6.51014767 4.90212890 0.02246731
8.42537683 7.42445892 7.80237761 6.51020463 4.90265568 0.02254390
8.42506563 7.42486156 7.80190012 6.51026175 4.90318402 0.02262095
8.42475350 7.42526539 7.80142121 6.51031905 4.90371393 0.02269846
8.42444044 7.42567043 7.80094088 6.51037651 4.90424542 0.02277644
8.42412645 7.42607667 7.80045912 6.51043415 4.90477850 0.02285487
8.42381151 7.42648413 7.79997593 6.51049195 4.90531317 0.02293378
8.42349563 7.42689281 7.79949129 6.51054993 4.90584945 0.02301316
8.42317880 7.42730272 7.79900520 6.51060808 4.90638734 0.02309302
8.42286101 7.42771386 7.79851765 6.51066641 4.90692686 0.02317336
8.42254226 7.42812624 7.79802864 6.51072491 4.90746800 0.02325419
8.42222254 7.42853987 7.79753815 6.51078359 4.90801079 0.02333551
8.42190185 7.42895476 7.79704617 6.51084245 4.90855522 0.02341732
8.42158019 7.42937091 7.79655271 6.51090149 4.90910132 0.02349963
8.42125754 7.42978832 7.79605774 6.51096070 4.90964907 0.02358245
8.42093390 7.43020701 7.79556127 6.51102010 4.91019851 0.02366577
8.42060927 7.43062699 7.79506328 6.51107967 4.91074963 0.02374960
8.42028364 7.43104825 7.79456377 6.51113943 4.91130245 0.02383395
8.41995700 7.43147081 7.79406272 6.51119938 4.91185697 0.02391882
8.41962936 7.43189468 7.79356013 6.51125950 4.91241320 0.02400421
8.41930070 7.43231985 7.79305599 6.51131981 4.91297116 0.02409014
8.41897101 7.43274634 7.79255030 6.51138031 4.91353085 0.02417659
8.41864030 7.43317416 7.79204303 6.51144100 4.91409228 0.02426359
8.41830856 7.43360332 7.79153419 6.51150187 4.91465546 0.02435113
8.41797578 7.43403381 7.79102377 6.51156294 4.91522041 0.02443921
8.41764195 7.43446565 7.79051175 6.51162419 4.91578713 0.02452785
8.41730707 7.43489885 7.78999813 6.51168564 4.91635562 0.02461705
8.41697114 7.43533341 7.78948290 6.51174728 4.91692592 0.02470681
8.41663414 7.43576934 7.78896604 6.51180911 4.91749801 0.02479714
8.41629607 7.43620665 7.78844756 6.51187114 4.91807192 0.02488804
8.41595693 7.43664535 7.78792744 6.51193337 4.91864764 0.02497952
8.41561671 7.43708544 7.78740566 6.51199579 4.91922521 0.02507158
8.41527540 7.43752693 7.78688223 6.51205841 4.91980461 0.02516423
8.41493300 7.43796984 7.78635714 6.51212123 4.92038587 0.02525747
8.41458950 7.43841416 7.78583036 6.51218425 4.92096899 0.02535132
8.41424490 7.43885991 7.78530190 6.51224747 4.92155399 0.02544576
8.41389918 7.43930710 7.78477174 6.51231090 4.92214088 0.02554082
8.41355234 7.43975573 7.78423988 6.51237453 4.92272966 0.02563649
8.41320438 7.44020581 7.78370630 6.51243836 4.92332035 0.02573278
8.41285528 7.44065735 7.78317099 6.51250240 4.92391296 0.02582970
8.41250505 7.44111036 7.78263395 6.51256665 4.92450750 0.02592724
8.41215367 7.44156485 7.78209516 6.51263111 4.92510398 0.02602543
8.41180114 7.44202082 7.78155461 6.51269578 4.92570242 0.02612426
8.41144745 7.44247829 7.78101230 6.51276066 4.92630282 0.02622374
8.41109260 7.44293727 7.78046821 6.51282575 4.92690520 0.02632388
8.41073658 7.44339775 7.77992233 6.51289106 4.92750956 0.02642467
8.41037937 7.44385976 7.77937465 6.51295658 4.92811592 0.02652614
8.41002098 7.44432329 7.77882517 6.51302231 4.92872430 0.02662827
8.40966140 7.44478837 7.77827387 6.51308827 4.92933470 0.02673109
8.40930061 7.44525499 7.77772073 6.51315444 4.92994713 0.02683460
8.40893862 7.44572317 7.77716575 6.51322084 4.93056161 0.02693879
8.40857541 7.44619292 7.77660893 6.51328745 4.93117815 0.02704369
8.40821099 7.44666425 7.77605023 6.51335429 4.93179677 0.02714929
8.40784533 7.44713716 7.77548967 6.51342135 4.93241747 0.02725560
8.40747843 7.44761167 7.77492722 6.51348864 4.93304026 0.02736264
8.40711030 7.44808778 7.77436287 6.51355616 4.93366517 0.02747040
8.40674091 7.44856551 7.77379661 6.51362390 4.93429219 0.02757889
8.40637026 7.44904486 7.77322843 6.51369187 4.93492136 0.02768812
8.40599834 7.44952585 7.77265832 6.51376008 4.93555267 0.02779810
8.40562515 7.45000848 7.77208626 6.51382851 4.93618614 0.02790883
8.40525067 7.45049276 7.77151225 6.51389718 4.93682179 0.02802032
8.40487491 7.45097871 7.77093628 6.51396609 4.93745963 0.02813258
8.40449785 7.45146634 7.77035832 6.51403523 4.93809967 0.02824562
8.40411948 7.45195565 7.76977837 6.51410461 4.93874192 0.02835944
8.40373979 7.45244666 7.76919642 6.51417423 4.93938640 0.02847405
8.40335879 7.45293937 7.76861244 6.51424409 4.94003313 0.02858946
8.40297645 7.45343380 7.76802645 6.51431420 4.94068211 0.02870567
8.40259277 7.45392996 7.76743840 6.51438455 4.94133336 0.02882270
8.40220775 7.45442786 7.76684831 6.51445514 4.94198690 0.02894056
8.40182137 7.45492750 7.76625615 6.51452598 4.94264274 0.02905924
8.40143362 7.45542891 7.76566190 6.51459707 4.94330089 0.02917876
8.40104450 7.45593208 7.76506557 6.51466841 4.94396137 0.02929912
8.40065400 7.45643704 7.76446712 6.51474001 4.94462419 0.02942035
8.40026211 7.45694379 7.76386656 6.51481185 4.94528937 0.02954243
8.39986882 7.45745235 7.76326387 6.51488395 4.94595692 0.02966539
8.39947413 7.45796272 7.76265902 6.51495631 4.94662686 0.02978922
8.39907801 7.45847493 7.76205202 6.51502893 4.94729920 0.02991395
8.39868047 7.45898897 7.76144284 6.51510181 4.94797396 0.03003958
8.39828149 7.45950486 7.76083148 6.51517494 4.94865116 0.03016611
8.39788107 7.46002262 7.76021791 6.51524834 4.94933080 0.03029356
8.39747919 7.46054225 7.75960213 6.51532201 4.95001291 0.03042193
8.39707585 7.46106377 7.75898411 6.51539594 4.95069750 0.03055124
8.39667104 7.46158719 7.75836385 6.51547015 4.95138459 0.03068149
8.39626475 7.46211252 7.75774133 6.51554462 4.95207419 0.03081270
8.39585696 7.46263977 7.75711654 6.51561936 4.95276632 0.03094487
8.39544767 7.46316897 7.75648946 6.51569438 4.95346100 0.03107801
8.39503687 7.46370011 7.75586007 6.51576967 4.95415824 0.03121214
8.39462455 7.46423321 7.75522837 6.51584524 4.95485806 0.03134726
8.39421070 7.46476829 7.75459433 6.51592109 4.95556048 0.03148339
8.39379530 7.46530536 7.75395794 6.51599722 4.95626551 0.03162053
8.39337835 7.46584443 7.75331918 6.51607363 4.95697317 0.03175869
8.39295984 7.46638552 7.75267805 6.51615033 4.95768348 0.03189789
8.39253976 7.46692863 7.75203452 6.51622732 4.95839646 0.03203814
8.39211810 7.46747378 7.75138857 6.51630459 4.95911212 0.03217944
8.39169484 7.46802099 7.75074020 6.51638215 4.95983048 0.03232182
8.39126998 7.46857027 7.75008938 6.51646001 4.96055156 0.03246527
8.39084350 7.46912163 7.74943611 6.51653816 4.96127538 0.03260981
8.39041539 7.46967509 7.74878035 6.51661660 4.96200196 0.03275545
8.38998565 7.47023066 7.74812210 6.51669535 4.96273131 0.03290221
8.38955426 7.47078835 7.74746134 6.51677439 4.96346345 0.03305010
8.38912121 7.47134819 7.74679804 6.51685374 4.96419841 0.03319912
8.38868649 7.47191017 7.74613221 6.51693339 4.96493620 0.03334929
8.38825009 7.47247433 7.74546381 6.51701335 4.96567685 0.03350062
8.38781200 7.47304067 7.74479283 6.51709362 4.96642036 0.03365313
8.38737220 7.47360921 7.74411925 6.51717419 4.96716676 0.03380683
8.38693068 7.47417997 7.74344306 6.51725508 4.96791608 0.03396173
8.38648743 7.47475295 7.74276423 6.51733629 4.96866832 0.03411784
8.38604245 7.47532818 7.74208275 6.51741781 4.96942352 0.03427517
8.38559571 7.47590566 7.74139860 6.51749965 4.97018168 0.03443375
8.38514720 7.47648543 7.74071176 6.51758181 4.97094284 0.03459358
8.38469692 7.47706748 7.74002221 6.51766430 4.97170701 0.03475468
8.38424485 7.47765185 7.73932994 6.51774711 4.97247422 0.03491705
8.38379098 7.47823853 7.73863492 6.51783025 4.97324448 0.03508073
8.38333529 7.47882756 7.73793713 6.51791372 4.97401782 0.03524571
8.38287777 7.47941894 7.73723656 6.51799752 4.97479426 0.03541201
8.38241841 7.48001270 7.73653319 6.51808166 4.97557381 0.03557966
8.38195720 7.48060885 7.73582699 6.51816614 4.97635651 0.03574866
8.38149412 7.48120740 7.73511795 6.51825096 4.97714237 0.03591902
8.38102916 7.48180838 7.73440604 6.51833612 4.97793143 0.03609077
8.38056231 7.48241180 7.73369125 6.51842162 4.97872369 0.03626392
8.38009355 7.48301768 7.73297356 6.51850747 4.97951918 0.03643849
8.37962287 7.48362604 7.73225293 6.51859367 4.98031793 0.03661449
8.37915025 7.48423689 7.73152936 6.51868023 4.98111996 0.03679193
8.37867568 7.48485026 7.73080282 6.51876713 4.98192530 0.03697084
8.37819916 7.48546615 7.73007329 6.51885440 4.98273396 0.03715123
8.37772065 7.48608460 7.72934075 6.51894203 4.98354598 0.03733312
8.37724015 7.48670561 7.72860518 6.51903001 4.98436137 0.03751652
8.37675765 7.48732921 7.72786655 6.51911837 4.98518016 0.03770145
8.37627312 7.48795541 7.72712484 6.51920709 4.98600237 0.03788794
8.37578656 7.48858424 7.72638003 6.51929618 4.98682804 0.03807599
8.37529794 7.48921572 7.72563209 6.51938565 4.98765719 0.03826563
8.37480726 7.48984986 7.72488101 6.51947549 4.98848983 0.03845687
8.37431450 7.49048668 7.72412676 6.51956571 4.98932601 0.03864974
8.37381964 7.49112620 7.72336931 6.51965631 4.99016574 0.03884425
8.37332267 7.49176845 7.72260865 6.51974730 4.99100905 0.03904042
8.37282357 7.49241344 7.72184474 6.51983868 4.99185597 0.03923827
8.37232232 7.49306120 7.72107757 6.51993044 4.99270652 0.03943782
8.37181892 7.49371174 7.72030711 6.52002260 4.99356074 0.03963910
8.37131334 7.49436509 7.71953334 6.52011515 4.99441865 0.03984211
8.37080556 7.49502127 7.71875622 6.52020811 4.99528027 0.04004689
8.37029557 7.49568029 7.71797574 6.52030146 4.99614564 0.04025345
8.36978336 7.49634219 7.71719186 6.52039522 4.99701478 0.04046182
8.36926890 7.49700698 7.71640457 6.52048939 4.99788773 0.04067201
8.36875218 7.49767468 7.71561384 6.52058398 4.99876451 0.04088406
8.36823318 7.49834532 7.71481964 6.52067897 4.99964515 0.04109797
8.36771188 7.49901892 7.71402194 6.52077439 5.00052969 0.04131378
8.36718828 7.49969550 7.71322072 6.52087022 5.00141814 0.04153150
8.36666233 7.50037509 7.71241594 6.52096648 5.00231055 0.04175117
8.36613404 7.50105771 7.71160759 6.52106317 5.00320694 0.04197280
8.36560338 7.50174338 7.71079563 6.52116028 5.00410735 0.04219642
8.36507033 7.50243213 7.70998004 6.52125784 5.00501180 0.04242205
8.36453488 7.50312397 7.70916079 6.52135583 5.00592032 0.04264972
8.36399700 7.50381895 7.70833784 6.52145426 5.00683296 0.04287945
8.36345668 7.50451707 7.70751118 6.52155313 5.00774974 0.04311127
8.36291390 7.50521837 7.70668076 6.52165246 5.00867069 0.04334521
8.36236863 7.50592286 7.70584657 6.52175223 5.00959585 0.04358128
8.36182086 7.50663058 7.70500857 6.52185246 5.01052525 0.04381953
8.36127057 7.50734155 7.70416672 6.52195315 5.01145892 0.04405997
8.36071773 7.50805580 7.70332101 6.52205431 5.01239691 0.04430264
8.36016233 7.50877336 7.70247139 6.52215592 5.01333924 0.04454755
8.35960435 7.50949424 7.70161784 6.52225801 5.01428594 0.04479475
8.35904376 7.51021848 7.70076033 6.52236057 5.01523706 0.04504426
8.35848055 7.51094610 7.69989882 6.52246361 5.01619263 0.04529610
8.35791469 7.51167713 7.69903328 6.52256713 5.01715269 0.04555032
8.35734616 7.51241160 7.69816368 6.52267114 5.01811726 0.04580693
8.35677494 7.51314954 7.69728999 6.52277564 5.01908640 0.04606598
8.35620101 7.51389098 7.69641216 6.52288063 5.02006013 0.04632748
8.35562434 7.51463594 7.69553018 6.52298611 5.02103850 0.04659149
8.35504491 7.51538445 7.69464399 6.52309210 5.02202154 0.04685802
8.35446271 7.51613654 7.69375358 6.52319859 5.02300929 0.04712710
8.35387770 7.51689225 7.69285890 6.52330560 5.02400180 0.04739879
8.35328986 7.51765160 7.69195992 6.52341311 5.02499909 0.04767310
8.35269918 7.51841463 7.69105659 6.52352115 5.02600121 0.04795007
8.35210561 7.51918135 7.69014890 6.52362971 5.02700820 0.04822974
8.35150915 7.51995182 7.68923679 6.52373879 5.02802011 0.04851214
8.35090977 7.52072604 7.68832024 6.52384841 5.02903697 0.04879732
8.35030744 7.52150407 7.68739920 6.52395856 5.03005882 0.04908530
8.34970214 7.52228592 7.68647364 6.52406926 5.03108571 0.04937613
8.34909383 7.52307164 7.68554352 6.52418050 5.03211768 0.04966984
8.34848251 7.52386126 7.68460879 6.52429228 5.03315477 0.04996647
8.34786813 7.52465480 7.68366943 6.52440463 5.03419703 0.05026607
8.34725068 7.52545231 7.68272538 6.52451753 5.03524450 0.05056867
8.34663013 7.52625381 7.68177662 6.52463099 5.03629722 0.05087431
8.34600644 7.52705935 7.68082309 6.52474503 5.03735525 0.05118304
8.34537960 7.52786895 7.67986476 6.52485963 5.03841863 0.05149489
8.34474958 7.52868265 7.67890159 6.52497482 5.03948740 0.05180992
8.34411635 7.52950049 7.67793354 6.52509059 5.04056161 0.05212816
8.34347987 7.53032250 7.67696055 6.52520695 5.04164131 0.05244966
8.34284013 7.53114872 7.67598260 6.52532390 5.04272655 0.05277446
8.34219709 7.53197919 7.67499963 6.52544146 5.04381737 0.05310262
8.34155073 7.53281395 7.67401160 6.52555961 5.04491383 0.05343417
8.34090100 7.53365302 7.67301846 6.52567838 5.04601597 0.05376917
8.34024790 7.53449646 7.67202018 6.52579776 5.04712384 0.05410767
8.33959138 7.53534430 7.67101670 6.52591776 5.04823751 0.05444971
8.33893141 7.53619658 7.67000798 6.52603839 5.04935701 0.05479534
8.33826797 7.53705333 7.66899397 6.52615965 5.05048240 0.05514462
8.33760101 7.53791460 7.66797462 6.52628155 5.05161374 0.05549760
8.33693052 7.53878044 7.66694990 6.52640409 5.05275107 0.05585433
8.33625645 7.53965087 7.66591973 6.52652728 5.05389445 0.05621486
8.33557879 7.54052595 7.66488409 6.52665112 5.05504394 0.05657926
8.33489748 7.54140571 7.66384292 6.52677563 5.05619959 0.05694757
8.33421250 7.54229020 7.66279616 6.52690080 5.05736146 0.05731985
8.33352382 7.54317946 7.66174377 6.52702664 5.05852960 0.05769616
8.33283140 7.54407353 7.66068569 6.52715317 5.05970408 0.05807657
8.33213521 7.54497247 7.65962188 6.52728038 5.06088495 0.05846112
8.33143521 7.54587631 7.65855228 6.52740828 5.06207227 0.05884989
8.33073137 7.54678509 7.65747683 6.52753688 5.06326609 0.05924293
8.33002364 7.54769888 7.65639549 6.52766618 5.06446649 0.05964031
8.32931201 7.54861770 7.65530819 6.52779620 5.06567352 0.06004209
8.32859642 7.54954162 7.65421489 6.52792693 5.06688725 0.06044833
8.32787684 7.55047067 7.65311551 6.52805838 5.06810773 0.06085912
8.32715324 7.55140491 7.65201002 6.52819057 5.06933503 0.06127450
8.32642557 7.55234438 7.65089835 6.52832350 5.07056922 0.06169456
8.32569379 7.55328913 7.64978044 6.52845717 5.07181036 0.06211936
8.32495788 7.55423923 7.64865623 6.52859159 5.07305851 0.06254898
8.32421778 7.55519470 7.64752566 6.52872678 5.07431375 0.06298349
8.32347346 7.55615561 7.64638867 6.52886272 5.07557614 0.06342296
8.32272488 7.55712202 7.64524521 6.52899945 5.07684574 0.06386747
8.32197200 7.55809396 7.64409520 6.52913695 5.07812264 0.06431711
8.32121477 7.55907150 7.64293858 6.52927525 5.07940690 0.06477193
8.32045315 7.56005469 7.64177530 6.52941434 5.08069859 0.06523204
8.31968710 7.56104358 7.64060528 6.52955423 5.08199778 0.06569750
8.31891658 7.56203823 7.63942847 6.52969494 5.08330455 0.06616842
8.31814154 7.56303870 7.63824478 6.52983646 5.08461898 0.06664485
8.31736194 7.56404504 7.63705417 6.52997882 5.08594112 0.06712691
8.31657774 7.56505732 7.63585655 6.53012201 5.08727107 0.06761467
8.31578888 7.56607558 7.63465186 6.53026604 5.08860890 0.06810823
8.31499532 7.56709989 7.63344003 6.53041093 5.08995468 0.06860768
8.31419702 7.56813031 7.63222099 6.53055668 5.09130851 0.06911310
8.31339392 7.56916690 7.63099466 6.53070330 5.09267044 0.06962461
8.31258599 7.57020973 7.62976098 6.53085080 5.09404058 0.07014229
8.31177317 7.57125884 7.62851987 6.53099918 5.09541899 0.07066624
8.31095541 7.57231432 7.62727126 6.53114846 5.09680577 0.07119657
8.31013266 7.57337621 7.62601506 6.53129865 5.09820100 0.07173338
8.30930487 7.57444460 7.62475121 6.53144975 5.09960475 0.07227678
8.30847199 7.57551953 7.62347963 6.53160177 5.10101713 0.07282687
8.30763398 7.57660108 7.62220023 6.53175473 5.10243821 0.07338376
8.30679076 7.57768932 7.62091295 6.53190863 5.10386810 0.07394756
8.30594230 7.57878432 7.61961768 6.53206348 5.10530686 0.07451840
8.30508854 7.57988614 7.61831437 6.53221929 5.10675461 0.07509638
8.30422943 7.58099485 7.61700291 6.53237607 5.10821142 0.07568162
8.30336490 7.58211053 7.61568324 6.53253384 5.10967740 0.07627425
8.30249490 7.58323325 7.61435526 6.53269260 5.11115264 0.07687439
8.30161938 7.58436308 7.61301888 6.53285236 5.11263723 0.07748217
8.30073828 7.58550009 7.61167402 6.53301313 5.11413128 0.07809771
8.29985154 7.58664437 7.61032060 6.53317493 5.11563487 0.07872114
8.29895910 7.58779598 7.60895852 6.53333776 5.11714812 0.07935260
8.29806089 7.58895500 7.60758768 6.53350163 5.11867113 0.07999223
8.29715687 7.59012152 7.60620801 6.53366656 5.12020398 0.08064016
8.29624697 7.59129560 7.60481940 6.53383256 5.12174680 0.08129654
8.29533112 7.59247734 7.60342176 6.53399963 5.12329969 0.08196151
8.29440926 7.59366682 7.60201499 6.53416780 5.12486275 0.08263523
8.29348133 7.59486410 7.60059901 6.53433706 5.12643609 0.08331783
8.29254726 7.59606929 7.59917370 6.53450744 5.12801982 0.08400948
8.29160699 7.59728246 7.59773896 6.53467894 5.12961406 0.08471034
8.29066045 7.59850370 7.59629471 6.53485158 5.13121892 0.08542056
8.28970757 7.59973309 7.59484083 6.53502537 5.13283450 0.08614031
8.28874829 7.60097073 7.59337722 6.53520032 5.13446094 0.08686976
8.28778252 7.60221671 7.59190377 6.53537645 5.13609833 0.08760908
8.28681022 7.60347111 7.59042039 6.53555376 5.13774682 0.08835844
8.28583129 7.60473402 7.58892695 6.53573227 5.13940651 0.08911803
8.28484567 7.60600555 7.58742336 6.53591200 5.14107753 0.08988801
8.28385329 7.60728578 7.58590949 6.53609295 5.14276000 0.09066859
8.28285407 7.60857481 7.58438524 6.53627514 5.14445404 0.09145995
8.28184794 7.60987274 7.58285049 6.53645858 5.14615980 0.09226228
8.28083481 7.61117966 7.58130512 6.53664329 5.14787739 0.09307579
8.27981462 7.61249568 7.57974903 6.53682928 5.14960695 0.09390066
8.27878728 7.61382089 7.57818208 6.53701657 5.15134860 0.09473713
8.27775271 7.61515540 7.57660417 6.53720517 5.15310250 0.09558538
8.27671084 7.61649932 7.57501516 6.53739509 5.15486876 0.09644564
8.27566158 7.61785274 7.57341493 6.53758635 5.15664753 0.09731813
8.27460484 7.61921577 7.57180336 6.53777896 5.15843896 0.09820308
8.27354055 7.62058853 7.57018031 6.53797294 5.16024317 0.09910070
8.27246862 7.62197112 7.56854567 6.53816831 5.16206032 0.10001125
8.27138896 7.62336365 7.56689930 6.53836508 5.16389056 0.10093495
8.27030149 7.62476623 7.56524107 6.53856326 5.16573402 0.10187206
8.26920611 7.62617899 7.56357084 6.53876288 5.16759087 0.10282282
8.26810273 7.62760203 7.56188847 6.53896394 5.16946125 0.10378748
8.26699128 7.62903547 7.56019383 6.53916647 5.17134532 0.10476632
8.26587164 7.63047943 7.55848679 6.53937048 5.17324323 0.10575960
8.26474373 7.63193403 7.55676719 6.53957599 5.17515514 0.10676758
8.26360746 7.63339939 7.55503489 6.53978301 5.17708121 0.10779055
8.26246272 7.63487564 7.55328975 6.53999157 5.17902161 0.10882880
8.26130942 7.63636290 7.55153162 6.54020167 5.18097650 0.10988261
8.26014747 7.63786130 7.54976035 6.54041335 5.18294605 0.11095228
8.25897675 7.63937097 7.54797579 6.54062661 5.18493042 0.11203811
8.25779718 7.64089203 7.54617779 6.54084147 5.18692979 0.11314042
8.25660864 7.64242462 7.54436619 6.54105796 5.18894433 0.11425952
8.25541104 7.64396887 7.54254083 6.54127609 5.19097422 0.11539573
8.25420426 7.64552492 7.54070155 6.54149588 5.19301964 0.11654939
8.25298821 7.64709290 7.53884820 6.54171735 5.19508076 0.11772084
8.25176277 7.64867296 7.53698060 6.54194052 5.19715777 0.11891041
8.25052783 7.65026523 7.53509860 6.54216541 5.19925085 0.12011847
8.24928328 7.65186986 7.53320202 6.54239204 5.20136020 0.12134537
8.24802902 7.65348699 7.53129070 6.54262042 5.20348599 0.12259148
8.24676492 7.65511677 7.52936446 6.54285059 5.20562843 0.12385719
8.24549087 7.65675934 7.52742313 6.54308256 5.20778772 0.12514286
8.24420675 7.65841486 7.52546653 6.54331635 5.20996403 0.12644890
8.24291245 7.66008347 7.52349449 6.54355199 5.21215759 0.12777571
8.24160785 7.66176533 7.52150681 6.54378948 5.21436858 0.12912370
8.24029282 7.66346060 7.51950333 6.54402887 5.21659722 0.13049328
8.23896725 7.66516943 7.51748385 6.54427016 5.21884370 0.13188489
8.23763100 7.66689199 7.51544819 6.54451339 5.22110825 0.13329896
8.23628396 7.66862842 7.51339615 6.54475857 5.22339107 0.13473594
8.23492599 7.67037890 7.51132755 6.54500572 5.22569237 0.13619629
8.23355697 7.67214359 7.50924219 6.54525488 5.22801238 0.13768047
8.23217678 7.67392266 7.50713988 6.54550605 5.23035131 0.13918895
8.23078526 7.67571628 7.50502041 6.54575928 5.23270939 0.14072223
8.22938230 7.67752461 7.50288359 6.54601457 5.23508683 0.14228080
8.22796777 7.67934783 7.50072921 6.54627196 5.23748388 0.14386516
8.22654151 7.68118611 7.49855707 6.54653147 5.23990075 0.14547583
8.22510340 7.68303964 7.49636696 6.54679312 5.24233767 0.14711335
8.22365330 7.68490857 7.49415867 6.54705694 5.24479489 0.14877824
8.22219107 7.68679311 7.49193198 6.54732296 5.24727264 0.15047107
8.22071657 7.68869342 7.48968670 6.54759119 5.24977116 0.15219238
8.21922965 7.69060970 7.48742259 6.54786167 5.25229069 0.15394276
8.21773017 7.69254211 7.48513945 6.54813442 5.25483147 0.15572279
8.21621798 7.69449087 7.48283704 6.54840947 5.25739375 0.15753306
8.21469294 7.69645614 7.48051516 6.54868684 5.25997777 0.15937418
8.21315490 7.69843813 7.47817358 6.54896656 5.26258380 0.16124678
8.21160371 7.70043701 7.47581206 6.54924866 5.26521207 0.16315148
8.21003922 7.70245300 7.47343039 6.54953317 5.26786286 0.16508892
8.20846128 7.70448627 7.47102833 6.54982010 5.27053640 0.16705977
8.20686973 7.70653703 7.46860566 6.55010950 5.27323296 0.16906470
8.20526442 7.70860548 7.46616214 6.55040138 5.27595280 0.17110438
8.20364520 7.71069181 7.46369753 6.55069578 5.27869619 0.17317951
8.20201191 7.71279622 7.46121160 6.55099272 5.28146338 0.17529080
8.20036438 7.71491892 7.45870412 6.55129223 5.28425465 0.17743896
8.19870247 7.71706011 7.45617484 6.55159434 5.28707025 0.17962473
8.19702602 7.71921999 7.45362353 6.55189908 5.28991046 0.18184886
8.19533486 7.72139877 7.45104995 6.55220647 5.29277555 0.18411210
8.19362884 7.72359664 7.44845384 6.55251655 5.29566579 0.18641523
8.19190779 7.72581383 7.44583498 6.55282935 5.29858144 0.18875902
8.19017156 7.72805053 7.44319311 6.55314488 5.30152279 0.19114427
8.18841997 7.73030695 7.44052800 6.55346319 5.30449010 0.19357180
8.18665288 7.73258330 7.43783940 6.55378431 5.30748365 0.19604242
8.18487011 7.73487979 7.43512707 6.55410825 5.31050371 0.19855697
8.18307151 7.73719662 7.43239075 6.55443505 5.31355056 0.20111628
8.18125692 7.73953400 7.42963021 6.55476474 5.31662447 0.20372123
8.17942616 7.74189214 7.42684520 6.55509735 5.31972571 0.20637268
8.17757908 7.74427126 7.42403549 6.55543291 5.32285456 0.20907150
8.17571552 7.74667154 7.42120082 6.55577144 5.32601129 0.21181859
8.17383532 7.74909320 7.41834095 6.55611297 5.32919616 0.21461485
8.17193832 7.75153645 7.41545565 6.55645754 5.33240946 0.21746119
8.17002436 7.75400148 7.41254467 6.55680517 5.33565144 0.22035852
8.16809328 7.75648850 7.40960778 6.55715589 5.33892237 0.22330779
8.16614493 7.75899771 7.40664475 6.55750973 5.34222253 0.22630992
8.16417915 7.76152930 7.40365533 6.55786671 5.34555216 0.22936587
8.16219578 7.76408348 7.40063931 6.55822686 5.34891152 0.23247657
8.16019469 7.76666043 7.39759645 6.55859022 5.35230087 0.23564300
8.15817571 7.76926034 7.39452653 6.55895680 5.35572047 0.23886611
8.15613871 7.77188341 7.39142934 6.55932663 5.35917055 0.24214687
8.15408354 7.77452980 7.38830466 6.55969974 5.36265135 0.24548625
8.15201006 7.77719971 7.38515227 6.56007615 5.36616312 0.24888522
8.14991813 7.77989331 7.38197197 6.56045589 5.36970609 0.25234475
8.14780763 7.78261076 7.37876357 6.56083898 5.37328047 0.25586581
8.14567841 7.78535224 7.37552687 6.56122545 5.37688649 0.25944938
8.14353037 7.78811790 7.37226168 6.56161531 5.38052436 0.26309641
8.14136337 7.79090789 7.36896782 6.56200858 5.38419427 0.26680787
8.13917730 7.79372236 7.36564512 6.56240530 5.38789643 0.27058470
8.13697206 7.79656145 7.36229343 6.56280547 5.39163101 0.27442786
8.13474753 7.79942530 7.35891258 6.56320912 5.39539819 0.27833827
8.13250363 7.80231402 7.35550242 6.56361625 5.39919814 0.28231686
8.13024026 7.80522773 7.35206283 6.56402690 5.40303100 0.28636451
8.12795733 7.80816654 7.34859368 6.56444107 5.40689692 0.29048213
8.12565478 7.81113055 7.34509485 6.56485878 5.41079603 0.29467058
8.12333253 7.81411984 7.34156625 6.56528004 5.41472844 0.29893069
8.12099053 7.81713448 7.33800779 6.56570485 5.41869425 0.30326328
8.11862872 7.82017454 7.33441939 6.56613323 5.42269354 0.30766914
8.11624706 7.82324008 7.33080100 6.56656519 5.42672639 0.31214903
8.11384552 7.82633112 7.32715257 6.56700073 5.43079284 0.31670367
8.11142408 7.82944770 7.32347407 6.56743984 5.43489293 0.32133373
8.10898273 7.83258983 7.31976549 6.56788255 5.43902668 0.32603986
8.10652147 7.83575749 7.31602684 6.56832883 5.44319407 0.33082266
8.10404033 7.83895068 7.31225814 6.56877870 5.44739509 0.33568266
8.10153932 7.84216935 7.30845944 6.56923214 5.45162967 0.34062037
8.09901848 7.84541346 7.30463080 6.56968915 5.45589777 0.34563621
8.09647788 7.84868292 7.30077231 6.57014971 5.46019927 0.35073057
8.09391758 7.85197764 7.29688407 6.57061382 5.46453407 0.35590375
8.09133766 7.85529753 7.29296623 6.57108146 5.46890202 0.36115599
8.08873823 7.85864244 7.28901893 6.57155260 5.47330294 0.36648747
8.08611940 7.86201222 7.28504235 6.57202723 5.47773663 0.37189826
8.08348131 7.86540671 7.28103671 6.57250532 5.48220288 0.37738837
8.08082411 7.86882570 7.27700223 6.57298685 5.48670142 0.38295773
8.07814797 7.87226897 7.27293917 6.57347178 5.49123195 0.38860615
8.07545308 7.87573628 7.26884784 6.57396008 5.49579417 0.39433338
8.07273965 7.87922735 7.26472853 6.57445171 5.50038771 0.40013903
8.07000790 7.88274190 7.26058162 6.57494663 5.50501219 0.40602263
8.06725809 7.88627961 7.25640747 6.57544479 5.50966719 0.41198361
8.06449049 7.88984011 7.25220649 6.57594614 5.51435224 0.41802125
8.06170538 7.89342304 7.24797914 6.57645063 5.51906685 0.42413474
8.05890308 7.89702799 7.24372590 6.57695821 5.52381050 0.43032314
8.05608394 7.90065453 7.23944727 6.57746881 5.52858260 0.43658538
8.05324830 7.90430219 7.23514380 6.57798236 5.53338255 0.44292028
8.05039655 7.90797047 7.23081608 6.57849880 5.53820970 0.44932649
8.04752910 7.91165887 7.22646473 6.57901805 5.54306336 0.45580256
8.04464638 7.91536681 7.22209039 6.57954004 5.54794281 0.46234688
8.04174884 7.91909372 7.21769377 6.58006468 5.55284727 0.46895770
8.03883696 7.92283898 7.21327560 6.58059188 5.55777592 0.47563314
8.03591125 7.92660194 7.20883663 6.58112156 5.56272792 0.48237116
8.03297223 7.93038191 7.20437767 6.58165361 5.56770238 0.48916958
8.03002046 7.93417820 7.19989956 6.58218794 5.57269835 0.49602607
8.02705651 7.93799004 7.19540318 6.58272444 5.57771486 0.50293817
8.02408099 7.94181668 7.19088944 6.58326301 5.58275089 0.50990324
8.02109452 7.94565730 7.18635930 6.58380352 5.58780537 0.51691853
8.01809775 7.94951107 7.18181373 6.58434587 5.59287722 0.52398112
8.01509136 7.95337712 7.17725377 6.58488993 5.59796529 0.53108796
8.01207604 7.95725456 7.17268046 6.58543557 5.60306840 0.53823587
8.00905251 7.96114245 7.16809490 6.58598266 5.60818533 0.54542152
8.00602151 7.96503986 7.16349822 6.58653107 5.61331483 0.55264144
8.00298380 7.96894579 7.15889157 6.58708067 5.61845561 0.55989208
7.99994017 7.97285925 7.15427613 6.58763130 5.62360635 0.56716971
7.99689141 7.97677920 7.14965313 6.58818283 5.62876568 0.57447054
7.99383836 7.98070458 7.14502380 6.58873510 5.63393223 0.58179064
7.99078184 7.98463432 7.14038942 6.58928797 5.63910457 0.58912600
7.98772271 7.98856732 7.13575128 6.58984128 5.64428125 0.59647250
7.98466185 7.99250246 7.13111071 6.59039488 5.64946080 0.60382596
7.98160013 7.99643860 7.12646904 6.59094859 5.65464173 0.61118211
7.97853845 8.00037460 7.12182762 6.59150227 5.65982252 0.61853665
7.97547772 8.00430928 7.11718785 6.59205574 5.66500164 0.62588520
7.97241886 8.00824147 7.11255109 6.59260884 5.67017752 0.63322335
7.96936280 8.01216997 7.10791877 6.59316141 5.67534862 0.64054666
7.96631046 8.01609360 7.10329228 6.59371328 5.68051334 0.64785067
7.96326278 8.02001114 7.09867306 6.59426427 5.68567010 0.65513094
7.96022070 8.02392139 7.09406251 6.59481422 5.69081732 0.66238301
7.95718517 8.02782313 7.08946207 6.59536295 5.69595340 0.66960246
7.95415713 8.03171516 7.08487317 6.59591030 5.70107675 0.67678489
7.95113751 8.03559627 7.08029722 6.59645610 5.70618576 0.68392595
7.94812726 8.03946526 7.07573565 6.59700017 5.71127888 0.69102135
7.94512731 8.04332093 7.07118986 6.59754236 5.71635450 0.69806687
7.94213857 8.04716209 7.06666125 6.59808249 5.72141109 0.70505837
7.93916197 8.05098757 7.06215121 6.59862040 5.72644708 0.71199181
7.93619841 8.05479621 7.05766110 6.59915592 5.73146094 0.71886325
7.93324878 8.05858686 7.05319228 6.59968890 5.73645118 0.72566886
7.93031396 8.06235839 7.04874606 6.60021917 5.74141629 0.73240494
7.92739482 8.06610970 7.04432376 6.60074658 5.74635483 0.73906792
7.92449220 8.06983970 7.03992666 6.60127099 5.75126537 0.74565438
7.92160692 8.07354733 7.03555600 6.60179223 5.75614649 0.75216105
7.91873981 8.07723155 7.03121302 6.60231016 5.76099684 0.75858481
7.91589163 8.08089134 7.02689889 6.60282465 5.76581509 0.76492272
7.91306317 8.08452574 7.02261477 6.60333555 5.77059994 0.77117200
7.91025515 8.08813378 7.01836178 6.60384273 5.77535014 0.77733005
7.90746830 8.09171456 7.01414100 6.60434607 5.78006448 0.78339445
7.90470331 8.09526718 7.00995348 6.60484543 5.78474179 0.78936296
7.90196084 8.09879079 7.00580022 6.60534070 5.78938095 0.79523352
7.89924152 8.10228457 7.00168218 6.60583177 5.79398088 0.80100428
7.89654598 8.10574775 6.99760028 6.60631852 5.79854056 0.80667355
7.89387479 8.10917957 6.99355540 6.60680085 5.80305900 0.81223984
7.89122849 8.11257934 6.98954836 6.60727866 5.80753527 0.81770184
7.88860762 8.11594637 6.98557995 6.60775186 5.81196848 0.82305845
7.88601267 8.11928005 6.98165093 6.60822035 5.81635782 0.82830872
7.88344409 8.12257978 6.97776197 6.60868407 5.82070248 0.83345190
7.88090233 8.12584500 6.97391374 6.60914292 5.82500175 0.83848740
7.87838777 8.12907520 6.97010684 6.60959684 5.82925495 0.84341483
7.87590081 8.13226991 6.96634183 6.61004576 5.83346144 0.84823394
7.87344177 8.13542868 6.96261922 6.61048962 5.83762065 0.85294465
7.87101097 8.13855112 6.95893948 6.61092836 5.84173206 0.85754704
7.86860869 8.14163686 6.95530305 6.61136193 5.84579518 0.86204135
7.86623519 8.14468558 6.95171029 6.61179029 5.84980958 0.86642794
7.86389070 8.14769699 6.94816154 6.61221340 5.85377489 0.87070732
7.86157540 8.15067084 6.94465711 6.61263122 5.85769078 0.87488015
7.85928947 8.15360692 6.94119724 6.61304373 5.86155695 0.87894719
7.85703306 8.15650504 6.93778215 6.61345089 5.86537318 0.88290932
7.85480627 8.15936506 6.93441200 6.61385268 5.86913925 0.88676753
7.85260920 8.16218686 6.93108693 6.61424910 5.87285503 0.89052293
7.85044191 8.16497036 6.92780704 6.61464013 5.87652041 0.89417671
7.84830445 8.16771550 6.92457238 6.61502576 5.88013531 0.89773014
7.84619683 8.17042228 6.92138298 6.61540600 5.88369971 0.90118459
7.84411905 8.17309069 6.91823882 6.61578083 5.88721361 0.90454150
7.84207107 8.17572077 6.91513987 6.61615027 5.89067707 0.90780237
7.84005286 8.17831259 6.91208604 6.61651433 5.89409017 0.91096876
7.83806434 8.18086624 6.90907723 6.61687302 5.89745302 0.91404230
7.83610543 8.18338182 6.90611330 6.61722635 5.90076577 0.91702465
7.83417601 8.18585949 6.90319409 6.61757435 5.90402860 0.91991751
7.83227597 8.18829938 6.90031941 6.61791704 5.90724173 0.92272265
7.83040517 8.19070170 6.89748904 6.61825444 5.91040539 0.92544182
7.82856345 8.19306664 6.89470275 6.61858659 5.91351985 0.92807684
7.82675063 8.19539442 6.89196027 6.61891350 5.91658539 0.93062952
7.82496654 8.19768528 6.88926131 6.61923523 5.91960234 0.93310169
7.82321097 8.19993948 6.88660559 6.61955180 5.92257102 0.93549521
7.82148372 8.20215729 6.88399276 6.61986326 5.92549180 0.93781192
7.81978455 8.20433901 6.88142249 6.62016963 5.92836506 0.94005368
7.81811324 8.20648492 6.87889443 6.62047098 5.93119120 0.94222234
7.81646954 8.20859535 6.87640820 6.62076733 5.93397062 0.94431975
7.81485319 8.21067062 6.87396342 6.62105875 5.93670376 0.94634774
7.81326394 8.21271108 6.87155968 6.62134526 5.93939106 0.94830815
7.81170151 8.21471707 6.86919657 6.62162693 5.94203298 0.95020277
7.81016563 8.21668895 6.86687367 6.62190381 5.94463000 0.95203342
7.80865601 8.21862708 6.86459055 6.62217594 5.94718260 0.95380186
7.80717235 8.22053185 6.86234676 6.62244338 5.94969126 0.95550984
7.80571437 8.22240364 6.86014185 6.62270619 5.95215650 0.95715911
7.80428175 8.22424282 6.85797536 6.62296441 5.95457882 0.95875136
7.80287421 8.22604980 6.85584683 6.62321811 5.95695874 0.96028826
7.80149141 8.22782498 6.85375579 6.62346734 5.95929679 0.96177148
7.80013306 8.22956876 6.85170176 6.62371215 5.96159350 0.96320263
7.79879883 8.23128154 6.84968426 6.62395261 5.96384940 0.96458331
7.79748840 8.23296374 6.84770280 6.62418877 5.96606503 0.96591506
7.79620146 8.23461577 6.84575691 6.62442069 5.96824093 0.96719942
7.79493769 8.23623805 6.84384608 6.62464842 5.97037766 0.96843789
7.79369675 8.23783098 6.84196984 6.62487204 5.97247575 0.96963192
7.79247833 8.23939498 6.84012768 6.62509159 5.97453576 0.97078295
7.79128210 8.24093048 6.83831912 6.62530713 5.97655823 0.97189236
7.79010774 8.24243790 6.83654366 6.62551873 5.97854372 0.97296152
7.78895492 8.24391764 6.83480082 6.62572643 5.98049277 0.97399176
7.78782332 8.24537012 6.83309009 6.62593031 5.98240594 0.97498437
7.78671262 8.24679576 6.83141099 6.62613042 5.98428376 0.97594060
7.78562248 8.24819498 6.82976303 6.62632681 5.98612678 0.97686169
7.78455261 8.24956819 6.82814573 6.62651955 5.98793556 0.97774883
7.78350266 8.25091579 6.82655860 6.62670870 5.98971061 0.97860317
7.78247233 8.25223820 6.82500115 6.62689430 5.99145249 0.97942585
7.78146131 8.25353581 6.82347292 6.62707642 5.99316173 0.98021795
7.78046927 8.25480904 6.82197343 6.62725512 5.99483885 0.98098054
7.77949591 8.25605828 6.82050220 6.62743044 5.99648439 0.98171466
7.77854091 8.25728394 6.81905876 6.62760245 5.99809886 0.98242129
7.77760398 8.25848639 6.81764266 6.62777120 5.99968279 0.98310142
7.77668481 8.25966604 6.81625344 6.62793675 6.00123667 0.98375598
7.77578310 8.26082326 6.81489063 6.62809915 6.00276104 0.98438588
7.77489856 8.26195844 6.81355379 6.62825845 6.00425637 0.98499200
7.77403088 8.26307197 6.81224248 6.62841471 6.00572318 0.98557521
7.77317977 8.26416420 6.81095625 6.62856799 6.00716196 0.98613632
7.77234496 8.26523552 6.80969466 6.62871832 6.00857319 0.98667613
7.77152615 8.26628628 6.80845728 6.62886576 6.00995736 0.98719542
7.77072307 8.26731685 6.80724370 6.62901037 6.01131493 0.98769494
7.76993543 8.26832759 6.80605348 6.62915220 6.01264638 0.98817542
7.76916297 8.26931884 6.80488622 6.62929129 6.01395218 0.98863754
7.76840540 8.27029097 6.80374150 6.62942769 6.01523278 0.98908198
7.76766248 8.27124430 6.80261892 6.62956145 6.01648863 0.98950941
7.76693392 8.27217917 6.80151808 6.62969262 6.01772017 0.98992045
7.76621947 8.27309593 6.80043858 6.62982125 6.01892786 0.99031570
7.76551889 8.27399490 6.79938004 6.62994738 6.02011212 0.99069575
7.76483190 8.27487640 6.79834208 6.63007105 6.02127337 0.99106118
7.76415827 8.27574076 6.79732431 6.63019232 6.02241204 0.99141253
7.76349774 8.27658828 6.79632637 6.63031122 6.02352855 0.99175033
7.76285009 8.27741929 6.79534790 6.63042781 6.02462330 0.99207508
7.76221506 8.27823408 6.79438852 6.63054212 6.02569669 0.99238728
7.76159243 8.27903295 6.79344789 6.63065419 6.02674912 0.99268740
7.76098197 8.27981621 6.79252566 6.63076407 6.02778099 0.99297590
7.76038344 8.28058414 6.79162149 6.63087180 6.02879267 0.99325322
7.75979663 8.28133704 6.79073502 6.63097742 6.02978454 0.99351978
7.75922131 8.28207517 6.78986594 6.63108097 6.03075697 0.99377599
7.75865727 8.28279883 6.78901392 6.63118248 6.03171034 0.99402224
7.75810430 8.28350828 6.78817863 6.63128200 6.03264499 0.99425893
7.75756218 8.28420379 6.78735976 6.63137956 6.03356129 0.99448640
7.75703072 8.28488563 6.78655699 6.63147520 6.03445958 0.99470501
7.75650971 8.28555406 6.78577002 6.63156896 6.03534020 0.99491511
7.75599894 8.28620933 6.78499855 6.63166087 6.03620349 0.99511702
7.75549823 8.28685169 6.78424229 6.63175097 6.03704978 0.99531105
7.75500739 8.28748139 6.78350093 6.63183930 6.03787939 0.99549750
7.75452621 8.28809867 6.78277420 6.63192588 6.03869265 0.99567667
7.75405453 8.28870378 6.78206182 6.63201075 6.03948986 0.99584884
7.75359216 8.28929693 6.78136351 6.63209394 6.04027134 0.99601428
7.75313891 8.28987837 6.78067900 6.63217549 6.04103739 0.99617325
7.75269461 8.29044832 6.78000802 6.63225543 6.04178830 0.99632600
7.75225910 8.29100700 6.77935032 6.63233378 6.04252437 0.99647276
7.75183219 8.29155463 6.77870563 6.63241058 6.04324588 0.99661378
7.75141373 8.29209142 6.77807370 6.63248586 6.04395312 0.99674927
7.75100355 8.29261759 6.77745429 6.63255966 6.04464636 0.99687945
7.75060148 8.29313333 6.77684715 6.63263198 6.04532587 0.99700452
7.75020738 8.29363885 6.77625204 6.63270288 6.04599193 0.99712468
7.74982109 8.29413436 6.77566874 6.63277236 6.04664478 0.99724013
7.74944245 8.29462004 6.77509701 6.63284047 6.04728469 0.99735105
7.74907131 8.29509609 6.77453662 6.63290723 6.04791192 0.99745761
7.74870754 8.29556269 6.77398735 6.63297266 6.04852670 0.99755998
7.74835098 8.29602004 6.77344899 6.63303679 6.04912929 0.99765833
7.74800150 8.29646830 6.77292132 6.63309965 6.04971991 0.99775281
7.74765895 8.29690766 6.77240414 6.63316126 6.05029881 0.99784358
7.74732320 8.29733829 6.77189723 6.63322164 6.05086621 0.99793077
7.74699413 8.29776037 6.77140040 6.63328083 6.05142234 0.99801454
7.74667158 8.29817406 6.77091345 6.63333883 6.05196742 0.99809501
7.74635545 8.29857952 6.77043619 6.63339568 6.05250167 0.99817231
7.74604560 8.29897692 6.76996841 6.63345140 6.05302529 0.99824657
7.74574191 8.29936642 6.76950995 6.63350602 6.05353851 0.99831790
7.74544425 8.29974817 6.76906061 6.63355954 6.05404151 0.99838642
7.74515252 8.30012232 6.76862021 6.63361200 6.05453451 0.99845225
7.74486659 8.30048903 6.76818858 6.63366341 6.05501770 0.99851548
7.74458635 8.30084844 6.76776555 6.63371380 6.05549128 0.99857621
7.74431168 8.30120069 6.76735094 6.63376319 6.05595543 0.99863456
7.74404248 8.30154593 6.76694459 6.63381159 6.05641034 0.99869060
7.74377864 8.30188429 6.76654634 6.63385902 6.05685619 0.99874443
7.74352005 8.30221591 6.76615602 6.63390552 6.05729316 0.99879614
7.74326661 8.30254093 6.76577349 6.63395108 6.05772143 0.99884581
7.74301822 8.30285947 6.76539858 6.63399573 6.05814116 0.99889352
7.74277478 8.30317166 6.76503114 6.63403950 6.05855254 0.99893935
7.74253618 8.30347763 6.76467103 6.63408239 6.05895571 0.99898336
7.74230234 8.30377750 6.76431810 6.63412443 6.05935086 0.99902565
7.74207316 8.30407139 6.76397221 6.63416563 6.05973812 0.99906626
7.74184855 8.30435942 6.76363322 6.63420600 6.06011767 0.99910527
7.74162841 8.30464171 6.76330099 6.63424557 6.06048965 0.99914273
7.74141266 8.30491837 6.76297539 6.63428435 6.06085421 0.99917872
7.74120121 8.30518950 6.76265629 6.63432236 6.06121150 0.99921329
7.74099398 8.30545524 6.76234356 6.63435961 6.06156167 0.99924649
7.74079088 8.30571566 6.76203707 6.63439611 6.06190485 0.99927838
7.74059183 8.30597090 6.76173669 6.63443188 6.06224118 0.99930901
7.74039675 8.30622104 6.76144231 6.63446694 6.06257081 0.99933843
7.74020556 8.30646619 6.76115381 6.63450130 6.06289386 0.99936669
7.74001818 8.30670644 6.76087107 6.63453498 6.06321046 0.99939383
7.73983454 8.30694190 6.76059398 6.63456798 6.06352075 0.99941990
7.73965457 8.30717266 6.76032241 6.63460032 6.06382485 0.99944494
7.73947819 8.30739882 6.76005627 6.63463202 6.06412287 0.99946899
7.73930532 8.30762046 6.75979545 6.63466308 6.06441495 0.99949209
7.73913591 8.30783767 6.75953984 6.63469352 6.06470120 0.99951427
7.73896988 8.30805055 6.75928933 6.63472336 6.06498173 0.99953558
7.73880716 8.30825918 6.75904382 6.63475260 6.06525666 0.99955604
7.73864768 8.30846364 6.75880322 6.63478125 6.06552610 0.99957570
7.73849139 8.30866401 6.75856743 6.63480933 6.06579017 0.99959458
7.73833822 8.30886039 6.75833635 6.63483685 6.06604896 0.99961271
7.73818811 8.30905284 6.75810988 6.63486382 6.06630258 0.99963013
7.73804100 8.30924145 6.75788794 6.63489025 6.06655114 0.99964685
7.73789682 8.30942629 6.75767044 6.63491615 6.06679474 0.99966292
7.73775552 8.30960744 6.75745728 6.63494154 6.06703347 0.99967835
7.73761704 8.30978497 6.75724838 6.63496642 6.06726743 0.99969317
7.73748133 8.30995896 6.75704365 6.63499079 6.06749672 0.99970740
7.73734833 8.31012947 6.75684302 6.63501469 6.06772143 0.99972107
7.73721798 8.31029657 6.75664640 6.63503810 6.06794165 0.99973420
7.73709023 8.31046033 6.75645371 6.63506105 6.06815747 0.99974681
7.73696504 8.31062082 6.75626487 6.63508354 6.06836899 0.99975892
7.73684235 8.31077810 6.75607980 6.63510557 6.06857627 0.99977055
7.73672211 8.31093225 6.75589844 6.63512717 6.06877942 0.99978173
7.73660427 8.31108331 6.75572070 6.63514834 6.06897850 0.99979245
7.73648878 8.31123135 6.75554651 6.63516908 6.06917361 0.99980276
7.73637560 8.31137643 6.75537580 6.63518941 6.06936482 0.99981266
7.73626468 8.31151862 6.75520851 6.63520933 6.06955221 0.99982216
7.73615597 8.31165796 6.75504457 6.63522885 6.06973586 0.99983129
7.73604944 8.31179452 6.75488390 6.63524798 6.06991583 0.99984006
7.73594504 8.31192834 6.75472644 6.63526673 6.07009221 0.99984848
7.73584272 8.31205950 6.75457213 6.63528511 6.07026507 0.99985657
7.73574244 8.31218803 6.75442091 6.63530311 6.07043447 0.99986434
7.73564417 8.31231399 6.75427271 6.63532076 6.07060048 0.99987180
7.73554786 8.31243744 6.75412747 6.63533805 6.07076318 0.99987897
7.73545348 8.31255842 6.75398514 6.63535500 6.07092263 0.99988585
7.73536098 8.31267697 6.75384566 6.63537161 6.07107889 0.99989246
7.73527033 8.31279316 6.75370896 6.63538789 6.07123203 0.99989880
7.73518149 8.31290703 6.75357500 6.63540384 6.07138210 0.99990490
7.73509443 8.31301862 6.75344372 6.63541947 6.07152918 0.99991076
7.73500910 8.31312798 6.75331506 6.63543479 6.07167332 0.99991638
7.73492549 8.31323515 6.75318897 6.63544980 6.07181457 0.99992178
7.73484354 8.31334018 6.75306541 6.63546451 6.07195301 0.99992697
7.73476323 8.31344312 6.75294432 6.63547893 6.07208867 0.99993195
7.73468452 8.31354399 6.75282565 6.63549306 6.07222163 0.99993673
7.73460739 8.31364285 6.75270935 6.63550691 6.07235193 0.99994133
7.73453179 8.31373973 6.75259538 6.63552048 6.07247962 0.99994574
7.73445771 8.31383467 6.75248369 6.63553377 6.07260476 0.99994998
7.73438511 8.31392771 6.75237423 6.63554681 6.07272740 0.99995405
7.73431396 8.31401890 6.75226697 6.63555958 6.07284759 0.99995796
7.73424423 8.31410826 6.75216184 6.63557209 6.07296537 0.99996172
7.73417590 8.31419583 6.75205882 6.63558436 6.07308080 0.99996532
7.73410893 8.31428166 6.75195787 6.63559638 6.07319393 0.99996879
7.73404330 8.31436577 6.75185893 6.63560816 6.07330479 0.99997211
7.73397898 8.31444819 6.75176197 6.63561970 6.07341343 0.99997531
7.73391594 8.31452897 6.75166694 6.63563102 6.07351991 0.99997838
7.73385417 8.31460813 6.75157382 6.63564210 6.07362425 0.99998132
7.73379363 8.31468571 6.75148257 6.63565297 6.07372651 0.99998415
7.73373430 8.31476174 6.75139313 6.63566361 6.07382673 0.99998687
7.73367615 8.31483625 6.75130549 6.63567405 6.07392494 0.99998948
7.73361917 8.31490927 6.75121960 6.63568427 6.07402119 0.99999199
7.73356333 8.31498083 6.75113543 6.63569430 6.07411551 0.99999440
7.73350860 8.31505096 6.75105294 6.63570412 6.07420795 0.99999671
7.73345497 8.31511968 6.75097210 6.63571374 6.07429854 0.99999893
7.73340241 8.31518703 6.75089288 6.63572317 6.07438732 1.00000106
7.73335089 8.31525304 6.75081524 6.63573241 6.07447433 1.00000311
7.73330041 8.31531772 6.75073916 6.63574147 6.07455959 1.00000508
7.73325094 8.31538111 6.75066460 6.63575035 6.07464315 1.00000697
7.73320246 8.31544324 6.75059153 6.63575905 6.07472504 1.00000878
7.73315494 8.31550412 6.75051992 6.63576757 6.07480530 1.00001053
7.73310838 8.31556378 6.75044975 6.63577593 6.07488394 1.00001220
7.73306274 8.31562225 6.75038097 6.63578411 6.07496102 1.00001381
7.73301802 8.31567955 6.75031358 6.63579214 6.07503656 1.00001535
7.73297419 8.31573571 6.75024753 6.63580000 6.07511058 1.00001683
7.73293124 8.31579074 6.75018280 6.63580770 6.07518313 1.00001826
7.73288915 8.31584467 6.75011937 6.63581525 6.07525422 1.00001963
7.73284789 8.31589753 6.75005721 6.63582265 6.07532389 1.00002094
7.73280747 8.31594932 6.74999629 6.63582991 6.07539217 1.00002220
7.73276785 8.31600008 6.74993659 6.63583701 6.07545909 1.00002341
7.73272902 8.31604983 6.74987809 6.63584398 6.07552467 1.00002458
7.73269097 8.31609858 6.74982075 6.63585080 6.07558893 1.00002569
7.73265367 8.31614636 6.74976456 6.63585749 6.07565191 1.00002677
7.73261713 8.31619318 6.74970950 6.63586405 6.07571363 1.00002780
7.73258131 8.31623906 6.74965553 6.63587047 6.07577412 1.00002879
7.73254621 8.31628403 6.74960265 6.63587676 6.07583340 1.00002974
7.73251182 8.31632810 6.74955083 6.63588293 6.07589149 1.00003065
7.73247811 8.31637128 6.74950004 6.63588898 6.07594843 1.00003153
7.73244507 8.31641360 6.74945027 6.63589490 6.07600422 1.00003237
7.73241269 8.31645508 6.74940149 6.63590071 6.07605890 1.00003318
7.73238096 8.31649573 6.74935369 6.63590640 6.07611248 1.00003396
7.73234987 8.31653556 6.74930684 6.63591197 6.07616499 1.00003470
7.73231939 8.31657460 6.74926094 6.63591744 6.07621646 1.00003542
7.73228953 8.31661285 6.74921595 6.63592279 6.07626689 1.00003611
7.73226026 8.31665035 6.74917186 6.63592804 6.07631632 1.00003677
7.73223158 8.31668709 6.74912865 6.63593318 6.07636476 1.00003740
7.73220347 8.31672309 6.74908631 6.63593822 6.07641223 1.00003801
7.73217593 8.31675838 6.74904481 6.63594316 6.07645875 1.00003860
7.73214893 8.31679296 6.74900415 6.63594800 6.07650434 1.00003916
7.73212247 8.31682685 6.74896430 6.63595275 6.07654901 1.00003970
7.73209654 8.31686006 6.74892524 6.63595739 6.07659280 1.00004022
7.73207113 8.31689261 6.74888697 6.63596195 6.07663571 1.00004072
7.73204623 8.31692451 6.74884946 6.63596641 6.07667776 1.00004120
7.73202183 8.31695577 6.74881271 6.63597079 6.07671897 1.00004166
7.73199791 8.31698640 6.74877669 6.63597508 6.07675936 1.00004210
7.73197447 8.31701642 6.74874139 6.63597928 6.07679894 1.00004252
7.73195150 8.31704584 6.74870679 6.63598340 6.07683773 1.00004293
7.73192899 8.31707467 6.74867289 6.63598743 6.07687574 1.00004332
7.73190693 8.31710293 6.74863966 6.63599138 6.07691299 1.00004369
7.73188531 8.31713062 6.74860711 6.63599526 6.07694950 1.00004406
7.73186413 8.31715776 6.74857520 6.63599906 6.07698528 1.00004440
7.73184336 8.31718435 6.74854393 6.63600278 6.07702034 1.00004473
7.73182301 8.31721041 6.74851328 6.63600643 6.07705470 1.00004505
7.73180307 8.31723595 6.74848325 6.63601000 6.07708837 1.00004536
7.73178353 8.31726098 6.74845382 6.63601350 6.07712138 1.00004566
7.73176438 8.31728551 6.74842498 6.63601693 6.07715372 1.00004594
7.73174561 8.31730955 6.74839672 6.63602030 6.07718541 1.00004621
7.73172721 8.31733311 6.74836902 6.63602360 6.07721647 1.00004647
7.73170918 8.31735620 6.74834187 6.63602683 6.07724691 1.00004672
7.73169152 8.31737882 6.74831527 6.63602999 6.07727674 1.00004696
7.73167420 8.31740099 6.74828920 6.63603309 6.07730598 1.00004719
7.73165724 8.31742272 6.74826366 6.63603613 6.07733463 1.00004742
7.73164061 8.31744402 6.74823862 6.63603911 6.07736270 1.00004763
7.73162431 8.31746489 6.74821408 6.63604203 6.07739022 1.00004783
7.73160834 8.31748534 6.74819004 6.63604490 6.07741719 1.00004803
7.73159269 8.31750538 6.74816648 6.63604770 6.07744361 1.00004822
7.73157735 8.31752502 6.74814338 6.63605045 6.07746951 1.00004840
7.73156232 8.31754427 6.74812075 6.63605314 6.07749489 1.00004857
7.73154759 8.31756314 6.74809858 6.63605578 6.07751976 1.00004874
7.73153315 8.31758162 6.74807684 6.63605837 6.07754414 1.00004890
7.73151901 8.31759974 6.74805554 6.63606090 6.07756803 1.00004906
7.73150514 8.31761749 6.74803467 6.63606338 6.07759144 1.00004921
7.73149155 8.31763489 6.74801421 6.63606582 6.07761438 1.00004935
7.73147824 8.31765195 6.74799417 6.63606820 6.07763686 1.00004948
7.73146519 8.31766866 6.74797452 6.63607054 6.07765890 1.00004962
7.73145240 8.31768503 6.74795527 6.63607283 6.07768049 1.00004974
7.73143986 8.31770108 6.74793640 6.63607508 6.07770165 1.00004986
7.73142758 8.31771681 6.74791792 6.63607728 6.07772239 1.00004998
7.73141554 8.31773222 6.74789980 6.63607943 6.07774271 1.00005009
7.73140375 8.31774733 6.74788204 6.63608155 6.07776263 1.00005020
7.73139218 8.31776213 6.74786464 6.63608362 6.07778215 1.00005030
7.73138085 8.31777664 6.74784758 6.63608565 6.07780128 1.00005040
7.73136975 8.31779085 6.74783087 6.63608764 6.07782003 1.00005050
7.73135887 8.31780479 6.74781449 6.63608958 6.07783840 1.00005059
7.73134820 8.31781844 6.74779844 6.63609149 6.07785640 1.00005067
7.73133775 8.31783182 6.74778272 6.63609337 6.07787405 1.00005076
7.73132751 8.31784493 6.74776730 6.63609520 6.07789134 1.00005084
7.73131747 8.31785779 6.74775219 6.63609700 6.07790828 1.00005092
7.73130764 8.31787038 6.74773739 6.63609876 6.07792489 1.00005099
7.73129800 8.31788272 6.74772288 6.63610049 6.07794116 1.00005106
7.73128855 8.31789482 6.74770867 6.63610218 6.07795711 1.00005113
7.73127929 8.31790667 6.74769473 6.63610383 6.07797274 1.00005120
7.73127022 8.31791829 6.74768108 6.63610546 6.07798806 1.00005126
7.73126133 8.31792967 6.74766770 6.63610705 6.07800307 1.00005132
7.73125261 8.31794083 6.74765459 6.63610861 6.07801779 1.00005138
7.73124407 8.31795176 6.74764173 6.63611014 6.07803220 1.00005144
7.73123570 8.31796247 6.74762914 6.63611164 6.07804633 1.00005149
7.73122750 8.31797297 6.74761680 6.63611311 6.07806018 1.00005154
7.73121946 8.31798326 6.74760470 6.63611455 6.07807375 1.00005159
7.73121159 8.31799335 6.74759285 6.63611596 6.07808705 1.00005164
7.73120387 8.31800323 6.74758124 6.63611734 6.07810008 1.00005169
7.73119630 8.31801292 6.74756985 6.63611869 6.07811285 1.00005173
7.73118889 8.31802241 6.74755870 6.63612002 6.07812537 1.00005177
7.73118162 8.31803171 6.74754776 6.63612132 6.07813763 1.00005181
7.73117450 8.31804082 6.74753705 6.63612260 6.07814965 1.00005185
7.73116752 8.31804976 6.74752655 6.63612384 6.07816143 1.00005189
7.73116068 8.31805851 6.74751626 6.63612507 6.07817298 1.00005193
7.73115398 8.31806709 6.74750618 6.63612627 6.07818429 1.00005196
7.73114741 8.31807550 6.74749630 6.63612744 6.07819538 1.00005199
7.73114097 8.31808374 6.74748661 6.63612860 6.07820625 1.00005203
7.73113466 8.31809181 6.74747712 6.63612973 6.07821690 1.00005206
7.73112848 8.31809973 6.74746782 6.63613083 6.07822733 1.00005209
7.73112242 8.31810748 6.74745871 6.63613192 6.07823756 1.00005211
7.73111649 8.31811508 6.74744978 6.63613298 6.07824758 1.00005214
7.73111067 8.31812253 6.74744102 6.63613402 6.07825741 1.00005217
7.73110496 8.31812983 6.74743245 6.63613504 6.07826703 1.00005219
7.73109938 8.31813698 6.74742404 6.63613604 6.07827647 1.00005222
7.73109390 8.31814399 6.74741580 6.63613702 6.07828571 1.00005224
7.73108853 8.31815086 6.74740773 6.63613798 6.07829477 1.00005226
7.73108327 8.31815759 6.74739982 6.63613892 6.07830365 1.00005228
7.73107812 8.31816419 6.74739206 6.63613984 6.07831235 1.00005230
7.73107306 8.31817066 6.74738446 6.63614075 6.07832088 1.00005232
7.73106811 8.31817699 6.74737702 6.63614163 6.07832924 1.00005234
7.73106326 8.31818320 6.74736972 6.63614250 6.07833743 1.00005236
7.73105851 8.31818929 6.74736257 6.63614335 6.07834545 1.00005238
7.73105385 8.31819525 6.74735556 6.63614419 6.07835332 1.00005239
7.73104928 8.31820110 6.74734869 6.63614500 6.07836103 1.00005241
7.73104480 8.31820683 6.74734196 6.63614581 6.07836858 1.00005243
7.73104042 8.31821244 6.74733536 6.63614659 6.07837598 1.00005244
7.73103612 8.31821794 6.74732890 6.63614736 6.07838324 1.00005246
7.73103191 8.31822333 6.74732257 6.63614811 6.07839035 1.00005247
7.73102778 8.31822861 6.74731636 6.63614885 6.07839732 1.00005248
7.73102373 8.31823379 6.74731027 6.63614957 6.07840414 1.00005249
7.73101977 8.31823887 6.74730431 6.63615028 6.07841084 1.00005251
7.73101588 8.31824384 6.74729847 6.63615098 6.07841739 1.00005252
7.73101207 8.31824871 6.74729274 6.63615166 6.07842382 1.00005253
7.73100834 8.31825349 6.74728713 6.63615233 6.07843012 1.00005254
7.73100469 8.31825817 6.74728163 6.63615298 6.07843629 1.00005255
