2.43423578 7.11345709 7.08828900 4.21823484 4.59420458 0.03227055
2.43505909 7.11321487 7.08885921 4.21769497 4.59404606 0.03240862
2.43588550 7.11297182 7.08943143 4.21715311 4.59388701 0.03254771
2.43671502 7.11272795 7.09000567 4.21660926 4.59372743 0.03268783
2.43754768 7.11248325 7.09058195 4.21606340 4.59356730 0.03282898
2.43838350 7.11223772 7.09116027 4.21551552 4.59340663 0.03297117
2.43922250 7.11199134 7.09174065 4.21496561 4.59324542 0.03311442
2.44006469 7.11174412 7.09232311 4.21441365 4.59308365 0.03325874
2.44091010 7.11149605 7.09290766 4.21385962 4.59292134 0.03340414
2.44175876 7.11124712 7.09349430 4.21330352 4.59275847 0.03355062
2.44261068 7.11099733 7.09408306 4.21274534 4.59259504 0.03369821
2.44346589 7.11074667 7.09467395 4.21218505 4.59243104 0.03384691
2.44432441 7.11049514 7.09526698 4.21162264 4.59226648 0.03399673
2.44518626 7.11024273 7.09586217 4.21105810 4.59210135 0.03414768
2.44605146 7.10998944 7.09645952 4.21049142 4.59193565 0.03429979
2.44692004 7.10973526 7.09705906 4.20992258 4.59176937 0.03445305
2.44779202 7.10948019 7.09766080 4.20935156 4.59160251 0.03460748
2.44866743 7.10922421 7.09826474 4.20877836 4.59143507 0.03476310
2.44954628 7.10896733 7.09887092 4.20820295 4.59126703 0.03491992
2.45042860 7.10870954 7.09947934 4.20762532 4.59109841 0.03507794
2.45131442 7.10845083 7.10009001 4.20704546 4.59092919 0.03523719
2.45220376 7.10819120 7.10070295 4.20646335 4.59075937 0.03539767
2.45309664 7.10793063 7.10131819 4.20587898 4.59058895 0.03555941
2.45399309 7.10766913 7.10193572 4.20529232 4.59041792 0.03572240
2.45489313 7.10740669 7.10255557 4.20470337 4.59024628 0.03588667
2.45579680 7.10714330 7.10317775 4.20411211 4.59007402 0.03605223
2.45670411 7.10687896 7.10380228 4.20351852 4.58990115 0.03621909
2.45761509 7.10661366 7.10442918 4.20292259 4.58972765 0.03638727
2.45852976 7.10634739 7.10505845 4.20232430 4.58955353 0.03655679
2.45944816 7.10608015 7.10569012 4.20172363 4.58937878 0.03672765
2.46037031 7.10581193 7.10632420 4.20112057 4.58920339 0.03689987
2.46129623 7.10554272 7.10696072 4.20051509 4.58902736 0.03707347
2.46222596 7.10527253 7.10759967 4.19990719 4.58885069 0.03724846
2.46315952 7.10500133 7.10824109 4.19929685 4.58867337 0.03742486
2.46409694 7.10472913 7.10888499 4.19868405 4.58849540 0.03760269
2.46503824 7.10445592 7.10953139 4.19806876 4.58831677 0.03778195
2.46598346 7.10418168 7.11018030 4.19745098 4.58813749 0.03796267
2.46693262 7.10390642 7.11083174 4.19683069 4.58795754 0.03814486
2.46788575 7.10363013 7.11148572 4.19620786 4.58777692 0.03832853
2.46884288 7.10335280 7.11214228 4.19558249 4.58759562 0.03851372
2.46980404 7.10307443 7.11280141 4.19495454 4.58741365 0.03870042
2.47076927 7.10279500 7.11346315 4.19432401 4.58723100 0.03888867
2.47173858 7.10251451 7.11412751 4.19369087 4.58704766 0.03907847
2.47271201 7.10223295 7.11479451 4.19305510 4.58686362 0.03926984
2.47368959 7.10195032 7.11546417 4.19241669 4.58667889 0.03946281
2.47467136 7.10166660 7.11613650 4.19177562 4.58649346 0.03965739
2.47565733 7.10138180 7.11681152 4.19113187 4.58630733 0.03985360
2.47664755 7.10109589 7.11748926 4.19048541 4.58612048 0.04005146
2.47764205 7.10080888 7.11816974 4.18983623 4.58593292 0.04025098
2.47864085 7.10052076 7.11885296 4.18918430 4.58574463 0.04045219
2.47964399 7.10023152 7.11953896 4.18852962 4.58555562 0.04065511
2.48065151 7.09994115 7.12022776 4.18787215 4.58536588 0.04085976
2.48166343 7.09964965 7.12091936 4.18721188 4.58517541 0.04106615
2.48267980 7.09935700 7.12161380 4.18654878 4.58498419 0.04127431
2.48370064 7.09906320 7.12231109 4.18588283 4.58479223 0.04148425
2.48472598 7.09876824 7.12301126 4.18521402 4.58459952 0.04169601
2.48575587 7.09847211 7.12371432 4.18454232 4.58440605 0.04190960
2.48679034 7.09817481 7.12442030 4.18386770 4.58421182 0.04212504
2.48782942 7.09787632 7.12512922 4.18319016 4.58401682 0.04234236
2.48887315 7.09757663 7.12584110 4.18250965 4.58382105 0.04256157
2.48992156 7.09727575 7.12655596 4.18182617 4.58362451 0.04278270
2.49097469 7.09697365 7.12727382 4.18113969 4.58342718 0.04300578
2.49203259 7.09667034 7.12799471 4.18045019 4.58322906 0.04323082
2.49309528 7.09636580 7.12871864 4.17975764 4.58303015 0.04345786
2.49416280 7.09606002 7.12944565 4.17906202 4.58283044 0.04368690
2.49523519 7.09575299 7.13017575 4.17836330 4.58262992 0.04391799
2.49631250 7.09544472 7.13090897 4.17766146 4.58242859 0.04415115
2.49739475 7.09513517 7.13164533 4.17695649 4.58222644 0.04438639
2.49848199 7.09482436 7.13238485 4.17624834 4.58202347 0.04462375
2.49957426 7.09451226 7.13312756 4.17553701 4.58181968 0.04486325
2.50067160 7.09419888 7.13387348 4.17482246 4.58161504 0.04510491
2.50177404 7.09388419 7.13462264 4.17410466 4.58140957 0.04534878
2.50288164 7.09356819 7.13537507 4.17338360 4.58120325 0.04559486
2.50399443 7.09325087 7.13613077 4.17265925 4.58099607 0.04584320
2.50511245 7.09293222 7.13688979 4.17193157 4.58078804 0.04609381
2.50623574 7.09261223 7.13765215 4.17120055 4.58057914 0.04634673
2.50736436 7.09229089 7.13841787 4.17046616 4.58036937 0.04660199
2.50849834 7.09196819 7.13918698 4.16972836 4.58015872 0.04685961
2.50963772 7.09164412 7.13995951 4.16898714 4.57994718 0.04711963
2.51078256 7.09131867 7.14073547 4.16824247 4.57973475 0.04738208
2.51193289 7.09099183 7.14151491 4.16749431 4.57952143 0.04764698
2.51308876 7.09066359 7.14229784 4.16674264 4.57930720 0.04791438
2.51425023 7.09033394 7.14308429 4.16598743 4.57909205 0.04818429
2.51541732 7.09000286 7.14387429 4.16522865 4.57887599 0.04845676
2.51659009 7.08967036 7.14466788 4.16446628 4.57865900 0.04873181
2.51776860 7.08933640 7.14546507 4.16370028 4.57844109 0.04900949
2.51895288 7.08900099 7.14626590 4.16293062 4.57822223 0.04928982
2.52014298 7.08866412 7.14707039 4.16215728 4.57800242 0.04957284
2.52133896 7.08832577 7.14787858 4.16138022 4.57778166 0.04985858
2.52254086 7.08798593 7.14869049 4.16059941 4.57755994 0.05014708
2.52374874 7.08764458 7.14950615 4.15981482 4.57733725 0.05043838
2.52496264 7.08730173 7.15032560 4.15902642 4.57711358 0.05073252
2.52618262 7.08695735 7.15114886 4.15823418 4.57688894 0.05102952
2.52740872 7.08661144 7.15197597 4.15743806 4.57666330 0.05132944
2.52864101 7.08626397 7.15280696 4.15663803 4.57643666 0.05163230
2.52987954 7.08591495 7.15364185 4.15583406 4.57620901 0.05193815
2.53112435 7.08556435 7.15448068 4.15502612 4.57598035 0.05224703
2.53237550 7.08521217 7.15532349 4.15421417 4.57575067 0.05255898
2.53363306 7.08485840 7.15617030 4.15339818 4.57551996 0.05287404
2.53489707 7.08450301 7.15702116 4.15257811 4.57528821 0.05319225
2.53616759 7.08414600 7.15787608 4.15175393 4.57505542 0.05351366
2.53744467 7.08378735 7.15873511 4.15092561 4.57482157 0.05383831
2.53872839 7.08342706 7.15959827 4.15009310 4.57458666 0.05416624
2.54001879 7.08306510 7.16046562 4.14925637 4.57435067 0.05449750
2.54131593 7.08270147 7.16133717 4.14841538 4.57411361 0.05483214
2.54261988 7.08233615 7.16221297 4.14757010 4.57387546 0.05517020
2.54393069 7.08196912 7.16309304 4.14672049 4.57363621 0.05551172
2.54524843 7.08160038 7.16397744 4.14586652 4.57339585 0.05585677
2.54657316 7.08122991 7.16486618 4.14500813 4.57315438 0.05620538
2.54790494 7.08085769 7.16575932 4.14414530 4.57291179 0.05655761
2.54924383 7.08048372 7.16665688 4.14327799 4.57266806 0.05691351
2.55058991 7.08010797 7.16755891 4.14240615 4.57242320 0.05727313
2.55194323 7.07973043 7.16846545 4.14152975 4.57217718 0.05763653
2.55330386 7.07935110 7.16937652 4.14064874 4.57193000 0.05800374
2.55467187 7.07896994 7.17029218 4.13976308 4.57168165 0.05837484
2.55604732 7.07858695 7.17121246 4.13887273 4.57143212 0.05874988
2.55743029 7.07820211 7.17213740 4.13797765 4.57118140 0.05912891
2.55882085 7.07781541 7.17306704 4.13707780 4.57092948 0.05951199
2.56021905 7.07742683 7.17400142 4.13617314 4.57067636 0.05989918
2.56162499 7.07703636 7.17494059 4.13526361 4.57042201 0.06029054
2.56303872 7.07664398 7.17588459 4.13434917 4.57016644 0.06068613
2.56446032 7.07624967 7.17683345 4.13342979 4.56990962 0.06108601
2.56588987 7.07585341 7.17778723 4.13250541 4.56965156 0.06149024
2.56732743 7.07545520 7.17874596 4.13157599 4.56939224 0.06189890
2.56877309 7.07505501 7.17970969 4.13064148 4.56913165 0.06231204
2.57022692 7.07465283 7.18067846 4.12970183 4.56886977 0.06272972
2.57168900 7.07424863 7.18165232 4.12875700 4.56860660 0.06315203
2.57315941 7.07384241 7.18263132 4.12780695 4.56834214 0.06357902
2.57463823 7.07343415 7.18361549 4.12685161 4.56807635 0.06401077
2.57612553 7.07302382 7.18460490 4.12589094 4.56780924 0.06444734
2.57762141 7.07261141 7.18559958 4.12492489 4.56754080 0.06488882
2.57912594 7.07219691 7.18659958 4.12395341 4.56727101 0.06533527
2.58063920 7.07178028 7.18760495 4.12297645 4.56699986 0.06578677
2.58216128 7.07136153 7.18861574 4.12199395 4.56672733 0.06624340
2.58369228 7.07094061 7.18963200 4.12100587 4.56645343 0.06670524
2.58523226 7.07051753 7.19065378 4.12001215 4.56617813 0.06717235
2.58678133 7.07009226 7.19168113 4.11901273 4.56590142 0.06764484
2.58833958 7.06966477 7.19271410 4.11800757 4.56562330 0.06812277
2.58990708 7.06923505 7.19375275 4.11699660 4.56534374 0.06860624
2.59148394 7.06880309 7.19479712 4.11597977 4.56506274 0.06909532
2.59307025 7.06836885 7.19584727 4.11495702 4.56478028 0.06959012
2.59466609 7.06793232 7.19690325 4.11392830 4.56449636 0.07009070
2.59627158 7.06749348 7.19796512 4.11289355 4.56421095 0.07059718
2.59788680 7.06705231 7.19903294 4.11185270 4.56392404 0.07110963
2.59951184 7.06660879 7.20010675 4.11080570 4.56363563 0.07162816
2.60114682 7.06616290 7.20118662 4.10975249 4.56334570 0.07215285
2.60279183 7.06571460 7.20227260 4.10869301 4.56305423 0.07268382
2.60444698 7.06526390 7.20336475 4.10762719 4.56276122 0.07322115
2.60611235 7.06481075 7.20446314 4.10655497 4.56246664 0.07376495
2.60778807 7.06435514 7.20556781 4.10547629 4.56217048 0.07431532
2.60947424 7.06389705 7.20667883 4.10439108 4.56187274 0.07487238
2.61117096 7.06343645 7.20779626 4.10329928 4.56157339 0.07543622
2.61287834 7.06297333 7.20892016 4.10220082 4.56127242 0.07600695
2.61459649 7.06250765 7.21005060 4.10109563 4.56096982 0.07658470
2.61632553 7.06203940 7.21118763 4.09998365 4.56066556 0.07716957
2.61806556 7.06156854 7.21233133 4.09886481 4.56035965 0.07776168
2.61981671 7.06109507 7.21348175 4.09773903 4.56005205 0.07836116
2.62157909 7.06061894 7.21463896 4.09660625 4.55974277 0.07896811
2.62335281 7.06014015 7.21580304 4.09546639 4.55943177 0.07958266
2.62513800 7.05965865 7.21697404 4.09431939 4.55911905 0.08020495
2.62693478 7.05917444 7.21815203 4.09316517 4.55880459 0.08083510
2.62874326 7.05868747 7.21933708 4.09200365 4.55848837 0.08147324
2.63056358 7.05819773 7.22052927 4.09083476 4.55817037 0.08211950
2.63239586 7.05770520 7.22172866 4.08965842 4.55785059 0.08277403
2.63424023 7.05720983 7.22293532 4.08847455 4.55752901 0.08343695
2.63609682 7.05671161 7.22414934 4.08728308 4.55720560 0.08410842
2.63796575 7.05621052 7.22537077 4.08608393 4.55688035 0.08478858
2.63984717 7.05570651 7.22659970 4.08487701 4.55655324 0.08547757
2.64174121 7.05519957 7.22783620 4.08366225 4.55622426 0.08617556
2.64364799 7.05468967 7.22908034 4.08243956 4.55589340 0.08688268
2.64556768 7.05417678 7.23033221 4.08120886 4.55556062 0.08759910
2.64750039 7.05366087 7.23159188 4.07997006 4.55522591 0.08832499
2.64944628 7.05314190 7.23285943 4.07872307 4.55488926 0.08906049
2.65140549 7.05261986 7.23413494 4.07746781 4.55455065 0.08980579
2.65337816 7.05209472 7.23541849 4.07620420 4.55421005 0.09056105
2.65536446 7.05156643 7.23671017 4.07493213 4.55386746 0.09132645
2.65736451 7.05103498 7.23801005 4.07365153 4.55352285 0.09210216
2.65937849 7.05050033 7.23931822 4.07236229 4.55317620 0.09288836
2.66140654 7.04996245 7.24063477 4.07106433 4.55282749 0.09368525
2.66344881 7.04942131 7.24195979 4.06975755 4.55247670 0.09449300
2.66550548 7.04887687 7.24329335 4.06844185 4.55212382 0.09531182
2.66757670 7.04832911 7.24463555 4.06711714 4.55176882 0.09614190
2.66966263 7.04777800 7.24598648 4.06578331 4.55141168 0.09698344
2.67176344 7.04722349 7.24734623 4.06444028 4.55105239 0.09783664
2.67387930 7.04666556 7.24871488 4.06308793 4.55069092 0.09870172
2.67601037 7.04610418 7.25009254 4.06172618 4.55032725 0.09957890
2.67815684 7.04553930 7.25147930 4.06035490 4.54996136 0.10046838
2.68031887 7.04497090 7.25287525 4.05897400 4.54959323 0.10137040
2.68249664 7.04439894 7.25428049 4.05758337 4.54922284 0.10228518
2.68469034 7.04382338 7.25569512 4.05618290 4.54885016 0.10321295
2.68690014 7.04324420 7.25711923 4.05477248 4.54847518 0.10415396
2.68912623 7.04266134 7.25855293 4.05335201 4.54809787 0.10510844
2.69136880 7.04207479 7.25999631 4.05192137 4.54771821 0.10607664
2.69362804 7.04148450 7.26144948 4.05048044 4.54733617 0.10705882
2.69590414 7.04089043 7.26291255 4.04902912 4.54695174 0.10805524
2.69819730 7.04029254 7.26438561 4.04756728 4.54656489 0.10906615
2.70050771 7.03969081 7.26586878 4.04609480 4.54617560 0.11009184
2.70283557 7.03908519 7.26736215 4.04461158 4.54578384 0.11113257
2.70518109 7.03847564 7.26886585 4.04311747 4.54538959 0.11218863
2.70754448 7.03786212 7.27037998 4.04161237 4.54499283 0.11326031
2.70992594 7.03724459 7.27190464 4.04009615 4.54459352 0.11434789
2.71232569 7.03662302 7.27343997 4.03856868 4.54419166 0.11545168
2.71474393 7.03599736 7.27498606 4.03702983 4.54378721 0.11657199
2.71718090 7.03536757 7.27654303 4.03547947 4.54338015 0.11770913
2.71963680 7.03473362 7.27811100 4.03391748 4.54297044 0.11886341
2.72211186 7.03409546 7.27969010 4.03234372 4.54255808 0.12003518
2.72460631 7.03345304 7.28128042 4.03075805 4.54214303 0.12122475
2.72712038 7.03280633 7.28288211 4.02916034 4.54172526 0.12243246
2.72965430 7.03215528 7.28449527 4.02755046 4.54130475 0.12365868
2.73220831 7.03149986 7.28612004 4.02592826 4.54088148 0.12490375
2.73478264 7.03084001 7.28775654 4.02429359 4.54045541 0.12616804
2.73737753 7.03017569 7.28940489 4.02264633 4.54002652 0.12745191
2.73999324 7.02950686 7.29106522 4.02098632 4.53959478 0.12875575
2.74263001 7.02883348 7.29273766 4.01931341 4.53916017 0.13007995
2.74528809 7.02815549 7.29442234 4.01762747 4.53872266 0.13142489
2.74796773 7.02747286 7.29611940 4.01592833 4.53828222 0.13279098
2.75066919 7.02678554 7.29782895 4.01421585 4.53783882 0.13417863
2.75339274 7.02609347 7.29955115 4.01248987 4.53739244 0.13558827
2.75613864 7.02539663 7.30128612 4.01075024 4.53694305 0.13702033
2.75890715 7.02469495 7.30303400 4.00899680 4.53649061 0.13847523
2.76169855 7.02398839 7.30479493 4.00722939 4.53603510 0.13995344
2.76451310 7.02327691 7.30656905 4.00544785 4.53557650 0.14145540
2.76735110 7.02256045 7.30835649 4.00365202 4.53511476 0.14298158
2.77021281 7.02183897 7.31015741 4.00184174 4.53464987 0.14453247
2.77309852 7.02111242 7.31197194 4.00001683 4.53418180 0.14610854
2.77600852 7.02038075 7.31380024 3.99817713 4.53371051 0.14771029
2.77894310 7.01964392 7.31564243 3.99632248 4.53323597 0.14933824
2.78190255 7.01890186 7.31749868 3.99445269 4.53275816 0.15099289
2.78488717 7.01815454 7.31936913 3.99256760 4.53227705 0.15267477
2.78789726 7.01740190 7.32125393 3.99066703 4.53179261 0.15438442
2.79093312 7.01664389 7.32315323 3.98875081 4.53130480 0.15612240
2.79399505 7.01588047 7.32506717 3.98681875 4.53081360 0.15788925
2.79708338 7.01511158 7.32699592 3.98487068 4.53031898 0.15968555
2.80019841 7.01433717 7.32893963 3.98290642 4.52982090 0.16151188
2.80334045 7.01355719 7.33089845 3.98092579 4.52931934 0.16336884
2.80650983 7.01277159 7.33287254 3.97892859 4.52881427 0.16525703
2.80970686 7.01198032 7.33486204 3.97691465 4.52830566 0.16717706
2.81293188 7.01118334 7.33686713 3.97488377 4.52779347 0.16912957
2.81618520 7.01038057 7.33888795 3.97283577 4.52727768 0.17111520
2.81946717 7.00957199 7.34092467 3.97077046 4.52675826 0.17313458
2.82277811 7.00875753 7.34297745 3.96868765 4.52623518 0.17518840
2.82611835 7.00793715 7.34504644 3.96658714 4.52570840 0.17727732
2.82948824 7.00711079 7.34713180 3.96446875 4.52517791 0.17940204
2.83288812 7.00627841 7.34923369 3.96233227 4.52464366 0.18156325
2.83631832 7.00543995 7.35135228 3.96017751 4.52410564 0.18376166
2.83977920 7.00459537 7.35348772 3.95800427 4.52356380 0.18599800
2.84327110 7.00374460 7.35564018 3.95581237 4.52301813 0.18827301
2.84679437 7.00288762 7.35780982 3.95360159 4.52246860 0.19058742
2.85034936 7.00202435 7.35999679 3.95137174 4.52191517 0.19294202
2.85393642 7.00115477 7.36220126 3.94912263 4.52135782 0.19533755
2.85755591 7.00027881 7.36442338 3.94685405 4.52079652 0.19777482
2.86120817 6.99939643 7.36666332 3.94456580 4.52023124 0.20025461
2.86489357 6.99850759 7.36892123 3.94225768 4.51966197 0.20277774
2.86861246 6.99761223 7.37119728 3.93992949 4.51908867 0.20534501
2.87236520 6.99671032 7.37349161 3.93758104 4.51851131 0.20795726
2.87615215 6.99580180 7.37580439 3.93521213 4.51792988 0.21061534
2.87997366 6.99488663 7.37813576 3.93282255 4.51734435 0.21332009
2.88383008 6.99396478 7.38048589 3.93041210 4.51675469 0.21607236
2.88772179 6.99303619 7.38285491 3.92798060 4.51616088 0.21887304
2.89164912 6.99210083 7.38524299 3.92552785 4.51556291 0.22172301
2.89561243 6.99115865 7.38765026 3.92305364 4.51496075 0.22462314
2.89961208 6.99020963 7.39007687 3.92055779 4.51435438 0.22757435
2.90364842 6.98925372 7.39252297 3.91804011 4.51374378 0.23057752
2.90772179 6.98829088 7.39498868 3.91550041 4.51312893 0.23363359
2.91183254 6.98732108 7.39747415 3.91293850 4.51250982 0.23674345
2.91598100 6.98634430 7.39997951 3.91035420 4.51188643 0.23990804
2.92016753 6.98536050 7.40250488 3.90774733 4.51125875 0.24312828
2.92439244 6.98436965 7.40505040 3.90511770 4.51062677 0.24640511
2.92865607 6.98337172 7.40761617 3.90246515 4.50999046 0.24973945
2.93295874 6.98236670 7.41020232 3.89978950 4.50934983 0.25313225
2.93730077 6.98135455 7.41280895 3.89709059 4.50870487 0.25658444
2.94168247 6.98033527 7.41543617 3.89436827 4.50805556 0.26009696
2.94610415 6.97930884 7.41808408 3.89162236 4.50740191 0.26367073
2.95056608 6.97827523 7.42075277 3.88885272 4.50674391 0.26730669
2.95506858 6.97723444 7.42344233 3.88605921 4.50608155 0.27100576
2.95961190 6.97618647 7.42615283 3.88324169 4.50541485 0.27476885
2.96419632 6.97513130 7.42888434 3.88040003 4.50474380 0.27859688
2.96882210 6.97406894 7.43163694 3.87753409 4.50406841 0.28249073
2.97348947 6.97299939 7.43441068 3.87464378 4.50338868 0.28645130
2.97819868 6.97192265 7.43720560 3.87172897 4.50270464 0.29047946
2.98294993 6.97083874 7.44002174 3.86878957 4.50201628 0.29457605
2.98774344 6.96974766 7.44285912 3.86582548 4.50132362 0.29874191
2.99257939 6.96864944 7.44571778 3.86283664 4.50062669 0.30297786
2.99745796 6.96754410 7.44859770 3.85982296 4.49992550 0.30728467
3.00237930 6.96643167 7.45149889 3.85678440 4.49922009 0.31166311
3.00734354 6.96531218 7.45442133 3.85372089 4.49851046 0.31611390
3.01235081 6.96418566 7.45736500 3.85063242 4.49779667 0.32063775
3.01740121 6.96305217 7.46032984 3.84751896 4.49707873 0.32523531
3.02249480 6.96191174 7.46331581 3.84438049 4.49635670 0.32990721
3.02763164 6.96076443 7.46632283 3.84121704 4.49563060 0.33465402
3.03281176 6.95961030 7.46935082 3.83802861 4.49490049 0.33947628
3.03803516 6.95844942 7.47239967 3.83481526 4.49416641 0.34437446
3.04330182 6.95728185 7.47546928 3.83157702 4.49342841 0.34934900
3.04861168 6.95610768 7.47855951 3.82831398 4.49268656 0.35440027
3.05396468 6.95492699 7.48167020 3.82502623 4.49194092 0.35952858
3.05936069 6.95373987 7.48480120 3.82171386 4.49119154 0.36473417
3.06479958 6.95254642 7.48795231 3.81837702 4.49043851 0.37001722
3.07028117 6.95134675 7.49112333 3.81501584 4.48968189 0.37537783
3.07580525 6.95014097 7.49431403 3.81163050 4.48892176 0.38081603
3.08137158 6.94892921 7.49752417 3.80822119 4.48815821 0.38633176
3.08697988 6.94771158 7.50075347 3.80478812 4.48739133 0.39192486
3.09262983 6.94648823 7.50400166 3.80133153 4.48662121 0.39759512
3.09832107 6.94525930 7.50726843 3.79785167 4.48584796 0.40334220
3.10405320 6.94402495 7.51055343 3.79434883 4.48507166 0.40916568
3.10982578 6.94278533 7.51385631 3.79082333 4.48429244 0.41506501
3.11563834 6.94154062 7.51717670 3.78727549 4.48351041 0.42103957
3.12149033 6.94029100 7.52051419 3.78370568 4.48272569 0.42708861
3.12738119 6.93903665 7.52386836 3.78011428 4.48193841 0.43321125
3.13331029 6.93777777 7.52723875 3.77650172 4.48114869 0.43940652
3.13927698 6.93651456 7.53062488 3.77286844 4.48035667 0.44567330
3.14528054 6.93524725 7.53402625 3.76921491 4.47956250 0.45201038
3.15132020 6.93397604 7.53744234 3.76554164 4.47876631 0.45841638
3.15739515 6.93270118 7.54087259 3.76184915 4.47796827 0.46488981
3.16350452 6.93142291 7.54431641 3.75813801 4.47716853 0.47142905
3.16964741 6.93014146 7.54777321 3.75440881 4.47636726 0.47803234
3.17582284 6.92885711 7.55124235 3.75066217 4.47556462 0.48469777
3.18202980 6.92757012 7.55472317 3.74689874 4.47476079 0.49142331
3.18826721 6.92628077 7.55821499 3.74311920 4.47395594 0.49820678
3.19453395 6.92498933 7.56171711 3.73932427 4.47315026 0.50504584
3.20082885 6.92369610 7.56522878 3.73551469 4.47234394 0.51193806
3.20715069 6.92240139 7.56874924 3.73169123 4.47153717 0.51888082
3.21349817 6.92110550 7.57227772 3.72785469 4.47073015 0.52587139
3.21986997 6.91980874 7.57581340 3.72400590 4.46992308 0.53290688
3.22626472 6.91851143 7.57935546 3.72014573 4.46911617 0.53998431
3.23268097 6.91721392 7.58290304 3.71627505 4.46830963 0.54710051
3.23911726 6.91591653 7.58645526 3.71239479 4.46750366 0.55425223
3.24557205 6.91461960 7.59001123 3.70850589 4.46669850 0.56143607
3.25204378 6.91332349 7.59357004 3.70460931 4.46589435 0.56864852
3.25853082 6.91202854 7.59713074 3.70070604 4.46509145 0.57588596
3.26503152 6.91073512 7.60069240 3.69679710 4.46429000 0.58314467
3.27154418 6.90944358 7.60425402 3.69288354 4.46349026 0.59042081
3.27806704 6.90815429 7.60781464 3.68896640 4.46269243 0.59771047
3.28459835 6.90686762 7.61137326 3.68504676 4.46189676 0.60500964
3.29113628 6.90558394 7.61492886 3.68112572 4.46110347 0.61231425
3.29767899 6.90430362 7.61848043 3.67720440 4.46031279 0.61962015
3.30422461 6.90302705 7.62202694 3.67328392 4.45952497 0.62692314
3.31077124 6.90175458 7.62556734 3.66936542 4.45874022 0.63421898
3.31731696 6.90048660 7.62910060 3.66545005 4.45795879 0.64150338
3.32385983 6.89922348 7.63262568 3.66153898 4.45718090 0.64877204
3.33039788 6.89796560 7.63614151 3.65763337 4.45640678 0.65602065
3.33692914 6.89671332 7.63964706 3.65373440 4.45563666 0.66324488
3.34345164 6.89546702 7.64314128 3.64984325 4.45487076 0.67044042
3.34996337 6.89422705 7.64662312 3.64596109 4.45410931 0.67760299
3.35646235 6.89299378 7.65009155 3.64208910 4.45335252 0.68472833
3.36294658 6.89176757 7.65354553 3.63822845 4.45260062 0.69181223
3.36941407 6.89054876 7.65698405 3.63438032 4.45185380 0.69885055
3.37586284 6.88933771 7.66040609 3.63054587 4.45111229 0.70583919
3.38229093 6.88813474 7.66381066 3.62672624 4.45037627 0.71277417
3.38869637 6.88694018 7.66719678 3.62292259 4.44964596 0.71965155
3.39507723 6.88575437 7.67056348 3.61913604 4.44892154 0.72646754
3.40143159 6.88457762 7.67390981 3.61536769 4.44820319 0.73321843
3.40775757 6.88341022 7.67723485 3.61161865 4.44749111 0.73990064
3.41405330 6.88225248 7.68053769 3.60788999 4.44678545 0.74651072
3.42031696 6.88110468 7.68381745 3.60418276 4.44608640 0.75304536
3.42654674 6.87996710 7.68707327 3.60049799 4.44539411 0.75950138
3.43274090 6.87884001 7.69030431 3.59683669 4.44470873 0.76587578
3.43889773 6.87772364 7.69350978 3.59319983 4.44403041 0.77216570
3.44501554 6.87661826 7.69668889 3.58958837 4.44335929 0.77836843
3.45109272 6.87552408 7.69984091 3.58600323 4.44269550 0.78448147
3.45712769 6.87444133 7.70296510 3.58244529 4.44203916 0.79050245
3.46311893 6.87337021 7.70606079 3.57891542 4.44139039 0.79642920
3.46906496 6.87231091 7.70912732 3.57541444 4.44074929 0.80225973
3.47496437 6.87126361 7.71216408 3.57194314 4.44011597 0.80799220
3.48081579 6.87022850 7.71517047 3.56850229 4.43949051 0.81362499
3.48661793 6.86920570 7.71814593 3.56509259 4.43887300 0.81915664
3.49236954 6.86819538 7.72108996 3.56171474 4.43826352 0.82458587
3.49806944 6.86719766 7.72400206 3.55836938 4.43766212 0.82991157
3.50371650 6.86621266 7.72688178 3.55505713 4.43706888 0.83513282
3.50930966 6.86524047 7.72972870 3.55177855 4.43648383 0.84024887
3.51484793 6.86428120 7.73254244 3.54853419 4.43590703 0.84525914
3.52033036 6.86333492 7.73532266 3.54532455 4.43533852 0.85016322
3.52575609 6.86240171 7.73806903 3.54215008 4.43477831 0.85496084
3.53112431 6.86148160 7.74078128 3.53901122 4.43422642 0.85965192
3.53643425 6.86057466 7.74345915 3.53590834 4.43368289 0.86423650
3.54168524 6.85968090 7.74610244 3.53284180 4.43314770 0.86871479
3.54687664 6.85880036 7.74871095 3.52981192 4.43262086 0.87308712
3.55200790 6.85793303 7.75128453 3.52681897 4.43210237 0.87735398
3.55707850 6.85707893 7.75382307 3.52386319 4.43159220 0.88151596
3.56208800 6.85623804 7.75632647 3.52094480 4.43109035 0.88557378
3.56703600 6.85541033 7.75879466 3.51806398 4.43059678 0.88952829
3.57192218 6.85459578 7.76122763 3.51522086 4.43011146 0.89338043
3.57674625 6.85379435 7.76362535 3.51241555 4.42963436 0.89713123
3.58150798 6.85300599 7.76598784 3.50964814 4.42916544 0.90078185
3.58620721 6.85223064 7.76831516 3.50691868 4.42870465 0.90433350
3.59084381 6.85146824 7.77060738 3.50422718 4.42825193 0.90778750
3.59541771 6.85071872 7.77286458 3.50157364 4.42780724 0.91114521
3.59992888 6.84998199 7.77508689 3.49895802 4.42737051 0.91440810
3.60437734 6.84925796 7.77727445 3.49638025 4.42694167 0.91757765
3.60876316 6.84854655 7.77942740 3.49384026 4.42652067 0.92065544
3.61308645 6.84784766 7.78154594 3.49133793 4.42610742 0.92364308
3.61734735 6.84716117 7.78363026 3.48887313 4.42570186 0.92654220
3.62154604 6.84648699 7.78568058 3.48644569 4.42530390 0.92935451
3.62568276 6.84582498 7.78769713 3.48405545 4.42491347 0.93208172
3.62975777 6.84517504 7.78968015 3.48170220 4.42453048 0.93472558
3.63377135 6.84453704 7.79162991 3.47938573 4.42415485 0.93728785
3.63772383 6.84391084 7.79354670 3.47710580 4.42378648 0.93977031
3.64161557 6.84329632 7.79543079 3.47486217 4.42342529 0.94217476
3.64544695 6.84269334 7.79728249 3.47265457 4.42307119 0.94450299
3.64921838 6.84210176 7.79910211 3.47048270 4.42272409 0.94675682
3.65293031 6.84152144 7.80088998 3.46834629 4.42238388 0.94893805
3.65658318 6.84095224 7.80264644 3.46624502 4.42205048 0.95104847
3.66017749 6.84039401 7.80437181 3.46417857 4.42172378 0.95308989
3.66371374 6.83984660 7.80606646 3.46214661 4.42140370 0.95506408
3.66719245 6.83930986 7.80773074 3.46014879 4.42109013 0.95697282
3.67061416 6.83878364 7.80936501 3.45818477 4.42078297 0.95881787
3.67397943 6.83826780 7.81096964 3.45625419 4.42048212 0.96060095
3.67728883 6.83776217 7.81254501 3.45435667 4.42018749 0.96232379
3.68054295 6.83726660 7.81409150 3.45249185 4.41989897 0.96398809
3.68374238 6.83678094 7.81560949 3.45065934 4.41961646 0.96559551
3.68688774 6.83630503 7.81709936 3.44885875 4.41933987 0.96714771
3.68997964 6.83583873 7.81856150 3.44708970 4.41906910 0.96864631
3.69301872 6.83538186 7.81999630 3.44535179 4.41880404 0.97009290
3.69600561 6.83493429 7.82140416 3.44364461 4.41854460 0.97148904
3.69894095 6.83449586 7.82278547 3.44196777 4.41829068 0.97283627
3.70182540 6.83406641 7.82414062 3.44032086 4.41804217 0.97413610
3.70465961 6.83364579 7.82547001 3.43870347 4.41779900 0.97538999
3.70744424 6.83323385 7.82677402 3.43711520 4.41756104 0.97659940
3.71017995 6.83283043 7.82805306 3.43555563 4.41732822 0.97776573
3.71286740 6.83243539 7.82930752 3.43402435 4.41710043 0.97889035
3.71550727 6.83204858 7.83053778 3.43252095 4.41687759 0.97997462
3.71810022 6.83166986 7.83174425 3.43104502 4.41665959 0.98101984
3.72064692 6.83129906 7.83292729 3.42959615 4.41644635 0.98202730
3.72314803 6.83093606 7.83408731 3.42817394 4.41623777 0.98299824
3.72560423 6.83058070 7.83522468 3.42677797 4.41603377 0.98393388
3.72801618 6.83023284 7.83633979 3.42540783 4.41583425 0.98483540
3.73038454 6.82989234 7.83743301 3.42406313 4.41563913 0.98570394
3.73270997 6.82955907 7.83850472 3.42274346 4.41544832 0.98654063
3.73499314 6.82923288 7.83955528 3.42144842 4.41526173 0.98734656
3.73723469 6.82891365 7.84058507 3.42017761 4.41507928 0.98812278
3.73943528 6.82860123 7.84159446 3.41893064 4.41490089 0.98887032
3.74159555 6.82829549 7.84258379 3.41770712 4.41472647 0.98959016
3.74371615 6.82799630 7.84355344 3.41650666 4.41455594 0.99028328
3.74579772 6.82770354 7.84450374 3.41532888 4.41438922 0.99095062
3.74784088 6.82741708 7.84543506 3.41417338 4.41422624 0.99159307
3.74984627 6.82713679 7.84634773 3.41303981 4.41406692 0.99221153
3.75181450 6.82686255 7.84724210 3.41192777 4.41391117 0.99280684
3.75374619 6.82659424 7.84811850 3.41083691 4.41375893 0.99337982
3.75564195 6.82633173 7.84897727 3.40976686 4.41361013 0.99393128
3.75750238 6.82607492 7.84981873 3.40871725 4.41346468 0.99446199
3.75932809 6.82582369 7.85064320 3.40768773 4.41332252 0.99497270
3.76111965 6.82557791 7.85145100 3.40667795 4.41318359 0.99546413
3.76287766 6.82533749 7.85224245 3.40568755 4.41304780 0.99593699
3.76460269 6.82510231 7.85301786 3.40471620 4.41291509 0.99639193
3.76629531 6.82487226 7.85377753 3.40376355 4.41278540 0.99682963
3.76795608 6.82464724 7.85452176 3.40282927 4.41265867 0.99725072
3.76958555 6.82442714 7.85525084 3.40191303 4.41253482 0.99765579
3.77118429 6.82421187 7.85596507 3.40101450 4.41241380 0.99804545
3.77275282 6.82400131 7.85666474 3.40013336 4.41229554 0.99842026
3.77429168 6.82379537 7.85735012 3.39926930 4.41217999 0.99878078
3.77580139 6.82359396 7.85802149 3.39842200 4.41206708 0.99912752
3.77728248 6.82339697 7.85867912 3.39759115 4.41195676 0.99946101
3.77873546 6.82320432 7.85932329 3.39677646 4.41184897 0.99978173
3.78016083 6.82301592 7.85995426 3.39597762 4.41174366 1.00009017
3.78155909 6.82283167 7.86057228 3.39519434 4.41164076 1.00038679
3.78293073 6.82265148 7.86117761 3.39442633 4.41154024 1.00067202
3.78427623 6.82247528 7.86177050 3.39367330 4.41144203 1.00094629
3.78559606 6.82230297 7.86235120 3.39293499 4.41134608 1.00121003
3.78689070 6.82213447 7.86291995 3.39221110 4.41125235 1.00146361
3.78816059 6.82196970 7.86347698 3.39150137 4.41116078 1.00170744
3.78940621 6.82180858 7.86402254 3.39080554 4.41107133 1.00194186
3.79062798 6.82165103 7.86455684 3.39012334 4.41098394 1.00216725
3.79182636 6.82149698 7.86508011 3.38945451 4.41089858 1.00238395
3.79300176 6.82134635 7.86559258 3.38879881 4.41081520 1.00259228
3.79415463 6.82119906 7.86609446 3.38815597 4.41073375 1.00279256
3.79528537 6.82105505 7.86658596 3.38752576 4.41065419 1.00298510
3.79639439 6.82091424 7.86706729 3.38690794 4.41057648 1.00317019
3.79748211 6.82077656 7.86753866 3.38630226 4.41050057 1.00334812
3.79854891 6.82064195 7.86800027 3.38570850 4.41042643 1.00351917
3.79959518 6.82051034 7.86845231 3.38512643 4.41035402 1.00368358
3.80062132 6.82038166 7.86889498 3.38455582 4.41028329 1.00384163
3.80162770 6.82025585 7.86932848 3.38399646 4.41021421 1.00399355
3.80261468 6.82013285 7.86975297 3.38344813 4.41014674 1.00413957
3.80358264 6.82001260 7.87016866 3.38291060 4.41008085 1.00427993
3.80453194 6.81989503 7.87057571 3.38238369 4.41001650 1.00441484
3.80546291 6.81978009 7.87097431 3.38186717 4.40995365 1.00454451
3.80637591 6.81966772 7.87136462 3.38136086 4.40989227 1.00466914
3.80727129 6.81955786 7.87174681 3.38086454 4.40983232 1.00478893
3.80814936 6.81945047 7.87212106 3.38037804 4.40977378 1.00490406
3.80901047 6.81934547 7.87248752 3.37990115 4.40971662 1.00501471
3.80985493 6.81924283 7.87284635 3.37943369 4.40966079 1.00512106
3.81068305 6.81914249 7.87319772 3.37897548 4.40960627 1.00522327
3.81149516 6.81904440 7.87354176 3.37852634 4.40955304 1.00532150
3.81229155 6.81894852 7.87387864 3.37808608 4.40950105 1.00541591
3.81307252 6.81885478 7.87420849 3.37765454 4.40945029 1.00550664
3.81383837 6.81876315 7.87453147 3.37723155 4.40940072 1.00559383
3.81458938 6.81867357 7.87484772 3.37681694 4.40935232 1.00567763
3.81532585 6.81858601 7.87515736 3.37641055 4.40930506 1.00575816
3.81604804 6.81850042 7.87546055 3.37601220 4.40925891 1.00583556
3.81675623 6.81841675 7.87575741 3.37562176 4.40921385 1.00590993
3.81745069 6.81833496 7.87604808 3.37523906 4.40916986 1.00598140
3.81813168 6.81825502 7.87633267 3.37486394 4.40912691 1.00605009
3.81879946 6.81817688 7.87661133 3.37449627 4.40908497 1.00611609
3.81945429 6.81810049 7.87688416 3.37413590 4.40904402 1.00617953
3.82009640 6.81802583 7.87715129 3.37378267 4.40900404 1.00624048
3.82072605 6.81795285 7.87741284 3.37343646 4.40896501 1.00629905
3.82134348 6.81788152 7.87766892 3.37309712 4.40892691 1.00635534
3.82194892 6.81781179 7.87791965 3.37276451 4.40888970 1.00640943
3.82254260 6.81774364 7.87816514 3.37243851 4.40885339 1.00646141
3.82312475 6.81767703 7.87840549 3.37211899 4.40881793 1.00651136
3.82369559 6.81761193 7.87864082 3.37180581 4.40878332 1.00655936
3.82425533 6.81754829 7.87887122 3.37149886 4.40874953 1.00660548
3.82480420 6.81748610 7.87909680 3.37119800 4.40871654 1.00664980
3.82534240 6.81742531 7.87931765 3.37090313 4.40868434 1.00669239
3.82587014 6.81736589 7.87953389 3.37061411 4.40865291 1.00673331
3.82638762 6.81730782 7.87974560 3.37033084 4.40862222 1.00677263
3.82689503 6.81725107 7.87995287 3.37005320 4.40859227 1.00681042
3.82739258 6.81719560 7.88015580 3.36978108 4.40856304 1.00684673
3.82788046 6.81714139 7.88035449 3.36951437 4.40853450 1.00688162
3.82835884 6.81708840 7.88054901 3.36925297 4.40850665 1.00691515
3.82882792 6.81703662 7.88073945 3.36899676 4.40847946 1.00694736
3.82928787 6.81698601 7.88092591 3.36874565 4.40845292 1.00697832
3.82973887 6.81693655 7.88110845 3.36849953 4.40842702 1.00700806
3.83018110 6.81688822 7.88128717 3.36825831 4.40840174 1.00703664
3.83061472 6.81684098 7.88146214 3.36802189 4.40837707 1.00706411
3.83103991 6.81679482 7.88163345 3.36779018 4.40835299 1.00709050
3.83145681 6.81674970 7.88180116 3.36756307 4.40832949 1.00711586
3.83186561 6.81670561 7.88196535 3.36734048 4.40830656 1.00714022
3.83226644 6.81666253 7.88212610 3.36712233 4.40828417 1.00716363
3.83265947 6.81662042 7.88228348 3.36690851 4.40826233 1.00718613
3.83304485 6.81657927 7.88243755 3.36669895 4.40824101 1.00720775
3.83342273 6.81653906 7.88258839 3.36649356 4.40822021 1.00722852
3.83379325 6.81649977 7.88273607 3.36629227 4.40819991 1.00724847
3.83415655 6.81646137 7.88288064 3.36609497 4.40818010 1.00726765
3.83451278 6.81642385 7.88302218 3.36590161 4.40816077 1.00728608
3.83486208 6.81638718 7.88316075 3.36571209 4.40814191 1.00730378
3.83520457 6.81635135 7.88329641 3.36552635 4.40812351 1.00732080
3.83554039 6.81631634 7.88342923 3.36534431 4.40810555 1.00733714
3.83586967 6.81628213 7.88355925 3.36516589 4.40808803 1.00735285
3.83619253 6.81624870 7.88368654 3.36499102 4.40807094 1.00736794
3.83650911 6.81621604 7.88381115 3.36481964 4.40805426 1.00738245
3.83681952 6.81618412 7.88393315 3.36465167 4.40803798 1.00739638
3.83712388 6.81615293 7.88405259 3.36448704 4.40802210 1.00740977
3.83742231 6.81612246 7.88416951 3.36432570 4.40800661 1.00742263
3.83771494 6.81609268 7.88428398 3.36416756 4.40799150 1.00743500
3.83800185 6.81606359 7.88439604 3.36401258 4.40797676 1.00744687
3.83828318 6.81603516 7.88450575 3.36386068 4.40796238 1.00745829
3.83855903 6.81600739 7.88461315 3.36371181 4.40794835 1.00746925
3.83882951 6.81598025 7.88471829 3.36356591 4.40793466 1.00747979
3.83909471 6.81595373 7.88482122 3.36342291 4.40792131 1.00748992
3.83935475 6.81592783 7.88492199 3.36328276 4.40790829 1.00749964
3.83960972 6.81590252 7.88502064 3.36314540 4.40789559 1.00750899
3.83985972 6.81587779 7.88511721 3.36301077 4.40788319 1.00751797
3.84010485 6.81585363 7.88521175 3.36287883 4.40787111 1.00752660
3.84034521 6.81583002 7.88530430 3.36274952 4.40785932 1.00753490
3.84058088 6.81580696 7.88539490 3.36262278 4.40784783 1.00754286
3.84081196 6.81578443 7.88548360 3.36249857 4.40783661 1.00755052
3.84103853 6.81576242 7.88557043 3.36237684 4.40782568 1.00755788
3.84126069 6.81574092 7.88565544 3.36225752 4.40781501 1.00756495
3.84147853 6.81571991 7.88573865 3.36214059 4.40780461 1.00757174
3.84169211 6.81569939 7.88582011 3.36202599 4.40779447 1.00757826
3.84190154 6.81567934 7.88589986 3.36191367 4.40778458 1.00758454
3.84210688 6.81565976 7.88597792 3.36180358 4.40777493 1.00759056
3.84230822 6.81564062 7.88605435 3.36169569 4.40776553 1.00759635
3.84250564 6.81562193 7.88612916 3.36158995 4.40775636 1.00760191
3.84269921 6.81560367 7.88620240 3.36148632 4.40774742 1.00760726
3.84288901 6.81558584 7.88627410 3.36138475 4.40773870 1.00761239
3.84307511 6.81556842 7.88634428 3.36128521 4.40773020 1.00761733
3.84325759 6.81555140 7.88641299 3.36118765 4.40772191 1.00762207
3.84343650 6.81553477 7.88648024 3.36109203 4.40771383 1.00762663
3.84361193 6.81551853 7.88654608 3.36099832 4.40770595 1.00763101
3.84378395 6.81550267 7.88661054 3.36090647 4.40769827 1.00763521
3.84395261 6.81548718 7.88667363 3.36081646 4.40769079 1.00763926
3.84411798 6.81547205 7.88673540 3.36072824 4.40768349 1.00764314
3.84428013 6.81545726 7.88679586 3.36064178 4.40767638 1.00764687
3.84443912 6.81544283 7.88685505 3.36055704 4.40766944 1.00765046
3.84459501 6.81542872 7.88691299 3.36047399 4.40766268 1.00765390
3.84474787 6.81541495 7.88696970 3.36039259 4.40765610 1.00765721
3.84489775 6.81540150 7.88702522 3.36031282 4.40764968 1.00766040
3.84504470 6.81538836 7.88707957 3.36023463 4.40764342 1.00766345
3.84518879 6.81537553 7.88713278 3.36015800 4.40763732 1.00766639
3.84533008 6.81536299 7.88718486 3.36008291 4.40763138 1.00766921
3.84546861 6.81535075 7.88723584 3.36000930 4.40762558 1.00767192
3.84560444 6.81533880 7.88728574 3.35993717 4.40761994 1.00767453
3.84573762 6.81532713 7.88733460 3.35986647 4.40761444 1.00767703
3.84586821 6.81531572 7.88738242 3.35979718 4.40760908 1.00767944
3.84599626 6.81530459 7.88742923 3.35972927 4.40760386 1.00768175
3.84612181 6.81529372 7.88747505 3.35966271 4.40759877 1.00768397
3.84624491 6.81528310 7.88751991 3.35959748 4.40759382 1.00768611
3.84636561 6.81527273 7.88756382 3.35953355 4.40758899 1.00768816
3.84648397 6.81526260 7.88760680 3.35947090 4.40758428 1.00769013
3.84660001 6.81525271 7.88764887 3.35940949 4.40757970 1.00769202
3.84671380 6.81524306 7.88769006 3.35934931 4.40757523 1.00769384
3.84682537 6.81523363 7.88773037 3.35929032 4.40757089 1.00769559
3.84693476 6.81522442 7.88776984 3.35923251 4.40756665 1.00769727
3.84704202 6.81521543 7.88780847 3.35917586 4.40756252 1.00769889
3.84714720 6.81520665 7.88784628 3.35912033 4.40755851 1.00770044
3.84725032 6.81519808 7.88788329 3.35906591 4.40755459 1.00770193
3.84735144 6.81518971 7.88791952 3.35901257 4.40755078 1.00770336
3.84745058 6.81518154 7.88795499 3.35896030 4.40754707 1.00770474
3.84754779 6.81517356 7.88798970 3.35890907 4.40754346 1.00770606
3.84764311 6.81516577 7.88802368 3.35885886 4.40753994 1.00770733
3.84773657 6.81515817 7.88805695 3.35880965 4.40753651 1.00770855
3.84782822 6.81515074 7.88808951 3.35876142 4.40753317 1.00770973
3.84791807 6.81514349 7.88812138 3.35871415 4.40752993 1.00771085
3.84800618 6.81513641 7.88815257 3.35866782 4.40752676 1.00771194
3.84809257 6.81512950 7.88818311 3.35862242 4.40752368 1.00771298
3.84817727 6.81512276 7.88821300 3.35857792 4.40752069 1.00771398
3.84826033 6.81511617 7.88824226 3.35853430 4.40751777 1.00771494
3.84834177 6.81510974 7.88827089 3.35849156 4.40751493 1.00771586
3.84842162 6.81510347 7.88829893 3.35844967 4.40751217 1.00771675
3.84849992 6.81509734 7.88832637 3.35840861 4.40750948 1.00771760
3.84857669 6.81509136 7.88835322 3.35836837 4.40750686 1.00771842
3.84865196 6.81508552 7.88837951 3.35832894 4.40750431 1.00771921
3.84872577 6.81507983 7.88840524 3.35829029 4.40750184 1.00771997
3.84879815 6.81507426 7.88843043 3.35825241 4.40749942 1.00772069
3.84886911 6.81506884 7.88845508 3.35821528 4.40749708 1.00772139
3.84893869 6.81506354 7.88847922 3.35817889 4.40749480 1.00772206
3.84900691 6.81505837 7.88850284 3.35814323 4.40749257 1.00772271
3.84907381 6.81505332 7.88852596 3.35810828 4.40749041 1.00772333
3.84913940 6.81504839 7.88854859 3.35807403 4.40748831 1.00772393
3.84920372 6.81504358 7.88857074 3.35804046 4.40748627 1.00772450
3.84926678 6.81503889 7.88859242 3.35800756 4.40748428 1.00772505
3.84932862 6.81503431 7.88861364 3.35797531 4.40748235 1.00772558
3.84938925 6.81502984 7.88863441 3.35794370 4.40748047 1.00772608
3.84944870 6.81502548 7.88865474 3.35791273 4.40747864 1.00772657
3.84950699 6.81502122 7.88867464 3.35788237 4.40747686 1.00772704
3.84956415 6.81501706 7.88869411 3.35785262 4.40747514 1.00772749
3.84962019 6.81501301 7.88871318 3.35782346 4.40747346 1.00772792
3.84967515 6.81500906 7.88873184 3.35779488 4.40747182 1.00772834
3.84972903 6.81500519 7.88875010 3.35776687 4.40747023 1.00772874
3.84978186 6.81500143 7.88876798 3.35773942 4.40746869 1.00772913
3.84983367 6.81499775 7.88878547 3.35771252 4.40746719 1.00772949
3.84988446 6.81499417 7.88880260 3.35768615 4.40746574 1.00772985
3.84993427 6.81499067 7.88881936 3.35766031 4.40746432 1.00773019
3.84998311 6.81498725 7.88883577 3.35763498 4.40746294 1.00773052
3.85003099 6.81498392 7.88885182 3.35761015 4.40746161 1.00773083
3.85007795 6.81498067 7.88886754 3.35758583 4.40746031 1.00773114
3.85012399 6.81497750 7.88888292 3.35756198 4.40745905 1.00773143
3.85016913 6.81497441 7.88889798 3.35753861 4.40745782 1.00773171
3.85021340 6.81497139 7.88891271 3.35751571 4.40745663 1.00773197
3.85025680 6.81496845 7.88892714 3.35749326 4.40745548 1.00773223
3.85029936 6.81496558 7.88894125 3.35747126 4.40745435 1.00773248
3.85034109 6.81496278 7.88895507 3.35744970 4.40745326 1.00773272
3.85038200 6.81496004 7.88896859 3.35742857 4.40745221 1.00773295
3.85042212 6.81495738 7.88898183 3.35740786 4.40745118 1.00773317
3.85046146 6.81495478 7.88899478 3.35738756 4.40745018 1.00773338
3.85050004 6.81495224 7.88900746 3.35736767 4.40744921 1.00773358
3.85053786 6.81494977 7.88901987 3.35734817 4.40744828 1.00773378
3.85057495 6.81494736 7.88903201 3.35732906 4.40744737 1.00773396
3.85061131 6.81494500 7.88904390 3.35731033 4.40744648 1.00773414
3.85064697 6.81494271 7.88905553 3.35729198 4.40744562 1.00773432
3.85068193 6.81494047 7.88906691 3.35727399 4.40744479 1.00773448
3.85071621 6.81493829 7.88907806 3.35725636 4.40744399 1.00773464
3.85074983 6.81493616 7.88908896 3.35723908 4.40744320 1.00773480
3.85078279 6.81493409 7.88909964 3.35722214 4.40744244 1.00773495
3.85081511 6.81493206 7.88911008 3.35720555 4.40744171 1.00773509
3.85084680 6.81493009 7.88912031 3.35718928 4.40744100 1.00773522
3.85087787 6.81492816 7.88913031 3.35717333 4.40744031 1.00773536
3.85090834 6.81492629 7.88914011 3.35715771 4.40743964 1.00773548
3.85093822 6.81492446 7.88914969 3.35714239 4.40743899 1.00773560
3.85096752 6.81492267 7.88915907 3.35712739 4.40743836 1.00773572
3.85099624 6.81492094 7.88916825 3.35711268 4.40743775 1.00773583
3.85102441 6.81491924 7.88917724 3.35709826 4.40743716 1.00773594
3.85105202 6.81491759 7.88918603 3.35708413 4.40743659 1.00773604
3.85107910 6.81491598 7.88919464 3.35707028 4.40743603 1.00773614
3.85110566 6.81491441 7.88920306 3.35705671 4.40743550 1.00773624
3.85113169 6.81491287 7.88921130 3.35704340 4.40743498 1.00773633
3.85115722 6.81491138 7.88921937 3.35703037 4.40743448 1.00773642
3.85118226 6.81490993 7.88922726 3.35701759 4.40743399 1.00773650
3.85120680 6.81490851 7.88923499 3.35700507 4.40743352 1.00773658
3.85123087 6.81490713 7.88924255 3.35699279 4.40743307 1.00773666
3.85125447 6.81490578 7.88924995 3.35698076 4.40743263 1.00773673
3.85127761 6.81490447 7.88925719 3.35696897 4.40743220 1.00773681
3.85130031 6.81490319 7.88926428 3.35695742 4.40743179 1.00773688
3.85132256 6.81490194 7.88927121 3.35694610 4.40743140 1.00773694
3.85134437 6.81490073 7.88927800 3.35693500 4.40743101 1.00773701
3.85136576 6.81489954 7.88928464 3.35692412 4.40743064 1.00773707
3.85138674 6.81489839 7.88929114 3.35691346 4.40743029 1.00773713
3.85140731 6.81489727 7.88929751 3.35690301 4.40742994 1.00773718
3.85142748 6.81489617 7.88930373 3.35689277 4.40742961 1.00773724
3.85144725 6.81489510 7.88930983 3.35688273 4.40742928 1.00773729
3.85146665 6.81489406 7.88931579 3.35687289 4.40742897 1.00773734
3.85148566 6.81489305 7.88932162 3.35686325 4.40742867 1.00773739
3.85150430 6.81489207 7.88932733 3.35685381 4.40742838 1.00773744
3.85152259 6.81489110 7.88933292 3.35684454 4.40742811 1.00773748
3.85154051 6.81489017 7.88933839 3.35683547 4.40742784 1.00773753
3.85155809 6.81488926 7.88934374 3.35682657 4.40742758 1.00773757
3.85157532 6.81488837 7.88934898 3.35681786 4.40742733 1.00773761
3.85159223 6.81488750 7.88935411 3.35680931 4.40742709 1.00773764
3.85160880 6.81488666 7.88935912 3.35680094 4.40742686 1.00773768
3.85162505 6.81488584 7.88936403 3.35679273 4.40742664 1.00773772
3.85164098 6.81488504 7.88936883 3.35678469 4.40742642 1.00773775
3.85165660 6.81488426 7.88937353 3.35677680 4.40742622 1.00773778
3.85167192 6.81488351 7.88937813 3.35676907 4.40742602 1.00773781
3.85168695 6.81488277 7.88938263 3.35676150 4.40742583 1.00773784
3.85170168 6.81488205 7.88938704 3.35675408 4.40742565 1.00773787
3.85171612 6.81488135 7.88939135 3.35674681 4.40742547 1.00773790
3.85173028 6.81488067 7.88939557 3.35673968 4.40742530 1.00773793
3.85174417 6.81488001 7.88939969 3.35673269 4.40742514 1.00773795
3.85175779 6.81487936 7.88940373 3.35672584 4.40742499 1.00773798
3.85177114 6.81487874 7.88940768 3.35671913 4.40742484 1.00773800
3.85178423 6.81487812 7.88941155 3.35671255 4.40742470 1.00773802
3.85179707 6.81487753 7.88941534 3.35670610 4.40742456 1.00773805
3.85180966 6.81487695 7.88941904 3.35669979 4.40742443 1.00773807
3.85182200 6.81487639 7.88942266 3.35669359 4.40742431 1.00773809
3.85183411 6.81487584 7.88942621 3.35668752 4.40742419 1.00773811
3.85184598 6.81487531 7.88942968 3.35668157 4.40742408 1.00773813
3.85185761 6.81487479 7.88943308 3.35667574 4.40742397 1.00773814
3.85186903 6.81487428 7.88943640 3.35667003 4.40742387 1.00773816
3.85188022 6.81487379 7.88943965 3.35666443 4.40742377 1.00773818
3.85189119 6.81487331 7.88944283 3.35665894 4.40742367 1.00773819
3.85190195 6.81487285 7.88944594 3.35665356 4.40742359 1.00773821
3.85191250 6.81487240 7.88944899 3.35664829 4.40742350 1.00773822
3.85192284 6.81487196 7.88945197 3.35664312 4.40742342 1.00773824
3.85193299 6.81487153 7.88945489 3.35663806 4.40742335 1.00773825
3.85194293 6.81487111 7.88945774 3.35663309 4.40742328 1.00773826
3.85195269 6.81487071 7.88946053 3.35662823 4.40742321 1.00773828
3.85196225 6.81487031 7.88946327 3.35662346 4.40742314 1.00773829
3.85197163 6.81486993 7.88946594 3.35661879 4.40742308 1.00773830
3.85198082 6.81486956 7.88946856 3.35661421 4.40742303 1.00773831
3.85198984 6.81486920 7.88947112 3.35660972 4.40742297 1.00773832
3.85199868 6.81486885 7.88947362 3.35660532 4.40742293 1.00773833
