3.96014581 0.49925391 0.24700354 7.75953571 3.30355511 0.00702325
3.96035474 0.49931762 0.24711799 7.75972664 3.30357829 0.00703303
3.96056393 0.49938142 0.24723258 7.75991781 3.30360150 0.00704284
3.96077339 0.49944529 0.24734731 7.76010921 3.30362473 0.00705268
3.96098310 0.49950925 0.24746219 7.76030086 3.30364799 0.00706254
3.96119309 0.49957328 0.24757721 7.76049275 3.30367129 0.00707242
3.96140333 0.49963740 0.24769238 7.76068488 3.30369461 0.00708233
3.96161384 0.49970160 0.24780769 7.76087725 3.30371796 0.00709227
3.96182462 0.49976587 0.24792315 7.76106987 3.30374134 0.00710223
3.96203566 0.49983023 0.24803876 7.76126273 3.30376475 0.00711221
3.96224697 0.49989467 0.24815451 7.76145583 3.30378819 0.00712222
3.96245854 0.49995920 0.24827040 7.76164918 3.30381166 0.00713226
3.96267038 0.50002380 0.24838645 7.76184277 3.30383516 0.00714232
3.96288250 0.50008849 0.24850264 7.76203661 3.30385868 0.00715241
3.96309488 0.50015325 0.24861897 7.76223069 3.30388224 0.00716252
3.96330753 0.50021810 0.24873546 7.76242502 3.30390583 0.00717266
3.96352045 0.50028304 0.24885209 7.76261960 3.30392945 0.00718282
3.96373364 0.50034805 0.24896888 7.76281442 3.30395309 0.00719301
3.96394711 0.50041315 0.24908581 7.76300950 3.30397677 0.00720323
3.96416084 0.50047833 0.24920289 7.76320482 3.30400048 0.00721347
3.96437485 0.50054360 0.24932012 7.76340039 3.30402422 0.00722374
3.96458914 0.50060894 0.24943750 7.76359622 3.30404799 0.00723403
3.96480369 0.50067437 0.24955503 7.76379229 3.30407179 0.00724435
3.96501853 0.50073989 0.24967271 7.76398861 3.30409561 0.00725470
3.96523364 0.50080549 0.24979054 7.76418519 3.30411947 0.00726507
3.96544902 0.50087117 0.24990852 7.76438202 3.30414336 0.00727547
3.96566468 0.50093694 0.25002666 7.76457910 3.30416728 0.00728590
3.96588062 0.50100280 0.25014495 7.76477644 3.30419124 0.00729635
3.96609684 0.50106873 0.25026339 7.76497403 3.30421522 0.00730684
3.96631334 0.50113476 0.25038198 7.76517188 3.30423923 0.00731734
3.96653011 0.50120086 0.25050072 7.76536998 3.30426327 0.00732788
3.96674717 0.50126706 0.25061962 7.76556834 3.30428735 0.00733844
3.96696451 0.50133334 0.25073867 7.76576695 3.30431146 0.00734903
3.96718213 0.50139970 0.25085788 7.76596583 3.30433559 0.00735965
3.96740003 0.50146616 0.25097724 7.76616496 3.30435976 0.00737029
3.96761821 0.50153269 0.25109676 7.76636435 3.30438396 0.00738097
3.96783668 0.50159932 0.25121643 7.76656400 3.30440819 0.00739167
3.96805543 0.50166603 0.25133626 7.76676391 3.30443245 0.00740240
3.96827447 0.50173283 0.25145625 7.76696408 3.30445675 0.00741315
3.96849380 0.50179971 0.25157639 7.76716451 3.30448107 0.00742394
3.96871341 0.50186669 0.25169668 7.76736520 3.30450543 0.00743475
3.96893330 0.50193375 0.25181714 7.76756616 3.30452982 0.00744559
3.96915349 0.50200089 0.25193775 7.76776738 3.30455424 0.00745646
3.96937396 0.50206813 0.25205852 7.76796886 3.30457869 0.00746736
3.96959473 0.50213545 0.25217945 7.76817061 3.30460318 0.00747828
3.96981578 0.50220287 0.25230054 7.76837262 3.30462769 0.00748924
3.97003712 0.50227037 0.25242179 7.76857490 3.30465224 0.00750022
3.97025876 0.50233796 0.25254320 7.76877744 3.30467682 0.00751124
3.97048069 0.50240564 0.25266476 7.76898025 3.30470144 0.00752228
3.97070291 0.50247341 0.25278649 7.76918333 3.30472608 0.00753335
3.97092542 0.50254127 0.25290838 7.76938668 3.30475076 0.00754445
3.97114823 0.50260921 0.25303043 7.76959030 3.30477547 0.00755558
3.97137133 0.50267725 0.25315264 7.76979418 3.30480021 0.00756674
3.97159473 0.50274538 0.25327501 7.76999834 3.30482499 0.00757793
3.97181843 0.50281360 0.25339755 7.77020277 3.30484980 0.00758915
3.97204242 0.50288191 0.25352025 7.77040747 3.30487464 0.00760040
3.97226671 0.50295031 0.25364311 7.77061244 3.30489951 0.00761168
3.97249130 0.50301880 0.25376613 7.77081769 3.30492442 0.00762299
3.97271619 0.50308738 0.25388932 7.77102321 3.30494936 0.00763432
3.97294138 0.50315606 0.25401268 7.77122900 3.30497434 0.00764569
3.97316687 0.50322482 0.25413619 7.77143507 3.30499934 0.00765709
3.97339266 0.50329368 0.25425988 7.77164141 3.30502438 0.00766852
3.97361875 0.50336263 0.25438373 7.77184804 3.30504946 0.00767998
3.97384515 0.50343168 0.25450774 7.77205493 3.30507456 0.00769148
3.97407185 0.50350081 0.25463192 7.77226211 3.30509970 0.00770300
3.97429886 0.50357004 0.25475627 7.77246956 3.30512488 0.00771455
3.97452617 0.50363936 0.25488079 7.77267730 3.30515009 0.00772614
3.97475378 0.50370878 0.25500547 7.77288531 3.30517533 0.00773775
3.97498171 0.50377828 0.25513032 7.77309361 3.30520061 0.00774940
3.97520994 0.50384789 0.25525534 7.77330218 3.30522592 0.00776108
3.97543848 0.50391758 0.25538053 7.77351104 3.30525126 0.00777279
3.97566733 0.50398738 0.25550589 7.77372018 3.30527664 0.00778453
3.97589649 0.50405726 0.25563142 7.77392961 3.30530205 0.00779631
3.97612596 0.50412724 0.25575712 7.77413932 3.30532750 0.00780811
3.97635574 0.50419732 0.25588299 7.77434931 3.30535298 0.00781995
3.97658584 0.50426749 0.25600903 7.77455959 3.30537850 0.00783182
3.97681625 0.50433775 0.25613524 7.77477015 3.30540405 0.00784372
3.97704697 0.50440812 0.25626163 7.77498101 3.30542963 0.00785566
3.97727800 0.50447857 0.25638819 7.77519215 3.30545525 0.00786763
3.97750936 0.50454913 0.25651492 7.77540358 3.30548091 0.00787963
3.97774102 0.50461978 0.25664182 7.77561530 3.30550660 0.00789166
3.97797301 0.50469053 0.25676890 7.77582730 3.30553232 0.00790373
3.97820531 0.50476137 0.25689615 7.77603960 3.30555808 0.00791583
3.97843794 0.50483231 0.25702357 7.77625219 3.30558388 0.00792796
3.97867088 0.50490335 0.25715117 7.77646508 3.30560971 0.00794012
3.97890414 0.50497449 0.25727895 7.77667825 3.30563557 0.00795232
3.97913773 0.50504572 0.25740690 7.77689172 3.30566148 0.00796456
3.97937163 0.50511706 0.25753503 7.77710549 3.30568741 0.00797682
3.97960586 0.50518849 0.25766334 7.77731955 3.30571339 0.00798912
3.97984042 0.50526002 0.25779182 7.77753390 3.30573939 0.00800146
3.98007529 0.50533165 0.25792048 7.77774855 3.30576544 0.00801383
3.98031050 0.50540338 0.25804932 7.77796350 3.30579152 0.00802623
3.98054603 0.50547521 0.25817834 7.77817875 3.30581764 0.00803867
3.98078188 0.50554713 0.25830753 7.77839430 3.30584379 0.00805114
3.98101807 0.50561916 0.25843691 7.77861015 3.30586998 0.00806365
3.98125458 0.50569129 0.25856647 7.77882629 3.30589620 0.00807619
3.98149142 0.50576352 0.25869620 7.77904274 3.30592246 0.00808877
3.98172860 0.50583585 0.25882612 7.77925950 3.30594876 0.00810138
3.98196610 0.50590828 0.25895622 7.77947655 3.30597510 0.00811403
3.98220394 0.50598081 0.25908650 7.77969391 3.30600147 0.00812671
3.98244211 0.50605345 0.25921697 7.77991157 3.30602788 0.00813943
3.98268061 0.50612618 0.25934762 7.78012954 3.30605432 0.00815218
3.98291945 0.50619902 0.25947845 7.78034781 3.30608081 0.00816497
3.98315862 0.50627196 0.25960946 7.78056639 3.30610733 0.00817780
3.98339813 0.50634500 0.25974066 7.78078528 3.30613388 0.00819066
3.98363798 0.50641815 0.25987204 7.78100448 3.30616048 0.00820356
3.98387817 0.50649140 0.26000361 7.78122399 3.30618711 0.00821650
3.98411870 0.50656475 0.26013537 7.78144380 3.30621378 0.00822947
3.98435956 0.50663821 0.26026731 7.78166393 3.30624048 0.00824248
3.98460077 0.50671177 0.26039944 7.78188437 3.30626723 0.00825552
3.98484232 0.50678543 0.26053175 7.78210512 3.30629401 0.00826860
3.98508421 0.50685920 0.26066426 7.78232619 3.30632083 0.00828172
3.98532645 0.50693307 0.26079695 7.78254757 3.30634769 0.00829488
3.98556903 0.50700705 0.26092983 7.78276926 3.30637458 0.00830807
3.98581195 0.50708114 0.26106290 7.78299128 3.30640152 0.00832131
3.98605522 0.50715533 0.26119616 7.78321360 3.30642849 0.00833457
3.98629884 0.50722962 0.26132961 7.78343625 3.30645550 0.00834788
3.98654281 0.50730403 0.26146325 7.78365921 3.30648255 0.00836123
3.98678713 0.50737853 0.26159708 7.78388250 3.30650964 0.00837461
3.98703179 0.50745315 0.26173110 7.78410610 3.30653676 0.00838803
3.98727681 0.50752787 0.26186532 7.78433002 3.30656393 0.00840149
3.98752218 0.50760270 0.26199972 7.78455427 3.30659113 0.00841499
3.98776791 0.50767764 0.26213433 7.78477884 3.30661838 0.00842853
3.98801398 0.50775269 0.26226912 7.78500373 3.30664566 0.00844211
3.98826042 0.50782784 0.26240411 7.78522895 3.30667298 0.00845573
3.98850720 0.50790310 0.26253930 7.78545449 3.30670034 0.00846938
3.98875435 0.50797847 0.26267468 7.78568036 3.30672774 0.00848308
3.98900185 0.50805395 0.26281025 7.78590655 3.30675518 0.00849681
3.98924971 0.50812954 0.26294603 7.78613308 3.30678266 0.00851059
3.98949793 0.50820524 0.26308200 7.78635993 3.30681018 0.00852440
3.98974651 0.50828105 0.26321816 7.78658711 3.30683774 0.00853826
3.98999545 0.50835697 0.26335453 7.78681462 3.30686534 0.00855215
3.99024476 0.50843300 0.26349109 7.78704247 3.30689298 0.00856609
3.99049443 0.50850914 0.26362786 7.78727065 3.30692066 0.00858007
3.99074446 0.50858540 0.26376482 7.78749915 3.30694838 0.00859409
3.99099486 0.50866176 0.26390198 7.78772800 3.30697614 0.00860814
3.99124562 0.50873824 0.26403934 7.78795718 3.30700394 0.00862224
3.99149676 0.50881482 0.26417691 7.78818669 3.30703178 0.00863639
3.99174826 0.50889152 0.26431468 7.78841654 3.30705966 0.00865057
3.99200013 0.50896834 0.26445265 7.78864673 3.30708758 0.00866479
3.99225237 0.50904526 0.26459082 7.78887726 3.30711554 0.00867906
3.99250498 0.50912230 0.26472919 7.78910813 3.30714355 0.00869337
3.99275797 0.50919945 0.26486777 7.78933934 3.30717160 0.00870772
3.99301133 0.50927672 0.26500656 7.78957089 3.30719968 0.00872211
3.99326506 0.50935410 0.26514555 7.78980278 3.30722781 0.00873655
3.99351917 0.50943160 0.26528474 7.79003502 3.30725598 0.00875103
3.99377365 0.50950921 0.26542414 7.79026760 3.30728419 0.00876555
3.99402852 0.50958693 0.26556375 7.79050053 3.30731245 0.00878011
3.99428376 0.50966477 0.26570357 7.79073380 3.30734074 0.00879472
3.99453938 0.50974273 0.26584359 7.79096742 3.30736908 0.00880937
3.99479538 0.50982080 0.26598382 7.79120139 3.30739746 0.00882407
3.99505177 0.50989899 0.26612427 7.79143570 3.30742588 0.00883881
3.99530853 0.50997730 0.26626492 7.79167037 3.30745434 0.00885359
3.99556569 0.51005572 0.26640578 7.79190539 3.30748285 0.00886842
3.99582322 0.51013426 0.26654685 7.79214076 3.30751140 0.00888329
3.99608114 0.51021292 0.26668814 7.79237648 3.30753999 0.00889821
3.99633945 0.51029170 0.26682963 7.79261256 3.30756862 0.00891317
3.99659815 0.51037060 0.26697134 7.79284899 3.30759730 0.00892818
3.99685724 0.51044961 0.26711326 7.79308578 3.30762602 0.00894323
3.99711672 0.51052874 0.26725540 7.79332292 3.30765478 0.00895832
3.99737658 0.51060799 0.26739775 7.79356043 3.30768359 0.00897347
3.99763685 0.51068737 0.26754031 7.79379829 3.30771244 0.00898866
3.99789750 0.51076686 0.26768310 7.79403651 3.30774133 0.00900389
3.99815855 0.51084647 0.26782609 7.79427509 3.30777027 0.00901917
3.99842000 0.51092621 0.26796931 7.79451404 3.30779925 0.00903450
3.99868184 0.51100606 0.26811274 7.79475335 3.30782827 0.00904987
3.99894408 0.51108604 0.26825639 7.79499302 3.30785734 0.00906529
3.99920672 0.51116613 0.26840026 7.79523306 3.30788646 0.00908076
3.99946976 0.51124635 0.26854435 7.79547346 3.30791561 0.00909628
3.99973321 0.51132670 0.26868865 7.79571423 3.30794481 0.00911184
3.99999705 0.51140716 0.26883318 7.79595537 3.30797406 0.00912745
4.00026130 0.51148775 0.26897793 7.79619688 3.30800335 0.00914311
4.00052595 0.51156846 0.26912290 7.79643876 3.30803268 0.00915881
4.00079101 0.51164930 0.26926810 7.79668101 3.30806206 0.00917457
4.00105648 0.51173026 0.26941352 7.79692363 3.30809149 0.00919037
4.00132236 0.51181134 0.26955916 7.79716662 3.30812096 0.00920622
4.00158864 0.51189255 0.26970502 7.79740999 3.30815048 0.00922212
4.00185534 0.51197389 0.26985111 7.79765374 3.30818004 0.00923807
4.00212245 0.51205535 0.26999743 7.79789786 3.30820964 0.00925407
4.00238997 0.51213694 0.27014397 7.79814236 3.30823929 0.00927012
4.00265790 0.51221865 0.27029074 7.79838724 3.30826899 0.00928621
4.00292625 0.51230049 0.27043774 7.79863250 3.30829874 0.00930236
4.00319502 0.51238245 0.27058496 7.79887814 3.30832853 0.00931856
4.00346421 0.51246455 0.27073241 7.79912416 3.30835836 0.00933481
4.00373381 0.51254677 0.27088010 7.79937057 3.30838824 0.00935111
4.00400384 0.51262912 0.27102801 7.79961736 3.30841817 0.00936746
4.00427428 0.51271160 0.27117616 7.79986453 3.30844815 0.00938386
4.00454515 0.51279421 0.27132453 7.80011209 3.30847817 0.00940031
4.00481645 0.51287695 0.27147314 7.80036004 3.30850824 0.00941682
4.00508816 0.51295981 0.27162198 7.80060838 3.30853835 0.00943337
4.00536031 0.51304281 0.27177106 7.80085711 3.30856852 0.00944998
4.00563288 0.51312594 0.27192037 7.80110623 3.30859873 0.00946664
4.00590588 0.51320919 0.27206991 7.80135574 3.30862898 0.00948335
4.00617932 0.51329258 0.27221969 7.80160564 3.30865929 0.00950012
4.00645318 0.51337611 0.27236971 7.80185594 3.30868964 0.00951694
4.00672747 0.51345976 0.27251996 7.80210664 3.30872004 0.00953381
4.00700220 0.51354354 0.27267045 7.80235773 3.30875049 0.00955074
4.00727737 0.51362746 0.27282118 7.80260922 3.30878099 0.00956771
4.00755297 0.51371151 0.27297215 7.80286111 3.30881153 0.00958475
4.00782901 0.51379570 0.27312336 7.80311339 3.30884212 0.00960183
4.00810549 0.51388002 0.27327481 7.80336608 3.30887277 0.00961898
4.00838241 0.51396447 0.27342650 7.80361918 3.30890346 0.00963617
4.00865977 0.51404906 0.27357843 7.80387267 3.30893420 0.00965342
4.00893757 0.51413378 0.27373060 7.80412658 3.30896498 0.00967073
4.00921582 0.51421864 0.27388302 7.80438088 3.30899582 0.00968809
4.00949451 0.51430363 0.27403568 7.80463560 3.30902671 0.00970551
4.00977365 0.51438876 0.27418859 7.80489072 3.30905764 0.00972298
4.01005324 0.51447403 0.27434174 7.80514626 3.30908863 0.00974051
4.01033328 0.51455944 0.27449514 7.80540220 3.30911966 0.00975810
4.01061376 0.51464498 0.27464878 7.80565856 3.30915075 0.00977574
4.01089471 0.51473066 0.27480268 7.80591533 3.30918188 0.00979344
4.01117610 0.51481648 0.27495682 7.80617252 3.30921307 0.00981119
4.01145795 0.51490243 0.27511121 7.80643012 3.30924430 0.00982901
4.01174026 0.51498853 0.27526585 7.80668814 3.30927559 0.00984688
4.01202302 0.51507477 0.27542074 7.80694657 3.30930692 0.00986481
4.01230624 0.51516114 0.27557589 7.80720543 3.30933831 0.00988280
4.01258993 0.51524766 0.27573128 7.80746471 3.30936975 0.00990085
4.01287407 0.51533431 0.27588693 7.80772441 3.30940124 0.00991895
4.01315868 0.51542111 0.27604283 7.80798454 3.30943278 0.00993712
4.01344375 0.51550805 0.27619899 7.80824508 3.30946437 0.00995534
4.01372929 0.51559514 0.27635540 7.80850606 3.30949601 0.00997363
4.01401530 0.51568236 0.27651207 7.80876746 3.30952770 0.00999197
4.01430177 0.51576973 0.27666899 7.80902929 3.30955945 0.01001037
4.01458872 0.51585724 0.27682617 7.80929155 3.30959125 0.01002884
4.01487613 0.51594490 0.27698362 7.80955425 3.30962310 0.01004736
4.01516402 0.51603270 0.27714132 7.80981737 3.30965500 0.01006595
4.01545239 0.51612064 0.27729928 7.81008093 3.30968696 0.01008460
4.01574123 0.51620873 0.27745750 7.81034493 3.30971896 0.01010331
4.01603055 0.51629697 0.27761598 7.81060936 3.30975102 0.01012208
4.01632035 0.51638535 0.27777472 7.81087423 3.30978314 0.01014091
4.01661062 0.51647387 0.27793373 7.81113953 3.30981530 0.01015981
4.01690138 0.51656255 0.27809300 7.81140528 3.30984752 0.01017877
4.01719263 0.51665137 0.27825254 7.81167147 3.30987979 0.01019779
4.01748435 0.51674034 0.27841234 7.81193811 3.30991212 0.01021687
4.01777657 0.51682946 0.27857241 7.81220519 3.30994450 0.01023602
4.01806927 0.51691873 0.27873274 7.81247271 3.30997694 0.01025524
4.01836246 0.51700814 0.27889335 7.81274068 3.31000942 0.01027451
4.01865614 0.51709771 0.27905422 7.81300911 3.31004197 0.01029386
4.01895032 0.51718743 0.27921536 7.81327798 3.31007456 0.01031326
4.01924499 0.51727729 0.27937678 7.81354730 3.31010721 0.01033274
4.01954015 0.51736731 0.27953846 7.81381708 3.31013992 0.01035227
4.01983581 0.51745748 0.27970042 7.81408731 3.31017268 0.01037188
4.02013197 0.51754781 0.27986265 7.81435799 3.31020550 0.01039155
4.02042863 0.51763828 0.28002515 7.81462914 3.31023837 0.01041129
4.02072579 0.51772891 0.28018793 7.81490074 3.31027129 0.01043109
4.02102346 0.51781969 0.28035098 7.81517280 3.31030428 0.01045096
4.02132163 0.51791062 0.28051431 7.81544533 3.31033731 0.01047090
4.02162030 0.51800171 0.28067792 7.81571831 3.31037041 0.01049090
4.02191949 0.51809296 0.28084181 7.81599177 3.31040356 0.01051098
4.02221918 0.51818436 0.28100597 7.81626568 3.31043676 0.01053112
4.02251938 0.51827591 0.28117042 7.81654007 3.31047003 0.01055133
4.02282010 0.51836763 0.28133514 7.81681492 3.31050335 0.01057161
4.02312133 0.51845949 0.28150015 7.81709025 3.31053672 0.01059196
4.02342308 0.51855152 0.28166544 7.81736604 3.31057016 0.01061238
4.02372534 0.51864371 0.28183101 7.81764231 3.31060365 0.01063287
4.02402813 0.51873605 0.28199687 7.81791906 3.31063719 0.01065343
4.02433143 0.51882855 0.28216302 7.81819628 3.31067080 0.01067406
4.02463526 0.51892121 0.28232945 7.81847398 3.31070446 0.01069477
4.02493961 0.51901403 0.28249616 7.81875215 3.31073818 0.01071554
4.02524449 0.51910701 0.28266317 7.81903081 3.31077196 0.01073639
4.02554990 0.51920016 0.28283046 7.81930995 3.31080580 0.01075730
4.02585583 0.51929346 0.28299805 7.81958958 3.31083969 0.01077829
4.02616230 0.51938693 0.28316592 7.81986969 3.31087365 0.01079936
4.02646930 0.51948055 0.28333409 7.82015029 3.31090766 0.01082050
4.02677683 0.51957435 0.28350255 7.82043138 3.31094173 0.01084171
4.02708490 0.51966830 0.28367130 7.82071295 3.31097587 0.01086299
4.02739351 0.51976242 0.28384035 7.82099502 3.31101006 0.01088435
4.02770265 0.51985670 0.28400970 7.82127758 3.31104431 0.01090578
4.02801234 0.51995115 0.28417934 7.82156064 3.31107862 0.01092729
4.02832257 0.52004577 0.28434927 7.82184419 3.31111299 0.01094888
4.02863335 0.52014055 0.28451951 7.82212825 3.31114742 0.01097054
4.02894467 0.52023549 0.28469004 7.82241280 3.31118191 0.01099228
4.02925654 0.52033061 0.28486088 7.82269785 3.31121646 0.01101409
4.02956896 0.52042589 0.28503202 7.82298341 3.31125107 0.01103598
4.02988194 0.52052134 0.28520346 7.82326947 3.31128575 0.01105795
4.03019546 0.52061696 0.28537520 7.82355604 3.31132048 0.01107999
4.03050955 0.52071275 0.28554725 7.82384311 3.31135528 0.01110212
4.03082419 0.52080871 0.28571960 7.82413070 3.31139013 0.01112432
4.03113939 0.52090484 0.28589226 7.82441879 3.31142505 0.01114660
4.03145515 0.52100114 0.28606523 7.82470740 3.31146003 0.01116896
4.03177147 0.52109761 0.28623850 7.82499653 3.31149508 0.01119141
4.03208836 0.52119426 0.28641208 7.82528617 3.31153018 0.01121393
4.03240581 0.52129107 0.28658598 7.82557633 3.31156535 0.01123653
4.03272383 0.52138807 0.28676018 7.82586700 3.31160058 0.01125921
4.03304243 0.52148523 0.28693470 7.82615821 3.31163588 0.01128198
4.03336159 0.52158257 0.28710953 7.82644993 3.31167123 0.01130482
4.03368133 0.52168008 0.28728468 7.82674218 3.31170665 0.01132775
4.03400165 0.52177777 0.28746014 7.82703495 3.31174214 0.01135076
4.03432254 0.52187564 0.28763592 7.82732826 3.31177769 0.01137386
4.03464401 0.52197368 0.28781202 7.82762209 3.31181330 0.01139704
4.03496607 0.52207191 0.28798843 7.82791646 3.31184897 0.01142030
4.03528871 0.52217030 0.28816516 7.82821135 3.31188471 0.01144365
4.03561193 0.52226888 0.28834222 7.82850679 3.31192052 0.01146708
4.03593574 0.52236764 0.28851960 7.82880276 3.31195639 0.01149060
4.03626015 0.52246658 0.28869730 7.82909927 3.31199233 0.01151420
4.03658514 0.52256569 0.28887532 7.82939633 3.31202833 0.01153789
4.03691073 0.52266499 0.28905367 7.82969392 3.31206439 0.01156166
4.03723691 0.52276447 0.28923235 7.82999206 3.31210052 0.01158553
4.03756369 0.52286413 0.28941135 7.83029075 3.31213672 0.01160948
4.03789107 0.52296398 0.28959068 7.83058998 3.31217299 0.01163351
4.03821905 0.52306401 0.28977034 7.83088977 3.31220932 0.01165764
4.03854764 0.52316422 0.28995033 7.83119011 3.31224572 0.01168186
4.03887683 0.52326462 0.29013066 7.83149100 3.31228218 0.01170616
4.03920663 0.52336520 0.29031131 7.83179245 3.31231871 0.01173056
4.03953704 0.52346597 0.29049230 7.83209445 3.31235531 0.01175504
4.03986806 0.52356693 0.29067363 7.83239701 3.31239198 0.01177962
4.04019969 0.52366807 0.29085529 7.83270014 3.31242871 0.01180429
4.04053194 0.52376940 0.29103729 7.83300383 3.31246551 0.01182905
4.04086481 0.52387092 0.29121963 7.83330808 3.31250238 0.01185390
4.04119830 0.52397263 0.29140231 7.83361291 3.31253932 0.01187884
4.04153242 0.52407453 0.29158533 7.83391830 3.31257633 0.01190388
4.04186715 0.52417662 0.29176869 7.83422426 3.31261341 0.01192901
4.04220252 0.52427890 0.29195239 7.83453080 3.31265056 0.01195424
4.04253851 0.52438137 0.29213644 7.83483791 3.31268777 0.01197956
4.04287513 0.52448404 0.29232084 7.83514559 3.31272506 0.01200497
4.04321239 0.52458689 0.29250558 7.83545386 3.31276241 0.01203049
4.04355028 0.52468995 0.29269067 7.83576271 3.31279984 0.01205609
4.04388881 0.52479319 0.29287611 7.83607214 3.31283733 0.01208180
4.04422798 0.52489663 0.29306190 7.83638216 3.31287490 0.01210760
4.04456780 0.52500027 0.29324804 7.83669276 3.31291254 0.01213350
4.04490825 0.52510411 0.29343453 7.83700395 3.31295025 0.01215950
4.04524936 0.52520814 0.29362138 7.83731574 3.31298803 0.01218560
4.04559111 0.52531237 0.29380859 7.83762811 3.31302588 0.01221179
4.04593351 0.52541679 0.29399615 7.83794109 3.31306380 0.01223809
4.04627657 0.52552142 0.29418407 7.83825466 3.31310180 0.01226449
4.04662028 0.52562625 0.29437234 7.83856883 3.31313986 0.01229098
4.04696465 0.52573128 0.29456098 7.83888360 3.31317801 0.01231758
4.04730968 0.52583651 0.29474998 7.83919898 3.31321622 0.01234429
4.04765538 0.52594194 0.29493935 7.83951496 3.31325451 0.01237109
4.04800174 0.52604757 0.29512907 7.83983155 3.31329287 0.01239800
4.04834876 0.52615341 0.29531917 7.84014875 3.31333130 0.01242501
4.04869646 0.52625945 0.29550963 7.84046656 3.31336981 0.01245213
4.04904483 0.52636570 0.29570046 7.84078499 3.31340839 0.01247935
4.04939387 0.52647215 0.29589165 7.84110404 3.31344705 0.01250667
4.04974359 0.52657881 0.29608322 7.84142370 3.31348578 0.01253411
4.05009399 0.52668568 0.29627516 7.84174398 3.31352459 0.01256165
4.05044507 0.52679276 0.29646748 7.84206489 3.31356347 0.01258929
4.05079684 0.52690004 0.29666017 7.84238643 3.31360243 0.01261705
4.05114929 0.52700753 0.29685323 7.84270859 3.31364146 0.01264491
4.05150243 0.52711524 0.29704668 7.84303138 3.31368057 0.01267289
4.05185627 0.52722315 0.29724050 7.84335481 3.31371975 0.01270097
4.05221080 0.52733128 0.29743470 7.84367887 3.31375902 0.01272916
4.05256602 0.52743961 0.29762928 7.84400356 3.31379836 0.01275747
4.05292194 0.52754817 0.29782425 7.84432890 3.31383777 0.01278588
4.05327857 0.52765693 0.29801960 7.84465488 3.31387727 0.01281441
4.05363590 0.52776591 0.29821534 7.84498150 3.31391684 0.01284305
4.05399393 0.52787511 0.29841146 7.84530877 3.31395649 0.01287180
4.05435268 0.52798452 0.29860798 7.84563668 3.31399622 0.01290067
4.05471214 0.52809415 0.29880488 7.84596525 3.31403602 0.01292965
4.05507231 0.52820400 0.29900217 7.84629447 3.31407591 0.01295875
4.05543320 0.52831407 0.29919986 7.84662435 3.31411588 0.01298797
4.05579481 0.52842435 0.29939794 7.84695489 3.31415592 0.01301730
4.05615714 0.52853486 0.29959642 7.84728608 3.31419604 0.01304675
4.05652020 0.52864559 0.29979529 7.84761794 3.31423625 0.01307631
4.05688398 0.52875654 0.29999456 7.84795047 3.31427653 0.01310600
4.05724850 0.52886771 0.30019424 7.84828366 3.31431690 0.01313580
4.05761374 0.52897911 0.30039431 7.84861752 3.31435734 0.01316573
4.05797973 0.52909073 0.30059479 7.84895206 3.31439787 0.01319577
4.05834645 0.52920257 0.30079567 7.84928727 3.31443848 0.01322594
4.05871391 0.52931465 0.30099696 7.84962316 3.31447917 0.01325623
4.05908212 0.52942694 0.30119866 7.84995973 3.31451995 0.01328664
4.05945108 0.52953947 0.30140076 7.85029698 3.31456080 0.01331718
4.05982078 0.52965223 0.30160328 7.85063492 3.31460174 0.01334783
4.06019124 0.52976521 0.30180620 7.85097355 3.31464276 0.01337862
4.06056245 0.52987843 0.30200955 7.85131286 3.31468387 0.01340953
4.06093442 0.52999187 0.30221330 7.85165287 3.31472505 0.01344057
4.06130715 0.53010555 0.30241748 7.85199358 3.31476633 0.01347173
4.06168065 0.53021946 0.30262207 7.85233498 3.31480768 0.01350302
4.06205491 0.53033361 0.30282708 7.85267709 3.31484913 0.01353444
4.06242994 0.53044799 0.30303251 7.85301990 3.31489065 0.01356599
4.06280574 0.53056261 0.30323837 7.85336341 3.31493226 0.01359767
4.06318232 0.53067746 0.30344465 7.85370764 3.31497396 0.01362949
4.06355968 0.53079255 0.30365136 7.85405258 3.31501574 0.01366143
4.06393782 0.53090788 0.30385849 7.85439823 3.31505761 0.01369350
4.06431674 0.53102345 0.30406606 7.85474459 3.31509957 0.01372571
4.06469645 0.53113925 0.30427405 7.85509168 3.31514161 0.01375806
4.06507695 0.53125530 0.30448248 7.85543949 3.31518374 0.01379053
4.06545824 0.53137159 0.30469135 7.85578803 3.31522596 0.01382315
4.06584033 0.53148813 0.30490065 7.85613729 3.31526827 0.01385590
4.06622322 0.53160490 0.30511039 7.85648729 3.31531066 0.01388878
4.06660691 0.53172192 0.30532056 7.85683802 3.31535314 0.01392181
4.06699141 0.53183919 0.30553118 7.85718948 3.31539572 0.01395497
4.06737671 0.53195671 0.30574224 7.85754169 3.31543838 0.01398827
4.06776283 0.53207447 0.30595375 7.85789463 3.31548113 0.01402172
4.06814976 0.53219248 0.30616570 7.85824833 3.31552397 0.01405530
4.06853751 0.53231074 0.30637810 7.85860277 3.31556690 0.01408903
4.06892608 0.53242925 0.30659095 7.85895796 3.31560992 0.01412290
4.06931548 0.53254801 0.30680425 7.85931390 3.31565303 0.01415692
4.06970570 0.53266703 0.30701801 7.85967060 3.31569624 0.01419108
4.07009676 0.53278629 0.30723222 7.86002806 3.31573953 0.01422538
4.07048864 0.53290582 0.30744689 7.86038629 3.31578292 0.01425983
4.07088137 0.53302559 0.30766201 7.86074528 3.31582640 0.01429443
4.07127493 0.53314563 0.30787760 7.86110504 3.31586997 0.01432918
4.07166934 0.53326592 0.30809365 7.86146557 3.31591364 0.01436408
4.07206460 0.53338647 0.30831016 7.86182687 3.31595740 0.01439913
4.07246071 0.53350728 0.30852714 7.86218896 3.31600125 0.01443432
4.07285767 0.53362835 0.30874458 7.86255182 3.31604520 0.01446967
4.07325549 0.53374968 0.30896250 7.86291547 3.31608924 0.01450518
4.07365417 0.53387128 0.30918089 7.86327990 3.31613338 0.01454083
4.07405371 0.53399313 0.30939975 7.86364513 3.31617761 0.01457665
4.07445412 0.53411525 0.30961908 7.86401114 3.31622194 0.01461261
4.07485540 0.53423764 0.30983889 7.86437796 3.31626637 0.01464874
4.07525756 0.53436030 0.31005919 7.86474557 3.31631089 0.01468502
4.07566059 0.53448322 0.31027996 7.86511399 3.31635551 0.01472146
4.07606451 0.53460641 0.31050121 7.86548321 3.31640022 0.01475806
4.07646931 0.53472987 0.31072295 7.86585324 3.31644504 0.01479482
4.07687499 0.53485360 0.31094518 7.86622409 3.31648995 0.01483174
4.07728158 0.53497761 0.31116790 7.86659575 3.31653496 0.01486883
4.07768905 0.53510189 0.31139110 7.86696823 3.31658007 0.01490608
4.07809743 0.53522644 0.31161480 7.86734153 3.31662527 0.01494349
4.07850671 0.53535126 0.31183899 7.86771566 3.31667058 0.01498107
4.07891689 0.53547637 0.31206368 7.86809062 3.31671599 0.01501882
4.07932799 0.53560175 0.31228887 7.86846641 3.31676150 0.01505673
4.07974000 0.53572741 0.31251456 7.86884303 3.31680711 0.01509481
4.08015292 0.53585335 0.31274075 7.86922049 3.31685282 0.01513307
4.08056677 0.53597957 0.31296745 7.86959880 3.31689863 0.01517149
4.08098155 0.53610607 0.31319465 7.86997795 3.31694454 0.01521009
4.08139725 0.53623286 0.31342237 7.87035796 3.31699056 0.01524885
4.08181388 0.53635993 0.31365059 7.87073881 3.31703668 0.01528780
4.08223146 0.53648729 0.31387933 7.87112052 3.31708290 0.01532692
4.08264997 0.53661493 0.31410858 7.87150310 3.31712923 0.01536621
4.08306942 0.53674286 0.31433835 7.87188653 3.31717566 0.01540568
4.08348983 0.53687109 0.31456863 7.87227083 3.31722220 0.01544534
4.08391119 0.53699960 0.31479944 7.87265601 3.31726884 0.01548517
4.08433350 0.53712840 0.31503078 7.87304206 3.31731559 0.01552518
4.08475677 0.53725750 0.31526264 7.87342898 3.31736244 0.01556538
4.08518101 0.53738689 0.31549502 7.87381679 3.31740940 0.01560575
4.08560621 0.53751657 0.31572794 7.87420548 3.31745646 0.01564632
4.08603239 0.53764655 0.31596139 7.87459506 3.31750364 0.01568707
4.08645955 0.53777683 0.31619538 7.87498554 3.31755092 0.01572800
4.08688768 0.53790741 0.31642990 7.87537691 3.31759831 0.01576912
4.08731680 0.53803829 0.31666496 7.87576918 3.31764580 0.01581044
4.08774690 0.53816947 0.31690056 7.87616235 3.31769341 0.01585194
4.08817800 0.53830096 0.31713671 7.87655644 3.31774113 0.01589364
4.08861010 0.53843274 0.31737340 7.87695143 3.31778895 0.01593553
4.08904320 0.53856484 0.31761064 7.87734734 3.31783689 0.01597761
4.08947730 0.53869724 0.31784843 7.87774417 3.31788494 0.01601989
4.08991241 0.53882994 0.31808677 7.87814192 3.31793310 0.01606237
4.09034854 0.53896296 0.31832567 7.87854060 3.31798137 0.01610504
4.09078568 0.53909629 0.31856513 7.87894021 3.31802975 0.01614791
4.09122385 0.53922993 0.31880515 7.87934076 3.31807825 0.01619099
4.09166304 0.53936388 0.31904573 7.87974224 3.31812686 0.01623427
4.09210327 0.53949815 0.31928687 7.88014467 3.31817558 0.01627775
4.09254453 0.53963273 0.31952859 7.88054804 3.31822442 0.01632143
4.09298683 0.53976763 0.31977087 7.88095237 3.31827338 0.01636533
4.09343017 0.53990285 0.32001372 7.88135765 3.31832244 0.01640943
4.09387457 0.54003839 0.32025715 7.88176389 3.31837163 0.01645374
4.09432002 0.54017425 0.32050116 7.88217110 3.31842093 0.01649825
4.09476652 0.54031043 0.32074574 7.88257927 3.31847035 0.01654299
4.09521409 0.54044694 0.32099091 7.88298842 3.31851988 0.01658793
4.09566273 0.54058377 0.32123666 7.88339854 3.31856953 0.01663309
4.09611244 0.54072093 0.32148300 7.88380964 3.31861930 0.01667847
4.09656322 0.54085842 0.32172993 7.88422172 3.31866919 0.01672406
4.09701509 0.54099624 0.32197746 7.88463480 3.31871920 0.01676987
4.09746804 0.54113439 0.32222557 7.88504887 3.31876933 0.01681591
4.09792209 0.54127287 0.32247429 7.88546393 3.31881958 0.01686216
4.09837723 0.54141169 0.32272360 7.88588000 3.31886995 0.01690864
4.09883347 0.54155084 0.32297352 7.88629707 3.31892044 0.01695534
4.09929082 0.54169033 0.32322404 7.88671516 3.31897106 0.01700228
4.09974927 0.54183016 0.32347518 7.88713426 3.31902179 0.01704944
4.10020884 0.54197033 0.32372692 7.88755438 3.31907265 0.01709682
4.10066954 0.54211084 0.32397927 7.88797553 3.31912363 0.01714445
4.10113135 0.54225169 0.32423225 7.88839770 3.31917474 0.01719230
4.10159430 0.54239289 0.32448584 7.88882091 3.31922597 0.01724039
4.10205838 0.54253443 0.32474005 7.88924515 3.31927733 0.01728871
4.10252360 0.54267633 0.32499489 7.88967044 3.31932881 0.01733727
4.10298997 0.54281857 0.32525036 7.89009678 3.31938042 0.01738608
4.10345749 0.54296116 0.32550645 7.89052417 3.31943216 0.01743512
4.10392617 0.54310411 0.32576318 7.89095261 3.31948402 0.01748441
4.10439600 0.54324740 0.32602055 7.89138212 3.31953601 0.01753394
4.10486700 0.54339106 0.32627855 7.89181269 3.31958814 0.01758371
4.10533918 0.54353507 0.32653719 7.89224434 3.31964039 0.01763374
4.10581253 0.54367944 0.32679648 7.89267706 3.31969277 0.01768402
4.10628706 0.54382418 0.32705642 7.89311086 3.31974528 0.01773454
4.10676278 0.54396927 0.32731701 7.89354575 3.31979792 0.01778532
4.10723969 0.54411473 0.32757825 7.89398173 3.31985069 0.01783636
4.10771780 0.54426055 0.32784015 7.89441880 3.31990360 0.01788765
4.10819711 0.54440674 0.32810271 7.89485698 3.31995663 0.01793920
4.10867764 0.54455330 0.32836592 7.89529626 3.32000981 0.01799101
4.10915938 0.54470023 0.32862981 7.89573665 3.32006311 0.01804309
4.10964233 0.54484754 0.32889436 7.89617816 3.32011655 0.01809543
4.11012652 0.54499521 0.32915959 7.89662079 3.32017013 0.01814803
4.11061194 0.54514327 0.32942549 7.89706455 3.32022384 0.01820090
4.11109859 0.54529170 0.32969207 7.89750944 3.32027769 0.01825405
4.11158649 0.54544050 0.32995932 7.89795546 3.32033167 0.01830746
4.11207564 0.54558969 0.33022727 7.89840263 3.32038580 0.01836115
4.11256604 0.54573927 0.33049590 7.89885095 3.32044006 0.01841512
4.11305770 0.54588923 0.33076522 7.89930041 3.32049446 0.01846936
4.11355063 0.54603957 0.33103523 7.89975104 3.32054900 0.01852388
4.11404483 0.54619030 0.33130595 7.90020283 3.32060368 0.01857869
4.11454031 0.54634142 0.33157736 7.90065579 3.32065851 0.01863378
4.11503707 0.54649294 0.33184947 7.90110992 3.32071347 0.01868915
4.11553513 0.54664484 0.33212230 7.90156524 3.32076858 0.01874482
4.11603448 0.54679715 0.33239583 7.90202174 3.32082383 0.01880077
4.11653513 0.54694985 0.33267007 7.90247943 3.32087922 0.01885702
4.11703709 0.54710295 0.33294504 7.90293832 3.32093476 0.01891356
4.11754037 0.54725645 0.33322072 7.90339841 3.32099044 0.01897040
4.11804497 0.54741035 0.33349713 7.90385971 3.32104627 0.01902753
4.11855090 0.54756466 0.33377426 7.90432222 3.32110224 0.01908497
4.11905816 0.54771938 0.33405213 7.90478596 3.32115837 0.01914271
4.11956676 0.54787450 0.33433073 7.90525092 3.32121464 0.01920076
4.12007671 0.54803004 0.33461007 7.90571711 3.32127106 0.01925912
4.12058801 0.54818599 0.33489015 7.90618454 3.32132762 0.01931778
4.12110067 0.54834235 0.33517097 7.90665321 3.32138434 0.01937676
4.12161470 0.54849913 0.33545254 7.90712313 3.32144121 0.01943606
4.12213010 0.54865633 0.33573487 7.90759431 3.32149823 0.01949567
4.12264689 0.54881395 0.33601795 7.90806675 3.32155541 0.01955560
4.12316505 0.54897199 0.33630179 7.90854046 3.32161273 0.01961585
4.12368461 0.54913046 0.33658639 7.90901544 3.32167021 0.01967643
4.12420558 0.54928936 0.33687176 7.90949171 3.32172785 0.01973734
4.12472794 0.54944868 0.33715790 7.90996926 3.32178564 0.01979857
4.12525172 0.54960844 0.33744482 7.91044810 3.32184358 0.01986014
4.12577693 0.54976863 0.33773251 7.91092824 3.32190168 0.01992204
4.12630356 0.54992925 0.33802099 7.91140969 3.32195994 0.01998428
4.12683162 0.55009031 0.33831025 7.91189245 3.32201836 0.02004686
4.12736113 0.55025181 0.33860030 7.91237653 3.32207694 0.02010978
4.12789208 0.55041376 0.33889114 7.91286193 3.32213568 0.02017305
4.12842449 0.55057615 0.33918279 7.91334866 3.32219457 0.02023666
4.12895837 0.55073898 0.33947523 7.91383674 3.32225363 0.02030062
4.12949372 0.55090226 0.33976848 7.91432616 3.32231286 0.02036494
4.13003054 0.55106600 0.34006254 7.91481693 3.32237224 0.02042962
4.13056885 0.55123018 0.34035741 7.91530905 3.32243179 0.02049465
4.13110865 0.55139483 0.34065310 7.91580255 3.32249150 0.02056004
4.13164995 0.55155993 0.34094961 7.91629741 3.32255138 0.02062580
4.13219276 0.55172549 0.34124695 7.91679366 3.32261143 0.02069192
4.13273709 0.55189151 0.34154512 7.91729129 3.32267164 0.02075842
4.13328294 0.55205800 0.34184412 7.91779031 3.32273202 0.02082529
4.13383032 0.55222495 0.34214396 7.91829074 3.32279257 0.02089253
4.13437923 0.55239237 0.34244465 7.91879257 3.32285329 0.02096015
4.13492970 0.55256027 0.34274618 7.91929582 3.32291418 0.02102816
4.13548172 0.55272864 0.34304856 7.91980048 3.32297524 0.02109655
4.13603530 0.55289748 0.34335180 7.92030658 3.32303647 0.02116532
4.13659045 0.55306681 0.34365590 7.92081411 3.32309788 0.02123449
4.13714718 0.55323661 0.34396086 7.92132309 3.32315946 0.02130405
4.13770550 0.55340690 0.34426670 7.92183351 3.32322122 0.02137401
4.13826541 0.55357768 0.34457340 7.92234540 3.32328315 0.02144437
4.13882692 0.55374895 0.34488099 7.92285875 3.32334526 0.02151514
4.13939005 0.55392070 0.34518945 7.92337358 3.32340755 0.02158631
4.13995479 0.55409296 0.34549881 7.92388988 3.32347001 0.02165789
4.14052117 0.55426570 0.34580905 7.92440768 3.32353266 0.02172988
4.14108918 0.55443895 0.34612020 7.92492697 3.32359548 0.02180230
4.14165883 0.55461270 0.34643224 7.92544776 3.32365849 0.02187513
4.14223014 0.55478695 0.34674519 7.92597007 3.32372168 0.02194838
4.14280311 0.55496171 0.34705905 7.92649390 3.32378505 0.02202207
4.14337775 0.55513698 0.34737382 7.92701926 3.32384861 0.02209618
4.14395408 0.55531277 0.34768952 7.92754615 3.32391235 0.02217073
4.14453209 0.55548906 0.34800614 7.92807459 3.32397628 0.02224571
4.14511179 0.55566588 0.34832369 7.92860458 3.32404040 0.02232114
4.14569321 0.55584322 0.34864217 7.92913613 3.32410470 0.02239701
4.14627634 0.55602108 0.34896160 7.92966925 3.32416920 0.02247334
4.14686120 0.55619946 0.34928197 7.93020395 3.32423388 0.02255011
4.14744779 0.55637838 0.34960329 7.93074024 3.32429876 0.02262734
4.14803612 0.55655782 0.34992556 7.93127812 3.32436383 0.02270503
4.14862621 0.55673781 0.35024880 7.93181760 3.32442909 0.02278318
4.14921805 0.55691832 0.35057300 7.93235869 3.32449454 0.02286181
4.14981167 0.55709938 0.35089817 7.93290141 3.32456020 0.02294090
4.15040708 0.55728099 0.35122432 7.93344575 3.32462604 0.02302047
4.15100427 0.55746314 0.35155144 7.93399173 3.32469209 0.02310052
4.15160326 0.55764584 0.35187956 7.93453936 3.32475833 0.02318105
4.15220406 0.55782909 0.35220866 7.93508864 3.32482478 0.02326207
4.15280669 0.55801289 0.35253877 7.93563959 3.32489142 0.02334358
4.15341114 0.55819726 0.35286987 7.93619221 3.32495827 0.02342559
4.15401744 0.55838218 0.35320199 7.93674652 3.32502532 0.02350810
4.15462558 0.55856767 0.35353511 7.93730252 3.32509257 0.02359112
4.15523559 0.55875373 0.35386926 7.93786021 3.32516003 0.02367464
4.15584746 0.55894036 0.35420443 7.93841962 3.32522770 0.02375868
4.15646122 0.55912756 0.35454063 7.93898076 3.32529557 0.02384323
4.15707687 0.55931534 0.35487787 7.93954362 3.32536365 0.02392831
4.15769442 0.55950370 0.35521615 7.94010822 3.32543194 0.02401391
4.15831388 0.55969264 0.35555547 7.94067457 3.32550044 0.02410005
4.15893527 0.55988217 0.35589585 7.94124267 3.32556916 0.02418672
4.15955859 0.56007229 0.35623729 7.94181255 3.32563809 0.02427393
4.16018385 0.56026301 0.35657980 7.94238421 3.32570723 0.02436169
4.16081107 0.56045431 0.35692338 7.94295765 3.32577659 0.02445000
4.16144026 0.56064622 0.35726803 7.94353290 3.32584616 0.02453886
4.16207143 0.56083874 0.35761377 7.94410995 3.32591596 0.02462829
4.16270458 0.56103186 0.35796059 7.94468882 3.32598597 0.02471828
4.16333974 0.56122559 0.35830852 7.94526952 3.32605620 0.02480883
4.16397691 0.56141993 0.35865754 7.94585206 3.32612666 0.02489997
4.16461610 0.56161489 0.35900768 7.94643646 3.32619734 0.02499168
4.16525732 0.56181047 0.35935892 7.94702271 3.32626824 0.02508398
4.16590059 0.56200668 0.35971129 7.94761083 3.32633937 0.02517687
4.16654592 0.56220351 0.36006479 7.94820084 3.32641072 0.02527035
4.16719332 0.56240098 0.36041942 7.94879274 3.32648231 0.02536444
4.16784280 0.56259908 0.36077519 7.94938654 3.32655412 0.02545913
4.16849438 0.56279782 0.36113210 7.94998226 3.32662617 0.02555444
4.16914806 0.56299720 0.36149018 7.95057991 3.32669844 0.02565036
4.16980386 0.56319723 0.36184941 7.95117949 3.32677095 0.02574690
4.17046179 0.56339790 0.36220980 7.95178102 3.32684370 0.02584408
4.17112186 0.56359923 0.36257138 7.95238451 3.32691668 0.02594189
4.17178409 0.56380122 0.36293413 7.95298997 3.32698990 0.02604034
4.17244849 0.56400387 0.36329807 7.95359742 3.32706336 0.02613943
4.17311507 0.56420719 0.36366321 7.95420686 3.32713706 0.02623918
4.17378384 0.56441117 0.36402954 7.95481831 3.32721100 0.02633958
4.17445482 0.56461583 0.36439709 7.95543177 3.32728519 0.02644065
4.17512802 0.56482117 0.36476585 7.95604727 3.32735962 0.02654239
4.17580345 0.56502718 0.36513583 7.95666480 3.32743429 0.02664481
4.17648112 0.56523388 0.36550705 7.95728440 3.32750922 0.02674791
4.17716106 0.56544127 0.36587950 7.95790605 3.32758439 0.02685170
4.17784327 0.56564936 0.36625320 7.95852979 3.32765981 0.02695618
4.17852777 0.56585814 0.36662815 7.95915562 3.32773549 0.02706137
4.17921456 0.56606762 0.36700436 7.95978355 3.32781142 0.02716727
4.17990368 0.56627781 0.36738184 7.96041360 3.32788761 0.02727388
4.18059512 0.56648871 0.36776059 7.96104578 3.32796405 0.02738121
4.18128890 0.56670033 0.36814063 7.96168010 3.32804075 0.02748927
4.18198504 0.56691266 0.36852196 7.96231658 3.32811771 0.02759807
4.18268355 0.56712571 0.36890458 7.96295522 3.32819493 0.02770761
4.18338444 0.56733950 0.36928852 7.96359605 3.32827241 0.02781790
4.18408773 0.56755401 0.36967377 7.96423907 3.32835016 0.02792895
4.18479344 0.56776927 0.37006034 7.96488430 3.32842818 0.02804076
4.18550158 0.56798526 0.37044824 7.96553175 3.32850646 0.02815335
4.18621217 0.56820200 0.37083748 7.96618144 3.32858502 0.02826671
4.18692521 0.56841949 0.37122806 7.96683338 3.32866384 0.02838086
4.18764072 0.56863773 0.37162001 7.96748758 3.32874294 0.02849580
4.18835873 0.56885674 0.37201331 7.96814405 3.32882231 0.02861155
4.18907924 0.56907651 0.37240799 7.96880282 3.32890196 0.02872811
4.18980228 0.56929704 0.37280405 7.96946390 3.32898189 0.02884548
4.19052785 0.56951835 0.37320150 7.97012729 3.32906209 0.02896368
4.19125597 0.56974044 0.37360035 7.97079302 3.32914258 0.02908271
4.19198666 0.56996332 0.37400061 7.97146110 3.32922335 0.02920259
4.19271994 0.57018698 0.37440228 7.97213155 3.32930441 0.02932332
4.19345582 0.57041144 0.37480537 7.97280437 3.32938575 0.02944490
4.19419432 0.57063669 0.37520990 7.97347959 3.32946738 0.02956735
4.19493545 0.57086275 0.37561588 7.97415722 3.32954931 0.02969068
4.19567923 0.57108962 0.37602330 7.97483727 3.32963152 0.02981489
4.19642568 0.57131730 0.37643219 7.97551976 3.32971403 0.02994000
4.19717481 0.57154580 0.37684255 7.97620471 3.32979683 0.03006601
4.19792665 0.57177512 0.37725438 7.97689213 3.32987994 0.03019293
4.19868121 0.57200527 0.37766771 7.97758203 3.32996334 0.03032077
4.19943850 0.57223626 0.37808254 7.97827444 3.33004705 0.03044954
4.20019855 0.57246809 0.37849887 7.97896937 3.33013105 0.03057925
4.20096137 0.57270077 0.37891673 7.97966684 3.33021537 0.03070991
4.20172698 0.57293429 0.37933611 7.98036686 3.33029999 0.03084153
4.20249540 0.57316868 0.37975704 7.98106944 3.33038492 0.03097411
4.20326665 0.57340392 0.38017951 7.98177462 3.33047017 0.03110768
4.20404075 0.57364004 0.38060354 7.98248239 3.33055573 0.03124223
4.20481771 0.57387702 0.38102914 7.98319279 3.33064160 0.03137778
4.20559755 0.57411489 0.38145631 7.98390582 3.33072779 0.03151434
4.20638029 0.57435364 0.38188508 7.98462151 3.33081430 0.03165192
4.20716596 0.57459329 0.38231545 7.98533987 3.33090114 0.03179053
4.20795457 0.57483383 0.38274743 7.98606092 3.33098829 0.03193018
4.20874613 0.57507527 0.38318103 7.98678468 3.33107578 0.03207088
4.20954068 0.57531763 0.38361626 7.98751116 3.33116359 0.03221264
4.21033823 0.57556089 0.38405314 7.98824039 3.33125174 0.03235548
4.21113880 0.57580508 0.38449167 7.98897238 3.33134021 0.03249940
4.21194240 0.57605020 0.38493187 7.98970715 3.33142903 0.03264442
4.21274907 0.57629625 0.38537374 7.99044472 3.33151818 0.03279054
4.21355883 0.57654324 0.38581730 7.99118511 3.33160767 0.03293779
4.21437168 0.57679118 0.38626257 7.99192834 3.33169750 0.03308616
4.21518766 0.57704007 0.38670954 7.99267442 3.33178767 0.03323568
4.21600678 0.57728992 0.38715823 7.99342338 3.33187820 0.03338636
4.21682907 0.57754074 0.38760866 7.99417524 3.33196907 0.03353820
4.21765455 0.57779253 0.38806084 7.99493001 3.33206029 0.03369123
4.21848323 0.57804529 0.38851477 7.99568772 3.33215187 0.03384544
4.21931515 0.57829905 0.38897048 7.99644839 3.33224381 0.03400087
4.22015033 0.57855379 0.38942797 7.99721203 3.33233610 0.03415751
4.22098878 0.57880954 0.38988725 7.99797867 3.33242875 0.03431539
4.22183053 0.57906629 0.39034834 7.99874833 3.33252177 0.03447451
4.22267560 0.57932406 0.39081125 7.99952102 3.33261516 0.03463489
4.22352402 0.57958285 0.39127599 8.00029678 3.33270891 0.03479655
4.22437581 0.57984266 0.39174258 8.00107562 3.33280304 0.03495949
4.22523099 0.58010351 0.39221103 8.00185756 3.33289754 0.03512374
4.22608959 0.58036540 0.39268135 8.00264263 3.33299241 0.03528930
4.22695163 0.58062835 0.39315355 8.00343084 3.33308767 0.03545620
4.22781714 0.58089235 0.39362765 8.00422223 3.33318330 0.03562443
4.22868613 0.58115741 0.39410367 8.00501680 3.33327933 0.03579403
4.22955864 0.58142355 0.39458161 8.00581460 3.33337574 0.03596501
4.23043469 0.58169076 0.39506149 8.00661563 3.33347254 0.03613738
4.23131431 0.58195907 0.39554332 8.00741992 3.33356973 0.03631115
4.23219751 0.58222847 0.39602712 8.00822749 3.33366732 0.03648635
4.23308434 0.58249897 0.39651290 8.00903837 3.33376531 0.03666298
4.23397480 0.58277058 0.39700067 8.00985259 3.33386370 0.03684108
4.23486894 0.58304332 0.39749046 8.01067016 3.33396249 0.03702064
4.23576677 0.58331718 0.39798227 8.01149111 3.33406169 0.03720169
4.23666832 0.58359217 0.39847611 8.01231547 3.33416131 0.03738425
4.23757363 0.58386831 0.39897202 8.01314325 3.33426133 0.03756833
4.23848271 0.58414561 0.39946999 8.01397450 3.33436177 0.03775395
4.23939559 0.58442406 0.39997005 8.01480922 3.33446263 0.03794113
4.24031231 0.58470368 0.40047220 8.01564745 3.33456392 0.03812989
4.24123289 0.58498448 0.40097647 8.01648921 3.33466563 0.03832024
4.24215737 0.58526647 0.40148287 8.01733452 3.33476777 0.03851221
4.24308576 0.58554965 0.40199142 8.01818343 3.33487034 0.03870581
4.24401809 0.58583404 0.40250214 8.01903594 3.33497334 0.03890106
4.24495441 0.58611964 0.40301503 8.01989209 3.33507679 0.03909798
4.24589473 0.58640647 0.40353011 8.02075191 3.33518068 0.03929659
4.24683909 0.58669452 0.40404741 8.02161542 3.33528501 0.03949691
4.24778752 0.58698382 0.40456693 8.02248265 3.33538979 0.03969897
4.24874005 0.58727436 0.40508870 8.02335363 3.33549502 0.03990277
4.24969671 0.58756617 0.40561274 8.02422839 3.33560071 0.04010835
4.25065752 0.58785924 0.40613905 8.02510695 3.33570685 0.04031572
4.25162254 0.58815360 0.40666766 8.02598935 3.33581346 0.04052491
4.25259177 0.58844924 0.40719858 8.02687561 3.33592053 0.04073594
4.25356526 0.58874619 0.40773184 8.02776577 3.33602808 0.04094882
4.25454305 0.58904444 0.40826744 8.02865985 3.33613609 0.04116359
4.25552515 0.58934401 0.40880541 8.02955789 3.33624459 0.04138026
4.25651162 0.58964491 0.40934577 8.03045991 3.33635356 0.04159886
4.25750247 0.58994714 0.40988854 8.03136594 3.33646302 0.04181941
4.25849775 0.59025073 0.41043373 8.03227603 3.33657296 0.04204194
4.25949748 0.59055568 0.41098136 8.03319019 3.33668340 0.04226647
4.26050172 0.59086200 0.41153145 8.03410846 3.33679433 0.04249302
4.26151047 0.59116970 0.41208402 8.03503088 3.33690576 0.04272163
4.26252380 0.59147879 0.41263910 8.03595747 3.33701769 0.04295231
4.26354173 0.59178929 0.41319669 8.03688826 3.33713014 0.04318509
4.26456429 0.59210120 0.41375683 8.03782330 3.33724309 0.04342000
4.26559153 0.59241454 0.41431952 8.03876262 3.33735656 0.04365706
4.26662347 0.59272931 0.41488480 8.03970625 3.33747054 0.04389631
4.26766017 0.59304554 0.41545267 8.04065421 3.33758505 0.04413776
4.26870166 0.59336322 0.41602317 8.04160656 3.33770009 0.04438145
4.26974797 0.59368238 0.41659631 8.04256332 3.33781566 0.04462741
4.27079914 0.59400302 0.41717212 8.04352453 3.33793177 0.04487566
4.27185522 0.59432515 0.41775061 8.04449023 3.33804842 0.04512623
4.27291624 0.59464880 0.41833182 8.04546045 3.33816561 0.04537916
4.27398225 0.59497396 0.41891575 8.04643523 3.33828335 0.04563448
4.27505328 0.59530066 0.41950243 8.04741460 3.33840165 0.04589220
4.27612937 0.59562890 0.42009189 8.04839861 3.33852050 0.04615238
4.27721058 0.59595870 0.42068414 8.04938728 3.33863992 0.04641503
4.27829693 0.59629007 0.42127922 8.05038067 3.33875990 0.04668019
4.27938847 0.59662303 0.42187714 8.05137881 3.33888046 0.04694790
4.28048525 0.59695758 0.42247793 8.05238173 3.33900159 0.04721818
4.28158731 0.59729375 0.42308161 8.05338949 3.33912330 0.04749107
4.28269469 0.59763153 0.42368820 8.05440211 3.33924561 0.04776661
4.28380744 0.59797095 0.42429774 8.05541964 3.33936850 0.04804482
4.28492559 0.59831203 0.42491024 8.05644212 3.33949199 0.04832575
4.28604921 0.59865477 0.42552572 8.05746959 3.33961608 0.04860944
4.28717833 0.59899919 0.42614423 8.05850210 3.33974078 0.04889591
4.28831300 0.59934530 0.42676577 8.05953968 3.33986609 0.04918521
4.28945326 0.59969312 0.42739038 8.06058238 3.33999201 0.04947737
4.29059917 0.60004266 0.42801808 8.06163025 3.34011856 0.04977243
4.29175078 0.60039393 0.42864890 8.06268332 3.34024574 0.05007044
4.29290812 0.60074696 0.42928286 8.06374165 3.34037355 0.05037143
4.29407126 0.60110176 0.42992000 8.06480527 3.34050199 0.05067544
4.29524023 0.60145834 0.43056033 8.06587423 3.34063108 0.05098251
4.29641510 0.60181671 0.43120390 8.06694859 3.34076082 0.05129269
4.29759591 0.60217690 0.43185071 8.06802838 3.34089122 0.05160602
4.29878272 0.60253891 0.43250082 8.06911365 3.34102227 0.05192255
4.29997557 0.60290277 0.43315423 8.07020445 3.34115400 0.05224230
4.30117452 0.60326850 0.43381099 8.07130083 3.34128639 0.05256535
4.30237962 0.60363609 0.43447111 8.07240285 3.34141946 0.05289171
4.30359094 0.60400559 0.43513464 8.07351053 3.34155322 0.05322146
4.30480851 0.60437699 0.43580159 8.07462395 3.34168767 0.05355462
4.30603240 0.60475032 0.43647201 8.07574315 3.34182281 0.05389126
4.30726267 0.60512559 0.43714592 8.07686817 3.34195865 0.05423141
4.30849936 0.60550283 0.43782335 8.07799908 3.34209521 0.05457513
4.30974255 0.60588205 0.43850433 8.07913592 3.34223248 0.05492247
4.31099228 0.60626326 0.43918890 8.08027876 3.34237047 0.05527349
4.31224861 0.60664649 0.43987709 8.08142763 3.34250919 0.05562823
4.31351161 0.60703175 0.44056893 8.08258260 3.34264864 0.05598674
4.31478134 0.60741906 0.44126445 8.08374372 3.34278883 0.05634909
4.31605785 0.60780844 0.44196369 8.08491105 3.34292977 0.05671532
4.31734121 0.60819991 0.44266669 8.08608464 3.34307147 0.05708550
4.31863148 0.60859350 0.44337346 8.08726456 3.34321393 0.05745969
4.31992873 0.60898920 0.44408406 8.08845086 3.34335716 0.05783793
4.32123302 0.60938706 0.44479852 8.08964359 3.34350116 0.05822029
4.32254440 0.60978708 0.44551686 8.09084282 3.34364594 0.05860683
4.32386296 0.61018929 0.44623913 8.09204861 3.34379152 0.05899762
4.32518876 0.61059371 0.44696537 8.09326102 3.34393789 0.05939271
4.32652185 0.61100035 0.44769561 8.09448011 3.34408507 0.05979217
4.32786232 0.61140925 0.44842988 8.09570594 3.34423306 0.06019607
4.32921023 0.61182041 0.44916823 8.09693858 3.34438187 0.06060446
4.33056565 0.61223387 0.44991070 8.09817809 3.34453150 0.06101743
4.33192866 0.61264964 0.45065732 8.09942453 3.34468198 0.06143503
4.33329931 0.61306774 0.45140813 8.10067798 3.34483329 0.06185734
4.33467769 0.61348820 0.45216317 8.10193849 3.34498546 0.06228443
4.33606388 0.61391104 0.45292248 8.10320614 3.34513849 0.06271637
4.33745793 0.61433628 0.45368611 8.10448099 3.34529238 0.06315324
4.33885994 0.61476395 0.45445409 8.10576311 3.34544715 0.06359511
4.34026997 0.61519406 0.45522647 8.10705258 3.34560281 0.06404206
4.34168810 0.61562665 0.45600329 8.10834945 3.34575935 0.06449417
4.34311442 0.61606174 0.45678459 8.10965382 3.34591680 0.06495152
4.34454900 0.61649934 0.45757041 8.11096573 3.34607516 0.06541418
4.34599192 0.61693949 0.45836081 8.11228528 3.34623444 0.06588225
4.34744326 0.61738221 0.45915582 8.11361254 3.34639465 0.06635580
4.34890311 0.61782752 0.45995549 8.11494757 3.34655579 0.06683493
4.35037155 0.61827545 0.46075986 8.11629046 3.34671788 0.06731971
4.35184866 0.61872603 0.46156898 8.11764129 3.34688093 0.06781025
4.35333453 0.61917929 0.46238290 8.11900013 3.34704494 0.06830663
4.35482925 0.61963524 0.46320167 8.12036706 3.34720992 0.06880894
4.35633290 0.62009391 0.46402533 8.12174216 3.34737589 0.06931729
4.35784558 0.62055534 0.46485394 8.12312552 3.34754286 0.06983176
4.35936737 0.62101955 0.46568754 8.12451722 3.34771082 0.07035245
4.36089837 0.62148657 0.46652618 8.12591733 3.34787981 0.07087947
4.36243866 0.62195643 0.46736991 8.12732596 3.34804981 0.07141292
4.36398835 0.62242915 0.46821879 8.12874317 3.34822085 0.07195290
4.36554753 0.62290476 0.46907287 8.13016906 3.34839294 0.07249952
4.36711628 0.62338330 0.46993219 8.13160372 3.34856608 0.07305289
4.36869472 0.62386479 0.47079682 8.13304724 3.34874029 0.07361312
4.37028294 0.62434927 0.47166681 8.13449970 3.34891558 0.07418032
4.37188105 0.62483676 0.47254220 8.13596120 3.34909196 0.07475460
4.37348913 0.62532730 0.47342307 8.13743184 3.34926943 0.07533609
4.37510730 0.62582091 0.47430946 8.13891170 3.34944802 0.07592491
4.37673566 0.62631763 0.47520143 8.14040088 3.34962773 0.07652117
4.37837431 0.62681749 0.47609905 8.14189948 3.34980857 0.07712501
4.38002337 0.62732053 0.47700236 8.14340759 3.34999056 0.07773655
4.38168294 0.62782677 0.47791143 8.14492532 3.35017370 0.07835591
4.38335313 0.62833625 0.47882631 8.14645277 3.35035802 0.07898324
4.38503405 0.62884901 0.47974708 8.14799004 3.35054352 0.07961866
4.38672582 0.62936508 0.48067379 8.14953722 3.35073021 0.08026233
4.38842856 0.62988449 0.48160650 8.15109444 3.35091812 0.08091436
4.39014236 0.63040728 0.48254528 8.15266178 3.35110724 0.08157492
4.39186737 0.63093348 0.48349019 8.15423937 3.35129759 0.08224415
4.39360368 0.63146314 0.48444130 8.15582731 3.35148919 0.08292219
4.39535143 0.63199628 0.48539867 8.15742570 3.35168206 0.08360920
4.39711074 0.63253295 0.48636238 8.15903467 3.35187619 0.08430534
4.39888173 0.63307319 0.48733248 8.16065433 3.35207161 0.08501077
4.40066453 0.63361702 0.48830905 8.16228479 3.35226833 0.08572564
4.40245926 0.63416450 0.48929215 8.16392616 3.35246637 0.08645013
4.40426606 0.63471566 0.49028187 8.16557857 3.35266573 0.08718440
4.40608505 0.63527054 0.49127827 8.16724214 3.35286644 0.08792863
4.40791637 0.63582918 0.49228142 8.16891698 3.35306851 0.08868299
4.40976015 0.63639162 0.49329139 8.17060323 3.35327194 0.08944767
4.41161653 0.63695790 0.49430827 8.17230100 3.35347677 0.09022284
4.41348565 0.63752808 0.49533212 8.17401043 3.35368300 0.09100870
4.41536765 0.63810218 0.49636303 8.17573163 3.35389065 0.09180544
4.41726267 0.63868025 0.49740107 8.17746474 3.35409973 0.09261326
4.41917085 0.63926234 0.49844633 8.17920990 3.35431026 0.09343234
4.42109234 0.63984848 0.49949887 8.18096724 3.35452226 0.09426291
4.42302729 0.64043874 0.50055878 8.18273688 3.35473574 0.09510517
4.42497585 0.64103315 0.50162615 8.18451898 3.35495072 0.09595933
4.42693817 0.64163175 0.50270106 8.18631366 3.35516721 0.09682561
4.42891440 0.64223460 0.50378359 8.18812107 3.35538524 0.09770423
4.43090471 0.64284174 0.50487383 8.18994135 3.35560482 0.09859542
4.43290924 0.64345322 0.50597186 8.19177465 3.35582596 0.09949942
4.43492816 0.64406910 0.50707777 8.19362112 3.35604869 0.10041645
4.43696164 0.64468941 0.50819165 8.19548089 3.35627302 0.10134677
4.43900983 0.64531421 0.50931360 8.19735413 3.35649897 0.10229061
4.44107291 0.64594356 0.51044370 8.19924099 3.35672657 0.10324824
4.44315104 0.64657749 0.51158204 8.20114162 3.35695582 0.10421991
4.44524439 0.64721607 0.51272873 8.20305617 3.35718674 0.10520589
4.44735315 0.64785935 0.51388385 8.20498481 3.35741936 0.10620644
4.44947748 0.64850738 0.51504750 8.20692771 3.35765370 0.10722185
4.45161756 0.64916022 0.51621978 8.20888501 3.35788977 0.10825238
4.45377358 0.64981792 0.51740079 8.21085689 3.35812760 0.10929834
4.45594572 0.65048053 0.51859063 8.21284352 3.35836720 0.11036001
4.45813416 0.65114812 0.51978940 8.21484506 3.35860860 0.11143770
4.46033910 0.65182074 0.52099721 8.21686169 3.35885181 0.11253171
4.46256071 0.65249845 0.52221415 8.21889358 3.35909686 0.11364236
4.46479921 0.65318131 0.52344034 8.22094091 3.35934377 0.11476996
4.46705478 0.65386938 0.52467588 8.22300386 3.35959256 0.11591485
4.46932762 0.65456272 0.52592088 8.22508261 3.35984325 0.11707736
4.47161793 0.65526139 0.52717545 8.22717735 3.36009587 0.11825783
4.47392591 0.65596545 0.52843971 8.22928825 3.36035043 0.11945661
4.47625178 0.65667496 0.52971376 8.23141551 3.36060696 0.12067405
4.47859574 0.65739000 0.53099771 8.23355932 3.36086548 0.12191053
4.48095799 0.65811061 0.53229170 8.23571988 3.36112602 0.12316641
4.48333877 0.65883688 0.53359582 8.23789737 3.36138860 0.12444208
4.48573828 0.65956886 0.53491021 8.24009200 3.36165324 0.12573792
4.48815673 0.66030662 0.53623498 8.24230397 3.36191996 0.12705434
4.49059437 0.66105024 0.53757025 8.24453348 3.36218880 0.12839173
4.49305140 0.66179977 0.53891614 8.24678073 3.36245977 0.12975051
4.49552806 0.66255529 0.54027279 8.24904594 3.36273291 0.13113111
4.49802457 0.66331686 0.54164031 8.25132932 3.36300823 0.13253397
4.50054118 0.66408457 0.54301884 8.25363108 3.36328576 0.13395951
4.50307811 0.66485848 0.54440851 8.25595143 3.36356553 0.13540819
4.50563560 0.66563866 0.54580944 8.25829059 3.36384757 0.13688049
4.50821391 0.66642519 0.54722176 8.26064879 3.36413189 0.13837685
4.51081326 0.66721814 0.54864561 8.26302624 3.36441853 0.13989778
4.51343390 0.66801759 0.55008114 8.26542318 3.36470752 0.14144375
4.51607610 0.66882361 0.55152846 8.26783983 3.36499888 0.14301527
4.51874009 0.66963628 0.55298772 8.27027643 3.36529264 0.14461285
4.52142613 0.67045568 0.55445907 8.27273319 3.36558883 0.14623702
4.52413449 0.67128188 0.55594263 8.27521037 3.36588747 0.14788831
4.52686541 0.67211497 0.55743856 8.27770820 3.36618860 0.14956725
4.52961917 0.67295503 0.55894699 8.28022692 3.36649224 0.15127442
4.53239603 0.67380214 0.56046808 8.28276677 3.36679843 0.15301038
4.53519626 0.67465637 0.56200197 8.28532800 3.36710719 0.15477570
4.53802013 0.67551782 0.56354881 8.28791085 3.36741855 0.15657097
4.54086790 0.67638656 0.56510875 8.29051558 3.36773254 0.15839680
4.54373987 0.67726268 0.56668193 8.29314244 3.36804919 0.16025381
4.54663629 0.67814626 0.56826852 8.29579168 3.36836854 0.16214261
4.54955747 0.67903740 0.56986866 8.29846356 3.36869061 0.16406385
4.55250367 0.67993617 0.57148251 8.30115833 3.36901544 0.16601818
4.55547518 0.68084266 0.57311022 8.30387626 3.36934305 0.16800626
4.55847229 0.68175696 0.57475196 8.30661762 3.36967348 0.17002877
4.56149529 0.68267916 0.57640788 8.30938265 3.37000676 0.17208639
4.56454447 0.68360934 0.57807813 8.31217164 3.37034293 0.17417982
4.56762011 0.68454761 0.57976289 8.31498484 3.37068200 0.17630979
4.57072253 0.68549403 0.58146231 8.31782253 3.37102402 0.17847702
4.57385200 0.68644872 0.58317655 8.32068498 3.37136902 0.18068224
4.57700883 0.68741175 0.58490578 8.32357245 3.37171704 0.18292621
4.58019332 0.68838321 0.58665015 8.32648523 3.37206809 0.18520969
4.58340576 0.68936321 0.58840984 8.32942358 3.37242222 0.18753346
4.58664645 0.69035182 0.59018501 8.33238779 3.37277947 0.18989832
4.58991571 0.69134915 0.59197582 8.33537812 3.37313985 0.19230506
4.59321382 0.69235529 0.59378244 8.33839485 3.37350342 0.19475450
4.59654110 0.69337032 0.59560503 8.34143827 3.37387019 0.19724746
4.59989784 0.69439434 0.59744376 8.34450864 3.37424020 0.19978480
4.60328435 0.69542744 0.59929880 8.34760625 3.37461349 0.20236735
4.60670092 0.69646971 0.60117030 8.35073136 3.37499009 0.20499599
4.61014787 0.69752126 0.60305845 8.35388426 3.37537003 0.20767158
4.61362549 0.69858215 0.60496339 8.35706523 3.37575335 0.21039501
4.61713408 0.69965250 0.60688531 8.36027453 3.37614008 0.21316719
4.62067394 0.70073239 0.60882435 8.36351244 3.37653025 0.21598901
4.62424537 0.70182191 0.61078068 8.36677923 3.37692389 0.21886139
4.62784866 0.70292115 0.61275446 8.37007517 3.37732103 0.22178526
4.63148410 0.70403020 0.61474586 8.37340053 3.37772172 0.22476155
4.63515199 0.70514915 0.61675503 8.37675557 3.37812598 0.22779120
4.63885261 0.70627808 0.61878213 8.38014056 3.37853383 0.23087517
4.64258624 0.70741708 0.62082731 8.38355575 3.37894532 0.23401440
4.64635316 0.70856625 0.62289072 8.38700140 3.37936048 0.23720985
4.65015365 0.70972565 0.62497253 8.39047776 3.37977933 0.24046251
4.65398797 0.71089538 0.62707286 8.39398508 3.38020190 0.24377332
4.65785639 0.71207550 0.62919188 8.39752359 3.38062822 0.24714326
4.66175916 0.71326611 0.63132971 8.40109354 3.38105832 0.25057331
4.66569654 0.71446728 0.63348650 8.40469515 3.38149223 0.25406444
4.66966877 0.71567908 0.63566238 8.40832864 3.38192997 0.25761761
4.67367609 0.71690159 0.63785748 8.41199424 3.38237158 0.26123380
4.67771871 0.71813487 0.64007192 8.41569214 3.38281707 0.26491396
4.68179687 0.71937899 0.64230582 8.41942256 3.38326647 0.26865906
4.68591077 0.72063401 0.64455931 8.42318567 3.38371980 0.27247004
4.69006061 0.72190000 0.64683247 8.42698166 3.38417708 0.27634784
4.69424657 0.72317701 0.64912543 8.43081071 3.38463834 0.28029339
4.69846883 0.72446509 0.65143827 8.43467297 3.38510359 0.28430759
4.70272755 0.72576430 0.65377107 8.43856858 3.38557285 0.28839135
4.70702287 0.72707467 0.65612394 8.44249769 3.38604614 0.29254553
4.71135494 0.72839626 0.65849692 8.44646042 3.38652347 0.29677099
4.71572386 0.72972909 0.66089010 8.45045687 3.38700486 0.30106857
4.72012974 0.73107319 0.66330352 8.45448713 3.38749031 0.30543906
4.72457267 0.73242860 0.66573723 8.45855129 3.38797984 0.30988323
4.72905270 0.73379533 0.66819127 8.46264940 3.38847344 0.31440183
4.73356989 0.73517340 0.67066566 8.46678151 3.38897114 0.31899555
4.73812425 0.73656281 0.67316042 8.47094764 3.38947292 0.32366505
4.74271581 0.73796356 0.67567555 8.47514779 3.38997879 0.32841096
4.74734452 0.73937566 0.67821103 8.47938194 3.39048875 0.33323385
4.75201037 0.74079908 0.68076685 8.48365007 3.39100280 0.33813423
4.75671327 0.74223380 0.68334297 8.48795211 3.39152092 0.34311256
4.76145314 0.74367981 0.68593934 8.49228797 3.39204310 0.34816926
4.76622986 0.74513706 0.68855590 8.49665754 3.39256934 0.35330466
4.77104328 0.74660551 0.69119256 8.50106070 3.39309961 0.35851905
4.77589323 0.74808510 0.69384922 8.50549728 3.39363390 0.36381262
4.78077949 0.74957577 0.69652578 8.50996710 3.39417218 0.36918550
4.78570184 0.75107745 0.69922211 8.51446992 3.39471443 0.37463773
4.79066000 0.75259006 0.70193805 8.51900552 3.39526062 0.38016928
4.79565366 0.75411350 0.70467344 8.52357361 3.39581071 0.38578003
4.80068250 0.75564767 0.70742810 8.52817388 3.39636467 0.39146974
4.80574613 0.75719246 0.71020181 8.53280599 3.39692245 0.39723810
4.81084414 0.75874773 0.71299436 8.53746956 3.39748402 0.40308468
4.81597608 0.76031336 0.71580550 8.54216418 3.39804931 0.40900895
4.82114147 0.76188920 0.71863496 8.54688940 3.39861828 0.41501027
4.82633978 0.76347508 0.72148245 8.55164475 3.39919087 0.42108787
4.83157043 0.76507083 0.72434765 8.55642969 3.39976701 0.42724088
4.83683282 0.76667626 0.72723024 8.56124368 3.40034664 0.43346829
4.84212629 0.76829117 0.73012986 8.56608610 3.40092969 0.43976897
4.84745014 0.76991535 0.73304611 8.57095634 3.40151607 0.44614165
4.85280364 0.77154858 0.73597861 8.57585369 3.40210571 0.45258493
4.85818599 0.77319062 0.73892691 8.58077746 3.40269852 0.45909729
4.86359637 0.77484120 0.74189057 8.58572688 3.40329441 0.46567703
4.86903390 0.77650007 0.74486909 8.59070114 3.40389329 0.47232234
4.87449766 0.77816694 0.74786199 8.59569940 3.40449504 0.47903126
4.87998667 0.77984152 0.75086872 8.60072078 3.40509957 0.48580167
4.88549994 0.78152350 0.75388873 8.60576436 3.40570676 0.49263131
4.89103639 0.78321255 0.75692144 8.61082915 3.40631649 0.49951779
4.89659492 0.78490834 0.75996625 8.61591416 3.40692865 0.50645856
4.90217439 0.78661052 0.76302253 8.62101832 3.40754311 0.51345090
4.90777359 0.78831872 0.76608961 8.62614054 3.40815973 0.52049200
4.91339128 0.79003257 0.76916683 8.63127970 3.40877839 0.52757885
4.91902619 0.79175166 0.77225347 8.63643461 3.40939893 0.53470833
4.92467698 0.79347560 0.77534882 8.64160406 3.41002121 0.54187719
4.93034230 0.79520398 0.77845211 8.64678681 3.41064508 0.54908203
4.93602072 0.79693635 0.78156259 8.65198155 3.41127039 0.55631933
4.94171081 0.79867229 0.78467946 8.65718698 3.41189697 0.56358544
4.94741107 0.80041133 0.78780191 8.66240173 3.41252467 0.57087660
4.95312000 0.80215302 0.79092910 8.66762441 3.41315331 0.57818895
4.95883604 0.80389687 0.79406018 8.67285361 3.41378273 0.58551850
4.96455760 0.80564241 0.79719429 8.67808787 3.41441275 0.59286120
4.97028307 0.80738915 0.80033054 8.68332571 3.41504319 0.60021289
4.97601080 0.80913658 0.80346803 8.68856563 3.41567387 0.60756934
4.98173914 0.81088419 0.80660585 8.69380611 3.41630462 0.61492627
4.98746638 0.81263147 0.80974307 8.69904561 3.41693523 0.62227931
4.99319084 0.81437790 0.81287876 8.70428255 3.41756553 0.62962408
4.99891077 0.81612295 0.81601198 8.70951537 3.41819533 0.63695614
5.00462444 0.81786609 0.81914177 8.71474248 3.41882442 0.64427106
5.01033011 0.81960679 0.82226717 8.71996226 3.41945263 0.65156437
5.01602601 0.82134452 0.82538722 8.72517313 3.42007976 0.65883161
5.02171039 0.82307873 0.82850096 8.73037346 3.42070561 0.66606835
5.02738148 0.82480888 0.83160742 8.73556164 3.42132999 0.67327017
5.03303753 0.82653445 0.83470564 8.74073606 3.42195271 0.68043269
5.03867677 0.82825490 0.83779465 8.74589513 3.42257357 0.68755160
5.04429747 0.82996968 0.84087351 8.75103723 3.42319238 0.69462264
5.04989789 0.83167828 0.84394126 8.75616079 3.42380896 0.70164163
5.05547631 0.83338017 0.84699696 8.76126423 3.42442310 0.70860447
5.06103103 0.83507483 0.85003967 8.76634599 3.42503463 0.71550717
5.06656037 0.83676175 0.85306848 8.77140455 3.42564336 0.72234584
5.07206267 0.83844042 0.85608248 8.77643838 3.42624910 0.72911673
5.07753632 0.84011035 0.85908079 8.78144599 3.42685169 0.73581620
5.08297970 0.84177105 0.86206251 8.78642593 3.42745093 0.74244076
5.08839127 0.84342204 0.86502681 8.79137677 3.42804667 0.74898705
5.09376948 0.84506285 0.86797284 8.79629710 3.42863873 0.75545189
5.09911286 0.84669304 0.87089978 8.80118557 3.42922695 0.76183225
5.10441995 0.84831216 0.87380685 8.80604084 3.42981116 0.76812527
5.10968935 0.84991978 0.87669327 8.81086164 3.43039123 0.77432826
5.11491969 0.85151549 0.87955830 8.81564672 3.43096699 0.78043872
5.12010967 0.85309889 0.88240122 8.82039487 3.43153829 0.78645430
5.12525803 0.85466958 0.88522133 8.82510495 3.43210502 0.79237289
5.13036353 0.85622720 0.88801797 8.82977583 3.43266701 0.79819250
5.13542503 0.85777140 0.89079051 8.83440646 3.43322416 0.80391139
5.14044142 0.85930184 0.89353834 8.83899582 3.43377634 0.80952796
5.14541163 0.86081819 0.89626087 8.84354295 3.43432343 0.81504083
5.15033467 0.86232015 0.89895756 8.84804693 3.43486533 0.82044879
5.15520960 0.86380743 0.90162790 8.85250689 3.43540192 0.82575080
5.16003552 0.86527976 0.90427139 8.85692202 3.43593311 0.83094604
5.16481160 0.86673689 0.90688758 8.86129155 3.43645881 0.83603384
5.16953706 0.86817857 0.90947605 8.86561479 3.43697894 0.84101370
5.17421119 0.86960459 0.91203639 8.86989106 3.43749341 0.84588532
5.17883332 0.87101475 0.91456825 8.87411977 3.43800215 0.85064853
5.18340284 0.87240886 0.91707129 8.87830035 3.43850510 0.85530334
5.18791920 0.87378676 0.91954521 8.88243229 3.43900219 0.85984990
5.19238190 0.87514828 0.92198973 8.88651515 3.43949337 0.86428853
5.19679049 0.87649329 0.92440462 8.89054851 3.43997859 0.86861968
5.20114459 0.87782168 0.92678966 8.89453202 3.44045781 0.87284391
5.20544385 0.87913334 0.92914466 8.89846537 3.44093099 0.87696195
5.20968799 0.88042819 0.93146947 8.90234829 3.44139810 0.88097462
5.21387678 0.88170615 0.93376395 8.90618057 3.44185912 0.88488286
5.21801001 0.88296716 0.93602800 8.90996203 3.44231401 0.88868773
5.22208755 0.88421118 0.93826155 8.91369254 3.44276277 0.89239037
5.22610931 0.88543818 0.94046454 8.91737201 3.44320539 0.89599202
5.23007523 0.88664814 0.94263694 8.92100041 3.44364186 0.89949401
5.23398531 0.88784107 0.94477875 8.92457771 3.44407218 0.90289774
5.23783957 0.88901697 0.94688999 8.92810396 3.44449636 0.90620468
5.24163810 0.89017587 0.94897069 8.93157922 3.44491439 0.90941637
5.24538099 0.89131780 0.95102093 8.93500358 3.44532631 0.91253441
5.24906842 0.89244280 0.95304078 8.93837720 3.44573211 0.91556044
5.25270055 0.89355093 0.95503033 8.94170022 3.44613182 0.91849615
5.25627760 0.89464226 0.95698972 8.94497287 3.44652547 0.92134327
5.25979983 0.89571687 0.95891908 8.94819535 3.44691309 0.92410356
5.26326751 0.89677483 0.96081856 8.95136794 3.44729470 0.92677882
5.26668096 0.89781625 0.96268833 8.95449091 3.44767033 0.92937085
5.27004051 0.89884122 0.96452857 8.95756456 3.44804003 0.93188148
5.27334652 0.89984986 0.96633949 8.96058924 3.44840384 0.93431256
5.27659938 0.90084229 0.96812129 8.96356529 3.44876180 0.93666593
5.27979950 0.90181862 0.96987420 8.96649308 3.44911395 0.93894345
5.28294730 0.90277900 0.97159845 8.96937302 3.44946034 0.94114698
5.28604324 0.90372355 0.97329429 8.97220551 3.44980102 0.94327836
5.28908778 0.90465242 0.97496199 8.97499098 3.45013604 0.94533944
5.29208142 0.90556576 0.97660179 8.97772988 3.45046546 0.94733205
5.29502465 0.90646372 0.97821398 8.98042266 3.45078932 0.94925800
5.29791798 0.90734646 0.97979884 8.98306979 3.45110770 0.95111911
5.30076195 0.90821414 0.98135666 8.98567176 3.45142064 0.95291716
5.30355710 0.90906693 0.98288774 8.98822906 3.45172820 0.95465392
5.30630397 0.90990499 0.98439237 8.99074220 3.45203046 0.95633112
5.30900313 0.91072849 0.98587087 8.99321168 3.45232745 0.95795048
5.31165515 0.91153760 0.98732354 8.99563804 3.45261926 0.95951369
5.31426061 0.91233252 0.98875071 8.99802180 3.45290595 0.96102243
5.31682008 0.91311340 0.99015269 9.00036348 3.45318757 0.96247832
5.31933416 0.91388044 0.99152980 9.00266365 3.45346420 0.96388297
5.32180345 0.91463381 0.99288238 9.00492283 3.45373589 0.96523796
5.32422854 0.91537370 0.99421075 9.00714157 3.45400272 0.96654482
5.32661004 0.91610028 0.99551524 9.00932043 3.45426475 0.96780507
5.32894854 0.91681375 0.99679617 9.01145996 3.45452205 0.96902019
5.33124467 0.91751429 0.99805389 9.01356071 3.45477469 0.97019162
5.33349901 0.91820209 0.99928873 9.01562324 3.45502272 0.97132077
5.33571219 0.91887732 1.00050101 9.01764810 3.45526622 0.97240902
5.33788480 0.91954018 1.00169108 9.01963585 3.45550526 0.97345771
5.34001746 0.92019085 1.00285926 9.02158705 3.45573990 0.97446816
5.34211077 0.92082951 1.00400588 9.02350225 3.45597022 0.97544163
5.34416533 0.92145635 1.00513128 9.02538200 3.45619626 0.97637937
5.34618175 0.92207156 1.00623579 9.02722685 3.45641811 0.97728259
5.34816062 0.92267531 1.00731973 9.02903735 3.45663582 0.97815247
5.35010254 0.92326779 1.00838343 9.03081405 3.45684947 0.97899014
5.35200810 0.92384917 1.00942721 9.03255748 3.45705912 0.97979671
5.35387790 0.92441965 1.01045139 9.03426818 3.45726482 0.98057328
5.35571250 0.92497938 1.01145631 9.03594669 3.45746666 0.98132087
5.35751250 0.92552856 1.01244226 9.03759354 3.45766469 0.98204050
5.35927847 0.92606736 1.01340958 9.03920925 3.45785897 0.98273317
5.36101097 0.92659594 1.01435856 9.04079435 3.45804957 0.98339982
5.36271057 0.92711449 1.01528952 9.04234935 3.45823655 0.98404139
5.36437784 0.92762318 1.01620277 9.04387476 3.45841997 0.98465875
5.36601332 0.92812216 1.01709861 9.04537108 3.45859989 0.98525279
5.36761755 0.92861162 1.01797733 9.04683883 3.45877637 0.98582434
5.36919109 0.92909170 1.01883924 9.04827849 3.45894947 0.98637422
5.37073447 0.92956259 1.01968462 9.04969055 3.45911926 0.98690321
5.37224821 0.93002444 1.02051377 9.05107550 3.45928578 0.98741208
5.37373284 0.93047740 1.02132698 9.05243381 3.45944910 0.98790155
5.37518887 0.93092164 1.02212452 9.05376596 3.45960927 0.98837233
5.37661682 0.93135730 1.02290667 9.05507242 3.45976636 0.98882513
5.37801718 0.93178456 1.02367371 9.05635363 3.45992040 0.98926059
5.37939045 0.93220355 1.02442592 9.05761007 3.46007147 0.98967937
5.38073712 0.93261442 1.02516355 9.05884216 3.46021960 0.99008207
5.38205767 0.93301732 1.02588688 9.06005036 3.46036487 0.99046930
5.38335258 0.93341241 1.02659616 9.06123510 3.46050731 0.99084163
5.38462232 0.93379981 1.02729166 9.06239681 3.46064698 0.99119962
5.38586735 0.93417967 1.02797361 9.06353591 3.46078393 0.99154381
5.38708812 0.93455213 1.02864228 9.06465281 3.46091821 0.99187472
5.38828508 0.93491733 1.02929791 9.06574793 3.46104988 0.99219284
5.38945867 0.93527540 1.02994074 9.06682168 3.46117897 0.99249865
5.39060933 0.93562647 1.03057100 9.06787444 3.46130554 0.99279263
5.39173748 0.93597067 1.03118894 9.06890661 3.46142963 0.99307522
5.39284355 0.93630814 1.03179478 9.06991857 3.46155129 0.99334686
5.39392795 0.93663900 1.03238875 9.07091071 3.46167057 0.99360795
5.39499108 0.93696337 1.03297107 9.07188339 3.46178750 0.99385889
5.39603335 0.93728137 1.03354197 9.07283699 3.46190214 0.99410009
5.39705516 0.93759313 1.03410165 9.07377185 3.46201453 0.99433190
5.39805688 0.93789876 1.03465033 9.07468835 3.46212471 0.99455469
5.39903890 0.93819838 1.03518822 9.07558682 3.46223272 0.99476880
5.40000159 0.93849210 1.03571552 9.07646761 3.46233861 0.99497456
5.40094533 0.93878004 1.03623244 9.07733105 3.46244241 0.99517230
5.40187047 0.93906231 1.03673918 9.07817748 3.46254416 0.99536233
5.40277738 0.93933902 1.03723592 9.07900722 3.46264391 0.99554493
5.40366639 0.93961026 1.03772287 9.07982060 3.46274168 0.99572040
5.40453785 0.93987615 1.03820020 9.08061792 3.46283753 0.99588901
5.40539211 0.94013679 1.03866810 9.08139949 3.46293149 0.99605102
5.40622949 0.94039228 1.03912676 9.08216563 3.46302358 0.99620670
5.40705031 0.94064272 1.03957636 9.08291662 3.46311386 0.99635628
5.40785490 0.94088821 1.04001706 9.08365275 3.46320235 0.99650000
5.40864358 0.94112884 1.04044904 9.08437433 3.46328909 0.99663809
5.40941664 0.94136471 1.04087247 9.08508162 3.46337411 0.99677077
5.41017440 0.94159591 1.04128752 9.08577490 3.46345744 0.99689824
5.41091714 0.94182253 1.04169434 9.08645445 3.46353913 0.99702072
5.41164517 0.94204466 1.04209310 9.08712054 3.46361919 0.99713838
5.41235876 0.94226238 1.04248396 9.08777342 3.46369767 0.99725143
5.41305820 0.94247579 1.04286706 9.08841335 3.46377459 0.99736004
5.41374377 0.94268496 1.04324256 9.08904059 3.46384998 0.99746438
5.41441573 0.94288999 1.04361062 9.08965538 3.46392388 0.99756462
5.41507435 0.94309094 1.04397136 9.09025796 3.46399631 0.99766092
5.41571990 0.94328790 1.04432494 9.09084859 3.46406730 0.99775344
5.41635263 0.94348096 1.04467150 9.09142748 3.46413688 0.99784231
5.41697278 0.94367017 1.04501118 9.09199487 3.46420508 0.99792769
5.41758061 0.94385563 1.04534410 9.09255098 3.46427192 0.99800971
5.41817636 0.94403740 1.04567041 9.09309604 3.46433744 0.99808850
5.41876026 0.94421556 1.04599022 9.09363027 3.46440165 0.99816419
5.41933256 0.94439017 1.04630368 9.09415387 3.46446458 0.99823689
5.41989346 0.94456131 1.04661090 9.09466705 3.46452626 0.99830674
5.42044321 0.94472905 1.04691201 9.09517003 3.46458671 0.99837383
5.42098202 0.94489345 1.04720713 9.09566299 3.46464596 0.99843828
5.42151011 0.94505457 1.04749637 9.09614615 3.46470403 0.99850019
5.42202768 0.94521249 1.04777986 9.09661968 3.46476094 0.99855966
5.42253495 0.94536727 1.04805769 9.09708379 3.46481672 0.99861678
5.42303211 0.94551896 1.04833000 9.09753865 3.46487139 0.99867165
5.42351937 0.94566763 1.04859688 9.09798446 3.46492497 0.99872436
5.42399693 0.94581334 1.04885845 9.09842138 3.46497748 0.99877498
5.42446497 0.94595615 1.04911480 9.09884960 3.46502895 0.99882361
5.42492369 0.94609611 1.04936605 9.09926929 3.46507938 0.99887032
5.42537326 0.94623328 1.04961228 9.09968061 3.46512882 0.99891519
5.42581387 0.94636772 1.04985361 9.10008373 3.46517726 0.99895829
5.42624570 0.94649948 1.05009013 9.10047881 3.46522475 0.99899968
5.42666892 0.94662861 1.05032193 9.10086602 3.46527128 0.99903944
5.42708369 0.94675516 1.05054911 9.10124551 3.46531689 0.99907764
5.42749020 0.94687920 1.05077176 9.10161743 3.46536158 0.99911432
5.42788860 0.94700075 1.05098997 9.10198193 3.46540539 0.99914955
5.42827905 0.94711989 1.05120382 9.10233916 3.46544832 0.99918340
5.42866172 0.94723665 1.05141341 9.10268927 3.46549039 0.99921590
5.42903675 0.94735108 1.05161882 9.10303238 3.46553162 0.99924712
5.42940429 0.94746322 1.05182012 9.10336866 3.46557203 0.99927711
5.42976450 0.94757313 1.05201741 9.10369822 3.46561164 0.99930591
5.43011753 0.94768084 1.05221077 9.10402121 3.46565045 0.99933358
5.43046350 0.94778641 1.05240026 9.10433775 3.46568849 0.99936015
5.43080258 0.94788986 1.05258597 9.10464797 3.46572577 0.99938567
5.43113488 0.94799126 1.05276798 9.10495200 3.46576230 0.99941019
5.43146055 0.94809063 1.05294635 9.10524995 3.46579810 0.99943373
5.43177972 0.94818801 1.05312116 9.10554197 3.46583319 0.99945634
5.43209251 0.94828345 1.05329247 9.10582815 3.46586758 0.99947806
5.43239906 0.94837699 1.05346037 9.10610861 3.46590128 0.99949892
5.43269949 0.94846865 1.05362492 9.10638348 3.46593431 0.99951896
5.43299392 0.94855849 1.05378618 9.10665285 3.46596668 0.99953820
5.43328247 0.94864653 1.05394421 9.10691685 3.46599840 0.99955668
5.43356526 0.94873282 1.05409910 9.10717558 3.46602949 0.99957444
5.43384240 0.94881738 1.05425088 9.10742913 3.46605996 0.99959149
5.43411400 0.94890025 1.05439964 9.10767763 3.46608982 0.99960786
5.43438018 0.94898147 1.05454543 9.10792115 3.46611908 0.99962359
5.43464104 0.94906106 1.05468830 9.10815982 3.46614775 0.99963869
5.43489669 0.94913907 1.05482832 9.10839371 3.46617586 0.99965320
5.43514723 0.94921552 1.05496554 9.10862294 3.46620340 0.99966714
5.43539277 0.94929044 1.05510002 9.10884758 3.46623039 0.99968052
5.43563340 0.94936386 1.05523181 9.10906774 3.46625684 0.99969337
5.43586922 0.94943581 1.05536097 9.10928349 3.46628277 0.99970572
5.43610033 0.94950633 1.05548754 9.10949494 3.46630817 0.99971757
5.43632683 0.94957544 1.05561159 9.10970216 3.46633307 0.99972896
5.43654879 0.94964317 1.05573316 9.10990524 3.46635747 0.99973990
5.43676633 0.94970954 1.05585230 9.11010426 3.46638138 0.99975040
5.43697951 0.94977459 1.05596906 9.11029930 3.46640481 0.99976049
5.43718843 0.94983834 1.05608349 9.11049045 3.46642778 0.99977018
5.43739318 0.94990081 1.05619562 9.11067778 3.46645029 0.99977949
5.43759384 0.94996204 1.05630552 9.11086136 3.46647234 0.99978842
5.43779049 0.95002204 1.05641322 9.11104127 3.46649396 0.99979701
5.43798320 0.95008085 1.05651877 9.11121759 3.46651514 0.99980525
5.43817207 0.95013847 1.05662221 9.11139038 3.46653590 0.99981317
5.43835716 0.95019495 1.05672358 9.11155972 3.46655624 0.99982077
5.43853855 0.95025030 1.05682292 9.11172568 3.46657618 0.99982808
5.43871631 0.95030454 1.05692028 9.11188832 3.46659572 0.99983509
5.43889053 0.95035770 1.05701569 9.11204770 3.46661487 0.99984183
5.43906125 0.95040979 1.05710920 9.11220390 3.46663363 0.99984830
5.43922857 0.95046084 1.05720083 9.11235698 3.46665202 0.99985451
5.43939254 0.95051088 1.05729064 9.11250700 3.46667005 0.99986048
5.43955324 0.95055991 1.05737865 9.11265402 3.46668771 0.99986621
5.43971072 0.95060796 1.05746489 9.11279810 3.46670502 0.99987172
5.43986505 0.95065505 1.05754942 9.11293930 3.46672198 0.99987701
5.44001630 0.95070120 1.05763225 9.11307767 3.46673860 0.99988208
5.44016452 0.95074643 1.05771343 9.11321328 3.46675489 0.99988696
5.44030978 0.95079075 1.05779299 9.11334618 3.46677086 0.99989164
5.44045214 0.95083419 1.05787095 9.11347643 3.46678650 0.99989614
5.44059165 0.95087676 1.05794736 9.11360406 3.46680184 0.99990046
5.44072837 0.95091848 1.05802224 9.11372915 3.46681686 0.99990461
5.44086236 0.95095936 1.05809562 9.11385174 3.46683159 0.99990860
5.44099367 0.95099943 1.05816753 9.11397187 3.46684602 0.99991243
5.44112235 0.95103870 1.05823801 9.11408960 3.46686016 0.99991610
5.44124846 0.95107718 1.05830708 9.11420498 3.46687402 0.99991963
5.44137205 0.95111489 1.05837476 9.11431805 3.46688760 0.99992302
5.44149317 0.95115185 1.05844110 9.11442886 3.46690091 0.99992628
5.44161187 0.95118806 1.05850610 9.11453746 3.46691396 0.99992941
5.44172819 0.95122356 1.05856981 9.11464388 3.46692674 0.99993241
5.44184219 0.95125834 1.05863224 9.11474818 3.46693927 0.99993529
5.44195390 0.95129243 1.05869342 9.11485039 3.46695155 0.99993806
5.44206339 0.95132584 1.05875339 9.11495056 3.46696358 0.99994073
5.44217068 0.95135858 1.05881215 9.11504872 3.46697537 0.99994328
5.44227583 0.95139066 1.05886973 9.11514492 3.46698692 0.99994573
5.44237888 0.95142211 1.05892617 9.11523920 3.46699825 0.99994809
5.44247987 0.95145292 1.05898148 9.11533159 3.46700935 0.99995036
5.44257884 0.95148312 1.05903568 9.11542214 3.46702022 0.99995253
5.44267582 0.95151272 1.05908879 9.11551087 3.46703088 0.99995462
5.44277087 0.95154172 1.05914085 9.11559783 3.46704132 0.99995662
5.44286402 0.95157014 1.05919186 9.11568305 3.46705156 0.99995855
5.44295531 0.95159800 1.05924185 9.11576657 3.46706159 0.99996040
5.44304477 0.95162529 1.05929085 9.11584842 3.46707142 0.99996218
5.44313244 0.95165205 1.05933886 9.11592863 3.46708105 0.99996388
5.44321836 0.95167826 1.05938591 9.11600723 3.46709049 0.99996552
5.44330256 0.95170396 1.05943203 9.11608427 3.46709975 0.99996709
5.44338507 0.95172914 1.05947722 9.11615976 3.46710881 0.99996861
5.44346594 0.95175381 1.05952150 9.11623374 3.46711770 0.99997006
5.44354519 0.95177799 1.05956491 9.11630625 3.46712641 0.99997145
5.44362285 0.95180169 1.05960744 9.11637730 3.46713494 0.99997279
5.44369897 0.95182492 1.05964912 9.11644694 3.46714330 0.99997408
5.44377356 0.95184768 1.05968997 9.11651518 3.46715150 0.99997531
5.44384665 0.95186998 1.05973000 9.11658206 3.46715953 0.99997650
5.44391829 0.95189184 1.05976923 9.11664759 3.46716740 0.99997764
5.44398849 0.95191326 1.05980768 9.11671182 3.46717511 0.99997873
5.44405729 0.95193426 1.05984536 9.11677477 3.46718267 0.99997978
5.44412472 0.95195483 1.05988228 9.11683645 3.46719008 0.99998079
5.44419079 0.95197499 1.05991847 9.11689690 3.46719734 0.99998176
5.44425555 0.95199475 1.05995393 9.11695615 3.46720446 0.99998269
5.44431901 0.95201412 1.05998868 9.11701421 3.46721143 0.99998358
5.44438120 0.95203309 1.06002274 9.11707110 3.46721826 0.99998444
5.44444214 0.95205169 1.06005612 9.11712686 3.46722496 0.99998527
5.44450187 0.95206992 1.06008883 9.11718151 3.46723152 0.99998606
5.44456040 0.95208778 1.06012088 9.11723506 3.46723795 0.99998682
5.44461777 0.95210528 1.06015230 9.11728754 3.46724425 0.99998755
5.44467398 0.95212244 1.06018308 9.11733897 3.46725043 0.99998825
5.44472907 0.95213925 1.06021325 9.11738937 3.46725648 0.99998892
5.44478306 0.95215572 1.06024282 9.11743877 3.46726241 0.99998957
5.44483597 0.95217187 1.06027180 9.11748717 3.46726822 0.99999019
5.44488782 0.95218769 1.06030019 9.11753461 3.46727392 0.99999079
5.44493864 0.95220320 1.06032802 9.11758110 3.46727950 0.99999136
5.44498844 0.95221839 1.06035529 9.11762666 3.46728497 0.99999191
5.44503724 0.95223328 1.06038202 9.11767131 3.46729034 0.99999244
5.44508507 0.95224788 1.06040821 9.11771507 3.46729559 0.99999295
5.44513194 0.95226218 1.06043388 9.11775795 3.46730074 0.99999344
5.44517787 0.95227620 1.06045903 9.11779997 3.46730578 0.99999391
5.44522289 0.95228993 1.06048368 9.11784115 3.46731073 0.99999436
5.44526700 0.95230339 1.06050784 9.11788151 3.46731558 0.99999479
5.44531023 0.95231659 1.06053152 9.11792106 3.46732032 0.99999520
5.44535260 0.95232951 1.06055472 9.11795983 3.46732498 0.99999560
5.44539412 0.95234218 1.06057746 9.11799781 3.46732954 0.99999598
5.44543481 0.95235460 1.06059974 9.11803504 3.46733401 0.99999635
5.44547468 0.95236677 1.06062158 9.11807152 3.46733839 0.99999670
5.44551376 0.95237869 1.06064298 9.11810727 3.46734268 0.99999704
5.44555206 0.95239038 1.06066395 9.11814231 3.46734689 0.99999737
5.44558959 0.95240183 1.06068450 9.11817665 3.46735101 0.99999768
5.44562637 0.95241306 1.06070464 9.11821030 3.46735505 0.99999798
5.44566242 0.95242406 1.06072438 9.11824327 3.46735901 0.99999827
5.44569774 0.95243484 1.06074373 9.11827559 3.46736289 0.99999855
5.44573236 0.95244540 1.06076268 9.11830726 3.46736669 0.99999881
5.44576628 0.95245575 1.06078126 9.11833830 3.46737042 0.99999907
5.44579953 0.95246590 1.06079947 9.11836872 3.46737407 0.99999931
5.44583211 0.95247584 1.06081731 9.11839852 3.46737765 0.99999955
5.44586404 0.95248558 1.06083480 9.11842774 3.46738116 0.99999977
5.44589534 0.95249513 1.06085193 9.11845636 3.46738459 0.99999999
5.44592600 0.95250449 1.06086873 9.11848442 3.46738796 1.00000020
5.44595605 0.95251366 1.06088518 9.11851191 3.46739126 1.00000040
5.44598551 0.95252265 1.06090131 9.11853886 3.46739450 1.00000059
5.44601437 0.95253146 1.06091712 9.11856527 3.46739767 1.00000078
5.44604265 0.95254009 1.06093261 9.11859114 3.46740078 1.00000096
5.44607037 0.95254855 1.06094779 9.11861650 3.46740382 1.00000113
5.44609754 0.95255684 1.06096266 9.11864136 3.46740680 1.00000129
5.44612416 0.95256496 1.06097724 9.11866571 3.46740973 1.00000145
5.44615025 0.95257292 1.06099153 9.11868958 3.46741259 1.00000160
5.44617582 0.95258072 1.06100553 9.11871297 3.46741540 1.00000174
5.44620088 0.95258837 1.06101925 9.11873590 3.46741815 1.00000188
5.44622543 0.95259586 1.06103270 9.11875836 3.46742085 1.00000202
5.44624950 0.95260321 1.06104588 9.11878038 3.46742349 1.00000215
5.44627308 0.95261040 1.06105879 9.11880195 3.46742608 1.00000227
5.44629619 0.95261746 1.06107145 9.11882310 3.46742862 1.00000239
5.44631884 0.95262437 1.06108385 9.11884382 3.46743111 1.00000250
5.44634104 0.95263114 1.06109600 9.11886413 3.46743355 1.00000261
5.44636279 0.95263778 1.06110792 9.11888403 3.46743593 1.00000272
5.44638411 0.95264428 1.06111959 9.11890353 3.46743828 1.00000282
5.44640500 0.95265066 1.06113103 9.11892264 3.46744057 1.00000291
5.44642547 0.95265691 1.06114224 9.11894137 3.46744282 1.00000301
5.44644554 0.95266303 1.06115323 9.11895973 3.46744502 1.00000310
5.44646520 0.95266903 1.06116400 9.11897772 3.46744718 1.00000318
5.44648447 0.95267491 1.06117455 9.11899535 3.46744930 1.00000326
5.44650335 0.95268067 1.06118489 9.11901262 3.46745137 1.00000334
5.44652186 0.95268632 1.06119502 9.11902955 3.46745340 1.00000342
5.44653999 0.95269185 1.06120495 9.11904615 3.46745539 1.00000349
5.44655777 0.95269728 1.06121469 9.11906241 3.46745735 1.00000356
5.44657519 0.95270259 1.06122422 9.11907834 3.46745926 1.00000363
5.44659226 0.95270780 1.06123357 9.11909396 3.46746113 1.00000370
5.44660898 0.95271291 1.06124273 9.11910926 3.46746297 1.00000376
5.44662538 0.95271791 1.06125171 9.11912426 3.46746477 1.00000382
5.44664144 0.95272281 1.06126051 9.11913896 3.46746653 1.00000387
5.44665719 0.95272762 1.06126913 9.11915336 3.46746826 1.00000393
5.44667262 0.95273233 1.06127758 9.11916748 3.46746996 1.00000398
5.44668774 0.95273694 1.06128586 9.11918131 3.46747162 1.00000403
5.44670256 0.95274146 1.06129397 9.11919487 3.46747325 1.00000408
5.44671708 0.95274589 1.06130193 9.11920816 3.46747484 1.00000413
5.44673131 0.95275024 1.06130972 9.11922118 3.46747640 1.00000417
5.44674526 0.95275449 1.06131736 9.11923394 3.46747793 1.00000422
5.44675893 0.95275866 1.06132484 9.11924644 3.46747943 1.00000426
5.44677232 0.95276275 1.06133218 9.11925870 3.46748091 1.00000430
5.44678545 0.95276676 1.06133936 9.11927071 3.46748235 1.00000434
5.44679832 0.95277068 1.06134641 9.11928247 3.46748376 1.00000437
5.44681092 0.95277453 1.06135331 9.11929401 3.46748514 1.00000441
5.44682328 0.95277830 1.06136008 9.11930531 3.46748650 1.00000444
5.44683539 0.95278200 1.06136671 9.11931639 3.46748783 1.00000447
5.44684725 0.95278562 1.06137320 9.11932725 3.46748913 1.00000451
5.44685888 0.95278917 1.06137957 9.11933788 3.46749041 1.00000454
5.44687028 0.95279264 1.06138581 9.11934831 3.46749166 1.00000456
5.44688145 0.95279605 1.06139193 9.11935853 3.46749289 1.00000459
5.44689239 0.95279939 1.06139792 9.11936854 3.46749409 1.00000462
5.44690312 0.95280267 1.06140379 9.11937835 3.46749527 1.00000464
5.44691363 0.95280587 1.06140955 9.11938797 3.46749642 1.00000467
5.44692393 0.95280902 1.06141519 9.11939739 3.46749755 1.00000469
5.44693402 0.95281210 1.06142072 9.11940663 3.46749866 1.00000472
5.44694392 0.95281512 1.06142614 9.11941568 3.46749975 1.00000474
5.44695361 0.95281808 1.06143145 9.11942455 3.46750081 1.00000476
5.44696311 0.95282098 1.06143665 9.11943324 3.46750185 1.00000478
5.44697243 0.95282382 1.06144175 9.11944176 3.46750288 1.00000480
5.44698155 0.95282660 1.06144674 9.11945011 3.46750388 1.00000482
5.44699049 0.95282933 1.06145164 9.11945829 3.46750486 1.00000483
5.44699926 0.95283201 1.06145644 9.11946631 3.46750582 1.00000485
5.44700785 0.95283463 1.06146114 9.11947417 3.46750676 1.00000487
5.44701626 0.95283720 1.06146575 9.11948187 3.46750769 1.00000488
5.44702451 0.95283971 1.06147027 9.11948941 3.46750859 1.00000490
5.44703260 0.95284218 1.06147469 9.11949681 3.46750948 1.00000491
5.44704052 0.95284460 1.06147903 9.11950406 3.46751035 1.00000493
5.44704828 0.95284697 1.06148328 9.11951116 3.46751120 1.00000494
5.44705589 0.95284929 1.06148745 9.11951812 3.46751204 1.00000495
5.44706335 0.95285156 1.06149153 9.11952494 3.46751286 1.00000496
5.44707065 0.95285379 1.06149553 9.11953162 3.46751366 1.00000498
5.44707781 0.95285598 1.06149945 9.11953818 3.46751444 1.00000499
5.44708483 0.95285812 1.06150330 9.11954460 3.46751521 1.00000500
5.44709171 0.95286022 1.06150706 9.11955089 3.46751597 1.00000501
5.44709845 0.95286228 1.06151075 9.11955705 3.46751671 1.00000502
