4.42961608 4.50536273 2.50294658 8.67900148 0.01994283
4.43006100 4.50477021 2.50310366 8.67878203 0.02000510
4.43050712 4.50417607 2.50326117 8.67856199 0.02006772
4.43095447 4.50358030 2.50341911 8.67834135 0.02013067
4.43140305 4.50298291 2.50357748 8.67812010 0.02019397
4.43185286 4.50238387 2.50373629 8.67789825 0.02025762
4.43230391 4.50178318 2.50389554 8.67767578 0.02032162
4.43275620 4.50118084 2.50405523 8.67745271 0.02038597
4.43320975 4.50057683 2.50421535 8.67722902 0.02045068
4.43366455 4.49997114 2.50437593 8.67700470 0.02051575
4.43412061 4.49936378 2.50453694 8.67677977 0.02058119
4.43457795 4.49875472 2.50469841 8.67655421 0.02064698
4.43503656 4.49814396 2.50486032 8.67632803 0.02071315
4.43549646 4.49753150 2.50502269 8.67610121 0.02077969
4.43595765 4.49691732 2.50518552 8.67587376 0.02084659
4.43642013 4.49630141 2.50534880 8.67564566 0.02091388
4.43688391 4.49568377 2.50551254 8.67541693 0.02098155
4.43734901 4.49506438 2.50567674 8.67518756 0.02104960
4.43781542 4.49444325 2.50584141 8.67495753 0.02111803
4.43828315 4.49382035 2.50600654 8.67472686 0.02118685
4.43875222 4.49319569 2.50617215 8.67449553 0.02125607
4.43922261 4.49256924 2.50633822 8.67426354 0.02132568
4.43969436 4.49194101 2.50650477 8.67403089 0.02139569
4.44016745 4.49131098 2.50667179 8.67379758 0.02146610
4.44064190 4.49067914 2.50683930 8.67356360 0.02153691
4.44111771 4.49004549 2.50700728 8.67332894 0.02160813
4.44159490 4.48941001 2.50717575 8.67309361 0.02167976
4.44207346 4.48877270 2.50734471 8.67285761 0.02175181
4.44255341 4.48813355 2.50751415 8.67262092 0.02182428
4.44303475 4.48749254 2.50768409 8.67238355 0.02189716
4.44351749 4.48684966 2.50785452 8.67214548 0.02197047
4.44400164 4.48620492 2.50802544 8.67190673 0.02204421
4.44448721 4.48555828 2.50819687 8.67166728 0.02211839
4.44497419 4.48490976 2.50836880 8.67142712 0.02219299
4.44546261 4.48425933 2.50854123 8.67118627 0.02226804
4.44595246 4.48360699 2.50871417 8.67094470 0.02234352
4.44644376 4.48295273 2.50888762 8.67070243 0.02241946
4.44693651 4.48229653 2.50906158 8.67045944 0.02249584
4.44743072 4.48163839 2.50923606 8.67021573 0.02257268
4.44792640 4.48097830 2.50941105 8.66997130 0.02264997
4.44842356 4.48031624 2.50958657 8.66972614 0.02272773
4.44892220 4.47965220 2.50976261 8.66948025 0.02280595
4.44942233 4.47898618 2.50993917 8.66923363 0.02288464
4.44992396 4.47831816 2.51011627 8.66898626 0.02296380
4.45042710 4.47764814 2.51029390 8.66873816 0.02304344
4.45093175 4.47697609 2.51047206 8.66848931 0.02312356
4.45143793 4.47630202 2.51065076 8.66823971 0.02320416
4.45194565 4.47562591 2.51083000 8.66798935 0.02328526
4.45245490 4.47494774 2.51100979 8.66773824 0.02336684
4.45296570 4.47426751 2.51119012 8.66748636 0.02344893
4.45347807 4.47358521 2.51137100 8.66723372 0.02353151
4.45399199 4.47290082 2.51155243 8.66698030 0.02361460
4.45450750 4.47221434 2.51173442 8.66672611 0.02369821
4.45502458 4.47152575 2.51191697 8.66647114 0.02378232
4.45554326 4.47083504 2.51210008 8.66621538 0.02386696
4.45606354 4.47014220 2.51228376 8.66595884 0.02395212
4.45658543 4.46944721 2.51246800 8.66570150 0.02403780
4.45710894 4.46875007 2.51265282 8.66544337 0.02412402
4.45763408 4.46805076 2.51283821 8.66518443 0.02421078
4.45816086 4.46734927 2.51302418 8.66492469 0.02429808
4.45868928 4.46664559 2.51321073 8.66466414 0.02438592
4.45921935 4.46593970 2.51339786 8.66440277 0.02447432
4.45975110 4.46523160 2.51358558 8.66414059 0.02456328
4.46028451 4.46452127 2.51377390 8.66387757 0.02465279
4.46081962 4.46380870 2.51396280 8.66361373 0.02474287
4.46135641 4.46309387 2.51415231 8.66334906 0.02483352
4.46189491 4.46237677 2.51434241 8.66308355 0.02492475
4.46243512 4.46165740 2.51453312 8.66281719 0.02501656
4.46297705 4.46093573 2.51472444 8.66254998 0.02510896
4.46352072 4.46021176 2.51491637 8.66228193 0.02520195
4.46406612 4.45948547 2.51510891 8.66201301 0.02529554
4.46461328 4.45875684 2.51530207 8.66174323 0.02538972
4.46516221 4.45802587 2.51549586 8.66147259 0.02548452
4.46571290 4.45729254 2.51569026 8.66120107 0.02557993
4.46626538 4.45655683 2.51588530 8.66092867 0.02567596
4.46681965 4.45581874 2.51608097 8.66065539 0.02577261
4.46737573 4.45507825 2.51627728 8.66038122 0.02586990
4.46793362 4.45433534 2.51647423 8.66010616 0.02596782
4.46849333 4.45359000 2.51667182 8.65983020 0.02606638
4.46905488 4.45284222 2.51687006 8.65955333 0.02616559
4.46961828 4.45209198 2.51706895 8.65927556 0.02626545
4.47018353 4.45133927 2.51726850 8.65899687 0.02636597
4.47075065 4.45058407 2.51746871 8.65871726 0.02646716
4.47131965 4.44982637 2.51766958 8.65843673 0.02656902
4.47189054 4.44906616 2.51787111 8.65815526 0.02667156
4.47246333 4.44830341 2.51807332 8.65787286 0.02677478
4.47303804 4.44753811 2.51827620 8.65758952 0.02687870
4.47361467 4.44677026 2.51847977 8.65730523 0.02698331
4.47419323 4.44599982 2.51868401 8.65701999 0.02708863
4.47477375 4.44522680 2.51888894 8.65673378 0.02719465
4.47535622 4.44445117 2.51909457 8.65644661 0.02730139
4.47594066 4.44367291 2.51930089 8.65615848 0.02740886
4.47652709 4.44289201 2.51950790 8.65586936 0.02751706
4.47711551 4.44210846 2.51971563 8.65557926 0.02762599
4.47770593 4.44132223 2.51992406 8.65528818 0.02773567
4.47829838 4.44053332 2.52013320 8.65499610 0.02784611
4.47889286 4.43974170 2.52034306 8.65470301 0.02795730
4.47948938 4.43894736 2.52055365 8.65440893 0.02806925
4.48008796 4.43815028 2.52076495 8.65411383 0.02818199
4.48068861 4.43735045 2.52097699 8.65381771 0.02829550
4.48129134 4.43654785 2.52118977 8.65352056 0.02840980
4.48189617 4.43574245 2.52140328 8.65322238 0.02852490
4.48250310 4.43493425 2.52161754 8.65292317 0.02864080
4.48311216 4.43412323 2.52183254 8.65262291 0.02875751
4.48372335 4.43330937 2.52204830 8.65232160 0.02887504
4.48433668 4.43249264 2.52226481 8.65201923 0.02899340
4.48495218 4.43167304 2.52248209 8.65171579 0.02911260
4.48556985 4.43085055 2.52270014 8.65141129 0.02923264
4.48618972 4.43002514 2.52291896 8.65110571 0.02935353
4.48681178 4.42919680 2.52313856 8.65079904 0.02947529
4.48743606 4.42836551 2.52335893 8.65049128 0.02959791
4.48806257 4.42753125 2.52358010 8.65018242 0.02972141
4.48869132 4.42669400 2.52380206 8.64987246 0.02984580
4.48932233 4.42585375 2.52402481 8.64956139 0.02997109
4.48995562 4.42501046 2.52424837 8.64924919 0.03009727
4.49059119 4.42416414 2.52447273 8.64893587 0.03022438
4.49122907 4.42331475 2.52469791 8.64862142 0.03035240
4.49186926 4.42246227 2.52492390 8.64830582 0.03048136
4.49251179 4.42160669 2.52515072 8.64798907 0.03061126
4.49315666 4.42074798 2.52537837 8.64767117 0.03074211
4.49380389 4.41988613 2.52560685 8.64735211 0.03087392
4.49445351 4.41902111 2.52583616 8.64703187 0.03100671
4.49510551 4.41815291 2.52606633 8.64671045 0.03114047
4.49575993 4.41728150 2.52629734 8.64638785 0.03127523
4.49641677 4.41640686 2.52652921 8.64606405 0.03141098
4.49707605 4.41552897 2.52676194 8.64573905 0.03154775
4.49773779 4.41464781 2.52699554 8.64541285 0.03168554
4.49840200 4.41376335 2.52723001 8.64508542 0.03182436
4.49906870 4.41287558 2.52746536 8.64475676 0.03196423
4.49973791 4.41198448 2.52770160 8.64442687 0.03210514
4.50040964 4.41109002 2.52793872 8.64409574 0.03224713
4.50108391 4.41019217 2.52817674 8.64376336 0.03239019
4.50176074 4.40929092 2.52841567 8.64342972 0.03253434
4.50244014 4.40838624 2.52865550 8.64309481 0.03267959
4.50312214 4.40747812 2.52889625 8.64275862 0.03282594
4.50380674 4.40656652 2.52913792 8.64242115 0.03297342
4.50449397 4.40565142 2.52938051 8.64208238 0.03312204
4.50518384 4.40473281 2.52962404 8.64174231 0.03327180
4.50587638 4.40381064 2.52986851 8.64140093 0.03342272
4.50657159 4.40288491 2.53011392 8.64105823 0.03357481
4.50726951 4.40195559 2.53036029 8.64071420 0.03372809
4.50797014 4.40102265 2.53060761 8.64036883 0.03388256
4.50867351 4.40008606 2.53085591 8.64002212 0.03403825
4.50937964 4.39914581 2.53110517 8.63967404 0.03419515
4.51008854 4.39820186 2.53135541 8.63932460 0.03435329
4.51080023 4.39725419 2.53160664 8.63897378 0.03451268
4.51151474 4.39630278 2.53185886 8.63862158 0.03467334
4.51223208 4.39534760 2.53211209 8.63826798 0.03483527
4.51295227 4.39438862 2.53236632 8.63791298 0.03499849
4.51367533 4.39342581 2.53262156 8.63755656 0.03516302
4.51440129 4.39245915 2.53287782 8.63719871 0.03532887
4.51513016 4.39148862 2.53313511 8.63683943 0.03549605
4.51586196 4.39051418 2.53339344 8.63647871 0.03566458
4.51659672 4.38953580 2.53365281 8.63611653 0.03583448
4.51733446 4.38855347 2.53391323 8.63575288 0.03600576
4.51807519 4.38756714 2.53417471 8.63538776 0.03617843
4.51881894 4.38657679 2.53443725 8.63502115 0.03635251
4.51956573 4.38558240 2.53470087 8.63465304 0.03652802
4.52031558 4.38458393 2.53496557 8.63428342 0.03670497
4.52106852 4.38358135 2.53523135 8.63391229 0.03688339
4.52182456 4.38257464 2.53549823 8.63353962 0.03706327
4.52258373 4.38156377 2.53576622 8.63316542 0.03724466
4.52334606 4.38054869 2.53603532 8.63278965 0.03742755
4.52411156 4.37952939 2.53630554 8.63241233 0.03761197
4.52488025 4.37850583 2.53657689 8.63203343 0.03779793
4.52565217 4.37747798 2.53684937 8.63165294 0.03798546
4.52642734 4.37644581 2.53712301 8.63127086 0.03817457
4.52720577 4.37540929 2.53739779 8.63088716 0.03836528
4.52798750 4.37436839 2.53767374 8.63050184 0.03855761
4.52877254 4.37332306 2.53795086 8.63011488 0.03875157
4.52956093 4.37227329 2.53822915 8.62972628 0.03894719
4.53035268 4.37121903 2.53850864 8.62933602 0.03914449
4.53114783 4.37016025 2.53878933 8.62894409 0.03934348
4.53194640 4.36909693 2.53907122 8.62855047 0.03954419
4.53274841 4.36802902 2.53935432 8.62815516 0.03974663
4.53355389 4.36695648 2.53963865 8.62775814 0.03995084
4.53436287 4.36587930 2.53992422 8.62735939 0.04015682
4.53517537 4.36479742 2.54021103 8.62695891 0.04036460
4.53599142 4.36371081 2.54049909 8.62655668 0.04057420
4.53681105 4.36261944 2.54078842 8.62615269 0.04078564
4.53763428 4.36152328 2.54107901 8.62574692 0.04099895
4.53846115 4.36042228 2.54137089 8.62533936 0.04121414
4.53929168 4.35931640 2.54166406 8.62493000 0.04143125
4.54012589 4.35820561 2.54195854 8.62451882 0.04165029
4.54096382 4.35708988 2.54225432 8.62410581 0.04187129
4.54180550 4.35596915 2.54255143 8.62369095 0.04209427
4.54265095 4.35484340 2.54284987 8.62327423 0.04231926
4.54350021 4.35371258 2.54314965 8.62285564 0.04254628
4.54435331 4.35257666 2.54345079 8.62243516 0.04277535
4.54521027 4.35143559 2.54375329 8.62201277 0.04300651
4.54607112 4.35028934 2.54405717 8.62158847 0.04323977
4.54693590 4.34913785 2.54436243 8.62116223 0.04347517
4.54780464 4.34798110 2.54466909 8.62073404 0.04371274
4.54867737 4.34681904 2.54497715 8.62030388 0.04395248
4.54955412 4.34565162 2.54528664 8.61987174 0.04419445
4.55043492 4.34447880 2.54559756 8.61943761 0.04443866
4.55131981 4.34330055 2.54590991 8.61900146 0.04468514
4.55220882 4.34211681 2.54622373 8.61856328 0.04493393
4.55310198 4.34092754 2.54653901 8.61812306 0.04518504
4.55399933 4.33973270 2.54685576 8.61768078 0.04543852
4.55490089 4.33853224 2.54717401 8.61723641 0.04569439
4.55580672 4.33732612 2.54749375 8.61678995 0.04595268
4.55671683 4.33611429 2.54781502 8.61634138 0.04621342
4.55763126 4.33489669 2.54813780 8.61589067 0.04647665
4.55855006 4.33367330 2.54846213 8.61543782 0.04674240
4.55947325 4.33244404 2.54878801 8.61498279 0.04701070
4.56040087 4.33120889 2.54911545 8.61452559 0.04728159
4.56133297 4.32996779 2.54944447 8.61406618 0.04755509
4.56226957 4.32872068 2.54977508 8.61360456 0.04783125
4.56321072 4.32746753 2.55010730 8.61314069 0.04811010
4.56415645 4.32620827 2.55044113 8.61267456 0.04839167
4.56510680 4.32494286 2.55077660 8.61220616 0.04867600
4.56606181 4.32367125 2.55111370 8.61173546 0.04896313
4.56702152 4.32239338 2.55145247 8.61126245 0.04925309
4.56798597 4.32110920 2.55179291 8.61078710 0.04954593
4.56895520 4.31981865 2.55213504 8.61030940 0.04984168
4.56992925 4.31852169 2.55247887 8.60982931 0.05014038
4.57090816 4.31721825 2.55282442 8.60934684 0.05044208
4.57189198 4.31590828 2.55317169 8.60886195 0.05074680
4.57288074 4.31459173 2.55352072 8.60837462 0.05105460
4.57387450 4.31326853 2.55387150 8.60788483 0.05136552
4.57487328 4.31193863 2.55422406 8.60739256 0.05167960
4.57587714 4.31060198 2.55457841 8.60689779 0.05199688
4.57688613 4.30925851 2.55493457 8.60640050 0.05231741
4.57790028 4.30790816 2.55529255 8.60590066 0.05264123
4.57891963 4.30655087 2.55565238 8.60539825 0.05296840
4.57994425 4.30518658 2.55601405 8.60489326 0.05329894
4.58097417 4.30381523 2.55637760 8.60438565 0.05363292
4.58200944 4.30243676 2.55674304 8.60387540 0.05397039
4.58305011 4.30105110 2.55711038 8.60336249 0.05431138
4.58409622 4.29965819 2.55747965 8.60284690 0.05465596
4.58514783 4.29825797 2.55785085 8.60232861 0.05500417
4.58620498 4.29685036 2.55822401 8.60180758 0.05535606
4.58726773 4.29543531 2.55859915 8.60128379 0.05571169
4.58833612 4.29401274 2.55897628 8.60075723 0.05607111
4.58941021 4.29258258 2.55935542 8.60022785 0.05643438
4.59049005 4.29114477 2.55973659 8.59969564 0.05680155
4.59157568 4.28969924 2.56011980 8.59916058 0.05717268
4.59266717 4.28824592 2.56050508 8.59862263 0.05754782
4.59376457 4.28678473 2.56089245 8.59808177 0.05792704
4.59486793 4.28531561 2.56128192 8.59753797 0.05831040
4.59597730 4.28383847 2.56167352 8.59699121 0.05869795
4.59709275 4.28235325 2.56206725 8.59644146 0.05908976
4.59821432 4.28085987 2.56246315 8.59588868 0.05948589
4.59934209 4.27935826 2.56286124 8.59533286 0.05988640
4.60047609 4.27784833 2.56326153 8.59477396 0.06029137
4.60161640 4.27633001 2.56366404 8.59421196 0.06070085
4.60276307 4.27480322 2.56406880 8.59364682 0.06111492
4.60391616 4.27326788 2.56447582 8.59307851 0.06153365
4.60507573 4.27172391 2.56488513 8.59250701 0.06195710
4.60624185 4.27017123 2.56529676 8.59193229 0.06238535
4.60741457 4.26860975 2.56571071 8.59135431 0.06281847
4.60859397 4.26703939 2.56612702 8.59077305 0.06325653
4.60978010 4.26546006 2.56654571 8.59018846 0.06369962
4.61097302 4.26387169 2.56696679 8.58960053 0.06414780
4.61217281 4.26227417 2.56739030 8.58900921 0.06460116
4.61337953 4.26066743 2.56781625 8.58841448 0.06505978
4.61459325 4.25905137 2.56824468 8.58781630 0.06552374
4.61581404 4.25742590 2.56867560 8.58721464 0.06599312
4.61704196 4.25579094 2.56910903 8.58660946 0.06646801
4.61827708 4.25414638 2.56954501 8.58600073 0.06694849
4.61951948 4.25249213 2.56998356 8.58538842 0.06743466
4.62076923 4.25082810 2.57042470 8.58477248 0.06792660
4.62202640 4.24915419 2.57086847 8.58415289 0.06842440
4.62329106 4.24747030 2.57131487 8.58352961 0.06892817
4.62456329 4.24577634 2.57176395 8.58290259 0.06943798
4.62584317 4.24407219 2.57221573 8.58227181 0.06995395
4.62713076 4.24235777 2.57267023 8.58163723 0.07047617
4.62842616 4.24063297 2.57312748 8.58099880 0.07100474
4.62972943 4.23889768 2.57358752 8.58035649 0.07153976
4.63104066 4.23715179 2.57405036 8.57971026 0.07208134
4.63235992 4.23539521 2.57451604 8.57906007 0.07262959
4.63368731 4.23362781 2.57498458 8.57840587 0.07318461
4.63502289 4.23184949 2.57545602 8.57774764 0.07374652
4.63636677 4.23006015 2.57593039 8.57708532 0.07431543
4.63771901 4.22825965 2.57640771 8.57641888 0.07489145
4.63907971 4.22644790 2.57688801 8.57574827 0.07547471
4.64044895 4.22462477 2.57737133 8.57507345 0.07606533
4.64182683 4.22279015 2.57785770 8.57439437 0.07666342
4.64321343 4.22094391 2.57834715 8.57371100 0.07726912
4.64460884 4.21908594 2.57883971 8.57302328 0.07788255
4.64601316 4.21721612 2.57933541 8.57233118 0.07850384
4.64742648 4.21533431 2.57983428 8.57163464 0.07913313
4.64884889 4.21344039 2.58033637 8.57093361 0.07977055
4.65028049 4.21153424 2.58084170 8.57022806 0.08041624
4.65172138 4.20961573 2.58135031 8.56951794 0.08107035
4.65317165 4.20768472 2.58186223 8.56880319 0.08173301
4.65463141 4.20574108 2.58237750 8.56808376 0.08240437
4.65610075 4.20378468 2.58289615 8.56735962 0.08308459
4.65757978 4.20181538 2.58341823 8.56663069 0.08377382
4.65906860 4.19983305 2.58394375 8.56589694 0.08447221
4.66056732 4.19783753 2.58447278 8.56515832 0.08517993
4.66207605 4.19582870 2.58500533 8.56441476 0.08589714
4.66359489 4.19380640 2.58554145 8.56366622 0.08662401
4.66512395 4.19177049 2.58608118 8.56291265 0.08736070
4.66666334 4.18972083 2.58662456 8.56215398 0.08810739
4.66821318 4.18765726 2.58717163 8.56139016 0.08886426
4.66977358 4.18557962 2.58772242 8.56062114 0.08963149
4.67134465 4.18348778 2.58827698 8.55984686 0.09040927
4.67292652 4.18138156 2.58883535 8.55906726 0.09119778
4.67451930 4.17926081 2.58939758 8.55828228 0.09199721
4.67612311 4.17712538 2.58996369 8.55749186 0.09280778
4.67773808 4.17497509 2.59053375 8.55669595 0.09362966
4.67936433 4.17280979 2.59110778 8.55589448 0.09446308
4.68100198 4.17062931 2.59168584 8.55508739 0.09530824
4.68265116 4.16843347 2.59226798 8.55427462 0.09616535
4.68431200 4.16622211 2.59285422 8.55345610 0.09703465
4.68598464 4.16399504 2.59344463 8.55263177 0.09791634
4.68766919 4.16175211 2.59403925 8.55180157 0.09881065
4.68936581 4.15949312 2.59463812 8.55096542 0.09971783
4.69107462 4.15721789 2.59524130 8.55012326 0.10063811
4.69279576 4.15492625 2.59584883 8.54927503 0.10157173
4.69452937 4.15261800 2.59646076 8.54842065 0.10251895
4.69627559 4.15029296 2.59707715 8.54756005 0.10348001
4.69803458 4.14795093 2.59769804 8.54669317 0.10445518
4.69980646 4.14559173 2.59832348 8.54581993 0.10544473
4.70159140 4.14321515 2.59895353 8.54494026 0.10644891
4.70338953 4.14082100 2.59958823 8.54405408 0.10746802
4.70520102 4.13840907 2.60022765 8.54316133 0.10850233
4.70702601 4.13597916 2.60087184 8.54226191 0.10955214
4.70886466 4.13353107 2.60152085 8.54135577 0.11061774
4.71071712 4.13106458 2.60217474 8.54044282 0.11169943
4.71258357 4.12857948 2.60283355 8.53952298 0.11279752
4.71446415 4.12607555 2.60349736 8.53859617 0.11391232
4.71635904 4.12355259 2.60416622 8.53766232 0.11504416
4.71826839 4.12101036 2.60484019 8.53672133 0.11619337
4.72019239 4.11844864 2.60551932 8.53577313 0.11736029
4.72213119 4.11586721 2.60620368 8.53481764 0.11854525
4.72408497 4.11326583 2.60689332 8.53385476 0.11974861
4.72605390 4.11064428 2.60758832 8.53288441 0.12097073
4.72803817 4.10800231 2.60828873 8.53190651 0.12221198
4.73003794 4.10533970 2.60899461 8.53092097 0.12347272
4.73205341 4.10265619 2.60970603 8.52992769 0.12475335
4.73408476 4.09995154 2.61042305 8.52892658 0.12605425
4.73613217 4.09722551 2.61114575 8.52791757 0.12737582
4.73819583 4.09447784 2.61187418 8.52690054 0.12871848
4.74027593 4.09170829 2.61260841 8.52587541 0.13008263
4.74237266 4.08891659 2.61334852 8.52484208 0.13146871
4.74448623 4.08610248 2.61409456 8.52380046 0.13287715
4.74661682 4.08326570 2.61484662 8.52275045 0.13430839
4.74876464 4.08040599 2.61560476 8.52169195 0.13576289
4.75092989 4.07752307 2.61636905 8.52062486 0.13724112
4.75311277 4.07461668 2.61713956 8.51954909 0.13874353
4.75531349 4.07168653 2.61791637 8.51846452 0.14027063
4.75753226 4.06873235 2.61869955 8.51737105 0.14182291
4.75976929 4.06575387 2.61948918 8.51626859 0.14340086
4.76202480 4.06275078 2.62028532 8.51515702 0.14500500
4.76429900 4.05972281 2.62108807 8.51403624 0.14663586
4.76659211 4.05666966 2.62189749 8.51290614 0.14829398
4.76890435 4.05359105 2.62271366 8.51176661 0.14997990
4.77123594 4.05048667 2.62353666 8.51061755 0.15169418
4.77358711 4.04735623 2.62436658 8.50945884 0.15343739
4.77595808 4.04419941 2.62520348 8.50829037 0.15521011
4.77834909 4.04101593 2.62604746 8.50711203 0.15701294
4.78076037 4.03780547 2.62689859 8.50592370 0.15884649
4.78319214 4.03456771 2.62775695 8.50472527 0.16071136
4.78564465 4.03130235 2.62862263 8.50351662 0.16260819
4.78811813 4.02800907 2.62949572 8.50229763 0.16453762
4.79061282 4.02468755 2.63037629 8.50106820 0.16650031
4.79312896 4.02133748 2.63126443 8.49982819 0.16849692
4.79566680 4.01795852 2.63216024 8.49857749 0.17052813
4.79822657 4.01455035 2.63306378 8.49731598 0.17259463
4.80080853 4.01111264 2.63397516 8.49604354 0.17469712
4.80341293 4.00764507 2.63489445 8.49476004 0.17683633
4.80604001 4.00414730 2.63582175 8.49346536 0.17901299
4.80869002 4.00061900 2.63675715 8.49215939 0.18122783
4.81136321 3.99705984 2.63770073 8.49084199 0.18348161
4.81405984 3.99346948 2.63865258 8.48951304 0.18577510
4.81678016 3.98984758 2.63961279 8.48817241 0.18810908
4.81952442 3.98619380 2.64058146 8.48681999 0.19048435
4.82229289 3.98250780 2.64155866 8.48545564 0.19290171
4.82508580 3.97878925 2.64254450 8.48407924 0.19536198
4.82790343 3.97503780 2.64353906 8.48269067 0.19786599
4.83074603 3.97125312 2.64454243 8.48128979 0.20041458
4.83361384 3.96743486 2.64555470 8.47987648 0.20300861
4.83650714 3.96358268 2.64657597 8.47845062 0.20564895
4.83942616 3.95969624 2.64760632 8.47701208 0.20833647
4.84237117 3.95577521 2.64864584 8.47556073 0.21107206
4.84534243 3.95181924 2.64969463 8.47409645 0.21385662
4.84834017 3.94782801 2.65075276 8.47261912 0.21669106
4.85136466 3.94380118 2.65182033 8.47112860 0.21957630
4.85441614 3.93973841 2.65289743 8.46962479 0.22251327
4.85749485 3.93563939 2.65398415 8.46810756 0.22550290
4.86060105 3.93150377 2.65508056 8.46657678 0.22854614
4.86373498 3.92733125 2.65618676 8.46503234 0.23164393
4.86689686 3.92312151 2.65730283 8.46347412 0.23479724
4.87008694 3.91887423 2.65842886 8.46190201 0.23800702
4.87330545 3.91458911 2.65956491 8.46031589 0.24127425
4.87655261 3.91026584 2.66071108 8.45871565 0.24459989
4.87982865 3.90590414 2.66186745 8.45710118 0.24798492
4.88313378 3.90150370 2.66303408 8.45547238 0.25143030
4.88646821 3.89706426 2.66421105 8.45382914 0.25493701
4.88983216 3.89258554 2.66539844 8.45217135 0.25850602
4.89322580 3.88806727 2.66659631 8.45049893 0.26213830
4.89664934 3.88350921 2.66780474 8.44881178 0.26583481
4.90010296 3.87891110 2.66902378 8.44710980 0.26959651
4.90358684 3.87427273 2.67025350 8.44539292 0.27342433
4.90710113 3.86959387 2.67149395 8.44366105 0.27731922
4.91064599 3.86487431 2.67274520 8.44191412 0.28128209
4.91422157 3.86011385 2.67400729 8.44015205 0.28531387
4.91782800 3.85531233 2.67528027 8.43837478 0.28941543
4.92146541 3.85046958 2.67656418 8.43658224 0.29358765
4.92513390 3.84558546 2.67785906 8.43477439 0.29783138
4.92883357 3.84065983 2.67916495 8.43295117 0.30214743
4.93256450 3.83569259 2.68048187 8.43111256 0.30653662
4.93632676 3.83068364 2.68180985 8.42925850 0.31099969
4.94012041 3.82563293 2.68314890 8.42738898 0.31553738
4.94394546 3.82054040 2.68449905 8.42550398 0.32015039
4.94780196 3.81540602 2.68586028 8.42360350 0.32483936
4.95168988 3.81022981 2.68723262 8.42168752 0.32960490
4.95560922 3.80501179 2.68861604 8.41975607 0.33444757
4.95955994 3.79975200 2.69001053 8.41780915 0.33936788
4.96354196 3.79445054 2.69141608 8.41584681 0.34436627
4.96755522 3.78910751 2.69283264 8.41386909 0.34944314
4.97159960 3.78372306 2.69426020 8.41187602 0.35459882
4.97567498 3.77829735 2.69569869 8.40986769 0.35983356
4.97978120 3.77283059 2.69714807 8.40784416 0.36514754
4.98391807 3.76732303 2.69860827 8.40580552 0.37054088
4.98808540 3.76177495 2.70007921 8.40375188 0.37601360
4.99228295 3.75618664 2.70156083 8.40168336 0.38156565
4.99651045 3.75055847 2.70305301 8.39960007 0.38719686
5.00076761 3.74489083 2.70455566 8.39750217 0.39290700
5.00505411 3.73918414 2.70606867 8.39538982 0.39869572
5.00936959 3.73343889 2.70759191 8.39326319 0.40456257
5.01371367 3.72765558 2.70912523 8.39112247 0.41050698
5.01808592 3.72183478 2.71066850 8.38896787 0.41652830
5.02248588 3.71597710 2.71222156 8.38679962 0.42262572
5.02691308 3.71008319 2.71378422 8.38461795 0.42879834
5.03136698 3.70415374 2.71535630 8.38242313 0.43504513
5.03584702 3.69818951 2.71693762 8.38021543 0.44136490
5.04035260 3.69219129 2.71852795 8.37799515 0.44775638
5.04488310 3.68615993 2.72012707 8.37576260 0.45421813
5.04943783 3.68009633 2.72173474 8.37351810 0.46074857
5.05401609 3.67400143 2.72335071 8.37126202 0.46734598
5.05861712 3.66787623 2.72497472 8.36899473 0.47400853
5.06324014 3.66172178 2.72660649 8.36671660 0.48073420
5.06788432 3.65553919 2.72824573 8.36442805 0.48752085
5.07254879 3.64932960 2.72989213 8.36212951 0.49436618
5.07723265 3.64309423 2.73154537 8.35982142 0.50126775
5.08193496 3.63683433 2.73320513 8.35750424 0.50822298
5.08665473 3.63055120 2.73487104 8.35517846 0.51522913
5.09139094 3.62424621 2.73654276 8.35284459 0.52228333
5.09614255 3.61792076 2.73821990 8.35050314 0.52938255
5.10090845 3.61157632 2.73990209 8.34815465 0.53652363
5.10568751 3.60521437 2.74158892 8.34579969 0.54370328
5.11047858 3.59883648 2.74327999 8.34343881 0.55091808
5.11528045 3.59244424 2.74497487 8.34107262 0.55816446
5.12009189 3.58603928 2.74667313 8.33870172 0.56543876
5.12491164 3.57962329 2.74837432 8.33632673 0.57273718
5.12973842 3.57319800 2.75007798 8.33394829 0.58005583
5.13457090 3.56676514 2.75178366 8.33156705 0.58739070
5.13940773 3.56032652 2.75349087 8.32918367 0.59473772
5.14424755 3.55388397 2.75519913 8.32679882 0.60209269
5.14908897 3.54743933 2.75690795 8.32441320 0.60945139
5.15393056 3.54099448 2.75861683 8.32202750 0.61680950
5.15877091 3.53455134 2.76032527 8.31964242 0.62416265
5.16360855 3.52811184 2.76203276 8.31725869 0.63150644
5.16844204 3.52167791 2.76373877 8.31487701 0.63883644
5.17326990 3.51525151 2.76544280 8.31249811 0.64614819
5.17809065 3.50883462 2.76714431 8.31012273 0.65343723
5.18290281 3.50242922 2.76884279 8.30775159 0.66069910
5.18770488 3.49603728 2.77053770 8.30538543 0.66792937
5.19249538 3.48966079 2.77222853 8.30302499 0.67512364
5.19727283 3.48330174 2.77391474 8.30067098 0.68227753
5.20203573 3.47696208 2.77559582 8.29832416 0.68938674
5.20678262 3.47064379 2.77727125 8.29598524 0.69644703
5.21151203 3.46434881 2.77894050 8.29365493 0.70345424
5.21622252 3.45807907 2.78060307 8.29133397 0.71040429
5.22091264 3.45183648 2.78225846 8.28902305 0.71729322
5.22558100 3.44562292 2.78390615 8.28672287 0.72411716
5.23022619 3.43944025 2.78554566 8.28443411 0.73087239
5.23484684 3.43329030 2.78717651 8.28215746 0.73755531
5.23944162 3.42717484 2.78879823 8.27989357 0.74416245
5.24400920 3.42109563 2.79041034 8.27764309 0.75069051
5.24854831 3.41505438 2.79201240 8.27540665 0.75713633
5.25305769 3.40905275 2.79360396 8.27318487 0.76349692
5.25753613 3.40309236 2.79518460 8.27097836 0.76976946
5.26198244 3.39717478 2.79675390 8.26878768 0.77595132
5.26639550 3.39130153 2.79831145 8.26661340 0.78204002
5.27077419 3.38547408 2.79985688 8.26445607 0.78803328
5.27511747 3.37969382 2.80138980 8.26231620 0.79392900
5.27942431 3.37396211 2.80290985 8.26019430 0.79972528
5.28369374 3.36828025 2.80441670 8.25809084 0.80542039
5.28792484 3.36264948 2.80591002 8.25600628 0.81101279
5.29211673 3.35707095 2.80738949 8.25394105 0.81650114
5.29626856 3.35154578 2.80885482 8.25189558 0.82188428
5.30037956 3.34607503 2.81030574 8.24987023 0.82716122
5.30444899 3.34065967 2.81174197 8.24786539 0.83233118
5.30847614 3.33530063 2.81316329 8.24588138 0.83739353
5.31246038 3.32999877 2.81456945 8.24391853 0.84234781
5.31640110 3.32475487 2.81596026 8.24197714 0.84719377
5.32029776 3.31956968 2.81733551 8.24005746 0.85193127
5.32414986 3.31444385 2.81869502 8.23815976 0.85656037
5.32795694 3.30937801 2.82003865 8.23628425 0.86108125
5.33171858 3.30437268 2.82136623 8.23443114 0.86549427
5.33543443 3.29942836 2.82267765 8.23260060 0.86979990
5.33910416 3.29454548 2.82397279 8.23079280 0.87399875
5.34272750 3.28972439 2.82525155 8.22900787 0.87809158
5.34630421 3.28496541 2.82651385 8.22724592 0.88207922
5.34983411 3.28026880 2.82775962 8.22550705 0.88596267
5.35331704 3.27563474 2.82898882 8.22379133 0.88974298
5.35675289 3.27106339 2.83020139 8.22209882 0.89342134
5.36014159 3.26655485 2.83139732 8.22042955 0.89699900
5.36348311 3.26210915 2.83257660 8.21878354 0.90047731
5.36677745 3.25772629 2.83373922 8.21716079 0.90385769
5.37002464 3.25340623 2.83488519 8.21556127 0.90714163
5.37322475 3.24914886 2.83601455 8.21398497 0.91033069
5.37637789 3.24495406 2.83712733 8.21243181 0.91342647
5.37948418 3.24082165 2.83822357 8.21090174 0.91643064
5.38254380 3.23675140 2.83930333 8.20939468 0.91934488
5.38555693 3.23274307 2.84036669 8.20791054 0.92217095
5.38852379 3.22879636 2.84141371 8.20644920 0.92491060
5.39144462 3.22491095 2.84244448 8.20501055 0.92756564
5.39431968 3.22108648 2.84345910 8.20359445 0.93013789
5.39714928 3.21732257 2.84445766 8.20220077 0.93262918
5.39993371 3.21361880 2.84544029 8.20082935 0.93504135
5.40267331 3.20997473 2.84640708 8.19948002 0.93737625
5.40536842 3.20638990 2.84735818 8.19815262 0.93963574
5.40801942 3.20286381 2.84829371 8.19684695 0.94182168
5.41062669 3.19939596 2.84921380 8.19556285 0.94393591
5.41319063 3.19598580 2.85011859 8.19430009 0.94598028
5.41571165 3.19263280 2.85100823 8.19305849 0.94795661
5.41819017 3.18933637 2.85188288 8.19183783 0.94986672
5.42062664 3.18609594 2.85274268 8.19063790 0.95171241
5.42302150 3.18291091 2.85358779 8.18945848 0.95349547
5.42537521 3.17978067 2.85441838 8.18829933 0.95521765
5.42768825 3.17670459 2.85523461 8.18716023 0.95688069
5.42996108 3.17368204 2.85603665 8.18604094 0.95848630
5.43219418 3.17071238 2.85682467 8.18494122 0.96003617
5.43438806 3.16779494 2.85759884 8.18386085 0.96153196
5.43654319 3.16492909 2.85835933 8.18279956 0.96297528
5.43866009 3.16211414 2.85910633 8.18175711 0.96436775
5.44073925 3.15934942 2.85984001 8.18073326 0.96571093
5.44278119 3.15663427 2.86056055 8.17972776 0.96700635
5.44478640 3.15396800 2.86126813 8.17874035 0.96825552
5.44675540 3.15134994 2.86196293 8.17777078 0.96945991
5.44868871 3.14877939 2.86264513 8.17681880 0.97062095
5.45058683 3.14625569 2.86331491 8.17588416 0.97174004
5.45245029 3.14377813 2.86397245 8.17496660 0.97281857
5.45427958 3.14134604 2.86461794 8.17406588 0.97385785
5.45607523 3.13895874 2.86525155 8.17318173 0.97485920
5.45783775 3.13661554 2.86587347 8.17231391 0.97582388
5.45956764 3.13431576 2.86648387 8.17146217 0.97675313
5.46126541 3.13205874 2.86708294 8.17062624 0.97764814
5.46293157 3.12984379 2.86767085 8.16980590 0.97851008
5.46456662 3.12767025 2.86824777 8.16900088 0.97934009
5.46617106 3.12553745 2.86881390 8.16821095 0.98013928
5.46774538 3.12344473 2.86936939 8.16743585 0.98090870
5.46929009 3.12139143 2.86991443 8.16667535 0.98164940
5.47080565 3.11937691 2.87044919 8.16592920 0.98236239
5.47229257 3.11740052 2.87097384 8.16519717 0.98304864
5.47375132 3.11546161 2.87148854 8.16447901 0.98370910
5.47518237 3.11355956 2.87199347 8.16377450 0.98434470
5.47658620 3.11169374 2.87248879 8.16308341 0.98495631
5.47796328 3.10986353 2.87297467 8.16240549 0.98554480
5.47931405 3.10806831 2.87345127 8.16174053 0.98611100
5.48063899 3.10630747 2.87391875 8.16108830 0.98665572
5.48193854 3.10458042 2.87437726 8.16044857 0.98717975
5.48321314 3.10288656 2.87482698 8.15982114 0.98768382
5.48446324 3.10122530 2.87526804 8.15920577 0.98816868
5.48568926 3.09959607 2.87570061 8.15860227 0.98863502
5.48689165 3.09799830 2.87612484 8.15801041 0.98908353
5.48807082 3.09643142 2.87654087 8.15742998 0.98951487
5.48922719 3.09489487 2.87694886 8.15686079 0.98992968
5.49036117 3.09338811 2.87734894 8.15630263 0.99032855
5.49147317 3.09191060 2.87774127 8.15575529 0.99071210
5.49256358 3.09046180 2.87812598 8.15521859 0.99108089
5.49363281 3.08904119 2.87850321 8.15469232 0.99143547
5.49468124 3.08764824 2.87887310 8.15417630 0.99177637
5.49570925 3.08628246 2.87923579 8.15367033 0.99210412
5.49671722 3.08494333 2.87959141 8.15317424 0.99241920
5.49770553 3.08363037 2.87994008 8.15268783 0.99272209
5.49867453 3.08234308 2.88028194 8.15221093 0.99301325
5.49962459 3.08108099 2.88061712 8.15174336 0.99329313
5.50055607 3.07984362 2.88094574 8.15128494 0.99356215
5.50146930 3.07863052 2.88126792 8.15083550 0.99382073
5.50236464 3.07744121 2.88158379 8.15039489 0.99406927
5.50324241 3.07627527 2.88189346 8.14996291 0.99430814
5.50410296 3.07513224 2.88219705 8.14953943 0.99453772
5.50494661 3.07401168 2.88249468 8.14912427 0.99475836
5.50577368 3.07291318 2.88278645 8.14871727 0.99497041
5.50658448 3.07183631 2.88307249 8.14831828 0.99517419
5.50737932 3.07078066 2.88335289 8.14792715 0.99537001
5.50815852 3.06974583 2.88362777 8.14754373 0.99555820
5.50892236 3.06873141 2.88389723 8.14716787 0.99573904
5.50967114 3.06773702 2.88416138 8.14679943 0.99591281
5.51040515 3.06676226 2.88442032 8.14643826 0.99607978
5.51112468 3.06580677 2.88467415 8.14608422 0.99624023
5.51183000 3.06487017 2.88492296 8.14573718 0.99639439
5.51252139 3.06395209 2.88516686 8.14539700 0.99654252
5.51319912 3.06305218 2.88540593 8.14506354 0.99668485
5.51386344 3.06217009 2.88564028 8.14473669 0.99682160
5.51451463 3.06130547 2.88586999 8.14441630 0.99695299
5.51515293 3.06045798 2.88609516 8.14410226 0.99707923
5.51577859 3.05962729 2.88631586 8.14379444 0.99720051
5.51639187 3.05881307 2.88653220 8.14349272 0.99731703
5.51699300 3.05801500 2.88674424 8.14319698 0.99742898
5.51758221 3.05723276 2.88695209 8.14290711 0.99753653
5.51815975 3.05646606 2.88715581 8.14262299 0.99763986
5.51872583 3.05571458 2.88735549 8.14234451 0.99773912
5.51928068 3.05497802 2.88755121 8.14207155 0.99783448
5.51982453 3.05425610 2.88774304 8.14180402 0.99792610
5.52035758 3.05354852 2.88793107 8.14154179 0.99801411
5.52088005 3.05285501 2.88811536 8.14128478 0.99809865
5.52139215 3.05217530 2.88829600 8.14103288 0.99817987
5.52189407 3.05150909 2.88847304 8.14078598 0.99825789
5.52238602 3.05085615 2.88864657 8.14054399 0.99833284
5.52286820 3.05021619 2.88881664 8.14030682 0.99840484
5.52334079 3.04958898 2.88898334 8.14007436 0.99847400
5.52380399 3.04897424 2.88914672 8.13984653 0.99854044
5.52425798 3.04837175 2.88930685 8.13962323 0.99860426
5.52470294 3.04778126 2.88946379 8.13940438 0.99866556
5.52513904 3.04720253 2.88961761 8.13918988 0.99872445
5.52556648 3.04663533 2.88976837 8.13897966 0.99878101
5.52598540 3.04607943 2.88991613 8.13877362 0.99883535
5.52639599 3.04553461 2.89006095 8.13857168 0.99888754
5.52679841 3.04500065 2.89020288 8.13837377 0.99893767
5.52719281 3.04447733 2.89034199 8.13817980 0.99898583
5.52757936 3.04396445 2.89047833 8.13798969 0.99903208
5.52795822 3.04346180 2.89061195 8.13780338 0.99907651
5.52832953 3.04296917 2.89074291 8.13762078 0.99911918
5.52869344 3.04248636 2.89087126 8.13744181 0.99916017
5.52905010 3.04201319 2.89099705 8.13726642 0.99919955
5.52939966 3.04154946 2.89112034 8.13709453 0.99923736
5.52974225 3.04109498 2.89124117 8.13692606 0.99927369
5.53007801 3.04064958 2.89135958 8.13676095 0.99930858
5.53040708 3.04021306 2.89147564 8.13659914 0.99934209
5.53072960 3.03978525 2.89158939 8.13644055 0.99937428
5.53104568 3.03936599 2.89170086 8.13628513 0.99940519
5.53135546 3.03895509 2.89181012 8.13613280 0.99943489
5.53165907 3.03855240 2.89191719 8.13598352 0.99946341
5.53195662 3.03815775 2.89202213 8.13583722 0.99949080
5.53224824 3.03777098 2.89212497 8.13569384 0.99951711
5.53253404 3.03739194 2.89222577 8.13555332 0.99954239
5.53281414 3.03702046 2.89232455 8.13541560 0.99956666
5.53308866 3.03665641 2.89242136 8.13528063 0.99958997
5.53335770 3.03629962 2.89251624 8.13514836 0.99961236
5.53362137 3.03594997 2.89260923 8.13501873 0.99963387
5.53387978 3.03560730 2.89270036 8.13489169 0.99965453
5.53413304 3.03527148 2.89278967 8.13476718 0.99967437
5.53438124 3.03494236 2.89287720 8.13464516 0.99969342
5.53462449 3.03461983 2.89296298 8.13452558 0.99971172
5.53486289 3.03430373 2.89304705 8.13440838 0.99972930
5.53509653 3.03399396 2.89312944 8.13429353 0.99974618
5.53532550 3.03369038 2.89321019 8.13418097 0.99976240
5.53554991 3.03339286 2.89328933 8.13407065 0.99977797
5.53576984 3.03310129 2.89336688 8.13396255 0.99979293
5.53598537 3.03281555 2.89344289 8.13385660 0.99980729
5.53619661 3.03253552 2.89351738 8.13375277 0.99982109
5.53640363 3.03226108 2.89359038 8.13365101 0.99983434
5.53660651 3.03199214 2.89366192 8.13355128 0.99984707
5.53680535 3.03172857 2.89373204 8.13345355 0.99985929
5.53700022 3.03147027 2.89380075 8.13335777 0.99987103
5.53719119 3.03121713 2.89386810 8.13326390 0.99988231
5.53737836 3.03096906 2.89393409 8.13317191 0.99989314
5.53756178 3.03072594 2.89399877 8.13308176 0.99990354
5.53774155 3.03048769 2.89406216 8.13299341 0.99991353
5.53791772 3.03025420 2.89412428 8.13290683 0.99992312
5.53809038 3.03002537 2.89418516 8.13282197 0.99993234
5.53825959 3.02980113 2.89424483 8.13273881 0.99994119
5.53842542 3.02958137 2.89430330 8.13265732 0.99994969
5.53858794 3.02936600 2.89436061 8.13257745 0.99995785
5.53874721 3.02915494 2.89441677 8.13249918 0.99996569
5.53890330 3.02894810 2.89447180 8.13242247 0.99997322
5.53905628 3.02874540 2.89452574 8.13234730 0.99998045
5.53920620 3.02854675 2.89457860 8.13227362 0.99998740
5.53935312 3.02835208 2.89463041 8.13220143 0.99999407
5.53949712 3.02816130 2.89468118 8.13213067 1.00000048
5.53963823 3.02797433 2.89473094 8.13206133 1.00000663
5.53977653 3.02779110 2.89477970 8.13199337 1.00001254
5.53991206 3.02761154 2.89482749 8.13192678 1.00001822
5.54004489 3.02743557 2.89487432 8.13186151 1.00002367
5.54017507 3.02726312 2.89492022 8.13179755 1.00002890
5.54030264 3.02709412 2.89496520 8.13173487 1.00003393
5.54042767 3.02692850 2.89500928 8.13167344 1.00003876
5.54055020 3.02676619 2.89505248 8.13161324 1.00004340
5.54067028 3.02660713 2.89509482 8.13155424 1.00004785
5.54078796 3.02645126 2.89513631 8.13149642 1.00005213
5.54090330 3.02629850 2.89517697 8.13143976 1.00005624
5.54101632 3.02614879 2.89521682 8.13138423 1.00006018
5.54112710 3.02600208 2.89525587 8.13132981 1.00006397
5.54123565 3.02585831 2.89529415 8.13127648 1.00006761
5.54134204 3.02571741 2.89533165 8.13122421 1.00007111
5.54144631 3.02557933 2.89536841 8.13117299 1.00007447
5.54154849 3.02544401 2.89540444 8.13112280 1.00007769
5.54164863 3.02531140 2.89543974 8.13107361 1.00008079
5.54174677 3.02518144 2.89547434 8.13102540 1.00008376
5.54184295 3.02505408 2.89550825 8.13097815 1.00008662
5.54193720 3.02492927 2.89554148 8.13093185 1.00008936
5.54202958 3.02480696 2.89557404 8.13088648 1.00009200
5.54212011 3.02468710 2.89560596 8.13084201 1.00009453
5.54220883 3.02456963 2.89563724 8.13079843 1.00009696
5.54229578 3.02445451 2.89566789 8.13075572 1.00009929
5.54238099 3.02434170 2.89569793 8.13071387 1.00010153
5.54246450 3.02423114 2.89572737 8.13067286 1.00010369
5.54254634 3.02412279 2.89575622 8.13063266 1.00010575
5.54262654 3.02401662 2.89578449 8.13059327 1.00010774
5.54270514 3.02391256 2.89581220 8.13055466 1.00010965
5.54278218 3.02381059 2.89583936 8.13051683 1.00011148
5.54285767 3.02371066 2.89586597 8.13047975 1.00011324
5.54293166 3.02361273 2.89589205 8.13044342 1.00011493
5.54300416 3.02351676 2.89591761 8.13040781 1.00011655
5.54307522 3.02342271 2.89594266 8.13037292 1.00011811
5.54314486 3.02333054 2.89596721 8.13033872 1.00011960
5.54321311 3.02324021 2.89599127 8.13030520 1.00012104
5.54327999 3.02315169 2.89601484 8.13027236 1.00012242
5.54334554 3.02306494 2.89603795 8.13024017 1.00012375
5.54340978 3.02297993 2.89606059 8.13020863 1.00012502
5.54347273 3.02289662 2.89608278 8.13017771 1.00012624
5.54353443 3.02281498 2.89610453 8.13014742 1.00012742
5.54359489 3.02273497 2.89612584 8.13011773 1.00012855
5.54365415 3.02265656 2.89614673 8.13008863 1.00012963
5.54371222 3.02257972 2.89616720 8.13006012 1.00013067
5.54376913 3.02250441 2.89618726 8.13003218 1.00013167
5.54382490 3.02243062 2.89620692 8.13000479 1.00013263
5.54387956 3.02235830 2.89622619 8.12997796 1.00013355
5.54393313 3.02228742 2.89624507 8.12995165 1.00013443
5.54398563 3.02221797 2.89626357 8.12992588 1.00013529
5.54403708 3.02214990 2.89628171 8.12990062 1.00013610
5.54408750 3.02208320 2.89629948 8.12987587 1.00013689
5.54413691 3.02201783 2.89631690 8.12985161 1.00013764
5.54418534 3.02195377 2.89633397 8.12982783 1.00013836
5.54423280 3.02189099 2.89635069 8.12980454 1.00013906
5.54427931 3.02182947 2.89636709 8.12978170 1.00013972
5.54432489 3.02176918 2.89638315 8.12975933 1.00014036
5.54436956 3.02171009 2.89639890 8.12973740 1.00014098
5.54441334 3.02165219 2.89641433 8.12971591 1.00014157
5.54445624 3.02159545 2.89642945 8.12969485 1.00014214
5.54449829 3.02153984 2.89644427 8.12967421 1.00014268
5.54453949 3.02148534 2.89645879 8.12965398 1.00014321
5.54457988 3.02143194 2.89647302 8.12963416 1.00014371
5.54461945 3.02137960 2.89648697 8.12961474 1.00014419
5.54465824 3.02132831 2.89650064 8.12959570 1.00014466
5.54469625 3.02127805 2.89651404 8.12957704 1.00014510
5.54473350 3.02122879 2.89652716 8.12955876 1.00014553
5.54477000 3.02118052 2.89654003 8.12954084 1.00014594
5.54480578 3.02113321 2.89655264 8.12952328 1.00014633
5.54484084 3.02108685 2.89656500 8.12950608 1.00014671
5.54487520 3.02104142 2.89657711 8.12948921 1.00014708
5.54490888 3.02099690 2.89658897 8.12947268 1.00014743
5.54494188 3.02095327 2.89660061 8.12945649 1.00014776
5.54497422 3.02091051 2.89661200 8.12944062 1.00014808
5.54500592 3.02086860 2.89662317 8.12942506 1.00014839
5.54503698 3.02082754 2.89663412 8.12940982 1.00014869
5.54506742 3.02078730 2.89664485 8.12939488 1.00014898
5.54509726 3.02074786 2.89665536 8.12938024 1.00014925
5.54512649 3.02070921 2.89666567 8.12936589 1.00014951
5.54515515 3.02067134 2.89667576 8.12935183 1.00014977
5.54518323 3.02063422 2.89668566 8.12933805 1.00015001
5.54521075 3.02059784 2.89669536 8.12932455 1.00015024
5.54523772 3.02056220 2.89670486 8.12931131 1.00015047
5.54526415 3.02052726 2.89671418 8.12929834 1.00015068
5.54529005 3.02049303 2.89672331 8.12928563 1.00015089
5.54531544 3.02045948 2.89673225 8.12927318 1.00015109
5.54534032 3.02042660 2.89674102 8.12926097 1.00015128
5.54536470 3.02039438 2.89674961 8.12924901 1.00015146
5.54538859 3.02036281 2.89675803 8.12923729 1.00015164
5.54541201 3.02033186 2.89676628 8.12922580 1.00015181
5.54543496 3.02030154 2.89677437 8.12921454 1.00015197
5.54545745 3.02027182 2.89678229 8.12920351 1.00015213
5.54547949 3.02024270 2.89679006 8.12919269 1.00015227
5.54550109 3.02021416 2.89679767 8.12918210 1.00015242
5.54552226 3.02018619 2.89680513 8.12917171 1.00015256
5.54554300 3.02015878 2.89681244 8.12916153 1.00015269
5.54556333 3.02013192 2.89681960 8.12915156 1.00015282
5.54558326 3.02010560 2.89682663 8.12914179 1.00015294
5.54560279 3.02007980 2.89683351 8.12913221 1.00015306
5.54562192 3.02005452 2.89684025 8.12912282 1.00015317
5.54564068 3.02002974 2.89684686 8.12911362 1.00015328
5.54565906 3.02000547 2.89685333 8.12910460 1.00015338
5.54567707 3.01998167 2.89685968 8.12909577 1.00015348
5.54569472 3.01995836 2.89686590 8.12908711 1.00015358
5.54571202 3.01993551 2.89687200 8.12907863 1.00015367
5.54572898 3.01991311 2.89687797 8.12907031 1.00015376
5.54574559 3.01989117 2.89688382 8.12906216 1.00015384
5.54576188 3.01986966 2.89688956 8.12905417 1.00015392
5.54577783 3.01984859 2.89689518 8.12904635 1.00015400
5.54579347 3.01982793 2.89690069 8.12903868 1.00015408
5.54580880 3.01980769 2.89690609 8.12903116 1.00015415
5.54582382 3.01978786 2.89691139 8.12902379 1.00015422
5.54583854 3.01976842 2.89691657 8.12901657 1.00015429
5.54585297 3.01974937 2.89692166 8.12900950 1.00015435
5.54586710 3.01973070 2.89692664 8.12900257 1.00015441
5.54588096 3.01971241 2.89693152 8.12899577 1.00015447
5.54589454 3.01969448 2.89693630 8.12898911 1.00015453
5.54590784 3.01967691 2.89694099 8.12898259 1.00015458
5.54592089 3.01965969 2.89694559 8.12897619 1.00015463
5.54593367 3.01964281 2.89695009 8.12896992 1.00015468
5.54594619 3.01962628 2.89695450 8.12896378 1.00015473
5.54595847 3.01961007 2.89695883 8.12895776 1.00015478
5.54597050 3.01959419 2.89696306 8.12895186 1.00015482
5.54598229 3.01957863 2.89696722 8.12894608 1.00015487
5.54599384 3.01956338 2.89697129 8.12894042 1.00015491
5.54600516 3.01954843 2.89697528 8.12893487 1.00015495
5.54601626 3.01953378 2.89697919 8.12892943 1.00015498
5.54602714 3.01951943 2.89698302 8.12892409 1.00015502
5.54603779 3.01950536 2.89698677 8.12891887 1.00015506
5.54604824 3.01949158 2.89699045 8.12891375 1.00015509
5.54605847 3.01947807 2.89699406 8.12890873 1.00015512
5.54606851 3.01946483 2.89699759 8.12890381 1.00015515
5.54607834 3.01945185 2.89700106 8.12889899 1.00015518
5.54608797 3.01943914 2.89700445 8.12889427 1.00015521
5.54609741 3.01942668 2.89700778 8.12888964 1.00015524
5.54610667 3.01941447 2.89701104 8.12888510 1.00015526
5.54611574 3.01940250 2.89701423 8.12888066 1.00015529
5.54612462 3.01939077 2.89701736 8.12887630 1.00015531
5.54613333 3.01937928 2.89702043 8.12887203 1.00015534
5.54614187 3.01936802 2.89702344 8.12886785 1.00015536
5.54615023 3.01935698 2.89702638 8.12886375 1.00015538
5.54615843 3.01934616 2.89702927 8.12885973 1.00015540
5.54616647 3.01933556 2.89703210 8.12885579 1.00015542
5.54617434 3.01932517 2.89703488 8.12885193 1.00015544
5.54618206 3.01931499 2.89703759 8.12884815 1.00015546
5.54618962 3.01930502 2.89704026 8.12884444 1.00015548
5.54619703 3.01929524 2.89704287 8.12884081 1.00015549
5.54620429 3.01928566 2.89704543 8.12883725 1.00015551
5.54621141 3.01927627 2.89704793 8.12883376 1.00015553
5.54621839 3.01926707 2.89705039 8.12883034 1.00015554
5.54622522 3.01925805 2.89705280 8.12882699 1.00015555
5.54623192 3.01924921 2.89705516 8.12882371 1.00015557
5.54623849 3.01924055 2.89705747 8.12882049 1.00015558
5.54624492 3.01923207 2.89705974 8.12881734 1.00015559
5.54625123 3.01922375 2.89706196 8.12881425 1.00015561
5.54625741 3.01921560 2.89706414 8.12881122 1.00015562
5.54626347 3.01920761 2.89706627 8.12880825 1.00015563
5.54626940 3.01919979 2.89706836 8.12880534 1.00015564
5.54627522 3.01919211 2.89707041 8.12880249 1.00015565
