2.36838344 4.58346442 0.94917835 5.62754532 0.04397706
2.36872374 4.58359576 0.94957792 5.62696752 0.04403974
2.36906438 4.58372761 0.94997776 5.62638957 0.04410249
2.36940536 4.58385998 0.95037788 5.62581145 0.04416532
2.36974669 4.58399286 0.95077827 5.62523318 0.04422823
2.37008838 4.58412627 0.95117894 5.62465475 0.04429121
2.37043041 4.58426020 0.95157989 5.62407617 0.04435427
2.37077279 4.58439466 0.95198111 5.62349744 0.04441742
2.37111552 4.58452965 0.95238260 5.62291856 0.04448063
2.37145860 4.58466518 0.95278437 5.62233953 0.04454393
2.37180204 4.58480124 0.95318641 5.62176036 0.04460730
2.37214583 4.58493785 0.95358873 5.62118104 0.04467075
2.37248997 4.58507500 0.95399133 5.62060158 0.04473428
2.37283447 4.58521270 0.95439419 5.62002199 0.04479789
2.37317932 4.58535095 0.95479734 5.61944226 0.04486157
2.37352453 4.58548976 0.95520076 5.61886239 0.04492534
2.37387010 4.58562913 0.95560445 5.61828239 0.04498918
2.37421603 4.58576906 0.95600842 5.61770226 0.04505310
2.37456232 4.58590956 0.95641266 5.61712200 0.04511709
2.37490897 4.58605062 0.95681718 5.61654161 0.04518117
2.37525598 4.58619227 0.95722197 5.61596110 0.04524532
2.37560336 4.58633449 0.95762704 5.61538047 0.04530955
2.37595110 4.58647729 0.95803238 5.61479971 0.04537386
2.37629920 4.58662068 0.95843800 5.61421884 0.04543825
2.37664767 4.58676465 0.95884389 5.61363785 0.04550271
2.37699650 4.58690922 0.95925006 5.61305675 0.04556725
2.37734571 4.58705439 0.95965650 5.61247554 0.04563188
2.37769528 4.58720016 0.96006322 5.61189422 0.04569658
2.37804522 4.58734653 0.96047021 5.61131279 0.04576135
2.37839554 4.58749352 0.96087747 5.61073125 0.04582621
2.37874622 4.58764111 0.96128501 5.61014962 0.04589115
2.37909728 4.58778932 0.96169283 5.60956788 0.04595616
2.37944871 4.58793816 0.96210092 5.60898605 0.04602125
2.37980052 4.58808762 0.96250928 5.60840412 0.04608642
2.38015271 4.58823770 0.96291792 5.60782209 0.04615167
2.38050527 4.58838843 0.96332684 5.60723998 0.04621700
2.38085821 4.58853979 0.96373602 5.60665777 0.04628241
2.38121153 4.58869179 0.96414549 5.60607548 0.04634789
2.38156523 4.58884443 0.96455523 5.60549311 0.04641346
2.38191932 4.58899773 0.96496524 5.60491065 0.04647910
2.38227378 4.58915168 0.96537553 5.60432812 0.04654483
2.38262863 4.58930630 0.96578609 5.60374550 0.04661063
2.38298387 4.58946157 0.96619693 5.60316282 0.04667651
2.38333950 4.58961752 0.96660805 5.60258006 0.04674247
2.38369551 4.58977413 0.96701944 5.60199723 0.04680851
2.38405191 4.58993142 0.96743110 5.60141433 0.04687463
2.38440870 4.59008940 0.96784304 5.60083137 0.04694083
2.38476589 4.59024806 0.96825526 5.60024835 0.04700711
2.38512346 4.59040741 0.96866775 5.59966527 0.04707347
2.38548143 4.59056746 0.96908051 5.59908213 0.04713991
2.38583980 4.59072821 0.96949355 5.59849893 0.04720642
2.38619857 4.59088966 0.96990687 5.59791569 0.04727302
2.38655773 4.59105182 0.97032046 5.59733239 0.04733970
2.38691729 4.59121469 0.97073433 5.59674905 0.04740646
2.38727725 4.59137829 0.97114847 5.59616566 0.04747330
2.38763762 4.59154261 0.97156289 5.59558223 0.04754022
2.38799839 4.59170766 0.97197759 5.59499876 0.04760722
2.38835956 4.59187344 0.97239256 5.59441526 0.04767430
2.38872114 4.59203996 0.97280781 5.59383172 0.04774146
2.38908313 4.59220723 0.97322333 5.59324815 0.04780871
2.38944553 4.59237524 0.97363913 5.59266455 0.04787603
2.38980834 4.59254401 0.97405521 5.59208093 0.04794344
2.39017156 4.59271354 0.97447157 5.59149728 0.04801092
2.39053519 4.59288383 0.97488820 5.59091362 0.04807849
2.39089924 4.59305489 0.97530510 5.59032993 0.04814614
2.39126371 4.59322673 0.97572229 5.58974623 0.04821387
2.39162859 4.59339935 0.97613975 5.58916252 0.04828168
2.39199389 4.59357275 0.97655749 5.58857880 0.04834958
2.39235962 4.59374695 0.97697550 5.58799507 0.04841756
2.39272576 4.59392194 0.97739380 5.58741134 0.04848562
2.39309234 4.59409774 0.97781237 5.58682761 0.04855376
2.39345933 4.59427434 0.97823122 5.58624388 0.04862199
2.39382676 4.59445175 0.97865034 5.58566016 0.04869030
2.39419461 4.59462999 0.97906975 5.58507645 0.04875869
2.39456290 4.59480905 0.97948943 5.58449274 0.04882716
2.39493162 4.59498894 0.97990939 5.58390905 0.04889572
2.39530077 4.59516966 0.98032964 5.58332538 0.04896436
2.39567035 4.59535123 0.98075016 5.58274172 0.04903309
2.39604038 4.59553364 0.98117095 5.58215809 0.04910190
2.39641084 4.59571691 0.98159203 5.58157449 0.04917079
2.39678175 4.59590104 0.98201339 5.58099091 0.04923977
2.39715309 4.59608603 0.98243503 5.58040737 0.04930884
2.39752488 4.59627190 0.98285694 5.57982386 0.04937798
2.39789712 4.59645864 0.98327914 5.57924038 0.04944722
2.39826981 4.59664627 0.98370162 5.57865695 0.04951654
2.39864294 4.59683479 0.98412438 5.57807357 0.04958594
2.39901653 4.59702420 0.98454742 5.57749023 0.04965543
2.39939057 4.59721452 0.98497074 5.57690694 0.04972501
2.39976507 4.59740575 0.98539434 5.57632370 0.04979467
2.40014002 4.59759789 0.98581822 5.57574053 0.04986442
2.40051543 4.59779095 0.98624239 5.57515741 0.04993426
2.40089130 4.59798494 0.98666683 5.57457435 0.05000418
2.40126764 4.59817987 0.98709156 5.57399136 0.05007419
2.40164444 4.59837574 0.98751658 5.57340844 0.05014429
2.40202171 4.59857256 0.98794187 5.57282560 0.05021448
2.40239945 4.59877033 0.98836745 5.57224283 0.05028476
2.40277766 4.59896906 0.98879331 5.57166014 0.05035512
2.40315634 4.59916876 0.98921946 5.57107753 0.05042558
2.40353549 4.59936944 0.98964589 5.57049501 0.05049612
2.40391513 4.59957110 0.99007261 5.56991258 0.05056675
2.40429524 4.59977375 0.99049961 5.56933024 0.05063747
2.40467584 4.59997740 0.99092689 5.56874800 0.05070829
2.40505692 4.60018205 0.99135446 5.56816586 0.05077919
2.40543848 4.60038771 0.99178232 5.56758382 0.05085018
2.40582053 4.60059439 0.99221047 5.56700189 0.05092127
2.40620307 4.60080210 0.99263890 5.56642007 0.05099245
2.40658611 4.60101083 0.99306762 5.56583836 0.05106372
2.40696964 4.60122061 0.99349662 5.56525677 0.05113508
2.40735367 4.60143144 0.99392591 5.56467530 0.05120654
2.40773819 4.60164332 0.99435550 5.56409396 0.05127809
2.40812322 4.60185626 0.99478537 5.56351274 0.05134973
2.40850875 4.60207027 0.99521553 5.56293166 0.05142147
2.40889479 4.60228537 0.99564598 5.56235071 0.05149330
2.40928134 4.60250154 0.99607672 5.56176990 0.05156522
2.40966840 4.60271882 0.99650775 5.56118923 0.05163725
2.41005597 4.60293719 0.99693907 5.56060871 0.05170937
2.41044406 4.60315667 0.99737069 5.56002833 0.05178158
2.41083267 4.60337727 0.99780259 5.55944812 0.05185389
2.41122179 4.60359900 0.99823479 5.55886806 0.05192630
2.41161145 4.60382186 0.99866728 5.55828816 0.05199881
2.41200163 4.60404586 0.99910007 5.55770842 0.05207142
2.41239233 4.60427102 0.99953315 5.55712886 0.05214412
2.41278357 4.60449733 0.99996652 5.55654946 0.05221692
2.41317535 4.60472481 1.00040019 5.55597025 0.05228983
2.41356766 4.60495347 1.00083416 5.55539121 0.05236283
2.41396051 4.60518331 1.00126842 5.55481236 0.05243594
2.41435390 4.60541435 1.00170298 5.55423370 0.05250915
2.41474784 4.60564658 1.00213784 5.55365523 0.05258246
2.41514233 4.60588003 1.00257299 5.55307695 0.05265587
2.41553736 4.60611470 1.00300845 5.55249888 0.05272939
2.41593295 4.60635059 1.00344420 5.55192101 0.05280301
2.41632910 4.60658773 1.00388026 5.55134335 0.05287674
2.41672581 4.60682611 1.00431661 5.55076590 0.05295057
2.41712308 4.60706574 1.00475327 5.55018866 0.05302451
2.41752091 4.60730665 1.00519023 5.54961165 0.05309855
2.41791932 4.60754882 1.00562749 5.54903486 0.05317271
2.41831829 4.60779229 1.00606505 5.54845830 0.05324697
2.41871784 4.60803704 1.00650292 5.54788198 0.05332134
2.41911797 4.60828310 1.00694110 5.54730589 0.05339582
2.41951868 4.60853047 1.00737958 5.54673004 0.05347041
2.41991997 4.60877916 1.00781837 5.54615444 0.05354511
2.42032185 4.60902919 1.00825746 5.54557908 0.05361992
2.42072431 4.60928056 1.00869687 5.54500399 0.05369485
2.42112738 4.60953328 1.00913658 5.54442915 0.05376989
2.42153104 4.60978736 1.00957660 5.54385457 0.05384504
2.42193530 4.61004282 1.01001693 5.54328026 0.05392031
2.42234016 4.61029966 1.01045758 5.54270622 0.05399570
2.42274563 4.61055789 1.01089853 5.54213246 0.05407120
2.42315171 4.61081752 1.01133980 5.54155898 0.05414682
2.42355841 4.61107857 1.01178139 5.54098578 0.05422256
2.42396572 4.61134105 1.01222329 5.54041287 0.05429842
2.42437365 4.61160496 1.01266550 5.53984026 0.05437440
2.42478221 4.61187031 1.01310803 5.53926794 0.05445050
2.42519139 4.61213712 1.01355088 5.53869593 0.05452673
2.42560121 4.61240541 1.01399405 5.53812422 0.05460308
2.42601166 4.61267517 1.01443754 5.53755283 0.05467955
2.42642276 4.61294642 1.01488135 5.53698176 0.05475615
2.42683449 4.61321917 1.01532548 5.53641100 0.05483287
2.42724687 4.61349343 1.01576994 5.53584057 0.05490973
2.42765990 4.61376922 1.01621472 5.53527048 0.05498671
2.42807359 4.61404654 1.01665982 5.53470071 0.05506382
2.42848794 4.61432542 1.01710525 5.53413129 0.05514106
2.42890294 4.61460585 1.01755101 5.53356222 0.05521844
2.42931861 4.61488785 1.01799709 5.53299349 0.05529595
2.42973496 4.61517143 1.01844351 5.53242512 0.05537359
2.43015198 4.61545661 1.01889026 5.53185711 0.05545137
2.43056967 4.61574340 1.01933733 5.53128946 0.05552929
2.43098805 4.61603180 1.01978475 5.53072218 0.05560734
2.43140712 4.61632184 1.02023249 5.53015528 0.05568553
2.43182687 4.61661352 1.02068057 5.52958876 0.05576387
2.43224732 4.61690686 1.02112899 5.52902262 0.05584235
2.43266847 4.61720187 1.02157775 5.52845687 0.05592097
2.43309033 4.61749856 1.02202685 5.52789151 0.05599974
2.43351289 4.61779694 1.02247628 5.52732656 0.05607865
2.43393617 4.61809703 1.02292606 5.52676201 0.05615771
2.43436017 4.61839884 1.02337619 5.52619787 0.05623692
2.43478488 4.61870239 1.02382665 5.52563414 0.05631628
2.43521032 4.61900769 1.02427747 5.52507084 0.05639579
2.43563650 4.61931474 1.02472863 5.52450796 0.05647546
2.43606341 4.61962357 1.02518014 5.52394551 0.05655528
2.43649106 4.61993419 1.02563201 5.52338349 0.05663527
2.43691946 4.62024661 1.02608422 5.52282192 0.05671540
2.43734860 4.62056085 1.02653679 5.52226080 0.05679570
2.43777851 4.62087691 1.02698972 5.52170013 0.05687616
2.43820917 4.62119482 1.02744300 5.52113991 0.05695679
2.43864059 4.62151459 1.02789664 5.52058016 0.05703758
2.43907279 4.62183623 1.02835064 5.52002088 0.05711854
2.43950577 4.62215976 1.02880500 5.51946207 0.05719967
2.43993952 4.62248519 1.02925972 5.51890374 0.05728097
2.44037406 4.62281254 1.02971482 5.51834589 0.05736244
2.44080939 4.62314182 1.03017027 5.51778854 0.05744408
2.44124551 4.62347304 1.03062610 5.51723168 0.05752591
2.44168244 4.62380623 1.03108230 5.51667532 0.05760791
2.44212018 4.62414140 1.03153887 5.51611947 0.05769009
2.44255873 4.62447855 1.03199581 5.51556414 0.05777246
2.44299809 4.62481772 1.03245313 5.51500932 0.05785501
2.44343828 4.62515891 1.03291083 5.51445503 0.05793774
2.44387930 4.62550214 1.03336890 5.51390126 0.05802067
2.44432115 4.62584742 1.03382736 5.51334804 0.05810379
2.44476385 4.62619478 1.03428621 5.51279536 0.05818710
2.44520739 4.62654422 1.03474544 5.51224322 0.05827061
2.44565178 4.62689577 1.03520505 5.51169164 0.05835431
2.44609703 4.62724944 1.03566506 5.51114062 0.05843822
2.44654315 4.62760524 1.03612546 5.51059016 0.05852233
2.44699014 4.62796321 1.03658625 5.51004028 0.05860665
2.44743800 4.62832334 1.03704744 5.50949098 0.05869117
2.44788675 4.62868566 1.03750903 5.50894225 0.05877590
2.44833639 4.62905019 1.03797101 5.50839412 0.05886085
2.44878692 4.62941694 1.03843340 5.50784659 0.05894601
2.44923835 4.62978593 1.03889620 5.50729966 0.05903139
2.44969069 4.63015718 1.03935940 5.50675334 0.05911699
2.45014395 4.63053070 1.03982302 5.50620763 0.05920282
2.45059813 4.63090653 1.04028704 5.50566254 0.05928887
2.45105323 4.63128466 1.04075148 5.50511808 0.05937516
2.45150927 4.63166512 1.04121634 5.50457426 0.05946167
2.45196626 4.63204794 1.04168162 5.50403107 0.05954842
2.45242419 4.63243312 1.04214732 5.50348854 0.05963541
2.45288308 4.63282069 1.04261344 5.50294665 0.05972264
2.45334293 4.63321067 1.04307999 5.50240543 0.05981012
2.45380374 4.63360307 1.04354698 5.50186487 0.05989784
2.45426554 4.63399791 1.04401439 5.50132498 0.05998581
2.45472832 4.63439523 1.04448224 5.50078578 0.06007404
2.45519209 4.63479502 1.04495053 5.50024726 0.06016253
2.45565686 4.63519732 1.04541926 5.49970943 0.06025128
2.45612264 4.63560214 1.04588843 5.49917230 0.06034029
2.45658943 4.63600951 1.04635805 5.49863588 0.06042957
2.45705724 4.63641944 1.04682812 5.49810017 0.06051912
2.45752608 4.63683196 1.04729864 5.49756518 0.06060895
2.45799596 4.63724708 1.04776961 5.49703092 0.06069906
2.45846688 4.63766483 1.04824105 5.49649739 0.06078945
2.45893885 4.63808523 1.04871295 5.49596460 0.06088012
2.45941189 4.63850830 1.04918531 5.49543256 0.06097109
2.45988599 4.63893406 1.04965814 5.49490128 0.06106235
2.46036117 4.63936253 1.05013144 5.49437075 0.06115391
2.46083744 4.63979374 1.05060521 5.49384099 0.06124578
2.46131480 4.64022771 1.05107946 5.49331201 0.06133795
2.46179326 4.64066445 1.05155420 5.49278381 0.06143043
2.46227283 4.64110400 1.05202942 5.49225640 0.06152323
2.46275352 4.64154637 1.05250512 5.49172979 0.06161635
2.46323534 4.64199159 1.05298132 5.49120398 0.06170979
2.46371830 4.64243967 1.05345801 5.49067899 0.06180356
2.46420240 4.64289066 1.05393520 5.49015481 0.06189767
2.46468766 4.64334456 1.05441289 5.48963146 0.06199211
2.46517408 4.64380140 1.05489109 5.48910894 0.06208690
2.46566168 4.64426121 1.05536980 5.48858726 0.06218203
2.46615045 4.64472401 1.05584902 5.48806644 0.06227752
2.46664042 4.64518982 1.05632876 5.48754646 0.06237337
2.46713159 4.64565867 1.05680902 5.48702735 0.06246958
2.46762397 4.64613058 1.05728980 5.48650912 0.06256616
2.46811758 4.64660559 1.05777112 5.48599176 0.06266311
2.46861241 4.64708370 1.05825297 5.48547529 0.06276045
2.46910848 4.64756496 1.05873535 5.48495971 0.06285816
2.46960580 4.64804938 1.05921827 5.48444503 0.06295627
2.47010438 4.64853700 1.05970174 5.48393127 0.06305478
2.47060424 4.64902783 1.06018577 5.48341842 0.06315369
2.47110537 4.64952190 1.06067034 5.48290650 0.06325300
2.47160780 4.65001925 1.06115547 5.48239551 0.06335273
2.47211153 4.65051990 1.06164117 5.48188546 0.06345288
2.47261657 4.65102387 1.06212743 5.48137636 0.06355346
2.47312293 4.65153119 1.06261427 5.48086822 0.06365446
2.47363063 4.65204189 1.06310168 5.48036104 0.06375591
2.47413967 4.65255601 1.06358968 5.47985484 0.06385781
2.47465007 4.65307356 1.06407826 5.47934962 0.06396015
2.47516183 4.65359457 1.06456743 5.47884539 0.06406296
2.47567498 4.65411908 1.06505720 5.47834215 0.06416623
2.47618952 4.65464712 1.06554757 5.47783993 0.06426998
2.47670545 4.65517870 1.06603854 5.47733872 0.06437420
2.47722281 4.65571387 1.06653013 5.47683853 0.06447891
2.47774158 4.65625265 1.06702233 5.47633937 0.06458412
2.47826180 4.65679507 1.06751515 5.47584125 0.06468983
2.47878346 4.65734117 1.06800860 5.47534419 0.06479605
2.47930659 4.65789096 1.06850269 5.47484817 0.06490279
2.47983119 4.65844450 1.06899741 5.47435323 0.06501006
2.48035728 4.65900180 1.06949277 5.47385936 0.06511786
2.48088487 4.65956289 1.06998878 5.47336657 0.06522620
2.48141397 4.66012782 1.07048545 5.47287487 0.06533509
2.48194459 4.66069660 1.07098278 5.47238427 0.06544454
2.48247675 4.66126928 1.07148077 5.47189479 0.06555456
2.48301047 4.66184589 1.07197944 5.47140642 0.06566515
2.48354574 4.66242646 1.07247878 5.47091917 0.06577633
2.48408260 4.66301102 1.07297881 5.47043307 0.06588811
2.48462105 4.66359960 1.07347953 5.46994811 0.06600049
2.48516110 4.66419225 1.07398094 5.46946430 0.06611348
2.48570277 4.66478900 1.07448306 5.46898165 0.06622710
2.48624608 4.66538987 1.07498588 5.46850018 0.06634134
2.48679103 4.66599491 1.07548943 5.46801989 0.06645623
2.48733765 4.66660414 1.07599369 5.46754078 0.06657178
2.48788594 4.66721762 1.07649868 5.46706288 0.06668798
2.48843593 4.66783536 1.07700441 5.46658619 0.06680486
2.48898762 4.66845742 1.07751089 5.46611071 0.06692242
2.48954103 4.66908382 1.07801811 5.46563646 0.06704068
2.49009617 4.66971460 1.07852608 5.46516345 0.06715964
2.49065307 4.67034980 1.07903483 5.46469169 0.06727932
2.49121174 4.67098946 1.07954434 5.46422118 0.06739973
2.49177219 4.67163361 1.08005463 5.46375193 0.06752088
2.49233443 4.67228230 1.08056570 5.46328397 0.06764278
2.49289850 4.67293556 1.08107757 5.46281728 0.06776545
2.49346439 4.67359343 1.08159024 5.46235189 0.06788889
2.49403213 4.67425595 1.08210372 5.46188781 0.06801311
2.49460173 4.67492316 1.08261802 5.46142504 0.06813814
2.49517321 4.67559511 1.08313314 5.46096359 0.06826399
2.49574659 4.67627183 1.08364909 5.46050347 0.06839066
2.49632189 4.67695336 1.08416588 5.46004470 0.06851817
2.49689912 4.67763975 1.08468352 5.45958729 0.06864654
2.49747829 4.67833103 1.08520202 5.45913123 0.06877577
2.49805943 4.67902725 1.08572138 5.45867655 0.06890588
2.49864256 4.67972846 1.08624162 5.45822325 0.06903689
2.49922769 4.68043469 1.08676274 5.45777135 0.06916882
2.49981484 4.68114599 1.08728475 5.45732085 0.06930166
2.50040403 4.68186240 1.08780766 5.45687177 0.06943545
2.50099528 4.68258397 1.08833148 5.45642411 0.06957019
2.50158861 4.68331075 1.08885622 5.45597788 0.06970591
2.50218403 4.68404277 1.08938189 5.45553310 0.06984261
2.50278156 4.68478008 1.08990849 5.45508978 0.06998032
2.50338124 4.68552273 1.09043604 5.45464792 0.07011904
2.50398306 4.68627077 1.09096455 5.45420754 0.07025881
2.50458706 4.68702425 1.09149403 5.45376865 0.07039962
2.50519326 4.68778320 1.09202448 5.45333125 0.07054151
2.50580167 4.68854768 1.09255592 5.45289537 0.07068449
2.50641231 4.68931774 1.09308835 5.45246100 0.07082857
2.50702522 4.69009343 1.09362180 5.45202816 0.07097378
2.50764040 4.69087479 1.09415625 5.45159686 0.07112013
2.50825788 4.69166188 1.09469174 5.45116712 0.07126765
2.50887768 4.69245474 1.09522827 5.45073894 0.07141634
2.50949982 4.69325344 1.09576584 5.45031233 0.07156624
2.51012432 4.69405801 1.09630448 5.44988730 0.07171736
2.51075122 4.69486851 1.09684419 5.44946387 0.07186972
2.51138052 4.69568500 1.09738498 5.44904205 0.07202335
2.51201225 4.69650752 1.09792687 5.44862185 0.07217825
2.51264644 4.69733613 1.09846986 5.44820327 0.07233447
2.51328311 4.69817088 1.09901397 5.44778634 0.07249201
2.51392228 4.69901184 1.09955922 5.44737106 0.07265090
2.51456397 4.69985905 1.10010560 5.44695744 0.07281116
2.51520822 4.70071257 1.10065314 5.44654549 0.07297281
2.51585504 4.70157245 1.10120185 5.44613523 0.07313589
2.51650446 4.70243876 1.10175173 5.44572667 0.07330041
2.51715650 4.70331155 1.10230281 5.44531982 0.07346639
2.51781119 4.70419087 1.10285510 5.44491469 0.07363386
2.51846856 4.70507679 1.10340860 5.44451129 0.07380286
2.51912863 4.70596937 1.10396334 5.44410963 0.07397339
2.51979142 4.70686867 1.10451932 5.44370973 0.07414549
2.52045697 4.70777474 1.10507656 5.44331159 0.07431919
2.52112530 4.70868765 1.10563507 5.44291524 0.07449451
2.52179644 4.70960746 1.10619487 5.44252067 0.07467148
2.52247041 4.71053423 1.10675597 5.44212791 0.07485012
2.52314724 4.71146803 1.10731839 5.44173696 0.07503048
2.52382696 4.71240891 1.10788214 5.44134784 0.07521256
2.52450960 4.71335695 1.10844723 5.44096056 0.07539642
2.52519519 4.71431220 1.10901368 5.44057513 0.07558207
2.52588375 4.71527474 1.10958151 5.44019156 0.07576954
2.52657532 4.71624462 1.11015073 5.43980987 0.07595888
2.52726992 4.71722193 1.11072136 5.43943007 0.07615010
2.52796759 4.71820671 1.11129341 5.43905216 0.07634324
2.52866836 4.71919905 1.11186690 5.43867617 0.07653834
2.52937225 4.72019901 1.11244184 5.43830210 0.07673543
2.53007929 4.72120667 1.11301826 5.43792997 0.07693454
2.53078953 4.72222208 1.11359616 5.43755978 0.07713571
2.53150299 4.72324533 1.11417557 5.43719156 0.07733898
2.53221970 4.72427648 1.11475650 5.43682531 0.07754437
2.53293969 4.72531561 1.11533897 5.43646105 0.07775193
2.53366300 4.72636279 1.11592299 5.43609879 0.07796170
2.53438967 4.72741810 1.11650860 5.43573855 0.07817371
2.53511972 4.72848161 1.11709579 5.43538032 0.07838800
2.53585319 4.72955339 1.11768460 5.43502414 0.07860461
2.53659011 4.73063353 1.11827504 5.43467000 0.07882358
2.53733052 4.73172210 1.11886713 5.43431793 0.07904496
2.53807446 4.73281918 1.11946089 5.43396794 0.07926878
2.53882196 4.73392485 1.12005633 5.43362003 0.07949510
2.53957305 4.73503919 1.12065349 5.43327423 0.07972394
2.54032778 4.73616228 1.12125237 5.43293054 0.07995536
2.54108617 4.73729420 1.12185300 5.43258898 0.08018941
2.54184828 4.73843504 1.12245540 5.43224957 0.08042612
2.54261413 4.73958487 1.12305958 5.43191230 0.08066555
2.54338376 4.74074378 1.12366558 5.43157721 0.08090774
2.54415722 4.74191187 1.12427341 5.43124430 0.08115274
2.54493453 4.74308920 1.12488310 5.43091358 0.08140061
2.54571576 4.74427588 1.12549466 5.43058507 0.08165139
2.54650092 4.74547199 1.12610812 5.43025878 0.08190513
2.54729007 4.74667762 1.12672349 5.42993472 0.08216189
2.54808324 4.74789285 1.12734082 5.42961291 0.08242172
2.54888048 4.74911779 1.12796011 5.42929337 0.08268468
2.54968183 4.75035252 1.12858138 5.42897610 0.08295082
2.55048733 4.75159714 1.12920468 5.42866112 0.08322020
2.55129703 4.75285173 1.12983001 5.42834844 0.08349287
2.55211096 4.75411640 1.13045740 5.42803808 0.08376890
2.55292918 4.75539124 1.13108689 5.42773004 0.08404835
2.55375173 4.75667635 1.13171848 5.42742436 0.08433127
2.55457865 4.75797183 1.13235222 5.42712102 0.08461773
2.55540999 4.75927777 1.13298811 5.42682006 0.08490780
2.55624580 4.76059428 1.13362620 5.42652149 0.08520153
2.55708613 4.76192146 1.13426651 5.42622531 0.08549900
2.55793101 4.76325941 1.13490906 5.42593154 0.08580027
2.55878051 4.76460824 1.13555389 5.42564021 0.08610541
2.55963467 4.76596805 1.13620101 5.42535131 0.08641450
2.56049354 4.76733895 1.13685046 5.42506487 0.08672759
2.56135716 4.76872104 1.13750227 5.42478089 0.08704478
2.56222560 4.77011444 1.13815647 5.42449940 0.08736612
2.56309890 4.77151925 1.13881307 5.42422041 0.08769170
2.56397712 4.77293559 1.13947213 5.42394393 0.08802160
2.56486030 4.77436357 1.14013366 5.42366997 0.08835589
2.56574851 4.77580330 1.14079769 5.42339855 0.08869465
2.56664179 4.77725489 1.14146427 5.42312969 0.08903797
2.56754020 4.77871848 1.14213341 5.42286340 0.08938593
2.56844379 4.78019416 1.14280515 5.42259968 0.08973861
2.56935263 4.78168206 1.14347952 5.42233857 0.09009611
2.57026677 4.78318231 1.14415656 5.42208006 0.09045850
2.57118626 4.78469502 1.14483630 5.42182418 0.09082589
2.57211117 4.78622032 1.14551877 5.42157094 0.09119836
2.57304156 4.78775833 1.14620401 5.42132036 0.09157601
2.57397748 4.78930919 1.14689205 5.42107244 0.09195894
2.57491899 4.79087300 1.14758292 5.42082721 0.09234724
2.57586616 4.79244992 1.14827667 5.42058468 0.09274101
2.57681905 4.79404006 1.14897333 5.42034486 0.09314036
2.57777773 4.79564355 1.14967294 5.42010776 0.09354538
2.57874225 4.79726055 1.15037553 5.41987341 0.09395619
2.57971268 4.79889117 1.15108114 5.41964182 0.09437290
2.58068908 4.80053555 1.15178981 5.41941299 0.09479561
2.58167153 4.80219384 1.15250158 5.41918695 0.09522444
2.58266009 4.80386618 1.15321649 5.41896372 0.09565950
2.58365483 4.80555270 1.15393457 5.41874329 0.09610091
2.58465582 4.80725355 1.15465588 5.41852570 0.09654879
2.58566312 4.80896888 1.15538044 5.41831095 0.09700327
2.58667681 4.81069883 1.15610830 5.41809907 0.09746446
2.58769696 4.81244355 1.15683951 5.41789005 0.09793250
2.58872365 4.81420320 1.15757411 5.41768393 0.09840752
2.58975694 4.81597792 1.15831214 5.41748071 0.09888964
2.59079691 4.81776786 1.15905364 5.41728041 0.09937901
2.59184364 4.81957320 1.15979866 5.41708304 0.09987576
2.59289720 4.82139407 1.16054725 5.41688862 0.10038004
2.59395767 4.82323065 1.16129945 5.41669716 0.10089198
2.59502513 4.82508310 1.16205531 5.41650869 0.10141174
2.59609966 4.82695157 1.16281487 5.41632320 0.10193947
2.59718134 4.82883624 1.16357819 5.41614073 0.10247532
2.59827025 4.83073727 1.16434531 5.41596128 0.10301944
2.59936647 4.83265483 1.16511628 5.41578486 0.10357199
2.60047009 4.83458910 1.16589116 5.41561150 0.10413315
2.60158119 4.83654025 1.16666999 5.41544121 0.10470307
2.60269987 4.83850845 1.16745282 5.41527400 0.10528193
2.60382619 4.84049388 1.16823971 5.41510989 0.10586990
2.60496026 4.84249673 1.16903072 5.41494889 0.10646716
2.60610217 4.84451717 1.16982589 5.41479102 0.10707388
2.60725200 4.84655539 1.17062527 5.41463630 0.10769026
2.60840984 4.84861158 1.17142893 5.41448473 0.10831648
2.60957580 4.85068592 1.17223693 5.41433633 0.10895274
2.61074996 4.85277862 1.17304931 5.41419112 0.10959923
2.61193241 4.85488985 1.17386614 5.41404912 0.11025615
2.61312327 4.85701983 1.17468747 5.41391033 0.11092372
2.61432262 4.85916874 1.17551337 5.41377478 0.11160213
2.61553056 4.86133679 1.17634389 5.41364247 0.11229161
2.61674719 4.86352419 1.17717910 5.41351343 0.11299237
2.61797262 4.86573113 1.17801906 5.41338766 0.11370464
2.61920695 4.86795784 1.17886383 5.41326519 0.11442864
2.62045028 4.87020451 1.17971347 5.41314602 0.11516462
2.62170273 4.87247136 1.18056805 5.41303018 0.11591280
2.62296439 4.87475862 1.18142764 5.41291767 0.11667343
2.62423537 4.87706649 1.18229230 5.41280852 0.11744676
2.62551580 4.87939520 1.18316211 5.41270274 0.11823304
2.62680577 4.88174498 1.18403711 5.41260033 0.11903254
2.62810540 4.88411605 1.18491740 5.41250133 0.11984552
2.62941481 4.88650864 1.18580304 5.41240573 0.12067224
2.63073411 4.88892298 1.18669409 5.41231356 0.12151299
2.63206342 4.89135932 1.18759064 5.41222484 0.12236805
2.63340286 4.89381788 1.18849275 5.41213957 0.12323771
2.63475254 4.89629892 1.18940050 5.41205777 0.12412226
2.63611260 4.89880267 1.19031397 5.41197946 0.12502201
2.63748316 4.90132938 1.19123323 5.41190464 0.12593725
2.63886433 4.90387930 1.19215835 5.41183335 0.12686832
2.64025625 4.90645269 1.19308943 5.41176558 0.12781552
2.64165905 4.90904980 1.19402653 5.41170135 0.12877919
2.64307286 4.91167089 1.19496974 5.41164069 0.12975966
2.64449780 4.91431622 1.19591913 5.41158360 0.13075728
2.64593401 4.91698606 1.19687480 5.41153009 0.13177239
2.64738163 4.91968067 1.19783683 5.41148019 0.13280535
2.64884079 4.92240033 1.19880530 5.41143391 0.13385653
2.65031164 4.92514531 1.19978029 5.41139125 0.13492630
2.65179431 4.92791590 1.20076190 5.41135224 0.13601504
2.65328894 4.93071236 1.20175021 5.41131690 0.13712315
2.65479567 4.93353499 1.20274532 5.41128522 0.13825101
2.65631466 4.93638407 1.20374731 5.41125724 0.13939904
2.65784605 4.93925990 1.20475627 5.41123295 0.14056765
2.65938999 4.94216276 1.20577230 5.41121238 0.14175727
2.66094662 4.94509296 1.20679549 5.41119554 0.14296832
2.66251611 4.94805079 1.20782594 5.41118245 0.14420125
2.66409860 4.95103656 1.20886375 5.41117312 0.14545651
2.66569425 4.95405057 1.20990900 5.41116755 0.14673457
2.66730322 4.95709314 1.21096181 5.41116577 0.14803589
2.66892567 4.96016458 1.21202226 5.41116779 0.14936095
2.67056175 4.96326520 1.21309047 5.41117363 0.15071024
2.67221164 4.96639533 1.21416653 5.41118329 0.15208427
2.67387549 4.96955528 1.21525055 5.41119679 0.15348355
2.67555348 4.97274540 1.21634263 5.41121414 0.15490860
2.67724576 4.97596599 1.21744287 5.41123536 0.15635995
2.67895251 4.97921740 1.21855140 5.41126045 0.15783814
2.68067390 4.98249996 1.21966830 5.41128944 0.15934373
2.68241011 4.98581402 1.22079369 5.41132234 0.16087729
2.68416130 4.98915990 1.22192769 5.41135915 0.16243940
2.68592766 4.99253797 1.22307040 5.41139989 0.16403064
2.68770937 4.99594856 1.22422194 5.41144458 0.16565161
2.68950659 4.99939202 1.22538241 5.41149322 0.16730293
2.69131952 5.00286871 1.22655194 5.41154583 0.16898522
2.69314833 5.00637899 1.22773064 5.41160242 0.17069912
2.69499321 5.00992322 1.22891863 5.41166301 0.17244527
2.69685435 5.01350175 1.23011602 5.41172759 0.17422435
2.69873193 5.01711495 1.23132294 5.41179619 0.17603702
2.70062614 5.02076319 1.23253949 5.41186882 0.17788397
2.70253717 5.02444683 1.23376581 5.41194549 0.17976591
2.70446521 5.02816624 1.23500201 5.41202620 0.18168353
2.70641045 5.03192181 1.23624822 5.41211098 0.18363758
2.70837309 5.03571390 1.23750456 5.41219983 0.18562878
2.71035332 5.03954289 1.23877116 5.41229276 0.18765789
2.71235133 5.04340915 1.24004813 5.41238978 0.18972566
2.71436733 5.04731308 1.24133560 5.41249090 0.19183289
2.71640150 5.05125504 1.24263370 5.41259614 0.19398035
2.71845404 5.05523542 1.24394255 5.41270549 0.19616886
2.72052516 5.05925460 1.24526228 5.41281898 0.19839922
2.72261504 5.06331296 1.24659303 5.41293661 0.20067226
2.72472390 5.06741090 1.24793490 5.41305838 0.20298882
2.72685192 5.07154878 1.24928804 5.41318432 0.20534976
2.72899930 5.07572700 1.25065256 5.41331442 0.20775595
2.73116625 5.07994593 1.25202861 5.41344869 0.21020824
2.73335297 5.08420596 1.25341629 5.41358714 0.21270755
2.73555964 5.08850747 1.25481575 5.41372978 0.21525476
2.73778647 5.09285084 1.25622710 5.41387661 0.21785079
2.74003365 5.09723644 1.25765048 5.41402764 0.22049655
2.74230139 5.10166464 1.25908601 5.41418288 0.22319298
2.74458986 5.10613583 1.26053382 5.41434233 0.22594102
2.74689927 5.11065037 1.26199402 5.41450599 0.22874162
2.74922981 5.11520861 1.26346675 5.41467388 0.23159573
2.75158166 5.11981094 1.26495212 5.41484599 0.23450432
2.75395501 5.12445769 1.26645026 5.41502233 0.23746837
2.75635005 5.12914923 1.26796129 5.41520289 0.24048885
2.75876695 5.13388589 1.26948532 5.41538769 0.24356675
2.76120590 5.13866801 1.27102247 5.41557672 0.24670305
2.76366707 5.14349593 1.27257286 5.41576999 0.24989874
2.76615064 5.14836998 1.27413660 5.41596749 0.25315482
2.76865676 5.15329045 1.27571379 5.41616923 0.25647229
2.77118560 5.15825767 1.27730454 5.41637519 0.25985212
2.77373732 5.16327193 1.27890896 5.41658539 0.26329533
2.77631208 5.16833351 1.28052715 5.41679981 0.26680288
2.77891001 5.17344269 1.28215920 5.41701846 0.27037577
2.78153126 5.17859974 1.28380521 5.41724132 0.27401497
2.78417596 5.18380489 1.28546527 5.41746839 0.27772144
2.78684425 5.18905838 1.28713946 5.41769967 0.28149614
2.78953623 5.19436043 1.28882787 5.41793515 0.28534002
2.79225203 5.19971126 1.29053057 5.41817481 0.28925400
2.79499174 5.20511103 1.29224762 5.41841865 0.29323898
2.79775546 5.21055992 1.29397910 5.41866666 0.29729587
2.80054327 5.21605808 1.29572507 5.41891882 0.30142552
2.80335525 5.22160563 1.29748557 5.41917512 0.30562878
2.80619146 5.22720269 1.29926066 5.41943555 0.30990646
2.80905195 5.23284933 1.30105037 5.41970008 0.31425934
2.81193676 5.23854561 1.30285473 5.41996870 0.31868817
2.81484592 5.24429157 1.30467377 5.42024139 0.32319366
2.81777945 5.25008721 1.30650750 5.42051812 0.32777647
2.82073733 5.25593251 1.30835593 5.42079889 0.33243724
2.82371957 5.26182743 1.31021906 5.42108365 0.33717653
2.82672611 5.26777187 1.31209687 5.42137238 0.34199486
2.82975693 5.27376573 1.31398935 5.42166506 0.34689271
2.83281196 5.27980886 1.31589646 5.42196165 0.35187047
2.83589110 5.28590107 1.31781816 5.42226212 0.35692849
2.83899428 5.29204215 1.31975439 5.42256644 0.36206705
2.84212135 5.29823184 1.32170508 5.42287457 0.36728633
2.84527220 5.30446984 1.32367017 5.42318647 0.37258646
2.84844666 5.31075582 1.32564955 5.42350210 0.37796749
2.85164454 5.31708940 1.32764313 5.42382142 0.38342936
2.85486565 5.32347015 1.32965078 5.42414438 0.38897193
2.85810976 5.32989761 1.33167237 5.42447093 0.39459497
2.86137663 5.33637125 1.33370776 5.42480103 0.40029815
2.86466598 5.34289053 1.33575678 5.42513461 0.40608102
2.86797750 5.34945481 1.33781926 5.42547163 0.41194305
2.87131090 5.35606346 1.33989500 5.42581202 0.41788356
2.87466580 5.36271574 1.34198380 5.42615572 0.42390178
2.87804184 5.36941089 1.34408542 5.42650267 0.42999681
2.88143861 5.37614809 1.34619963 5.42685280 0.43616761
2.88485569 5.38292647 1.34832617 5.42720604 0.44241304
2.88829261 5.38974509 1.35046475 5.42756232 0.44873181
2.89174890 5.39660296 1.35261509 5.42792156 0.45512248
2.89522402 5.40349904 1.35477687 5.42828368 0.46158350
2.89871745 5.41043223 1.35694975 5.42864861 0.46811315
2.90222860 5.41740136 1.35913340 5.42901625 0.47470960
2.90575687 5.42440522 1.36132744 5.42938652 0.48137083
2.90930162 5.43144251 1.36353148 5.42975933 0.48809472
2.91286220 5.43851191 1.36574512 5.43013458 0.49487896
2.91643791 5.44561202 1.36796794 5.43051217 0.50172113
2.92002803 5.45274137 1.37019949 5.43089202 0.50861864
2.92363180 5.45989846 1.37243931 5.43127400 0.51556876
2.92724844 5.46708172 1.37468693 5.43165803 0.52256860
2.93087715 5.47428951 1.37694185 5.43204398 0.52961516
2.93451708 5.48152016 1.37920355 5.43243175 0.53670527
2.93816738 5.48877191 1.38147151 5.43282123 0.54383563
2.94182714 5.49604300 1.38374517 5.43321229 0.55100282
2.94549546 5.50333156 1.38602398 5.43360482 0.55820327
2.94917138 5.51063571 1.38830735 5.43399870 0.56543331
2.95285394 5.51795351 1.39059469 5.43439380 0.57268915
2.95654216 5.52528298 1.39288539 5.43478999 0.57996687
2.96023502 5.53262208 1.39517882 5.43518715 0.58726247
2.96393149 5.53996876 1.39747436 5.43558516 0.59457185
2.96763051 5.54732090 1.39977136 5.43598386 0.60189083
2.97133103 5.55467638 1.40206916 5.43638315 0.60921515
2.97503195 5.56203301 1.40436708 5.43678287 0.61654049
2.97873218 5.56938861 1.40666447 5.43718289 0.62386246
2.98243062 5.57674095 1.40896062 5.43758309 0.63117664
2.98612613 5.58408780 1.41125486 5.43798331 0.63847859
2.98981759 5.59142688 1.41354648 5.43838342 0.64576383
2.99350387 5.59875594 1.41583479 5.43878329 0.65302787
2.99718383 5.60607269 1.41811907 5.43918277 0.66026624
3.00085631 5.61337484 1.42039864 5.43958173 0.66747448
3.00452019 5.62066012 1.42267277 5.43998003 0.67464815
3.00817431 5.62792624 1.42494078 5.44037753 0.68178287
3.01181755 5.63517093 1.42720194 5.44077409 0.68887429
3.01544876 5.64239192 1.42945558 5.44116958 0.69591815
3.01906683 5.64958698 1.43170098 5.44156387 0.70291026
3.02267064 5.65675387 1.43393747 5.44195682 0.70984650
3.02625909 5.66389040 1.43616437 5.44234830 0.71672288
3.02983110 5.67099439 1.43838100 5.44273818 0.72353551
3.03338558 5.67806370 1.44058670 5.44312633 0.73028062
3.03692149 5.68509624 1.44278083 5.44351263 0.73695456
3.04043781 5.69208993 1.44496273 5.44389696 0.74355384
3.04393350 5.69904277 1.44713180 5.44427919 0.75007512
3.04740759 5.70595277 1.44928741 5.44465922 0.75651520
3.05085912 5.71281801 1.45142898 5.44503692 0.76287106
3.05428714 5.71963663 1.45355593 5.44541218 0.76913982
3.05769075 5.72640682 1.45566769 5.44578491 0.77531882
3.06106908 5.73312680 1.45776372 5.44615498 0.78140553
3.06442127 5.73979491 1.45984350 5.44652231 0.78739765
3.06774650 5.74640950 1.46190652 5.44688680 0.79329303
3.07104400 5.75296901 1.46395230 5.44724836 0.79908972
3.07431301 5.75947194 1.46598038 5.44760689 0.80478595
3.07755283 5.76591687 1.46799031 5.44796232 0.81038016
3.08076276 5.77230244 1.46998168 5.44831456 0.81587095
3.08394216 5.77862735 1.47195408 5.44866353 0.82125713
3.08709042 5.78489040 1.47390714 5.44900917 0.82653767
3.09020698 5.79109044 1.47584051 5.44935141 0.83171175
3.09329129 5.79722639 1.47775385 5.44969018 0.83677869
3.09634286 5.80329726 1.47964685 5.45002542 0.84173803
3.09936122 5.80930213 1.48151924 5.45035708 0.84658944
3.10234595 5.81524014 1.48337074 5.45068511 0.85133279
3.10529665 5.82111051 1.48520111 5.45100946 0.85596807
3.10821296 5.82691252 1.48701014 5.45133009 0.86049545
3.11109458 5.83264555 1.48879763 5.45164695 0.86491524
3.11394121 5.83830902 1.49056340 5.45196002 0.86922790
3.11675261 5.84390243 1.49230730 5.45226927 0.87343400
3.11952855 5.84942535 1.49402919 5.45257466 0.87753427
3.12226886 5.85487741 1.49572897 5.45287617 0.88152953
3.12497338 5.86025830 1.49740653 5.45317379 0.88542073
3.12764199 5.86556779 1.49906181 5.45346750 0.88920892
3.13027461 5.87080569 1.50069475 5.45375729 0.89289524
3.13287116 5.87597188 1.50230531 5.45404314 0.89648095
3.13543164 5.88106631 1.50389348 5.45432505 0.89996736
3.13795602 5.88608896 1.50545925 5.45460302 0.90335588
3.14044433 5.89103987 1.50700264 5.45487706 0.90664798
3.14289663 5.89591915 1.50852369 5.45514715 0.90984520
3.14531298 5.90072694 1.51002243 5.45541332 0.91294912
3.14769349 5.90546343 1.51149893 5.45567556 0.91596140
3.15003828 5.91012886 1.51295326 5.45593389 0.91888371
3.15234748 5.91472352 1.51438552 5.45618833 0.92171779
3.15462126 5.91924773 1.51579580 5.45643889 0.92446540
3.15685981 5.92370184 1.51718422 5.45668559 0.92712831
3.15906333 5.92808627 1.51855090 5.45692845 0.92970835
3.16123202 5.93240143 1.51989599 5.45716749 0.93220733
3.16336614 5.93664780 1.52121962 5.45740274 0.93462709
3.16546592 5.94082588 1.52252195 5.45763422 0.93696947
3.16753164 5.94493620 1.52380314 5.45786197 0.93923633
3.16956357 5.94897930 1.52506338 5.45808600 0.94142951
3.17156201 5.95295577 1.52630284 5.45830636 0.94355086
3.17352725 5.95686621 1.52752171 5.45852308 0.94560221
3.17545962 5.96071124 1.52872018 5.45873618 0.94758539
3.17735944 5.96449151 1.52989846 5.45894571 0.94950222
3.17922704 5.96820769 1.53105675 5.45915170 0.95135449
3.18106276 5.97186045 1.53219527 5.45935419 0.95314399
3.18286696 5.97545049 1.53331423 5.45955321 0.95487246
3.18463998 5.97897852 1.53441386 5.45974880 0.95654165
3.18638220 5.98244525 1.53549438 5.45994101 0.95815327
3.18809398 5.98585143 1.53655601 5.46012987 0.95970900
3.18977570 5.98919780 1.53759900 5.46031542 0.96121050
3.19142773 5.99248510 1.53862357 5.46049771 0.96265940
3.19305045 5.99571409 1.53962997 5.46067678 0.96405729
3.19464426 5.99888555 1.54061842 5.46085266 0.96540576
3.19620953 6.00200023 1.54158918 5.46102540 0.96670632
3.19774665 6.00505892 1.54254248 5.46119504 0.96796049
3.19925602 6.00806239 1.54347857 5.46136163 0.96916975
3.20073803 6.01101142 1.54439768 5.46152521 0.97033551
3.20219307 6.01390679 1.54530006 5.46168582 0.97145921
3.20362154 6.01674929 1.54618596 5.46184350 0.97254219
3.20502382 6.01953968 1.54705562 5.46199830 0.97358581
3.20640030 6.02227876 1.54790928 5.46215025 0.97459136
3.20775139 6.02496730 1.54874719 5.46229941 0.97556011
3.20907746 6.02760607 1.54956959 5.46244582 0.97649331
3.21037892 6.03019585 1.55037671 5.46258951 0.97739215
3.21165613 6.03273741 1.55116880 5.46273053 0.97825780
3.21290950 6.03523151 1.55194609 5.46286893 0.97909141
3.21413940 6.03767892 1.55270883 5.46300473 0.97989407
3.21534620 6.04008038 1.55345725 5.46313800 0.98066687
3.21653030 6.04243665 1.55419158 5.46326876 0.98141083
3.21769206 6.04474848 1.55491206 5.46339705 0.98212698
3.21883185 6.04701660 1.55561892 5.46352293 0.98281628
3.21995004 6.04924174 1.55631237 5.46364643 0.98347970
3.22104700 6.05142463 1.55699266 5.46376758 0.98411815
3.22212308 6.05356599 1.55766000 5.46388644 0.98473252
3.22317865 6.05566652 1.55831462 5.46400303 0.98532368
3.22421405 6.05772693 1.55895673 5.46411739 0.98589246
3.22522964 6.05974792 1.55958655 5.46422958 0.98643968
3.22622576 6.06173017 1.56020430 5.46433961 0.98696610
3.22720276 6.06367436 1.56081018 5.46444754 0.98747250
3.22816096 6.06558116 1.56140441 5.46455340 0.98795960
3.22910071 6.06745123 1.56198720 5.46465721 0.98842811
3.23002233 6.06928524 1.56255874 5.46475903 0.98887872
3.23092615 6.07108381 1.56311924 5.46485889 0.98931208
3.23181248 6.07284760 1.56366890 5.46495682 0.98972883
3.23268165 6.07457723 1.56420790 5.46505285 0.99012958
3.23353395 6.07627331 1.56473646 5.46514702 0.99051494
3.23436971 6.07793647 1.56525475 5.46523937 0.99088548
3.23518922 6.07956729 1.56576296 5.46532992 0.99124175
3.23599279 6.08116638 1.56626129 5.46541872 0.99158428
3.23678069 6.08273431 1.56674990 5.46550578 0.99191359
3.23755323 6.08427167 1.56722898 5.46559115 0.99223018
3.23831069 6.08577902 1.56769871 5.46567486 0.99253453
3.23905335 6.08725692 1.56815926 5.46575693 0.99282709
3.23978148 6.08870591 1.56861080 5.46583740 0.99310833
3.24049536 6.09012654 1.56905351 5.46591630 0.99337866
3.24119525 6.09151934 1.56948753 5.46599365 0.99363849
3.24188142 6.09288483 1.56991305 5.46606949 0.99388824
3.24255413 6.09422353 1.57033022 5.46614384 0.99412828
3.24321362 6.09553593 1.57073919 5.46621674 0.99435898
3.24386016 6.09682255 1.57114013 5.46628820 0.99458071
3.24449398 6.09808387 1.57153318 5.46635826 0.99479380
3.24511532 6.09932037 1.57191850 5.46642694 0.99499858
3.24572443 6.10053253 1.57229622 5.46649427 0.99519538
3.24632155 6.10172080 1.57266651 5.46656028 0.99538449
3.24690688 6.10288565 1.57302950 5.46662499 0.99556623
3.24748068 6.10402752 1.57338532 5.46668842 0.99574086
3.24804314 6.10514685 1.57373412 5.46675060 0.99590867
3.24859451 6.10624408 1.57407603 5.46681155 0.99606991
3.24913497 6.10731964 1.57441119 5.46687131 0.99622485
3.24966476 6.10837394 1.57473972 5.46692988 0.99637372
3.25018407 6.10940739 1.57506176 5.46698729 0.99651676
3.25069310 6.11042040 1.57537742 5.46704357 0.99665420
3.25119206 6.11141336 1.57568684 5.46709874 0.99678625
3.25168114 6.11238666 1.57599013 5.46715282 0.99691312
3.25216053 6.11334067 1.57628741 5.46720582 0.99703502
3.25263043 6.11427579 1.57657880 5.46725778 0.99715213
3.25309100 6.11519237 1.57686441 5.46730871 0.99726465
3.25354245 6.11609078 1.57714436 5.46735863 0.99737275
3.25398494 6.11697136 1.57741876 5.46740756 0.99747660
3.25441865 6.11783448 1.57768771 5.46745552 0.99757637
3.25484375 6.11868046 1.57795132 5.46750253 0.99767222
3.25526041 6.11950965 1.57820970 5.46754861 0.99776430
3.25566880 6.12032237 1.57846295 5.46759377 0.99785276
3.25606907 6.12111894 1.57871116 5.46763804 0.99793773
3.25646139 6.12189969 1.57895444 5.46768142 0.99801937
3.25684591 6.12266492 1.57919289 5.46772395 0.99809779
3.25722279 6.12341494 1.57942660 5.46776563 0.99817313
3.25759217 6.12415004 1.57965565 5.46780649 0.99824550
3.25795421 6.12487053 1.57988016 5.46784653 0.99831502
3.25830904 6.12557668 1.58010019 5.46788577 0.99838180
3.25865681 6.12626878 1.58031585 5.46792424 0.99844595
3.25899766 6.12694710 1.58052721 5.46796194 0.99850757
3.25933173 6.12761193 1.58073437 5.46799889 0.99856676
3.25965914 6.12826352 1.58093740 5.46803511 0.99862362
3.25998004 6.12890213 1.58113639 5.46807060 0.99867823
3.26029454 6.12952803 1.58133142 5.46810539 0.99873070
3.26060278 6.13014146 1.58152256 5.46813949 0.99878109
3.26090488 6.13074267 1.58170989 5.46817291 0.99882949
3.26120096 6.13133190 1.58189349 5.46820566 0.99887599
3.26149114 6.13190938 1.58207343 5.46823776 0.99892065
3.26177553 6.13247536 1.58224979 5.46826923 0.99896355
3.26205426 6.13303006 1.58242263 5.46830006 0.99900476
3.26232743 6.13357370 1.58259202 5.46833028 0.99904433
3.26259515 6.13410650 1.58275804 5.46835990 0.99908235
3.26285753 6.13462867 1.58292074 5.46838893 0.99911886
3.26311469 6.13514043 1.58308020 5.46841738 0.99915394
3.26336671 6.13564199 1.58323648 5.46844526 0.99918763
3.26361370 6.13613354 1.58338964 5.46847259 0.99921998
3.26385577 6.13661528 1.58353974 5.46849938 0.99925106
3.26409301 6.13708742 1.58368686 5.46852562 0.99928091
3.26432551 6.13755013 1.58383103 5.46855135 0.99930959
3.26455337 6.13800361 1.58397233 5.46857656 0.99933712
3.26477669 6.13844804 1.58411081 5.46860127 0.99936358
3.26499555 6.13888360 1.58424652 5.46862549 0.99938898
3.26521004 6.13931047 1.58437952 5.46864923 0.99941338
3.26542025 6.13972881 1.58450987 5.46867249 0.99943682
3.26562626 6.14013881 1.58463762 5.46869528 0.99945933
3.26582816 6.14054062 1.58476282 5.46871763 0.99948095
3.26602603 6.14093441 1.58488552 5.46873952 0.99950172
3.26621995 6.14132034 1.58500576 5.46876098 0.99952166
3.26641000 6.14169856 1.58512361 5.46878202 0.99954082
3.26659625 6.14206922 1.58523910 5.46880263 0.99955922
3.26677878 6.14243249 1.58535229 5.46882283 0.99957689
3.26695767 6.14278850 1.58546321 5.46884263 0.99959386
3.26713298 6.14313740 1.58557192 5.46886203 0.99961016
3.26730479 6.14347933 1.58567846 5.46888104 0.99962582
3.26747317 6.14381443 1.58578287 5.46889968 0.99964086
3.26763819 6.14414284 1.58588520 5.46891794 0.99965530
3.26779991 6.14446469 1.58598548 5.46893584 0.99966917
3.26795840 6.14478011 1.58608375 5.46895339 0.99968250
3.26811372 6.14508923 1.58618007 5.46897058 0.99969529
3.26826594 6.14539217 1.58627446 5.46898743 0.99970758
3.26841512 6.14568906 1.58636696 5.46900394 0.99971939
3.26856131 6.14598002 1.58645761 5.46902012 0.99973072
3.26870459 6.14626517 1.58654646 5.46903598 0.99974161
3.26884500 6.14654461 1.58663353 5.46905152 0.99975207
3.26898261 6.14681848 1.58671885 5.46906676 0.99976211
3.26911747 6.14708687 1.58680248 5.46908169 0.99977176
3.26924963 6.14734990 1.58688443 5.46909632 0.99978102
3.26937915 6.14760767 1.58696474 5.46911065 0.99978992
3.26950609 6.14786029 1.58704345 5.46912471 0.99979847
3.26963048 6.14810786 1.58712059 5.46913848 0.99980667
3.26975239 6.14835048 1.58719618 5.46915197 0.99981456
3.26987187 6.14858826 1.58727027 5.46916520 0.99982213
3.26998895 6.14882128 1.58734287 5.46917816 0.99982940
3.27010370 6.14904965 1.58741402 5.46919087 0.99983638
3.27021615 6.14927345 1.58748375 5.46920332 0.99984309
3.27032636 6.14949278 1.58755208 5.46921552 0.99984953
3.27043436 6.14970772 1.58761905 5.46922748 0.99985572
3.27054020 6.14991837 1.58768468 5.46923920 0.99986166
3.27064393 6.15012481 1.58774900 5.46925068 0.99986737
3.27074558 6.15032712 1.58781203 5.46926194 0.99987285
3.27084520 6.15052539 1.58787381 5.46927297 0.99987811
3.27094283 6.15071969 1.58793435 5.46928378 0.99988317
3.27103851 6.15091011 1.58799367 5.46929437 0.99988803
3.27113228 6.15109673 1.58805181 5.46930475 0.99989269
3.27122417 6.15127961 1.58810879 5.46931493 0.99989717
3.27131422 6.15145884 1.58816463 5.46932490 0.99990147
3.27140248 6.15163448 1.58821936 5.46933467 0.99990560
3.27148897 6.15180661 1.58827299 5.46934425 0.99990957
3.27157373 6.15197531 1.58832555 5.46935364 0.99991338
3.27165679 6.15214062 1.58837705 5.46936284 0.99991704
3.27173820 6.15230264 1.58842753 5.46937185 0.99992055
3.27181798 6.15246141 1.58847700 5.46938069 0.99992393
3.27189616 6.15261702 1.58852548 5.46938935 0.99992717
3.27197278 6.15276951 1.58857298 5.46939783 0.99993029
3.27204787 6.15291895 1.58861954 5.46940615 0.99993328
3.27212145 6.15306540 1.58866517 5.46941430 0.99993615
3.27219357 6.15320893 1.58870989 5.46942228 0.99993891
3.27226424 6.15334958 1.58875371 5.46943011 0.99994156
3.27233350 6.15348743 1.58879666 5.46943778 0.99994410
3.27240138 6.15362251 1.58883874 5.46944530 0.99994654
3.27246789 6.15375490 1.58887999 5.46945267 0.99994889
3.27253308 6.15388464 1.58892041 5.46945989 0.99995115
3.27259697 6.15401179 1.58896002 5.46946696 0.99995331
3.27265958 6.15413639 1.58899884 5.46947390 0.99995539
3.27272093 6.15425851 1.58903689 5.46948069 0.99995739
3.27278106 6.15437818 1.58907417 5.46948735 0.99995930
3.27283999 6.15449545 1.58911071 5.46949388 0.99996115
3.27289773 6.15461039 1.58914652 5.46950028 0.99996291
3.27295433 6.15472302 1.58918161 5.46950655 0.99996461
3.27300979 6.15483341 1.58921600 5.46951269 0.99996624
3.27306414 6.15494158 1.58924970 5.46951871 0.99996781
3.27311741 6.15504760 1.58928273 5.46952461 0.99996932
3.27316961 6.15515149 1.58931510 5.46953040 0.99997076
3.27322077 6.15525331 1.58934682 5.46953606 0.99997215
3.27327090 6.15535309 1.58937790 5.46954162 0.99997348
3.27332003 6.15545087 1.58940837 5.46954706 0.99997476
3.27336818 6.15554670 1.58943822 5.46955240 0.99997599
3.27341537 6.15564061 1.58946748 5.46955762 0.99997717
3.27346161 6.15573265 1.58949615 5.46956275 0.99997831
3.27350693 6.15582285 1.58952425 5.46956777 0.99997940
3.27355134 6.15591124 1.58955179 5.46957269 0.99998044
3.27359487 6.15599786 1.58957878 5.46957751 0.99998145
3.27363752 6.15608275 1.58960523 5.46958224 0.99998241
3.27367932 6.15616595 1.58963114 5.46958687 0.99998334
3.27372029 6.15624748 1.58965655 5.46959141 0.99998423
3.27376043 6.15632738 1.58968144 5.46959585 0.99998509
3.27379978 6.15640568 1.58970583 5.46960021 0.99998591
3.27383833 6.15648242 1.58972974 5.46960449 0.99998670
3.27387612 6.15655763 1.58975317 5.46960867 0.99998745
3.27391315 6.15663132 1.58977613 5.46961278 0.99998818
3.27394944 6.15670355 1.58979863 5.46961680 0.99998888
3.27398500 6.15677433 1.58982068 5.46962074 0.99998955
3.27401985 6.15684370 1.58984229 5.46962460 0.99999019
3.27405401 6.15691168 1.58986347 5.46962839 0.99999081
3.27408748 6.15697830 1.58988422 5.46963210 0.99999141
3.27412028 6.15704358 1.58990456 5.46963573 0.99999198
3.27415243 6.15710757 1.58992449 5.46963929 0.99999253
3.27418393 6.15717027 1.58994403 5.46964278 0.99999305
3.27421481 6.15723172 1.58996317 5.46964621 0.99999356
3.27424506 6.15729194 1.58998193 5.46964956 0.99999404
3.27427471 6.15735095 1.59000032 5.46965285 0.99999451
3.27430377 6.15740879 1.59001834 5.46965607 0.99999496
3.27433225 6.15746547 1.59003599 5.46965922 0.99999539
3.27436016 6.15752101 1.59005330 5.46966232 0.99999580
3.27438751 6.15757545 1.59007025 5.46966535 0.99999620
3.27441431 6.15762879 1.59008687 5.46966832 0.99999658
3.27444058 6.15768107 1.59010316 5.46967123 0.99999695
3.27446632 6.15773231 1.59011912 5.46967408 0.99999730
3.27449155 6.15778252 1.59013476 5.46967688 0.99999763
3.27451627 6.15783172 1.59015009 5.46967962 0.99999796
3.27454050 6.15787994 1.59016511 5.46968230 0.99999827
3.27456424 6.15792720 1.59017984 5.46968494 0.99999857
3.27458751 6.15797351 1.59019426 5.46968752 0.99999886
3.27461032 6.15801890 1.59020840 5.46969004 0.99999913
3.27463266 6.15806338 1.59022226 5.46969252 0.99999940
3.27465456 6.15810697 1.59023584 5.46969495 0.99999965
3.27467603 6.15814969 1.59024915 5.46969733 0.99999990
3.27469706 6.15819155 1.59026219 5.46969966 1.00000013
3.27471767 6.15823258 1.59027497 5.46970194 1.00000036
3.27473787 6.15827278 1.59028749 5.46970418 1.00000057
3.27475767 6.15831218 1.59029977 5.46970638 1.00000078
3.27477707 6.15835080 1.59031180 5.46970853 1.00000098
3.27479608 6.15838864 1.59032359 5.46971064 1.00000117
3.27481472 6.15842572 1.59033514 5.46971270 1.00000136
3.27483298 6.15846207 1.59034646 5.46971473 1.00000153
3.27485087 6.15849768 1.59035756 5.46971671 1.00000170
3.27486841 6.15853259 1.59036843 5.46971866 1.00000187
3.27488559 6.15856680 1.59037909 5.46972056 1.00000202
3.27490244 6.15860032 1.59038953 5.46972243 1.00000217
3.27491894 6.15863317 1.59039976 5.46972426 1.00000232
3.27493512 6.15866537 1.59040979 5.46972605 1.00000246
3.27495097 6.15869692 1.59041962 5.46972781 1.00000259
3.27496650 6.15872784 1.59042925 5.46972953 1.00000272
3.27498173 6.15875814 1.59043869 5.46973122 1.00000284
3.27499665 6.15878784 1.59044794 5.46973287 1.00000296
3.27501127 6.15881694 1.59045701 5.46973450 1.00000307
3.27502560 6.15884546 1.59046589 5.46973608 1.00000318
3.27503964 6.15887341 1.59047460 5.46973764 1.00000329
3.27505340 6.15890080 1.59048313 5.46973917 1.00000339
3.27506689 6.15892764 1.59049150 5.46974066 1.00000348
3.27508011 6.15895395 1.59049969 5.46974213 1.00000358
3.27509306 6.15897973 1.59050772 5.46974357 1.00000366
3.27510575 6.15900499 1.59051559 5.46974497 1.00000375
3.27511819 6.15902975 1.59052330 5.46974635 1.00000383
3.27513039 6.15905402 1.59053086 5.46974770 1.00000391
3.27514233 6.15907780 1.59053827 5.46974903 1.00000399
3.27515404 6.15910110 1.59054553 5.46975033 1.00000406
3.27516552 6.15912394 1.59055264 5.46975160 1.00000413
3.27517676 6.15914632 1.59055962 5.46975285 1.00000420
3.27518778 6.15916825 1.59056645 5.46975407 1.00000426
3.27519858 6.15918975 1.59057314 5.46975527 1.00000432
3.27520916 6.15921081 1.59057971 5.46975644 1.00000438
3.27521953 6.15923146 1.59058614 5.46975759 1.00000444
3.27522970 6.15925169 1.59059244 5.46975872 1.00000449
3.27523966 6.15927152 1.59059862 5.46975982 1.00000455
3.27524942 6.15929095 1.59060467 5.46976091 1.00000460
3.27525899 6.15930999 1.59061060 5.46976197 1.00000465
3.27526836 6.15932865 1.59061641 5.46976301 1.00000469
3.27527755 6.15934693 1.59062211 5.46976403 1.00000474
3.27528656 6.15936486 1.59062769 5.46976503 1.00000478
3.27529538 6.15938242 1.59063316 5.46976601 1.00000482
3.27530403 6.15939963 1.59063852 5.46976696 1.00000486
3.27531250 6.15941650 1.59064378 5.46976790 1.00000490
3.27532081 6.15943303 1.59064893 5.46976883 1.00000494
3.27532895 6.15944923 1.59065397 5.46976973 1.00000497
3.27533692 6.15946511 1.59065892 5.46977061 1.00000500
3.27534474 6.15948067 1.59066377 5.46977148 1.00000504
3.27535240 6.15949591 1.59066852 5.46977233 1.00000507
3.27535991 6.15951086 1.59067317 5.46977316 1.00000510
3.27536727 6.15952550 1.59067773 5.46977398 1.00000513
3.27537448 6.15953985 1.59068220 5.46977478 1.00000515
3.27538154 6.15955391 1.59068658 5.46977556 1.00000518
3.27538847 6.15956770 1.59069088 5.46977633 1.00000521
3.27539525 6.15958120 1.59069508 5.46977708 1.00000523
3.27540190 6.15959444 1.59069921 5.46977782 1.00000525
3.27540842 6.15960741 1.59070325 5.46977855 1.00000528
3.27541481 6.15962013 1.59070721 5.46977925 1.00000530
3.27542107 6.15963259 1.59071109 5.46977995 1.00000532
3.27542720 6.15964480 1.59071489 5.46978063 1.00000534
3.27543321 6.15965676 1.59071862 5.46978130 1.00000536
3.27543910 6.15966849 1.59072227 5.46978195 1.00000538
3.27544488 6.15967998 1.59072585 5.46978259 1.00000539
3.27545053 6.15969124 1.59072936 5.46978322 1.00000541
3.27545608 6.15970228 1.59073280 5.46978383 1.00000543
3.27546151 6.15971309 1.59073617 5.46978444 1.00000544
3.27546684 6.15972369 1.59073947 5.46978503 1.00000546
3.27547206 6.15973408 1.59074270 5.46978561 1.00000547
3.27547717 6.15974426 1.59074588 5.46978617 1.00000549
3.27548218 6.15975424 1.59074898 5.46978673 1.00000550
3.27548710 6.15976401 1.59075203 5.46978728 1.00000551
3.27549191 6.15977359 1.59075501 5.46978781 1.00000552
3.27549663 6.15978298 1.59075794 5.46978833 1.00000554
3.27550125 6.15979219 1.59076080 5.46978885 1.00000555
3.27550578 6.15980120 1.59076361 5.46978935 1.00000556
3.27551022 6.15981004 1.59076637 5.46978984 1.00000557
3.27551457 6.15981870 1.59076906 5.46979033 1.00000558
