2.29078309 7.45685121 5.03648762 1.77086674 0.02537577
2.29046846 7.45705472 5.03643536 1.77052793 0.02540160
2.29015278 7.45725822 5.03638239 1.77018822 0.02542756
2.28983605 7.45746170 5.03632872 1.76984763 0.02545365
2.28951828 7.45766518 5.03627435 1.76950613 0.02547988
2.28919944 7.45786864 5.03621926 1.76916374 0.02550625
2.28887954 7.45807209 5.03616346 1.76882044 0.02553275
2.28855858 7.45827553 5.03610695 1.76847623 0.02555939
2.28823655 7.45847896 5.03604972 1.76813111 0.02558618
2.28791344 7.45868238 5.03599176 1.76778507 0.02561310
2.28758925 7.45888579 5.03593308 1.76743811 0.02564016
2.28726398 7.45908919 5.03587367 1.76709022 0.02566737
2.28693761 7.45929258 5.03581354 1.76674140 0.02569473
2.28661015 7.45949596 5.03575267 1.76639165 0.02572223
2.28628159 7.45969934 5.03569106 1.76604096 0.02574987
2.28595192 7.45990271 5.03562871 1.76568932 0.02577767
2.28562114 7.46010607 5.03556562 1.76533673 0.02580561
2.28528925 7.46030942 5.03550179 1.76498320 0.02583371
2.28495624 7.46051277 5.03543720 1.76462870 0.02586195
2.28462210 7.46071611 5.03537187 1.76427324 0.02589035
2.28428683 7.46091945 5.03530578 1.76391682 0.02591891
2.28395042 7.46112278 5.03523893 1.76355943 0.02594762
2.28361287 7.46132611 5.03517132 1.76320106 0.02597649
2.28327418 7.46152943 5.03510295 1.76284171 0.02600551
2.28293434 7.46173275 5.03503381 1.76248137 0.02603470
2.28259333 7.46193607 5.03496390 1.76212005 0.02606404
2.28225117 7.46213938 5.03489322 1.76175773 0.02609355
2.28190784 7.46234269 5.03482176 1.76139441 0.02612323
2.28156333 7.46254600 5.03474952 1.76103009 0.02615306
2.28121765 7.46274931 5.03467650 1.76066477 0.02618307
2.28087078 7.46295262 5.03460269 1.76029842 0.02621324
2.28052273 7.46315593 5.03452809 1.75993106 0.02624358
2.28017348 7.46335923 5.03445270 1.75956268 0.02627410
2.27982303 7.46356254 5.03437652 1.75919327 0.02630478
2.27947137 7.46376585 5.03429953 1.75882283 0.02633564
2.27911850 7.46396916 5.03422174 1.75845134 0.02636667
2.27876442 7.46417248 5.03414315 1.75807882 0.02639788
2.27840911 7.46437579 5.03406375 1.75770525 0.02642927
2.27805257 7.46457911 5.03398353 1.75733062 0.02646084
2.27769480 7.46478244 5.03390250 1.75695494 0.02649259
2.27733580 7.46498576 5.03382065 1.75657820 0.02652452
2.27697554 7.46518910 5.03373797 1.75620038 0.02655664
2.27661403 7.46539244 5.03365447 1.75582150 0.02658894
2.27625127 7.46559578 5.03357014 1.75544153 0.02662143
2.27588724 7.46579913 5.03348498 1.75506048 0.02665411
2.27552195 7.46600249 5.03339898 1.75467834 0.02668698
2.27515537 7.46620586 5.03331214 1.75429511 0.02672005
2.27478752 7.46640923 5.03322445 1.75391078 0.02675330
2.27441838 7.46661261 5.03313592 1.75352534 0.02678675
2.27404795 7.46681601 5.03304654 1.75313879 0.02682040
2.27367622 7.46701941 5.03295630 1.75275113 0.02685425
2.27330318 7.46722283 5.03286521 1.75236234 0.02688830
2.27292883 7.46742625 5.03277325 1.75197243 0.02692255
2.27255316 7.46762969 5.03268043 1.75158139 0.02695701
2.27217617 7.46783314 5.03258674 1.75118920 0.02699167
2.27179785 7.46803661 5.03249218 1.75079588 0.02702654
2.27141820 7.46824008 5.03239674 1.75040140 0.02706162
2.27103720 7.46844358 5.03230042 1.75000577 0.02709691
2.27065485 7.46864709 5.03220322 1.74960898 0.02713241
2.27027114 7.46885061 5.03210513 1.74921103 0.02716813
2.26988607 7.46905415 5.03200615 1.74881190 0.02720407
2.26949963 7.46925771 5.03190628 1.74841159 0.02724022
2.26911182 7.46946129 5.03180550 1.74801010 0.02727659
2.26872263 7.46966489 5.03170383 1.74760742 0.02731319
2.26833205 7.46986850 5.03160124 1.74720354 0.02735001
2.26794007 7.47007214 5.03149775 1.74679847 0.02738706
2.26754669 7.47027580 5.03139334 1.74639218 0.02742434
2.26715190 7.47047948 5.03128802 1.74598468 0.02746184
2.26675570 7.47068318 5.03118177 1.74557597 0.02749958
2.26635807 7.47088691 5.03107460 1.74516602 0.02753756
2.26595901 7.47109066 5.03096650 1.74475485 0.02757577
2.26555852 7.47129443 5.03085746 1.74434243 0.02761422
2.26515659 7.47149823 5.03074749 1.74392878 0.02765291
2.26475320 7.47170206 5.03063657 1.74351387 0.02769184
2.26434836 7.47190591 5.03052471 1.74309770 0.02773102
2.26394205 7.47210980 5.03041190 1.74268027 0.02777044
2.26353428 7.47231371 5.03029813 1.74226157 0.02781012
2.26312502 7.47251765 5.03018341 1.74184160 0.02785004
2.26271428 7.47272162 5.03006772 1.74142034 0.02789022
2.26230204 7.47292562 5.02995106 1.74099780 0.02793066
2.26188831 7.47312966 5.02983344 1.74057395 0.02797135
2.26147306 7.47333373 5.02971484 1.74014881 0.02801230
2.26105630 7.47353783 5.02959526 1.73972236 0.02805352
2.26063802 7.47374197 5.02947470 1.73929459 0.02809500
2.26021821 7.47394615 5.02935315 1.73886550 0.02813675
2.25979686 7.47415036 5.02923061 1.73843508 0.02817877
2.25937397 7.47435460 5.02910707 1.73800332 0.02822106
2.25894952 7.47455889 5.02898253 1.73757022 0.02826363
2.25852351 7.47476322 5.02885698 1.73713577 0.02830647
2.25809593 7.47496759 5.02873043 1.73669997 0.02834960
2.25766678 7.47517200 5.02860286 1.73626280 0.02839300
2.25723604 7.47537645 5.02847427 1.73582426 0.02843669
2.25680371 7.47558094 5.02834466 1.73538434 0.02848067
2.25636978 7.47578548 5.02821403 1.73494304 0.02852494
2.25593425 7.47599006 5.02808236 1.73450034 0.02856950
2.25549709 7.47619470 5.02794965 1.73405625 0.02861435
2.25505832 7.47639937 5.02781590 1.73361075 0.02865950
2.25461791 7.47660410 5.02768111 1.73316383 0.02870496
2.25417586 7.47680888 5.02754526 1.73271550 0.02875071
2.25373216 7.47701370 5.02740837 1.73226573 0.02879677
2.25328681 7.47721858 5.02727041 1.73181453 0.02884315
2.25283978 7.47742351 5.02713138 1.73136189 0.02888983
2.25239109 7.47762850 5.02699129 1.73090779 0.02893682
2.25194071 7.47783354 5.02685012 1.73045223 0.02898414
2.25148865 7.47803864 5.02670788 1.72999521 0.02903177
2.25103488 7.47824379 5.02656455 1.72953671 0.02907973
2.25057940 7.47844900 5.02642013 1.72907674 0.02912801
2.25012221 7.47865427 5.02627462 1.72861527 0.02917662
2.24966329 7.47885960 5.02612801 1.72815230 0.02922557
2.24920264 7.47906500 5.02598029 1.72768783 0.02927484
2.24874025 7.47927045 5.02583147 1.72722184 0.02932446
2.24827610 7.47947597 5.02568154 1.72675433 0.02937442
2.24781019 7.47968156 5.02553048 1.72628529 0.02942472
2.24734251 7.47988721 5.02537830 1.72581471 0.02947537
2.24687305 7.48009293 5.02522500 1.72534259 0.02952637
2.24640181 7.48029872 5.02507056 1.72486891 0.02957772
2.24592876 7.48050458 5.02491498 1.72439366 0.02962943
2.24545391 7.48071051 5.02475826 1.72391685 0.02968150
2.24497724 7.48091651 5.02460038 1.72343846 0.02973394
2.24449875 7.48112259 5.02444136 1.72295847 0.02978674
2.24401842 7.48132875 5.02428117 1.72247689 0.02983991
2.24353624 7.48153498 5.02411982 1.72199371 0.02989346
2.24305221 7.48174128 5.02395730 1.72150890 0.02994738
2.24256632 7.48194767 5.02379360 1.72102248 0.03000169
2.24207855 7.48215414 5.02362872 1.72053442 0.03005638
2.24158890 7.48236069 5.02346265 1.72004473 0.03011146
2.24109735 7.48256733 5.02329539 1.71955338 0.03016693
2.24060390 7.48277405 5.02312693 1.71906037 0.03022279
2.24010854 7.48298085 5.02295727 1.71856570 0.03027906
2.23961125 7.48318775 5.02278640 1.71806935 0.03033572
2.23911203 7.48339473 5.02261432 1.71757131 0.03039280
2.23861086 7.48360180 5.02244101 1.71707157 0.03045028
2.23810774 7.48380897 5.02226648 1.71657013 0.03050818
2.23760265 7.48401623 5.02209072 1.71606698 0.03056650
2.23709559 7.48422359 5.02191372 1.71556210 0.03062524
2.23658654 7.48443104 5.02173547 1.71505549 0.03068441
2.23607550 7.48463859 5.02155598 1.71454713 0.03074400
2.23556244 7.48484624 5.02137523 1.71403703 0.03080403
2.23504737 7.48505400 5.02119322 1.71352516 0.03086450
2.23453027 7.48526185 5.02100995 1.71301151 0.03092542
2.23401113 7.48546981 5.02082540 1.71249609 0.03098678
2.23348994 7.48567788 5.02063957 1.71197887 0.03104859
2.23296669 7.48588606 5.02045245 1.71145985 0.03111086
2.23244136 7.48609434 5.02026405 1.71093902 0.03117358
2.23191395 7.48630274 5.02007435 1.71041636 0.03123677
2.23138444 7.48651125 5.01988334 1.70989187 0.03130043
2.23085283 7.48671987 5.01969102 1.70936554 0.03136457
2.23031909 7.48692862 5.01949739 1.70883735 0.03142918
2.22978323 7.48713748 5.01930244 1.70830730 0.03149428
2.22924522 7.48734646 5.01910615 1.70777538 0.03155986
2.22870506 7.48755556 5.01890853 1.70724157 0.03162593
2.22816274 7.48776479 5.01870957 1.70670586 0.03169250
2.22761824 7.48797414 5.01850926 1.70616825 0.03175957
2.22707154 7.48818362 5.01830760 1.70562871 0.03182715
2.22652265 7.48839323 5.01810457 1.70508725 0.03189524
2.22597154 7.48860297 5.01790018 1.70454385 0.03196385
2.22541821 7.48881284 5.01769441 1.70399850 0.03203298
2.22486264 7.48902285 5.01748726 1.70345118 0.03210264
2.22430481 7.48923299 5.01727872 1.70290189 0.03217282
2.22374473 7.48944328 5.01706879 1.70235061 0.03224355
2.22318236 7.48965370 5.01685745 1.70179734 0.03231481
2.22261771 7.48986427 5.01664471 1.70124206 0.03238663
2.22205076 7.49007498 5.01643055 1.70068476 0.03245899
2.22148149 7.49028584 5.01621497 1.70012543 0.03253192
2.22090989 7.49049685 5.01599796 1.69956405 0.03260541
2.22033596 7.49070801 5.01577951 1.69900062 0.03267947
2.21975967 7.49091933 5.01555961 1.69843512 0.03275411
2.21918101 7.49113080 5.01533827 1.69786754 0.03282932
2.21859997 7.49134242 5.01511547 1.69729787 0.03290513
2.21801654 7.49155421 5.01489120 1.69672609 0.03298152
2.21743069 7.49176616 5.01466545 1.69615220 0.03305852
2.21684243 7.49197828 5.01443823 1.69557617 0.03313612
2.21625173 7.49219056 5.01420952 1.69499801 0.03321433
2.21565858 7.49240300 5.01397932 1.69441769 0.03329316
2.21506297 7.49261562 5.01374761 1.69383520 0.03337261
2.21446488 7.49282842 5.01351439 1.69325053 0.03345269
2.21386430 7.49304139 5.01327965 1.69266367 0.03353340
2.21326121 7.49325454 5.01304338 1.69207460 0.03361476
2.21265560 7.49346786 5.01280558 1.69148331 0.03369677
2.21204745 7.49368137 5.01256624 1.69088978 0.03377943
2.21143675 7.49389507 5.01232535 1.69029401 0.03386276
2.21082349 7.49410896 5.01208290 1.68969598 0.03394675
2.21020765 7.49432303 5.01183889 1.68909568 0.03403142
2.20958921 7.49453730 5.01159330 1.68849308 0.03411678
2.20896816 7.49475176 5.01134613 1.68788819 0.03420282
2.20834449 7.49496642 5.01109737 1.68728098 0.03428956
2.20771817 7.49518129 5.01084701 1.68667143 0.03437700
2.20708920 7.49539635 5.01059505 1.68605955 0.03446515
2.20645755 7.49561162 5.01034147 1.68544530 0.03455403
2.20582322 7.49582710 5.01008626 1.68482869 0.03464362
2.20518618 7.49604280 5.00982943 1.68420968 0.03473396
2.20454641 7.49625870 5.00957095 1.68358827 0.03482503
2.20390392 7.49647482 5.00931082 1.68296445 0.03491685
2.20325866 7.49669117 5.00904904 1.68233819 0.03500943
2.20261064 7.49690773 5.00878559 1.68170948 0.03510277
2.20195983 7.49712452 5.00852046 1.68107832 0.03519689
2.20130622 7.49734154 5.00825365 1.68044467 0.03529178
2.20064979 7.49755879 5.00798514 1.67980853 0.03538747
2.19999052 7.49777628 5.00771494 1.67916988 0.03548395
2.19932840 7.49799400 5.00744302 1.67852871 0.03558124
2.19866340 7.49821196 5.00716938 1.67788499 0.03567934
2.19799551 7.49843016 5.00689401 1.67723872 0.03577827
2.19732472 7.49864861 5.00661690 1.67658987 0.03587802
2.19665100 7.49886732 5.00633804 1.67593844 0.03597862
2.19597434 7.49908627 5.00605742 1.67528440 0.03608007
2.19529472 7.49930548 5.00577503 1.67462773 0.03618237
2.19461212 7.49952495 5.00549087 1.67396843 0.03628554
2.19392652 7.49974468 5.00520492 1.67330647 0.03638959
2.19323791 7.49996467 5.00491717 1.67264184 0.03649453
2.19254626 7.50018494 5.00462762 1.67197452 0.03660036
2.19185155 7.50040547 5.00433625 1.67130449 0.03670709
2.19115378 7.50062629 5.00404305 1.67063174 0.03681474
2.19045291 7.50084738 5.00374801 1.66995624 0.03692332
2.18974893 7.50106875 5.00345113 1.66927799 0.03703283
2.18904182 7.50129041 5.00315239 1.66859695 0.03714329
2.18833155 7.50151236 5.00285178 1.66791312 0.03725470
2.18761812 7.50173460 5.00254929 1.66722648 0.03736708
2.18690150 7.50195714 5.00224492 1.66653700 0.03748044
2.18618167 7.50217998 5.00193864 1.66584467 0.03759478
2.18545860 7.50240312 5.00163046 1.66514947 0.03771012
2.18473228 7.50262657 5.00132035 1.66445138 0.03782647
2.18400269 7.50285034 5.00100831 1.66375038 0.03794384
2.18326981 7.50307441 5.00069433 1.66304646 0.03806224
2.18253361 7.50329881 5.00037839 1.66233959 0.03818169
2.18179408 7.50352353 5.00006049 1.66162975 0.03830219
2.18105118 7.50374858 4.99974061 1.66091692 0.03842375
2.18030491 7.50397396 4.99941875 1.66020109 0.03854639
2.17955524 7.50419967 4.99909488 1.65948223 0.03867013
2.17880214 7.50442572 4.99876901 1.65876033 0.03879497
2.17804560 7.50465212 4.99844111 1.65803536 0.03892092
2.17728559 7.50487886 4.99811118 1.65730730 0.03904800
2.17652209 7.50510595 4.99777920 1.65657613 0.03917621
2.17575508 7.50533340 4.99744517 1.65584183 0.03930559
2.17498453 7.50556121 4.99710906 1.65510438 0.03943612
2.17421041 7.50578938 4.99677087 1.65436376 0.03956784
2.17343272 7.50601793 4.99643059 1.65361995 0.03970075
2.17265141 7.50624684 4.99608820 1.65287292 0.03983487
2.17186648 7.50647614 4.99574369 1.65212265 0.03997020
2.17107789 7.50670581 4.99539705 1.65136912 0.04010677
2.17028561 7.50693587 4.99504827 1.65061230 0.04024459
2.16948964 7.50716633 4.99469732 1.64985218 0.04038367
2.16868993 7.50739717 4.99434421 1.64908873 0.04052403
2.16788647 7.50762842 4.99398891 1.64832193 0.04066568
2.16707922 7.50786008 4.99363142 1.64755176 0.04080863
2.16626818 7.50809215 4.99327172 1.64677819 0.04095291
2.16545330 7.50832463 4.99290979 1.64600119 0.04109853
2.16463456 7.50855753 4.99254563 1.64522075 0.04124550
2.16381193 7.50879085 4.99217921 1.64443683 0.04139383
2.16298540 7.50902461 4.99181053 1.64364943 0.04154356
2.16215493 7.50925880 4.99143958 1.64285850 0.04169468
2.16132049 7.50949343 4.99106633 1.64206402 0.04184722
2.16048206 7.50972851 4.99069077 1.64126598 0.04200119
2.15963961 7.50996404 4.99031290 1.64046434 0.04215662
2.15879311 7.51020002 4.98993268 1.63965908 0.04231352
2.15794253 7.51043647 4.98955012 1.63885017 0.04247190
2.15708785 7.51067338 4.98916520 1.63803759 0.04263178
2.15622904 7.51091077 4.98877789 1.63722130 0.04279319
2.15536607 7.51114863 4.98838820 1.63640129 0.04295613
2.15449890 7.51138698 4.98799609 1.63557753 0.04312064
2.15362751 7.51162581 4.98760155 1.63474999 0.04328672
2.15275187 7.51186515 4.98720458 1.63391863 0.04345440
2.15187195 7.51210498 4.98680515 1.63308344 0.04362369
2.15098772 7.51234532 4.98640325 1.63224439 0.04379462
2.15009914 7.51258617 4.98599887 1.63140144 0.04396720
2.14920619 7.51282754 4.98559198 1.63055457 0.04414146
2.14830884 7.51306944 4.98518257 1.62970375 0.04431741
2.14740704 7.51331186 4.98477062 1.62884895 0.04449508
2.14650078 7.51355483 4.98435613 1.62799014 0.04467449
2.14559002 7.51379834 4.98393906 1.62712729 0.04485566
2.14467472 7.51404240 4.98351941 1.62626037 0.04503860
2.14375486 7.51428701 4.98309716 1.62538935 0.04522335
2.14283040 7.51453219 4.98267228 1.62451420 0.04540993
2.14190130 7.51477793 4.98224477 1.62363489 0.04559835
2.14096753 7.51502426 4.98181461 1.62275138 0.04578864
2.14002906 7.51527116 4.98138177 1.62186365 0.04598083
2.13908585 7.51551866 4.98094624 1.62097166 0.04617493
2.13813787 7.51576675 4.98050801 1.62007539 0.04637098
2.13718509 7.51601545 4.98006705 1.61917479 0.04656899
2.13622745 7.51626475 4.97962334 1.61826983 0.04676900
2.13526494 7.51651468 4.97917687 1.61736048 0.04697102
2.13429751 7.51676523 4.97872762 1.61644672 0.04717508
2.13332513 7.51701641 4.97827557 1.61552849 0.04738121
2.13234775 7.51726823 4.97782070 1.61460577 0.04758944
2.13136535 7.51752070 4.97736299 1.61367853 0.04779978
2.13037788 7.51777382 4.97690242 1.61274672 0.04801228
2.12938530 7.51802760 4.97643897 1.61181032 0.04822695
2.12838758 7.51828206 4.97597263 1.61086929 0.04844383
2.12738468 7.51853719 4.97550336 1.60992358 0.04866294
2.12637655 7.51879301 4.97503116 1.60897317 0.04888431
2.12536315 7.51904952 4.97455599 1.60801801 0.04910798
2.12434445 7.51930673 4.97407785 1.60705807 0.04933396
2.12332041 7.51956466 4.97359670 1.60609331 0.04956230
2.12229097 7.51982330 4.97311254 1.60512370 0.04979302
2.12125611 7.52008267 4.97262533 1.60414918 0.05002615
2.12021577 7.52034277 4.97213505 1.60316973 0.05026173
2.11916992 7.52060362 4.97164168 1.60218531 0.05049979
2.11811851 7.52086522 4.97114521 1.60119587 0.05074036
2.11706150 7.52112758 4.97064560 1.60020137 0.05098348
2.11599883 7.52139071 4.97014284 1.59920177 0.05122917
2.11493048 7.52165462 4.96963690 1.59819704 0.05147748
2.11385639 7.52191932 4.96912776 1.59718712 0.05172844
2.11277652 7.52218482 4.96861539 1.59617198 0.05198208
2.11169081 7.52245112 4.96809978 1.59515158 0.05223844
2.11059923 7.52271824 4.96758089 1.59412586 0.05249755
2.10950173 7.52298618 4.96705871 1.59309479 0.05275947
2.10839825 7.52325496 4.96653321 1.59205832 0.05302421
2.10728875 7.52352459 4.96600437 1.59101641 0.05329183
2.10617318 7.52379507 4.96547215 1.58996901 0.05356236
2.10505149 7.52406641 4.96493654 1.58891607 0.05383584
2.10392363 7.52433863 4.96439751 1.58785755 0.05411231
2.10278955 7.52461174 4.96385503 1.58679341 0.05439181
2.10164920 7.52488574 4.96330907 1.58572359 0.05467440
2.10050253 7.52516064 4.96275962 1.58464804 0.05496009
2.09934948 7.52543647 4.96220665 1.58356673 0.05524895
2.09818999 7.52571322 4.96165012 1.58247959 0.05554102
2.09702403 7.52599091 4.96109001 1.58138658 0.05583634
2.09585153 7.52626955 4.96052629 1.58028765 0.05613495
2.09467243 7.52654915 4.95995893 1.57918274 0.05643691
2.09348668 7.52682972 4.95938792 1.57807181 0.05674225
2.09229423 7.52711128 4.95881320 1.57695481 0.05705104
2.09109502 7.52739383 4.95823477 1.57583168 0.05736331
2.08988899 7.52767739 4.95765259 1.57470236 0.05767913
2.08867608 7.52796196 4.95706662 1.57356681 0.05799853
2.08745623 7.52824757 4.95647685 1.57242496 0.05832157
2.08622938 7.52853422 4.95588323 1.57127677 0.05864830
2.08499548 7.52882192 4.95528575 1.57012218 0.05897878
2.08375446 7.52911069 4.95468436 1.56896113 0.05931306
2.08250626 7.52940055 4.95407904 1.56779356 0.05965120
2.08125081 7.52969149 4.95346975 1.56661942 0.05999325
2.07998806 7.52998354 4.95285646 1.56543864 0.06033927
2.07871793 7.53027671 4.95223914 1.56425117 0.06068931
2.07744037 7.53057101 4.95161776 1.56305695 0.06104345
2.07615531 7.53086646 4.95099229 1.56185592 0.06140173
2.07486268 7.53116307 4.95036268 1.56064801 0.06176422
2.07356242 7.53146085 4.94972891 1.55943316 0.06213099
2.07225445 7.53175982 4.94909094 1.55821131 0.06250209
2.07093870 7.53205998 4.94844873 1.55698240 0.06287759
2.06961512 7.53236137 4.94780226 1.55574635 0.06325756
2.06828362 7.53266398 4.94715148 1.55450312 0.06364207
2.06694414 7.53296784 4.94649636 1.55325262 0.06403117
2.06559659 7.53327295 4.94583687 1.55199479 0.06442496
2.06424092 7.53357934 4.94517295 1.55072956 0.06482348
2.06287704 7.53388703 4.94450459 1.54945687 0.06522682
2.06150488 7.53419601 4.94383173 1.54817665 0.06563506
2.06012437 7.53450632 4.94315434 1.54688882 0.06604825
2.05873541 7.53481796 4.94247239 1.54559331 0.06646650
2.05733795 7.53513096 4.94178583 1.54429005 0.06688986
2.05593190 7.53544532 4.94109462 1.54297897 0.06731842
2.05451717 7.53576107 4.94039872 1.54166000 0.06775226
2.05309369 7.53607822 4.93969809 1.54033305 0.06819147
2.05166138 7.53639679 4.93899269 1.53899805 0.06863612
2.05022015 7.53671680 4.93828248 1.53765493 0.06908631
2.04876991 7.53703825 4.93756741 1.53630360 0.06954212
2.04731059 7.53736118 4.93684744 1.53494399 0.07000364
2.04584210 7.53768560 4.93612253 1.53357602 0.07047096
2.04436434 7.53801152 4.93539264 1.53219961 0.07094417
2.04287723 7.53833897 4.93465771 1.53081467 0.07142336
2.04138069 7.53866797 4.93391771 1.52942112 0.07190864
2.03987461 7.53899852 4.93317258 1.52801888 0.07240011
2.03835891 7.53933065 4.93242228 1.52660786 0.07289785
2.03683349 7.53966439 4.93166677 1.52518798 0.07340197
2.03529826 7.53999974 4.93090599 1.52375914 0.07391258
2.03375312 7.54033674 4.93013990 1.52232126 0.07442979
2.03219798 7.54067539 4.92936844 1.52087425 0.07495369
2.03063274 7.54101572 4.92859158 1.51941802 0.07548440
2.02905729 7.54135775 4.92780925 1.51795247 0.07602203
2.02747154 7.54170150 4.92702141 1.51647751 0.07656670
2.02587539 7.54204700 4.92622801 1.51499305 0.07711852
2.02426873 7.54239426 4.92542898 1.51349900 0.07767762
2.02265145 7.54274330 4.92462429 1.51199524 0.07824410
2.02102345 7.54309415 4.92381388 1.51048169 0.07881810
2.01938463 7.54344683 4.92299768 1.50895825 0.07939975
2.01773487 7.54380136 4.92217566 1.50742481 0.07998916
2.01607406 7.54415776 4.92134774 1.50588127 0.08058648
2.01440209 7.54451606 4.92051388 1.50432753 0.08119184
2.01271885 7.54487628 4.91967402 1.50276349 0.08180537
2.01102422 7.54523845 4.91882809 1.50118903 0.08242721
2.00931808 7.54560258 4.91797605 1.49960404 0.08305751
2.00760032 7.54596871 4.91711782 1.49800843 0.08369641
2.00587081 7.54633686 4.91625335 1.49640207 0.08434405
2.00412944 7.54670704 4.91538259 1.49478486 0.08500060
2.00237609 7.54707930 4.91450545 1.49315667 0.08566620
2.00061062 7.54745365 4.91362190 1.49151741 0.08634102
1.99883291 7.54783012 4.91273185 1.48986694 0.08702520
1.99704283 7.54820874 4.91183524 1.48820515 0.08771892
1.99524026 7.54858952 4.91093202 1.48653191 0.08842235
1.99342506 7.54897251 4.91002210 1.48484712 0.08913565
1.99159709 7.54935773 4.90910544 1.48315064 0.08985901
1.98975623 7.54974520 4.90818195 1.48144234 0.09059259
1.98790234 7.55013496 4.90725156 1.47972211 0.09133658
1.98603527 7.55052703 4.90631422 1.47798981 0.09209117
1.98415489 7.55092144 4.90536984 1.47624532 0.09285654
1.98226105 7.55131822 4.90441836 1.47448849 0.09363289
1.98035361 7.55171740 4.90345969 1.47271920 0.09442042
1.97843242 7.55211901 4.90249378 1.47093731 0.09521933
1.97649734 7.55252309 4.90152054 1.46914268 0.09602982
1.97454821 7.55292965 4.90053989 1.46733518 0.09685211
1.97258488 7.55333875 4.89955177 1.46551466 0.09768641
1.97060720 7.55375039 4.89855609 1.46368097 0.09853295
1.96861501 7.55416463 4.89755276 1.46183398 0.09939193
1.96660815 7.55458148 4.89654172 1.45997354 0.10026361
1.96458645 7.55500099 4.89552289 1.45809949 0.10114820
1.96254977 7.55542319 4.89449617 1.45621169 0.10204595
1.96049792 7.55584811 4.89346148 1.45430999 0.10295710
1.95843075 7.55627578 4.89241875 1.45239422 0.10388190
1.95634809 7.55670625 4.89136788 1.45046423 0.10482061
1.95424975 7.55713954 4.89030879 1.44851986 0.10577348
1.95213558 7.55757570 4.88924138 1.44656095 0.10674079
1.95000538 7.55801476 4.88816558 1.44458734 0.10772280
1.94785898 7.55845675 4.88708129 1.44259885 0.10871980
1.94569621 7.55890171 4.88598841 1.44059533 0.10973206
1.94351687 7.55934969 4.88488687 1.43857660 0.11075988
1.94132078 7.55980071 4.88377655 1.43654248 0.11180354
1.93910775 7.56025483 4.88265737 1.43449281 0.11286336
1.93687759 7.56071207 4.88152922 1.43242741 0.11393965
1.93463011 7.56117248 4.88039202 1.43034609 0.11503271
1.93236511 7.56163610 4.87924566 1.42824868 0.11614287
1.93008238 7.56210297 4.87809004 1.42613499 0.11727047
1.92778174 7.56257312 4.87692506 1.42400483 0.11841583
1.92546297 7.56304661 4.87575062 1.42185802 0.11957930
1.92312587 7.56352348 4.87456661 1.41969436 0.12076124
1.92077023 7.56400376 4.87337292 1.41751366 0.12196199
1.91839584 7.56448751 4.87216946 1.41531573 0.12318194
1.91600247 7.56497476 4.87095611 1.41310035 0.12442145
1.91358993 7.56546556 4.86973275 1.41086735 0.12568090
1.91115798 7.56595996 4.86849929 1.40861649 0.12696070
1.90870640 7.56645800 4.86725560 1.40634760 0.12826123
1.90623496 7.56695972 4.86600158 1.40406044 0.12958290
1.90374345 7.56746518 4.86473710 1.40175482 0.13092614
1.90123162 7.56797443 4.86346205 1.39943052 0.13229137
1.89869924 7.56848750 4.86217632 1.39708732 0.13367902
1.89614609 7.56900446 4.86087978 1.39472500 0.13508954
1.89357190 7.56952534 4.85957231 1.39234334 0.13652338
1.89097646 7.57005020 4.85825379 1.38994211 0.13798100
1.88835950 7.57057909 4.85692409 1.38752110 0.13946289
1.88572079 7.57111205 4.85558310 1.38508007 0.14096951
1.88306007 7.57164915 4.85423068 1.38261878 0.14250137
1.88037708 7.57219043 4.85286670 1.38013701 0.14405897
1.87767158 7.57273595 4.85149105 1.37763451 0.14564283
1.87494331 7.57328575 4.85010357 1.37511105 0.14725346
1.87219199 7.57383990 4.84870415 1.37256639 0.14889141
1.86941738 7.57439844 4.84729265 1.37000028 0.15055722
1.86661919 7.57496143 4.84586893 1.36741246 0.15225145
1.86379717 7.57552893 4.84443286 1.36480270 0.15397467
1.86095104 7.57610099 4.84298431 1.36217075 0.15572747
1.85808052 7.57667766 4.84152312 1.35951634 0.15751042
1.85518534 7.57725902 4.84004916 1.35683922 0.15932415
1.85226522 7.57784510 4.83856230 1.35413913 0.16116926
1.84931988 7.57843597 4.83706238 1.35141581 0.16304638
1.84634903 7.57903170 4.83554927 1.34866900 0.16495616
1.84335239 7.57963233 4.83402281 1.34589843 0.16689924
1.84032966 7.58023792 4.83248287 1.34310384 0.16887630
1.83728056 7.58084854 4.83092930 1.34028495 0.17088801
1.83420480 7.58146425 4.82936194 1.33744149 0.17293507
1.83110207 7.58208511 4.82778065 1.33457320 0.17501816
1.82797209 7.58271117 4.82618527 1.33167979 0.17713802
1.82481455 7.58334249 4.82457567 1.32876099 0.17929537
1.82162915 7.58397915 4.82295168 1.32581653 0.18149096
1.81841560 7.58462120 4.82131315 1.32284612 0.18372552
1.81517359 7.58526870 4.81965994 1.31984948 0.18599985
1.81190282 7.58592172 4.81799188 1.31682633 0.18831470
1.80860297 7.58658032 4.81630882 1.31377640 0.19067088
1.80527376 7.58724455 4.81461062 1.31069939 0.19306919
1.80191487 7.58791449 4.81289710 1.30759503 0.19551045
1.79852599 7.58859020 4.81116812 1.30446302 0.19799549
1.79510682 7.58927173 4.80942353 1.30130310 0.20052515
1.79165706 7.58995915 4.80766316 1.29811496 0.20310028
1.78817638 7.59065253 4.80588687 1.29489834 0.20572175
1.78466450 7.59135193 4.80409450 1.29165294 0.20839043
1.78112111 7.59205740 4.80228589 1.28837849 0.21110721
1.77754590 7.59276902 4.80046089 1.28507469 0.21387300
1.77393856 7.59348684 4.79861935 1.28174129 0.21668869
1.77029881 7.59421092 4.79676112 1.27837798 0.21955520
1.76662634 7.59494133 4.79488604 1.27498451 0.22247347
1.76292085 7.59567813 4.79299397 1.27156059 0.22544442
1.75918206 7.59642138 4.79108475 1.26810596 0.22846901
1.75540967 7.59717113 4.78915825 1.26462034 0.23154817
1.75160340 7.59792744 4.78721431 1.26110347 0.23468287
1.74776297 7.59869038 4.78525280 1.25755509 0.23787406
1.74388809 7.59946000 4.78327358 1.25397495 0.24112272
1.73997851 7.60023636 4.78127650 1.25036279 0.24442980
1.73603395 7.60101950 4.77926144 1.24671837 0.24779629
1.73205415 7.60180949 4.77722826 1.24304144 0.25122315
1.72803886 7.60260638 4.77517684 1.23933177 0.25471136
1.72398784 7.60341022 4.77310705 1.23558914 0.25826189
1.71990084 7.60422105 4.77101877 1.23181333 0.26187569
1.71577764 7.60503892 4.76891188 1.22800411 0.26555375
1.71161802 7.60586388 4.76678628 1.22416130 0.26929700
1.70742178 7.60669598 4.76464187 1.22028469 0.27310640
1.70318870 7.60753525 4.76247853 1.21637410 0.27698288
1.69891862 7.60838174 4.76029618 1.21242936 0.28092737
1.69461134 7.60923547 4.75809473 1.20845031 0.28494078
1.69026672 7.61009649 4.75587411 1.20443679 0.28902399
1.68588460 7.61096482 4.75363422 1.20038868 0.29317789
1.68146485 7.61184049 4.75137502 1.19630585 0.29740332
1.67700736 7.61272354 4.74909644 1.19218819 0.30170110
1.67251203 7.61361397 4.74679844 1.18803560 0.30607204
1.66797877 7.61451181 4.74448097 1.18384803 0.31051691
1.66340753 7.61541708 4.74214400 1.17962539 0.31503643
1.65879826 7.61632977 4.73978751 1.17536766 0.31963131
1.65415094 7.61724991 4.73741150 1.17107482 0.32430219
1.64946557 7.61817749 4.73501596 1.16674686 0.32904970
1.64474217 7.61911250 4.73260092 1.16238380 0.33387440
1.63998080 7.62005495 4.73016638 1.15798569 0.33877679
1.63518151 7.62100481 4.72771240 1.15355260 0.34375733
1.63034442 7.62196208 4.72523903 1.14908460 0.34881644
1.62546964 7.62292673 4.72274632 1.14458183 0.35395442
1.62055734 7.62389872 4.72023437 1.14004443 0.35917156
1.61560770 7.62487803 4.71770327 1.13547255 0.36446805
1.61062093 7.62586462 4.71515312 1.13086641 0.36984401
1.60559728 7.62685843 4.71258406 1.12622622 0.37529946
1.60053703 7.62785941 4.70999624 1.12155226 0.38083436
1.59544051 7.62886751 4.70738981 1.11684481 0.38644858
1.59030805 7.62988265 4.70476496 1.11210419 0.39214188
1.58514005 7.63090476 4.70212189 1.10733076 0.39791392
1.57993694 7.63193376 4.69946082 1.10252492 0.40376426
1.57469918 7.63296955 4.69678197 1.09768709 0.40969237
1.56942727 7.63401205 4.69408563 1.09281774 0.41569759
1.56412176 7.63506114 4.69137206 1.08791738 0.42177913
1.55878323 7.63611670 4.68864157 1.08298653 0.42793612
1.55341233 7.63717862 4.68589447 1.07802580 0.43416751
1.54800971 7.63824677 4.68313113 1.07303579 0.44047218
1.54257610 7.63932100 4.68035189 1.06801718 0.44684883
1.53711227 7.64040116 4.67755717 1.06297065 0.45329605
1.53161901 7.64148710 4.67474736 1.05789697 0.45981229
1.52609719 7.64257865 4.67192292 1.05279692 0.46639585
1.52054770 7.64367563 4.66908429 1.04767132 0.47304490
1.51497149 7.64477785 4.66623197 1.04252106 0.47975745
1.50936955 7.64588513 4.66336646 1.03734705 0.48653138
1.50374294 7.64699725 4.66048830 1.03215026 0.49336441
1.49809272 7.64811401 4.65759805 1.02693168 0.50025413
1.49242004 7.64923518 4.65469629 1.02169236 0.50719796
1.48672608 7.65036052 4.65178362 1.01643340 0.51419318
1.48101207 7.65148980 4.64886066 1.01115592 0.52123695
1.47527927 7.65262277 4.64592808 1.00586110 0.52832625
1.46952899 7.65375917 4.64298654 1.00055015 0.53545796
1.46376261 7.65489873 4.64003675 0.99522433 0.54262878
1.45798152 7.65604117 4.63707941 0.98988494 0.54983532
1.45218716 7.65718621 4.63411526 0.98453329 0.55707403
1.44638101 7.65833357 4.63114508 0.97917077 0.56434126
1.44056460 7.65948293 4.62816962 0.97379877 0.57163322
1.43473947 7.66063399 4.62518970 0.96841872 0.57894605
1.42890722 7.66178645 4.62220611 0.96303211 0.58627575
1.42306946 7.66293998 4.61921970 0.95764042 0.59361824
1.41722786 7.66409425 4.61623131 0.95224517 0.60096937
1.41138408 7.66524894 4.61324179 0.94684793 0.60832489
1.40553984 7.66640371 4.61025203 0.94145026 0.61568050
1.39969685 7.66755821 4.60726290 0.93605375 0.62303185
1.39385687 7.66871211 4.60427529 0.93066002 0.63037453
1.38802165 7.66986505 4.60129012 0.92527070 0.63770412
1.38219297 7.67101670 4.59830828 0.91988743 0.64501617
1.37637262 7.67216668 4.59533069 0.91451184 0.65230620
1.37056239 7.67331466 4.59235827 0.90914561 0.65956976
1.36476408 7.67446027 4.58939195 0.90379039 0.66680242
1.35897949 7.67560316 4.58643263 0.89844784 0.67399976
1.35321041 7.67674298 4.58348125 0.89311962 0.68115741
1.34745863 7.67787938 4.58053871 0.88780738 0.68827105
1.34172593 7.67901199 4.57760592 0.88251278 0.69533643
1.33601409 7.68014048 4.57468380 0.87723743 0.70234938
1.33032486 7.68126449 4.57177324 0.87198297 0.70930581
1.32465997 7.68238369 4.56887513 0.86675099 0.71620173
1.31902112 7.68349774 4.56599034 0.86154307 0.72303328
1.31341002 7.68460630 4.56311974 0.85636077 0.72979669
1.30782831 7.68570905 4.56026417 0.85120562 0.73648836
1.30227763 7.68680567 4.55742447 0.84607913 0.74310479
1.29675955 7.68789583 4.55460145 0.84098276 0.74964266
1.29127565 7.68897924 4.55179591 0.83591795 0.75609878
1.28582744 7.69005560 4.54900862 0.83088610 0.76247016
1.28041638 7.69112461 4.54624034 0.82588857 0.76875393
1.27504392 7.69218600 4.54349180 0.82092668 0.77494743
1.26971143 7.69323948 4.54076371 0.81600171 0.78104817
1.26442025 7.69428480 4.53805675 0.81111490 0.78705384
1.25917166 7.69532170 4.53537158 0.80626743 0.79296231
1.25396690 7.69634994 4.53270883 0.80146044 0.79877165
1.24880715 7.69736929 4.53006910 0.79669501 0.80448011
1.24369354 7.69837952 4.52745297 0.79197220 0.81008611
1.23862713 7.69938042 4.52486100 0.78729299 0.81558829
1.23360895 7.70037179 4.52229369 0.78265832 0.82098546
1.22863995 7.70135344 4.51975155 0.77806907 0.82627661
1.22372103 7.70232519 4.51723502 0.77352608 0.83146092
1.21885305 7.70328689 4.51474455 0.76903013 0.83653774
1.21403678 7.70423836 4.51228054 0.76458195 0.84150660
1.20927296 7.70517947 4.50984335 0.76018220 0.84636719
1.20456225 7.70611009 4.50743335 0.75583151 0.85111937
1.19990528 7.70703009 4.50505082 0.75153044 0.85576318
1.19530260 7.70793936 4.50269608 0.74727953 0.86029877
1.19075471 7.70883780 4.50036937 0.74307921 0.86472647
1.18626207 7.70972534 4.49807092 0.73892992 0.86904674
1.18182507 7.71060187 4.49580093 0.73483202 0.87326017
1.17744404 7.71146735 4.49355958 0.73078582 0.87736749
1.17311928 7.71232172 4.49134701 0.72679158 0.88136954
1.16885102 7.71316492 4.48916335 0.72284953 0.88526726
1.16463946 7.71399691 4.48700870 0.71895984 0.88906173
1.16048473 7.71481769 4.48488312 0.71512263 0.89275409
1.15638692 7.71562721 4.48278666 0.71133801 0.89634559
1.15234609 7.71642548 4.48071935 0.70760600 0.89983758
1.14836224 7.71721249 4.47868119 0.70392661 0.90323145
1.14443532 7.71798825 4.47667216 0.70029982 0.90652869
1.14056526 7.71875278 4.47469222 0.69672553 0.90973084
1.13675195 7.71950610 4.47274131 0.69320366 0.91283950
1.13299522 7.72024824 4.47081934 0.68973404 0.91585632
1.12929489 7.72097924 4.46892623 0.68631651 0.91878300
1.12565073 7.72169914 4.46706186 0.68295086 0.92162127
1.12206248 7.72240800 4.46522609 0.67963685 0.92437289
1.11852985 7.72310586 4.46341877 0.67637421 0.92703965
1.11505253 7.72379280 4.46163975 0.67316264 0.92962337
1.11163016 7.72446889 4.45988885 0.67000184 0.93212588
1.10826239 7.72513419 4.45816588 0.66689145 0.93454903
1.10494880 7.72578878 4.45647062 0.66383111 0.93689466
1.10168899 7.72643275 4.45480288 0.66082043 0.93916462
1.09848251 7.72706619 4.45316242 0.65785901 0.94136078
1.09532889 7.72768918 4.45154902 0.65494642 0.94348498
1.09222767 7.72830182 4.44996241 0.65208222 0.94553906
1.08917834 7.72890421 4.44840235 0.64926594 0.94752485
1.08618040 7.72949644 4.44686858 0.64649711 0.94944418
1.08323330 7.73007864 4.44536083 0.64377526 0.95129884
1.08033653 7.73065089 4.44387882 0.64109987 0.95309061
1.07748951 7.73121331 4.44242226 0.63847044 0.95482127
1.07469169 7.73176601 4.44099088 0.63588645 0.95649255
1.07194249 7.73230911 4.43958437 0.63334737 0.95810617
1.06924134 7.73284271 4.43820244 0.63085265 0.95966381
1.06658763 7.73336695 4.43684478 0.62840177 0.96116713
1.06398079 7.73388192 4.43551110 0.62599415 0.96261777
1.06142019 7.73438776 4.43420108 0.62362926 0.96401734
1.05890524 7.73488458 4.43291442 0.62130652 0.96536739
1.05643533 7.73537250 4.43165079 0.61902537 0.96666948
1.05400984 7.73585165 4.43040989 0.61678525 0.96792510
1.05162814 7.73632215 4.42919140 0.61458559 0.96913574
1.04928964 7.73678411 4.42799500 0.61242581 0.97030283
1.04699369 7.73723767 4.42682038 0.61030534 0.97142779
1.04473970 7.73768294 4.42566721 0.60822361 0.97251198
1.04252702 7.73812005 4.42453519 0.60618004 0.97355674
1.04035506 7.73854911 4.42342400 0.60417407 0.97456339
1.03822318 7.73897026 4.42233331 0.60220513 0.97553320
1.03613077 7.73938360 4.42126282 0.60027264 0.97646740
1.03407722 7.73978927 4.42021221 0.59837604 0.97736719
1.03206193 7.74018739 4.41918116 0.59651476 0.97823376
1.03008427 7.74057807 4.41816938 0.59468825 0.97906823
1.02814365 7.74096143 4.41717654 0.59289595 0.97987173
1.02623947 7.74133759 4.41620235 0.59113730 0.98064531
1.02437113 7.74170668 4.41524649 0.58941176 0.98139003
1.02253805 7.74206880 4.41430867 0.58771877 0.98210689
1.02073963 7.74242407 4.41338858 0.58605780 0.98279688
1.01897529 7.74277260 4.41248594 0.58442831 0.98346095
1.01724447 7.74311452 4.41160043 0.58282977 0.98410003
1.01554659 7.74344993 4.41073178 0.58126165 0.98471499
1.01388109 7.74377894 4.40987970 0.57972344 0.98530672
1.01224740 7.74410167 4.40904389 0.57821461 0.98587604
1.01064499 7.74441822 4.40822408 0.57673467 0.98642377
1.00907329 7.74472870 4.40741999 0.57528309 0.98695068
1.00753178 7.74503322 4.40663134 0.57385940 0.98745755
1.00601992 7.74533188 4.40585786 0.57246309 0.98794510
1.00453719 7.74562479 4.40509928 0.57109368 0.98841403
1.00308307 7.74591205 4.40435534 0.56975069 0.98886504
1.00165704 7.74619375 4.40362577 0.56843364 0.98929878
1.00025860 7.74647001 4.40291031 0.56714208 0.98971590
0.99888725 7.74674091 4.40220872 0.56587554 0.99011701
0.99754250 7.74700656 4.40152074 0.56463357 0.99050270
0.99622387 7.74726705 4.40084611 0.56341572 0.99087355
0.99493087 7.74752247 4.40018460 0.56222154 0.99123012
0.99366304 7.74777293 4.39953597 0.56105061 0.99157294
0.99241992 7.74801850 4.39889998 0.55990250 0.99190252
0.99120105 7.74825928 4.39827639 0.55877678 0.99221938
0.99000597 7.74849537 4.39766498 0.55767304 0.99252397
0.98883425 7.74872683 4.39706552 0.55659087 0.99281677
0.98768545 7.74895377 4.39647778 0.55552987 0.99309823
0.98655914 7.74917627 4.39590155 0.55448964 0.99336878
0.98545490 7.74939441 4.39533661 0.55346980 0.99362882
0.98437232 7.74960827 4.39478275 0.55246995 0.99387876
0.98331098 7.74981793 4.39423976 0.55148973 0.99411898
0.98227049 7.75002347 4.39370744 0.55052876 0.99434986
0.98125044 7.75022498 4.39318557 0.54958668 0.99457175
0.98025046 7.75042252 4.39267397 0.54866313 0.99478500
0.97927017 7.75061617 4.39217244 0.54775775 0.99498994
0.97830917 7.75080601 4.39168079 0.54687020 0.99518688
0.97736712 7.75099211 4.39119883 0.54600015 0.99537613
0.97644364 7.75117454 4.39072637 0.54514725 0.99555800
0.97553837 7.75135337 4.39026323 0.54431117 0.99573275
0.97465098 7.75152867 4.38980923 0.54349160 0.99590068
0.97378111 7.75170051 4.38936419 0.54268821 0.99606204
0.97292843 7.75186895 4.38892796 0.54190070 0.99621708
0.97209261 7.75203406 4.38850034 0.54112876 0.99636606
0.97127332 7.75219591 4.38808118 0.54037208 0.99650919
0.97047023 7.75235455 4.38767032 0.53963038 0.99664672
0.96968305 7.75251006 4.38726759 0.53890336 0.99677886
0.96891145 7.75266248 4.38687283 0.53819073 0.99690582
0.96815514 7.75281189 4.38648589 0.53749222 0.99702779
0.96741382 7.75295833 4.38610663 0.53680756 0.99714498
0.96668719 7.75310187 4.38573488 0.53613647 0.99725757
0.96597498 7.75324257 4.38537050 0.53547869 0.99736573
0.96527689 7.75338047 4.38501336 0.53483396 0.99746965
0.96459266 7.75351564 4.38466330 0.53420202 0.99756948
0.96392201 7.75364812 4.38432019 0.53358263 0.99766539
0.96326468 7.75377797 4.38398389 0.53297553 0.99775753
0.96262041 7.75390524 4.38365427 0.53238050 0.99784604
0.96198893 7.75402999 4.38333120 0.53179729 0.99793107
0.96137001 7.75415225 4.38301456 0.53122566 0.99801275
0.96076338 7.75427209 4.38270420 0.53066540 0.99809122
0.96016882 7.75438954 4.38240002 0.53011629 0.99816660
0.95958609 7.75450466 4.38210189 0.52957809 0.99823901
0.95901494 7.75461748 4.38180968 0.52905059 0.99830857
0.95845516 7.75472806 4.38152329 0.52853360 0.99837538
0.95790652 7.75483644 4.38124260 0.52802689 0.99843957
0.95736880 7.75494267 4.38096750 0.52753026 0.99850122
0.95684179 7.75504678 4.38069788 0.52704353 0.99856045
0.95632527 7.75514881 4.38043362 0.52656648 0.99861734
0.95581903 7.75524882 4.38017462 0.52609894 0.99867198
0.95532288 7.75534683 4.37992079 0.52564071 0.99872447
0.95483661 7.75544289 4.37967201 0.52519161 0.99877489
0.95436004 7.75553703 4.37942819 0.52475145 0.99882332
0.95389296 7.75562930 4.37918922 0.52432007 0.99886984
0.95343518 7.75571973 4.37895502 0.52389729 0.99891452
0.95298654 7.75580836 4.37872549 0.52348293 0.99895744
0.95254684 7.75589522 4.37850054 0.52307683 0.99899867
0.95211590 7.75598035 4.37828006 0.52267883 0.99903826
0.95169356 7.75606378 4.37806399 0.52228877 0.99907630
0.95127964 7.75614555 4.37785223 0.52190648 0.99911283
0.95087398 7.75622568 4.37764468 0.52153183 0.99914792
0.95047641 7.75630422 4.37744128 0.52116464 0.99918162
0.95008677 7.75638119 4.37724194 0.52080478 0.99921399
0.94970490 7.75645663 4.37704657 0.52045210 0.99924509
0.94933066 7.75653056 4.37685511 0.52010646 0.99927495
0.94896388 7.75660301 4.37666746 0.51976771 0.99930364
0.94860442 7.75667402 4.37648356 0.51943573 0.99933119
0.94825214 7.75674361 4.37630332 0.51911037 0.99935765
0.94790689 7.75681181 4.37612669 0.51879150 0.99938307
0.94756853 7.75687865 4.37595358 0.51847900 0.99940748
0.94723692 7.75694416 4.37578393 0.51817274 0.99943092
0.94691194 7.75700836 4.37561766 0.51787260 0.99945344
0.94659344 7.75707128 4.37545472 0.51757844 0.99947507
0.94628131 7.75713294 4.37529503 0.51729017 0.99949585
0.94597540 7.75719336 4.37513852 0.51700764 0.99951580
0.94567561 7.75725259 4.37498515 0.51673076 0.99953496
0.94538180 7.75731063 4.37483483 0.51645941 0.99955337
0.94509387 7.75736751 4.37468752 0.51619348 0.99957105
0.94481168 7.75742325 4.37454315 0.51593286 0.99958803
0.94453513 7.75747788 4.37440167 0.51567744 0.99960433
0.94426410 7.75753142 4.37426301 0.51542713 0.99962000
0.94399849 7.75758389 4.37412712 0.51518182 0.99963504
0.94373819 7.75763531 4.37399394 0.51494141 0.99964949
0.94348308 7.75768571 4.37386343 0.51470580 0.99966336
0.94323307 7.75773509 4.37373552 0.51447490 0.99967669
0.94298806 7.75778350 4.37361017 0.51424861 0.99968949
0.94274794 7.75783093 4.37348732 0.51402685 0.99970178
0.94251262 7.75787741 4.37336693 0.51380951 0.99971359
0.94228200 7.75792297 4.37324894 0.51359652 0.99972493
0.94205600 7.75796762 4.37313331 0.51338779 0.99973582
0.94183450 7.75801137 4.37302000 0.51318322 0.99974628
0.94161744 7.75805425 4.37290894 0.51298275 0.99975633
0.94140471 7.75809628 4.37280011 0.51278628 0.99976598
0.94119623 7.75813746 4.37269345 0.51259374 0.99977525
0.94099192 7.75817782 4.37258892 0.51240504 0.99978415
0.94079170 7.75821737 4.37248649 0.51222012 0.99979270
0.94059547 7.75825613 4.37238610 0.51203889 0.99980091
0.94040317 7.75829412 4.37228771 0.51186129 0.99980879
0.94021471 7.75833135 4.37219130 0.51168723 0.99981636
0.94003002 7.75836784 4.37209681 0.51151665 0.99982364
0.93984902 7.75840359 4.37200420 0.51134949 0.99983062
0.93967164 7.75843863 4.37191345 0.51118566 0.99983733
0.93949780 7.75847297 4.37182452 0.51102511 0.99984377
0.93932744 7.75850663 4.37173736 0.51086777 0.99984996
0.93916049 7.75853961 4.37165194 0.51071358 0.99985591
0.93899687 7.75857193 4.37156823 0.51056247 0.99986161
0.93883653 7.75860360 4.37148620 0.51041438 0.99986710
0.93867938 7.75863464 4.37140581 0.51026925 0.99987236
0.93852539 7.75866507 4.37132702 0.51012702 0.99987742
0.93837447 7.75869488 4.37124980 0.50998763 0.99988227
0.93822656 7.75872410 4.37117414 0.50985103 0.99988694
0.93808162 7.75875273 4.37109998 0.50971716 0.99989142
0.93793957 7.75878079 4.37102731 0.50958597 0.99989572
0.93780036 7.75880829 4.37095609 0.50945740 0.99989985
0.93766394 7.75883524 4.37088629 0.50933141 0.99990382
0.93753024 7.75886165 4.37081789 0.50920793 0.99990763
0.93739921 7.75888753 4.37075086 0.50908692 0.99991129
0.93727081 7.75891290 4.37068516 0.50896833 0.99991481
0.93714497 7.75893776 4.37062078 0.50885211 0.99991818
0.93702165 7.75896212 4.37055769 0.50873821 0.99992143
0.93690080 7.75898599 4.37049586 0.50862659 0.99992454
0.93678236 7.75900939 4.37043527 0.50851721 0.99992753
0.93666629 7.75903232 4.37037588 0.50841001 0.99993040
0.93655254 7.75905479 4.37031769 0.50830495 0.99993316
0.93644107 7.75907681 4.37026066 0.50820200 0.99993581
0.93633182 7.75909839 4.37020477 0.50810110 0.99993836
0.93622476 7.75911954 4.37014999 0.50800222 0.99994080
0.93611984 7.75914026 4.37009631 0.50790532 0.99994315
0.93601702 7.75916058 4.37004371 0.50781036 0.99994540
0.93591625 7.75918048 4.36999216 0.50771729 0.99994757
0.93581750 7.75919999 4.36994163 0.50762609 0.99994965
0.93572072 7.75921911 4.36989212 0.50753671 0.99995164
0.93562588 7.75923784 4.36984360 0.50744912 0.99995356
0.93553294 7.75925620 4.36979605 0.50736328 0.99995540
0.93544185 7.75927420 4.36974945 0.50727915 0.99995717
0.93535259 7.75929183 4.36970378 0.50719671 0.99995887
0.93526511 7.75930911 4.36965902 0.50711592 0.99996050
0.93517938 7.75932605 4.36961516 0.50703674 0.99996207
0.93509536 7.75934264 4.36957218 0.50695914 0.99996358
0.93501303 7.75935891 4.36953006 0.50688310 0.99996502
0.93493234 7.75937485 4.36948878 0.50680858 0.99996641
0.93485326 7.75939047 4.36944832 0.50673555 0.99996774
0.93477577 7.75940578 4.36940867 0.50666398 0.99996902
0.93469982 7.75942078 4.36936982 0.50659384 0.99997025
0.93462540 7.75943548 4.36933174 0.50652510 0.99997143
0.93455246 7.75944989 4.36929443 0.50645774 0.99997257
0.93448098 7.75946401 4.36925786 0.50639172 0.99997366
0.93441093 7.75947785 4.36922202 0.50632703 0.99997470
0.93434229 7.75949141 4.36918690 0.50626362 0.99997571
0.93427501 7.75950470 4.36915248 0.50620149 0.99997667
0.93420908 7.75951772 4.36911875 0.50614060 0.99997760
0.93414447 7.75953048 4.36908569 0.50608093 0.99997849
0.93408115 7.75954299 4.36905330 0.50602245 0.99997935
0.93401910 7.75955525 4.36902155 0.50596514 0.99998017
0.93395828 7.75956726 4.36899044 0.50590897 0.99998096
0.93389869 7.75957904 4.36895995 0.50585393 0.99998171
0.93384028 7.75959057 4.36893007 0.50579999 0.99998244
0.93378305 7.75960188 4.36890079 0.50574713 0.99998314
0.93372696 7.75961296 4.36887209 0.50569532 0.99998381
0.93367199 7.75962382 4.36884397 0.50564456 0.99998445
0.93361812 7.75963446 4.36881640 0.50559480 0.99998507
0.93356532 7.75964489 4.36878940 0.50554604 0.99998567
0.93351359 7.75965511 4.36876293 0.50549826 0.99998624
0.93346288 7.75966513 4.36873699 0.50545143 0.99998679
0.93341320 7.75967494 4.36871156 0.50540554 0.99998731
0.93336450 7.75968456 4.36868665 0.50536057 0.99998782
0.93331678 7.75969399 4.36866224 0.50531650 0.99998830
0.93327001 7.75970323 4.36863831 0.50527330 0.99998877
0.93322418 7.75971228 4.36861486 0.50523098 0.99998922
0.93317927 7.75972115 4.36859188 0.50518949 0.99998965
0.93313525 7.75972985 4.36856937 0.50514884 0.99999006
0.93309212 7.75973837 4.36854730 0.50510900 0.99999046
0.93304984 7.75974672 4.36852567 0.50506996 0.99999084
0.93300841 7.75975490 4.36850447 0.50503170 0.99999120
0.93296781 7.75976292 4.36848370 0.50499420 0.99999156
0.93292803 7.75977078 4.36846335 0.50495746 0.99999189
0.93288904 7.75977849 4.36844340 0.50492144 0.99999222
0.93285082 7.75978603 4.36842385 0.50488615 0.99999253
0.93281338 7.75979343 4.36840469 0.50485157 0.99999283
0.93277668 7.75980068 4.36838591 0.50481767 0.99999312
0.93274071 7.75980779 4.36836751 0.50478446 0.99999339
0.93270547 7.75981475 4.36834948 0.50475191 0.99999366
0.93267093 7.75982157 4.36833181 0.50472001 0.99999391
0.93263708 7.75982826 4.36831449 0.50468874 0.99999416
0.93260390 7.75983481 4.36829752 0.50465811 0.99999439
0.93257140 7.75984123 4.36828089 0.50462808 0.99999461
0.93253954 7.75984753 4.36826459 0.50459866 0.99999483
0.93250831 7.75985369 4.36824862 0.50456982 0.99999504
0.93247772 7.75985974 4.36823296 0.50454156 0.99999524
0.93244773 7.75986566 4.36821762 0.50451387 0.99999543
0.93241834 7.75987147 4.36820259 0.50448673 0.99999561
0.93238955 7.75987716 4.36818785 0.50446013 0.99999579
0.93236132 7.75988273 4.36817342 0.50443407 0.99999596
0.93233367 7.75988819 4.36815927 0.50440852 0.99999612
0.93230656 7.75989355 4.36814540 0.50438349 0.99999628
0.93228000 7.75989880 4.36813181 0.50435896 0.99999643
0.93225397 7.75990394 4.36811849 0.50433491 0.99999658
0.93222846 7.75990898 4.36810544 0.50431135 0.99999671
0.93220346 7.75991392 4.36809265 0.50428826 0.99999685
0.93217896 7.75991876 4.36808011 0.50426564 0.99999698
0.93215495 7.75992350 4.36806783 0.50424346 0.99999710
0.93213142 7.75992815 4.36805579 0.50422173 0.99999722
0.93210836 7.75993270 4.36804399 0.50420043 0.99999733
0.93208576 7.75993717 4.36803243 0.50417956 0.99999744
0.93206361 7.75994154 4.36802110 0.50415911 0.99999754
0.93204191 7.75994583 4.36801000 0.50413906 0.99999764
0.93202064 7.75995003 4.36799912 0.50411942 0.99999774
0.93199979 7.75995415 4.36798845 0.50410017 0.99999783
0.93197937 7.75995818 4.36797800 0.50408130 0.99999792
0.93195935 7.75996214 4.36796776 0.50406281 0.99999801
0.93193973 7.75996601 4.36795772 0.50404469 0.99999809
0.93192050 7.75996981 4.36794789 0.50402694 0.99999817
0.93190166 7.75997353 4.36793825 0.50400953 0.99999824
0.93188320 7.75997718 4.36792880 0.50399248 0.99999832
0.93186510 7.75998075 4.36791954 0.50397577 0.99999839
0.93184737 7.75998426 4.36791047 0.50395939 0.99999845
0.93182999 7.75998769 4.36790158 0.50394334 0.99999852
0.93181296 7.75999106 4.36789286 0.50392761 0.99999858
0.93179627 7.75999435 4.36788433 0.50391220 0.99999864
0.93177991 7.75999758 4.36787596 0.50389709 0.99999870
0.93176388 7.76000075 4.36786776 0.50388228 0.99999875
0.93174817 7.76000385 4.36785972 0.50386778 0.99999880
0.93173278 7.76000689 4.36785184 0.50385356 0.99999885
0.93171769 7.76000987 4.36784412 0.50383962 0.99999890
0.93170290 7.76001280 4.36783656 0.50382597 0.99999895
0.93168841 7.76001566 4.36782915 0.50381259 0.99999899
0.93167422 7.76001846 4.36782188 0.50379947 0.99999904
0.93166030 7.76002121 4.36781476 0.50378662 0.99999908
0.93164666 7.76002391 4.36780779 0.50377402 0.99999912
0.93163330 7.76002655 4.36780095 0.50376168 0.99999916
0.93162020 7.76002913 4.36779425 0.50374958 0.99999919
0.93160736 7.76003167 4.36778768 0.50373773 0.99999923
0.93159479 7.76003415 4.36778124 0.50372611 0.99999926
0.93158246 7.76003659 4.36777494 0.50371473 0.99999929
0.93157038 7.76003897 4.36776876 0.50370357 0.99999933
0.93155854 7.76004131 4.36776270 0.50369264 0.99999936
0.93154694 7.76004361 4.36775676 0.50368192 0.99999938
0.93153557 7.76004585 4.36775095 0.50367142 0.99999941
0.93152442 7.76004805 4.36774525 0.50366113 0.99999944
0.93151350 7.76005021 4.36773966 0.50365104 0.99999946
0.93150280 7.76005232 4.36773418 0.50364116 0.99999949
0.93149231 7.76005440 4.36772882 0.50363147 0.99999951
0.93148204 7.76005643 4.36772356 0.50362198 0.99999953
0.93147196 7.76005842 4.36771841 0.50361268 0.99999956
0.93146209 7.76006037 4.36771336 0.50360356 0.99999958
0.93145242 7.76006228 4.36770841 0.50359463 0.99999960
0.93144294 7.76006415 4.36770356 0.50358587 0.99999962
0.93143365 7.76006598 4.36769881 0.50357729 0.99999963
0.93142455 7.76006778 4.36769415 0.50356888 0.99999965
0.93141562 7.76006955 4.36768958 0.50356064 0.99999967
0.93140688 7.76007127 4.36768511 0.50355257 0.99999968
0.93139831 7.76007297 4.36768073 0.50354465 0.99999970
0.93138991 7.76007462 4.36767643 0.50353690 0.99999972
0.93138168 7.76007625 4.36767222 0.50352930 0.99999973
0.93137362 7.76007784 4.36766809 0.50352185 0.99999974
0.93136571 7.76007940 4.36766405 0.50351455 0.99999976
0.93135797 7.76008093 4.36766009 0.50350740 0.99999977
0.93135038 7.76008243 4.36765620 0.50350038 0.99999978
0.93134294 7.76008390 4.36765240 0.50349351 0.99999979
0.93133565 7.76008534 4.36764867 0.50348678 0.99999981
0.93132850 7.76008675 4.36764501 0.50348018 0.99999982
0.93132150 7.76008814 4.36764143 0.50347372 0.99999983
0.93131464 7.76008949 4.36763792 0.50346738 0.99999984
