0.77907804 2.60279657 3.49834551 4.28954749 0.01184205
0.77945197 2.60276217 3.49857923 4.28931720 0.01186694
0.77982660 2.60272770 3.49881339 4.28908647 0.01189192
0.78020193 2.60269317 3.49904798 4.28885532 0.01191700
0.78057797 2.60265857 3.49928302 4.28862373 0.01194217
0.78095470 2.60262391 3.49951849 4.28839171 0.01196743
0.78133215 2.60258919 3.49975441 4.28815925 0.01199279
0.78171030 2.60255440 3.49999078 4.28792636 0.01201825
0.78208917 2.60251954 3.50022758 4.28769302 0.01204380
0.78246875 2.60248462 3.50046484 4.28745925 0.01206945
0.78284904 2.60244963 3.50070254 4.28722503 0.01209520
0.78323006 2.60241458 3.50094069 4.28699038 0.01212104
0.78361180 2.60237946 3.50117930 4.28675527 0.01214698
0.78399426 2.60234427 3.50141836 4.28651972 0.01217302
0.78437745 2.60230902 3.50165787 4.28628372 0.01219916
0.78476137 2.60227370 3.50189784 4.28604727 0.01222540
0.78514602 2.60223831 3.50213827 4.28581038 0.01225173
0.78553141 2.60220285 3.50237916 4.28557302 0.01227817
0.78591753 2.60216733 3.50262050 4.28533522 0.01230472
0.78630439 2.60213174 3.50286232 4.28509695 0.01233136
0.78669200 2.60209608 3.50310459 4.28485823 0.01235810
0.78708035 2.60206035 3.50334733 4.28461906 0.01238495
0.78746944 2.60202456 3.50359054 4.28437942 0.01241190
0.78785929 2.60198869 3.50383422 4.28413931 0.01243896
0.78824989 2.60195276 3.50407837 4.28389875 0.01246612
0.78864125 2.60191675 3.50432300 4.28365771 0.01249338
0.78903336 2.60188068 3.50456810 4.28341621 0.01252076
0.78942624 2.60184453 3.50481367 4.28317425 0.01254823
0.78981988 2.60180832 3.50505972 4.28293181 0.01257582
0.79021429 2.60177204 3.50530625 4.28268889 0.01260351
0.79060946 2.60173568 3.50555326 4.28244551 0.01263131
0.79100541 2.60169925 3.50580076 4.28220165 0.01265922
0.79140213 2.60166276 3.50604874 4.28195731 0.01268724
0.79179963 2.60162619 3.50629721 4.28171249 0.01271537
0.79219791 2.60158955 3.50654616 4.28146719 0.01274361
0.79259697 2.60155284 3.50679561 4.28122141 0.01277196
0.79299682 2.60151605 3.50704555 4.28097514 0.01280042
0.79339746 2.60147919 3.50729598 4.28072839 0.01282900
0.79379889 2.60144227 3.50754690 4.28048115 0.01285769
0.79420112 2.60140526 3.50779833 4.28023342 0.01288649
0.79460414 2.60136819 3.50805025 4.27998519 0.01291541
0.79500796 2.60133104 3.50830267 4.27973648 0.01294444
0.79541259 2.60129381 3.50855560 4.27948727 0.01297359
0.79581802 2.60125652 3.50880903 4.27923756 0.01300285
0.79622426 2.60121914 3.50906296 4.27898735 0.01303223
0.79663131 2.60118170 3.50931741 4.27873665 0.01306173
0.79703918 2.60114418 3.50957236 4.27848544 0.01309135
0.79744787 2.60110658 3.50982783 4.27823372 0.01312108
0.79785738 2.60106891 3.51008381 4.27798150 0.01315094
0.79826771 2.60103116 3.51034031 4.27772878 0.01318091
0.79867887 2.60099333 3.51059732 4.27747554 0.01321101
0.79909086 2.60095543 3.51085485 4.27722179 0.01324123
0.79950369 2.60091746 3.51111291 4.27696753 0.01327157
0.79991735 2.60087940 3.51137149 4.27671275 0.01330204
0.80033185 2.60084127 3.51163059 4.27645745 0.01333263
0.80074719 2.60080306 3.51189022 4.27620163 0.01336334
0.80116338 2.60076478 3.51215038 4.27594530 0.01339418
0.80158041 2.60072641 3.51241107 4.27568844 0.01342514
0.80199830 2.60068797 3.51267230 4.27543105 0.01345623
0.80241705 2.60064945 3.51293406 4.27517314 0.01348745
0.80283665 2.60061085 3.51319635 4.27491470 0.01351880
0.80325712 2.60057217 3.51345919 4.27465572 0.01355028
0.80367845 2.60053341 3.51372257 4.27439622 0.01358188
0.80410065 2.60049457 3.51398649 4.27413617 0.01361362
0.80452372 2.60045565 3.51425095 4.27387560 0.01364549
0.80494767 2.60041666 3.51451597 4.27361448 0.01367749
0.80537249 2.60037758 3.51478153 4.27335282 0.01370962
0.80579820 2.60033841 3.51504765 4.27309061 0.01374188
0.80622479 2.60029917 3.51531432 4.27282787 0.01377429
0.80665227 2.60025985 3.51558154 4.27256457 0.01380682
0.80708065 2.60022044 3.51584932 4.27230072 0.01383949
0.80750991 2.60018095 3.51611767 4.27203632 0.01387230
0.80794008 2.60014138 3.51638657 4.27177137 0.01390525
0.80837115 2.60010173 3.51665604 4.27150587 0.01393833
0.80880312 2.60006199 3.51692608 4.27123980 0.01397156
0.80923600 2.60002217 3.51719668 4.27097317 0.01400492
0.80966980 2.59998227 3.51746786 4.27070599 0.01403843
0.81010451 2.59994228 3.51773961 4.27043823 0.01407207
0.81054014 2.59990221 3.51801193 4.27016991 0.01410586
0.81097670 2.59986205 3.51828484 4.26990102 0.01413980
0.81141418 2.59982181 3.51855832 4.26963156 0.01417387
0.81185259 2.59978148 3.51883238 4.26936153 0.01420810
0.81229194 2.59974106 3.51910703 4.26909092 0.01424246
0.81273222 2.59970056 3.51938227 4.26881973 0.01427698
0.81317345 2.59965997 3.51965809 4.26854796 0.01431164
0.81361562 2.59961930 3.51993451 4.26827561 0.01434646
0.81405874 2.59957854 3.52021152 4.26800268 0.01438142
0.81450281 2.59953769 3.52048912 4.26772916 0.01441653
0.81494784 2.59949675 3.52076733 4.26745505 0.01445179
0.81539383 2.59945573 3.52104613 4.26718034 0.01448721
0.81584078 2.59941461 3.52132554 4.26690504 0.01452278
0.81628870 2.59937341 3.52160555 4.26662915 0.01455850
0.81673759 2.59933212 3.52188618 4.26635266 0.01459438
0.81718746 2.59929074 3.52216741 4.26607557 0.01463042
0.81763831 2.59924927 3.52244925 4.26579787 0.01466661
0.81809014 2.59920770 3.52273171 4.26551956 0.01470296
0.81854295 2.59916605 3.52301479 4.26524065 0.01473947
0.81899676 2.59912431 3.52329848 4.26496113 0.01477614
0.81945156 2.59908247 3.52358280 4.26468100 0.01481298
0.81990737 2.59904054 3.52386775 4.26440024 0.01484997
0.82036417 2.59899853 3.52415332 4.26411887 0.01488713
0.82082198 2.59895641 3.52443952 4.26383688 0.01492445
0.82128081 2.59891421 3.52472636 4.26355427 0.01496193
0.82174065 2.59887191 3.52501383 4.26327103 0.01499958
0.82220151 2.59882952 3.52530194 4.26298716 0.01503740
0.82266339 2.59878703 3.52559068 4.26270267 0.01507539
0.82312630 2.59874445 3.52588008 4.26241753 0.01511355
0.82359024 2.59870178 3.52617011 4.26213177 0.01515188
0.82405522 2.59865901 3.52646080 4.26184536 0.01519037
0.82452123 2.59861614 3.52675213 4.26155831 0.01522905
0.82498830 2.59857318 3.52704412 4.26127062 0.01526789
0.82545641 2.59853012 3.52733677 4.26098228 0.01530691
0.82592557 2.59848696 3.52763007 4.26069330 0.01534611
0.82639580 2.59844371 3.52792404 4.26040366 0.01538548
0.82686708 2.59840036 3.52821867 4.26011337 0.01542503
0.82733943 2.59835691 3.52851397 4.25982242 0.01546476
0.82781285 2.59831337 3.52880994 4.25953081 0.01550467
0.82828735 2.59826972 3.52910658 4.25923854 0.01554477
0.82876292 2.59822598 3.52940389 4.25894560 0.01558504
0.82923958 2.59818213 3.52970189 4.25865199 0.01562550
0.82971733 2.59813819 3.53000056 4.25835771 0.01566615
0.83019618 2.59809414 3.53029992 4.25806276 0.01570698
0.83067611 2.59805000 3.53059997 4.25776714 0.01574799
0.83115716 2.59800575 3.53090070 4.25747083 0.01578920
0.83163931 2.59796140 3.53120213 4.25717384 0.01583060
0.83212257 2.59791695 3.53150426 4.25687617 0.01587219
0.83260694 2.59787239 3.53180708 4.25657781 0.01591397
0.83309244 2.59782774 3.53211060 4.25627875 0.01595594
0.83357907 2.59778298 3.53241483 4.25597901 0.01599811
0.83406682 2.59773811 3.53271977 4.25567856 0.01604048
0.83455571 2.59769314 3.53302541 4.25537742 0.01608304
0.83504574 2.59764807 3.53333177 4.25507558 0.01612581
0.83553691 2.59760289 3.53363885 4.25477303 0.01616877
0.83602924 2.59755761 3.53394664 4.25446977 0.01621193
0.83652272 2.59751222 3.53425516 4.25416579 0.01625530
0.83701736 2.59746672 3.53456440 4.25386111 0.01629887
0.83751316 2.59742111 3.53487437 4.25355570 0.01634265
0.83801014 2.59737540 3.53518508 4.25324958 0.01638663
0.83850829 2.59732958 3.53549651 4.25294273 0.01643083
0.83900761 2.59728365 3.53580869 4.25263515 0.01647523
0.83950813 2.59723762 3.53612161 4.25232685 0.01651984
0.84000983 2.59719147 3.53643527 4.25201781 0.01656467
0.84051273 2.59714521 3.53674968 4.25170803 0.01660971
0.84101683 2.59709885 3.53706484 4.25139751 0.01665496
0.84152214 2.59705237 3.53738076 4.25108625 0.01670044
0.84202865 2.59700578 3.53769743 4.25077425 0.01674613
0.84253639 2.59695908 3.53801487 4.25046149 0.01679204
0.84304534 2.59691227 3.53833307 4.25014798 0.01683817
0.84355552 2.59686534 3.53865203 4.24983372 0.01688452
0.84406694 2.59681830 3.53897177 4.24951870 0.01693110
0.84457959 2.59677115 3.53929228 4.24920291 0.01697791
0.84509348 2.59672388 3.53961357 4.24888636 0.01702494
0.84560863 2.59667650 3.53993564 4.24856903 0.01707220
0.84612503 2.59662900 3.54025850 4.24825094 0.01711969
0.84664268 2.59658139 3.54058214 4.24793207 0.01716742
0.84716161 2.59653366 3.54090658 4.24761241 0.01721538
0.84768180 2.59648581 3.54123181 4.24729198 0.01726357
0.84820327 2.59643785 3.54155784 4.24697076 0.01731200
0.84872603 2.59638977 3.54188467 4.24664874 0.01736067
0.84925007 2.59634157 3.54221231 4.24632594 0.01740958
0.84977541 2.59629325 3.54254076 4.24600233 0.01745873
0.85030204 2.59624481 3.54287002 4.24567793 0.01750813
0.85082998 2.59619625 3.54320009 4.24535272 0.01755777
0.85135924 2.59614757 3.54353099 4.24502670 0.01760766
0.85188981 2.59609877 3.54386271 4.24469987 0.01765779
0.85242170 2.59604985 3.54419527 4.24437222 0.01770818
0.85295493 2.59600080 3.54452865 4.24404376 0.01775882
0.85348949 2.59595163 3.54486287 4.24371447 0.01780972
0.85402539 2.59590234 3.54519792 4.24338436 0.01786087
0.85456264 2.59585293 3.54553383 4.24305341 0.01791227
0.85510124 2.59580339 3.54587057 4.24272163 0.01796394
0.85564121 2.59575373 3.54620817 4.24238901 0.01801587
0.85618254 2.59570394 3.54654663 4.24205555 0.01806806
0.85672524 2.59565402 3.54688594 4.24172124 0.01812052
0.85726932 2.59560398 3.54722611 4.24138609 0.01817325
0.85781479 2.59555381 3.54756716 4.24105008 0.01822624
0.85836165 2.59550351 3.54790907 4.24071321 0.01827950
0.85890991 2.59545308 3.54825186 4.24037548 0.01833304
0.85945957 2.59540253 3.54859553 4.24003688 0.01838686
0.86001065 2.59535184 3.54894008 4.23969742 0.01844095
0.86056314 2.59530103 3.54928551 4.23935708 0.01849531
0.86111706 2.59525008 3.54963184 4.23901586 0.01854996
0.86167241 2.59519900 3.54997907 4.23867376 0.01860490
0.86222919 2.59514779 3.55032719 4.23833078 0.01866012
0.86278743 2.59509645 3.55067622 4.23798690 0.01871562
0.86334711 2.59504497 3.55102615 4.23764213 0.01877141
0.86390825 2.59499336 3.55137700 4.23729646 0.01882750
0.86447086 2.59494161 3.55172877 4.23694989 0.01888388
0.86503494 2.59488973 3.55208145 4.23660241 0.01894055
0.86560050 2.59483771 3.55243506 4.23625402 0.01899753
0.86616754 2.59478556 3.55278961 4.23590471 0.01905480
0.86673608 2.59473327 3.55314508 4.23555448 0.01911238
0.86730612 2.59468084 3.55350150 4.23520333 0.01917026
0.86787767 2.59462827 3.55385886 4.23485124 0.01922844
0.86845073 2.59457556 3.55421716 4.23449823 0.01928694
0.86902532 2.59452272 3.55457642 4.23414427 0.01934575
0.86960144 2.59446973 3.55493664 4.23378938 0.01940487
0.87017909 2.59441660 3.55529781 4.23343353 0.01946430
0.87075829 2.59436333 3.55565996 4.23307674 0.01952406
0.87133903 2.59430991 3.55602307 4.23271898 0.01958414
0.87192134 2.59425636 3.55638716 4.23236027 0.01964454
0.87250522 2.59420266 3.55675224 4.23200059 0.01970526
0.87309067 2.59414881 3.55711829 4.23163994 0.01976632
0.87367771 2.59409482 3.55748534 4.23127831 0.01982770
0.87426633 2.59404068 3.55785338 4.23091571 0.01988942
0.87485655 2.59398640 3.55822242 4.23055212 0.01995148
0.87544838 2.59393196 3.55859247 4.23018754 0.02001387
0.87604183 2.59387738 3.55896353 4.22982196 0.02007660
0.87663689 2.59382265 3.55933560 4.22945539 0.02013968
0.87723359 2.59376777 3.55970869 4.22908781 0.02020310
0.87783192 2.59371274 3.56008280 4.22871922 0.02026688
0.87843190 2.59365756 3.56045795 4.22834962 0.02033100
0.87903353 2.59360222 3.56083413 4.22797899 0.02039548
0.87963683 2.59354674 3.56121135 4.22760735 0.02046031
0.88024180 2.59349110 3.56158962 4.22723467 0.02052551
0.88084845 2.59343530 3.56196893 4.22686096 0.02059107
0.88145678 2.59337935 3.56234931 4.22648620 0.02065699
0.88206681 2.59332325 3.56273074 4.22611041 0.02072329
0.88267855 2.59326698 3.56311324 4.22573356 0.02078995
0.88329200 2.59321056 3.56349682 4.22535565 0.02085699
0.88390717 2.59315398 3.56388147 4.22497669 0.02092441
0.88452408 2.59309724 3.56426720 4.22459665 0.02099220
0.88514272 2.59304035 3.56465402 4.22421555 0.02106038
0.88576312 2.59298329 3.56504194 4.22383336 0.02112895
0.88638527 2.59292607 3.56543096 4.22345010 0.02119790
0.88700919 2.59286868 3.56582108 4.22306574 0.02126725
0.88763488 2.59281114 3.56621231 4.22268029 0.02133699
0.88826236 2.59275343 3.56660466 4.22229374 0.02140713
0.88889163 2.59269555 3.56699813 4.22190609 0.02147768
0.88952271 2.59263751 3.56739273 4.22151732 0.02154863
0.89015560 2.59257930 3.56778847 4.22112744 0.02161998
0.89079031 2.59252093 3.56818534 4.22073643 0.02169175
0.89142685 2.59246238 3.56858336 4.22034430 0.02176394
0.89206524 2.59240367 3.56898253 4.21995103 0.02183654
0.89270547 2.59234479 3.56938286 4.21955662 0.02190957
0.89334757 2.59228573 3.56978436 4.21916106 0.02198302
0.89399154 2.59222651 3.57018702 4.21876435 0.02205690
0.89463738 2.59216711 3.57059086 4.21836648 0.02213121
0.89528512 2.59210753 3.57099588 4.21796745 0.02220596
0.89593476 2.59204778 3.57140210 4.21756724 0.02228115
0.89658631 2.59198786 3.57180950 4.21716586 0.02235678
0.89723978 2.59192776 3.57221811 4.21676330 0.02243285
0.89789517 2.59186748 3.57262793 4.21635954 0.02250938
0.89855251 2.59180703 3.57303896 4.21595459 0.02258636
0.89921181 2.59174639 3.57345121 4.21554844 0.02266380
0.89987306 2.59168557 3.57386469 4.21514107 0.02274171
0.90053629 2.59162458 3.57427940 4.21473250 0.02282007
0.90120149 2.59156340 3.57469535 4.21432270 0.02289891
0.90186870 2.59150203 3.57511255 4.21391167 0.02297822
0.90253790 2.59144049 3.57553101 4.21349941 0.02305801
0.90320912 2.59137875 3.57595072 4.21308590 0.02313828
0.90388237 2.59131684 3.57637171 4.21267115 0.02321904
0.90455766 2.59125473 3.57679396 4.21225514 0.02330029
0.90523499 2.59119243 3.57721750 4.21183787 0.02338203
0.90591439 2.59112995 3.57764233 4.21141933 0.02346426
0.90659585 2.59106728 3.57806845 4.21099951 0.02354701
0.90727940 2.59100441 3.57849588 4.21057841 0.02363025
0.90796504 2.59094135 3.57892461 4.21015602 0.02371401
0.90865278 2.59087810 3.57935466 4.20973233 0.02379829
0.90934265 2.59081465 3.57978604 4.20930734 0.02388308
0.91003464 2.59075101 3.58021875 4.20888103 0.02396840
0.91072877 2.59068717 3.58065280 4.20845341 0.02405425
0.91142505 2.59062313 3.58108819 4.20802446 0.02414063
0.91212350 2.59055890 3.58152494 4.20759418 0.02422755
0.91282413 2.59049446 3.58196305 4.20716256 0.02431501
0.91352694 2.59042982 3.58240252 4.20672958 0.02440302
0.91423195 2.59036498 3.58284338 4.20629525 0.02449159
0.91493918 2.59029994 3.58328562 4.20585956 0.02458071
0.91564864 2.59023469 3.58372925 4.20542249 0.02467039
0.91636033 2.59016924 3.58417429 4.20498405 0.02476064
0.91707427 2.59010358 3.58462073 4.20454422 0.02485146
0.91779048 2.59003771 3.58506859 4.20410299 0.02494287
0.91850897 2.58997163 3.58551787 4.20366036 0.02503485
0.91922974 2.58990534 3.58596858 4.20321632 0.02512742
0.91995282 2.58983884 3.58642074 4.20277086 0.02522058
0.92067822 2.58977212 3.58687435 4.20232397 0.02531434
0.92140594 2.58970520 3.58732941 4.20187565 0.02540871
0.92213601 2.58963805 3.58778594 4.20142588 0.02550368
0.92286843 2.58957069 3.58824394 4.20097466 0.02559927
0.92360323 2.58950311 3.58870343 4.20052198 0.02569548
0.92434041 2.58943531 3.58916440 4.20006783 0.02579232
0.92507998 2.58936730 3.58962688 4.19961221 0.02588978
0.92582197 2.58929906 3.59009087 4.19915509 0.02598789
0.92656639 2.58923059 3.59055637 4.19869648 0.02608664
0.92731324 2.58916191 3.59102340 4.19823637 0.02618603
0.92806255 2.58909299 3.59149197 4.19777475 0.02628608
0.92881433 2.58902385 3.59196208 4.19731160 0.02638679
0.92956859 2.58895448 3.59243374 4.19684692 0.02648817
0.93032536 2.58888489 3.59290697 4.19638071 0.02659023
0.93108463 2.58881506 3.59338177 4.19591294 0.02669296
0.93184643 2.58874499 3.59385815 4.19544362 0.02679638
0.93261078 2.58867470 3.59433613 4.19497273 0.02690049
0.93337769 2.58860417 3.59481570 4.19450026 0.02700530
0.93414716 2.58853340 3.59529688 4.19402621 0.02711081
0.93491923 2.58846239 3.59577969 4.19355056 0.02721704
0.93569391 2.58839115 3.59626412 4.19307330 0.02732398
0.93647120 2.58831966 3.59675019 4.19259444 0.02743165
0.93725113 2.58824793 3.59723792 4.19211394 0.02754005
0.93803372 2.58817596 3.59772730 4.19163181 0.02764920
0.93881897 2.58810374 3.59821835 4.19114804 0.02775908
0.93960691 2.58803127 3.59871108 4.19066261 0.02786972
0.94039755 2.58795856 3.59920550 4.19017552 0.02798113
0.94119090 2.58788560 3.59970162 4.18968675 0.02809330
0.94198699 2.58781238 3.60019945 4.18919630 0.02820624
0.94278584 2.58773891 3.60069901 4.18870415 0.02831997
0.94358745 2.58766519 3.60120029 4.18821030 0.02843449
0.94439185 2.58759121 3.60170332 4.18771473 0.02854980
0.94519905 2.58751697 3.60220811 4.18721743 0.02866593
0.94600907 2.58744248 3.60271465 4.18671840 0.02878286
0.94682193 2.58736772 3.60322297 4.18621761 0.02890062
0.94763765 2.58729270 3.60373308 4.18571507 0.02901921
0.94845624 2.58721742 3.60424499 4.18521075 0.02913863
0.94927772 2.58714187 3.60475871 4.18470465 0.02925890
0.95010211 2.58706605 3.60527424 4.18419676 0.02938003
0.95092943 2.58698996 3.60579161 4.18368707 0.02950201
0.95175970 2.58691360 3.60631082 4.18317555 0.02962487
0.95259293 2.58683697 3.60683189 4.18266222 0.02974861
0.95342915 2.58676007 3.60735482 4.18214704 0.02987324
0.95426837 2.58668289 3.60787964 4.18163001 0.02999876
0.95511061 2.58660543 3.60840634 4.18111112 0.03012520
0.95595590 2.58652769 3.60893495 4.18059035 0.03025254
0.95680425 2.58644967 3.60946547 4.18006770 0.03038082
0.95765568 2.58637136 3.60999793 4.17954314 0.03051002
0.95851021 2.58629277 3.61053232 4.17901668 0.03064018
0.95936787 2.58621390 3.61106866 4.17848829 0.03077128
0.96022867 2.58613473 3.61160697 4.17795797 0.03090335
0.96109262 2.58605527 3.61214726 4.17742570 0.03103639
0.96195977 2.58597553 3.61268954 4.17689146 0.03117041
0.96283011 2.58589548 3.61323383 4.17635526 0.03130543
0.96370369 2.58581514 3.61378013 4.17581706 0.03144145
0.96458050 2.58573450 3.61432846 4.17527686 0.03157849
0.96546059 2.58565356 3.61487884 4.17473465 0.03171654
0.96634397 2.58557232 3.61543128 4.17419042 0.03185564
0.96723065 2.58549077 3.61598578 4.17364414 0.03199578
0.96812067 2.58540892 3.61654238 4.17309581 0.03213697
0.96901405 2.58532676 3.61710107 4.17254541 0.03227923
0.96991080 2.58524429 3.61766187 4.17199293 0.03242258
0.97081096 2.58516150 3.61822481 4.17143835 0.03256701
0.97171454 2.58507840 3.61878988 4.17088166 0.03271254
0.97262156 2.58499499 3.61935711 4.17032285 0.03285919
0.97353206 2.58491125 3.61992651 4.16976191 0.03300696
0.97444605 2.58482719 3.62049810 4.16919880 0.03315587
0.97536356 2.58474281 3.62107189 4.16863354 0.03330593
0.97628461 2.58465811 3.62164789 4.16806609 0.03345715
0.97720922 2.58457307 3.62222613 4.16749644 0.03360955
0.97813743 2.58448771 3.62280661 4.16692458 0.03376313
0.97906925 2.58440201 3.62338935 4.16635049 0.03391791
0.98000471 2.58431598 3.62397437 4.16577416 0.03407390
0.98094383 2.58422961 3.62456168 4.16519557 0.03423112
0.98188665 2.58414290 3.62515130 4.16461470 0.03438958
0.98283318 2.58405585 3.62574324 4.16403155 0.03454929
0.98378345 2.58396846 3.62633753 4.16344609 0.03471027
0.98473749 2.58388072 3.62693417 4.16285831 0.03487253
0.98569533 2.58379263 3.62753319 4.16226819 0.03503608
0.98665699 2.58370419 3.62813459 4.16167572 0.03520094
0.98762249 2.58361539 3.62873841 4.16108087 0.03536713
0.98859187 2.58352624 3.62934465 4.16048364 0.03553465
0.98956516 2.58343673 3.62995333 4.15988400 0.03570353
0.99054237 2.58334686 3.63056447 4.15928194 0.03587377
0.99152354 2.58325662 3.63117808 4.15867745 0.03604540
0.99250870 2.58316602 3.63179419 4.15807049 0.03621842
0.99349788 2.58307505 3.63241281 4.15746106 0.03639286
0.99449110 2.58298371 3.63303397 4.15684914 0.03656873
0.99548839 2.58289199 3.63365767 4.15623471 0.03674605
0.99648979 2.58279989 3.63428393 4.15561774 0.03692483
0.99749532 2.58270742 3.63491278 4.15499824 0.03710509
0.99850501 2.58261456 3.63554424 4.15437617 0.03728685
0.99951889 2.58252131 3.63617832 4.15375151 0.03747012
1.00053700 2.58242768 3.63681504 4.15312425 0.03765492
1.00155936 2.58233366 3.63745443 4.15249437 0.03784127
1.00258601 2.58223924 3.63809649 4.15186185 0.03802919
1.00361698 2.58214443 3.63874126 4.15122667 0.03821870
1.00465230 2.58204921 3.63938874 4.15058881 0.03840981
1.00569200 2.58195359 3.64003897 4.14994824 0.03860254
1.00673611 2.58185757 3.64069196 4.14930496 0.03879691
1.00778467 2.58176114 3.64134773 4.14865894 0.03899295
1.00883771 2.58166429 3.64200631 4.14801016 0.03919066
1.00989527 2.58156703 3.64266771 4.14735859 0.03939007
1.01095737 2.58146935 3.64333195 4.14670422 0.03959121
1.01202406 2.58137125 3.64399906 4.14604703 0.03979408
1.01309536 2.58127273 3.64466906 4.14538700 0.03999872
1.01417131 2.58117378 3.64534197 4.14472409 0.04020514
1.01525196 2.58107439 3.64601781 4.14405830 0.04041337
1.01633732 2.58097458 3.64669661 4.14338960 0.04062342
1.01742745 2.58087432 3.64737838 4.14271796 0.04083532
1.01852237 2.58077362 3.64806316 4.14204337 0.04104909
1.01962213 2.58067248 3.64875095 4.14136581 0.04126475
1.02072675 2.58057090 3.64944180 4.14068524 0.04148232
1.02183629 2.58046885 3.65013571 4.14000164 0.04170184
1.02295077 2.58036636 3.65083272 4.13931500 0.04192332
1.02407023 2.58026341 3.65153285 4.13862529 0.04214679
1.02519472 2.58015999 3.65223612 4.13793248 0.04237227
1.02632427 2.58005611 3.65294256 4.13723655 0.04259979
1.02745893 2.57995176 3.65365219 4.13653748 0.04282937
1.02859872 2.57984694 3.65436504 4.13583524 0.04306104
1.02974371 2.57974164 3.65508113 4.13512980 0.04329482
1.03089391 2.57963586 3.65580049 4.13442115 0.04353074
1.03204938 2.57952959 3.65652314 4.13370925 0.04376883
1.03321017 2.57942284 3.65724911 4.13299408 0.04400911
1.03437630 2.57931559 3.65797844 4.13227561 0.04425162
1.03554782 2.57920785 3.65871113 4.13155382 0.04449638
1.03672479 2.57909961 3.65944723 4.13082867 0.04474341
1.03790723 2.57899086 3.66018676 4.13010015 0.04499276
1.03909520 2.57888161 3.66092974 4.12936823 0.04524444
1.04028874 2.57877185 3.66167621 4.12863287 0.04549849
1.04148790 2.57866156 3.66242619 4.12789405 0.04575494
1.04269272 2.57855076 3.66317971 4.12715175 0.04601382
1.04390325 2.57843943 3.66393681 4.12640592 0.04627516
1.04511953 2.57832758 3.66469750 4.12565655 0.04653900
1.04634161 2.57821518 3.66546182 4.12490361 0.04680536
1.04756955 2.57810226 3.66622981 4.12414706 0.04707428
1.04880338 2.57798878 3.66700148 4.12338687 0.04734579
1.05004317 2.57787477 3.66777688 4.12262302 0.04761993
1.05128895 2.57776020 3.66855603 4.12185548 0.04789673
1.05254077 2.57764507 3.66933896 4.12108420 0.04817622
1.05379870 2.57752938 3.67012570 4.12030917 0.04845845
1.05506278 2.57741313 3.67091630 4.11953035 0.04874345
1.05633306 2.57729631 3.67171077 4.11874771 0.04903125
1.05760959 2.57717891 3.67250916 4.11796121 0.04932190
1.05889244 2.57706093 3.67331149 4.11717083 0.04961543
1.06018164 2.57694237 3.67411781 4.11637653 0.04991188
1.06147726 2.57682321 3.67492813 4.11557827 0.05021130
1.06277936 2.57670347 3.67574251 4.11477602 0.05051371
1.06408797 2.57658312 3.67656097 4.11396976 0.05081917
1.06540318 2.57646216 3.67738354 4.11315944 0.05112771
1.06672502 2.57634060 3.67821027 4.11234502 0.05143938
1.06805356 2.57621842 3.67904119 4.11152648 0.05175421
1.06938886 2.57609562 3.67987634 4.11070378 0.05207226
1.07073097 2.57597219 3.68071575 4.10987687 0.05239357
1.07207996 2.57584813 3.68155946 4.10904573 0.05271818
1.07343588 2.57572343 3.68240751 4.10821032 0.05304615
1.07479880 2.57559808 3.68325994 4.10737059 0.05337750
1.07616878 2.57547209 3.68411679 4.10652652 0.05371231
1.07754588 2.57534545 3.68497808 4.10567805 0.05405060
1.07893017 2.57521814 3.68584388 4.10482516 0.05439244
1.08032170 2.57509017 3.68671421 4.10396781 0.05473788
1.08172055 2.57496152 3.68758911 4.10310594 0.05508695
1.08312678 2.57483219 3.68846863 4.10223953 0.05543973
1.08454046 2.57470218 3.68935281 4.10136853 0.05579625
1.08596164 2.57457148 3.69024169 4.10049290 0.05615658
1.08739042 2.57444008 3.69113531 4.09961260 0.05652076
1.08882684 2.57430798 3.69203372 4.09872759 0.05688887
1.09027098 2.57417517 3.69293696 4.09783782 0.05726094
1.09172291 2.57404164 3.69384507 4.09694324 0.05763704
1.09318271 2.57390739 3.69475810 4.09604382 0.05801723
1.09465044 2.57377241 3.69567609 4.09513952 0.05840157
1.09612618 2.57363669 3.69659910 4.09423027 0.05879012
1.09761001 2.57350023 3.69752716 4.09331605 0.05918294
1.09910199 2.57336302 3.69846033 4.09239680 0.05958010
1.10060221 2.57322505 3.69939865 4.09147247 0.05998166
1.10211074 2.57308632 3.70034216 4.09054303 0.06038769
1.10362766 2.57294682 3.70129093 4.08960841 0.06079824
1.10515304 2.57280653 3.70224499 4.08866858 0.06121341
1.10668698 2.57266546 3.70320440 4.08772348 0.06163324
1.10822955 2.57252360 3.70416921 4.08677306 0.06205781
1.10978082 2.57238094 3.70513947 4.08581727 0.06248720
1.11134090 2.57223746 3.70611523 4.08485607 0.06292147
1.11290985 2.57209317 3.70709655 4.08388939 0.06336071
1.11448776 2.57194806 3.70808347 4.08291719 0.06380499
1.11607473 2.57180211 3.70907606 4.08193941 0.06425438
1.11767084 2.57165533 3.71007436 4.08095600 0.06470897
1.11927617 2.57150769 3.71107844 4.07996691 0.06516884
1.12089082 2.57135920 3.71208834 4.07897207 0.06563406
1.12251487 2.57120984 3.71310413 4.07797144 0.06610473
1.12414843 2.57105961 3.71412586 4.07696496 0.06658092
1.12579157 2.57090850 3.71515359 4.07595257 0.06706273
1.12744441 2.57075650 3.71618738 4.07493420 0.06755024
1.12910702 2.57060360 3.71722729 4.07390981 0.06804355
1.13077952 2.57044979 3.71827338 4.07287933 0.06854274
1.13246199 2.57029506 3.71932571 4.07184271 0.06904792
1.13415454 2.57013940 3.72038435 4.07079987 0.06955917
1.13585727 2.56998281 3.72144935 4.06975077 0.07007659
1.13757028 2.56982527 3.72252079 4.06869533 0.07060028
1.13929367 2.56966678 3.72359872 4.06763349 0.07113035
1.14102755 2.56950733 3.72468321 4.06656519 0.07166690
1.14277202 2.56934690 3.72577432 4.06549036 0.07221003
1.14452719 2.56918548 3.72687214 4.06440894 0.07275985
1.14629317 2.56902307 3.72797671 4.06332086 0.07331648
1.14807008 2.56885966 3.72908812 4.06222605 0.07388001
1.14985802 2.56869524 3.73020643 4.06112444 0.07445057
1.15165710 2.56852978 3.73133171 4.06001596 0.07502828
1.15346744 2.56836330 3.73246403 4.05890054 0.07561325
1.15528916 2.56819576 3.73360347 4.05777812 0.07620560
1.15712238 2.56802717 3.73475011 4.05664861 0.07680546
1.15896720 2.56785751 3.73590401 4.05551194 0.07741295
1.16082377 2.56768678 3.73706525 4.05436804 0.07802821
1.16269219 2.56751495 3.73823391 4.05321684 0.07865135
1.16457260 2.56734202 3.73941006 4.05205825 0.07928253
1.16646511 2.56716797 3.74059379 4.05089221 0.07992186
1.16836986 2.56699281 3.74178518 4.04971862 0.08056950
1.17028698 2.56681650 3.74298430 4.04853741 0.08122559
1.17221659 2.56663905 3.74419124 4.04734850 0.08189027
1.17415884 2.56646043 3.74540608 4.04615181 0.08256368
1.17611385 2.56628064 3.74662890 4.04494726 0.08324599
1.17808176 2.56609966 3.74785980 4.04373476 0.08393734
1.18006270 2.56591749 3.74909885 4.04251422 0.08463789
1.18205683 2.56573410 3.75034615 4.04128556 0.08534781
1.18406429 2.56554949 3.75160178 4.04004869 0.08606725
1.18608521 2.56536364 3.75286584 4.03880352 0.08679639
1.18811974 2.56517653 3.75413841 4.03754996 0.08753540
1.19016803 2.56498817 3.75541959 4.03628793 0.08828445
1.19223023 2.56479852 3.75670948 4.03501732 0.08904371
1.19430650 2.56460758 3.75800816 4.03373805 0.08981338
1.19639698 2.56441533 3.75931573 4.03245002 0.09059364
1.19850184 2.56422176 3.76063230 4.03115313 0.09138468
1.20062123 2.56402686 3.76195796 4.02984729 0.09218668
1.20275531 2.56383060 3.76329281 4.02853240 0.09299986
1.20490425 2.56363298 3.76463695 4.02720835 0.09382441
1.20706820 2.56343397 3.76599049 4.02587504 0.09466054
1.20924735 2.56323357 3.76735354 4.02453238 0.09550846
1.21144185 2.56303176 3.76872618 4.02318025 0.09636839
1.21365188 2.56282852 3.77010855 4.02181856 0.09724055
1.21587762 2.56262384 3.77150073 4.02044719 0.09812515
1.21811923 2.56241769 3.77290286 4.01906604 0.09902244
1.22037691 2.56221007 3.77431502 4.01767499 0.09993264
1.22265082 2.56200096 3.77573735 4.01627393 0.10085600
1.22494116 2.56179033 3.77716995 4.01486275 0.10179276
1.22724811 2.56157818 3.77861294 4.01344134 0.10274317
1.22957185 2.56136448 3.78006645 4.01200958 0.10370749
1.23191259 2.56114923 3.78153058 4.01056735 0.10468598
1.23427051 2.56093239 3.78300546 4.00911453 0.10567890
1.23664581 2.56071395 3.78449121 4.00765100 0.10668652
1.23903869 2.56049390 3.78598796 4.00617664 0.10770914
1.24144936 2.56027221 3.78749584 4.00469132 0.10874703
1.24387801 2.56004887 3.78901497 4.00319492 0.10980047
1.24632485 2.55982385 3.79054547 4.00168730 0.11086978
1.24879010 2.55959715 3.79208750 4.00016835 0.11195525
1.25127396 2.55936873 3.79364117 3.99863793 0.11305719
1.25377665 2.55913858 3.79520661 3.99709590 0.11417592
1.25629840 2.55890668 3.79678398 3.99554214 0.11531177
1.25883941 2.55867300 3.79837340 3.99397650 0.11646506
1.26139993 2.55843754 3.79997502 3.99239885 0.11763613
1.26398016 2.55820026 3.80158898 3.99080904 0.11882533
1.26658034 2.55796114 3.80321542 3.98920695 0.12003301
1.26920071 2.55772017 3.80485448 3.98759241 0.12125954
1.27184150 2.55747732 3.80650632 3.98596529 0.12250527
1.27450295 2.55723258 3.80817109 3.98432544 0.12377059
1.27718531 2.55698591 3.80984893 3.98267272 0.12505589
1.27988880 2.55673730 3.81154000 3.98100696 0.12636155
1.28261370 2.55648672 3.81324445 3.97932802 0.12768797
1.28536023 2.55623415 3.81496244 3.97763574 0.12903558
1.28812867 2.55597956 3.81669414 3.97592997 0.13040478
1.29091926 2.55572294 3.81843969 3.97421055 0.13179600
1.29373226 2.55546426 3.82019927 3.97247731 0.13320969
1.29656795 2.55520349 3.82197303 3.97073011 0.13464628
1.29942658 2.55494062 3.82376115 3.96896876 0.13610624
1.30230843 2.55467561 3.82556379 3.96719311 0.13759003
1.30521376 2.55440844 3.82738113 3.96540298 0.13909813
1.30814285 2.55413908 3.82921333 3.96359822 0.14063102
1.31109599 2.55386752 3.83106057 3.96177864 0.14218920
1.31407344 2.55359372 3.83292302 3.95994407 0.14377317
1.31707551 2.55331765 3.83480087 3.95809434 0.14538346
1.32010247 2.55303930 3.83669430 3.95622927 0.14702059
1.32315461 2.55275863 3.83860348 3.95434868 0.14868510
1.32623224 2.55247562 3.84052860 3.95245239 0.15037754
1.32933564 2.55219024 3.84246984 3.95054022 0.15209847
1.33246511 2.55190246 3.84442740 3.94861198 0.15384847
1.33562096 2.55161226 3.84640146 3.94666749 0.15562811
1.33880350 2.55131961 3.84839221 3.94470656 0.15743801
1.34201302 2.55102447 3.85039985 3.94272899 0.15927875
1.34524985 2.55072682 3.85242456 3.94073461 0.16115097
1.34851429 2.55042664 3.85446655 3.93872320 0.16305529
1.35180666 2.55012388 3.85652602 3.93669459 0.16499237
1.35512728 2.54981853 3.85860315 3.93464857 0.16696285
1.35847647 2.54951056 3.86069816 3.93258494 0.16896741
1.36185455 2.54919992 3.86281125 3.93050352 0.17100673
1.36526185 2.54888660 3.86494261 3.92840408 0.17308150
1.36869870 2.54857057 3.86709246 3.92628645 0.17519243
1.37216542 2.54825179 3.86926099 3.92415040 0.17734024
1.37566234 2.54793023 3.87144843 3.92199574 0.17952567
1.37918980 2.54760586 3.87365496 3.91982227 0.18174946
1.38274814 2.54727866 3.87588081 3.91762977 0.18401236
1.38633768 2.54694859 3.87812619 3.91541804 0.18631515
1.38995877 2.54661561 3.88039130 3.91318687 0.18865862
1.39361174 2.54627971 3.88267635 3.91093606 0.19104356
1.39729693 2.54594084 3.88498156 3.90866539 0.19347077
1.40101468 2.54559898 3.88730714 3.90637465 0.19594109
1.40476534 2.54525410 3.88965331 3.90406364 0.19845533
1.40854923 2.54490616 3.89202027 3.90173215 0.20101436
1.41236670 2.54455513 3.89440824 3.89937997 0.20361903
1.41621810 2.54420099 3.89681743 3.89700689 0.20627020
1.42010375 2.54384370 3.89924804 3.89461269 0.20896876
1.42402399 2.54348322 3.90170031 3.89219718 0.21171560
1.42797917 2.54311954 3.90417442 3.88976015 0.21451162
1.43196961 2.54275261 3.90667060 3.88730138 0.21735773
1.43599565 2.54238241 3.90918904 3.88482068 0.22025485
1.44005762 2.54200891 3.91172997 3.88231783 0.22320391
1.44415584 2.54163208 3.91429357 3.87979265 0.22620585
1.44829064 2.54125188 3.91688006 3.87724493 0.22926161
1.45246233 2.54086830 3.91948963 3.87467447 0.23237215
1.45667124 2.54048129 3.92212248 3.87208108 0.23553843
1.46091767 2.54009083 3.92477880 3.86946457 0.23876141
1.46520193 2.53969690 3.92745879 3.86682475 0.24204205
1.46952432 2.53929946 3.93016263 3.86416143 0.24538133
1.47388512 2.53889849 3.93289051 3.86147443 0.24878022
1.47828463 2.53849396 3.93564260 3.85876359 0.25223969
1.48272313 2.53808585 3.93841908 3.85602872 0.25576071
1.48720088 2.53767414 3.94122012 3.85326966 0.25934425
1.49171814 2.53725879 3.94404588 3.85048626 0.26299128
1.49627517 2.53683978 3.94689651 3.84767835 0.26670277
1.50087220 2.53641710 3.94977217 3.84484578 0.27047965
1.50550946 2.53599072 3.95267300 3.84198843 0.27432288
1.51018717 2.53556062 3.95559914 3.83910614 0.27823339
1.51490553 2.53512679 3.95855070 3.83619881 0.28221209
1.51966473 2.53468920 3.96152782 3.83326631 0.28625990
1.52446495 2.53424785 3.96453059 3.83030853 0.29037770
1.52930634 2.53380271 3.96755913 3.82732538 0.29456635
1.53418904 2.53335377 3.97061351 3.82431677 0.29882670
1.53911318 2.53290103 3.97369381 3.82128263 0.30315956
1.54407887 2.53244446 3.97680010 3.81822288 0.30756573
1.54908618 2.53198407 3.97993244 3.81513748 0.31204596
1.55413517 2.53151985 3.98309085 3.81202639 0.31660096
1.55922590 2.53105180 3.98627537 3.80888958 0.32123144
1.56435838 2.53057991 3.98948601 3.80572704 0.32593801
1.56953260 2.53010418 3.99272277 3.80253877 0.33072129
1.57474853 2.52962462 3.99598562 3.79932481 0.33558182
1.58000611 2.52914124 3.99927452 3.79608517 0.34052009
1.58530525 2.52865403 4.00258943 3.79281992 0.34553654
1.59064584 2.52816301 4.00593026 3.78952912 0.35063155
1.59602772 2.52766821 4.00929693 3.78621288 0.35580542
1.60145071 2.52716962 4.01268932 3.78287129 0.36105840
1.60691461 2.52666727 4.01610730 3.77950450 0.36639066
1.61241917 2.52616119 4.01955072 3.77611265 0.37180228
1.61796409 2.52565140 4.02301939 3.77269592 0.37729327
1.62354907 2.52513794 4.02651311 3.76925450 0.38286355
1.62917373 2.52462082 4.03003167 3.76578862 0.38851295
1.63483768 2.52410009 4.03357481 3.76229853 0.39424121
1.64054049 2.52357580 4.03714225 3.75878449 0.40004794
1.64628166 2.52304798 4.04073369 3.75524680 0.40593267
1.65206067 2.52251669 4.04434881 3.75168578 0.41189483
1.65787696 2.52198197 4.04798725 3.74810179 0.41793371
1.66372990 2.52144388 4.05164862 3.74449521 0.42404849
1.66961884 2.52090249 4.05533251 3.74086644 0.43023823
1.67554306 2.52035786 4.05903847 3.73721591 0.43650188
1.68150182 2.51981005 4.06276604 3.73354410 0.44283822
1.68749429 2.51925915 4.06651470 3.72985151 0.44924595
1.69351964 2.51870523 4.07028392 3.72613865 0.45572358
1.69957694 2.51814838 4.07407314 3.72240608 0.46226952
1.70566525 2.51758867 4.07788176 3.71865441 0.46888201
1.71178355 2.51702622 4.08170914 3.71488424 0.47555918
1.71793079 2.51646111 4.08555462 3.71109623 0.48229898
1.72410585 2.51589344 4.08941751 3.70729106 0.48909923
1.73030758 2.51532333 4.09329708 3.70346945 0.49595762
1.73653475 2.51475088 4.09719257 3.69963216 0.50287165
1.74278610 2.51417621 4.10110319 3.69577995 0.50983872
1.74906032 2.51359944 4.10502811 3.69191363 0.51685605
1.75535604 2.51302070 4.10896648 3.68803406 0.52392073
1.76167185 2.51244012 4.11291742 3.68414210 0.53102971
1.76800627 2.51185783 4.11688000 3.68023865 0.53817980
1.77435780 2.51127397 4.12085329 3.67632465 0.54536767
1.78072488 2.51068869 4.12483631 3.67240105 0.55258986
1.78710592 2.51010213 4.12882805 3.66846884 0.55984281
1.79349925 2.50951445 4.13282749 3.66452903 0.56712279
1.79990321 2.50892579 4.13683357 3.66058267 0.57442600
1.80631607 2.50833632 4.14084522 3.65663080 0.58174851
1.81273605 2.50774619 4.14486133 3.65267453 0.58908631
1.81916138 2.50715558 4.14888078 3.64871495 0.59643529
1.82559022 2.50656466 4.15290243 3.64475319 0.60379125
1.83202071 2.50597359 4.15692511 3.64079039 0.61114993
1.83845097 2.50538254 4.16094764 3.63682772 0.61850701
1.84487910 2.50479169 4.16496884 3.63286635 0.62585812
1.85130316 2.50420123 4.16898750 3.62890746 0.63319884
1.85772122 2.50361132 4.17300240 3.62495225 0.64052473
1.86413131 2.50302215 4.17701231 3.62100194 0.64783134
1.87053147 2.50243389 4.18101601 3.61705773 0.65511420
1.87691973 2.50184674 4.18501226 3.61312083 0.66236887
1.88329410 2.50126087 4.18899982 3.60919247 0.66959091
1.88965260 2.50067646 4.19297745 3.60527387 0.67677593
1.89599327 2.50009370 4.19694393 3.60136624 0.68391957
1.90231414 2.49951277 4.20089801 3.59747079 0.69101754
1.90861325 2.49893384 4.20483848 3.59358873 0.69806562
1.91488866 2.49835709 4.20876413 3.58972125 0.70505966
1.92113845 2.49778271 4.21267375 3.58586953 0.71199562
1.92736074 2.49721086 4.21656615 3.58203475 0.71886955
1.93355363 2.49664172 4.22044017 3.57821805 0.72567763
1.93971529 2.49607545 4.22429465 3.57442058 0.73241615
1.94584391 2.49551223 4.22812845 3.57064345 0.73908154
1.95193771 2.49495221 4.23194047 3.56688776 0.74567037
1.95799496 2.49439557 4.23572962 3.56315456 0.75217938
1.96401395 2.49384244 4.23949483 3.55944492 0.75860544
1.96999305 2.49329299 4.24323509 3.55575984 0.76494561
1.97593065 2.49274735 4.24694938 3.55210031 0.77119711
1.98182519 2.49220569 4.25063673 3.54846730 0.77735734
1.98767516 2.49166812 4.25429620 3.54486172 0.78342386
1.99347914 2.49113479 4.25792688 3.54128446 0.78939445
1.99923571 2.49060582 4.26152791 3.53773640 0.79526705
2.00494354 2.49008134 4.26509845 3.53421835 0.80103978
2.01060137 2.48956146 4.26863770 3.53073109 0.80671099
2.01620796 2.48904630 4.27214490 3.52727538 0.81227916
2.02176217 2.48853596 4.27561933 3.52385193 0.81774299
2.02726290 2.48803054 4.27906029 3.52046141 0.82310138
2.03270913 2.48753013 4.28246716 3.51710446 0.82835337
2.03809987 2.48703483 4.28583931 3.51378168 0.83349823
2.04343424 2.48654472 4.28917619 3.51049362 0.83853535
2.04871137 2.48605988 4.29247727 3.50724080 0.84346435
2.05393051 2.48558037 4.29574205 3.50402370 0.84828497
2.05909093 2.48510627 4.29897011 3.50084277 0.85299714
2.06419197 2.48463762 4.30216101 3.49769841 0.85760095
2.06923306 2.48417450 4.30531441 3.49459097 0.86209661
2.07421365 2.48371694 4.30842995 3.49152080 0.86648451
2.07913328 2.48326499 4.31150736 3.48848817 0.87076516
2.08399154 2.48281869 4.31454637 3.48549334 0.87493920
2.08878807 2.48237806 4.31754676 3.48253653 0.87900739
2.09352258 2.48194314 4.32050835 3.47961793 0.88297064
2.09819482 2.48151395 4.32343099 3.47673767 0.88682992
2.10280462 2.48109050 4.32631455 3.47389589 0.89058634
2.10735183 2.48067281 4.32915896 3.47109265 0.89424110
2.11183638 2.48026089 4.33196417 3.46832801 0.89779547
2.11625823 2.47985473 4.33473015 3.46560199 0.90125081
2.12061740 2.47945434 4.33745691 3.46291459 0.90460857
2.12491393 2.47905971 4.34014450 3.46026576 0.90787025
2.12914795 2.47867083 4.34279296 3.45765545 0.91103742
2.13331958 2.47828769 4.34540240 3.45508356 0.91411170
2.13742903 2.47791027 4.34797294 3.45254999 0.91709475
2.14147651 2.47753855 4.35050471 3.45005458 0.91998828
2.14546229 2.47717250 4.35299787 3.44759719 0.92279405
2.14938667 2.47681210 4.35545262 3.44517762 0.92551383
2.15324997 2.47645732 4.35786916 3.44279568 0.92814941
2.15705255 2.47610812 4.36024771 3.44045115 0.93070263
2.16079482 2.47576447 4.36258853 3.43814377 0.93317532
2.16447718 2.47542633 4.36489187 3.43587330 0.93556932
2.16810008 2.47509365 4.36715802 3.43363946 0.93788649
2.17166401 2.47476640 4.36938727 3.43144196 0.94012869
2.17516944 2.47444453 4.37157992 3.42928049 0.94229776
2.17861689 2.47412799 4.37373630 3.42715474 0.94439555
2.18200691 2.47381673 4.37585675 3.42506438 0.94642391
2.18534004 2.47351070 4.37794161 3.42300908 0.94838465
2.18861685 2.47320986 4.37999123 3.42098846 0.95027961
2.19183793 2.47291413 4.38200599 3.41900219 0.95211056
2.19500388 2.47262348 4.38398626 3.41704988 0.95387928
2.19811531 2.47233783 4.38593243 3.41513117 0.95558754
2.20117285 2.47205715 4.38784488 3.41324566 0.95723705
2.20417713 2.47178136 4.38972401 3.41139297 0.95882954
2.20712880 2.47151040 4.39157023 3.40957269 0.96036667
2.21002850 2.47124423 4.39338394 3.40778444 0.96185009
2.21287690 2.47098277 4.39516555 3.40602779 0.96328144
2.21567467 2.47072596 4.39691549 3.40430235 0.96466229
2.21842246 2.47047375 4.39863416 3.40260770 0.96599422
2.22112097 2.47022607 4.40032200 3.40094342 0.96727874
2.22377085 2.46998287 4.40197943 3.39930910 0.96851736
2.22637281 2.46974406 4.40360686 3.39770432 0.96971153
2.22892750 2.46950960 4.40520474 3.39612866 0.97086268
2.23143563 2.46927942 4.40677348 3.39458170 0.97197221
2.23389786 2.46905346 4.40831351 3.39306302 0.97304149
2.23631488 2.46883166 4.40982527 3.39157221 0.97407183
2.23868738 2.46861395 4.41130916 3.39010883 0.97506453
2.24101603 2.46840027 4.41276563 3.38867247 0.97602086
2.24330150 2.46819055 4.41419508 3.38726272 0.97694203
2.24554448 2.46798475 4.41559795 3.38587916 0.97782924
2.24774563 2.46778278 4.41697466 3.38452139 0.97868365
2.24990562 2.46758460 4.41832562 3.38318897 0.97950639
2.25202511 2.46739014 4.41965124 3.38188152 0.98029856
2.25410475 2.46719935 4.42095193 3.38059863 0.98106121
2.25614521 2.46701215 4.42222812 3.37933988 0.98179537
2.25814713 2.46682850 4.42348019 3.37810489 0.98250205
2.26011116 2.46664833 4.42470856 3.37689326 0.98318222
2.26203792 2.46647158 4.42591362 3.37570460 0.98383682
2.26392806 2.46629820 4.42709577 3.37453851 0.98446675
2.26578219 2.46612812 4.42825539 3.37339461 0.98507291
2.26760093 2.46596130 4.42939288 3.37227253 0.98565614
2.26938489 2.46579767 4.43050861 3.37117188 0.98621728
2.27113468 2.46563718 4.43160297 3.37009230 0.98675711
2.27285090 2.46547978 4.43267632 3.36903341 0.98727643
2.27453414 2.46532541 4.43372904 3.36799486 0.98777597
2.27618497 2.46517401 4.43476149 3.36697628 0.98825645
2.27780397 2.46502554 4.43577403 3.36597732 0.98871859
2.27939172 2.46487994 4.43676702 3.36499762 0.98916305
2.28094877 2.46473716 4.43774081 3.36403686 0.98959049
2.28247568 2.46459715 4.43869575 3.36309467 0.99000153
2.28397299 2.46445986 4.43963216 3.36217073 0.99039679
2.28544124 2.46432523 4.44055040 3.36126471 0.99077686
2.28688095 2.46419323 4.44145079 3.36037627 0.99114229
2.28829266 2.46406380 4.44233367 3.35950511 0.99149364
2.28967688 2.46393689 4.44319934 3.35865089 0.99183144
2.29103411 2.46381247 4.44404814 3.35781332 0.99215620
2.29236485 2.46369047 4.44488036 3.35699207 0.99246840
2.29366959 2.46357087 4.44569633 3.35618685 0.99276852
2.29494883 2.46345360 4.44649633 3.35539736 0.99305702
2.29620302 2.46333864 4.44728068 3.35462331 0.99333434
2.29743266 2.46322593 4.44804966 3.35386440 0.99360090
2.29863818 2.46311543 4.44880356 3.35312036 0.99385711
2.29982006 2.46300711 4.44954267 3.35239090 0.99410336
2.30097873 2.46290092 4.45026727 3.35167576 0.99434004
2.30211463 2.46279681 4.45097762 3.35097464 0.99456751
2.30322820 2.46269476 4.45167400 3.35028731 0.99478612
2.30431986 2.46259472 4.45235668 3.34961348 0.99499621
2.30539002 2.46249665 4.45302591 3.34895291 0.99519812
2.30643910 2.46240052 4.45368196 3.34830533 0.99539214
2.30746750 2.46230629 4.45432507 3.34767052 0.99557859
2.30847562 2.46221392 4.45495550 3.34704821 0.99575776
2.30946384 2.46212337 4.45557348 3.34643817 0.99592993
2.31043255 2.46203462 4.45617925 3.34584016 0.99609536
2.31138212 2.46194762 4.45677305 3.34525396 0.99625432
2.31231292 2.46186235 4.45735512 3.34467933 0.99640706
2.31322531 2.46177876 4.45792567 3.34411606 0.99655382
2.31411966 2.46169684 4.45848493 3.34356391 0.99669483
2.31499630 2.46161653 4.45903312 3.34302269 0.99683032
2.31585558 2.46153782 4.45957046 3.34249217 0.99696049
2.31669785 2.46146067 4.46009715 3.34197215 0.99708556
2.31752342 2.46138506 4.46061339 3.34146242 0.99720572
2.31833263 2.46131094 4.46111941 3.34096279 0.99732116
2.31912579 2.46123830 4.46161538 3.34047306 0.99743207
2.31990321 2.46116710 4.46210152 3.33999304 0.99753862
2.32066521 2.46109732 4.46257800 3.33952252 0.99764099
2.32141208 2.46102892 4.46304503 3.33906134 0.99773933
2.32214413 2.46096189 4.46350278 3.33860931 0.99783381
2.32286163 2.46089619 4.46395143 3.33816625 0.99792457
2.32356488 2.46083180 4.46439117 3.33773198 0.99801177
2.32425415 2.46076869 4.46482217 3.33730634 0.99809553
2.32492972 2.46070683 4.46524460 3.33688914 0.99817599
2.32559186 2.46064621 4.46565863 3.33648023 0.99825329
2.32624083 2.46058680 4.46606442 3.33607945 0.99832754
2.32687689 2.46052857 4.46646214 3.33568663 0.99839887
2.32750030 2.46047150 4.46685195 3.33530162 0.99846739
2.32811130 2.46041557 4.46723399 3.33492426 0.99853321
2.32871013 2.46036075 4.46760843 3.33455441 0.99859643
2.32929705 2.46030703 4.46797541 3.33419192 0.99865716
2.32987228 2.46025438 4.46833509 3.33383663 0.99871550
2.33043605 2.46020278 4.46868759 3.33348841 0.99877154
2.33098859 2.46015221 4.46903308 3.33314712 0.99882537
2.33153013 2.46010265 4.46937168 3.33281263 0.99887707
2.33206087 2.46005408 4.46970353 3.33248479 0.99892674
2.33258104 2.46000648 4.47002877 3.33216348 0.99897445
2.33309083 2.45995983 4.47034752 3.33184857 0.99902027
2.33359047 2.45991411 4.47065992 3.33153993 0.99906428
2.33408015 2.45986931 4.47096609 3.33123743 0.99910656
2.33456006 2.45982540 4.47126615 3.33094097 0.99914717
2.33503040 2.45978236 4.47156023 3.33065040 0.99918617
2.33549136 2.45974019 4.47184844 3.33036563 0.99922364
2.33594312 2.45969886 4.47213090 3.33008653 0.99925962
2.33638587 2.45965836 4.47240772 3.32981300 0.99929419
2.33681979 2.45961866 4.47267902 3.32954491 0.99932739
2.33724505 2.45957976 4.47294491 3.32928217 0.99935928
2.33766183 2.45954164 4.47320548 3.32902467 0.99938990
2.33807028 2.45950428 4.47346086 3.32877230 0.99941932
2.33847059 2.45946767 4.47371114 3.32852496 0.99944758
2.33886290 2.45943179 4.47395642 3.32828256 0.99947471
2.33924739 2.45939662 4.47419680 3.32804499 0.99950078
2.33962419 2.45936216 4.47443239 3.32781215 0.99952582
2.33999348 2.45932839 4.47466327 3.32758397 0.99954986
2.34035539 2.45929530 4.47488953 3.32736033 0.99957296
2.34071007 2.45926287 4.47511128 3.32714115 0.99959514
2.34105767 2.45923108 4.47532860 3.32692635 0.99961645
2.34139833 2.45919993 4.47554158 3.32671583 0.99963691
2.34173219 2.45916941 4.47575030 3.32650951 0.99965656
2.34205937 2.45913950 4.47595486 3.32630731 0.99967544
2.34238002 2.45911018 4.47615532 3.32610914 0.99969357
2.34269427 2.45908145 4.47635179 3.32591493 0.99971098
2.34300224 2.45905330 4.47654432 3.32572459 0.99972771
2.34330405 2.45902571 4.47673301 3.32553805 0.99974377
2.34359984 2.45899868 4.47691793 3.32535524 0.99975920
2.34388972 2.45897218 4.47709915 3.32517607 0.99977402
2.34417380 2.45894621 4.47727675 3.32500048 0.99978825
2.34445221 2.45892077 4.47745080 3.32482840 0.99980192
2.34472505 2.45889583 4.47762138 3.32465975 0.99981505
2.34499245 2.45887140 4.47778854 3.32449446 0.99982765
2.34525449 2.45884745 4.47795236 3.32433248 0.99983976
2.34551131 2.45882398 4.47811291 3.32417373 0.99985140
2.34576299 2.45880098 4.47827025 3.32401815 0.99986257
2.34600963 2.45877845 4.47842444 3.32386568 0.99987329
2.34625135 2.45875636 4.47857555 3.32371625 0.99988360
2.34648824 2.45873472 4.47872364 3.32356980 0.99989349
2.34672040 2.45871351 4.47886876 3.32342628 0.99990300
2.34694791 2.45869272 4.47901099 3.32328562 0.99991213
2.34717087 2.45867235 4.47915037 3.32314777 0.99992089
2.34738938 2.45865239 4.47928697 3.32301268 0.99992932
2.34760352 2.45863283 4.47942084 3.32288028 0.99993740
2.34781338 2.45861366 4.47955202 3.32275053 0.99994517
2.34801905 2.45859488 4.47968059 3.32262336 0.99995263
2.34822060 2.45857647 4.47980658 3.32249874 0.99995979
2.34841812 2.45855843 4.47993006 3.32237661 0.99996667
2.34861169 2.45854075 4.48005106 3.32225691 0.99997328
2.34880140 2.45852342 4.48016965 3.32213961 0.99997963
2.34898731 2.45850645 4.48028586 3.32202465 0.99998573
2.34916950 2.45848981 4.48039975 3.32191198 0.99999158
2.34934806 2.45847351 4.48051137 3.32180157 0.99999720
2.34952304 2.45845753 4.48062075 3.32169336 1.00000260
2.34969452 2.45844187 4.48072794 3.32158731 1.00000779
2.34986257 2.45842653 4.48083299 3.32148338 1.00001277
2.35002727 2.45841149 4.48093594 3.32138153 1.00001755
2.35018867 2.45839676 4.48103683 3.32128171 1.00002215
2.35034684 2.45838232 4.48113570 3.32118388 1.00002656
2.35050185 2.45836817 4.48123259 3.32108801 1.00003080
2.35065376 2.45835430 4.48132755 3.32099405 1.00003487
2.35080263 2.45834071 4.48142060 3.32090197 1.00003878
2.35094853 2.45832739 4.48151180 3.32081173 1.00004253
2.35109151 2.45831434 4.48160117 3.32072330 1.00004614
2.35123163 2.45830156 4.48168875 3.32063662 1.00004960
2.35136894 2.45828902 4.48177459 3.32055169 1.00005293
2.35150352 2.45827674 4.48185870 3.32046844 1.00005612
2.35163540 2.45826471 4.48194113 3.32038686 1.00005919
2.35176464 2.45825291 4.48202192 3.32030691 1.00006214
2.35189130 2.45824136 4.48210108 3.32022856 1.00006497
2.35201542 2.45823003 4.48217867 3.32015177 1.00006768
2.35213706 2.45821893 4.48225470 3.32007652 1.00007029
2.35225627 2.45820806 4.48232921 3.32000277 1.00007280
2.35237310 2.45819740 4.48240223 3.31993049 1.00007521
2.35248759 2.45818695 4.48247379 3.31985966 1.00007752
2.35259979 2.45817672 4.48254392 3.31979024 1.00007974
2.35270975 2.45816669 4.48261265 3.31972221 1.00008187
2.35281750 2.45815686 4.48268000 3.31965554 1.00008392
2.35292310 2.45814723 4.48274600 3.31959020 1.00008589
2.35302659 2.45813779 4.48281068 3.31952617 1.00008778
2.35312801 2.45812854 4.48287407 3.31946341 1.00008959
2.35322741 2.45811947 4.48293619 3.31940191 1.00009134
2.35332481 2.45811059 4.48299707 3.31934164 1.00009301
2.35342026 2.45810188 4.48305673 3.31928257 1.00009462
2.35351381 2.45809335 4.48311520 3.31922468 1.00009616
2.35360549 2.45808499 4.48317250 3.31916795 1.00009764
2.35369533 2.45807680 4.48322865 3.31911235 1.00009907
2.35378337 2.45806877 4.48328368 3.31905786 1.00010043
2.35386966 2.45806091 4.48333760 3.31900446 1.00010175
2.35395422 2.45805320 4.48339045 3.31895213 1.00010301
2.35403708 2.45804564 4.48344224 3.31890085 1.00010422
2.35411829 2.45803824 4.48349300 3.31885059 1.00010538
2.35419788 2.45803099 4.48354274 3.31880133 1.00010650
2.35427587 2.45802388 4.48359148 3.31875305 1.00010757
2.35435231 2.45801691 4.48363925 3.31870575 1.00010860
2.35442721 2.45801008 4.48368606 3.31865938 1.00010959
2.35450062 2.45800339 4.48373194 3.31861395 1.00011055
2.35457256 2.45799683 4.48377690 3.31856942 1.00011146
2.35464306 2.45799041 4.48382096 3.31852578 1.00011234
2.35471215 2.45798411 4.48386414 3.31848301 1.00011318
2.35477985 2.45797794 4.48390645 3.31844110 1.00011399
2.35484621 2.45797190 4.48394792 3.31840002 1.00011476
2.35491123 2.45796597 4.48398856 3.31835977 1.00011551
2.35497496 2.45796016 4.48402838 3.31832031 1.00011623
2.35503741 2.45795447 4.48406741 3.31828165 1.00011691
2.35509861 2.45794890 4.48410566 3.31824376 1.00011757
2.35515859 2.45794343 4.48414314 3.31820663 1.00011821
2.35521737 2.45793808 4.48417987 3.31817024 1.00011882
2.35527497 2.45793283 4.48421587 3.31813458 1.00011940
2.35533142 2.45792769 4.48425115 3.31809962 1.00011997
2.35538674 2.45792265 4.48428572 3.31806537 1.00012051
2.35544096 2.45791771 4.48431960 3.31803180 1.00012102
2.35549409 2.45791287 4.48435280 3.31799890 1.00012152
2.35554615 2.45790813 4.48438534 3.31796666 1.00012200
2.35559718 2.45790348 4.48441723 3.31793507 1.00012246
2.35564719 2.45789893 4.48444848 3.31790410 1.00012290
2.35569619 2.45789447 4.48447910 3.31787376 1.00012333
2.35574422 2.45789009 4.48450911 3.31784402 1.00012373
2.35579128 2.45788581 4.48453852 3.31781487 1.00012412
2.35583740 2.45788161 4.48456734 3.31778631 1.00012450
2.35588260 2.45787749 4.48459559 3.31775832 1.00012486
2.35592690 2.45787346 4.48462327 3.31773088 1.00012521
2.35597031 2.45786951 4.48465040 3.31770400 1.00012554
2.35601285 2.45786563 4.48467698 3.31767765 1.00012586
2.35605454 2.45786184 4.48470303 3.31765183 1.00012616
2.35609540 2.45785812 4.48472856 3.31762652 1.00012646
2.35613544 2.45785448 4.48475358 3.31760172 1.00012674
2.35617468 2.45785090 4.48477810 3.31757742 1.00012701
2.35621314 2.45784740 4.48480213 3.31755360 1.00012727
2.35625082 2.45784397 4.48482568 3.31753026 1.00012752
2.35628775 2.45784061 4.48484876 3.31750738 1.00012777
2.35632394 2.45783732 4.48487137 3.31748496 1.00012800
2.35635941 2.45783409 4.48489354 3.31746299 1.00012822
2.35639417 2.45783093 4.48491525 3.31744146 1.00012843
2.35642824 2.45782783 4.48493654 3.31742036 1.00012864
2.35646162 2.45782479 4.48495740 3.31739967 1.00012883
2.35649433 2.45782181 4.48497784 3.31737941 1.00012902
2.35652639 2.45781890 4.48499787 3.31735955 1.00012920
2.35655781 2.45781604 4.48501751 3.31734008 1.00012938
2.35658860 2.45781324 4.48503674 3.31732100 1.00012954
2.35661878 2.45781049 4.48505560 3.31730231 1.00012971
2.35664835 2.45780780 4.48507408 3.31728399 1.00012986
2.35667733 2.45780517 4.48509218 3.31726603 1.00013001
2.35670573 2.45780258 4.48510993 3.31724843 1.00013015
2.35673356 2.45780005 4.48512732 3.31723119 1.00013029
2.35676084 2.45779757 4.48514436 3.31721429 1.00013042
2.35678757 2.45779514 4.48516106 3.31719773 1.00013054
2.35681376 2.45779276 4.48517743 3.31718149 1.00013067
2.35683943 2.45779042 4.48519347 3.31716559 1.00013078
2.35686459 2.45778813 4.48520919 3.31715000 1.00013089
2.35688925 2.45778589 4.48522459 3.31713472 1.00013100
2.35691341 2.45778370 4.48523969 3.31711974 1.00013110
2.35693708 2.45778154 4.48525448 3.31710507 1.00013120
2.35696029 2.45777943 4.48526898 3.31709069 1.00013130
2.35698303 2.45777737 4.48528319 3.31707660 1.00013139
2.35700531 2.45777534 4.48529711 3.31706278 1.00013148
2.35702715 2.45777335 4.48531076 3.31704925 1.00013156
2.35704856 2.45777141 4.48532413 3.31703598 1.00013164
2.35706953 2.45776950 4.48533723 3.31702298 1.00013172
2.35709009 2.45776763 4.48535007 3.31701024 1.00013179
2.35711023 2.45776580 4.48536266 3.31699776 1.00013187
2.35712997 2.45776401 4.48537499 3.31698552 1.00013193
2.35714932 2.45776225 4.48538708 3.31697353 1.00013200
2.35716828 2.45776053 4.48539892 3.31696178 1.00013206
2.35718686 2.45775884 4.48541053 3.31695026 1.00013212
2.35720506 2.45775718 4.48542191 3.31693897 1.00013218
2.35722291 2.45775556 4.48543306 3.31692791 1.00013224
2.35724040 2.45775397 4.48544398 3.31691707 1.00013229
2.35725753 2.45775242 4.48545469 3.31690644 1.00013235
2.35727433 2.45775089 4.48546518 3.31689603 1.00013240
2.35729079 2.45774939 4.48547546 3.31688583 1.00013244
2.35730692 2.45774793 4.48548554 3.31687583 1.00013249
2.35732272 2.45774649 4.48549542 3.31686603 1.00013253
2.35733821 2.45774509 4.48550509 3.31685642 1.00013258
2.35735339 2.45774371 4.48551458 3.31684701 1.00013262
2.35736827 2.45774235 4.48552387 3.31683779 1.00013266
2.35738285 2.45774103 4.48553298 3.31682875 1.00013269
2.35739714 2.45773973 4.48554190 3.31681989 1.00013273
2.35741114 2.45773846 4.48555065 3.31681121 1.00013276
2.35742486 2.45773721 4.48555922 3.31680270 1.00013280
2.35743831 2.45773599 4.48556763 3.31679436 1.00013283
2.35745149 2.45773480 4.48557586 3.31678619 1.00013286
2.35746440 2.45773362 4.48558393 3.31677818 1.00013289
2.35747706 2.45773247 4.48559183 3.31677033 1.00013292
2.35748946 2.45773135 4.48559958 3.31676264 1.00013294
2.35750162 2.45773024 4.48560717 3.31675510 1.00013297
2.35751353 2.45772916 4.48561462 3.31674771 1.00013300
2.35752521 2.45772810 4.48562191 3.31674047 1.00013302
2.35753665 2.45772706 4.48562906 3.31673337 1.00013304
2.35754786 2.45772605 4.48563606 3.31672642 1.00013306
2.35755884 2.45772505 4.48564292 3.31671961 1.00013309
2.35756961 2.45772407 4.48564965 3.31671293 1.00013311
2.35758016 2.45772311 4.48565624 3.31670638 1.00013313
2.35759051 2.45772218 4.48566270 3.31669997 1.00013314
2.35760064 2.45772126 4.48566903 3.31669368 1.00013316
2.35761057 2.45772035 4.48567523 3.31668752 1.00013318
2.35762030 2.45771947 4.48568131 3.31668148 1.00013320
2.35762984 2.45771861 4.48568727 3.31667557 1.00013321
2.35763919 2.45771776 4.48569311 3.31666977 1.00013323
2.35764835 2.45771693 4.48569883 3.31666409 1.00013324
2.35765733 2.45771611 4.48570444 3.31665852 1.00013326
2.35766612 2.45771531 4.48570994 3.31665306 1.00013327
2.35767475 2.45771453 4.48571532 3.31664771 1.00013328
2.35768320 2.45771376 4.48572060 3.31664247 1.00013330
2.35769148 2.45771301 4.48572577 3.31663733 1.00013331
2.35769959 2.45771228 4.48573084 3.31663230 1.00013332
2.35770754 2.45771156 4.48573581 3.31662736 1.00013333
2.35771534 2.45771085 4.48574068 3.31662253 1.00013334
2.35772297 2.45771016 4.48574545 3.31661779 1.00013335
