4.81466750 3.45677526 1.92030490 9.16759346 0.01860475
4.81427706 3.45620542 1.92009946 9.16741379 0.01865998
4.81388561 3.45563410 1.91989348 9.16723365 0.01871551
4.81349313 3.45506129 1.91968697 9.16705305 0.01877132
4.81309964 3.45448699 1.91947992 9.16687197 0.01882743
4.81270512 3.45391119 1.91927233 9.16669042 0.01888382
4.81230956 3.45333389 1.91906419 9.16650840 0.01894052
4.81191297 3.45275506 1.91885551 9.16632590 0.01899751
4.81151533 3.45217472 1.91864628 9.16614292 0.01905480
4.81111665 3.45159285 1.91843650 9.16595945 0.01911240
4.81071691 3.45100944 1.91822616 9.16577551 0.01917030
4.81031612 3.45042449 1.91801527 9.16559107 0.01922850
4.80991426 3.44983799 1.91780382 9.16540615 0.01928702
4.80951134 3.44924992 1.91759181 9.16522073 0.01934585
4.80910734 3.44866030 1.91737923 9.16503482 0.01940499
4.80870227 3.44806909 1.91716608 9.16484842 0.01946445
4.80829611 3.44747631 1.91695237 9.16466152 0.01952422
4.80788886 3.44688194 1.91673808 9.16447411 0.01958432
4.80748052 3.44628597 1.91652322 9.16428620 0.01964474
4.80707108 3.44568840 1.91630778 9.16409779 0.01970549
4.80666053 3.44508921 1.91609175 9.16390887 0.01976656
4.80624888 3.44448840 1.91587514 9.16371944 0.01982797
4.80583610 3.44388597 1.91565795 9.16352949 0.01988971
4.80542221 3.44328190 1.91544017 9.16333903 0.01995179
4.80500719 3.44267619 1.91522179 9.16314805 0.02001420
4.80459104 3.44206882 1.91500282 9.16295654 0.02007696
4.80417375 3.44145979 1.91478324 9.16276452 0.02014006
4.80375532 3.44084909 1.91456307 9.16257197 0.02020350
4.80333574 3.44023672 1.91434229 9.16237889 0.02026730
4.80291500 3.43962266 1.91412091 9.16218528 0.02033144
4.80249310 3.43900691 1.91389891 9.16199113 0.02039594
4.80207004 3.43838946 1.91367630 9.16179645 0.02046080
4.80164580 3.43777029 1.91345307 9.16160123 0.02052602
4.80122039 3.43714940 1.91322923 9.16140546 0.02059160
4.80079379 3.43652679 1.91300476 9.16120915 0.02065755
4.80036600 3.43590244 1.91277966 9.16101230 0.02072387
4.79993702 3.43527635 1.91255394 9.16081489 0.02079055
4.79950683 3.43464850 1.91232758 9.16061693 0.02085762
4.79907544 3.43401888 1.91210059 9.16041842 0.02092506
4.79864283 3.43338750 1.91187295 9.16021934 0.02099288
4.79820900 3.43275433 1.91164468 9.16001970 0.02106108
4.79777395 3.43211937 1.91141576 9.15981950 0.02112967
4.79733766 3.43148262 1.91118619 9.15961874 0.02119865
4.79690013 3.43084405 1.91095597 9.15941740 0.02126802
4.79646136 3.43020367 1.91072509 9.15921549 0.02133779
4.79602133 3.42956146 1.91049356 9.15901300 0.02140796
4.79558005 3.42891741 1.91026136 9.15880993 0.02147852
4.79513750 3.42827152 1.91002850 9.15860628 0.02154950
4.79469368 3.42762377 1.90979497 9.15840205 0.02162088
4.79424858 3.42697415 1.90956076 9.15819722 0.02169268
4.79380219 3.42632266 1.90932588 9.15799181 0.02176489
4.79335452 3.42566928 1.90909032 9.15778580 0.02183752
4.79290554 3.42501401 1.90885408 9.15757920 0.02191057
4.79245526 3.42435684 1.90861715 9.15737199 0.02198405
4.79200367 3.42369774 1.90837952 9.15716418 0.02205795
4.79155076 3.42303673 1.90814121 9.15695576 0.02213229
4.79109653 3.42237378 1.90790220 9.15674674 0.02220707
4.79064096 3.42170888 1.90766248 9.15653710 0.02228228
4.79018405 3.42104203 1.90742206 9.15632684 0.02235794
4.78972579 3.42037321 1.90718094 9.15611596 0.02243404
4.78926618 3.41970242 1.90693910 9.15590446 0.02251060
4.78880521 3.41902964 1.90669654 9.15569233 0.02258761
4.78834287 3.41835486 1.90645326 9.15547958 0.02266508
4.78787915 3.41767807 1.90620926 9.15526619 0.02274301
4.78741405 3.41699926 1.90596453 9.15505216 0.02282141
4.78694756 3.41631842 1.90571907 9.15483749 0.02290027
4.78647967 3.41563555 1.90547287 9.15462218 0.02297961
4.78601037 3.41495062 1.90522594 9.15440623 0.02305943
4.78553966 3.41426362 1.90497826 9.15418962 0.02313973
4.78506753 3.41357456 1.90472983 9.15397236 0.02322052
4.78459397 3.41288340 1.90448065 9.15375444 0.02330179
4.78411898 3.41219015 1.90423071 9.15353586 0.02338356
4.78364254 3.41149479 1.90398001 9.15331661 0.02346583
4.78316464 3.41079731 1.90372855 9.15309670 0.02354860
4.78268529 3.41009770 1.90347632 9.15287611 0.02363188
4.78220446 3.40939595 1.90322332 9.15265485 0.02371567
4.78172216 3.40869204 1.90296954 9.15243291 0.02379998
4.78123838 3.40798596 1.90271498 9.15221029 0.02388481
4.78075310 3.40727771 1.90245964 9.15198697 0.02397016
4.78026632 3.40656726 1.90220350 9.15176297 0.02405604
4.77977803 3.40585461 1.90194657 9.15153827 0.02414245
4.77928822 3.40513974 1.90168884 9.15131288 0.02422940
4.77879689 3.40442265 1.90143031 9.15108678 0.02431690
4.77830402 3.40370331 1.90117096 9.15085997 0.02440494
4.77780961 3.40298172 1.90091081 9.15063246 0.02449354
4.77731364 3.40225786 1.90064984 9.15040423 0.02458269
4.77681611 3.40153173 1.90038805 9.15017528 0.02467241
4.77631701 3.40080330 1.90012543 9.14994561 0.02476270
4.77581634 3.40007257 1.89986198 9.14971521 0.02485355
4.77531407 3.39933952 1.89959770 9.14948408 0.02494499
4.77481021 3.39860414 1.89933257 9.14925222 0.02503701
4.77430474 3.39786642 1.89906660 9.14901961 0.02512961
4.77379765 3.39712634 1.89879978 9.14878627 0.02522281
4.77328895 3.39638388 1.89853210 9.14855217 0.02531661
4.77277860 3.39563904 1.89826357 9.14831733 0.02541101
4.77226661 3.39489181 1.89799417 9.14808172 0.02550602
4.77175297 3.39414216 1.89772390 9.14784536 0.02560165
4.77123767 3.39339008 1.89745275 9.14760823 0.02569789
4.77072070 3.39263556 1.89718073 9.14737033 0.02579477
4.77020204 3.39187859 1.89690782 9.14713166 0.02589227
4.76968169 3.39111915 1.89663402 9.14689221 0.02599041
4.76915964 3.39035722 1.89635932 9.14665198 0.02608920
4.76863587 3.38959280 1.89608372 9.14641095 0.02618863
4.76811039 3.38882586 1.89580722 9.14616914 0.02628872
4.76758317 3.38805639 1.89552981 9.14592653 0.02638948
4.76705421 3.38728438 1.89525148 9.14568312 0.02649090
4.76652350 3.38650982 1.89497222 9.14543890 0.02659299
4.76599102 3.38573268 1.89469204 9.14519387 0.02669576
4.76545678 3.38495295 1.89441093 9.14494802 0.02679922
4.76492074 3.38417062 1.89412887 9.14470135 0.02690337
4.76438291 3.38338567 1.89384588 9.14445386 0.02700822
4.76384328 3.38259808 1.89356193 9.14420553 0.02711378
4.76330183 3.38180784 1.89327703 9.14395637 0.02722004
4.76275855 3.38101494 1.89299116 9.14370637 0.02732703
4.76221344 3.38021935 1.89270433 9.14345553 0.02743475
4.76166647 3.37942106 1.89241652 9.14320383 0.02754319
4.76111765 3.37862006 1.89212774 9.14295127 0.02765238
4.76056695 3.37781632 1.89183797 9.14269786 0.02776231
4.76001437 3.37700984 1.89154721 9.14244357 0.02787299
4.75945989 3.37620059 1.89125545 9.14218842 0.02798444
4.75890351 3.37538856 1.89096269 9.14193239 0.02809666
4.75834521 3.37457373 1.89066892 9.14167547 0.02820965
4.75778498 3.37375608 1.89037414 9.14141767 0.02832342
4.75722280 3.37293559 1.89007833 9.14115897 0.02843799
4.75665868 3.37211226 1.88978149 9.14089937 0.02855335
4.75609258 3.37128605 1.88948362 9.14063887 0.02866952
4.75552451 3.37045696 1.88918471 9.14037746 0.02878650
4.75495444 3.36962496 1.88888475 9.14011513 0.02890431
4.75438238 3.36879003 1.88858374 9.13985188 0.02902294
4.75380829 3.36795217 1.88828166 9.13958771 0.02914242
4.75323218 3.36711134 1.88797852 9.13932259 0.02926274
4.75265403 3.36626753 1.88767430 9.13905654 0.02938391
4.75207382 3.36542073 1.88736901 9.13878955 0.02950595
4.75149155 3.36457091 1.88706262 9.13852160 0.02962886
4.75090719 3.36371805 1.88675514 9.13825270 0.02975265
4.75032074 3.36286214 1.88644656 9.13798283 0.02987733
4.74973219 3.36200315 1.88613687 9.13771199 0.03000291
4.74914151 3.36114106 1.88582607 9.13744018 0.03012939
4.74854870 3.36027587 1.88551414 9.13716738 0.03025679
4.74795374 3.35940753 1.88520108 9.13689360 0.03038512
4.74735662 3.35853604 1.88488688 9.13661882 0.03051438
4.74675732 3.35766138 1.88457154 9.13634304 0.03064459
4.74615584 3.35678352 1.88425505 9.13606625 0.03077575
4.74555214 3.35590244 1.88393739 9.13578845 0.03090787
4.74494624 3.35501813 1.88361857 9.13550963 0.03104097
4.74433809 3.35413055 1.88329858 9.13522978 0.03117505
4.74372770 3.35323970 1.88297740 9.13494889 0.03131012
4.74311505 3.35234554 1.88265503 9.13466697 0.03144620
4.74250012 3.35144806 1.88233146 9.13438399 0.03158330
4.74188290 3.35054723 1.88200669 9.13409996 0.03172141
4.74126337 3.34964304 1.88168070 9.13381487 0.03186057
4.74064152 3.34873545 1.88135349 9.13352871 0.03200077
4.74001733 3.34782446 1.88102505 9.13324148 0.03214202
4.73939078 3.34691002 1.88069537 9.13295316 0.03228435
4.73876187 3.34599213 1.88036444 9.13266375 0.03242775
4.73813056 3.34507076 1.88003226 9.13237324 0.03257225
4.73749686 3.34414588 1.87969882 9.13208163 0.03271785
4.73686074 3.34321747 1.87936410 9.13178890 0.03286456
4.73622219 3.34228551 1.87902810 9.13149506 0.03301239
4.73558118 3.34134997 1.87869081 9.13120008 0.03316137
4.73493771 3.34041083 1.87835223 9.13090398 0.03331149
4.73429175 3.33946807 1.87801233 9.13060672 0.03346278
4.73364329 3.33852165 1.87767112 9.13030832 0.03361524
4.73299231 3.33757156 1.87732859 9.13000876 0.03376889
4.73233880 3.33661777 1.87698472 9.12970803 0.03392374
4.73168274 3.33566025 1.87663951 9.12940613 0.03407981
4.73102410 3.33469898 1.87629294 9.12910304 0.03423710
4.73036287 3.33373393 1.87594501 9.12879876 0.03439563
4.72969904 3.33276507 1.87559571 9.12849328 0.03455541
4.72903258 3.33179239 1.87524503 9.12818660 0.03471646
4.72836348 3.33081584 1.87489296 9.12787869 0.03487879
4.72769171 3.32983541 1.87453949 9.12756957 0.03504242
4.72701727 3.32885107 1.87418460 9.12725921 0.03520736
4.72634013 3.32786279 1.87382830 9.12694760 0.03537362
4.72566026 3.32687054 1.87347057 9.12663475 0.03554121
4.72497766 3.32587430 1.87311139 9.12632063 0.03571017
4.72429231 3.32487403 1.87275077 9.12600525 0.03588049
4.72360417 3.32386971 1.87238868 9.12568859 0.03605219
4.72291324 3.32286130 1.87202512 9.12537064 0.03622530
4.72221949 3.32184879 1.87166008 9.12505140 0.03639982
4.72152290 3.32083213 1.87129355 9.12473085 0.03657577
4.72082346 3.31981130 1.87092551 9.12440898 0.03675317
4.72012114 3.31878627 1.87055596 9.12408579 0.03693204
4.71941592 3.31775702 1.87018488 9.12376127 0.03711238
4.71870778 3.31672349 1.86981227 9.12343540 0.03729422
4.71799670 3.31568568 1.86943810 9.12310818 0.03747758
4.71728265 3.31464354 1.86906238 9.12277960 0.03766247
4.71656562 3.31359705 1.86868509 9.12244964 0.03784891
4.71584558 3.31254616 1.86830622 9.12211830 0.03803692
4.71512252 3.31149086 1.86792575 9.12178556 0.03822652
4.71439640 3.31043110 1.86754368 9.12145142 0.03841772
4.71366721 3.30936686 1.86715999 9.12111587 0.03861054
4.71293492 3.30829809 1.86677467 9.12077889 0.03880500
4.71219951 3.30722478 1.86638771 9.12044048 0.03900113
4.71146096 3.30614687 1.86599909 9.12010061 0.03919894
4.71071924 3.30506435 1.86560881 9.11975930 0.03939845
4.70997433 3.30397716 1.86521685 9.11941651 0.03959968
4.70922621 3.30288529 1.86482320 9.11907224 0.03980266
4.70847485 3.30178868 1.86442784 9.11872649 0.04000740
4.70772022 3.30068732 1.86403077 9.11837923 0.04021392
4.70696230 3.29958115 1.86363196 9.11803046 0.04042224
4.70620108 3.29847015 1.86323141 9.11768016 0.04063240
4.70543651 3.29735428 1.86282911 9.11732833 0.04084440
4.70466858 3.29623349 1.86242503 9.11697494 0.04105827
4.70389725 3.29510776 1.86201917 9.11662000 0.04127404
4.70312251 3.29397704 1.86161152 9.11626349 0.04149173
4.70234433 3.29284129 1.86120205 9.11590539 0.04171136
4.70156268 3.29170048 1.86079075 9.11554569 0.04193295
4.70077753 3.29055457 1.86037762 9.11518439 0.04215653
4.69998886 3.28940351 1.85996263 9.11482146 0.04238212
4.69919663 3.28824727 1.85954577 9.11445690 0.04260975
4.69840082 3.28708580 1.85912703 9.11409070 0.04283945
4.69760141 3.28591907 1.85870639 9.11372283 0.04307123
4.69679836 3.28474703 1.85828384 9.11335328 0.04330513
4.69599164 3.28356964 1.85785935 9.11298206 0.04354118
4.69518123 3.28238686 1.85743293 9.11260913 0.04377939
4.69436710 3.28119864 1.85700454 9.11223448 0.04401980
4.69354921 3.28000494 1.85657418 9.11185811 0.04426243
4.69272754 3.27880573 1.85614183 9.11148000 0.04450731
4.69190205 3.27760094 1.85570747 9.11110014 0.04475448
4.69107272 3.27639054 1.85527108 9.11071850 0.04500395
4.69023951 3.27517449 1.85483266 9.11033508 0.04525576
4.68940239 3.27395273 1.85439218 9.10994986 0.04550995
4.68856133 3.27272522 1.85394963 9.10956283 0.04576653
4.68771631 3.27149191 1.85350499 9.10917397 0.04602555
4.68686727 3.27025276 1.85305824 9.10878327 0.04628703
4.68601420 3.26900771 1.85260936 9.10839071 0.04655100
4.68515706 3.26775673 1.85215835 9.10799628 0.04681750
4.68429581 3.26649975 1.85170517 9.10759995 0.04708656
4.68343043 3.26523674 1.85124982 9.10720173 0.04735822
4.68256087 3.26396763 1.85079227 9.10680158 0.04763250
4.68168711 3.26269238 1.85033250 9.10639950 0.04790945
4.68080910 3.26141094 1.84987051 9.10599546 0.04818910
4.67992681 3.26012326 1.84940626 9.10558946 0.04847148
4.67904021 3.25882927 1.84893974 9.10518147 0.04875663
4.67814925 3.25752894 1.84847094 9.10477147 0.04904459
4.67725391 3.25622220 1.84799982 9.10435946 0.04933540
4.67635415 3.25490901 1.84752638 9.10394541 0.04962909
4.67544992 3.25358930 1.84705058 9.10352931 0.04992571
4.67454118 3.25226302 1.84657242 9.10311114 0.05022528
4.67362791 3.25093011 1.84609187 9.10269088 0.05052787
4.67271006 3.24959052 1.84560891 9.10226851 0.05083349
4.67178759 3.24824419 1.84512352 9.10184401 0.05114220
4.67086047 3.24689106 1.84463568 9.10141737 0.05145405
4.66992864 3.24553108 1.84414536 9.10098857 0.05176906
4.66899207 3.24416417 1.84365255 9.10055759 0.05208729
4.66805072 3.24279029 1.84315723 9.10012440 0.05240878
4.66710455 3.24140937 1.84265937 9.09968900 0.05273357
4.66615351 3.24002134 1.84215894 9.09925136 0.05306172
4.66519757 3.23862615 1.84165594 9.09881146 0.05339327
4.66423667 3.23722373 1.84115033 9.09836928 0.05372826
4.66327077 3.23581402 1.84064209 9.09792480 0.05406675
4.66229984 3.23439696 1.84013119 9.09747800 0.05440879
4.66132382 3.23297247 1.83961762 9.09702886 0.05475442
4.66034266 3.23154049 1.83910136 9.09657736 0.05510370
4.65935633 3.23010096 1.83858236 9.09612348 0.05545668
4.65836478 3.22865380 1.83806062 9.09566720 0.05581341
4.65736795 3.22719895 1.83753610 9.09520848 0.05617395
4.65636581 3.22573633 1.83700879 9.09474732 0.05653835
4.65535829 3.22426588 1.83647865 9.09428369 0.05690667
4.65434537 3.22278752 1.83594566 9.09381757 0.05727896
4.65332697 3.22130119 1.83540979 9.09334893 0.05765528
4.65230306 3.21980681 1.83487103 9.09287776 0.05803570
4.65127358 3.21830430 1.83432933 9.09240402 0.05842027
4.65023848 3.21679358 1.83378467 9.09192769 0.05880905
4.64919771 3.21527460 1.83323703 9.09144876 0.05920211
4.64815121 3.21374725 1.83268638 9.09096719 0.05959951
4.64709894 3.21221148 1.83213269 9.09048296 0.06000131
4.64604084 3.21066720 1.83157593 9.08999605 0.06040758
4.64497685 3.20911432 1.83101608 9.08950643 0.06081839
4.64390692 3.20755277 1.83045310 9.08901408 0.06123381
4.64283099 3.20598247 1.82988696 9.08851897 0.06165390
4.64174901 3.20440334 1.82931763 9.08802107 0.06207873
4.64066092 3.20281528 1.82874509 9.08752036 0.06250838
4.63956665 3.20121821 1.82816931 9.08701681 0.06294293
4.63846616 3.19961206 1.82759024 9.08651039 0.06338244
4.63735937 3.19799672 1.82700787 9.08600108 0.06382700
4.63624624 3.19637212 1.82642215 9.08548884 0.06427667
4.63512669 3.19473816 1.82583306 9.08497366 0.06473155
4.63400067 3.19309476 1.82524057 9.08445550 0.06519170
4.63286812 3.19144181 1.82464463 9.08393433 0.06565722
4.63172896 3.18977923 1.82404522 9.08341012 0.06612819
4.63058314 3.18810692 1.82344231 9.08288284 0.06660468
4.62943059 3.18642479 1.82283585 9.08235247 0.06708680
4.62827125 3.18473274 1.82222582 9.08181897 0.06757463
4.62710504 3.18303068 1.82161218 9.08128231 0.06806825
4.62593190 3.18131850 1.82099489 9.08074246 0.06856777
4.62475176 3.17959610 1.82037391 9.08019939 0.06907327
4.62356454 3.17786338 1.81974922 9.07965307 0.06958485
4.62237019 3.17612024 1.81912077 9.07910346 0.07010261
4.62116863 3.17436658 1.81848852 9.07855054 0.07062665
4.61995978 3.17260228 1.81785244 9.07799426 0.07115707
4.61874357 3.17082724 1.81721249 9.07743459 0.07169397
4.61751993 3.16904136 1.81656863 9.07687151 0.07223746
4.61628878 3.16724452 1.81592081 9.07630496 0.07278765
4.61505005 3.16543660 1.81526901 9.07573493 0.07334465
4.61380365 3.16361751 1.81461317 9.07516138 0.07390856
4.61254952 3.16178712 1.81395326 9.07458426 0.07447951
4.61128756 3.15994531 1.81328924 9.07400354 0.07505761
4.61001771 3.15809197 1.81262106 9.07341919 0.07564297
4.60873987 3.15622699 1.81194868 9.07283116 0.07623573
4.60745396 3.15435023 1.81127205 9.07223942 0.07683600
4.60615991 3.15246158 1.81059114 9.07164393 0.07744391
4.60485762 3.15056091 1.80990589 9.07104465 0.07805958
4.60354702 3.14864810 1.80921627 9.07044155 0.07868316
4.60222800 3.14672302 1.80852222 9.06983457 0.07931477
4.60090049 3.14478554 1.80782371 9.06922369 0.07995456
4.59956440 3.14283552 1.80712067 9.06860886 0.08060265
4.59821962 3.14087285 1.80641307 9.06799003 0.08125920
4.59686608 3.13889738 1.80570086 9.06736717 0.08192434
4.59550368 3.13690897 1.80498398 9.06674023 0.08259823
4.59413232 3.13490750 1.80426239 9.06610916 0.08328102
4.59275191 3.13289281 1.80353604 9.06547394 0.08397287
4.59136236 3.13086477 1.80280487 9.06483450 0.08467392
4.58996355 3.12882323 1.80206884 9.06419081 0.08538435
4.58855539 3.12676805 1.80132789 9.06354281 0.08610431
4.58713779 3.12469908 1.80058196 9.06289047 0.08683398
4.58571064 3.12261617 1.79983101 9.06223373 0.08757352
4.58427383 3.12051917 1.79907498 9.06157255 0.08832311
4.58282726 3.11840793 1.79831382 9.06090688 0.08908294
4.58137082 3.11628228 1.79754746 9.06023667 0.08985317
4.57990441 3.11414207 1.79677586 9.05956186 0.09063400
4.57842791 3.11198715 1.79599894 9.05888242 0.09142562
4.57694122 3.10981734 1.79521667 9.05819828 0.09222822
4.57544422 3.10763249 1.79442896 9.05750940 0.09304201
4.57393679 3.10543242 1.79363578 9.05681573 0.09386718
4.57241883 3.10321698 1.79283705 9.05611720 0.09470393
4.57089021 3.10098598 1.79203271 9.05541377 0.09555249
4.56935081 3.09873925 1.79122270 9.05470538 0.09641307
4.56780052 3.09647662 1.79040695 9.05399198 0.09728589
4.56623921 3.09419791 1.78958541 9.05327351 0.09817117
4.56466675 3.09190294 1.78875801 9.05254991 0.09906914
4.56308303 3.08959153 1.78792468 9.05182112 0.09998004
4.56148792 3.08726348 1.78708535 9.05108709 0.10090411
4.55988128 3.08491861 1.78623996 9.05034776 0.10184160
4.55826299 3.08255674 1.78538844 9.04960307 0.10279274
4.55663291 3.08017766 1.78453071 9.04885295 0.10375781
4.55499090 3.07778118 1.78366671 9.04809734 0.10473706
4.55333684 3.07536711 1.78279637 9.04733619 0.10573076
4.55167059 3.07293523 1.78191961 9.04656943 0.10673918
4.54999200 3.07048536 1.78103636 9.04579698 0.10776261
4.54830093 3.06801727 1.78014654 9.04501880 0.10880132
4.54659725 3.06553077 1.77925008 9.04423481 0.10985560
4.54488080 3.06302563 1.77834691 9.04344495 0.11092576
4.54315143 3.06050165 1.77743694 9.04264914 0.11201210
4.54140900 3.05795860 1.77652010 9.04184732 0.11311493
4.53965336 3.05539627 1.77559631 9.04103942 0.11423456
4.53788436 3.05281443 1.77466548 9.04022537 0.11537132
4.53610183 3.05021286 1.77372754 9.03940510 0.11652555
4.53430562 3.04759132 1.77278240 9.03857854 0.11769758
4.53249557 3.04494958 1.77182998 9.03774560 0.11888775
4.53067153 3.04228742 1.77087019 9.03690623 0.12009643
4.52883332 3.03960458 1.76990295 9.03606033 0.12132396
4.52698078 3.03690083 1.76892817 9.03520785 0.12257073
4.52511375 3.03417592 1.76794576 9.03434869 0.12383710
4.52323205 3.03142961 1.76695564 9.03348278 0.12512346
4.52133552 3.02866165 1.76595770 9.03261005 0.12643021
4.51942397 3.02587177 1.76495187 9.03173040 0.12775775
4.51749723 3.02305973 1.76393805 9.03084377 0.12910648
4.51555513 3.02022527 1.76291615 9.02995007 0.13047684
4.51359749 3.01736811 1.76188606 9.02904922 0.13186924
4.51162412 3.01448800 1.76084770 9.02814112 0.13328412
4.50963483 3.01158467 1.75980096 9.02722571 0.13472194
4.50762944 3.00865784 1.75874576 9.02630288 0.13618314
4.50560777 3.00570723 1.75768198 9.02537256 0.13766820
4.50356961 3.00273258 1.75660953 9.02443466 0.13917759
4.50151479 2.99973359 1.75552831 9.02348908 0.14071180
4.49944309 2.99670998 1.75443821 9.02253575 0.14227132
4.49735433 2.99366146 1.75333913 9.02157455 0.14385667
4.49524830 2.99058775 1.75223097 9.02060542 0.14546835
4.49312481 2.98748854 1.75111361 9.01962824 0.14710691
4.49098364 2.98436354 1.74998696 9.01864294 0.14877287
4.48882460 2.98121245 1.74885090 9.01764940 0.15046679
4.48664747 2.97803496 1.74770533 9.01664755 0.15218923
4.48445204 2.97483077 1.74655012 9.01563727 0.15394077
4.48223811 2.97159957 1.74538518 9.01461848 0.15572198
4.48000546 2.96834104 1.74421039 9.01359107 0.15753347
4.47775387 2.96505488 1.74302563 9.01255495 0.15937584
4.47548312 2.96174076 1.74183080 9.01151001 0.16124972
4.47319300 2.95839836 1.74062577 9.01045616 0.16315574
4.47088328 2.95502735 1.73941042 9.00939329 0.16509454
4.46855374 2.95162743 1.73818465 9.00832130 0.16706678
4.46620415 2.94819824 1.73694833 9.00724008 0.16907313
4.46383429 2.94473947 1.73570134 9.00614954 0.17111428
4.46144394 2.94125078 1.73444357 9.00504956 0.17319091
4.45903285 2.93773183 1.73317489 9.00394005 0.17530374
4.45660080 2.93418230 1.73189518 9.00282088 0.17745349
4.45414756 2.93060183 1.73060432 9.00169197 0.17964088
4.45167290 2.92699009 1.72930218 9.00055320 0.18186668
4.44917657 2.92334674 1.72798865 8.99940445 0.18413163
4.44665835 2.91967144 1.72666359 8.99824564 0.18643650
4.44411800 2.91596383 1.72532689 8.99707663 0.18878209
4.44155527 2.91222357 1.72397842 8.99589734 0.19116919
4.43896994 2.90845032 1.72261806 8.99470764 0.19359860
4.43636177 2.90464373 1.72124567 8.99350743 0.19607116
4.43373051 2.90080345 1.71986114 8.99229659 0.19858769
4.43107593 2.89692913 1.71846434 8.99107503 0.20114905
4.42839780 2.89302043 1.71705514 8.98984262 0.20375608
4.42569586 2.88907699 1.71563342 8.98859927 0.20640966
4.42296989 2.88509849 1.71419905 8.98734485 0.20911067
4.42021966 2.88108455 1.71275191 8.98607926 0.21186000
4.41744491 2.87703485 1.71129188 8.98480240 0.21465856
4.41464543 2.87294905 1.70981883 8.98351415 0.21750724
4.41182097 2.86882679 1.70833263 8.98221441 0.22040699
4.40897131 2.86466775 1.70683318 8.98090308 0.22335872
4.40609621 2.86047159 1.70532034 8.97958003 0.22636337
4.40319545 2.85623798 1.70379400 8.97824519 0.22942189
4.40026882 2.85196660 1.70225405 8.97689842 0.23253524
4.39731607 2.84765711 1.70070035 8.97553965 0.23570436
4.39433700 2.84330921 1.69913281 8.97416877 0.23893023
4.39133140 2.83892257 1.69755130 8.97278567 0.24221381
4.38829905 2.83449691 1.69595572 8.97139026 0.24555607
4.38523976 2.83003191 1.69434596 8.96998246 0.24895798
4.38215331 2.82552728 1.69272191 8.96856216 0.25242052
4.37903951 2.82098274 1.69108347 8.96712927 0.25594465
4.37589819 2.81639802 1.68943055 8.96568372 0.25953135
4.37272914 2.81177285 1.68776304 8.96422541 0.26318158
4.36953221 2.80710697 1.68608086 8.96275427 0.26689629
4.36630722 2.80240014 1.68438391 8.96127021 0.27067646
4.36305401 2.79765213 1.68267211 8.95977317 0.27452300
4.35977243 2.79286271 1.68094539 8.95826308 0.27843687
4.35646234 2.78803168 1.67920366 8.95673986 0.28241897
4.35312360 2.78315885 1.67744687 8.95520347 0.28647021
4.34975610 2.77824403 1.67567493 8.95365384 0.29059147
4.34635973 2.77328708 1.67388781 8.95209092 0.29478363
4.34293438 2.76828783 1.67208544 8.95051466 0.29904751
4.33947998 2.76324618 1.67026777 8.94892504 0.30338393
4.33599644 2.75816201 1.66843478 8.94732201 0.30779369
4.33248371 2.75303523 1.66658643 8.94570555 0.31227753
4.32894175 2.74786580 1.66472270 8.94407563 0.31683618
4.32537053 2.74265365 1.66284357 8.94243225 0.32147031
4.32177004 2.73739878 1.66094904 8.94077540 0.32618057
4.31814028 2.73210120 1.65903911 8.93910509 0.33096754
4.31448127 2.72676094 1.65711379 8.93742131 0.33583177
4.31079307 2.72137805 1.65517311 8.93572410 0.34077375
4.30707572 2.71595265 1.65321709 8.93401348 0.34579392
4.30332933 2.71048484 1.65124579 8.93228949 0.35089264
4.29955398 2.70497478 1.64925925 8.93055217 0.35607023
4.29574982 2.69942265 1.64725755 8.92880160 0.36132691
4.29191698 2.69382868 1.64524076 8.92703783 0.36666286
4.28805565 2.68819313 1.64320898 8.92526095 0.37207816
4.28416603 2.68251628 1.64116231 8.92347105 0.37757281
4.28024833 2.67679846 1.63910087 8.92166823 0.38314672
4.27630283 2.67104005 1.63702480 8.91985262 0.38879972
4.27232979 2.66524146 1.63493424 8.91802433 0.39453152
4.26832953 2.65940314 1.63282935 8.91618352 0.40034177
4.26430238 2.65352558 1.63071033 8.91433034 0.40622997
4.26024873 2.64760933 1.62857735 8.91246495 0.41219553
4.25616896 2.64165497 1.62643063 8.91058755 0.41823775
4.25206352 2.63566314 1.62427040 8.90869834 0.42435580
4.24793287 2.62963451 1.62209690 8.90679752 0.43054875
4.24377750 2.62356981 1.61991040 8.90488533 0.43681550
4.23959795 2.61746982 1.61771118 8.90296202 0.44315487
4.23539479 2.61133537 1.61549953 8.90102784 0.44956551
4.23116862 2.60516733 1.61327578 8.89908307 0.45604596
4.22692007 2.59896664 1.61104025 8.89712800 0.46259460
4.22264983 2.59273428 1.60879330 8.89516295 0.46920968
4.21835859 2.58647129 1.60653531 8.89318824 0.47588929
4.21404711 2.58017874 1.60426666 8.89120421 0.48263141
4.20971616 2.57385778 1.60198778 8.88921122 0.48943383
4.20536657 2.56750961 1.59969908 8.88720966 0.49629423
4.20099918 2.56113547 1.59740101 8.88519990 0.50321012
4.19661488 2.55473665 1.59509405 8.88318236 0.51017887
4.19221460 2.54831451 1.59277869 8.88115748 0.51719771
4.18779931 2.54187045 1.59045541 8.87912567 0.52426372
4.18336998 2.53540591 1.58812476 8.87708742 0.53137384
4.17892766 2.52892240 1.58578727 8.87504318 0.53852487
4.17447340 2.52242148 1.58344350 8.87299345 0.54571348
4.17000830 2.51590472 1.58109402 8.87093873 0.55293620
4.16553347 2.50937378 1.57873942 8.86887953 0.56018946
4.16105009 2.50283034 1.57638032 8.86681640 0.56746953
4.15655932 2.49627613 1.57401734 8.86474987 0.57477260
4.15206238 2.48971291 1.57165111 8.86268050 0.58209475
4.14756051 2.48314249 1.56928228 8.86060886 0.58943195
4.14305496 2.47656671 1.56691152 8.85853552 0.59678008
4.13854702 2.46998744 1.56453950 8.85646109 0.60413496
4.13403799 2.46340658 1.56216691 8.85438616 0.61149232
4.12952919 2.45682605 1.55979444 8.85231133 0.61884782
4.12502197 2.45024782 1.55742280 8.85023722 0.62619711
4.12051766 2.44367385 1.55505269 8.84816446 0.63353576
4.11601764 2.43710614 1.55268484 8.84609367 0.64085934
4.11152328 2.43054668 1.55031996 8.84402549 0.64816338
4.10703596 2.42399750 1.54795879 8.84196054 0.65544343
4.10255706 2.41746060 1.54560205 8.83989947 0.66269505
4.09808797 2.41093803 1.54325048 8.83784292 0.66991379
4.09363007 2.40443180 1.54090479 8.83579151 0.67709527
4.08918476 2.39794392 1.53856572 8.83374590 0.68423515
4.08475340 2.39147642 1.53623400 8.83170670 0.69132912
4.08033737 2.38503129 1.53391034 8.82967457 0.69837298
4.07593803 2.37861051 1.53159546 8.82765011 0.70536259
4.07155672 2.37221605 1.52929007 8.82563394 0.71229390
4.06719477 2.36584985 1.52699487 8.82362669 0.71916298
4.06285350 2.35951382 1.52471055 8.82162895 0.72596601
4.05853419 2.35320985 1.52243779 8.81964132 0.73269929
4.05423811 2.34693978 1.52017725 8.81766438 0.73935927
4.04996651 2.34070545 1.51792959 8.81569871 0.74594252
4.04572061 2.33450861 1.51569544 8.81374485 0.75244579
4.04150158 2.32835100 1.51347545 8.81180337 0.75886596
4.03731059 2.32223431 1.51127020 8.80987479 0.76520010
4.03314876 2.31616017 1.50908030 8.80795962 0.77144544
4.02901717 2.31013018 1.50690631 8.80605838 0.77759938
4.02491688 2.30414586 1.50474879 8.80417153 0.78365952
4.02084890 2.29820870 1.50260827 8.80229955 0.78962362
4.01681420 2.29232011 1.50048526 8.80044289 0.79548965
4.01281372 2.28648147 1.49838026 8.79860198 0.80125574
4.00884835 2.28069406 1.49629373 8.79677722 0.80692022
4.00491894 2.27495915 1.49422613 8.79496901 0.81248163
4.00102630 2.26927789 1.49217787 8.79317772 0.81793866
3.99717119 2.26365142 1.49014936 8.79140370 0.82329020
3.99335434 2.25808078 1.48814098 8.78964729 0.82853533
3.98957642 2.25256696 1.48615309 8.78790879 0.83367330
3.98583807 2.24711088 1.48418602 8.78618850 0.83870354
3.98213986 2.24171340 1.48224007 8.78448668 0.84362566
3.97848235 2.23637532 1.48031553 8.78280359 0.84843942
3.97486603 2.23109735 1.47841267 8.78113946 0.85314475
3.97129137 2.22588017 1.47653172 8.77949449 0.85774175
3.96775876 2.22072438 1.47467291 8.77786888 0.86223065
3.96426858 2.21563052 1.47283643 8.77626280 0.86661183
3.96082117 2.21059906 1.47102244 8.77467638 0.87088582
3.95741679 2.20563043 1.46923110 8.77310978 0.87505326
3.95405571 2.20072497 1.46746254 8.77156310 0.87911492
3.95073812 2.19588299 1.46571686 8.77003643 0.88307171
3.94746419 2.19110474 1.46399417 8.76852986 0.88692461
3.94423405 2.18639040 1.46229451 8.76704343 0.89067474
3.94104780 2.18174010 1.46061794 8.76557720 0.89432329
3.93790548 2.17715394 1.45896449 8.76413119 0.89787155
3.93480712 2.17263193 1.45733418 8.76270541 0.90132088
3.93175272 2.16817406 1.45572698 8.76129985 0.90467273
3.92874221 2.16378028 1.45414290 8.75991450 0.90792861
3.92577554 2.15945047 1.45258187 8.75854932 0.91109007
3.92285260 2.15518447 1.45104386 8.75720426 0.91415876
3.91997326 2.15098211 1.44952878 8.75587926 0.91713633
3.91713735 2.14684314 1.44803656 8.75457425 0.92002450
3.91434469 2.14276729 1.44656710 8.75328914 0.92282501
3.91159508 2.13875427 1.44512029 8.75202384 0.92553965
3.90888827 2.13480372 1.44369600 8.75077824 0.92817022
3.90622402 2.13091528 1.44229410 8.74955222 0.93071853
3.90360204 2.12708855 1.44091445 8.74834566 0.93318643
3.90102205 2.12332309 1.43955689 8.74715841 0.93557576
3.89848373 2.11961844 1.43822126 8.74599034 0.93788838
3.89598675 2.11597413 1.43690738 8.74484130 0.94012613
3.89353076 2.11238965 1.43561507 8.74371112 0.94229088
3.89111540 2.10886447 1.43434414 8.74259963 0.94438446
3.88874030 2.10539803 1.43309439 8.74150667 0.94640872
3.88640506 2.10198978 1.43186561 8.74043205 0.94836549
3.88410928 2.09863913 1.43065760 8.73937560 0.95025657
3.88185256 2.09534547 1.42947014 8.73833712 0.95208375
3.87963447 2.09210820 1.42830301 8.73731641 0.95384882
3.87745458 2.08892669 1.42715598 8.73631328 0.95555353
3.87531246 2.08580029 1.42602883 8.73532753 0.95719961
3.87320765 2.08272836 1.42492130 8.73435896 0.95878875
3.87113972 2.07971023 1.42383318 8.73340735 0.96032264
3.86910819 2.07674524 1.42276422 8.73247249 0.96180293
3.86711261 2.07383272 1.42171417 8.73155418 0.96323123
3.86515251 2.07097198 1.42068279 8.73065219 0.96460914
3.86322742 2.06816234 1.41966983 8.72976631 0.96593821
3.86133687 2.06540311 1.41867504 8.72889633 0.96721997
3.85948038 2.06269359 1.41769818 8.72804202 0.96845591
3.85765748 2.06003309 1.41673899 8.72720317 0.96964749
3.85586768 2.05742091 1.41579722 8.72637956 0.97079614
3.85411052 2.05485635 1.41487263 8.72557096 0.97190325
3.85238551 2.05233872 1.41396495 8.72477715 0.97297019
3.85069217 2.04986732 1.41307393 8.72399792 0.97399827
3.84903003 2.04744145 1.41219934 8.72323305 0.97498878
3.84739861 2.04506041 1.41134090 8.72248231 0.97594300
3.84579744 2.04272352 1.41049839 8.72174549 0.97686213
3.84422604 2.04043009 1.40967154 8.72102238 0.97774737
3.84268394 2.03817942 1.40886010 8.72031274 0.97859988
3.84117069 2.03597085 1.40806385 8.71961638 0.97942079
3.83968580 2.03380368 1.40728252 8.71893308 0.98021118
3.83822883 2.03167725 1.40651588 8.71826262 0.98097212
3.83679931 2.02959089 1.40576368 8.71760479 0.98170463
3.83539679 2.02754393 1.40502570 8.71695939 0.98240972
3.83402083 2.02553572 1.40430168 8.71632620 0.98308836
3.83267096 2.02356562 1.40359140 8.71570503 0.98374147
3.83134676 2.02163296 1.40289462 8.71509567 0.98436998
3.83004778 2.01973712 1.40221111 8.71449791 0.98497476
3.82877359 2.01787746 1.40154065 8.71391156 0.98555667
3.82752376 2.01605335 1.40088301 8.71333643 0.98611653
3.82629788 2.01426419 1.40023796 8.71277230 0.98665513
3.82509551 2.01250935 1.39960529 8.71221901 0.98717326
3.82391625 2.01078824 1.39898478 8.71167634 0.98767166
3.82275970 2.00910026 1.39837621 8.71114413 0.98815105
3.82162543 2.00744482 1.39777938 8.71062217 0.98861212
3.82051307 2.00582134 1.39719406 8.71011029 0.98905556
3.81942221 2.00422925 1.39662007 8.70960830 0.98948201
3.81835246 2.00266797 1.39605718 8.70911603 0.98989211
3.81730346 2.00113696 1.39550521 8.70863331 0.99028646
3.81627481 1.99963566 1.39496394 8.70815995 0.99066565
3.81526615 1.99816353 1.39443320 8.70769579 0.99103023
3.81427710 1.99672004 1.39391278 8.70724066 0.99138077
3.81330732 1.99530466 1.39340249 8.70679439 0.99171779
3.81235645 1.99391687 1.39290215 8.70635682 0.99204179
3.81142413 1.99255616 1.39241158 8.70592779 0.99235327
3.81051002 1.99122203 1.39193058 8.70550714 0.99265269
3.80961378 1.98991399 1.39145900 8.70509472 0.99294052
3.80873508 1.98863154 1.39099663 8.70469036 0.99321719
3.80787360 1.98737421 1.39054333 8.70429393 0.99348313
3.80702899 1.98614153 1.39009891 8.70390526 0.99373874
3.80620096 1.98493302 1.38966321 8.70352422 0.99398442
3.80538918 1.98374825 1.38923606 8.70315067 0.99422054
3.80459336 1.98258675 1.38881731 8.70278445 0.99444748
3.80381318 1.98144809 1.38840679 8.70242543 0.99466558
3.80304834 1.98033183 1.38800434 8.70207347 0.99487518
3.80229857 1.97923754 1.38760982 8.70172844 0.99507661
3.80156356 1.97816481 1.38722307 8.70139021 0.99527017
3.80084305 1.97711323 1.38684394 8.70105865 0.99545619
3.80013674 1.97608238 1.38647229 8.70073363 0.99563493
3.79944437 1.97507188 1.38610798 8.70041502 0.99580669
3.79876567 1.97408133 1.38575085 8.70010270 0.99597174
3.79810038 1.97311034 1.38540078 8.69979655 0.99613033
3.79744823 1.97215854 1.38505763 8.69949645 0.99628271
3.79680898 1.97122557 1.38472127 8.69920228 0.99642912
3.79618238 1.97031105 1.38439156 8.69891393 0.99656980
3.79556818 1.96941463 1.38406837 8.69863129 0.99670496
3.79496613 1.96853595 1.38375158 8.69835425 0.99683483
3.79437601 1.96767468 1.38344107 8.69808269 0.99695960
3.79379759 1.96683048 1.38313671 8.69781651 0.99707947
3.79323062 1.96600301 1.38283838 8.69755561 0.99719464
3.79267491 1.96519194 1.38254597 8.69729988 0.99730529
3.79213021 1.96439697 1.38225936 8.69704923 0.99741159
3.79159632 1.96361776 1.38197843 8.69680355 0.99751371
3.79107303 1.96285402 1.38170308 8.69656274 0.99761182
3.79056012 1.96210545 1.38143320 8.69632671 0.99770607
3.79005741 1.96137174 1.38116867 8.69609538 0.99779662
3.78956468 1.96065261 1.38090941 8.69586864 0.99788360
3.78908174 1.95994777 1.38065529 8.69564640 0.99796717
3.78860840 1.95925693 1.38040622 8.69542858 0.99804744
3.78814447 1.95857983 1.38016211 8.69521509 0.99812455
3.78768976 1.95791620 1.37992285 8.69500585 0.99819863
3.78724410 1.95726576 1.37968835 8.69480076 0.99826978
3.78680730 1.95662826 1.37945851 8.69459976 0.99833814
3.78637920 1.95600345 1.37923325 8.69440276 0.99840380
3.78595962 1.95539108 1.37901247 8.69420968 0.99846687
3.78554838 1.95479089 1.37879608 8.69402044 0.99852746
3.78514534 1.95420265 1.37858401 8.69383497 0.99858566
3.78475032 1.95362613 1.37837615 8.69365319 0.99864156
3.78436317 1.95306109 1.37817244 8.69347504 0.99869526
3.78398373 1.95250731 1.37797278 8.69330043 0.99874684
3.78361186 1.95196456 1.37777711 8.69312930 0.99879639
3.78324739 1.95143262 1.37758533 8.69296158 0.99884398
3.78289018 1.95091129 1.37739737 8.69279720 0.99888970
3.78254010 1.95040034 1.37721316 8.69263610 0.99893360
3.78219699 1.94989958 1.37703262 8.69247822 0.99897578
3.78186073 1.94940881 1.37685568 8.69232347 0.99901629
3.78153117 1.94892782 1.37668227 8.69217182 0.99905520
3.78120818 1.94845642 1.37651232 8.69202319 0.99909258
3.78089163 1.94799443 1.37634576 8.69187752 0.99912848
3.78058140 1.94754165 1.37618252 8.69173476 0.99916296
3.78027735 1.94709790 1.37602253 8.69159485 0.99919607
3.77997938 1.94666301 1.37586574 8.69145773 0.99922789
3.77968734 1.94623679 1.37571208 8.69132334 0.99925844
3.77940114 1.94581908 1.37556148 8.69119164 0.99928779
3.77912065 1.94540970 1.37541389 8.69106256 0.99931597
3.77884575 1.94500850 1.37526924 8.69093606 0.99934305
3.77857634 1.94461530 1.37512748 8.69081208 0.99936905
3.77831231 1.94422995 1.37498855 8.69069058 0.99939402
3.77805355 1.94385230 1.37485240 8.69057151 0.99941801
3.77779996 1.94348218 1.37471896 8.69045481 0.99944105
3.77755143 1.94311945 1.37458819 8.69034044 0.99946318
3.77730786 1.94276397 1.37446002 8.69022836 0.99948443
3.77706915 1.94241558 1.37433442 8.69011851 0.99950485
3.77683522 1.94207415 1.37421132 8.69001086 0.99952445
3.77660595 1.94173954 1.37409069 8.68990536 0.99954328
3.77638126 1.94141162 1.37397246 8.68980197 0.99956137
3.77616106 1.94109024 1.37385659 8.68970063 0.99957874
3.77594526 1.94077528 1.37374304 8.68960133 0.99959543
3.77573377 1.94046662 1.37363176 8.68950401 0.99961145
3.77552651 1.94016411 1.37352270 8.68940863 0.99962684
3.77532338 1.93986766 1.37341582 8.68931516 0.99964162
3.77512432 1.93957712 1.37331107 8.68922355 0.99965582
3.77492923 1.93929239 1.37320842 8.68913377 0.99966945
3.77473803 1.93901335 1.37310781 8.68904579 0.99968255
3.77455066 1.93873988 1.37300922 8.68895957 0.99969513
3.77436703 1.93847188 1.37291260 8.68887507 0.99970721
3.77418708 1.93820924 1.37281791 8.68879226 0.99971881
3.77401071 1.93795184 1.37272511 8.68871110 0.99972995
3.77383788 1.93769958 1.37263416 8.68863156 0.99974066
3.77366849 1.93745237 1.37254503 8.68855362 0.99975093
3.77350249 1.93721010 1.37245769 8.68847723 0.99976081
3.77333981 1.93697266 1.37237209 8.68840237 0.99977029
3.77318038 1.93673998 1.37228820 8.68832900 0.99977939
3.77302414 1.93651194 1.37220598 8.68825710 0.99978814
3.77287102 1.93628847 1.37212541 8.68818664 0.99979654
3.77272096 1.93606945 1.37204645 8.68811758 0.99980461
3.77257389 1.93585482 1.37196907 8.68804991 0.99981236
3.77242977 1.93564448 1.37189324 8.68798359 0.99981980
3.77228853 1.93543834 1.37181892 8.68791859 0.99982694
3.77215011 1.93523632 1.37174608 8.68785490 0.99983381
3.77201446 1.93503834 1.37167471 8.68779247 0.99984040
3.77188153 1.93484432 1.37160476 8.68773130 0.99984673
3.77175124 1.93465418 1.37153620 8.68767135 0.99985281
3.77162357 1.93446784 1.37146902 8.68761259 0.99985865
3.77149844 1.93428522 1.37140318 8.68755501 0.99986426
3.77137582 1.93410625 1.37133866 8.68749859 0.99986965
3.77125565 1.93393086 1.37127543 8.68744329 0.99987482
3.77113788 1.93375898 1.37121346 8.68738909 0.99987979
3.77102247 1.93359054 1.37115273 8.68733598 0.99988456
3.77090936 1.93342546 1.37109322 8.68728393 0.99988915
3.77079851 1.93326368 1.37103489 8.68723292 0.99989355
3.77068988 1.93310514 1.37097773 8.68718294 0.99989777
3.77058343 1.93294977 1.37092171 8.68713395 0.99990183
3.77047910 1.93279750 1.37086682 8.68708594 0.99990573
3.77037685 1.93264828 1.37081302 8.68703889 0.99990948
3.77027666 1.93250204 1.37076030 8.68699278 0.99991308
3.77017846 1.93235873 1.37070863 8.68694759 0.99991653
3.77008223 1.93221828 1.37065799 8.68690331 0.99991985
3.76998792 1.93208064 1.37060837 8.68685991 0.99992303
3.76989550 1.93194575 1.37055974 8.68681738 0.99992609
3.76980492 1.93181356 1.37051208 8.68677570 0.99992903
3.76971616 1.93168401 1.37046537 8.68673485 0.99993186
3.76962917 1.93155705 1.37041960 8.68669482 0.99993457
3.76954393 1.93143263 1.37037474 8.68665559 0.99993717
3.76946038 1.93131070 1.37033078 8.68661715 0.99993967
3.76937851 1.93119121 1.37028770 8.68657947 0.99994207
3.76929827 1.93107410 1.37024548 8.68654255 0.99994438
3.76921964 1.93095934 1.37020411 8.68650637 0.99994659
3.76914258 1.93084688 1.37016356 8.68647091 0.99994872
3.76906706 1.93073666 1.37012382 8.68643615 0.99995076
3.76899305 1.93062864 1.37008488 8.68640210 0.99995273
3.76892053 1.93052279 1.37004672 8.68636872 0.99995461
3.76884945 1.93041905 1.37000932 8.68633601 0.99995642
3.76877979 1.93031739 1.36997266 8.68630396 0.99995816
3.76871153 1.93021776 1.36993675 8.68627254 0.99995983
3.76864463 1.93012012 1.36990154 8.68624176 0.99996143
3.76857907 1.93002444 1.36986705 8.68621159 0.99996297
3.76851482 1.92993067 1.36983324 8.68618202 0.99996445
3.76845185 1.92983877 1.36980011 8.68615305 0.99996587
3.76839015 1.92974871 1.36976764 8.68612465 0.99996724
3.76832968 1.92966046 1.36973582 8.68609683 0.99996855
3.76827041 1.92957396 1.36970464 8.68606956 0.99996980
3.76821234 1.92948920 1.36967408 8.68604283 0.99997101
3.76815542 1.92940613 1.36964413 8.68601664 0.99997217
3.76809964 1.92932473 1.36961478 8.68599097 0.99997329
3.76804498 1.92924495 1.36958602 8.68596582 0.99997436
3.76799141 1.92916676 1.36955783 8.68594117 0.99997539
3.76793891 1.92909015 1.36953021 8.68591701 0.99997637
3.76788747 1.92901506 1.36950314 8.68589333 0.99997732
3.76783705 1.92894147 1.36947661 8.68587013 0.99997823
3.76778764 1.92886936 1.36945061 8.68584739 0.99997911
3.76773921 1.92879869 1.36942513 8.68582511 0.99997995
3.76769176 1.92872943 1.36940016 8.68580327 0.99998075
3.76764525 1.92866156 1.36937569 8.68578187 0.99998153
3.76759968 1.92859504 1.36935171 8.68576090 0.99998227
3.76755502 1.92852985 1.36932821 8.68574035 0.99998299
3.76751125 1.92846597 1.36930517 8.68572021 0.99998367
3.76746835 1.92840337 1.36928260 8.68570047 0.99998433
3.76742631 1.92834201 1.36926048 8.68568112 0.99998497
3.76738512 1.92828189 1.36923881 8.68566216 0.99998557
3.76734475 1.92822297 1.36921756 8.68564359 0.99998616
3.76730518 1.92816522 1.36919674 8.68562538 0.99998672
3.76726641 1.92810863 1.36917634 8.68560754 0.99998726
3.76722841 1.92805317 1.36915635 8.68559005 0.99998777
3.76719117 1.92799883 1.36913675 8.68557291 0.99998827
3.76715468 1.92794556 1.36911755 8.68555612 0.99998875
3.76711891 1.92789337 1.36909873 8.68553966 0.99998921
3.76708386 1.92784221 1.36908029 8.68552353 0.99998965
3.76704952 1.92779208 1.36906222 8.68550773 0.99999007
3.76701585 1.92774296 1.36904451 8.68549224 0.99999048
3.76698287 1.92769481 1.36902715 8.68547706 0.99999086
3.76695054 1.92764763 1.36901014 8.68546218 0.99999124
3.76691886 1.92760139 1.36899347 8.68544760 0.99999160
3.76688781 1.92755608 1.36897713 8.68543332 0.99999194
3.76685738 1.92751167 1.36896112 8.68541931 0.99999228
3.76682757 1.92746815 1.36894543 8.68540559 0.99999259
3.76679834 1.92742550 1.36893005 8.68539215 0.99999290
3.76676971 1.92738371 1.36891499 8.68537897 0.99999319
3.76674164 1.92734275 1.36890022 8.68536605 0.99999348
3.76671414 1.92730261 1.36888575 8.68535340 0.99999375
3.76668718 1.92726327 1.36887156 8.68534099 0.99999401
3.76666077 1.92722472 1.36885767 8.68532884 0.99999426
3.76663488 1.92718694 1.36884404 8.68531693 0.99999450
3.76660952 1.92714991 1.36883070 8.68530525 0.99999473
3.76658466 1.92711363 1.36881761 8.68529381 0.99999495
3.76656029 1.92707807 1.36880479 8.68528260 0.99999516
3.76653641 1.92704322 1.36879223 8.68527161 0.99999537
3.76651302 1.92700907 1.36877992 8.68526084 0.99999556
3.76649008 1.92697561 1.36876785 8.68525029 0.99999575
3.76646761 1.92694281 1.36875603 8.68523995 0.99999593
3.76644559 1.92691067 1.36874444 8.68522982 0.99999611
3.76642401 1.92687917 1.36873308 8.68521988 0.99999627
3.76640286 1.92684830 1.36872195 8.68521015 0.99999643
3.76638213 1.92681805 1.36871105 8.68520061 0.99999659
3.76636182 1.92678840 1.36870036 8.68519127 0.99999673
3.76634191 1.92675934 1.36868988 8.68518210 0.99999688
3.76632240 1.92673087 1.36867962 8.68517313 0.99999701
3.76630328 1.92670297 1.36866956 8.68516433 0.99999714
3.76628454 1.92667562 1.36865970 8.68515571 0.99999727
3.76626618 1.92664882 1.36865004 8.68514726 0.99999739
3.76624819 1.92662256 1.36864057 8.68513898 0.99999751
3.76623055 1.92659682 1.36863129 8.68513086 0.99999762
3.76621327 1.92657160 1.36862220 8.68512291 0.99999772
3.76619634 1.92654688 1.36861329 8.68511512 0.99999783
3.76617974 1.92652266 1.36860455 8.68510748 0.99999793
3.76616347 1.92649892 1.36859599 8.68509999 0.99999802
3.76614753 1.92647566 1.36858761 8.68509266 0.99999811
3.76613191 1.92645286 1.36857939 8.68508547 0.99999820
3.76611660 1.92643051 1.36857133 8.68507842 0.99999828
3.76610160 1.92640862 1.36856344 8.68507152 0.99999836
3.76608690 1.92638716 1.36855570 8.68506475 0.99999844
3.76607249 1.92636613 1.36854812 8.68505812 0.99999852
3.76605837 1.92634552 1.36854069 8.68505163 0.99999859
3.76604453 1.92632533 1.36853341 8.68504526 0.99999866
3.76603097 1.92630553 1.36852627 8.68503902 0.99999872
3.76601768 1.92628614 1.36851928 8.68503290 0.99999879
3.76600465 1.92626713 1.36851243 8.68502691 0.99999885
3.76599189 1.92624850 1.36850571 8.68502103 0.99999890
3.76597938 1.92623024 1.36849913 8.68501528 0.99999896
3.76596712 1.92621235 1.36849268 8.68500964 0.99999901
3.76595511 1.92619482 1.36848636 8.68500411 0.99999907
3.76594334 1.92617764 1.36848016 8.68499869 0.99999912
3.76593180 1.92616080 1.36847409 8.68499338 0.99999916
3.76592049 1.92614430 1.36846814 8.68498818 0.99999921
3.76590941 1.92612812 1.36846231 8.68498308 0.99999925
3.76589855 1.92611228 1.36845660 8.68497808 0.99999930
3.76588791 1.92609674 1.36845100 8.68497319 0.99999934
3.76587748 1.92608152 1.36844551 8.68496839 0.99999937
3.76586726 1.92606661 1.36844013 8.68496368 0.99999941
3.76585725 1.92605199 1.36843486 8.68495907 0.99999945
3.76584743 1.92603766 1.36842970 8.68495456 0.99999948
3.76583781 1.92602362 1.36842464 8.68495013 0.99999952
3.76582838 1.92600986 1.36841968 8.68494579 0.99999955
3.76581915 1.92599638 1.36841481 8.68494154 0.99999958
3.76581009 1.92598317 1.36841005 8.68493738 0.99999961
3.76580122 1.92597022 1.36840538 8.68493329 0.99999964
3.76579252 1.92595753 1.36840081 8.68492929 0.99999966
3.76578400 1.92594509 1.36839632 8.68492537 0.99999969
3.76577565 1.92593290 1.36839193 8.68492153 0.99999971
3.76576747 1.92592096 1.36838762 8.68491776 0.99999974
3.76575945 1.92590925 1.36838340 8.68491407 0.99999976
3.76575159 1.92589778 1.36837927 8.68491045 0.99999978
3.76574389 1.92588654 1.36837521 8.68490691 0.99999980
3.76573634 1.92587552 1.36837124 8.68490344 0.99999982
3.76572894 1.92586473 1.36836735 8.68490003 0.99999984
3.76572169 1.92585415 1.36836353 8.68489670 0.99999986
3.76571459 1.92584378 1.36835980 8.68489343 0.99999988
3.76570762 1.92583362 1.36835613 8.68489022 0.99999990
3.76570080 1.92582366 1.36835254 8.68488708 0.99999992
3.76569411 1.92581390 1.36834902 8.68488400 0.99999993
3.76568756 1.92580434 1.36834558 8.68488099 0.99999995
3.76568114 1.92579496 1.36834220 8.68487803 0.99999996
3.76567484 1.92578578 1.36833888 8.68487514 0.99999998
3.76566868 1.92577678 1.36833564 8.68487230 0.99999999
3.76566263 1.92576795 1.36833246 8.68486952 1.00000000
3.76565671 1.92575931 1.36832934 8.68486679 1.00000001
3.76565090 1.92575084 1.36832629 8.68486412 1.00000003
3.76564521 1.92574253 1.36832329 8.68486150 1.00000004
3.76563964 1.92573440 1.36832036 8.68485894 1.00000005
3.76563418 1.92572642 1.36831749 8.68485642 1.00000006
3.76562882 1.92571861 1.36831467 8.68485396 1.00000007
