0.44284117 4.88528586 2.08410435 6.03507165 0.33122907
0.44541935 4.88469808 2.08964026 6.03272816 0.33555837
0.44801903 4.88409355 2.09521351 6.03036244 0.33995288
0.45064028 4.88347203 2.10082401 6.02797442 0.34441311
0.45328312 4.88283330 2.10647163 6.02556400 0.34893954
0.45594758 4.88217712 2.11215624 6.02313111 0.35353260
0.45863367 4.88150327 2.11787768 6.02067570 0.35819271
0.46134140 4.88081155 2.12363578 6.01819772 0.36292021
0.46407075 4.88010173 2.12943030 6.01569713 0.36771543
0.46682169 4.87937360 2.13526103 6.01317390 0.37257863
0.46959421 4.87862697 2.14112769 6.01062803 0.37751003
0.47238823 4.87786164 2.14702998 6.00805952 0.38250977
0.47520370 4.87707742 2.15296759 6.00546838 0.38757798
0.47804052 4.87627413 2.15894016 6.00285464 0.39271469
0.48089862 4.87545160 2.16494730 6.00021837 0.39791987
0.48377786 4.87460966 2.17098859 5.99755961 0.40319344
0.48667811 4.87374816 2.17706359 5.99487844 0.40853523
0.48959924 4.87286695 2.18317180 5.99217498 0.41394501
0.49254105 4.87196591 2.18931270 5.98944933 0.41942246
0.49550338 4.87104490 2.19548574 5.98670163 0.42496719
0.49848601 4.87010381 2.20169033 5.98393204 0.43057871
0.50148871 4.86914255 2.20792582 5.98114072 0.43625646
0.50451124 4.86816104 2.21419155 5.97832789 0.44199978
0.50755332 4.86715919 2.22048682 5.97549374 0.44780791
0.51061466 4.86613695 2.22681086 5.97263854 0.45368000
0.51369495 4.86509429 2.23316290 5.96976253 0.45961510
0.51679385 4.86403116 2.23954210 5.96686600 0.46561215
0.51991100 4.86294757 2.24594759 5.96394927 0.47167000
0.52304601 4.86184352 2.25237846 5.96101266 0.47778737
0.52619848 4.86071903 2.25883375 5.95805653 0.48396288
0.52936798 4.85957415 2.26531247 5.95508127 0.49019505
0.53255405 4.85840894 2.27181357 5.95208728 0.49648226
0.53575620 4.85722347 2.27833599 5.94907500 0.50282280
0.53897393 4.85601785 2.28487858 5.94604488 0.50921483
0.54220671 4.85479221 2.29144020 5.94299741 0.51565640
0.54545398 4.85354667 2.29801962 5.93993310 0.52214544
0.54871516 4.85228141 2.30461560 5.93685249 0.52867976
0.55198964 4.85099661 2.31122686 5.93375614 0.53525705
0.55527680 4.84969247 2.31785206 5.93064464 0.54187491
0.55857596 4.84836922 2.32448984 5.92751861 0.54853079
0.56188647 4.84702711 2.33113878 5.92437869 0.55522206
0.56520760 4.84566642 2.33779745 5.92122554 0.56194596
0.56853863 4.84428744 2.34446435 5.91805986 0.56869963
0.57187882 4.84289048 2.35113799 5.91488236 0.57548010
0.57522738 4.84147589 2.35781680 5.91169378 0.58228433
0.57858353 4.84004403 2.36449921 5.90849489 0.58910914
0.58194644 4.83859529 2.37118360 5.90528648 0.59595130
0.58531529 4.83713007 2.37786834 5.90206935 0.60280748
0.58868922 4.83564880 2.38455176 5.89884433 0.60967426
0.59206734 4.83415193 2.39123217 5.89561228 0.61654817
0.59544879 4.83263993 2.39790786 5.89237405 0.62342566
0.59883264 4.83111330 2.40457710 5.88913055 0.63030314
0.60221798 4.82957254 2.41123814 5.88588268 0.63717695
0.60560388 4.82801819 2.41788922 5.88263134 0.64404340
0.60898940 4.82645080 2.42452856 5.87937749 0.65089876
0.61237357 4.82487093 2.43115438 5.87612205 0.65773930
0.61575543 4.82327916 2.43776490 5.87286600 0.66456124
0.61913401 4.82167610 2.44435830 5.86961030 0.67136082
0.62250834 4.82006236 2.45093281 5.86635592 0.67813427
0.62587743 4.81843857 2.45748663 5.86310385 0.68487785
0.62924030 4.81680537 2.46401797 5.85985508 0.69158782
0.63259597 4.81516341 2.47052506 5.85661059 0.69826050
0.63594344 4.81351336 2.47700612 5.85337137 0.70489223
0.63928175 4.81185588 2.48345941 5.85013842 0.71147941
0.64260990 4.81019167 2.48988320 5.84691273 0.71801850
0.64592694 4.80852140 2.49627576 5.84369528 0.72450605
0.64923190 4.80684577 2.50263542 5.84048706 0.73093865
0.65252383 4.80516548 2.50896050 5.83728903 0.73731302
0.65580178 4.80348123 2.51524936 5.83410216 0.74362596
0.65906482 4.80179372 2.52150041 5.83092740 0.74987435
0.66231205 4.80010364 2.52771208 5.82776570 0.75605523
0.66554255 4.79841170 2.53388282 5.82461798 0.76216571
0.66875545 4.79671861 2.54001116 5.82148515 0.76820306
0.67194988 4.79502505 2.54609564 5.81836811 0.77416467
0.67512500 4.79333171 2.55213484 5.81526773 0.78004805
0.67827999 4.79163927 2.55812741 5.81218488 0.78585087
0.68141405 4.78994842 2.56407202 5.80912038 0.79157094
0.68452639 4.78825982 2.56996742 5.80607506 0.79720621
0.68761628 4.78657413 2.57581239 5.80304969 0.80275479
0.69068299 4.78489199 2.58160576 5.80004505 0.80821494
0.69372581 4.78321404 2.58734642 5.79706188 0.81358506
0.69674407 4.78154091 2.59303331 5.79410089 0.81886372
0.69973714 4.77987321 2.59866544 5.79116276 0.82404963
0.70270439 4.77821153 2.60424185 5.78824816 0.82914168
0.70564524 4.77655644 2.60976165 5.78535772 0.83413888
0.70855914 4.77490853 2.61522402 5.78249204 0.83904042
0.71144555 4.77326833 2.62062817 5.77965169 0.84384561
0.71430398 4.77163637 2.62597338 5.77683722 0.84855394
0.71713396 4.77001318 2.63125900 5.77404913 0.85316501
0.71993507 4.76839925 2.63648441 5.77128792 0.85767859
0.72270688 4.76679505 2.64164906 5.76855403 0.86209456
0.72544904 4.76520105 2.64675246 5.76584788 0.86641295
0.72816118 4.76361768 2.65179417 5.76316988 0.87063391
0.73084300 4.76204537 2.65677380 5.76052039 0.87475771
0.73349421 4.76048452 2.66169102 5.75789973 0.87878474
0.73611456 4.75893552 2.66654555 5.75530822 0.88271552
0.73870380 4.75739873 2.67133717 5.75274612 0.88655063
0.74126175 4.75587448 2.67606568 5.75021369 0.89029081
0.74378824 4.75436312 2.68073097 5.74771115 0.89393685
0.74628311 4.75286494 2.68533294 5.74523868 0.89748964
0.74874624 4.75138023 2.68987158 5.74279646 0.90095018
0.75117756 4.74990926 2.69434687 5.74038462 0.90431952
0.75357697 4.74845229 2.69875889 5.73800327 0.90759879
0.75594445 4.74700954 2.70310771 5.73565250 0.91078919
0.75827997 4.74558123 2.70739349 5.73333238 0.91389198
0.76058353 4.74416756 2.71161638 5.73104295 0.91690847
0.76285516 4.74276870 2.71577661 5.72878422 0.91984004
0.76509490 4.74138482 2.71987441 5.72655620 0.92268809
0.76730283 4.74001606 2.72391008 5.72435885 0.92545407
0.76947901 4.73866256 2.72788392 5.72219213 0.92813948
0.77162357 4.73732443 2.73179627 5.72005598 0.93074583
0.77373662 4.73600177 2.73564752 5.71795032 0.93327466
0.77581829 4.73469466 2.73943806 5.71587503 0.93572754
0.77786875 4.73340318 2.74316832 5.71383001 0.93810606
0.77988817 4.73212739 2.74683876 5.71181512 0.94041181
0.78187672 4.73086733 2.75044984 5.70983021 0.94264640
0.78383462 4.72962303 2.75400206 5.70787512 0.94481144
0.78576207 4.72839450 2.75749595 5.70594966 0.94690854
0.78765929 4.72718177 2.76093204 5.70405366 0.94893932
0.78952652 4.72598482 2.76431088 5.70218689 0.95090540
0.79136401 4.72480365 2.76763304 5.70034915 0.95280837
0.79317201 4.72363822 2.77089910 5.69854021 0.95464984
0.79495079 4.72248851 2.77410967 5.69675984 0.95643138
0.79670062 4.72135446 2.77726536 5.69500779 0.95815458
0.79842179 4.72023603 2.78036678 5.69328381 0.95982099
0.80011458 4.71913317 2.78341456 5.69158763 0.96143215
0.80177929 4.71804579 2.78640936 5.68991899 0.96298958
0.80341622 4.71697382 2.78935181 5.68827761 0.96449479
0.80502568 4.71591719 2.79224256 5.68666320 0.96594924
0.80660798 4.71487579 2.79508229 5.68507547 0.96735440
0.80816344 4.71384954 2.79787166 5.68351415 0.96871171
0.80969238 4.71283834 2.80061134 5.68197891 0.97002256
0.81119512 4.71184207 2.80330199 5.68046947 0.97128834
0.81267200 4.71086062 2.80594431 5.67898552 0.97251041
0.81412333 4.70989388 2.80853895 5.67752674 0.97369009
0.81554945 4.70894173 2.81108661 5.67609284 0.97482868
0.81695069 4.70800403 2.81358796 5.67468348 0.97592746
0.81832739 4.70708067 2.81604368 5.67329836 0.97698767
0.81967989 4.70617149 2.81845445 5.67193716 0.97801053
0.82100852 4.70527638 2.82082094 5.67059956 0.97899723
0.82231361 4.70439519 2.82314383 5.66928523 0.97994892
0.82359550 4.70352778 2.82542379 5.66799387 0.98086673
0.82485452 4.70267401 2.82766149 5.66672515 0.98175177
0.82609102 4.70183372 2.82985758 5.66547875 0.98260512
0.82730532 4.70100677 2.83201274 5.66425435 0.98342780
0.82849776 4.70019301 2.83412762 5.66305163 0.98422085
0.82966867 4.69939229 2.83620288 5.66187028 0.98498526
0.83081838 4.69860445 2.83823915 5.66070997 0.98572198
0.83194721 4.69782935 2.84023708 5.65957040 0.98643194
0.83305550 4.69706682 2.84219731 5.65845124 0.98711607
0.83414356 4.69631672 2.84412047 5.65735218 0.98777524
0.83521172 4.69557888 2.84600719 5.65627292 0.98841030
0.83626029 4.69485315 2.84785807 5.65521314 0.98902210
0.83728959 4.69413937 2.84967374 5.65417255 0.98961142
0.83829994 4.69343738 2.85145480 5.65315083 0.99017906
0.83929165 4.69274704 2.85320185 5.65214768 0.99072577
0.84026501 4.69206818 2.85491548 5.65116281 0.99125229
0.84122035 4.69140064 2.85659627 5.65019592 0.99175933
0.84215795 4.69074428 2.85824480 5.64924672 0.99224757
0.84307812 4.69009893 2.85986164 5.64831491 0.99271768
0.84398115 4.68946443 2.86144736 5.64740021 0.99317031
0.84486733 4.68884065 2.86300251 5.64650234 0.99360608
0.84573695 4.68822741 2.86452764 5.64562101 0.99402560
0.84659030 4.68762458 2.86602329 5.64475594 0.99442944
0.84742765 4.68703200 2.86748999 5.64390686 0.99481818
0.84824929 4.68644951 2.86892827 5.64307351 0.99519236
0.84905548 4.68587697 2.87033864 5.64225560 0.99555250
0.84984650 4.68531422 2.87172162 5.64145288 0.99589912
0.85062262 4.68476114 2.87307771 5.64066509 0.99623271
0.85138409 4.68421755 2.87440741 5.63989196 0.99655374
0.85213118 4.68368333 2.87571119 5.63913324 0.99686268
0.85286414 4.68315832 2.87698955 5.63838869 0.99715996
0.85358322 4.68264239 2.87824295 5.63765804 0.99744602
0.85428867 4.68213540 2.87947186 5.63694107 0.99772126
0.85498074 4.68163719 2.88067674 5.63623752 0.99798610
0.85565967 4.68114765 2.88185804 5.63554717 0.99824090
0.85632569 4.68066662 2.88301620 5.63486977 0.99848605
0.85697904 4.68019398 2.88415166 5.63420509 0.99872190
0.85761994 4.67972960 2.88526484 5.63355291 0.99894880
0.85824864 4.67927333 2.88635617 5.63291301 0.99916707
0.85886534 4.67882505 2.88742606 5.63228517 0.99937705
0.85947027 4.67838463 2.88847492 5.63166916 0.99957904
0.86006364 4.67795194 2.88950315 5.63106477 0.99977334
0.86064566 4.67752686 2.89051114 5.63047180 0.99996023
0.86121656 4.67710926 2.89149929 5.62989004 1.00014000
0.86177652 4.67669902 2.89246796 5.62931928 1.00031292
0.86232575 4.67629602 2.89341753 5.62875932 1.00047923
0.86286446 4.67590014 2.89434837 5.62820997 1.00063919
0.86339283 4.67551126 2.89526084 5.62767103 1.00079304
0.86391107 4.67512926 2.89615530 5.62714231 1.00094100
0.86441935 4.67475404 2.89703208 5.62662362 1.00108331
0.86491786 4.67438547 2.89789154 5.62611479 1.00122017
0.86540679 4.67402345 2.89873401 5.62561562 1.00135179
0.86588632 4.67366786 2.89955981 5.62512594 1.00147836
0.86635662 4.67331860 2.90036928 5.62464557 1.00160009
0.86681786 4.67297555 2.90116272 5.62417435 1.00171714
0.86727023 4.67263863 2.90194044 5.62371210 1.00182971
0.86771387 4.67230771 2.90270277 5.62325865 1.00193796
0.86814896 4.67198270 2.90344998 5.62281385 1.00204205
0.86857566 4.67166350 2.90418239 5.62237753 1.00214215
0.86899413 4.67135001 2.90490027 5.62194953 1.00223840
0.86940452 4.67104213 2.90560392 5.62152970 1.00233095
0.86980699 4.67073976 2.90629360 5.62111788 1.00241995
0.87020169 4.67044281 2.90696960 5.62071393 1.00250552
0.87058876 4.67015118 2.90763217 5.62031769 1.00258780
0.87096834 4.66986480 2.90828159 5.61992903 1.00266691
0.87134059 4.66958355 2.90891812 5.61954781 1.00274298
0.87170564 4.66930736 2.90954200 5.61917387 1.00281613
0.87206363 4.66903613 2.91015348 5.61880709 1.00288645
0.87241469 4.66876979 2.91075281 5.61844732 1.00295407
0.87275896 4.66850824 2.91134022 5.61809445 1.00301908
0.87309656 4.66825140 2.91191596 5.61774833 1.00308159
0.87342762 4.66799919 2.91248024 5.61740884 1.00314168
0.87375227 4.66775153 2.91303330 5.61707586 1.00319946
0.87407063 4.66750834 2.91357536 5.61674926 1.00325502
0.87438282 4.66726954 2.91410663 5.61642892 1.00330843
0.87468896 4.66703505 2.91462733 5.61611473 1.00335978
0.87498916 4.66680480 2.91513767 5.61580656 1.00340915
0.87528354 4.66657872 2.91563785 5.61550430 1.00345661
0.87557221 4.66635672 2.91612807 5.61520785 1.00350224
0.87585528 4.66613874 2.91660852 5.61491708 1.00354611
0.87613286 4.66592471 2.91707941 5.61463190 1.00358829
0.87640505 4.66571455 2.91754092 5.61435219 1.00362884
0.87667196 4.66550821 2.91799323 5.61407786 1.00366782
0.87693369 4.66530560 2.91843654 5.61380880 1.00370530
0.87719033 4.66510667 2.91887101 5.61354490 1.00374133
0.87744199 4.66491134 2.91929682 5.61328608 1.00377597
0.87768876 4.66471957 2.91971414 5.61303223 1.00380927
0.87793074 4.66453127 2.92012315 5.61278326 1.00384128
0.87816802 4.66434640 2.92052400 5.61253908 1.00387206
0.87840069 4.66416488 2.92091687 5.61229959 1.00390164
0.87862884 4.66398666 2.92130189 5.61206471 1.00393008
0.87885255 4.66381169 2.92167925 5.61183435 1.00395743
0.87907191 4.66363989 2.92204907 5.61160842 1.00398371
0.87928701 4.66347123 2.92241152 5.61138684 1.00400898
0.87949793 4.66330563 2.92276675 5.61116952 1.00403327
0.87970474 4.66314305 2.92311488 5.61095638 1.00405663
0.87990754 4.66298342 2.92345608 5.61074735 1.00407908
0.88010639 4.66282671 2.92379046 5.61054234 1.00410066
0.88030137 4.66267285 2.92411818 5.61034128 1.00412141
0.88049256 4.66252180 2.92443935 5.61014409 1.00414135
0.88068003 4.66237350 2.92475412 5.60995069 1.00416052
0.88086386 4.66222791 2.92506261 5.60976102 1.00417895
0.88104410 4.66208497 2.92536494 5.60957501 1.00419667
0.88122084 4.66194464 2.92566123 5.60939257 1.00421370
0.88139414 4.66180687 2.92595162 5.60921366 1.00423008
0.88156407 4.66167162 2.92623621 5.60903819 1.00424582
0.88173069 4.66153884 2.92651511 5.60886610 1.00426095
0.88189406 4.66140848 2.92678845 5.60869732 1.00427549
0.88205426 4.66128050 2.92705634 5.60853180 1.00428947
0.88221134 4.66115487 2.92731888 5.60836947 1.00430291
0.88236536 4.66103153 2.92757617 5.60821027 1.00431584
0.88251638 4.66091044 2.92782833 5.60805414 1.00432826
0.88266446 4.66079157 2.92807546 5.60790102 1.00434020
0.88280966 4.66067488 2.92831765 5.60775085 1.00435167
0.88295203 4.66056032 2.92855500 5.60760357 1.00436271
0.88309163 4.66044785 2.92878762 5.60745914 1.00437331
0.88322851 4.66033745 2.92901559 5.60731749 1.00438351
0.88336272 4.66022906 2.92923901 5.60717857 1.00439331
0.88349432 4.66012266 2.92945797 5.60704233 1.00440273
0.88362335 4.66001821 2.92967255 5.60690872 1.00441179
0.88374988 4.65991567 2.92988285 5.60677768 1.00442049
0.88387394 4.65981501 2.93008895 5.60664917 1.00442886
0.88399558 4.65971620 2.93029094 5.60652315 1.00443691
0.88411485 4.65961919 2.93048889 5.60639955 1.00444464
0.88423180 4.65952396 2.93068289 5.60627834 1.00445207
0.88434647 4.65943048 2.93087301 5.60615946 1.00445922
0.88445890 4.65933872 2.93105933 5.60604288 1.00446609
0.88456915 4.65924864 2.93124194 5.60592855 1.00447269
0.88467725 4.65916021 2.93142090 5.60581642 1.00447904
0.88478324 4.65907340 2.93159628 5.60570646 1.00448514
0.88488716 4.65898818 2.93176816 5.60559862 1.00449101
0.88498907 4.65890453 2.93193660 5.60549287 1.00449664
0.88508898 4.65882241 2.93210168 5.60538915 1.00450206
0.88518695 4.65874181 2.93226347 5.60528743 1.00450727
0.88528301 4.65866268 2.93242202 5.60518768 1.00451228
0.88537720 4.65858500 2.93257741 5.60508985 1.00451710
0.88546955 4.65850875 2.93272969 5.60499391 1.00452173
0.88556010 4.65843390 2.93287893 5.60489982 1.00452617
0.88564889 4.65836043 2.93302518 5.60480755 1.00453045
0.88573594 4.65828831 2.93316852 5.60471706 1.00453456
0.88582130 4.65821751 2.93330899 5.60462832 1.00453851
0.88590500 4.65814801 2.93344666 5.60454129 1.00454231
0.88598707 4.65807979 2.93358158 5.60445594 1.00454596
0.88606753 4.65801283 2.93371380 5.60437224 1.00454947
0.88614643 4.65794710 2.93384338 5.60429015 1.00455285
0.88622379 4.65788257 2.93397037 5.60420965 1.00455609
0.88629964 4.65781923 2.93409482 5.60413070 1.00455921
0.88637402 4.65775706 2.93421679 5.60405328 1.00456221
0.88644694 4.65769603 2.93433632 5.60397735 1.00456509
0.88651844 4.65763612 2.93445346 5.60390288 1.00456786
0.88658855 4.65757732 2.93456827 5.60382986 1.00457052
0.88665729 4.65751959 2.93468078 5.60375825 1.00457308
0.88672470 4.65746293 2.93479104 5.60368801 1.00457554
0.88679079 4.65740732 2.93489910 5.60361914 1.00457790
0.88685559 4.65735272 2.93500500 5.60355159 1.00458018
0.88691912 4.65729913 2.93510878 5.60348535 1.00458236
0.88698142 4.65724653 2.93521049 5.60342039 1.00458446
0.88704251 4.65719490 2.93531017 5.60335668 1.00458648
0.88710240 4.65714422 2.93540785 5.60329420 1.00458842
0.88716112 4.65709447 2.93550359 5.60323293 1.00459029
0.88721871 4.65704564 2.93559741 5.60317284 1.00459208
0.88727516 4.65699770 2.93568936 5.60311391 1.00459381
0.88733052 4.65695065 2.93577947 5.60305612 1.00459546
0.88738480 4.65690447 2.93586778 5.60299945 1.00459706
0.88743802 4.65685914 2.93595433 5.60294387 1.00459859
0.88749021 4.65681464 2.93603914 5.60288936 1.00460006
0.88754137 4.65677097 2.93612227 5.60283591 1.00460148
0.88759154 4.65672809 2.93620373 5.60278349 1.00460284
0.88764073 4.65668601 2.93628356 5.60273208 1.00460414
0.88768896 4.65664471 2.93636180 5.60268167 1.00460540
0.88773626 4.65660417 2.93643848 5.60263222 1.00460661
0.88778263 4.65656437 2.93651362 5.60258374 1.00460777
0.88782809 4.65652531 2.93658726 5.60253619 1.00460889
0.88787267 4.65648697 2.93665943 5.60248955 1.00460996
0.88791638 4.65644933 2.93673016 5.60244382 1.00461099
0.88795924 4.65641239 2.93679948 5.60239897 1.00461199
0.88800126 4.65637613 2.93686741 5.60235499 1.00461294
0.88804247 4.65634054 2.93693398 5.60231186 1.00461386
0.88808287 4.65630561 2.93699923 5.60226956 1.00461474
0.88812248 4.65627132 2.93706317 5.60222808 1.00461558
0.88816132 4.65623767 2.93712583 5.60218739 1.00461640
0.88819940 4.65620463 2.93718724 5.60214750 1.00461718
0.88823674 4.65617221 2.93724743 5.60210837 1.00461793
0.88827336 4.65614038 2.93730641 5.60207000 1.00461866
0.88830926 4.65610914 2.93736421 5.60203238 1.00461935
0.88834446 4.65607848 2.93742086 5.60199547 1.00462002
0.88837897 4.65604838 2.93747637 5.60195928 1.00462066
0.88841281 4.65601884 2.93753078 5.60192379 1.00462128
0.88844599 4.65598985 2.93758410 5.60188899 1.00462187
0.88847853 4.65596139 2.93763636 5.60185486 1.00462245
0.88851043 4.65593346 2.93768757 5.60182139 1.00462299
0.88854170 4.65590604 2.93773775 5.60178856 1.00462352
0.88857237 4.65587913 2.93778694 5.60175637 1.00462403
0.88860244 4.65585272 2.93783514 5.60172480 1.00462452
0.88863193 4.65582679 2.93788238 5.60169384 1.00462498
0.88866084 4.65580134 2.93792868 5.60166347 1.00462543
0.88868918 4.65577637 2.93797405 5.60163370 1.00462587
0.88871698 4.65575185 2.93801851 5.60160449 1.00462628
0.88874423 4.65572779 2.93806209 5.60157586 1.00462668
0.88877095 4.65570417 2.93810479 5.60154777 1.00462707
0.88879715 4.65568099 2.93814664 5.60152023 1.00462744
0.88882284 4.65565824 2.93818766 5.60149322 1.00462779
0.88884803 4.65563591 2.93822785 5.60146673 1.00462814
0.88887272 4.65561399 2.93826725 5.60144076 1.00462846
0.88889694 4.65559247 2.93830585 5.60141528 1.00462878
0.88892069 4.65557136 2.93834369 5.60139030 1.00462908
0.88894397 4.65555063 2.93838077 5.60136580 1.00462937
0.88896679 4.65553029 2.93841711 5.60134177 1.00462966
0.88898918 4.65551032 2.93845272 5.60131821 1.00462993
0.88901112 4.65549073 2.93848762 5.60129510 1.00463018
0.88903264 4.65547149 2.93852182 5.60127244 1.00463043
0.88905374 4.65545261 2.93855534 5.60125022 1.00463067
0.88907443 4.65543409 2.93858819 5.60122842 1.00463090
0.88909471 4.65541590 2.93862039 5.60120705 1.00463112
0.88911460 4.65539805 2.93865194 5.60118609 1.00463134
0.88913410 4.65538053 2.93868286 5.60116553 1.00463154
0.88915323 4.65536333 2.93871316 5.60114538 1.00463174
0.88917197 4.65534646 2.93874286 5.60112561 1.00463193
0.88919036 4.65532989 2.93877196 5.60110622 1.00463211
0.88920838 4.65531363 2.93880049 5.60108721 1.00463228
0.88922606 4.65529767 2.93882844 5.60106856 1.00463245
0.88924339 4.65528201 2.93885583 5.60105027 1.00463261
0.88926038 4.65526664 2.93888268 5.60103234 1.00463277
0.88927704 4.65525155 2.93890899 5.60101475 1.00463292
0.88929337 4.65523674 2.93893478 5.60099751 1.00463306
0.88930939 4.65522221 2.93896005 5.60098059 1.00463320
0.88932510 4.65520794 2.93898481 5.60096401 1.00463333
0.88934050 4.65519394 2.93900908 5.60094774 1.00463346
0.88935560 4.65518020 2.93903287 5.60093179 1.00463358
0.88937040 4.65516671 2.93905618 5.60091614 1.00463370
0.88938492 4.65515348 2.93907903 5.60090080 1.00463381
0.88939915 4.65514048 2.93910142 5.60088576 1.00463392
0.88941311 4.65512773 2.93912336 5.60087100 1.00463403
0.88942679 4.65511521 2.93914486 5.60085653 1.00463413
0.88944021 4.65510293 2.93916593 5.60084234 1.00463422
0.88945337 4.65509087 2.93918659 5.60082842 1.00463432
0.88946627 4.65507904 2.93920683 5.60081477 1.00463441
0.88947891 4.65506743 2.93922666 5.60080139 1.00463449
0.88949132 4.65505603 2.93924610 5.60078826 1.00463457
0.88950348 4.65504484 2.93926515 5.60077539 1.00463465
0.88951540 4.65503386 2.93928382 5.60076277 1.00463473
0.88952709 4.65502308 2.93930212 5.60075039 1.00463480
0.88953855 4.65501251 2.93932005 5.60073825 1.00463487
0.88954979 4.65500213 2.93933763 5.60072634 1.00463494
0.88956081 4.65499194 2.93935485 5.60071466 1.00463501
0.88957162 4.65498194 2.93937173 5.60070321 1.00463507
0.88958222 4.65497212 2.93938827 5.60069198 1.00463513
0.88959260 4.65496249 2.93940448 5.60068097 1.00463519
0.88960279 4.65495304 2.93942037 5.60067017 1.00463524
0.88961278 4.65494376 2.93943594 5.60065958 1.00463530
0.88962257 4.65493465 2.93945120 5.60064919 1.00463535
0.88963218 4.65492571 2.93946615 5.60063900 1.00463540
0.88964159 4.65491694 2.93948081 5.60062901 1.00463545
0.88965082 4.65490833 2.93949517 5.60061922 1.00463549
0.88965988 4.65489988 2.93950925 5.60060961 1.00463553
0.88966875 4.65489159 2.93952304 5.60060019 1.00463558
0.88967746 4.65488345 2.93953656 5.60059094 1.00463562
0.88968599 4.65487546 2.93954981 5.60058188 1.00463566
0.88969436 4.65486762 2.93956279 5.60057300 1.00463569
0.88970256 4.65485993 2.93957552 5.60056428 1.00463573
0.88971061 4.65485237 2.93958799 5.60055573 1.00463577
0.88971849 4.65484496 2.93960021 5.60054735 1.00463580
0.88972623 4.65483769 2.93961219 5.60053913 1.00463583
0.88973381 4.65483055 2.93962393 5.60053107 1.00463586
0.88974125 4.65482354 2.93963543 5.60052316 1.00463589
0.88974854 4.65481666 2.93964671 5.60051541 1.00463592
0.88975569 4.65480992 2.93965776 5.60050781 1.00463595
0.88976270 4.65480329 2.93966858 5.60050035 1.00463597
0.88976957 4.65479679 2.93967920 5.60049304 1.00463600
0.88977631 4.65479041 2.93968960 5.60048587 1.00463602
0.88978292 4.65478415 2.93969979 5.60047883 1.00463605
0.88978939 4.65477800 2.93970978 5.60047193 1.00463607
0.88979575 4.65477197 2.93971957 5.60046517 1.00463609
0.88980198 4.65476605 2.93972916 5.60045854 1.00463611
0.88980808 4.65476024 2.93973856 5.60045203 1.00463613
0.88981407 4.65475454 2.93974778 5.60044565 1.00463615
0.88981995 4.65474894 2.93975681 5.60043940 1.00463617
0.88982570 4.65474345 2.93976566 5.60043326 1.00463619
0.88983135 4.65473806 2.93977433 5.60042724 1.00463620
0.88983688 4.65473277 2.93978283 5.60042134 1.00463622
0.88984231 4.65472757 2.93979116 5.60041555 1.00463624
0.88984764 4.65472248 2.93979933 5.60040988 1.00463625
0.88985285 4.65471748 2.93980733 5.60040431 1.00463627
0.88985797 4.65471257 2.93981517 5.60039885 1.00463628
0.88986299 4.65470775 2.93982285 5.60039350 1.00463629
0.88986791 4.65470302 2.93983038 5.60038825 1.00463631
0.88987273 4.65469838 2.93983776 5.60038310 1.00463632
0.88987746 4.65469383 2.93984500 5.60037805 1.00463633
0.88988210 4.65468936 2.93985209 5.60037310 1.00463634
0.88988665 4.65468497 2.93985903 5.60036825 1.00463635
0.88989110 4.65468067 2.93986584 5.60036348 1.00463636
0.88989548 4.65467644 2.93987251 5.60035881 1.00463637
