6.52828262 6.73376283 2.11812176 9.23094723 0.06346405
6.52878382 6.73331871 2.11776176 9.22896903 0.06391449
6.52928793 6.73287198 2.11739964 9.22697932 0.06437019
6.52979498 6.73242263 2.11703538 9.22497798 0.06483124
6.53030502 6.73197062 2.11666896 9.22296490 0.06529773
6.53081805 6.73151593 2.11630035 9.22093996 0.06576975
6.53133413 6.73105853 2.11592954 9.21890305 0.06624736
6.53185326 6.73059840 2.11555650 9.21685404 0.06673068
6.53237549 6.73013550 2.11518121 9.21479282 0.06721979
6.53290085 6.72966981 2.11480365 9.21271926 0.06771478
6.53342937 6.72920131 2.11442379 9.21063323 0.06821575
6.53396108 6.72872995 2.11404162 9.20853462 0.06872279
6.53449601 6.72825572 2.11365710 9.20642329 0.06923601
6.53503419 6.72777858 2.11327021 9.20429912 0.06975550
6.53557566 6.72729850 2.11288094 9.20216197 0.07028137
6.53612046 6.72681546 2.11248925 9.20001171 0.07081372
6.53666861 6.72632943 2.11209511 9.19784820 0.07135267
6.53722015 6.72584036 2.11169852 9.19567132 0.07189830
6.53777512 6.72534824 2.11129943 9.19348092 0.07245075
6.53833354 6.72485303 2.11089782 9.19127686 0.07301012
6.53889547 6.72435469 2.11049367 9.18905900 0.07357653
6.53946093 6.72385320 2.11008695 9.18682719 0.07415010
6.54002996 6.72334852 2.10967763 9.18458130 0.07473094
6.54060260 6.72284061 2.10926569 9.18232117 0.07531918
6.54117888 6.72232945 2.10885110 9.18004665 0.07591495
6.54175885 6.72181500 2.10843382 9.17775759 0.07651837
6.54234255 6.72129722 2.10801384 9.17545384 0.07712958
6.54293000 6.72077608 2.10759111 9.17313524 0.07774871
6.54352127 6.72025155 2.10716562 9.17080163 0.07837589
6.54411637 6.71972358 2.10673734 9.16845285 0.07901127
6.54471536 6.71919214 2.10630622 9.16608875 0.07965498
6.54531828 6.71865719 2.10587225 9.16370914 0.08030717
6.54592517 6.71811869 2.10543539 9.16131388 0.08096799
6.54653607 6.71757661 2.10499560 9.15890278 0.08163759
6.54715103 6.71703091 2.10455287 9.15647567 0.08231613
6.54777009 6.71648154 2.10410715 9.15403239 0.08300375
6.54839329 6.71592847 2.10365841 9.15157276 0.08370063
6.54902069 6.71537165 2.10320662 9.14909658 0.08440693
6.54965232 6.71481105 2.10275175 9.14660370 0.08512281
6.55028824 6.71424662 2.10229375 9.14409391 0.08584845
6.55092848 6.71367832 2.10183261 9.14156704 0.08658402
6.55157311 6.71310611 2.10136827 9.13902288 0.08732970
6.55222217 6.71252994 2.10090071 9.13646127 0.08808567
6.55287570 6.71194976 2.10042989 9.13388198 0.08885212
6.55353376 6.71136555 2.09995578 9.13128484 0.08962924
6.55419640 6.71077724 2.09947832 9.12866964 0.09041723
6.55486367 6.71018479 2.09899750 9.12603617 0.09121628
6.55553562 6.70958816 2.09851326 9.12338424 0.09202660
6.55621231 6.70898729 2.09802558 9.12071362 0.09284839
6.55689378 6.70838214 2.09753441 9.11802412 0.09368187
6.55758010 6.70777267 2.09703970 9.11531551 0.09452725
6.55827132 6.70715882 2.09654143 9.11258757 0.09538476
6.55896749 6.70654053 2.09603955 9.10984010 0.09625462
6.55966868 6.70591777 2.09553402 9.10707285 0.09713707
6.56037493 6.70529047 2.09502479 9.10428562 0.09803234
6.56108632 6.70465859 2.09451183 9.10147816 0.09894066
6.56180289 6.70402208 2.09399508 9.09865024 0.09986230
6.56252470 6.70338087 2.09347451 9.09580162 0.10079750
6.56325183 6.70273491 2.09295007 9.09293207 0.10174652
6.56398432 6.70208416 2.09242172 9.09004134 0.10270963
6.56472225 6.70142854 2.09188941 9.08712919 0.10368709
6.56546567 6.70076801 2.09135309 9.08419536 0.10467918
6.56621466 6.70010251 2.09081271 9.08123961 0.10568618
6.56696927 6.69943198 2.09026823 9.07826166 0.10670839
6.56772957 6.69875635 2.08971960 9.07526127 0.10774609
6.56849564 6.69807557 2.08916677 9.07223817 0.10879959
6.56926753 6.69738959 2.08860970 9.06919208 0.10986919
6.57004531 6.69669832 2.08804832 9.06612274 0.11095521
6.57082907 6.69600172 2.08748258 9.06302988 0.11205798
6.57161886 6.69529972 2.08691245 9.05991320 0.11317782
6.57241476 6.69459226 2.08633785 9.05677244 0.11431507
6.57321685 6.69387926 2.08575875 9.05360730 0.11547007
6.57402519 6.69316066 2.08517507 9.05041748 0.11664318
6.57483987 6.69243640 2.08458678 9.04720271 0.11783476
6.57566095 6.69170641 2.08399382 9.04396267 0.11904517
6.57648852 6.69097061 2.08339612 9.04069706 0.12027480
6.57732265 6.69022894 2.08279363 9.03740557 0.12152402
6.57816342 6.68948133 2.08218629 9.03408790 0.12279323
6.57901092 6.68872770 2.08157404 9.03074373 0.12408283
6.57986522 6.68796799 2.08095683 9.02737274 0.12539324
6.58072641 6.68720211 2.08033459 9.02397461 0.12672487
6.58159456 6.68642999 2.07970726 9.02054899 0.12807816
6.58246977 6.68565156 2.07907478 9.01709558 0.12945355
6.58335212 6.68486674 2.07843709 9.01361402 0.13085149
6.58424170 6.68407545 2.07779412 9.01010398 0.13227243
6.58513859 6.68327761 2.07714581 9.00656511 0.13371685
6.58604288 6.68247315 2.07649208 9.00299706 0.13518522
6.58695467 6.68166198 2.07583289 8.99939947 0.13667805
6.58787404 6.68084401 2.07516816 8.99577200 0.13819583
6.58880109 6.68001918 2.07449781 8.99211427 0.13973907
6.58973591 6.67918739 2.07382179 8.98842592 0.14130831
6.59067859 6.67834855 2.07314002 8.98470658 0.14290407
6.59162923 6.67750259 2.07245243 8.98095587 0.14452691
6.59258793 6.67664941 2.07175896 8.97717341 0.14617738
6.59355479 6.67578893 2.07105952 8.97335882 0.14785607
6.59452990 6.67492106 2.07035405 8.96951170 0.14956355
6.59551336 6.67404570 2.06964247 8.96563166 0.15130042
6.59650528 6.67316277 2.06892471 8.96171831 0.15306729
6.59750576 6.67227218 2.06820069 8.95777125 0.15486480
6.59851490 6.67137383 2.06747034 8.95379006 0.15669356
6.59953280 6.67046762 2.06673358 8.94977434 0.15855424
6.60055958 6.66955347 2.06599033 8.94572368 0.16044750
6.60159533 6.66863127 2.06524051 8.94163765 0.16237401
6.60264017 6.66770094 2.06448404 8.93751583 0.16433447
6.60369420 6.66676236 2.06372085 8.93335779 0.16632959
6.60475753 6.66581545 2.06295085 8.92916312 0.16836008
6.60583028 6.66486010 2.06217395 8.92493136 0.17042668
6.60691256 6.66389622 2.06139009 8.92066209 0.17253014
6.60800447 6.66292370 2.06059917 8.91635487 0.17467123
6.60910613 6.66194244 2.05980112 8.91200924 0.17685072
6.61021766 6.66095233 2.05899584 8.90762477 0.17906941
6.61133917 6.65995328 2.05818326 8.90320100 0.18132810
6.61247077 6.65894518 2.05736328 8.89873748 0.18362763
6.61361258 6.65792793 2.05653582 8.89423376 0.18596884
6.61476472 6.65690141 2.05570080 8.88968937 0.18835257
6.61592731 6.65586553 2.05485812 8.88510386 0.19077969
6.61710046 6.65482018 2.05400770 8.88047677 0.19325110
6.61828429 6.65376525 2.05314946 8.87580762 0.19576770
6.61947892 6.65270063 2.05228330 8.87109597 0.19833039
6.62068447 6.65162622 2.05140914 8.86634133 0.20094011
6.62190106 6.65054190 2.05052689 8.86154324 0.20359781
6.62312881 6.64944758 2.04963645 8.85670124 0.20630444
6.62436784 6.64834314 2.04873775 8.85181486 0.20906097
6.62561826 6.64722847 2.04783068 8.84688363 0.21186841
6.62688020 6.64610347 2.04691517 8.84190709 0.21472773
6.62815377 6.64496803 2.04599113 8.83688477 0.21763997
6.62943910 6.64382205 2.04505846 8.83181620 0.22060614
6.63073629 6.64266540 2.04411707 8.82670093 0.22362729
6.63204548 6.64149800 2.04316689 8.82153850 0.22670446
6.63336677 6.64031973 2.04220783 8.81632845 0.22983873
6.63470028 6.63913049 2.04123979 8.81107033 0.23303115
6.63604613 6.63793018 2.04026269 8.80576369 0.23628281
6.63740443 6.63671868 2.03927645 8.80040810 0.23959480
6.63877528 6.63549591 2.03828098 8.79500312 0.24296822
6.64015881 6.63426176 2.03727620 8.78954831 0.24640416
6.64155512 6.63301613 2.03626204 8.78404326 0.24990374
6.64296431 6.63175892 2.03523840 8.77848756 0.25346808
6.64438649 6.63049005 2.03420521 8.77288079 0.25709827
6.64582176 6.62920942 2.03316240 8.76722257 0.26079545
6.64727022 6.62791693 2.03210989 8.76151251 0.26456072
6.64873196 6.62661250 2.03104761 8.75575024 0.26839520
6.65020709 6.62529605 2.02997548 8.74993540 0.27230000
6.65169568 6.62396750 2.02889345 8.74406765 0.27627621
6.65319782 6.62262676 2.02780144 8.73814666 0.28032494
6.65471359 6.62127376 2.02669939 8.73217211 0.28444726
6.65624308 6.61990844 2.02558724 8.72614371 0.28864424
6.65778635 6.61853072 2.02446495 8.72006118 0.29291694
6.65934347 6.61714054 2.02333244 8.71392427 0.29726640
6.66091449 6.61573785 2.02218969 8.70773274 0.30169362
6.66249949 6.61432259 2.02103664 8.70148638 0.30619959
6.66409850 6.61289471 2.01987326 8.69518500 0.31078528
6.66571157 6.61145418 2.01869950 8.68882843 0.31545162
6.66733874 6.61000096 2.01751534 8.68241655 0.32019950
6.66898004 6.60853503 2.01632076 8.67594925 0.32502977
6.67063548 6.60705635 2.01511573 8.66942646 0.32994325
6.67230508 6.60556492 2.01390025 8.66284812 0.33494071
6.67398885 6.60406073 2.01267430 8.65621424 0.34002285
6.67568677 6.60254378 2.01143788 8.64952483 0.34519034
6.67739885 6.60101408 2.01019101 8.64277997 0.35044378
6.67912505 6.59947165 2.00893368 8.63597976 0.35578370
6.68086533 6.59791651 2.00766594 8.62912434 0.36121057
6.68261966 6.59634871 2.00638780 8.62221390 0.36672477
6.68438798 6.59476829 2.00509930 8.61524868 0.37232661
6.68617022 6.59317531 2.00380048 8.60822896 0.37801631
6.68796630 6.59156984 2.00249141 8.60115506 0.38379401
6.68977612 6.58995196 2.00117214 8.59402736 0.38965974
6.69159959 6.58832176 1.99984275 8.58684630 0.39561343
6.69343657 6.58667935 1.99850332 8.57961236 0.40165491
6.69528694 6.58502485 1.99715395 8.57232609 0.40778389
6.69715054 6.58335837 1.99579474 8.56498808 0.41399997
6.69902722 6.58168008 1.99442580 8.55759899 0.42030261
6.70091679 6.57999012 1.99304727 8.55015955 0.42669116
6.70281906 6.57828867 1.99165928 8.54267054 0.43316481
6.70473381 6.57657591 1.99026198 8.53513282 0.43972265
6.70666082 6.57485205 1.98885553 8.52754728 0.44636358
6.70859984 6.57311730 1.98744011 8.51991492 0.45308637
6.71055061 6.57137190 1.98601591 8.51223679 0.45988966
6.71251285 6.56961609 1.98458313 8.50451401 0.46677188
6.71448625 6.56785013 1.98314197 8.49674777 0.47373134
6.71647051 6.56607432 1.98169268 8.48893933 0.48076618
6.71846528 6.56428894 1.98023549 8.48109003 0.48787435
6.72047022 6.56249431 1.97877064 8.47320127 0.49505364
6.72248495 6.56069076 1.97729843 8.46527454 0.50230169
6.72450908 6.55887864 1.97581911 8.45731140 0.50961594
6.72654221 6.55705830 1.97433299 8.44931346 0.51699365
6.72858389 6.55523013 1.97284037 8.44128244 0.52443194
6.73063370 6.55339453 1.97134159 8.43322009 0.53192773
6.73269116 6.55155191 1.96983697 8.42512827 0.53947778
6.73475579 6.54970270 1.96832686 8.41700890 0.54707867
6.73682709 6.54784734 1.96681163 8.40886394 0.55472682
6.73890455 6.54598630 1.96529165 8.40069547 0.56241851
6.74098763 6.54412005 1.96376731 8.39250558 0.57014982
6.74307578 6.54224907 1.96223900 8.38429647 0.57791673
6.74516844 6.54037388 1.96070715 8.37607038 0.58571503
6.74726502 6.53849500 1.95917216 8.36782960 0.59354040
6.74936494 6.53661294 1.95763447 8.35957649 0.60138839
6.75146758 6.53472827 1.95609453 8.35131347 0.60925443
6.75357232 6.53284152 1.95455279 8.34304299 0.61713384
6.75567853 6.53095327 1.95300970 8.33476755 0.62502185
6.75778557 6.52906410 1.95146575 8.32648969 0.63291359
6.75989279 6.52717457 1.94992140 8.31821201 0.64080414
6.76199951 6.52528530 1.94837713 8.30993712 0.64868849
6.76410509 6.52339686 1.94683345 8.30166765 0.65656160
6.76620883 6.52150988 1.94529083 8.29340628 0.66441842
6.76831007 6.51962495 1.94374978 8.28515570 0.67225383
6.77040812 6.51774269 1.94221080 8.27691860 0.68006277
6.77250229 6.51586372 1.94067439 8.26869769 0.68784014
6.77459190 6.51398865 1.93914105 8.26049568 0.69558088
6.77667626 6.51211808 1.93761130 8.25231529 0.70328000
6.77875468 6.51025265 1.93608562 8.24415921 0.71093254
6.78082650 6.50839296 1.93456453 8.23603013 0.71853361
6.78289102 6.50653962 1.93304851 8.22793072 0.72607843
6.78494758 6.50469322 1.93153807 8.21986364 0.73356230
6.78699552 6.50285438 1.93003370 8.21183149 0.74098065
6.78903418 6.50102367 1.92853587 8.20383686 0.74832903
6.79106292 6.49920168 1.92704507 8.19588230 0.75560312
6.79308109 6.49738898 1.92556176 8.18797030 0.76279879
6.79508809 6.49558613 1.92408641 8.18010332 0.76991203
6.79708330 6.49379367 1.92261946 8.17228375 0.77693904
6.79906612 6.49201215 1.92116136 8.16451394 0.78387618
6.80103598 6.49024209 1.91971253 8.15679617 0.79072001
6.80299232 6.48848400 1.91827340 8.14913263 0.79746729
6.80493459 6.48673836 1.91684437 8.14152549 0.80411498
6.80686226 6.48500565 1.91542583 8.13397680 0.81066027
6.80877484 6.48328633 1.91401816 8.12648857 0.81710054
6.81067182 6.48158085 1.91262173 8.11906270 0.82343340
6.81255275 6.47988963 1.91123689 8.11170103 0.82965668
6.81441718 6.47821307 1.90986396 8.10440531 0.83576843
6.81626468 6.47655156 1.90850327 8.09717721 0.84176692
6.81809485 6.47490546 1.90715513 8.09001830 0.84765064
6.81990731 6.47327513 1.90581981 8.08293009 0.85341829
6.82170171 6.47166088 1.90449760 8.07591396 0.85906882
6.82347770 6.47006303 1.90318874 8.06897123 0.86460134
6.82523498 6.46848186 1.90189348 8.06210314 0.87001520
6.82697325 6.46691765 1.90061204 8.05531080 0.87530995
6.82869224 6.46537062 1.89934462 8.04859527 0.88048532
6.83039172 6.46384102 1.89809141 8.04195750 0.88554125
6.83207145 6.46232905 1.89685258 8.03539836 0.89047785
6.83373124 6.46083489 1.89562829 8.02891862 0.89529542
6.83537091 6.45935871 1.89441869 8.02251899 0.89999440
6.83699029 6.45790066 1.89322389 8.01620007 0.90457541
6.83858926 6.45646087 1.89204401 8.00996239 0.90903922
6.84016770 6.45503945 1.89087914 8.00380639 0.91338675
6.84172550 6.45363649 1.88972936 7.99773243 0.91761904
6.84326260 6.45225207 1.88859473 7.99174082 0.92173725
6.84477893 6.45088624 1.88747531 7.98583175 0.92574268
6.84627446 6.44953905 1.88637114 7.98000537 0.92963672
6.84774916 6.44821052 1.88528224 7.97426176 0.93342086
6.84920303 6.44690066 1.88420861 7.96860090 0.93709670
6.85063608 6.44560947 1.88315027 7.96302275 0.94066590
6.85204835 6.44433693 1.88210719 7.95752716 0.94413020
6.85343986 6.44308301 1.88107936 7.95211396 0.94749141
6.85481069 6.44184765 1.88006674 7.94678291 0.95075140
6.85616090 6.44063080 1.87906928 7.94153370 0.95391209
6.85749057 6.43943239 1.87808693 7.93636597 0.95697544
6.85879981 6.43825234 1.87711962 7.93127934 0.95994345
6.86008873 6.43709055 1.87616729 7.92627335 0.96281816
6.86135744 6.43594692 1.87522984 7.92134752 0.96560160
6.86260607 6.43482134 1.87430720 7.91650129 0.96829587
6.86383478 6.43371369 1.87339925 7.91173411 0.97090304
6.86504370 6.43262383 1.87250591 7.90704536 0.97342521
6.86623299 6.43155162 1.87162705 7.90243440 0.97586447
6.86740283 6.43049692 1.87076256 7.89790056 0.97822292
6.86855339 6.42945959 1.86991231 7.89344311 0.98050264
6.86968485 6.42843945 1.86907619 7.88906134 0.98270572
6.87079740 6.42743634 1.86825404 7.88475448 0.98483422
6.87189123 6.42645010 1.86744574 7.88052175 0.98689017
6.87296654 6.42548054 1.86665115 7.87636235 0.98887562
6.87402354 6.42452749 1.86587011 7.87227546 0.99079256
6.87506243 6.42359076 1.86510248 7.86826023 0.99264297
6.87608342 6.42267016 1.86434811 7.86431581 0.99442880
6.87708674 6.42176551 1.86360683 7.86044134 0.99615198
6.87807260 6.42087661 1.86287850 7.85663594 0.99781438
6.87904122 6.42000326 1.86216295 7.85289870 0.99941786
6.87999283 6.41914527 1.86146002 7.84922874 1.00096425
6.88092764 6.41830243 1.86076955 7.84562515 1.00245533
6.88184590 6.41747454 1.86009136 7.84208701 1.00389284
6.88274783 6.41666139 1.85942531 7.83861340 1.00527851
6.88363365 6.41586279 1.85877121 7.83520342 1.00661400
6.88450360 6.41507853 1.85812890 7.83185612 1.00790095
6.88535790 6.41430840 1.85749821 7.82857059 1.00914094
6.88619680 6.41355219 1.85687898 7.82534590 1.01033555
6.88702051 6.41280971 1.85627103 7.82218113 1.01148628
6.88782927 6.41208074 1.85567420 7.81907535 1.01259462
6.88862331 6.41136508 1.85508831 7.81602765 1.01366199
6.88940285 6.41066252 1.85451321 7.81303710 1.01468981
6.89016813 6.40997287 1.85394872 7.81010280 1.01567943
6.89091937 6.40929591 1.85339468 7.80722383 1.01663218
6.89165679 6.40863145 1.85285092 7.80439930 1.01754933
6.89238062 6.40797928 1.85231727 7.80162831 1.01843214
6.89309108 6.40733921 1.85179358 7.79890996 1.01928182
6.89378839 6.40671104 1.85127968 7.79624337 1.02009953
6.89447277 6.40609456 1.85077541 7.79362767 1.02088642
6.89514444 6.40548959 1.85028060 7.79106199 1.02164359
6.89580361 6.40489594 1.84979511 7.78854546 1.02237211
6.89645049 6.40431341 1.84931877 7.78607725 1.02307301
6.89708530 6.40374181 1.84885142 7.78365650 1.02374729
6.89770823 6.40318095 1.84839292 7.78128238 1.02439592
6.89831951 6.40263066 1.84794311 7.77895408 1.02501984
6.89891932 6.40209074 1.84750184 7.77667077 1.02561995
6.89950787 6.40156102 1.84706895 7.77443165 1.02619713
6.90008536 6.40104131 1.84664431 7.77223593 1.02675222
6.90065198 6.40053145 1.84622777 7.77008282 1.02728604
6.90120793 6.40003125 1.84581918 7.76797156 1.02779938
6.90175340 6.39954054 1.84541841 7.76590137 1.02829301
6.90228858 6.39905916 1.84502530 7.76387151 1.02876765
6.90281364 6.39858694 1.84463973 7.76188124 1.02922403
6.90332878 6.39812370 1.84426156 7.75992982 1.02966281
6.90383417 6.39766930 1.84389065 7.75801654 1.03008467
6.90432999 6.39722356 1.84352688 7.75614069 1.03049025
6.90481642 6.39678633 1.84317010 7.75430156 1.03088015
6.90529362 6.39635746 1.84282019 7.75249847 1.03125497
6.90576177 6.39593679 1.84247703 7.75073075 1.03161529
6.90622103 6.39552417 1.84214049 7.74899772 1.03196165
6.90667156 6.39511945 1.84181045 7.74729874 1.03229458
6.90711354 6.39472248 1.84148679 7.74563315 1.03261460
6.90754711 6.39433313 1.84116938 7.74400032 1.03292220
6.90797243 6.39395124 1.84085812 7.74239964 1.03321786
6.90838966 6.39357669 1.84055288 7.74083048 1.03350202
6.90879895 6.39320933 1.84025356 7.73929224 1.03377514
6.90920044 6.39284902 1.83996003 7.73778433 1.03403763
6.90959428 6.39249565 1.83967220 7.73630617 1.03428990
6.90998062 6.39214906 1.83938996 7.73485718 1.03453236
6.91035960 6.39180915 1.83911319 7.73343681 1.03476536
6.91073134 6.39147578 1.83884180 7.73204449 1.03498929
6.91109600 6.39114882 1.83857568 7.73067970 1.03520449
6.91145370 6.39082817 1.83831473 7.72934188 1.03541129
6.91180458 6.39051369 1.83805886 7.72803053 1.03561003
6.91214877 6.39020527 1.83780797 7.72674513 1.03580100
6.91248638 6.38990279 1.83756195 7.72548516 1.03598453
6.91281755 6.38960614 1.83732072 7.72425014 1.03616089
6.91314239 6.38931522 1.83708419 7.72303958 1.03633035
6.91346104 6.38902991 1.83685226 7.72185300 1.03649320
6.91377360 6.38875010 1.83662486 7.72068993 1.03664968
6.91408019 6.38847569 1.83640188 7.71954992 1.03680005
6.91438093 6.38820657 1.83618324 7.71843250 1.03694454
6.91467592 6.38794265 1.83596887 7.71733725 1.03708337
6.91496528 6.38768382 1.83575867 7.71626371 1.03721678
6.91524911 6.38742999 1.83555257 7.71521147 1.03734497
6.91552752 6.38718106 1.83535049 7.71418011 1.03746814
6.91580061 6.38693694 1.83515235 7.71316922 1.03758650
6.91606849 6.38669753 1.83495808 7.71217838 1.03770022
6.91633124 6.38646274 1.83476759 7.71120722 1.03780949
6.91658898 6.38623249 1.83458082 7.71025533 1.03791448
6.91684180 6.38600668 1.83439769 7.70932235 1.03801537
6.91708979 6.38578524 1.83421813 7.70840789 1.03811230
6.91733304 6.38556807 1.83404208 7.70751159 1.03820544
6.91757164 6.38535510 1.83386946 7.70663309 1.03829493
6.91780569 6.38514624 1.83370021 7.70577205 1.03838091
6.91803527 6.38494141 1.83353426 7.70492811 1.03846353
6.91826046 6.38474054 1.83337155 7.70410093 1.03854291
6.91848136 6.38454355 1.83321201 7.70329019 1.03861919
6.91869803 6.38435036 1.83305558 7.70249555 1.03869247
6.91891057 6.38416091 1.83290221 7.70171671 1.03876289
6.91911906 6.38397511 1.83275183 7.70095334 1.03883055
6.91932356 6.38379290 1.83260438 7.70020515 1.03889555
6.91952416 6.38361421 1.83245981 7.69947182 1.03895801
6.91972093 6.38343897 1.83231805 7.69875307 1.03901803
6.91991394 6.38326712 1.83217907 7.69804860 1.03907569
6.92010327 6.38309858 1.83204279 7.69735813 1.03913109
6.92028899 6.38293329 1.83190917 7.69668138 1.03918433
6.92047116 6.38277120 1.83177816 7.69601809 1.03923547
6.92064986 6.38261223 1.83164970 7.69536798 1.03928462
6.92082515 6.38245634 1.83152374 7.69473079 1.03933184
6.92099709 6.38230345 1.83140024 7.69410627 1.03937720
6.92116576 6.38215351 1.83127915 7.69349416 1.03942080
6.92133121 6.38200647 1.83116042 7.69289422 1.03946268
6.92149351 6.38186226 1.83104400 7.69230620 1.03950292
6.92165271 6.38172084 1.83092985 7.69172987 1.03954159
6.92180887 6.38158214 1.83081793 7.69116499 1.03957874
6.92196206 6.38144612 1.83070818 7.69061135 1.03961444
6.92211233 6.38131272 1.83060058 7.69006870 1.03964874
6.92225973 6.38118190 1.83049507 7.68953685 1.03968169
6.92240433 6.38105360 1.83039161 7.68901556 1.03971336
6.92254617 6.38092777 1.83029017 7.68850464 1.03974378
6.92268530 6.38080437 1.83019070 7.68800387 1.03977302
6.92282179 6.38068334 1.83009317 7.68751305 1.03980110
6.92295568 6.38056465 1.82999754 7.68703199 1.03982809
6.92308701 6.38044825 1.82990377 7.68656049 1.03985402
6.92321585 6.38033409 1.82981182 7.68609836 1.03987894
6.92334223 6.38022213 1.82972167 7.68564541 1.03990288
6.92346620 6.38011232 1.82963326 7.68520147 1.03992588
6.92358782 6.38000464 1.82954658 7.68476634 1.03994799
6.92370712 6.37989902 1.82946158 7.68433987 1.03996922
6.92382415 6.37979544 1.82937824 7.68392187 1.03998963
6.92393895 6.37969386 1.82929651 7.68351217 1.04000924
6.92405156 6.37959423 1.82921637 7.68311062 1.04002808
6.92416204 6.37949651 1.82913779 7.68271704 1.04004618
6.92427041 6.37940068 1.82906074 7.68233129 1.04006357
6.92437672 6.37930669 1.82898519 7.68195320 1.04008029
6.92448101 6.37921452 1.82891110 7.68158262 1.04009634
6.92458331 6.37912411 1.82883845 7.68121940 1.04011177
6.92468367 6.37903545 1.82876721 7.68086340 1.04012660
6.92478212 6.37894849 1.82869735 7.68051448 1.04014085
6.92487870 6.37886320 1.82862885 7.68017248 1.04015454
6.92497344 6.37877955 1.82856168 7.67983728 1.04016769
6.92506638 6.37869751 1.82849581 7.67950874 1.04018033
6.92515755 6.37861705 1.82843122 7.67918672 1.04019247
6.92524699 6.37853814 1.82836789 7.67887110 1.04020414
6.92533473 6.37846074 1.82830578 7.67856175 1.04021535
6.92542080 6.37838483 1.82824487 7.67825855 1.04022613
6.92550524 6.37831038 1.82818515 7.67796136 1.04023648
6.92558807 6.37823735 1.82812658 7.67767008 1.04024643
6.92566933 6.37816573 1.82806915 7.67738459 1.04025599
6.92574904 6.37809549 1.82801283 7.67710476 1.04026517
6.92582725 6.37802660 1.82795760 7.67683049 1.04027400
6.92590396 6.37795903 1.82790344 7.67656167 1.04028248
6.92597922 6.37789275 1.82785033 7.67629819 1.04029063
6.92605305 6.37782775 1.82779825 7.67603994 1.04029846
6.92612547 6.37776400 1.82774717 7.67578682 1.04030598
6.92619653 6.37770147 1.82769709 7.67553872 1.04031321
6.92626623 6.37764013 1.82764797 7.67529555 1.04032016
6.92633461 6.37757998 1.82759980 7.67505721 1.04032683
6.92640169 6.37752098 1.82755257 7.67482361 1.04033325
6.92646750 6.37746311 1.82750624 7.67459464 1.04033941
6.92653206 6.37740635 1.82746082 7.67437021 1.04034533
6.92659539 6.37735068 1.82741627 7.67415025 1.04035102
6.92665752 6.37729608 1.82737258 7.67393465 1.04035649
6.92671848 6.37724252 1.82732973 7.67372333 1.04036175
6.92677827 6.37718999 1.82728771 7.67351620 1.04036680
6.92683693 6.37713847 1.82724651 7.67331319 1.04037165
6.92689448 6.37708794 1.82720610 7.67311421 1.04037631
6.92695094 6.37703837 1.82716647 7.67291918 1.04038079
6.92700633 6.37698975 1.82712760 7.67272802 1.04038510
6.92706066 6.37694206 1.82708949 7.67254065 1.04038924
6.92711397 6.37689529 1.82705210 7.67235701 1.04039321
6.92716626 6.37684941 1.82701544 7.67217701 1.04039703
6.92721757 6.37680442 1.82697949 7.67200058 1.04040070
6.92726790 6.37676028 1.82694423 7.67182765 1.04040423
6.92731727 6.37671698 1.82690965 7.67165816 1.04040762
6.92736571 6.37667452 1.82687574 7.67149203 1.04041088
6.92741323 6.37663287 1.82684247 7.67132920 1.04041401
6.92745985 6.37659201 1.82680985 7.67116960 1.04041702
6.92750559 6.37655194 1.82677786 7.67101317 1.04041991
6.92755046 6.37651263 1.82674648 7.67085984 1.04042268
6.92759448 6.37647408 1.82671571 7.67070956 1.04042535
6.92763766 6.37643626 1.82668553 7.67056226 1.04042792
6.92768003 6.37639917 1.82665593 7.67041788 1.04043038
6.92772159 6.37636278 1.82662690 7.67027637 1.04043275
6.92776237 6.37632709 1.82659843 7.67013767 1.04043503
6.92780237 6.37629208 1.82657050 7.67000172 1.04043721
6.92784162 6.37625774 1.82654311 7.66986847 1.04043932
6.92788012 6.37622406 1.82651625 7.66973786 1.04044134
6.92791789 6.37619102 1.82648991 7.66960984 1.04044328
6.92795495 6.37615861 1.82646407 7.66948437 1.04044514
6.92799131 6.37612683 1.82643872 7.66936138 1.04044693
6.92802697 6.37609564 1.82641387 7.66924084 1.04044866
6.92806197 6.37606506 1.82638949 7.66912269 1.04045031
6.92809629 6.37603505 1.82636557 7.66900688 1.04045190
6.92812997 6.37600562 1.82634212 7.66889337 1.04045343
6.92816301 6.37597676 1.82631912 7.66878211 1.04045490
6.92819543 6.37594844 1.82629655 7.66867307 1.04045631
6.92822723 6.37592066 1.82627442 7.66856618 1.04045767
6.92825843 6.37589341 1.82625272 7.66846142 1.04045897
6.92828904 6.37586669 1.82623143 7.66835873 1.04046022
6.92831907 6.37584047 1.82621055 7.66825809 1.04046142
6.92834853 6.37581475 1.82619006 7.66815944 1.04046258
6.92837743 6.37578952 1.82616997 7.66806274 1.04046369
6.92840579 6.37576478 1.82615027 7.66796797 1.04046476
6.92843361 6.37574050 1.82613094 7.66787508 1.04046579
6.92846090 6.37571669 1.82611198 7.66778403 1.04046677
6.92848767 6.37569333 1.82609339 7.66769479 1.04046772
6.92851394 6.37567042 1.82607515 7.66760731 1.04046863
6.92853972 6.37564794 1.82605726 7.66752158 1.04046951
6.92856500 6.37562589 1.82603971 7.66743754 1.04047035
6.92858981 6.37560426 1.82602250 7.66735518 1.04047116
6.92861414 6.37558305 1.82600561 7.66727444 1.04047193
6.92863802 6.37556223 1.82598905 7.66719531 1.04047268
6.92866144 6.37554182 1.82597280 7.66711775 1.04047340
6.92868443 6.37552179 1.82595687 7.66704173 1.04047409
6.92870697 6.37550214 1.82594124 7.66696722 1.04047475
6.92872909 6.37548287 1.82592590 7.66689418 1.04047539
6.92875080 6.37546396 1.82591086 7.66682260 1.04047600
6.92877209 6.37544542 1.82589611 7.66675243 1.04047659
6.92879298 6.37542722 1.82588164 7.66668366 1.04047715
6.92881347 6.37540937 1.82586744 7.66661626 1.04047769
6.92883357 6.37539187 1.82585352 7.66655019 1.04047822
6.92885330 6.37537469 1.82583986 7.66648543 1.04047872
6.92887265 6.37535784 1.82582646 7.66642195 1.04047920
6.92889164 6.37534131 1.82581331 7.66635974 1.04047966
6.92891027 6.37532510 1.82580042 7.66629876 1.04048011
6.92892854 6.37530919 1.82578777 7.66623899 1.04048053
6.92894647 6.37529359 1.82577536 7.66618041 1.04048095
6.92896406 6.37527828 1.82576319 7.66612299 1.04048134
6.92898132 6.37526326 1.82575125 7.66606671 1.04048172
6.92899825 6.37524853 1.82573954 7.66601154 1.04048208
6.92901487 6.37523408 1.82572805 7.66595747 1.04048244
6.92903116 6.37521990 1.82571677 7.66590448 1.04048277
6.92904715 6.37520599 1.82570572 7.66585253 1.04048310
6.92906284 6.37519235 1.82569487 7.66580162 1.04048341
6.92907823 6.37517896 1.82568423 7.66575172 1.04048371
6.92909333 6.37516583 1.82567379 7.66570280 1.04048399
6.92910815 6.37515295 1.82566355 7.66565486 1.04048427
6.92912268 6.37514031 1.82565350 7.66560787 1.04048453
6.92913694 6.37512791 1.82564365 7.66556181 1.04048479
6.92915093 6.37511575 1.82563398 7.66551667 1.04048503
6.92916466 6.37510382 1.82562449 7.66547242 1.04048527
6.92917813 6.37509211 1.82561518 7.66542905 1.04048550
6.92919134 6.37508063 1.82560606 7.66538655 1.04048571
6.92920430 6.37506936 1.82559710 7.66534488 1.04048592
6.92921702 6.37505831 1.82558831 7.66530404 1.04048612
6.92922950 6.37504746 1.82557969 7.66526401 1.04048632
6.92924174 6.37503683 1.82557124 7.66522478 1.04048650
6.92925375 6.37502639 1.82556294 7.66518633 1.04048668
6.92926554 6.37501615 1.82555480 7.66514864 1.04048685
6.92927710 6.37500610 1.82554681 7.66511169 1.04048702
6.92928844 6.37499625 1.82553898 7.66507548 1.04048718
6.92929957 6.37498658 1.82553129 7.66503999 1.04048733
6.92931049 6.37497710 1.82552375 7.66500521 1.04048747
6.92932120 6.37496779 1.82551635 7.66497111 1.04048761
6.92933171 6.37495866 1.82550909 7.66493769 1.04048775
6.92934202 6.37494970 1.82550197 7.66490494 1.04048788
6.92935214 6.37494092 1.82549499 7.66487283 1.04048800
6.92936206 6.37493229 1.82548813 7.66484136 1.04048812
6.92937180 6.37492384 1.82548141 7.66481052 1.04048824
6.92938136 6.37491554 1.82547481 7.66478029 1.04048835
6.92939073 6.37490740 1.82546833 7.66475066 1.04048846
6.92939993 6.37489941 1.82546198 7.66472162 1.04048856
6.92940895 6.37489157 1.82545575 7.66469315 1.04048866
6.92941781 6.37488388 1.82544963 7.66466525 1.04048875
6.92942649 6.37487634 1.82544363 7.66463790 1.04048884
6.92943501 6.37486894 1.82543775 7.66461110 1.04048893
6.92944338 6.37486168 1.82543197 7.66458483 1.04048901
6.92945158 6.37485456 1.82542631 7.66455908 1.04048909
6.92945963 6.37484757 1.82542075 7.66453384 1.04048917
6.92946752 6.37484071 1.82541529 7.66450910 1.04048924
6.92947527 6.37483398 1.82540994 7.66448486 1.04048932
6.92948287 6.37482738 1.82540469 7.66446109 1.04048938
6.92949033 6.37482090 1.82539953 7.66443780 1.04048945
6.92949765 6.37481455 1.82539448 7.66441497 1.04048951
6.92950483 6.37480832 1.82538952 7.66439259 1.04048957
6.92951187 6.37480220 1.82538465 7.66437066 1.04048963
6.92951878 6.37479620 1.82537987 7.66434916 1.04048969
6.92952556 6.37479031 1.82537519 7.66432809 1.04048974
6.92953221 6.37478453 1.82537059 7.66430744 1.04048980
6.92953874 6.37477886 1.82536607 7.66428720 1.04048985
6.92954515 6.37477330 1.82536165 7.66426736 1.04048989
6.92955143 6.37476785 1.82535730 7.66424792 1.04048994
6.92955759 6.37476249 1.82535304 7.66422886 1.04048998
6.92956364 6.37475724 1.82534886 7.66421018 1.04049003
6.92956958 6.37475209 1.82534475 7.66419187 1.04049007
6.92957540 6.37474703 1.82534072 7.66417392 1.04049011
6.92958111 6.37474207 1.82533677 7.66415633 1.04049015
6.92958672 6.37473720 1.82533289 7.66413909 1.04049018
6.92959221 6.37473242 1.82532909 7.66412219 1.04049022
6.92959761 6.37472774 1.82532535 7.66410563 1.04049025
6.92960290 6.37472314 1.82532169 7.66408940 1.04049028
6.92960810 6.37471863 1.82531809 7.66407349 1.04049031
6.92961319 6.37471420 1.82531456 7.66405790 1.04049034
6.92961819 6.37470986 1.82531110 7.66404261 1.04049037
6.92962310 6.37470559 1.82530770 7.66402763 1.04049040
6.92962791 6.37470141 1.82530437 7.66401295 1.04049043
6.92963263 6.37469731 1.82530110 7.66399856 1.04049045
6.92963727 6.37469328 1.82529789 7.66398445 1.04049048
6.92964181 6.37468933 1.82529474 7.66397062 1.04049050
6.92964627 6.37468546 1.82529164 7.66395707 1.04049052
6.92965065 6.37468165 1.82528861 7.66394379 1.04049054
6.92965494 6.37467792 1.82528563 7.66393078 1.04049056
6.92965916 6.37467426 1.82528271 7.66391802 1.04049058
6.92966329 6.37467067 1.82527984 7.66390551 1.04049060
6.92966735 6.37466714 1.82527703 7.66389326 1.04049062
6.92967132 6.37466368 1.82527426 7.66388124 1.04049064
6.92967523 6.37466029 1.82527155 7.66386947 1.04049066
6.92967906 6.37465696 1.82526889 7.66385793 1.04049067
6.92968282 6.37465369 1.82526628 7.66384662 1.04049069
6.92968651 6.37465048 1.82526372 7.66383553 1.04049070
6.92969012 6.37464733 1.82526121 7.66382467 1.04049072
6.92969367 6.37464425 1.82525874 7.66381402 1.04049073
6.92969716 6.37464122 1.82525632 7.66380358 1.04049075
6.92970057 6.37463824 1.82525394 7.66379335 1.04049076
6.92970393 6.37463533 1.82525161 7.66378332 1.04049077
6.92970722 6.37463246 1.82524932 7.66377349 1.04049078
6.92971045 6.37462965 1.82524708 7.66376386 1.04049080
6.92971361 6.37462690 1.82524487 7.66375442 1.04049081
6.92971672 6.37462419 1.82524271 7.66374517 1.04049082
6.92971977 6.37462154 1.82524058 7.66373610 1.04049083
