0.00558481 8.59183149 1.35967556 6.34925653 0.30603393
0.00579941 8.59262680 1.36621105 6.35024543 0.31048938
0.00601582 8.59342875 1.37280110 6.35124259 0.31501941
0.00623404 8.59423735 1.37944578 6.35224803 0.31962472
0.00645406 8.59505260 1.38614513 6.35326174 0.32430596
0.00667590 8.59587450 1.39289915 6.35428373 0.32906375
0.00689955 8.59670305 1.39970780 6.35531400 0.33389866
0.00712500 8.59753824 1.40657103 6.35635254 0.33881119
0.00735226 8.59838006 1.41348872 6.35739933 0.34380180
0.00758132 8.59922849 1.42046075 6.35845434 0.34887090
0.00781218 8.60008351 1.42748693 6.35951756 0.35401882
0.00804482 8.60094510 1.43456704 6.36058896 0.35924583
0.00827925 8.60181321 1.44170081 6.36166848 0.36455212
0.00851544 8.60268782 1.44888795 6.36275609 0.36993780
0.00875340 8.60356888 1.45612809 6.36385173 0.37540293
0.00899311 8.60445633 1.46342083 6.36495534 0.38094745
0.00923455 8.60535014 1.47076572 6.36606685 0.38657121
0.00947771 8.60625023 1.47816225 6.36718619 0.39227399
0.00972257 8.60715653 1.48560988 6.36831327 0.39805545
0.00996911 8.60806898 1.49310797 6.36944800 0.40391516
0.01021731 8.60898749 1.50065588 6.37059029 0.40985257
0.01046715 8.60991197 1.50825287 6.37174001 0.41586702
0.01071860 8.61084233 1.51589815 6.37289706 0.42195774
0.01097163 8.61177846 1.52359089 6.37406130 0.42812383
0.01122622 8.61272026 1.53133018 6.37523260 0.43436427
0.01148234 8.61366761 1.53911505 6.37641082 0.44067791
0.01173994 8.61462037 1.54694446 6.37759578 0.44706346
0.01199901 8.61557842 1.55481732 6.37878735 0.45351952
0.01225949 8.61654162 1.56273246 6.37998532 0.46004452
0.01252135 8.61750981 1.57068865 6.38118953 0.46663678
0.01278455 8.61848284 1.57868461 6.38239977 0.47329444
0.01304905 8.61946054 1.58671896 6.38361583 0.48001552
0.01331479 8.62044274 1.59479027 6.38483751 0.48679790
0.01358173 8.62142926 1.60289705 6.38606458 0.49363929
0.01384982 8.62241990 1.61103772 6.38729679 0.50053728
0.01411901 8.62341446 1.61921066 6.38853391 0.50748929
0.01438923 8.62441275 1.62741416 6.38977567 0.51449259
0.01466044 8.62541454 1.63564646 6.39102181 0.52154434
0.01493258 8.62641961 1.64390572 6.39227205 0.52864151
0.01520557 8.62742773 1.65219006 6.39352611 0.53578098
0.01547937 8.62843866 1.66049750 6.39478369 0.54295945
0.01575390 8.62945216 1.66882605 6.39604448 0.55017351
0.01602910 8.63046797 1.67717361 6.39730817 0.55741962
0.01630490 8.63148584 1.68553805 6.39857444 0.56469412
0.01658122 8.63250550 1.69391719 6.39984296 0.57199322
0.01685799 8.63352667 1.70230878 6.40111339 0.57931304
0.01713514 8.63454908 1.71071054 6.40238538 0.58664959
0.01741260 8.63557243 1.71912012 6.40365859 0.59399878
0.01769028 8.63659646 1.72753515 6.40493264 0.60135645
0.01796810 8.63762085 1.73595321 6.40620717 0.60871835
0.01824599 8.63864531 1.74437184 6.40748182 0.61608019
0.01852387 8.63966953 1.75278856 6.40875621 0.62343759
0.01880165 8.64069322 1.76120085 6.41002995 0.63078615
0.01907925 8.64171606 1.76960618 6.41130267 0.63812144
0.01935658 8.64273773 1.77800198 6.41257397 0.64543899
0.01963357 8.64375794 1.78638568 6.41384347 0.65273435
0.01991013 8.64477636 1.79475470 6.41511077 0.66000306
0.02018617 8.64579268 1.80310644 6.41637549 0.66724066
0.02046160 8.64680658 1.81143833 6.41763723 0.67444276
0.02073635 8.64781774 1.81974776 6.41889561 0.68160496
0.02101033 8.64882586 1.82803216 6.42015022 0.68872295
0.02128345 8.64983062 1.83628897 6.42140069 0.69579249
0.02155563 8.65083172 1.84451564 6.42264662 0.70280938
0.02182680 8.65182883 1.85270964 6.42388764 0.70976955
0.02209685 8.65282167 1.86086847 6.42512336 0.71666902
0.02236572 8.65380993 1.86898967 6.42635342 0.72350390
0.02263333 8.65479331 1.87707082 6.42757745 0.73027045
0.02289959 8.65577153 1.88510952 6.42879508 0.73696504
0.02316443 8.65674429 1.89310343 6.43000597 0.74358420
0.02342778 8.65771133 1.90105026 6.43120975 0.75012459
0.02368955 8.65867236 1.90894777 6.43240610 0.75658304
0.02394968 8.65962713 1.91679378 6.43359469 0.76295654
0.02420810 8.66057537 1.92458617 6.43477519 0.76924225
0.02446474 8.66151683 1.93232288 6.43594729 0.77543750
0.02471953 8.66245127 1.94000191 6.43711068 0.78153981
0.02497241 8.66337847 1.94762135 6.43826509 0.78754685
0.02522332 8.66429818 1.95517934 6.43941022 0.79345653
0.02547219 8.66521020 1.96267412 6.44054582 0.79926690
0.02571898 8.66611432 1.97010397 6.44167161 0.80497621
0.02596363 8.66701034 1.97746729 6.44278736 0.81058291
0.02620608 8.66789808 1.98476252 6.44389284 0.81608563
0.02644629 8.66877735 1.99198822 6.44498781 0.82148318
0.02668421 8.66964800 1.99914299 6.44607207 0.82677457
0.02691980 8.67050985 2.00622554 6.44714543 0.83195898
0.02715302 8.67136277 2.01323467 6.44820770 0.83703576
0.02738383 8.67220661 2.02016923 6.44925871 0.84200445
0.02761218 8.67304126 2.02702818 6.45029829 0.84686475
0.02783806 8.67386658 2.03381056 6.45132631 0.85161653
0.02806143 8.67468248 2.04051548 6.45234263 0.85625981
0.02828226 8.67548885 2.04714214 6.45334712 0.86079478
0.02850053 8.67628561 2.05368982 6.45433968 0.86522176
0.02871622 8.67707268 2.06015787 6.45532021 0.86954122
0.02892930 8.67785000 2.06654573 6.45628862 0.87375375
0.02913976 8.67861749 2.07285291 6.45724483 0.87786009
0.02934758 8.67937512 2.07907901 6.45818880 0.88186108
0.02955275 8.68012283 2.08522367 6.45912045 0.88575768
0.02975527 8.68086061 2.09128664 6.46003976 0.88955096
0.02995511 8.68158842 2.09726770 6.46094668 0.89324207
0.03015229 8.68230624 2.10316675 6.46184121 0.89683228
0.03034679 8.68301408 2.10898369 6.46272333 0.90032292
0.03053861 8.68371192 2.11471854 6.46359303 0.90371540
0.03072776 8.68439978 2.12037135 6.46445033 0.90701122
0.03091423 8.68507767 2.12594224 6.46529524 0.91021191
0.03109803 8.68574562 2.13143138 6.46612779 0.91331908
0.03127917 8.68640364 2.13683899 6.46694802 0.91633439
0.03145766 8.68705177 2.14216536 6.46775595 0.91925953
0.03163349 8.68769006 2.14741081 6.46855165 0.92209624
0.03180670 8.68831855 2.15257571 6.46933517 0.92484629
0.03197728 8.68893728 2.15766049 6.47010656 0.92751148
0.03214525 8.68954632 2.16266560 6.47086591 0.93009362
0.03231063 8.69014573 2.16759154 6.47161328 0.93259454
0.03247343 8.69073557 2.17243886 6.47234876 0.93501610
0.03263367 8.69131591 2.17720812 6.47307242 0.93736014
0.03279137 8.69188682 2.18189993 6.47378437 0.93962852
0.03294655 8.69244839 2.18651493 6.47448470 0.94182310
0.03309924 8.69300069 2.19105378 6.47517351 0.94394573
0.03324944 8.69354380 2.19551717 6.47585089 0.94599825
0.03339719 8.69407783 2.19990583 6.47651697 0.94798250
0.03354250 8.69460284 2.20422049 6.47717185 0.94990029
0.03368541 8.69511895 2.20846191 6.47781565 0.95175344
0.03382593 8.69562624 2.21263088 6.47844848 0.95354372
0.03396409 8.69612480 2.21672818 6.47907046 0.95527290
0.03409992 8.69661475 2.22075464 6.47968172 0.95694272
0.03423345 8.69709617 2.22471108 6.48028238 0.95855489
0.03436469 8.69756918 2.22859834 6.48087257 0.96011112
0.03449369 8.69803387 2.23241727 6.48145242 0.96161305
0.03462045 8.69849035 2.23616873 6.48202205 0.96306232
0.03474502 8.69893873 2.23985359 6.48258159 0.96446053
0.03486742 8.69937911 2.24347273 6.48313119 0.96580926
0.03498768 8.69981160 2.24702702 6.48367096 0.96711005
0.03510582 8.70023630 2.25051736 6.48420105 0.96836440
0.03522188 8.70065333 2.25394462 6.48472160 0.96957378
0.03533589 8.70106280 2.25730972 6.48523272 0.97073965
0.03544786 8.70146481 2.26061353 6.48573456 0.97186341
0.03555784 8.70185946 2.26385695 6.48622726 0.97294643
0.03566585 8.70224688 2.26704087 6.48671095 0.97399005
0.03577191 8.70262717 2.27016619 6.48718575 0.97499558
0.03587607 8.70300043 2.27323380 6.48765182 0.97596429
0.03597833 8.70336678 2.27624458 6.48810928 0.97689742
0.03607875 8.70372632 2.27919941 6.48855826 0.97779617
0.03617734 8.70407916 2.28209919 6.48899890 0.97866172
0.03627412 8.70442541 2.28494478 6.48943133 0.97949520
0.03636914 8.70476517 2.28773704 6.48985568 0.98029772
0.03646241 8.70509854 2.29047686 6.49027208 0.98107036
0.03655397 8.70542564 2.29316507 6.49068066 0.98181416
0.03664384 8.70574656 2.29580255 6.49108156 0.98253013
0.03673205 8.70606141 2.29839012 6.49147489 0.98321925
0.03681863 8.70637029 2.30092862 6.49186078 0.98388248
0.03690360 8.70667329 2.30341889 6.49223936 0.98452072
0.03698699 8.70697053 2.30586174 6.49261076 0.98513489
0.03706883 8.70726210 2.30825799 6.49297509 0.98572583
0.03714914 8.70754809 2.31060843 6.49333247 0.98629439
0.03722795 8.70782861 2.31291387 6.49368304 0.98684138
0.03730529 8.70810375 2.31517509 6.49402690 0.98736759
0.03738117 8.70837360 2.31739286 6.49436417 0.98787375
0.03745563 8.70863825 2.31956796 6.49469497 0.98836062
0.03752868 8.70889781 2.32170114 6.49501941 0.98882890
0.03760036 8.70915235 2.32379314 6.49533761 0.98927927
0.03767069 8.70940198 2.32584470 6.49564968 0.98971240
0.03773969 8.70964677 2.32785656 6.49595573 0.99012892
0.03780738 8.70988682 2.32982942 6.49625586 0.99052944
0.03787379 8.71012221 2.33176400 6.49655018 0.99091457
0.03793894 8.71035302 2.33366100 6.49683881 0.99128488
0.03800286 8.71057935 2.33552109 6.49712183 0.99164091
0.03806556 8.71080127 2.33734497 6.49739937 0.99198322
0.03812706 8.71101886 2.33913329 6.49767150 0.99231230
0.03818740 8.71123221 2.34088672 6.49793835 0.99262867
0.03824658 8.71144138 2.34260590 6.49819999 0.99293280
0.03830464 8.71164647 2.34429147 6.49845654 0.99322515
0.03836158 8.71184755 2.34594405 6.49870808 0.99350617
0.03841744 8.71204468 2.34756426 6.49895471 0.99377629
0.03847223 8.71223795 2.34915271 6.49919652 0.99403591
0.03852597 8.71242743 2.35071000 6.49943360 0.99428546
0.03857868 8.71261319 2.35223672 6.49966604 0.99452529
0.03863038 8.71279530 2.35373344 6.49989392 0.99475580
0.03868108 8.71297383 2.35520073 6.50011734 0.99497733
0.03873082 8.71314884 2.35663915 6.50033638 0.99519023
0.03877960 8.71332041 2.35804925 6.50055111 0.99539482
0.03882743 8.71348860 2.35943156 6.50076163 0.99559143
0.03887435 8.71365347 2.36078663 6.50096801 0.99578037
0.03892037 8.71381509 2.36211497 6.50117033 0.99596193
0.03896550 8.71397352 2.36341710 6.50136867 0.99613639
0.03900976 8.71412883 2.36469351 6.50156311 0.99630403
0.03905317 8.71428106 2.36594471 6.50175372 0.99646511
0.03909573 8.71443028 2.36717117 6.50194057 0.99661988
0.03913748 8.71457656 2.36837338 6.50212373 0.99676860
0.03917842 8.71471993 2.36955180 6.50230329 0.99691149
0.03921857 8.71486047 2.37070690 6.50247930 0.99704877
0.03925795 8.71499823 2.37183912 6.50265183 0.99718068
0.03929656 8.71513326 2.37294892 6.50282096 0.99730740
0.03933443 8.71526561 2.37403672 6.50298675 0.99742916
0.03937156 8.71539534 2.37510295 6.50314926 0.99754614
0.03940798 8.71552249 2.37614804 6.50330855 0.99765852
0.03944369 8.71564712 2.37717240 6.50346470 0.99776649
0.03947871 8.71576928 2.37817642 6.50361776 0.99787021
0.03951305 8.71588901 2.37916051 6.50376778 0.99796986
0.03954673 8.71600637 2.38012507 6.50391484 0.99806559
0.03957975 8.71612139 2.38107046 6.50405898 0.99815755
0.03961213 8.71623413 2.38199706 6.50420027 0.99824590
0.03964389 8.71634462 2.38290525 6.50433876 0.99833076
0.03967502 8.71645292 2.38379539 6.50447451 0.99841229
0.03970556 8.71655907 2.38466782 6.50460756 0.99849061
0.03973550 8.71666310 2.38552290 6.50473798 0.99856584
0.03976486 8.71676507 2.38636097 6.50486581 0.99863811
0.03979365 8.71686500 2.38718236 6.50499110 0.99870753
0.03982188 8.71696295 2.38798741 6.50511391 0.99877422
0.03984957 8.71705895 2.38877643 6.50523428 0.99883828
0.03987671 8.71715303 2.38954973 6.50535226 0.99889981
0.03990333 8.71724524 2.39030764 6.50546790 0.99895892
0.03992943 8.71733561 2.39105045 6.50558124 0.99901569
0.03995502 8.71742419 2.39177846 6.50569233 0.99907023
0.03998012 8.71751100 2.39249197 6.50580121 0.99912261
0.04000472 8.71759607 2.39319125 6.50590793 0.99917293
0.04002885 8.71767946 2.39387660 6.50601253 0.99922126
0.04005251 8.71776118 2.39454828 6.50611506 0.99926768
0.04007571 8.71784127 2.39520658 6.50621554 0.99931227
0.04009846 8.71791976 2.39585175 6.50631403 0.99935511
0.04012077 8.71799669 2.39648405 6.50641055 0.99939624
0.04014264 8.71807208 2.39710374 6.50650516 0.99943576
0.04016408 8.71814597 2.39771106 6.50659789 0.99947371
0.04018511 8.71821838 2.39830627 6.50668877 0.99951017
0.04020573 8.71828935 2.39888961 6.50677785 0.99954518
0.04022595 8.71835891 2.39946130 6.50686515 0.99957881
0.04024577 8.71842707 2.40002159 6.50695072 0.99961112
0.04026521 8.71849388 2.40057069 6.50703459 0.99964214
0.04028427 8.71855935 2.40110883 6.50711678 0.99967194
0.04030296 8.71862351 2.40163623 6.50719734 0.99970057
0.04032128 8.71868640 2.40215311 6.50727630 0.99972806
0.04033925 8.71874802 2.40265966 6.50735368 0.99975446
0.04035686 8.71880842 2.40315609 6.50742953 0.99977982
0.04037414 8.71886761 2.40364262 6.50750386 0.99980418
0.04039108 8.71892562 2.40411942 6.50757672 0.99982757
0.04040768 8.71898247 2.40458671 6.50764812 0.99985004
0.04042397 8.71903818 2.40504466 6.50771810 0.99987162
0.04043993 8.71909278 2.40549346 6.50778669 0.99989235
0.04045559 8.71914629 2.40593330 6.50785392 0.99991226
0.04047094 8.71919874 2.40636435 6.50791980 0.99993138
0.04048599 8.71925013 2.40678679 6.50798437 0.99994974
0.04050075 8.71930050 2.40720079 6.50804766 0.99996738
0.04051522 8.71934986 2.40760652 6.50810969 0.99998432
0.04052940 8.71939823 2.40800414 6.50817048 1.00000059
0.04054332 8.71944564 2.40839382 6.50823006 1.00001622
0.04055696 8.71949210 2.40877571 6.50828845 1.00003122
0.04057033 8.71953763 2.40914996 6.50834568 1.00004564
0.04058344 8.71958225 2.40951674 6.50840177 1.00005948
0.04059630 8.71962598 2.40987619 6.50845674 1.00007278
0.04060891 8.71966883 2.41022845 6.50851062 1.00008555
0.04062127 8.71971083 2.41057367 6.50856342 1.00009781
0.04063339 8.71975199 2.41091199 6.50861517 1.00010959
0.04064527 8.71979233 2.41124355 6.50866589 1.00012090
0.04065692 8.71983186 2.41156848 6.50871560 1.00013177
0.04066835 8.71987060 2.41188692 6.50876432 1.00014220
0.04067955 8.71990856 2.41219899 6.50881206 1.00015223
0.04069053 8.71994577 2.41250482 6.50885886 1.00016185
0.04070130 8.71998223 2.41280453 6.50890472 1.00017110
0.04071186 8.72001796 2.41309826 6.50894967 1.00017998
0.04072221 8.72005298 2.41338611 6.50899373 1.00018850
0.04073236 8.72008730 2.41366820 6.50903690 1.00019669
0.04074232 8.72012093 2.41394466 6.50907922 1.00020456
0.04075207 8.72015389 2.41421559 6.50912069 1.00021211
0.04076164 8.72018619 2.41448110 6.50916133 1.00021937
0.04077102 8.72021784 2.41474130 6.50920117 1.00022633
0.04078022 8.72024887 2.41499630 6.50924021 1.00023303
0.04078924 8.72027927 2.41524620 6.50927847 1.00023945
0.04079809 8.72030906 2.41549110 6.50931597 1.00024563
0.04080676 8.72033826 2.41573110 6.50935272 1.00025155
0.04081526 8.72036687 2.41596631 6.50938874 1.00025725
0.04082359 8.72039491 2.41619681 6.50942404 1.00026272
0.04083177 8.72042239 2.41642270 6.50945864 1.00026797
0.04083978 8.72044932 2.41664407 6.50949255 1.00027301
0.04084764 8.72047571 2.41686102 6.50952578 1.00027785
0.04085534 8.72050158 2.41707363 6.50955835 1.00028251
0.04086289 8.72052692 2.41728198 6.50959027 1.00028697
0.04087030 8.72055176 2.41748617 6.50962155 1.00029127
0.04087756 8.72057611 2.41768628 6.50965221 1.00029539
0.04088468 8.72059996 2.41788238 6.50968226 1.00029934
0.04089166 8.72062334 2.41807456 6.50971171 1.00030315
0.04089851 8.72064625 2.41826290 6.50974057 1.00030680
0.04090522 8.72066870 2.41844747 6.50976886 1.00031030
0.04091180 8.72069071 2.41862834 6.50979658 1.00031367
0.04091825 8.72071227 2.41880561 6.50982375 1.00031690
0.04092457 8.72073340 2.41897932 6.50985038 1.00032001
0.04093078 8.72075411 2.41914956 6.50987648 1.00032299
0.04093686 8.72077441 2.41931639 6.50990206 1.00032586
0.04094282 8.72079430 2.41947989 6.50992713 1.00032861
0.04094867 8.72081379 2.41964012 6.50995169 1.00033125
0.04095440 8.72083289 2.41979714 6.50997577 1.00033379
0.04096002 8.72085161 2.41995102 6.50999937 1.00033623
0.04096553 8.72086996 2.42010183 6.51002250 1.00033857
0.04097093 8.72088793 2.42024961 6.51004516 1.00034081
0.04097623 8.72090555 2.42039444 6.51006738 1.00034297
0.04098142 8.72092282 2.42053638 6.51008915 1.00034505
0.04098652 8.72093974 2.42067547 6.51011048 1.00034704
0.04099151 8.72095632 2.42081178 6.51013139 1.00034895
0.04099641 8.72097257 2.42094537 6.51015189 1.00035079
0.04100121 8.72098849 2.42107628 6.51017197 1.00035255
0.04100591 8.72100410 2.42120457 6.51019166 1.00035425
0.04101053 8.72101940 2.42133030 6.51021095 1.00035587
0.04101505 8.72103438 2.42145352 6.51022986 1.00035744
0.04101949 8.72104907 2.42157426 6.51024839 1.00035894
0.04102384 8.72106347 2.42169260 6.51026655 1.00036038
0.04102810 8.72107757 2.42180856 6.51028435 1.00036176
0.04103228 8.72109140 2.42192221 6.51030180 1.00036309
0.04103638 8.72110494 2.42203358 6.51031889 1.00036437
0.04104040 8.72111822 2.42214272 6.51033565 1.00036559
0.04104434 8.72113123 2.42224968 6.51035207 1.00036677
0.04104821 8.72114398 2.42235450 6.51036816 1.00036790
0.04105200 8.72115648 2.42245723 6.51038394 1.00036899
0.04105571 8.72116872 2.42255790 6.51039940 1.00037003
0.04105935 8.72118073 2.42265655 6.51041455 1.00037103
0.04106292 8.72119249 2.42275323 6.51042939 1.00037200
0.04106643 8.72120401 2.42284798 6.51044395 1.00037292
0.04106986 8.72121531 2.42294083 6.51045821 1.00037381
0.04107323 8.72122637 2.42303182 6.51047219 1.00037466
0.04107653 8.72123722 2.42312100 6.51048588 1.00037548
0.04107976 8.72124785 2.42320839 6.51049931 1.00037626
0.04108293 8.72125827 2.42329403 6.51051247 1.00037702
0.04108605 8.72126848 2.42337796 6.51052536 1.00037774
0.04108910 8.72127848 2.42346021 6.51053800 1.00037844
0.04109209 8.72128829 2.42354081 6.51055039 1.00037911
0.04109502 8.72129790 2.42361980 6.51056253 1.00037975
0.04109789 8.72130731 2.42369721 6.51057442 1.00038037
0.04110071 8.72131654 2.42377308 6.51058608 1.00038096
0.04110348 8.72132558 2.42384742 6.51059751 1.00038153
0.04110619 8.72133445 2.42392028 6.51060871 1.00038208
0.04110884 8.72134313 2.42399168 6.51061969 1.00038260
0.04111145 8.72135164 2.42406165 6.51063044 1.00038311
0.04111400 8.72135998 2.42413022 6.51064099 1.00038359
0.04111651 8.72136816 2.42419742 6.51065132 1.00038405
0.04111896 8.72137617 2.42426328 6.51066145 1.00038450
0.04112137 8.72138402 2.42432781 6.51067137 1.00038493
0.04112373 8.72139171 2.42439106 6.51068110 1.00038534
0.04112604 8.72139925 2.42445304 6.51069063 1.00038574
0.04112831 8.72140664 2.42451378 6.51069997 1.00038612
0.04113054 8.72141388 2.42457331 6.51070913 1.00038648
0.04113272 8.72142098 2.42463164 6.51071810 1.00038683
0.04113486 8.72142793 2.42468881 6.51072690 1.00038717
0.04113695 8.72143474 2.42474484 6.51073552 1.00038749
0.04113901 8.72144142 2.42479974 6.51074396 1.00038780
0.04114103 8.72144797 2.42485355 6.51075224 1.00038810
0.04114300 8.72145438 2.42490627 6.51076036 1.00038839
0.04114494 8.72146067 2.42495795 6.51076831 1.00038866
0.04114684 8.72146683 2.42500859 6.51077610 1.00038892
0.04114870 8.72147286 2.42505821 6.51078374 1.00038918
0.04115053 8.72147878 2.42510685 6.51079123 1.00038942
0.04115232 8.72148457 2.42515451 6.51079856 1.00038966
0.04115408 8.72149026 2.42520122 6.51080575 1.00038988
0.04115580 8.72149582 2.42524699 6.51081280 1.00039010
0.04115749 8.72150128 2.42529185 6.51081971 1.00039030
0.04115914 8.72150663 2.42533581 6.51082647 1.00039050
0.04116076 8.72151187 2.42537889 6.51083311 1.00039069
0.04116235 8.72151700 2.42542111 6.51083961 1.00039088
0.04116391 8.72152203 2.42546248 6.51084598 1.00039105
0.04116544 8.72152697 2.42550303 6.51085222 1.00039122
0.04116694 8.72153180 2.42554276 6.51085834 1.00039138
0.04116841 8.72153654 2.42558170 6.51086434 1.00039154
0.04116986 8.72154118 2.42561986 6.51087022 1.00039169
0.04117127 8.72154573 2.42565726 6.51087598 1.00039183
0.04117265 8.72155018 2.42569391 6.51088163 1.00039197
0.04117401 8.72155455 2.42572983 6.51088716 1.00039211
0.04117535 8.72155883 2.42576502 6.51089258 1.00039223
0.04117665 8.72156303 2.42579952 6.51089790 1.00039236
0.04117793 8.72156714 2.42583332 6.51090311 1.00039247
0.04117919 8.72157117 2.42586645 6.51090821 1.00039259
0.04118042 8.72157512 2.42589891 6.51091322 1.00039270
0.04118163 8.72157899 2.42593073 6.51091812 1.00039280
0.04118281 8.72158278 2.42596191 6.51092293 1.00039290
0.04118397 8.72158650 2.42599246 6.51092764 1.00039300
0.04118511 8.72159014 2.42602240 6.51093225 1.00039309
0.04118622 8.72159371 2.42605175 6.51093678 1.00039318
0.04118732 8.72159721 2.42608050 6.51094121 1.00039326
0.04118839 8.72160063 2.42610869 6.51094556 1.00039334
0.04118944 8.72160399 2.42613630 6.51094982 1.00039342
0.04119047 8.72160728 2.42616337 6.51095399 1.00039350
0.04119148 8.72161051 2.42618989 6.51095808 1.00039357
0.04119247 8.72161367 2.42621589 6.51096209 1.00039364
0.04119344 8.72161677 2.42624136 6.51096602 1.00039371
0.04119440 8.72161981 2.42626632 6.51096987 1.00039377
0.04119533 8.72162278 2.42629079 6.51097364 1.00039383
0.04119625 8.72162570 2.42631476 6.51097734 1.00039389
0.04119715 8.72162856 2.42633826 6.51098097 1.00039395
0.04119803 8.72163136 2.42636128 6.51098452 1.00039400
0.04119889 8.72163410 2.42638385 6.51098800 1.00039405
0.04119973 8.72163679 2.42640596 6.51099141 1.00039411
0.04120056 8.72163943 2.42642763 6.51099476 1.00039415
0.04120138 8.72164201 2.42644887 6.51099803 1.00039420
0.04120218 8.72164454 2.42646968 6.51100125 1.00039424
0.04120296 8.72164702 2.42649008 6.51100439 1.00039429
0.04120372 8.72164945 2.42651006 6.51100748 1.00039433
0.04120448 8.72165183 2.42652965 6.51101050 1.00039437
0.04120521 8.72165417 2.42654885 6.51101347 1.00039441
0.04120594 8.72165646 2.42656766 6.51101637 1.00039444
0.04120664 8.72165870 2.42658609 6.51101922 1.00039448
0.04120734 8.72166090 2.42660416 6.51102201 1.00039451
0.04120802 8.72166305 2.42662187 6.51102474 1.00039454
0.04120869 8.72166516 2.42663922 6.51102742 1.00039457
0.04120934 8.72166723 2.42665622 6.51103005 1.00039460
0.04120999 8.72166925 2.42667288 6.51103262 1.00039463
0.04121061 8.72167124 2.42668921 6.51103514 1.00039466
0.04121123 8.72167319 2.42670522 6.51103762 1.00039469
0.04121184 8.72167509 2.42672090 6.51104004 1.00039471
0.04121243 8.72167696 2.42673627 6.51104241 1.00039474
0.04121301 8.72167880 2.42675133 6.51104474 1.00039476
0.04121358 8.72168059 2.42676609 6.51104702 1.00039478
0.04121414 8.72168235 2.42678056 6.51104926 1.00039480
0.04121469 8.72168407 2.42679474 6.51105145 1.00039482
0.04121523 8.72168576 2.42680863 6.51105359 1.00039484
0.04121575 8.72168742 2.42682224 6.51105570 1.00039486
0.04121627 8.72168904 2.42683558 6.51105776 1.00039488
0.04121678 8.72169063 2.42684866 6.51105978 1.00039490
0.04121727 8.72169219 2.42686147 6.51106176 1.00039492
0.04121776 8.72169372 2.42687403 6.51106370 1.00039493
0.04121824 8.72169521 2.42688634 6.51106561 1.00039495
0.04121871 8.72169668 2.42689840 6.51106747 1.00039496
0.04121917 8.72169812 2.42691022 6.51106930 1.00039498
0.04121962 8.72169953 2.42692180 6.51107109 1.00039499
0.04122006 8.72170091 2.42693315 6.51107285 1.00039500
0.04122049 8.72170226 2.42694427 6.51107457 1.00039502
0.04122091 8.72170359 2.42695517 6.51107625 1.00039503
0.04122133 8.72170489 2.42696585 6.51107790 1.00039504
0.04122174 8.72170616 2.42697632 6.51107952 1.00039505
0.04122214 8.72170741 2.42698658 6.51108111 1.00039506
0.04122253 8.72170863 2.42699664 6.51108267 1.00039507
