1.98565414 7.58053610 2.38203166 7.78457056 0.01173085
1.98577248 7.58063398 2.38230575 7.78427810 0.01174929
1.98589097 7.58073195 2.38258024 7.78398511 0.01176779
1.98600959 7.58083003 2.38285515 7.78369158 0.01178635
1.98612837 7.58092820 2.38313048 7.78339752 0.01180496
1.98624728 7.58102647 2.38340622 7.78310291 0.01182364
1.98636635 7.58112483 2.38368238 7.78280777 0.01184238
1.98648555 7.58122330 2.38395896 7.78251209 0.01186118
1.98660491 7.58132187 2.38423596 7.78221586 0.01188004
1.98672441 7.58142053 2.38451338 7.78191909 0.01189896
1.98684405 7.58151930 2.38479122 7.78162177 0.01191794
1.98696385 7.58161817 2.38506949 7.78132391 0.01193698
1.98708379 7.58171713 2.38534819 7.78102549 0.01195609
1.98720388 7.58181620 2.38562731 7.78072653 0.01197526
1.98732412 7.58191537 2.38590686 7.78042701 0.01199449
1.98744451 7.58201463 2.38618684 7.78012693 0.01201378
1.98756505 7.58211401 2.38646724 7.77982630 0.01203314
1.98768573 7.58221348 2.38674809 7.77952511 0.01205256
1.98780657 7.58231305 2.38702936 7.77922336 0.01207204
1.98792756 7.58241273 2.38731107 7.77892105 0.01209159
1.98804870 7.58251251 2.38759321 7.77861817 0.01211121
1.98816999 7.58261239 2.38787579 7.77831473 0.01213088
1.98829143 7.58271238 2.38815881 7.77801072 0.01215063
1.98841303 7.58281247 2.38844227 7.77770615 0.01217044
1.98853478 7.58291266 2.38872617 7.77740100 0.01219031
1.98865668 7.58301296 2.38901052 7.77709528 0.01221025
1.98877873 7.58311337 2.38929531 7.77678898 0.01223026
1.98890094 7.58321388 2.38958054 7.77648211 0.01225033
1.98902331 7.58331449 2.38986622 7.77617466 0.01227047
1.98914583 7.58341521 2.39015234 7.77586663 0.01229068
1.98926851 7.58351604 2.39043892 7.77555802 0.01231095
1.98939134 7.58361697 2.39072595 7.77524883 0.01233130
1.98951433 7.58371801 2.39101343 7.77493905 0.01235171
1.98963747 7.58381915 2.39130136 7.77462868 0.01237219
1.98976078 7.58392041 2.39158975 7.77431772 0.01239274
1.98988424 7.58402177 2.39187859 7.77400618 0.01241335
1.99000786 7.58412324 2.39216789 7.77369404 0.01243404
1.99013164 7.58422482 2.39245765 7.77338130 0.01245480
1.99025558 7.58432650 2.39274787 7.77306797 0.01247563
1.99037968 7.58442830 2.39303856 7.77275404 0.01249653
1.99050393 7.58453020 2.39332970 7.77243950 0.01251750
1.99062836 7.58463222 2.39362131 7.77212437 0.01253854
1.99075294 7.58473434 2.39391339 7.77180863 0.01255965
1.99087768 7.58483658 2.39420593 7.77149229 0.01258084
1.99100259 7.58493893 2.39449895 7.77117533 0.01260209
1.99112765 7.58504138 2.39479243 7.77085777 0.01262342
1.99125289 7.58514395 2.39508639 7.77053959 0.01264483
1.99137828 7.58524664 2.39538082 7.77022080 0.01266630
1.99150384 7.58534943 2.39567573 7.76990139 0.01268786
1.99162957 7.58545233 2.39597111 7.76958136 0.01270948
1.99175546 7.58555535 2.39626697 7.76926072 0.01273118
1.99188152 7.58565849 2.39656331 7.76893945 0.01275295
1.99200774 7.58576173 2.39686013 7.76861755 0.01277480
1.99213413 7.58586509 2.39715743 7.76829503 0.01279673
1.99226069 7.58596857 2.39745522 7.76797188 0.01281873
1.99238741 7.58607216 2.39775350 7.76764810 0.01284081
1.99251431 7.58617586 2.39805226 7.76732369 0.01286297
1.99264137 7.58627968 2.39835151 7.76699864 0.01288520
1.99276860 7.58638362 2.39865125 7.76667296 0.01290751
1.99289600 7.58648767 2.39895148 7.76634663 0.01292990
1.99302358 7.58659184 2.39925220 7.76601967 0.01295236
1.99315132 7.58669613 2.39955342 7.76569206 0.01297491
1.99327924 7.58680053 2.39985514 7.76536380 0.01299753
1.99340733 7.58690506 2.40015736 7.76503490 0.01302024
1.99353559 7.58700970 2.40046007 7.76470535 0.01304302
1.99366402 7.58711445 2.40076329 7.76437514 0.01306589
1.99379263 7.58721933 2.40106701 7.76404428 0.01308883
1.99392141 7.58732433 2.40137124 7.76371277 0.01311186
1.99405037 7.58742945 2.40167597 7.76338060 0.01313497
1.99417950 7.58753468 2.40198121 7.76304776 0.01315816
1.99430881 7.58764004 2.40228695 7.76271426 0.01318143
1.99443830 7.58774552 2.40259321 7.76238010 0.01320479
1.99456796 7.58785112 2.40289999 7.76204527 0.01322823
1.99469780 7.58795684 2.40320728 7.76170977 0.01325175
1.99482782 7.58806269 2.40351508 7.76137360 0.01327536
1.99495802 7.58816866 2.40382340 7.76103675 0.01329905
1.99508839 7.58827475 2.40413224 7.76069923 0.01332283
1.99521895 7.58838096 2.40444161 7.76036103 0.01334669
1.99534969 7.58848730 2.40475149 7.76002214 0.01337064
1.99548061 7.58859376 2.40506191 7.75968258 0.01339467
1.99561171 7.58870035 2.40537284 7.75934232 0.01341879
1.99574299 7.58880706 2.40568431 7.75900138 0.01344300
1.99587445 7.58891390 2.40599631 7.75865975 0.01346730
1.99600610 7.58902086 2.40630884 7.75831743 0.01349169
1.99613794 7.58912795 2.40662190 7.75797441 0.01351616
1.99626995 7.58923517 2.40693550 7.75763069 0.01354072
1.99640216 7.58934251 2.40724963 7.75728627 0.01356538
1.99653455 7.58944998 2.40756430 7.75694115 0.01359012
1.99666712 7.58955758 2.40787952 7.75659533 0.01361495
1.99679988 7.58966531 2.40819528 7.75624879 0.01363988
1.99693284 7.58977317 2.40851158 7.75590155 0.01366489
1.99706597 7.58988115 2.40882842 7.75555359 0.01369000
1.99719930 7.58998927 2.40914582 7.75520492 0.01371520
1.99733282 7.59009752 2.40946377 7.75485554 0.01374050
1.99746653 7.59020589 2.40978226 7.75450543 0.01376588
1.99760043 7.59031440 2.41010131 7.75415460 0.01379137
1.99773452 7.59042304 2.41042092 7.75380305 0.01381694
1.99786880 7.59053182 2.41074108 7.75345076 0.01384261
1.99800327 7.59064072 2.41106181 7.75309775 0.01386838
1.99813794 7.59074976 2.41138309 7.75274401 0.01389424
1.99827280 7.59085893 2.41170494 7.75238953 0.01392020
1.99840786 7.59096824 2.41202735 7.75203431 0.01394626
1.99854311 7.59107768 2.41235033 7.75167835 0.01397241
1.99867856 7.59118725 2.41267388 7.75132165 0.01399866
1.99881420 7.59129697 2.41299799 7.75096421 0.01402501
1.99895005 7.59140681 2.41332268 7.75060601 0.01405146
1.99908609 7.59151680 2.41364795 7.75024707 0.01407801
1.99922232 7.59162692 2.41397379 7.74988737 0.01410466
1.99935876 7.59173717 2.41430021 7.74952691 0.01413141
1.99949540 7.59184757 2.41462722 7.74916570 0.01415826
1.99963224 7.59195810 2.41495480 7.74880372 0.01418522
1.99976928 7.59206877 2.41528297 7.74844098 0.01421227
1.99990652 7.59217958 2.41561172 7.74807748 0.01423943
2.00004396 7.59229054 2.41594107 7.74771320 0.01426669
2.00018161 7.59240163 2.41627100 7.74734815 0.01429406
2.00031946 7.59251286 2.41660153 7.74698233 0.01432153
2.00045752 7.59262423 2.41693266 7.74661572 0.01434911
2.00059578 7.59273575 2.41726438 7.74624834 0.01437679
2.00073425 7.59284740 2.41759669 7.74588017 0.01440458
2.00087292 7.59295920 2.41792961 7.74551122 0.01443248
2.00101181 7.59307115 2.41826314 7.74514148 0.01446048
2.00115090 7.59318324 2.41859727 7.74477094 0.01448859
2.00129020 7.59329547 2.41893200 7.74439961 0.01451681
2.00142971 7.59340784 2.41926735 7.74402748 0.01454514
2.00156943 7.59352037 2.41960331 7.74365455 0.01457358
2.00170936 7.59363303 2.41993988 7.74328081 0.01460213
2.00184950 7.59374585 2.42027707 7.74290627 0.01463080
2.00198986 7.59385881 2.42061487 7.74253092 0.01465957
2.00213043 7.59397192 2.42095330 7.74215476 0.01468846
2.00227121 7.59408517 2.42129235 7.74177778 0.01471746
2.00241221 7.59419858 2.42163202 7.74139998 0.01474657
2.00255342 7.59431213 2.42197232 7.74102136 0.01477580
2.00269485 7.59442584 2.42231325 7.74064191 0.01480514
2.00283650 7.59453969 2.42265482 7.74026164 0.01483460
2.00297837 7.59465370 2.42299701 7.73988053 0.01486418
2.00312045 7.59476785 2.42333984 7.73949859 0.01489387
2.00326276 7.59488216 2.42368332 7.73911582 0.01492368
2.00340528 7.59499662 2.42402743 7.73873220 0.01495361
2.00354803 7.59511123 2.42437218 7.73834774 0.01498366
2.00369099 7.59522600 2.42471758 7.73796243 0.01501382
2.00383418 7.59534092 2.42506363 7.73757628 0.01504411
2.00397760 7.59545600 2.42541033 7.73718927 0.01507452
2.00412123 7.59557123 2.42575768 7.73680140 0.01510505
2.00426510 7.59568661 2.42610569 7.73641268 0.01513570
2.00440918 7.59580216 2.42645435 7.73602309 0.01516648
2.00455350 7.59591786 2.42680367 7.73563264 0.01519738
2.00469804 7.59603372 2.42715366 7.73524131 0.01522841
2.00484281 7.59614973 2.42750431 7.73484912 0.01525956
2.00498781 7.59626591 2.42785562 7.73445605 0.01529083
2.00513304 7.59638224 2.42820761 7.73406210 0.01532224
2.00527850 7.59649873 2.42856027 7.73366726 0.01535377
2.00542419 7.59661539 2.42891360 7.73327155 0.01538543
2.00557012 7.59673221 2.42926761 7.73287494 0.01541722
2.00571628 7.59684918 2.42962230 7.73247744 0.01544913
2.00586267 7.59696632 2.42997767 7.73207904 0.01548118
2.00600930 7.59708363 2.43033372 7.73167975 0.01551336
2.00615616 7.59720109 2.43069046 7.73127955 0.01554567
2.00630326 7.59731872 2.43104789 7.73087844 0.01557812
2.00645060 7.59743652 2.43140601 7.73047643 0.01561070
2.00659817 7.59755448 2.43176483 7.73007350 0.01564341
2.00674599 7.59767261 2.43212435 7.72966965 0.01567626
2.00689404 7.59779090 2.43248456 7.72926489 0.01570924
2.00704234 7.59790937 2.43284548 7.72885920 0.01574237
2.00719088 7.59802800 2.43320710 7.72845258 0.01577562
2.00733966 7.59814679 2.43356943 7.72804503 0.01580902
2.00748868 7.59826576 2.43393247 7.72763655 0.01584256
2.00763795 7.59838490 2.43429623 7.72722713 0.01587624
2.00778747 7.59850421 2.43466069 7.72681676 0.01591005
2.00793723 7.59862369 2.43502588 7.72640545 0.01594401
2.00808724 7.59874334 2.43539179 7.72599319 0.01597812
2.00823750 7.59886317 2.43575843 7.72557998 0.01601236
2.00838801 7.59898316 2.43612579 7.72516581 0.01604675
2.00853877 7.59910334 2.43649388 7.72475068 0.01608129
2.00868978 7.59922368 2.43686270 7.72433458 0.01611597
2.00884104 7.59934421 2.43723226 7.72391752 0.01615080
2.00899255 7.59946491 2.43760255 7.72349948 0.01618578
2.00914432 7.59958578 2.43797359 7.72308047 0.01622090
2.00929634 7.59970683 2.43834537 7.72266048 0.01625618
2.00944862 7.59982806 2.43871790 7.72223950 0.01629160
2.00960116 7.59994947 2.43909117 7.72181754 0.01632718
2.00975396 7.60007106 2.43946520 7.72139458 0.01636291
2.00990701 7.60019283 2.43983999 7.72097063 0.01639880
2.01006033 7.60031479 2.44021553 7.72054568 0.01643483
2.01021390 7.60043692 2.44059183 7.72011972 0.01647103
2.01036774 7.60055923 2.44096890 7.71969276 0.01650738
2.01052184 7.60068173 2.44134674 7.71926478 0.01654388
2.01067620 7.60080442 2.44172534 7.71883579 0.01658055
2.01083083 7.60092728 2.44210472 7.71840578 0.01661737
2.01098573 7.60105034 2.44248487 7.71797474 0.01665436
2.01114089 7.60117357 2.44286581 7.71754268 0.01669150
2.01129632 7.60129700 2.44324753 7.71710958 0.01672881
2.01145202 7.60142061 2.44363003 7.71667545 0.01676628
2.01160799 7.60154442 2.44401332 7.71624028 0.01680392
2.01176423 7.60166841 2.44439740 7.71580406 0.01684172
2.01192075 7.60179259 2.44478228 7.71536679 0.01687969
2.01207754 7.60191696 2.44516795 7.71492846 0.01691782
2.01223460 7.60204152 2.44555443 7.71448908 0.01695612
2.01239194 7.60216628 2.44594171 7.71404864 0.01699460
2.01254955 7.60229123 2.44632980 7.71360713 0.01703324
2.01270745 7.60241637 2.44671870 7.71316455 0.01707205
2.01286562 7.60254171 2.44710841 7.71272089 0.01711104
2.01302407 7.60266724 2.44749894 7.71227615 0.01715020
2.01318280 7.60279297 2.44789029 7.71183033 0.01718954
2.01334182 7.60291890 2.44828247 7.71138341 0.01722905
2.01350112 7.60304502 2.44867547 7.71093541 0.01726874
2.01366070 7.60317135 2.44906930 7.71048630 0.01730860
2.01382057 7.60329787 2.44946397 7.71003610 0.01734865
2.01398073 7.60342459 2.44985948 7.70958478 0.01738888
2.01414117 7.60355152 2.45025582 7.70913236 0.01742929
2.01430190 7.60367864 2.45065301 7.70867881 0.01746988
2.01446293 7.60380597 2.45105105 7.70822415 0.01751065
2.01462424 7.60393351 2.45144994 7.70776836 0.01755161
2.01478585 7.60406125 2.45184969 7.70731143 0.01759276
2.01494775 7.60418919 2.45225029 7.70685337 0.01763410
2.01510995 7.60431734 2.45265175 7.70639418 0.01767562
2.01527245 7.60444570 2.45305408 7.70593383 0.01771734
2.01543524 7.60457426 2.45345728 7.70547234 0.01775924
2.01559833 7.60470304 2.45386135 7.70500969 0.01780134
2.01576172 7.60483202 2.45426630 7.70454587 0.01784363
2.01592541 7.60496121 2.45467212 7.70408090 0.01788612
2.01608940 7.60509062 2.45507883 7.70361475 0.01792880
2.01625370 7.60522024 2.45548643 7.70314743 0.01797168
2.01641830 7.60535007 2.45589492 7.70267893 0.01801477
2.01658321 7.60548012 2.45630430 7.70220924 0.01805805
2.01674843 7.60561038 2.45671458 7.70173837 0.01810153
2.01691396 7.60574086 2.45712576 7.70126629 0.01814521
2.01707979 7.60587156 2.45753785 7.70079302 0.01818910
2.01724594 7.60600247 2.45795085 7.70031854 0.01823320
2.01741240 7.60613360 2.45836476 7.69984285 0.01827750
2.01757917 7.60626496 2.45877959 7.69936594 0.01832201
2.01774626 7.60639653 2.45919534 7.69888781 0.01836674
2.01791367 7.60652833 2.45961202 7.69840846 0.01841167
2.01808139 7.60666035 2.46002963 7.69792787 0.01845681
2.01824944 7.60679259 2.46044816 7.69744604 0.01850217
2.01841780 7.60692506 2.46086764 7.69696297 0.01854775
2.01858649 7.60705775 2.46128806 7.69647865 0.01859354
2.01875550 7.60719067 2.46170942 7.69599308 0.01863955
2.01892483 7.60732382 2.46213173 7.69550625 0.01868578
2.01909449 7.60745720 2.46255500 7.69501815 0.01873224
2.01926448 7.60759080 2.46297922 7.69452878 0.01877891
2.01943480 7.60772464 2.46340440 7.69403813 0.01882581
2.01960545 7.60785871 2.46383055 7.69354620 0.01887294
2.01977643 7.60799301 2.46425767 7.69305298 0.01892029
2.01994775 7.60812755 2.46468576 7.69255847 0.01896787
2.02011940 7.60826232 2.46511484 7.69206266 0.01901569
2.02029138 7.60839733 2.46554489 7.69156554 0.01906373
2.02046371 7.60853257 2.46597593 7.69106711 0.01911201
2.02063637 7.60866805 2.46640797 7.69056736 0.01916053
2.02080937 7.60880378 2.46684100 7.69006629 0.01920928
2.02098272 7.60893974 2.46727502 7.68956390 0.01925827
2.02115641 7.60907594 2.46771006 7.68906016 0.01930751
2.02133044 7.60921239 2.46814610 7.68855509 0.01935698
2.02150482 7.60934908 2.46858316 7.68804866 0.01940670
2.02167955 7.60948601 2.46902123 7.68754088 0.01945667
2.02185463 7.60962319 2.46946033 7.68703175 0.01950688
2.02203006 7.60976062 2.46990045 7.68652124 0.01955734
2.02220585 7.60989829 2.47034160 7.68600937 0.01960805
2.02238198 7.61003622 2.47078380 7.68549611 0.01965901
2.02255848 7.61017439 2.47122703 7.68498148 0.01971023
2.02273533 7.61031282 2.47167130 7.68446545 0.01976171
2.02291254 7.61045149 2.47211663 7.68394802 0.01981344
2.02309012 7.61059043 2.47256301 7.68342918 0.01986543
2.02326805 7.61072961 2.47301046 7.68290894 0.01991769
2.02344635 7.61086906 2.47345896 7.68238728 0.01997021
2.02362502 7.61100876 2.47390854 7.68186419 0.02002299
2.02380405 7.61114872 2.47435919 7.68133968 0.02007604
2.02398345 7.61128893 2.47481092 7.68081373 0.02012936
2.02416322 7.61142941 2.47526373 7.68028633 0.02018296
2.02434337 7.61157016 2.47571763 7.67975748 0.02023682
2.02452389 7.61171116 2.47617263 7.67922718 0.02029096
2.02470478 7.61185243 2.47662873 7.67869541 0.02034538
2.02488606 7.61199397 2.47708592 7.67816217 0.02040008
2.02506771 7.61213577 2.47754423 7.67762745 0.02045506
2.02524974 7.61227784 2.47800365 7.67709124 0.02051032
2.02543216 7.61242018 2.47846420 7.67655354 0.02056586
2.02561496 7.61256279 2.47892586 7.67601435 0.02062170
2.02579815 7.61270567 2.47938866 7.67547364 0.02067782
2.02598173 7.61284883 2.47985259 7.67493143 0.02073424
2.02616569 7.61299226 2.48031766 7.67438769 0.02079095
2.02635005 7.61313597 2.48078388 7.67384242 0.02084795
2.02653480 7.61327996 2.48125125 7.67329562 0.02090526
2.02671995 7.61342422 2.48171977 7.67274727 0.02096286
2.02690550 7.61356876 2.48218946 7.67219738 0.02102077
2.02709144 7.61371359 2.48266031 7.67164592 0.02107898
2.02727779 7.61385870 2.48313234 7.67109290 0.02113750
2.02746453 7.61400409 2.48360554 7.67053831 0.02119633
2.02765169 7.61414977 2.48407993 7.66998213 0.02125547
2.02783925 7.61429573 2.48455551 7.66942437 0.02131492
2.02802722 7.61444198 2.48503229 7.66886501 0.02137470
2.02821560 7.61458853 2.48551026 7.66830405 0.02143479
2.02840439 7.61473536 2.48598944 7.66774147 0.02149520
2.02859360 7.61488249 2.48646984 7.66717728 0.02155593
2.02878323 7.61502991 2.48695145 7.66661145 0.02161699
2.02897327 7.61517762 2.48743429 7.66604399 0.02167839
2.02916374 7.61532563 2.48791835 7.66547489 0.02174011
2.02935462 7.61547394 2.48840366 7.66490413 0.02180216
2.02954593 7.61562255 2.48889020 7.66433172 0.02186455
2.02973767 7.61577147 2.48937799 7.66375763 0.02192728
2.02992984 7.61592068 2.48986704 7.66318187 0.02199036
2.03012244 7.61607020 2.49035735 7.66260442 0.02205377
2.03031548 7.61622002 2.49084892 7.66202528 0.02211754
2.03050894 7.61637016 2.49134177 7.66144444 0.02218165
2.03070285 7.61652060 2.49183590 7.66086188 0.02224611
2.03089719 7.61667135 2.49233131 7.66027761 0.02231093
2.03109198 7.61682241 2.49282801 7.65969161 0.02237611
2.03128721 7.61697379 2.49332601 7.65910387 0.02244165
2.03148289 7.61712548 2.49382531 7.65851438 0.02250755
2.03167902 7.61727749 2.49432593 7.65792314 0.02257381
2.03187559 7.61742981 2.49482786 7.65733014 0.02264045
2.03207262 7.61758246 2.49533112 7.65673537 0.02270746
2.03227011 7.61773543 2.49583570 7.65613881 0.02277484
2.03246805 7.61788872 2.49634163 7.65554046 0.02284260
2.03266645 7.61804233 2.49684889 7.65494031 0.02291074
2.03286531 7.61819628 2.49735751 7.65433836 0.02297927
2.03306464 7.61835055 2.49786749 7.65373458 0.02304818
2.03326444 7.61850515 2.49837883 7.65312898 0.02311748
2.03346470 7.61866008 2.49889154 7.65252154 0.02318718
2.03366544 7.61881534 2.49940563 7.65191225 0.02325727
2.03386665 7.61897094 2.49992110 7.65130111 0.02332776
2.03406833 7.61912688 2.50043796 7.65068810 0.02339865
2.03427050 7.61928315 2.50095623 7.65007321 0.02346995
2.03447314 7.61943977 2.50147590 7.64945644 0.02354166
2.03467627 7.61959673 2.50199698 7.64883777 0.02361378
2.03487989 7.61975403 2.50251949 7.64821720 0.02368632
2.03508399 7.61991168 2.50304342 7.64759471 0.02375928
2.03528859 7.62006967 2.50356879 7.64697029 0.02383266
2.03549368 7.62022801 2.50409560 7.64634394 0.02390646
2.03569926 7.62038671 2.50462387 7.64571565 0.02398070
2.03590535 7.62054575 2.50515359 7.64508539 0.02405536
2.03611193 7.62070516 2.50568477 7.64445317 0.02413047
2.03631902 7.62086492 2.50621743 7.64381897 0.02420601
2.03652662 7.62102503 2.50675157 7.64318279 0.02428200
2.03673473 7.62118551 2.50728720 7.64254460 0.02435844
2.03694335 7.62134635 2.50782432 7.64190441 0.02443532
2.03715248 7.62150756 2.50836295 7.64126220 0.02451267
2.03736213 7.62166913 2.50890309 7.64061795 0.02459047
2.03757230 7.62183106 2.50944475 7.63997166 0.02466873
2.03778300 7.62199337 2.50998794 7.63932332 0.02474746
2.03799422 7.62215606 2.51053267 7.63867292 0.02482666
2.03820597 7.62231911 2.51107894 7.63802044 0.02490634
2.03841825 7.62248254 2.51162676 7.63736587 0.02498650
2.03863106 7.62264635 2.51217614 7.63670920 0.02506713
2.03884442 7.62281055 2.51272710 7.63605042 0.02514826
2.03905831 7.62297512 2.51327963 7.63538953 0.02522987
2.03927275 7.62314008 2.51383375 7.63472650 0.02531198
2.03948773 7.62330542 2.51438946 7.63406132 0.02539459
2.03970326 7.62347115 2.51494678 7.63339399 0.02547770
2.03991934 7.62363728 2.51550571 7.63272449 0.02556132
2.04013598 7.62380380 2.51606626 7.63205280 0.02564545
2.04035318 7.62397071 2.51662844 7.63137893 0.02573010
2.04057093 7.62413802 2.51719225 7.63070285 0.02581527
2.04078926 7.62430573 2.51775772 7.63002455 0.02590097
2.04100814 7.62447384 2.51832484 7.62934402 0.02598719
2.04122760 7.62464236 2.51889363 7.62866125 0.02607395
2.04144764 7.62481128 2.51946410 7.62797622 0.02616125
2.04166825 7.62498061 2.52003624 7.62728893 0.02624909
2.04188944 7.62515035 2.52061009 7.62659936 0.02633749
2.04211121 7.62532051 2.52118563 7.62590749 0.02642643
2.04233357 7.62549108 2.52176289 7.62521331 0.02651594
2.04255652 7.62566207 2.52234187 7.62451682 0.02660600
2.04278006 7.62583348 2.52292258 7.62381799 0.02669664
2.04300420 7.62600531 2.52350503 7.62311681 0.02678785
2.04322894 7.62617757 2.52408924 7.62241328 0.02687964
2.04345429 7.62635025 2.52467520 7.62170737 0.02697201
2.04368024 7.62652337 2.52526294 7.62099908 0.02706498
2.04390680 7.62669691 2.52585246 7.62028838 0.02715853
2.04413397 7.62687090 2.52644377 7.61957527 0.02725269
2.04436176 7.62704532 2.52703688 7.61885973 0.02734745
2.04459017 7.62722018 2.52763180 7.61814174 0.02744282
2.04481921 7.62739548 2.52822854 7.61742130 0.02753881
2.04504887 7.62757123 2.52882712 7.61669839 0.02763542
2.04527917 7.62774742 2.52942754 7.61597299 0.02773265
2.04551010 7.62792407 2.53002981 7.61524509 0.02783052
2.04574166 7.62810117 2.53063395 7.61451468 0.02792903
2.04597388 7.62827872 2.53123996 7.61378173 0.02802818
2.04620674 7.62845673 2.53184786 7.61304624 0.02812799
2.04644024 7.62863521 2.53245765 7.61230819 0.02822845
2.04667441 7.62881415 2.53306935 7.61156756 0.02832957
2.04690923 7.62899355 2.53368297 7.61082434 0.02843136
2.04714471 7.62917342 2.53429853 7.61007852 0.02853382
2.04738086 7.62935377 2.53491602 7.60933007 0.02863697
2.04761767 7.62953459 2.53553547 7.60857898 0.02874081
2.04785516 7.62971589 2.53615688 7.60782524 0.02884534
2.04809333 7.62989767 2.53678026 7.60706884 0.02895057
2.04833218 7.63007993 2.53740564 7.60630974 0.02905650
2.04857172 7.63026268 2.53803301 7.60554794 0.02916315
2.04881194 7.63044591 2.53866240 7.60478343 0.02927052
2.04905286 7.63062964 2.53929381 7.60401617 0.02937862
2.04929448 7.63081387 2.53992725 7.60324617 0.02948745
2.04953680 7.63099859 2.54056275 7.60247340 0.02959703
2.04977983 7.63118382 2.54120030 7.60169784 0.02970735
2.05002357 7.63136955 2.54183993 7.60091948 0.02981843
2.05026802 7.63155578 2.54248164 7.60013830 0.02993026
2.05051320 7.63174253 2.54312545 7.59935428 0.03004287
2.05075909 7.63192979 2.54377137 7.59856740 0.03015626
2.05100572 7.63211757 2.54441942 7.59777765 0.03027043
2.05125308 7.63230587 2.54506960 7.59698501 0.03038540
2.05150117 7.63249469 2.54572193 7.59618946 0.03050116
2.05175001 7.63268403 2.54637642 7.59539099 0.03061774
2.05199960 7.63287391 2.54703309 7.59458957 0.03073512
2.05224994 7.63306432 2.54769195 7.59378518 0.03085334
2.05250103 7.63325527 2.54835301 7.59297781 0.03097238
2.05275288 7.63344675 2.54901629 7.59216744 0.03109227
2.05300550 7.63363878 2.54968180 7.59135405 0.03121300
2.05325889 7.63383136 2.55034955 7.59053762 0.03133459
2.05351306 7.63402449 2.55101956 7.58971813 0.03145705
2.05376801 7.63421817 2.55169185 7.58889556 0.03158038
2.05402374 7.63441240 2.55236642 7.58806989 0.03170459
2.05428026 7.63460720 2.55304329 7.58724110 0.03182969
2.05453758 7.63480256 2.55372248 7.58640917 0.03195570
2.05479569 7.63499849 2.55440400 7.58557409 0.03208261
2.05505462 7.63519499 2.55508787 7.58473582 0.03221044
2.05531435 7.63539207 2.55577409 7.58389436 0.03233920
2.05557490 7.63558972 2.55646270 7.58304967 0.03246890
2.05583627 7.63578796 2.55715369 7.58220174 0.03259954
2.05609847 7.63598678 2.55784709 7.58135055 0.03273114
2.05636150 7.63618620 2.55854290 7.58049607 0.03286371
2.05662536 7.63638620 2.55924116 7.57963829 0.03299726
2.05689007 7.63658681 2.55994187 7.57877718 0.03313178
2.05715563 7.63678802 2.56064505 7.57791272 0.03326731
2.05742204 7.63698983 2.56135071 7.57704489 0.03340384
2.05768932 7.63719225 2.56205888 7.57617366 0.03354139
2.05795745 7.63739529 2.56276956 7.57529902 0.03367997
2.05822646 7.63759894 2.56348277 7.57442093 0.03381959
2.05849635 7.63780322 2.56419854 7.57353938 0.03396025
2.05876711 7.63800812 2.56491688 7.57265435 0.03410198
2.05903877 7.63821365 2.56563779 7.57176581 0.03424477
2.05931132 7.63841982 2.56636131 7.57087373 0.03438865
2.05958477 7.63862662 2.56708745 7.56997809 0.03453363
2.05985913 7.63883407 2.56781623 7.56907888 0.03467971
2.06013440 7.63904216 2.56854766 7.56817606 0.03482690
2.06041059 7.63925091 2.56928176 7.56726960 0.03497523
2.06068770 7.63946031 2.57001855 7.56635949 0.03512470
2.06096575 7.63967038 2.57075805 7.56544570 0.03527532
2.06124473 7.63988110 2.57150027 7.56452821 0.03542710
2.06152466 7.64009250 2.57224524 7.56360698 0.03558007
2.06180554 7.64030457 2.57299298 7.56268200 0.03573422
2.06208738 7.64051732 2.57374349 7.56175323 0.03588958
2.06237018 7.64073076 2.57449681 7.56082066 0.03604616
2.06265395 7.64094488 2.57525295 7.55988424 0.03620397
2.06293870 7.64115969 2.57601192 7.55894397 0.03636302
2.06322443 7.64137521 2.57677376 7.55799980 0.03652333
2.06351116 7.64159142 2.57753847 7.55705172 0.03668491
2.06379888 7.64180834 2.57830609 7.55609969 0.03684778
2.06408761 7.64202598 2.57907662 7.55514369 0.03701194
2.06437735 7.64224433 2.57985009 7.55418369 0.03717742
2.06466811 7.64246340 2.58062653 7.55321965 0.03734423
2.06495989 7.64268320 2.58140594 7.55225156 0.03751238
2.06525271 7.64290374 2.58218835 7.55127939 0.03768189
2.06554658 7.64312501 2.58297379 7.55030309 0.03785278
2.06584149 7.64334702 2.58376227 7.54932265 0.03802505
2.06613745 7.64356979 2.58455382 7.54833803 0.03819872
2.06643448 7.64379330 2.58534846 7.54734921 0.03837382
2.06673259 7.64401758 2.58614621 7.54635615 0.03855036
2.06703177 7.64424262 2.58694708 7.54535882 0.03872834
2.06733204 7.64446843 2.58775112 7.54435720 0.03890780
2.06763340 7.64469501 2.58855833 7.54335124 0.03908874
2.06793587 7.64492238 2.58936873 7.54234092 0.03927119
2.06823945 7.64515053 2.59018237 7.54132621 0.03945516
2.06854414 7.64537948 2.59099925 7.54030707 0.03964066
2.06884997 7.64560922 2.59181940 7.53928348 0.03982773
2.06915693 7.64583977 2.59264284 7.53825539 0.04001636
2.06946504 7.64607113 2.59346960 7.53722277 0.04020659
2.06977430 7.64630330 2.59429970 7.53618560 0.04039843
2.07008472 7.64653630 2.59513317 7.53514383 0.04059190
2.07039631 7.64677012 2.59597004 7.53409744 0.04078702
2.07070908 7.64700478 2.59681032 7.53304638 0.04098381
2.07102303 7.64724028 2.59765404 7.53199062 0.04118229
2.07133819 7.64747662 2.59850123 7.53093013 0.04138247
2.07165455 7.64771382 2.59935191 7.52986487 0.04158438
2.07197213 7.64795188 2.60020612 7.52879481 0.04178805
2.07229093 7.64819080 2.60106387 7.52771990 0.04199348
2.07261096 7.64843060 2.60192519 7.52664012 0.04220070
2.07293224 7.64867127 2.60279011 7.52555542 0.04240974
2.07325477 7.64891283 2.60365866 7.52446576 0.04262061
2.07357856 7.64915529 2.60453087 7.52337111 0.04283334
2.07390362 7.64939864 2.60540676 7.52227143 0.04304795
2.07422997 7.64964290 2.60628636 7.52116668 0.04326447
2.07455761 7.64988807 2.60716970 7.52005682 0.04348290
2.07488655 7.65013416 2.60805681 7.51894181 0.04370329
2.07521680 7.65038118 2.60894772 7.51782160 0.04392565
2.07554838 7.65062913 2.60984245 7.51669617 0.04415001
2.07588128 7.65087802 2.61074104 7.51556547 0.04437640
2.07621554 7.65112787 2.61164351 7.51442945 0.04460483
2.07655114 7.65137866 2.61254991 7.51328807 0.04483533
2.07688811 7.65163043 2.61346025 7.51214130 0.04506793
2.07722646 7.65188316 2.61437457 7.51098908 0.04530266
2.07756619 7.65213687 2.61529289 7.50983138 0.04553954
2.07790732 7.65239157 2.61621526 7.50866815 0.04577860
2.07824986 7.65264727 2.61714171 7.50749935 0.04601987
2.07859383 7.65290396 2.61807226 7.50632493 0.04626337
2.07893922 7.65316167 2.61900695 7.50514484 0.04650913
2.07928606 7.65342039 2.61994581 7.50395904 0.04675719
2.07963435 7.65368015 2.62088888 7.50276749 0.04700757
2.07998411 7.65394093 2.62183618 7.50157013 0.04726030
2.08033535 7.65420276 2.62278776 7.50036693 0.04751542
2.08068808 7.65446564 2.62374365 7.49915782 0.04777294
2.08104231 7.65472958 2.62470388 7.49794276 0.04803291
2.08139806 7.65499459 2.62566849 7.49672171 0.04829536
2.08175534 7.65526068 2.62663751 7.49549461 0.04856031
2.08211417 7.65552785 2.62761099 7.49426141 0.04882781
2.08247454 7.65579612 2.62858895 7.49302207 0.04909788
2.08283649 7.65606549 2.62957143 7.49177652 0.04937056
2.08320001 7.65633598 2.63055848 7.49052473 0.04964588
2.08356513 7.65660758 2.63155013 7.48926663 0.04992388
2.08393185 7.65688032 2.63254641 7.48800217 0.05020459
2.08430020 7.65715420 2.63354737 7.48673130 0.05048806
2.08467018 7.65742923 2.63455305 7.48545396 0.05077431
2.08504181 7.65770542 2.63556348 7.48417011 0.05106339
2.08541511 7.65798278 2.63657871 7.48287968 0.05135533
2.08579008 7.65826132 2.63759877 7.48158261 0.05165017
2.08616674 7.65854105 2.63862372 7.48027886 0.05194795
2.08654511 7.65882198 2.63965358 7.47896835 0.05224871
2.08692520 7.65910412 2.64068840 7.47765104 0.05255249
2.08730703 7.65938748 2.64172822 7.47632687 0.05285934
2.08769061 7.65967207 2.64277309 7.47499577 0.05316929
2.08807595 7.65995790 2.64382305 7.47365768 0.05348239
2.08846308 7.66024498 2.64487814 7.47231255 0.05379868
2.08885201 7.66053333 2.64593842 7.47096031 0.05411821
2.08924275 7.66082295 2.64700391 7.46960090 0.05444102
2.08963532 7.66111385 2.64807467 7.46823425 0.05476716
2.09002973 7.66140605 2.64915075 7.46686030 0.05509667
2.09042601 7.66169955 2.65023219 7.46547899 0.05542961
2.09082417 7.66199438 2.65131904 7.46409025 0.05576601
2.09122422 7.66229053 2.65241135 7.46269401 0.05610593
2.09162619 7.66258803 2.65350916 7.46129021 0.05644942
2.09203009 7.66288688 2.65461253 7.45987877 0.05679654
2.09243593 7.66318709 2.65572150 7.45845964 0.05714732
2.09284374 7.66348868 2.65683612 7.45703273 0.05750183
2.09325354 7.66379166 2.65795645 7.45559799 0.05786012
2.09366534 7.66409605 2.65908254 7.45415533 0.05822224
2.09407916 7.66440185 2.66021443 7.45270468 0.05858825
2.09449501 7.66470907 2.66135219 7.45124597 0.05895821
2.09491293 7.66501774 2.66249586 7.44977913 0.05933217
2.09533292 7.66532786 2.66364550 7.44830409 0.05971020
2.09575501 7.66563944 2.66480116 7.44682075 0.06009234
2.09617922 7.66595251 2.66596290 7.44532906 0.06047867
2.09660556 7.66626707 2.66713077 7.44382893 0.06086924
2.09703405 7.66658313 2.66830484 7.44232027 0.06126413
2.09746472 7.66690072 2.66948515 7.44080302 0.06166338
2.09789759 7.66721984 2.67067177 7.43927709 0.06206707
2.09833268 7.66754051 2.67186476 7.43774240 0.06247527
2.09877001 7.66786274 2.67306417 7.43619886 0.06288804
2.09920959 7.66818655 2.67427007 7.43464639 0.06330546
2.09965146 7.66851195 2.67548251 7.43308491 0.06372758
2.10009563 7.66883896 2.67670156 7.43151433 0.06415449
2.10054213 7.66916759 2.67792729 7.42993456 0.06458626
2.10099097 7.66949786 2.67915975 7.42834551 0.06502296
2.10144219 7.66982978 2.68039901 7.42674710 0.06546467
2.10189580 7.67016337 2.68164513 7.42513923 0.06591146
2.10235183 7.67049864 2.68289819 7.42352181 0.06636342
2.10281030 7.67083561 2.68415824 7.42189475 0.06682062
2.10327124 7.67117430 2.68542535 7.42025795 0.06728315
2.10373466 7.67151473 2.68669960 7.41861132 0.06775109
2.10420060 7.67185690 2.68798106 7.41695476 0.06822452
2.10466908 7.67220083 2.68926978 7.41528818 0.06870354
2.10514013 7.67254656 2.69056585 7.41361147 0.06918822
2.10561376 7.67289408 2.69186934 7.41192453 0.06967867
2.10609001 7.67324342 2.69318032 7.41022726 0.07017497
2.10656890 7.67359459 2.69449886 7.40851956 0.07067721
2.10705047 7.67394762 2.69582504 7.40680132 0.07118550
2.10753472 7.67430252 2.69715894 7.40507244 0.07169992
2.10802171 7.67465931 2.69850063 7.40333281 0.07222058
2.10851144 7.67501800 2.69985019 7.40158232 0.07274758
2.10900395 7.67537863 2.70120770 7.39982086 0.07328103
2.10949927 7.67574120 2.70257324 7.39804832 0.07382102
2.10999743 7.67610573 2.70394688 7.39626458 0.07436766
2.11049845 7.67647225 2.70532873 7.39446953 0.07492107
2.11100237 7.67684078 2.70671884 7.39266306 0.07548136
2.11150921 7.67721133 2.70811732 7.39084504 0.07604863
2.11201901 7.67758393 2.70952425 7.38901536 0.07662302
2.11253180 7.67795859 2.71093971 7.38717389 0.07720462
2.11304761 7.67833534 2.71236379 7.38532052 0.07779358
2.11356646 7.67871419 2.71379658 7.38345511 0.07839000
2.11408840 7.67909518 2.71523817 7.38157755 0.07899401
2.11461346 7.67947832 2.71668866 7.37968770 0.07960575
2.11514166 7.67986362 2.71814813 7.37778543 0.08022535
2.11567304 7.68025113 2.71961668 7.37587062 0.08085293
2.11620763 7.68064085 2.72109440 7.37394312 0.08148863
2.11674548 7.68103281 2.72258139 7.37200281 0.08213260
2.11728661 7.68142704 2.72407776 7.37004955 0.08278498
2.11783106 7.68182355 2.72558359 7.36808320 0.08344591
2.11837887 7.68222237 2.72709899 7.36610362 0.08411554
2.11893007 7.68262352 2.72862406 7.36411067 0.08479401
2.11948470 7.68302704 2.73015891 7.36210419 0.08548150
2.12004279 7.68343294 2.73170363 7.36008406 0.08617815
2.12060439 7.68384124 2.73325834 7.35805011 0.08688412
2.12116953 7.68425198 2.73482314 7.35600219 0.08759957
2.12173825 7.68466518 2.73639815 7.35394017 0.08832469
2.12231059 7.68508087 2.73798347 7.35186387 0.08905963
2.12288659 7.68549906 2.73957921 7.34977314 0.08980457
2.12346630 7.68591980 2.74118549 7.34766783 0.09055970
2.12404974 7.68634310 2.74280242 7.34554777 0.09132518
2.12463697 7.68676899 2.74443013 7.34341280 0.09210122
2.12522803 7.68719750 2.74606872 7.34126275 0.09288800
2.12582296 7.68762866 2.74771833 7.33909746 0.09368571
2.12642179 7.68806249 2.74937906 7.33691675 0.09449455
2.12702459 7.68849903 2.75105105 7.33472046 0.09531473
2.12763139 7.68893831 2.75273442 7.33250841 0.09614645
2.12824223 7.68938035 2.75442930 7.33028041 0.09698993
2.12885717 7.68982518 2.75613581 7.32803630 0.09784537
2.12947624 7.69027284 2.75785408 7.32577588 0.09871301
2.13009951 7.69072335 2.75958426 7.32349898 0.09959306
2.13072700 7.69117675 2.76132646 7.32120540 0.10048577
2.13135878 7.69163306 2.76308084 7.31889495 0.10139135
2.13199489 7.69209233 2.76484751 7.31656745 0.10231006
2.13263539 7.69255458 2.76662664 7.31422270 0.10324214
2.13328031 7.69301984 2.76841835 7.31186049 0.10418785
2.13392972 7.69348814 2.77022279 7.30948063 0.10514743
2.13458367 7.69395953 2.77204010 7.30708292 0.10612115
2.13524220 7.69443404 2.77387044 7.30466714 0.10710928
2.13590537 7.69491169 2.77571395 7.30223310 0.10811209
2.13657324 7.69539253 2.77757078 7.29978057 0.10912987
2.13724587 7.69587659 2.77944110 7.29730934 0.11016290
2.13792330 7.69636390 2.78132504 7.29481919 0.11121147
2.13860559 7.69685451 2.78322278 7.29230990 0.11227588
2.13929280 7.69734844 2.78513446 7.28978126 0.11335644
2.13998499 7.69784574 2.78706026 7.28723302 0.11445346
2.14068221 7.69834644 2.78900034 7.28466496 0.11556726
2.14138453 7.69885058 2.79095486 7.28207686 0.11669817
2.14209201 7.69935820 2.79292399 7.27946846 0.11784652
2.14280471 7.69986934 2.79490791 7.27683953 0.11901264
2.14352269 7.70038404 2.79690678 7.27418983 0.12019690
2.14424600 7.70090234 2.79892079 7.27151912 0.12139965
2.14497473 7.70142427 2.80095010 7.26882713 0.12262124
2.14570892 7.70194988 2.80299490 7.26611363 0.12386206
2.14644865 7.70247921 2.80505538 7.26337835 0.12512248
2.14719398 7.70301231 2.80713172 7.26062103 0.12640290
2.14794498 7.70354921 2.80922410 7.25784142 0.12770370
2.14870172 7.70408996 2.81133271 7.25503924 0.12902531
2.14946426 7.70463459 2.81345775 7.25221423 0.13036812
2.15023267 7.70518316 2.81559941 7.24936611 0.13173258
2.15100703 7.70573571 2.81775789 7.24649461 0.13311910
2.15178741 7.70629229 2.81993339 7.24359944 0.13452814
2.15257388 7.70685293 2.82212610 7.24068033 0.13596015
2.15336650 7.70741768 2.82433624 7.23773698 0.13741559
2.15416536 7.70798660 2.82656402 7.23476911 0.13889494
2.15497054 7.70855972 2.82880963 7.23177642 0.14039867
2.15578209 7.70913710 2.83107329 7.22875861 0.14192729
2.15660011 7.70971878 2.83335522 7.22571539 0.14348129
2.15742467 7.71030481 2.83565563 7.22264644 0.14506120
2.15825585 7.71089523 2.83797474 7.21955146 0.14666754
2.15909372 7.71149011 2.84031278 7.21643014 0.14830085
2.15993837 7.71208948 2.84266997 7.21328216 0.14996168
2.16078988 7.71269339 2.84504653 7.21010720 0.15165059
2.16164833 7.71330191 2.84744269 7.20690495 0.15336816
2.16251380 7.71391507 2.84985870 7.20367507 0.15511496
2.16338637 7.71453293 2.85229477 7.20041724 0.15689161
2.16426613 7.71515554 2.85475114 7.19713111 0.15869870
2.16515317 7.71578295 2.85722806 7.19381637 0.16053686
2.16604757 7.71641522 2.85972577 7.19047266 0.16240673
2.16694942 7.71705240 2.86224451 7.18709965 0.16430896
2.16785880 7.71769453 2.86478452 7.18369699 0.16624421
2.16877580 7.71834168 2.86734605 7.18026433 0.16821316
2.16970051 7.71899390 2.86992936 7.17680131 0.17021648
2.17063302 7.71965124 2.87253468 7.17330759 0.17225490
2.17157342 7.72031375 2.87516229 7.16978280 0.17432911
2.17252181 7.72098150 2.87781243 7.16622659 0.17643986
2.17347826 7.72165453 2.88048536 7.16263858 0.17858788
2.17444288 7.72233289 2.88318134 7.15901842 0.18077394
2.17541576 7.72301666 2.88590063 7.15536574 0.18299881
2.17639698 7.72370587 2.88864350 7.15168016 0.18526328
2.17738665 7.72440059 2.89141020 7.14796131 0.18756813
2.17838485 7.72510087 2.89420101 7.14420882 0.18991420
2.17939168 7.72580677 2.89701619 7.14042231 0.19230231
2.18040724 7.72651834 2.89985600 7.13660140 0.19473330
2.18143161 7.72723563 2.90272073 7.13274570 0.19720803
2.18246490 7.72795871 2.90561062 7.12885485 0.19972737
2.18350720 7.72868763 2.90852597 7.12492846 0.20229221
2.18455860 7.72942243 2.91146703 7.12096613 0.20490345
2.18561919 7.73016319 2.91443408 7.11696750 0.20756199
2.18668908 7.73090994 2.91742738 7.11293217 0.21026878
2.18776835 7.73166275 2.92044721 7.10885976 0.21302473
2.18885710 7.73242167 2.92349385 7.10474989 0.21583082
2.18995542 7.73318676 2.92656755 7.10060218 0.21868800
2.19106341 7.73395805 2.92966858 7.09641624 0.22159725
2.19218116 7.73473562 2.93279722 7.09219169 0.22455955
2.19330876 7.73551950 2.93595373 7.08792815 0.22757591
2.19444629 7.73630975 2.93913837 7.08362526 0.23064734
2.19559386 7.73710642 2.94235140 7.07928263 0.23377485
2.19675154 7.73790955 2.94559309 7.07489989 0.23695947
2.19791942 7.73871920 2.94886369 7.07047669 0.24020225
2.19909760 7.73953540 2.95216345 7.06601264 0.24350422
2.20028615 7.74035821 2.95549263 7.06150741 0.24686643
2.20148515 7.74118767 2.95885147 7.05696063 0.25028994
2.20269469 7.74202382 2.96224020 7.05237197 0.25377582
2.20391485 7.74286671 2.96565907 7.04774107 0.25732512
2.20514569 7.74371636 2.96910831 7.04306761 0.26093890
2.20638729 7.74457282 2.97258814 7.03835126 0.26461824
2.20763973 7.74543612 2.97609877 7.03359172 0.26836420
2.20890306 7.74630629 2.97964043 7.02878866 0.27217784
2.21017736 7.74718337 2.98321331 7.02394180 0.27606021
2.21146268 7.74806739 2.98681760 7.01905086 0.28001236
2.21275908 7.74895836 2.99045351 7.01411555 0.28403534
2.21406661 7.74985631 2.99412119 7.00913563 0.28813018
2.21538532 7.75076127 2.99782082 7.00411084 0.29229789
2.21671526 7.75167324 3.00155255 6.99904095 0.29653947
2.21805645 7.75259225 3.00531652 6.99392576 0.30085591
2.21940894 7.75351829 3.00911288 6.98876505 0.30524817
2.22077275 7.75445139 3.01294173 6.98355866 0.30971720
2.22214791 7.75539153 3.01680318 6.97830642 0.31426389
2.22353443 7.75633873 3.02069731 6.97300819 0.31888914
2.22493232 7.75729297 3.02462421 6.96766385 0.32359380
2.22634158 7.75825424 3.02858392 6.96227331 0.32837867
2.22776221 7.75922253 3.03257649 6.95683650 0.33324454
2.22919419 7.76019782 3.03660194 6.95135336 0.33819212
2.23063751 7.76118009 3.04066026 6.94582388 0.34322210
2.23209213 7.76216930 3.04475145 6.94024806 0.34833512
2.23355802 7.76316542 3.04887545 6.93462594 0.35353174
2.23503513 7.76416840 3.05303221 6.92895760 0.35881247
2.23652340 7.76517821 3.05722164 6.92324312 0.36417776
2.23802277 7.76619479 3.06144363 6.91748265 0.36962799
2.23953316 7.76721807 3.06569804 6.91167635 0.37516346
2.24105448 7.76824800 3.06998471 6.90582442 0.38078441
2.24258663 7.76928450 3.07430345 6.89992711 0.38649096
2.24412950 7.77032748 3.07865404 6.89398469 0.39228316
2.24568297 7.77137687 3.08303624 6.88799750 0.39816099
2.24724690 7.77243256 3.08744977 6.88196589 0.40412430
2.24882114 7.77349445 3.09189431 6.87589026 0.41017283
2.25040553 7.77456244 3.09636953 6.86977108 0.41630625
2.25199990 7.77563640 3.10087505 6.86360884 0.42252408
2.25360406 7.77671621 3.10541046 6.85740409 0.42882575
2.25521779 7.77780173 3.10997532 6.85115741 0.43521053
2.25684088 7.77889282 3.11456914 6.84486945 0.44167760
2.25847310 7.77998933 3.11919142 6.83854090 0.44822599
2.26011420 7.78109109 3.12384158 6.83217251 0.45485460
2.26176391 7.78219793 3.12851905 6.82576508 0.46156218
2.26342196 7.78330968 3.13322319 6.81931946 0.46834734
2.26508803 7.78442614 3.13795332 6.81283656 0.47520856
2.26676182 7.78554712 3.14270875 6.80631733 0.48214413
2.26844301 7.78667241 3.14748872 6.79976279 0.48915223
2.27013123 7.78780180 3.15229243 6.79317402 0.49623087
2.27182613 7.78893506 3.15711906 6.78655214 0.50337788
2.27352733 7.79007195 3.16196774 6.77989834 0.51059097
2.27523443 7.79121224 3.16683755 6.77321385 0.51786767
2.27694702 7.79235566 3.17172754 6.76649999 0.52520534
2.27866467 7.79350196 3.17663672 6.75975809 0.53260122
2.28038693 7.79465087 3.18156405 6.75298957 0.54005235
2.28211333 7.79580211 3.18650848 6.74619588 0.54755565
2.28384341 7.79695540 3.19146887 6.73937855 0.55510786
2.28557666 7.79811043 3.19644410 6.73253914 0.56270559
2.28731258 7.79926691 3.20143297 6.72567928 0.57034529
2.28905065 7.80042452 3.20643427 6.71880062 0.57802330
2.29079032 7.80158296 3.21144674 6.71190489 0.58573579
2.29253105 7.80274189 3.21646910 6.70499385 0.59347881
2.29427228 7.80390099 3.22150002 6.69806931 0.60124831
2.29601342 7.80505993 3.22653817 6.69113311 0.60904012
2.29775389 7.80621836 3.23158217 6.68418714 0.61684994
2.29949309 7.80737593 3.23663061 6.67723334 0.62467340
2.30123042 7.80853231 3.24168207 6.67027365 0.63250605
2.30296526 7.80968713 3.24673510 6.66331006 0.64034334
2.30469698 7.81084004 3.25178825 6.65634459 0.64818068
2.30642496 7.81199069 3.25684002 6.64937929 0.65601342
2.30814857 7.81313871 3.26188891 6.64241621 0.66383686
2.30986715 7.81428374 3.26693343 6.63545744 0.67164630
2.31158007 7.81542542 3.27197204 6.62850506 0.67943699
2.31328668 7.81656339 3.27700323 6.62156118 0.68720421
2.31498634 7.81769729 3.28202547 6.61462792 0.69494323
2.31667839 7.81882675 3.28703722 6.60770737 0.70264937
2.31836220 7.81995144 3.29203696 6.60080165 0.71031795
2.32003713 7.82107098 3.29702318 6.59391287 0.71794438
2.32170253 7.82218504 3.30199434 6.58704311 0.72552412
2.32335777 7.82329326 3.30694895 6.58019446 0.73305269
2.32500223 7.82439530 3.31188552 6.57336898 0.74052573
2.32663530 7.82549084 3.31680257 6.56656872 0.74793897
2.32825635 7.82657954 3.32169866 6.55979568 0.75528825
2.32986480 7.82766108 3.32657234 6.55305186 0.76256953
2.33146006 7.82873514 3.33142220 6.54633921 0.76977892
2.33304156 7.82980142 3.33624687 6.53965965 0.77691266
2.33460872 7.83085963 3.34104500 6.53301506 0.78396716
2.33616101 7.83190947 3.34581525 6.52640727 0.79093898
2.33769790 7.83295066 3.35055635 6.51983809 0.79782484
2.33921888 7.83398294 3.35526704 6.51330924 0.80462166
2.34072344 7.83500605 3.35994610 6.50682242 0.81132653
2.34221111 7.83601973 3.36459237 6.50037927 0.81793673
2.34368143 7.83702376 3.36920471 6.49398137 0.82444971
2.34513396 7.83801790 3.37378203 6.48763025 0.83086314
2.34656829 7.83900194 3.37832328 6.48132737 0.83717488
2.34798401 7.83997569 3.38282746 6.47507413 0.84338298
2.34938074 7.84093893 3.38729362 6.46887188 0.84948567
2.35075814 7.84189151 3.39172084 6.46272189 0.85548142
2.35211587 7.84283326 3.39610827 6.45662537 0.86136886
2.35345361 7.84376401 3.40045509 6.45058347 0.86714682
2.35477109 7.84468362 3.40476053 6.44459727 0.87281432
2.35606802 7.84559197 3.40902389 6.43866778 0.87837058
2.35734418 7.84648895 3.41324448 6.43279596 0.88381499
2.35859933 7.84737443 3.41742170 6.42698267 0.88914712
2.35983327 7.84824833 3.42155497 6.42122874 0.89436671
2.36104584 7.84911057 3.42564378 6.41553492 0.89947367
2.36223688 7.84996107 3.42968763 6.40990188 0.90446809
2.36340624 7.85079978 3.43368611 6.40433025 0.90935017
2.36455383 7.85162664 3.43763884 6.39882059 0.91412031
2.36567955 7.85244162 3.44154547 6.39337338 0.91877901
2.36678333 7.85324470 3.44540571 6.38798906 0.92332693
2.36786512 7.85403585 3.44921932 6.38266801 0.92776484
2.36892489 7.85481507 3.45298609 6.37741053 0.93209364
2.36996263 7.85558236 3.45670585 6.37221688 0.93631434
2.37097834 7.85633773 3.46037849 6.36708727 0.94042805
2.37197206 7.85708121 3.46400391 6.36202183 0.94443598
2.37294383 7.85781282 3.46758207 6.35702068 0.94833944
2.37389371 7.85853261 3.47111295 6.35208385 0.95213979
2.37482177 7.85924061 3.47459659 6.34721134 0.95583851
2.37572810 7.85993688 3.47803303 6.34240310 0.95943710
2.37661282 7.86062149 3.48142237 6.33765904 0.96293717
2.37747604 7.86129450 3.48476473 6.33297901 0.96634034
2.37831790 7.86195598 3.48806027 6.32836285 0.96964831
2.37913855 7.86260602 3.49130915 6.32381033 0.97286281
2.37993815 7.86324470 3.49451158 6.31932120 0.97598561
2.38071687 7.86387211 3.49766781 6.31489517 0.97901850
2.38147490 7.86448835 3.50077807 6.31053191 0.98196330
2.38221242 7.86509352 3.50384266 6.30623108 0.98482185
2.38292964 7.86568772 3.50686186 6.30199228 0.98759603
2.38362677 7.86627107 3.50983601 6.29781511 0.99028768
2.38430403 7.86684368 3.51276543 6.29369912 0.99289868
2.38496166 7.86740567 3.51565048 6.28964385 0.99543091
2.38559988 7.86795715 3.51849155 6.28564882 0.99788625
2.38621894 7.86849825 3.52128900 6.28171352 1.00026656
2.38681909 7.86902910 3.52404325 6.27783741 1.00257369
2.38740058 7.86954982 3.52675472 6.27401997 1.00480950
2.38796368 7.87006054 3.52942382 6.27026061 1.00697583
2.38850863 7.87056140 3.53205099 6.26655877 1.00907448
2.38903572 7.87105253 3.53463668 6.26291385 1.01110725
2.38954521 7.87153406 3.53718136 6.25932525 1.01307592
2.39003738 7.87200613 3.53968547 6.25579236 1.01498225
2.39051251 7.87246888 3.54214950 6.25231454 1.01682795
2.39097086 7.87292244 3.54457391 6.24889117 1.01861474
2.39141273 7.87336695 3.54695920 6.24552159 1.02034428
2.39183840 7.87380256 3.54930585 6.24220517 1.02201821
2.39224815 7.87422939 3.55161434 6.23894124 1.02363815
2.39264226 7.87464760 3.55388519 6.23572915 1.02520569
2.39302103 7.87505731 3.55611887 6.23256823 1.02672237
2.39338472 7.87545867 3.55831589 6.22945782 1.02818972
2.39373364 7.87585182 3.56047676 6.22639724 1.02960921
2.39406806 7.87623688 3.56260196 6.22338583 1.03098231
2.39438826 7.87661401 3.56469201 6.22042291 1.03231043
2.39469454 7.87698333 3.56674740 6.21750781 1.03359497
2.39498716 7.87734499 3.56876864 6.21463987 1.03483727
2.39526641 7.87769911 3.57075621 6.21181840 1.03603865
2.39553257 7.87804583 3.57271063 6.20904275 1.03720040
2.39578592 7.87838529 3.57463237 6.20631225 1.03832378
2.39602672 7.87871761 3.57652195 6.20362623 1.03941000
2.39625525 7.87904293 3.57837984 6.20098403 1.04046025
2.39647177 7.87936136 3.58020653 6.19838501 1.04147569
2.39667657 7.87967306 3.58200252 6.19582850 1.04245745
2.39686989 7.87997813 3.58376827 6.19331386 1.04340660
2.39705201 7.88027670 3.58550426 6.19084045 1.04432423
2.39722318 7.88056890 3.58721098 6.18840762 1.04521134
2.39738366 7.88085485 3.58888887 6.18601476 1.04606896
2.39753369 7.88113466 3.59053842 6.18366122 1.04689804
2.39767353 7.88140847 3.59216008 6.18134639 1.04769952
2.39780344 7.88167638 3.59375430 6.17906967 1.04847433
2.39792364 7.88193851 3.59532153 6.17683042 1.04922335
2.39803437 7.88219497 3.59686223 6.17462807 1.04994744
2.39813589 7.88244589 3.59837681 6.17246200 1.05064742
2.39822841 7.88269136 3.59986574 6.17033164 1.05132411
2.39831217 7.88293149 3.60132942 6.16823639 1.05197829
2.39838740 7.88316640 3.60276829 6.16617570 1.05261071
2.39845431 7.88339619 3.60418276 6.16414898 1.05322210
2.39851313 7.88362096 3.60557325 6.16215568 1.05381318
2.39856408 7.88384082 3.60694016 6.16019525 1.05438462
2.39860735 7.88405587 3.60828389 6.15826714 1.05493709
2.39864317 7.88426620 3.60960485 6.15637081 1.05547124
2.39867174 7.88447191 3.61090342 6.15450574 1.05598768
2.39869326 7.88467310 3.61217999 6.15267140 1.05648702
2.39870792 7.88486987 3.61343494 6.15086726 1.05696983
2.39871592 7.88506229 3.61466863 6.14909284 1.05743667
2.39871745 7.88525047 3.61588145 6.14734761 1.05788810
2.39871271 7.88543450 3.61707374 6.14563110 1.05832463
2.39870186 7.88561446 3.61824588 6.14394281 1.05874676
2.39868510 7.88579043 3.61939820 6.14228227 1.05915500
2.39866259 7.88596250 3.62053106 6.14064900 1.05954981
2.39863452 7.88613076 3.62164480 6.13904253 1.05993164
2.39860105 7.88629529 3.62273975 6.13746242 1.06030095
2.39856235 7.88645616 3.62381624 6.13590821 1.06065815
2.39851858 7.88661345 3.62487460 6.13437947 1.06100366
2.39846991 7.88676724 3.62591514 6.13287574 1.06133788
2.39841648 7.88691760 3.62693817 6.13139661 1.06166119
2.39835845 7.88706461 3.62794402 6.12994165 1.06197396
2.39829597 7.88720834 3.62893297 6.12851045 1.06227656
2.39822920 7.88734887 3.62990534 6.12710261 1.06256931
2.39815826 7.88748625 3.63086140 6.12571771 1.06285257
2.39808331 7.88762056 3.63180145 6.12435536 1.06312665
2.39800448 7.88775187 3.63272578 6.12301519 1.06339186
2.39792191 7.88788023 3.63363466 6.12169680 1.06364851
2.39783572 7.88800572 3.63452836 6.12039981 1.06389688
2.39774605 7.88812840 3.63540715 6.11912388 1.06413725
2.39765302 7.88824833 3.63627130 6.11786862 1.06436990
2.39755675 7.88836556 3.63712107 6.11663368 1.06459508
2.39745737 7.88848016 3.63795670 6.11541872 1.06481305
2.39735499 7.88859218 3.63877846 6.11422338 1.06502405
2.39724973 7.88870169 3.63958659 6.11304734 1.06522832
2.39714170 7.88880873 3.64038132 6.11189026 1.06542608
2.39703101 7.88891337 3.64116290 6.11075181 1.06561755
2.39691777 7.88901565 3.64193156 6.10963167 1.06580294
2.39680207 7.88911562 3.64268753 6.10852953 1.06598245
2.39668403 7.88921334 3.64343103 6.10744508 1.06615629
2.39656374 7.88930886 3.64416228 6.10637801 1.06632463
2.39644130 7.88940223 3.64488150 6.10532803 1.06648767
2.39631680 7.88949348 3.64558890 6.10429483 1.06664559
2.39619034 7.88958268 3.64628470 6.10327814 1.06679854
2.39606201 7.88966986 3.64696909 6.10227767 1.06694671
2.39593188 7.88975508 3.64764228 6.10129314 1.06709023
2.39580006 7.88983836 3.64830446 6.10032428 1.06722928
2.39566662 7.88991977 3.64895583 6.09937082 1.06736400
2.39553165 7.88999933 3.64959658 6.09843249 1.06749452
2.39539522 7.89007709 3.65022690 6.09750905 1.06762100
2.39525741 7.89015310 3.65084696 6.09660022 1.06774356
2.39511829 7.89022738 3.65145696 6.09570577 1.06786233
2.39497795 7.89029998 3.65205707 6.09482545 1.06797743
2.39483644 7.89037093 3.65264745 6.09395901 1.06808899
2.39469385 7.89044028 3.65322829 6.09310622 1.06819713
2.39455023 7.89050806 3.65379974 6.09226685 1.06830194
2.39440566 7.89057429 3.65436198 6.09144068 1.06840355
2.39426020 7.89063903 3.65491516 6.09062746 1.06850206
2.39411390 7.89070230 3.65545944 6.08982700 1.06859756
2.39396684 7.89076413 3.65599498 6.08903906 1.06869015
2.39381907 7.89082456 3.65652193 6.08826344 1.06877994
2.39367064 7.89088362 3.65704044 6.08749993 1.06886700
2.39352162 7.89094133 3.65755066 6.08674833 1.06895143
2.39337205 7.89099774 3.65805273 6.08600842 1.06903331
2.39322200 7.89105286 3.65854679 6.08528003 1.06911272
2.39307150 7.89110673 3.65903298 6.08456294 1.06918975
2.39292062 7.89115938 3.65951143 6.08385698 1.06926447
2.39276939 7.89121083 3.65998229 6.08316195 1.06933695
2.39261787 7.89126111 3.66044568 6.08247767 1.06940726
2.39246610 7.89131024 3.66090174 6.08180397 1.06947547
2.39231413 7.89135826 3.66135058 6.08114065 1.06954166
2.39216199 7.89140519 3.66179233 6.08048756 1.06960588
2.39200974 7.89145105 3.66222712 6.07984451 1.06966819
2.39185740 7.89149586 3.66265506 6.07921135 1.06972866
2.39170502 7.89153966 3.66307628 6.07858790 1.06978735
2.39155264 7.89158245 3.66349088 6.07797401 1.06984430
2.39140030 7.89162428 3.66389898 6.07736951 1.06989958
2.39124802 7.89166515 3.66430069 6.07677425 1.06995324
2.39109585 7.89170509 3.66469612 6.07618808 1.07000533
2.39094381 7.89174411 3.66508538 6.07561084 1.07005589
2.39079195 7.89178226 3.66546857 6.07504239 1.07010497
2.39064028 7.89181953 3.66584580 6.07448259 1.07015263
2.39048885 7.89185595 3.66621717 6.07393128 1.07019890
2.39033767 7.89189154 3.66658277 6.07338833 1.07024383
2.39018679 7.89192632 3.66694270 6.07285361 1.07028745
2.39003622 7.89196030 3.66729707 6.07232697 1.07032982
2.38988599 7.89199352 3.66764596 6.07180828 1.07037096
2.38973613 7.89202597 3.66798946 6.07129742 1.07041092
2.38958666 7.89205768 3.66832768 6.07079426 1.07044972
2.38943760 7.89208867 3.66866069 6.07029866 1.07048742
2.38928899 7.89211896 3.66898858 6.06981051 1.07052403
2.38914084 7.89214855 3.66931144 6.06932968 1.07055960
2.38899316 7.89217747 3.66962936 6.06885606 1.07059416
2.38884600 7.89220572 3.66994241 6.06838953 1.07062772
2.38869935 7.89223334 3.67025068 6.06792997 1.07066034
2.38855324 7.89226032 3.67055425 6.06747727 1.07069203
2.38840770 7.89228668 3.67085319 6.06703132 1.07072282
2.38826273 7.89231245 3.67114759 6.06659201 1.07075274
2.38811835 7.89233762 3.67143751 6.06615923 1.07078181
2.38797459 7.89236222 3.67172304 6.06573288 1.07081007
2.38783145 7.89238626 3.67200424 6.06531285 1.07083753
2.38768895 7.89240975 3.67228119 6.06489904 1.07086422
2.38754710 7.89243271 3.67255396 6.06449136 1.07089016
2.38740593 7.89245514 3.67282261 6.06408970 1.07091538
2.38726543 7.89247705 3.67308721 6.06369396 1.07093989
2.38712563 7.89249847 3.67334784 6.06330406 1.07096371
2.38698654 7.89251939 3.67360455 6.06291989 1.07098688
2.38684816 7.89253984 3.67385741 6.06254137 1.07100940
2.38671051 7.89255982 3.67410649 6.06216841 1.07103129
2.38657360 7.89257935 3.67435183 6.06180092 1.07105258
2.38643744 7.89259843 3.67459352 6.06143881 1.07107328
2.38630203 7.89261707 3.67483160 6.06108200 1.07109340
2.38616739 7.89263528 3.67506613 6.06073040 1.07111298
2.38603353 7.89265308 3.67529717 6.06038393 1.07113201
2.38590045 7.89267048 3.67552478 6.06004251 1.07115052
2.38576816 7.89268747 3.67574902 6.05970606 1.07116852
2.38563666 7.89270408 3.67596993 6.05937450 1.07118603
2.38550598 7.89272030 3.67618758 6.05904776 1.07120306
2.38537610 7.89273616 3.67640201 6.05872575 1.07121962
2.38524703 7.89275165 3.67661327 6.05840841 1.07123574
2.38511879 7.89276679 3.67682142 6.05809566 1.07125141
2.38499138 7.89278159 3.67702651 6.05778743 1.07126666
2.38486480 7.89279604 3.67722859 6.05748364 1.07128149
2.38473905 7.89281016 3.67742770 6.05718424 1.07129592
2.38461414 7.89282396 3.67762389 6.05688915 1.07130996
2.38449008 7.89283745 3.67781721 6.05659830 1.07132362
2.38436686 7.89285063 3.67800771 6.05631163 1.07133691
2.38424450 7.89286350 3.67819542 6.05602907 1.07134985
2.38412298 7.89287608 3.67838039 6.05575057 1.07136243
2.38400232 7.89288838 3.67856268 6.05547605 1.07137468
2.38388252 7.89290039 3.67874231 6.05520545 1.07138659
2.38376358 7.89291213 3.67891933 6.05493872 1.07139819
2.38364550 7.89292360 3.67909379 6.05467580 1.07140948
2.38352828 7.89293480 3.67926571 6.05441662 1.07142046
2.38341193 7.89294575 3.67943515 6.05416113 1.07143116
2.38329644 7.89295645 3.67960215 6.05390927 1.07144156
2.38318181 7.89296691 3.67976673 6.05366099 1.07145169
2.38306805 7.89297713 3.67992894 6.05341624 1.07146155
2.38295516 7.89298711 3.68008881 6.05317495 1.07147115
2.38284313 7.89299686 3.68024639 6.05293707 1.07148049
2.38273196 7.89300639 3.68040170 6.05270256 1.07148959
2.38262167 7.89301571 3.68055479 6.05247137 1.07149844
2.38251223 7.89302481 3.68070568 6.05224343 1.07150706
2.38240366 7.89303370 3.68085442 6.05201871 1.07151546
2.38229595 7.89304239 3.68100102 6.05179714 1.07152363
2.38218910 7.89305088 3.68114554 6.05157870 1.07153159
2.38208312 7.89305917 3.68128800 6.05136332 1.07153933
2.38197799 7.89306728 3.68142843 6.05115097 1.07154687
2.38187371 7.89307520 3.68156686 6.05094159 1.07155422
2.38177030 7.89308294 3.68170332 6.05073515 1.07156137
2.38166773 7.89309050 3.68183785 6.05053159 1.07156834
2.38156602 7.89309789 3.68197047 6.05033088 1.07157512
2.38146515 7.89310511 3.68210122 6.05013297 1.07158172
2.38136513 7.89311217 3.68223011 6.04993782 1.07158816
2.38126595 7.89311906 3.68235719 6.04974538 1.07159442
2.38116761 7.89312580 3.68248248 6.04955563 1.07160052
2.38107011 7.89313238 3.68260599 6.04936851 1.07160647
2.38097345 7.89313881 3.68272778 6.04918399 1.07161225
2.38087762 7.89314510 3.68284784 6.04900204 1.07161789
2.38078262 7.89315124 3.68296623 6.04882260 1.07162338
2.38068844 7.89315724 3.68308295 6.04864565 1.07162873
2.38059508 7.89316311 3.68319804 6.04847115 1.07163394
2.38050254 7.89316884 3.68331152 6.04829905 1.07163902
2.38041082 7.89317443 3.68342341 6.04812934 1.07164396
2.38031991 7.89317991 3.68353374 6.04796196 1.07164878
2.38022981 7.89318525 3.68364253 6.04779689 1.07165347
2.38014051 7.89319048 3.68374980 6.04763410 1.07165804
2.38005202 7.89319558 3.68385558 6.04747354 1.07166250
2.37996431 7.89320057 3.68395989 6.04731519 1.07166684
2.37987740 7.89320544 3.68406275 6.04715901 1.07167106
2.37979128 7.89321021 3.68416419 6.04700497 1.07167518
2.37970595 7.89321486 3.68426422 6.04685305 1.07167920
2.37962139 7.89321941 3.68436286 6.04670320 1.07168311
2.37953761 7.89322385 3.68446014 6.04655540 1.07168692
2.37945460 7.89322819 3.68455608 6.04640963 1.07169063
2.37937236 7.89323244 3.68465069 6.04626584 1.07169425
2.37929088 7.89323658 3.68474400 6.04612401 1.07169777
2.37921016 7.89324064 3.68483603 6.04598412 1.07170120
2.37913019 7.89324460 3.68492678 6.04584613 1.07170455
2.37905098 7.89324847 3.68501629 6.04571002 1.07170781
2.37897250 7.89325225 3.68510457 6.04557575 1.07171099
2.37889477 7.89325594 3.68519164 6.04544331 1.07171409
2.37881777 7.89325955 3.68527752 6.04531267 1.07171711
2.37874151 7.89326308 3.68536222 6.04518380 1.07172005
2.37866597 7.89326653 3.68544577 6.04505667 1.07172292
2.37859115 7.89326990 3.68552817 6.04493126 1.07172571
2.37851705 7.89327319 3.68560944 6.04480755 1.07172844
2.37844366 7.89327641 3.68568961 6.04468551 1.07173109
2.37837097 7.89327955 3.68576869 6.04456511 1.07173368
2.37829899 7.89328262 3.68584669 6.04444634 1.07173620
2.37822771 7.89328563 3.68592363 6.04432917 1.07173866
2.37815712 7.89328856 3.68599952 6.04421358 1.07174106
2.37808722 7.89329143 3.68607439 6.04409954 1.07174339
2.37801800 7.89329423 3.68614824 6.04398704 1.07174567
2.37794945 7.89329697 3.68622109 6.04387604 1.07174789
2.37788158 7.89329964 3.68629295 6.04376654 1.07175005
2.37781438 7.89330226 3.68636384 6.04365850 1.07175216
2.37774785 7.89330481 3.68643377 6.04355191 1.07175421
2.37768197 7.89330731 3.68650276 6.04344675 1.07175622
2.37761674 7.89330975 3.68657082 6.04334299 1.07175817
2.37755216 7.89331214 3.68663796 6.04324062 1.07176008
2.37748823 7.89331447 3.68670420 6.04313962 1.07176193
2.37742493 7.89331675 3.68676955 6.04303997 1.07176374
2.37736227 7.89331897 3.68683402 6.04294164 1.07176551
2.37730023 7.89332115 3.68689762 6.04284463 1.07176723
2.37723882 7.89332327 3.68696037 6.04274890 1.07176890
2.37717803 7.89332535 3.68702228 6.04265445 1.07177054
2.37711786 7.89332738 3.68708336 6.04256126 1.07177213
2.37705829 7.89332937 3.68714362 6.04246930 1.07177369
2.37699932 7.89333131 3.68720308 6.04237857 1.07177520
2.37694096 7.89333320 3.68726174 6.04228904 1.07177668
2.37688319 7.89333506 3.68731962 6.04220069 1.07177812
2.37682601 7.89333687 3.68737673 6.04211352 1.07177952
2.37676941 7.89333864 3.68743308 6.04202750 1.07178089
2.37671339 7.89334037 3.68748867 6.04194261 1.07178223
2.37665795 7.89334206 3.68754353 6.04185885 1.07178353
2.37660308 7.89334371 3.68759766 6.04177620 1.07178480
2.37654878 7.89334532 3.68765107 6.04169463 1.07178604
2.37649503 7.89334690 3.68770376 6.04161415 1.07178724
2.37644184 7.89334844 3.68775576 6.04153472 1.07178842
2.37638920 7.89334995 3.68780708 6.04145634 1.07178957
2.37633711 7.89335143 3.68785771 6.04137899 1.07179069
2.37628556 7.89335287 3.68790767 6.04130266 1.07179178
2.37623454 7.89335427 3.68795697 6.04122733 1.07179284
2.37618406 7.89335565 3.68800562 6.04115299 1.07179388
2.37613410 7.89335699 3.68805363 6.04107963 1.07179489
2.37608467 7.89335831 3.68810100 6.04100723 1.07179588
2.37603576 7.89335959 3.68814775 6.04093578 1.07179684
2.37598736 7.89336085 3.68819388 6.04086526 1.07179778
2.37593946 7.89336208 3.68823941 6.04079567 1.07179870
2.37589208 7.89336328 3.68828433 6.04072699 1.07179959
2.37584519 7.89336445 3.68832867 6.04065921 1.07180046
2.37579880 7.89336560 3.68837242 6.04059231 1.07180131
2.37575290 7.89336672 3.68841560 6.04052629 1.07180214
2.37570748 7.89336781 3.68845822 6.04046113 1.07180295
2.37566255 7.89336888 3.68850027 6.04039682 1.07180373
2.37561809 7.89336993 3.68854177 6.04033335 1.07180450
2.37557411 7.89337095 3.68858273 6.04027070 1.07180525
2.37553060 7.89337195 3.68862316 6.04020887 1.07180598
2.37548755 7.89337293 3.68866305 6.04014785 1.07180669
2.37544496 7.89337389 3.68870243 6.04008762 1.07180739
2.37540282 7.89337482 3.68874129 6.04002817 1.07180807
2.37536114 7.89337574 3.68877964 6.03996949 1.07180873
2.37531991 7.89337663 3.68881749 6.03991158 1.07180937
2.37527911 7.89337750 3.68885485 6.03985442 1.07181000
2.37523876 7.89337836 3.68889173 6.03979799 1.07181061
2.37519884 7.89337919 3.68892812 6.03974230 1.07181121
2.37515935 7.89338001 3.68896404 6.03968734 1.07181180
2.37512029 7.89338080 3.68899949 6.03963308 1.07181236
2.37508165 7.89338158 3.68903449 6.03957952 1.07181292
2.37504343 7.89338234 3.68906902 6.03952666 1.07181346
2.37500562 7.89338309 3.68910311 6.03947448 1.07181399
2.37496823 7.89338382 3.68913676 6.03942298 1.07181450
2.37493124 7.89338453 3.68916997 6.03937214 1.07181501
2.37489465 7.89338523 3.68920276 6.03932196 1.07181550
2.37485846 7.89338591 3.68923511 6.03927242 1.07181598
2.37482266 7.89338657 3.68926705 6.03922352 1.07181644
2.37478726 7.89338722 3.68929858 6.03917525 1.07181690
2.37475224 7.89338786 3.68932970 6.03912761 1.07181734
2.37471760 7.89338848 3.68936041 6.03908058 1.07181777
2.37468335 7.89338909 3.68939073 6.03903415 1.07181820
2.37464947 7.89338969 3.68942066 6.03898832 1.07181861
2.37461596 7.89339027 3.68945021 6.03894308 1.07181901
2.37458282 7.89339084 3.68947937 6.03889841 1.07181940
2.37455004 7.89339139 3.68950816 6.03885433 1.07181978
2.37451762 7.89339194 3.68953657 6.03881081 1.07182016
2.37448557 7.89339247 3.68956463 6.03876784 1.07182052
2.37445386 7.89339299 3.68959232 6.03872543 1.07182088
2.37442250 7.89339350 3.68961965 6.03868356 1.07182122
2.37439149 7.89339400 3.68964664 6.03864223 1.07182156
2.37436083 7.89339448 3.68967327 6.03860143 1.07182189
2.37433050 7.89339496 3.68969957 6.03856115 1.07182221
2.37430051 7.89339542 3.68972553 6.03852138 1.07182252
2.37427085 7.89339588 3.68975115 6.03848212 1.07182283
2.37424152 7.89339632 3.68977645 6.03844337 1.07182313
2.37421252 7.89339676 3.68980142 6.03840510 1.07182342
2.37418384 7.89339718 3.68982608 6.03836733 1.07182370
2.37415548 7.89339760 3.68985042 6.03833004 1.07182398
2.37412743 7.89339801 3.68987444 6.03829323 1.07182425
2.37409970 7.89339841 3.68989816 6.03825688 1.07182451
2.37407227 7.89339880 3.68992158 6.03822100 1.07182477
2.37404515 7.89339918 3.68994470 6.03818558 1.07182502
2.37401834 7.89339955 3.68996752 6.03815060 1.07182527
2.37399182 7.89339991 3.68999006 6.03811607 1.07182551
2.37396561 7.89340027 3.69001230 6.03808198 1.07182574
2.37393968 7.89340062 3.69003426 6.03804833 1.07182597
2.37391405 7.89340096 3.69005595 6.03801510 1.07182619
2.37388870 7.89340129 3.69007735 6.03798229 1.07182640
2.37386364 7.89340162 3.69009849 6.03794991 1.07182662
2.37383886 7.89340194 3.69011935 6.03791793 1.07182682
2.37381436 7.89340225 3.69013995 6.03788636 1.07182702
2.37379013 7.89340256 3.69016029 6.03785518 1.07182722
2.37376618 7.89340286 3.69018037 6.03782441 1.07182741
2.37374250 7.89340315 3.69020019 6.03779402 1.07182760
2.37371908 7.89340344 3.69021977 6.03776402 1.07182778
2.37369593 7.89340372 3.69023909 6.03773440 1.07182796
2.37367304 7.89340399 3.69025817 6.03770516 1.07182813
2.37365041 7.89340426 3.69027701 6.03767628 1.07182830
2.37362803 7.89340452 3.69029561 6.03764777 1.07182846
2.37360591 7.89340478 3.69031397 6.03761962 1.07182862
2.37358404 7.89340503 3.69033210 6.03759183 1.07182878
2.37356242 7.89340528 3.69035000 6.03756439 1.07182893
2.37354104 7.89340552 3.69036768 6.03753729 1.07182908
2.37351990 7.89340575 3.69038513 6.03751054 1.07182923
2.37349901 7.89340598 3.69040236 6.03748412 1.07182937
2.37347835 7.89340621 3.69041938 6.03745804 1.07182951
2.37345793 7.89340643 3.69043617 6.03743229 1.07182965
2.37343774 7.89340664 3.69045276 6.03740686 1.07182978
2.37341777 7.89340685 3.69046914 6.03738175 1.07182991
2.37339804 7.89340706 3.69048531 6.03735696 1.07183003
2.37337853 7.89340726 3.69050127 6.03733248 1.07183016
2.37335925 7.89340746 3.69051704 6.03730831 1.07183028
2.37334018 7.89340766 3.69053261 6.03728444 1.07183039
2.37332133 7.89340784 3.69054798 6.03726088 1.07183051
2.37330270 7.89340803 3.69056315 6.03723761 1.07183062
2.37328428 7.89340821 3.69057814 6.03721463 1.07183073
2.37326607 7.89340839 3.69059294 6.03719194 1.07183083
2.37324807 7.89340856 3.69060755 6.03716954 1.07183093
2.37323027 7.89340873 3.69062198 6.03714742 1.07183104
2.37321268 7.89340890 3.69063622 6.03712557 1.07183113
2.37319529 7.89340907 3.69065029 6.03710401 1.07183123
2.37317810 7.89340923 3.69066418 6.03708271 1.07183132
2.37316111 7.89340938 3.69067790 6.03706168 1.07183142
2.37314431 7.89340954 3.69069144 6.03704091 1.07183150
2.37312771 7.89340969 3.69070481 6.03702040 1.07183159
2.37311129 7.89340983 3.69071802 6.03700015 1.07183168
2.37309507 7.89340998 3.69073106 6.03698016 1.07183176
2.37307903 7.89341012 3.69074394 6.03696041 1.07183184
2.37306318 7.89341026 3.69075665 6.03694091 1.07183192
2.37304751 7.89341039 3.69076921 6.03692166 1.07183200
2.37303202 7.89341052 3.69078161 6.03690265 1.07183207
2.37301670 7.89341065 3.69079385 6.03688387 1.07183214
2.37300157 7.89341078 3.69080594 6.03686533 1.07183222
2.37298661 7.89341090 3.69081788 6.03684703 1.07183228
2.37297182 7.89341102 3.69082967 6.03682895 1.07183235
2.37295720 7.89341114 3.69084131 6.03681110 1.07183242
2.37294275 7.89341126 3.69085281 6.03679347 1.07183248
2.37292847 7.89341138 3.69086417 6.03677606 1.07183255
2.37291436 7.89341149 3.69087538 6.03675887 1.07183261
2.37290040 7.89341160 3.69088645 6.03674189 1.07183267
2.37288661 7.89341170 3.69089738 6.03672512 1.07183273
2.37287298 7.89341181 3.69090818 6.03670857 1.07183279
2.37285951 7.89341191 3.69091884 6.03669222 1.07183284
2.37284619 7.89341201 3.69092937 6.03667607 1.07183290
2.37283303 7.89341211 3.69093977 6.03666013 1.07183295
2.37282002 7.89341221 3.69095003 6.03664438 1.07183300
2.37280716 7.89341230 3.69096017 6.03662884 1.07183305
2.37279445 7.89341240 3.69097019 6.03661348 1.07183310
2.37278189 7.89341249 3.69098007 6.03659832 1.07183315
2.37276947 7.89341258 3.69098984 6.03658334 1.07183320
2.37275720 7.89341267 3.69099948 6.03656855 1.07183324
2.37274507 7.89341275 3.69100901 6.03655395 1.07183329
2.37273308 7.89341284 3.69101841 6.03653953 1.07183333
2.37272123 7.89341292 3.69102770 6.03652529 1.07183337
2.37270952 7.89341300 3.69103687 6.03651122 1.07183342
2.37269795 7.89341308 3.69104593 6.03649733 1.07183346
2.37268651 7.89341316 3.69105488 6.03648361 1.07183350
2.37267520 7.89341323 3.69106371 6.03647007 1.07183353
2.37266403 7.89341331 3.69107244 6.03645669 1.07183357
2.37265299 7.89341338 3.69108105 6.03644347 1.07183361
2.37264207 7.89341345 3.69108956 6.03643043 1.07183364
2.37263128 7.89341352 3.69109797 6.03641754 1.07183368
2.37262062 7.89341359 3.69110627 6.03640481 1.07183371
2.37261009 7.89341366 3.69111446 6.03639225 1.07183375
2.37259967 7.89341372 3.69112256 6.03637983 1.07183378
2.37258938 7.89341379 3.69113055 6.03636758 1.07183381
2.37257921 7.89341385 3.69113845 6.03635547 1.07183384
2.37256916 7.89341391 3.69114624 6.03634351 1.07183387
2.37255922 7.89341398 3.69115394 6.03633171 1.07183390
2.37254940 7.89341404 3.69116155 6.03632005 1.07183393
2.37253970 7.89341409 3.69116906 6.03630853 1.07183396
2.37253011 7.89341415 3.69117648 6.03629716 1.07183399
2.37252063 7.89341421 3.69118380 6.03628592 1.07183401
2.37251126 7.89341426 3.69119104 6.03627483 1.07183404
2.37250201 7.89341432 3.69119818 6.03626387 1.07183407
2.37249286 7.89341437 3.69120524 6.03625305 1.07183409
2.37248382 7.89341442 3.69121221 6.03624237 1.07183411
2.37247488 7.89341448 3.69121909 6.03623181 1.07183414
2.37246605 7.89341453 3.69122589 6.03622139 1.07183416
2.37245733 7.89341457 3.69123260 6.03621109 1.07183418
2.37244870 7.89341462 3.69123923 6.03620093 1.07183421
2.37244018 7.89341467 3.69124578 6.03619089 1.07183423
2.37243176 7.89341472 3.69125225 6.03618097 1.07183425
2.37242344 7.89341476 3.69125864 6.03617118 1.07183427
2.37241521 7.89341481 3.69126495 6.03616150 1.07183429
2.37240708 7.89341485 3.69127118 6.03615195 1.07183431
2.37239905 7.89341489 3.69127733 6.03614251 1.07183433
2.37239111 7.89341494 3.69128341 6.03613319 1.07183435
2.37238326 7.89341498 3.69128941 6.03612399 1.07183436
2.37237551 7.89341502 3.69129534 6.03611490 1.07183438
2.37236785 7.89341506 3.69130120 6.03610592 1.07183440
2.37236028 7.89341510 3.69130698 6.03609706 1.07183442
2.37235280 7.89341514 3.69131269 6.03608830 1.07183443
2.37234540 7.89341518 3.69131833 6.03607965 1.07183445
2.37233810 7.89341521 3.69132391 6.03607111 1.07183446
2.37233088 7.89341525 3.69132941 6.03606267 1.07183448
2.37232374 7.89341528 3.69133484 6.03605434 1.07183449
2.37231669 7.89341532 3.69134021 6.03604611 1.07183451
2.37230972 7.89341535 3.69134551 6.03603798 1.07183452
2.37230284 7.89341539 3.69135075 6.03602995 1.07183454
2.37229603 7.89341542 3.69135592 6.03602202 1.07183455
2.37228931 7.89341545 3.69136103 6.03601419 1.07183456
2.37228267 7.89341549 3.69136608 6.03600646 1.07183458
2.37227610 7.89341552 3.69137106 6.03599882 1.07183459
2.37226961 7.89341555 3.69137598 6.03599127 1.07183460
2.37226320 7.89341558 3.69138084 6.03598382 1.07183461
2.37225687 7.89341561 3.69138564 6.03597646 1.07183463
2.37225060 7.89341564 3.69139039 6.03596919 1.07183464
2.37224442 7.89341567 3.69139507 6.03596201 1.07183465
2.37223830 7.89341570 3.69139970 6.03595492 1.07183466
2.37223226 7.89341572 3.69140427 6.03594791 1.07183467
2.37222629 7.89341575 3.69140878 6.03594099 1.07183468
2.37222040 7.89341578 3.69141324 6.03593416 1.07183469
