5.69982275 7.36456069 9.44735605 0.14728750 0.05357684
5.70151954 7.36407792 9.44730211 0.14779065 0.05391454
5.70322521 7.36359264 9.44724791 0.14829642 0.05425579
5.70493984 7.36310482 9.44719343 0.14880483 0.05460063
5.70666351 7.36261444 9.44713868 0.14931590 0.05494912
5.70839630 7.36212148 9.44708366 0.14982966 0.05530131
5.71013829 7.36162592 9.44702835 0.15034613 0.05565724
5.71188958 7.36112772 9.44697276 0.15086534 0.05601699
5.71365024 7.36062687 9.44691689 0.15138730 0.05638059
5.71542035 7.36012335 9.44686073 0.15191205 0.05674812
5.71720001 7.35961712 9.44680428 0.15243961 0.05711962
5.71898931 7.35910816 9.44674755 0.15297001 0.05749515
5.72078832 7.35859645 9.44669051 0.15350327 0.05787477
5.72259715 7.35808197 9.44663318 0.15403942 0.05825854
5.72441588 7.35756468 9.44657555 0.15457848 0.05864653
5.72624460 7.35704457 9.44651762 0.15512049 0.05903880
5.72808342 7.35652160 9.44645938 0.15566547 0.05943541
5.72993241 7.35599575 9.44640084 0.15621344 0.05983642
5.73179169 7.35546699 9.44634199 0.15676444 0.06024190
5.73366134 7.35493529 9.44628282 0.15731850 0.06065192
5.73554146 7.35440063 9.44622333 0.15787564 0.06106655
5.73743216 7.35386298 9.44616353 0.15843589 0.06148585
5.73933353 7.35332231 9.44610341 0.15899929 0.06190991
5.74124568 7.35277859 9.44604296 0.15956585 0.06233878
5.74316870 7.35223179 9.44598218 0.16013562 0.06277255
5.74510271 7.35168189 9.44592107 0.16070862 0.06321128
5.74704781 7.35112885 9.44585963 0.16128489 0.06365507
5.74900411 7.35057264 9.44579785 0.16186444 0.06410398
5.75097171 7.35001324 9.44573573 0.16244733 0.06455809
5.75295073 7.34945060 9.44567327 0.16303358 0.06501748
5.75494127 7.34888471 9.44561046 0.16362322 0.06548225
5.75694345 7.34831553 9.44554730 0.16421628 0.06595246
5.75895739 7.34774302 9.44548379 0.16481280 0.06642822
5.76098320 7.34716716 9.44541993 0.16541282 0.06690960
5.76302099 7.34658790 9.44535570 0.16601636 0.06739669
5.76507089 7.34600523 9.44529111 0.16662346 0.06788959
5.76713302 7.34541909 9.44522615 0.16723416 0.06838839
5.76920749 7.34482947 9.44516083 0.16784850 0.06889317
5.77129444 7.34423632 9.44509513 0.16846650 0.06940405
5.77339399 7.34363961 9.44502905 0.16908821 0.06992111
5.77550626 7.34303930 9.44496259 0.16971366 0.07044447
5.77763138 7.34243537 9.44489575 0.17034289 0.07097421
5.77976949 7.34182776 9.44482852 0.17097595 0.07151044
5.78192071 7.34121644 9.44476089 0.17161285 0.07205327
5.78408518 7.34060138 9.44469287 0.17225366 0.07260281
5.78626304 7.33998254 9.44462446 0.17289840 0.07315917
5.78845442 7.33935988 9.44455563 0.17354712 0.07372246
5.79065946 7.33873336 9.44448641 0.17419986 0.07429280
5.79287830 7.33810294 9.44441676 0.17485665 0.07487030
5.79511109 7.33746858 9.44434671 0.17551755 0.07545508
5.79735797 7.33683024 9.44427623 0.17618258 0.07604726
5.79961909 7.33618788 9.44420533 0.17685181 0.07664698
5.80189459 7.33554145 9.44413401 0.17752526 0.07725435
5.80418463 7.33489092 9.44406224 0.17820299 0.07786950
5.80648935 7.33423624 9.44399005 0.17888503 0.07849258
5.80880893 7.33357737 9.44391741 0.17957144 0.07912371
5.81114350 7.33291426 9.44384433 0.18026226 0.07976302
5.81349324 7.33224687 9.44377079 0.18095753 0.08041067
5.81585830 7.33157516 9.44369681 0.18165731 0.08106680
5.81823884 7.33089907 9.44362236 0.18236164 0.08173154
5.82063503 7.33021856 9.44354745 0.18307057 0.08240506
5.82304705 7.32953359 9.44347207 0.18378415 0.08308750
5.82547505 7.32884411 9.44339622 0.18450242 0.08377901
5.82791922 7.32815006 9.44331989 0.18522545 0.08447977
5.83037972 7.32745141 9.44324308 0.18595327 0.08518992
5.83285674 7.32674809 9.44316577 0.18668595 0.08590964
5.83535046 7.32604006 9.44308798 0.18742353 0.08663910
5.83786105 7.32532727 9.44300969 0.18816607 0.08737846
5.84038870 7.32460966 9.44293089 0.18891362 0.08812791
5.84293360 7.32388719 9.44285159 0.18966623 0.08888762
5.84549594 7.32315980 9.44277177 0.19042397 0.08965778
5.84807592 7.32242744 9.44269143 0.19118689 0.09043857
5.85067372 7.32169004 9.44261057 0.19195504 0.09123019
5.85328954 7.32094756 9.44252918 0.19272849 0.09203284
5.85592359 7.32019995 9.44244726 0.19350729 0.09284671
5.85857607 7.31944713 9.44236479 0.19429149 0.09367201
5.86124718 7.31868906 9.44228177 0.19508117 0.09450895
5.86393714 7.31792568 9.44219821 0.19587638 0.09535773
5.86664615 7.31715693 9.44211408 0.19667719 0.09621859
5.86937443 7.31638274 9.44202939 0.19748365 0.09709174
5.87212220 7.31560306 9.44194413 0.19829583 0.09797740
5.87488968 7.31481782 9.44185829 0.19911380 0.09887582
5.87767709 7.31402697 9.44177187 0.19993761 0.09978722
5.88048466 7.31323043 9.44168487 0.20076734 0.10071185
5.88331262 7.31242815 9.44159726 0.20160306 0.10164997
5.88616121 7.31162006 9.44150906 0.20244482 0.10260181
5.88903065 7.31080609 9.44142025 0.20329271 0.10356765
5.89192119 7.30998618 9.44133082 0.20414678 0.10454774
5.89483306 7.30916025 9.44124077 0.20500711 0.10554235
5.89776653 7.30832825 9.44115010 0.20587378 0.10655177
5.90072183 7.30749009 9.44105879 0.20674685 0.10757626
5.90369922 7.30664571 9.44096683 0.20762640 0.10861613
5.90669896 7.30579504 9.44087423 0.20851250 0.10967167
5.90972130 7.30493801 9.44078098 0.20940523 0.11074317
5.91276651 7.30407453 9.44068706 0.21030467 0.11183095
5.91583485 7.30320455 9.44059247 0.21121088 0.11293532
5.91892660 7.30232797 9.44049721 0.21212396 0.11405659
5.92204202 7.30144473 9.44040126 0.21304398 0.11519511
5.92518140 7.30055475 9.44030462 0.21397102 0.11635120
5.92834502 7.29965795 9.44020729 0.21490516 0.11752521
5.93153316 7.29875424 9.44010924 0.21584649 0.11871748
5.93474611 7.29784356 9.44001048 0.21679509 0.11992838
5.93798416 7.29692582 9.43991100 0.21775105 0.12115828
5.94124761 7.29600092 9.43981079 0.21871445 0.12240754
5.94453676 7.29506881 9.43970984 0.21968537 0.12367655
5.94785191 7.29412937 9.43960815 0.22066391 0.12496570
5.95119337 7.29318254 9.43950570 0.22165016 0.12627539
5.95456145 7.29222823 9.43940249 0.22264420 0.12760602
5.95795647 7.29126634 9.43929850 0.22364613 0.12895802
5.96137874 7.29029679 9.43919374 0.22465604 0.13033181
5.96482859 7.28931948 9.43908820 0.22567402 0.13172783
5.96830635 7.28833434 9.43898185 0.22670018 0.13314652
5.97181234 7.28734125 9.43887470 0.22773460 0.13458833
5.97534691 7.28634014 9.43876674 0.22877738 0.13605373
5.97891039 7.28533091 9.43865796 0.22982862 0.13754319
5.98250312 7.28431346 9.43854835 0.23088842 0.13905721
5.98612545 7.28328769 9.43843789 0.23195688 0.14059626
5.98977774 7.28225351 9.43832659 0.23303411 0.14216087
5.99346033 7.28121082 9.43821443 0.23412020 0.14375154
5.99717359 7.28015952 9.43810141 0.23521526 0.14536880
6.00091787 7.27909951 9.43798751 0.23631939 0.14701319
6.00469356 7.27803068 9.43787272 0.23743270 0.14868527
6.00850101 7.27695294 9.43775704 0.23855531 0.15038558
6.01234060 7.27586618 9.43764045 0.23968730 0.15211471
6.01621271 7.27477029 9.43752295 0.24082880 0.15387324
6.02011772 7.27366517 9.43740453 0.24197992 0.15566176
6.02405602 7.27255072 9.43728517 0.24314076 0.15748089
6.02802799 7.27142682 9.43716487 0.24431145 0.15933125
6.03203403 7.27029337 9.43704362 0.24549208 0.16121347
6.03607454 7.26915025 9.43692141 0.24668279 0.16312819
6.04014991 7.26799736 9.43679823 0.24788367 0.16507608
6.04426055 7.26683458 9.43667406 0.24909486 0.16705781
6.04840687 7.26566181 9.43654890 0.25031646 0.16907406
6.05258927 7.26447892 9.43642275 0.25154859 0.17112553
6.05680816 7.26328581 9.43629558 0.25279137 0.17321293
6.06106397 7.26208236 9.43616739 0.25404493 0.17533699
6.06535711 7.26086845 9.43603817 0.25530938 0.17749845
6.06968799 7.25964397 9.43590790 0.25658484 0.17969805
6.07405705 7.25840881 9.43577659 0.25787144 0.18193656
6.07846470 7.25716284 9.43564422 0.25916929 0.18421476
6.08291138 7.25590595 9.43551077 0.26047853 0.18653345
6.08739751 7.25463802 9.43537625 0.26179926 0.18889342
6.09192352 7.25335893 9.43524063 0.26313162 0.19129549
6.09648985 7.25206856 9.43510391 0.26447573 0.19374050
6.10109693 7.25076680 9.43496609 0.26583171 0.19622930
6.10574518 7.24945353 9.43482714 0.26719969 0.19876273
6.11043504 7.24812862 9.43468707 0.26857978 0.20134167
6.11516696 7.24679196 9.43454585 0.26997213 0.20396700
6.11994135 7.24544344 9.43440349 0.27137684 0.20663961
6.12475865 7.24408292 9.43425997 0.27279404 0.20936043
6.12961930 7.24271030 9.43411528 0.27422385 0.21213035
6.13452372 7.24132545 9.43396942 0.27566640 0.21495032
6.13947235 7.23992826 9.43382237 0.27712182 0.21782127
6.14446560 7.23851862 9.43367413 0.27859021 0.22074416
6.14950391 7.23709640 9.43352469 0.28007170 0.22371994
6.15458768 7.23566150 9.43337404 0.28156641 0.22674958
6.15971735 7.23421380 9.43322217 0.28307445 0.22983407
6.16489331 7.23275320 9.43306907 0.28459595 0.23297439
6.17011598 7.23127957 9.43291474 0.28613101 0.23617153
6.17538575 7.22979282 9.43275917 0.28767976 0.23942648
6.18070303 7.22829283 9.43260236 0.28924229 0.24274026
6.18606819 7.22677950 9.43244428 0.29081872 0.24611386
6.19148162 7.22525274 9.43228495 0.29240916 0.24954831
6.19694368 7.22371244 9.43212435 0.29401371 0.25304460
6.20245474 7.22215850 9.43196247 0.29563247 0.25660375
6.20801515 7.22059083 9.43179932 0.29726553 0.26022676
6.21362525 7.21900935 9.43163489 0.29891300 0.26391465
6.21928537 7.21741396 9.43146917 0.30057495 0.26766841
6.22499582 7.21580459 9.43130217 0.30225149 0.27148904
6.23075689 7.21418115 9.43113387 0.30394268 0.27537753
6.23656889 7.21254357 9.43096427 0.30564861 0.27933484
6.24243206 7.21089179 9.43079338 0.30736934 0.28336194
6.24834668 7.20922573 9.43062118 0.30910496 0.28745977
6.25431296 7.20754534 9.43044769 0.31085551 0.29162927
6.26033113 7.20585057 9.43027291 0.31262105 0.29587135
6.26640137 7.20414136 9.43009682 0.31440164 0.30018688
6.27252385 7.20241768 9.42991943 0.31619731 0.30457674
6.27869873 7.20067950 9.42974076 0.31800811 0.30904174
6.28492611 7.19892678 9.42956079 0.31983405 0.31358270
6.29120610 7.19715952 9.42937954 0.32167516 0.31820036
6.29753877 7.19537769 9.42919700 0.32353145 0.32289546
6.30392414 7.19358129 9.42901319 0.32540292 0.32766868
6.31036223 7.19177034 9.42882811 0.32728958 0.33252066
6.31685301 7.18994484 9.42864178 0.32919139 0.33745197
6.32339641 7.18810483 9.42845419 0.33110834 0.34246315
6.32999235 7.18625033 9.42826537 0.33304039 0.34755468
6.33664069 7.18438140 9.42807532 0.33498749 0.35272696
6.34334126 7.18249809 9.42788405 0.33694958 0.35798033
6.35009384 7.18060047 9.42769158 0.33892659 0.36331507
6.35689818 7.17868862 9.42749793 0.34091844 0.36873138
6.36375398 7.17676263 9.42730311 0.34292503 0.37422936
6.37066090 7.17482262 9.42710714 0.34494625 0.37980904
6.37761854 7.17286869 9.42691005 0.34698197 0.38547037
6.38462646 7.17090099 9.42671184 0.34903206 0.39121319
6.39168417 7.16891966 9.42651255 0.35109637 0.39703723
6.39879114 7.16692486 9.42631220 0.35317472 0.40294214
6.40594675 7.16491677 9.42611081 0.35526693 0.40892745
6.41315036 7.16289559 9.42590841 0.35737280 0.41499258
6.42040126 7.16086151 9.42570504 0.35949212 0.42113681
6.42769869 7.15881478 9.42550072 0.36162464 0.42735932
6.43504181 7.15675562 9.42529549 0.36377012 0.43365915
6.44242974 7.15468431 9.42508937 0.36592829 0.44003522
6.44986153 7.15260111 9.42488241 0.36809885 0.44648631
6.45733618 7.15050632 9.42467464 0.37028151 0.45301106
6.46485259 7.14840025 9.42446611 0.37247594 0.45960795
6.47240965 7.14628323 9.42425685 0.37468179 0.46627534
6.48000613 7.14415561 9.42404690 0.37689871 0.47301144
6.48764077 7.14201776 9.42383632 0.37912631 0.47981429
6.49531223 7.13987005 9.42362514 0.38136420 0.48668179
6.50301912 7.13771290 9.42341343 0.38361194 0.49361169
6.51075995 7.13554673 9.42320122 0.38586911 0.50060158
6.51853321 7.13337197 9.42298856 0.38813525 0.50764890
6.52633727 7.13118908 9.42277552 0.39040987 0.51475093
6.53417048 7.12899854 9.42256214 0.39269248 0.52190480
6.54203111 7.12680085 9.42234849 0.39498258 0.52910750
6.54991736 7.12459651 9.42213462 0.39727962 0.53635584
6.55782738 7.12238606 9.42192058 0.39958305 0.54364653
6.56575924 7.12017004 9.42170645 0.40189231 0.55097611
6.57371097 7.11794900 9.42149228 0.40420681 0.55834097
6.58168054 7.11572354 9.42127814 0.40652595 0.56573741
6.58966586 7.11349424 9.42106409 0.40884911 0.57316156
6.59766478 7.11126171 9.42085019 0.41117566 0.58060946
6.60567512 7.10902657 9.42063651 0.41350496 0.58807702
6.61369462 7.10678945 9.42042313 0.41583634 0.59556008
6.62172101 7.10455100 9.42021010 0.41816914 0.60305435
6.62975197 7.10231187 9.41999751 0.42050266 0.61055547
6.63778513 7.10007273 9.41978540 0.42283622 0.61805900
6.64581809 7.09783426 9.41957387 0.42516911 0.62556045
6.65384843 7.09559714 9.41936296 0.42750062 0.63305527
6.66187369 7.09336205 9.41915277 0.42983004 0.64053888
6.66989140 7.09112970 9.41894335 0.43215663 0.64800664
6.67789907 7.08890077 9.41873478 0.43447967 0.65545394
6.68589419 7.08667598 9.41852712 0.43679843 0.66287613
6.69387426 7.08445603 9.41832045 0.43911218 0.67026860
6.70183674 7.08224162 9.41811484 0.44142017 0.67762674
6.70977914 7.08003346 9.41791034 0.44372169 0.68494599
6.71769893 7.07783224 9.41770704 0.44601599 0.69222183
6.72559361 7.07563867 9.41750499 0.44830236 0.69944983
6.73346071 7.07345343 9.41730427 0.45058006 0.70662561
6.74129775 7.07127721 9.41710493 0.45284838 0.71374487
6.74910229 7.06911070 9.41690704 0.45510663 0.72080344
6.75687193 7.06695455 9.41671066 0.45735409 0.72779725
6.76460429 7.06480944 9.41651585 0.45959008 0.73472234
6.77229702 7.06267600 9.41632267 0.46181393 0.74157489
6.77994784 7.06055488 9.41613117 0.46402497 0.74835125
6.78755448 7.05844670 9.41594141 0.46622256 0.75504789
6.79511475 7.05635206 9.41575345 0.46840605 0.76166144
6.80262650 7.05427155 9.41556733 0.47057485 0.76818873
6.81008766 7.05220575 9.41538310 0.47272833 0.77462674
6.81749617 7.05015522 9.41520081 0.47486593 0.78097262
6.82485010 7.04812049 9.41502050 0.47698709 0.78722374
6.83214753 7.04610209 9.41484221 0.47909125 0.79337764
6.83938665 7.04410051 9.41466598 0.48117791 0.79943206
6.84656569 7.04211624 9.41449185 0.48324655 0.80538492
6.85368299 7.04014972 9.41431986 0.48529672 0.81123435
6.86073693 7.03820140 9.41415003 0.48732794 0.81697868
6.86772598 7.03627169 9.41398240 0.48933978 0.82261643
6.87464871 7.03436098 9.41381698 0.49133185 0.82814631
6.88150374 7.03246964 9.41365382 0.49330375 0.83356725
6.88828977 7.03059801 9.41349292 0.49525513 0.83887833
6.89500562 7.02874643 9.41333431 0.49718564 0.84407885
6.90165014 7.02691518 9.41317800 0.49909498 0.84916828
6.90822229 7.02510455 9.41302402 0.50098284 0.85414627
6.91472112 7.02331479 9.41287236 0.50284898 0.85901265
6.92114573 7.02154613 9.41272305 0.50469314 0.86376740
6.92749532 7.01979878 9.41257608 0.50651510 0.86841069
6.93376918 7.01807293 9.41243147 0.50831468 0.87294283
6.93996664 7.01636874 9.41228922 0.51009170 0.87736426
6.94608715 7.01468637 9.41214933 0.51184600 0.88167559
6.95213020 7.01302592 9.41201180 0.51357746 0.88587756
6.95809539 7.01138750 9.41187663 0.51528598 0.88997102
6.96398234 7.00977120 9.41174380 0.51697146 0.89395695
6.96979080 7.00817708 9.41161332 0.51863384 0.89783645
6.97552055 7.00660518 9.41148518 0.52027307 0.90161070
6.98117145 7.00505552 9.41135936 0.52188913 0.90528100
6.98674341 7.00352811 9.41123585 0.52348202 0.90884873
6.99223642 7.00202295 9.41111465 0.52505173 0.91231536
6.99765053 7.00054000 9.41099574 0.52659830 0.91568240
7.00298583 6.99907923 9.41087909 0.52812177 0.91895147
7.00824248 6.99764057 9.41076470 0.52962220 0.92212424
7.01342069 6.99622395 9.41065254 0.53109966 0.92520240
7.01852072 6.99482929 9.41054260 0.53255425 0.92818772
7.02354288 6.99345648 9.41043485 0.53398607 0.93108201
7.02848753 6.99210542 9.41032928 0.53539524 0.93388710
7.03335505 6.99077597 9.41022585 0.53678188 0.93660486
7.03814590 6.98946801 9.41012455 0.53814614 0.93923716
7.04286055 6.98818139 9.41002535 0.53948816 0.94178591
7.04749952 6.98691594 9.40992823 0.54080812 0.94425304
7.05206335 6.98567151 9.40983315 0.54210617 0.94664046
7.05655264 6.98444792 9.40974011 0.54338251 0.94895010
7.06096799 6.98324499 9.40964905 0.54463733 0.95118388
7.06531005 6.98206252 9.40955997 0.54587081 0.95334374
7.06957948 6.98090032 9.40947283 0.54708318 0.95543158
7.07377698 6.97975819 9.40938760 0.54827463 0.95744931
7.07790326 6.97863591 9.40930425 0.54944539 0.95939882
7.08195907 6.97753328 9.40922277 0.55059568 0.96128197
7.08594515 6.97645006 9.40914311 0.55172573 0.96310062
7.08986227 6.97538604 9.40906524 0.55283578 0.96485660
7.09371122 6.97434098 9.40898915 0.55392606 0.96655170
7.09749281 6.97331466 9.40891479 0.55499681 0.96818772
7.10120785 6.97230684 9.40884214 0.55604829 0.96976641
7.10485715 6.97131728 9.40877117 0.55708073 0.97128947
7.10844156 6.97034573 9.40870186 0.55809438 0.97275861
7.11196191 6.96939197 9.40863416 0.55908951 0.97417549
7.11541906 6.96845574 9.40856805 0.56006636 0.97554172
7.11881385 6.96753680 9.40850351 0.56102519 0.97685891
7.12214715 6.96663490 9.40844050 0.56196625 0.97812862
7.12541982 6.96574979 9.40837900 0.56288980 0.97935236
7.12863272 6.96488124 9.40831897 0.56379611 0.98053163
7.13178671 6.96402898 9.40826038 0.56468542 0.98166789
7.13488267 6.96319278 9.40820322 0.56555799 0.98276254
7.13792146 6.96237239 9.40814745 0.56641409 0.98381698
7.14090393 6.96156756 9.40809304 0.56725396 0.98483256
7.14383096 6.96077804 9.40803996 0.56807787 0.98581057
7.14670341 6.96000359 9.40798820 0.56888606 0.98675232
7.14952212 6.95924397 9.40793771 0.56967880 0.98765902
7.15228795 6.95849894 9.40788848 0.57045633 0.98853190
7.15500175 6.95776825 9.40784048 0.57121890 0.98937212
7.15766435 6.95705167 9.40779369 0.57196676 0.99018082
7.16027661 6.95634896 9.40774807 0.57270016 0.99095912
7.16283934 6.95565988 9.40770360 0.57341934 0.99170807
7.16535336 6.95498421 9.40766026 0.57412455 0.99242873
7.16781951 6.95432170 9.40761802 0.57481603 0.99312210
7.17023857 6.95367214 9.40757686 0.57549400 0.99378916
7.17261136 6.95303530 9.40753676 0.57615872 0.99443085
7.17493868 6.95241095 9.40749769 0.57681041 0.99504809
7.17722129 6.95179888 9.40745963 0.57744930 0.99564176
7.17945999 6.95119885 9.40742255 0.57807563 0.99621274
7.18165553 6.95061067 9.40738644 0.57868960 0.99676183
7.18380868 6.95003410 9.40735127 0.57929146 0.99728986
7.18592019 6.94946895 9.40731702 0.57988142 0.99779759
7.18799080 6.94891501 9.40728367 0.58045969 0.99828577
7.19002124 6.94837206 9.40725120 0.58102648 0.99875513
7.19201223 6.94783991 9.40721959 0.58158202 0.99920637
7.19396448 6.94731836 9.40718882 0.58212651 0.99964016
7.19587870 6.94680721 9.40715886 0.58266014 1.00005716
7.19775558 6.94630627 9.40712971 0.58318314 1.00045799
7.19959580 6.94581534 9.40710134 0.58369568 1.00084327
7.20140003 6.94533424 9.40707373 0.58419798 1.00121358
7.20316894 6.94486277 9.40704687 0.58469022 1.00156948
7.20490318 6.94440077 9.40702073 0.58517259 1.00191152
7.20660340 6.94394805 9.40699531 0.58564529 1.00224023
7.20827022 6.94350443 9.40697057 0.58610849 1.00255611
7.20990428 6.94306973 9.40694652 0.58656238 1.00285966
7.21150619 6.94264379 9.40692312 0.58700713 1.00315134
7.21307655 6.94222645 9.40690037 0.58744293 1.00343160
7.21461595 6.94181752 9.40687825 0.58786994 1.00370089
7.21612498 6.94141685 9.40685674 0.58828833 1.00395963
7.21760422 6.94102428 9.40683582 0.58869827 1.00420822
7.21905424 6.94063966 9.40681549 0.58909993 1.00444705
7.22047558 6.94026282 9.40679573 0.58949346 1.00467650
7.22186880 6.93989361 9.40677653 0.58987903 1.00489693
7.22323443 6.93953190 9.40675787 0.59025679 1.00510869
7.22457301 6.93917752 9.40673973 0.59062689 1.00531211
7.22588505 6.93883033 9.40672211 0.59098949 1.00550752
7.22717106 6.93849020 9.40670499 0.59134473 1.00569524
7.22843155 6.93815698 9.40668836 0.59169275 1.00587555
7.22966700 6.93783054 9.40667221 0.59203370 1.00604875
7.23087791 6.93751074 9.40665652 0.59236772 1.00621511
7.23206475 6.93719746 9.40664129 0.59269495 1.00637491
7.23322798 6.93689055 9.40662650 0.59301552 1.00652839
7.23436806 6.93658990 9.40661214 0.59332955 1.00667580
7.23548545 6.93629539 9.40659819 0.59363720 1.00681739
7.23658059 6.93600688 9.40658466 0.59393857 1.00695337
7.23765390 6.93572426 9.40657153 0.59423380 1.00708397
7.23870582 6.93544741 9.40655878 0.59452300 1.00720940
7.23973677 6.93517621 9.40654642 0.59480630 1.00732987
7.24074716 6.93491056 9.40653442 0.59508382 1.00744556
7.24173738 6.93465034 9.40652278 0.59535567 1.00755667
7.24270784 6.93439544 9.40651149 0.59562197 1.00766337
7.24365892 6.93414576 9.40650054 0.59588282 1.00776584
7.24459101 6.93390118 9.40648993 0.59613834 1.00786424
7.24550447 6.93366161 9.40647963 0.59638864 1.00795874
7.24639968 6.93342695 9.40646966 0.59663381 1.00804949
7.24727700 6.93319710 9.40645998 0.59687397 1.00813663
7.24813677 6.93297196 9.40645061 0.59710921 1.00822032
7.24897935 6.93275143 9.40644153 0.59733963 1.00830068
7.24980507 6.93253543 9.40643273 0.59756533 1.00837785
7.25061428 6.93232385 9.40642420 0.59778641 1.00845195
7.25140728 6.93211661 9.40641595 0.59800296 1.00852310
7.25218441 6.93191363 9.40640795 0.59821507 1.00859143
7.25294599 6.93171482 9.40640021 0.59842283 1.00865704
7.25369231 6.93152008 9.40639272 0.59862633 1.00872004
7.25442368 6.93132935 9.40638547 0.59882565 1.00878053
7.25514040 6.93114253 9.40637845 0.59902089 1.00883862
7.25584277 6.93095955 9.40637166 0.59921211 1.00889439
7.25653105 6.93078033 9.40636509 0.59939941 1.00894795
7.25720555 6.93060480 9.40635874 0.59958287 1.00899937
7.25786652 6.93043287 9.40635259 0.59976256 1.00904874
7.25851424 6.93026448 9.40634666 0.59993856 1.00909615
7.25914897 6.93009955 9.40634091 0.60011094 1.00914167
7.25977097 6.92993801 9.40633537 0.60027978 1.00918538
7.26038050 6.92977980 9.40633001 0.60044515 1.00922735
7.26097780 6.92962484 9.40632483 0.60060712 1.00926764
7.26156312 6.92947307 9.40631983 0.60076577 1.00930633
7.26213670 6.92932443 9.40631501 0.60092115 1.00934348
7.26269876 6.92917884 9.40631035 0.60107333 1.00937915
7.26324955 6.92903625 9.40630585 0.60122239 1.00941339
7.26378928 6.92889660 9.40630152 0.60136838 1.00944627
7.26431818 6.92875983 9.40629733 0.60151136 1.00947784
7.26483647 6.92862587 9.40629330 0.60165140 1.00950815
7.26534435 6.92849467 9.40628942 0.60178857 1.00953725
7.26584203 6.92836618 9.40628567 0.60192290 1.00956520
7.26632972 6.92824033 9.40628206 0.60205448 1.00959202
7.26680762 6.92811708 9.40627859 0.60218334 1.00961778
7.26727592 6.92799636 9.40627525 0.60230955 1.00964251
7.26773481 6.92787814 9.40627203 0.60243317 1.00966625
7.26818449 6.92776235 9.40626893 0.60255423 1.00968905
7.26862514 6.92764895 9.40626596 0.60267281 1.00971094
7.26905694 6.92753789 9.40626310 0.60278894 1.00973195
7.26948006 6.92742912 9.40626035 0.60290268 1.00975213
7.26989469 6.92732260 9.40625771 0.60301407 1.00977150
7.27030098 6.92721827 9.40625518 0.60312317 1.00979010
7.27069911 6.92711609 9.40625275 0.60323002 1.00980795
7.27108925 6.92701602 9.40625042 0.60333467 1.00982509
7.27147154 6.92691802 9.40624818 0.60343717 1.00984155
7.27184615 6.92682204 9.40624604 0.60353755 1.00985735
7.27221324 6.92672803 9.40624399 0.60363586 1.00987253
7.27257295 6.92663597 9.40624203 0.60373214 1.00988709
7.27292543 6.92654581 9.40624016 0.60382644 1.00990108
7.27327083 6.92645752 9.40623836 0.60391879 1.00991450
7.27360928 6.92637104 9.40623665 0.60400924 1.00992739
7.27394094 6.92628635 9.40623502 0.60409782 1.00993977
7.27426592 6.92620341 9.40623346 0.60418458 1.00995165
7.27458438 6.92612218 9.40623198 0.60426955 1.00996306
7.27489644 6.92604263 9.40623057 0.60435276 1.00997401
7.27520222 6.92596473 9.40622922 0.60443426 1.00998452
7.27550186 6.92588843 9.40622795 0.60451407 1.00999462
7.27579547 6.92581371 9.40622674 0.60459224 1.01000431
7.27608318 6.92574053 9.40622559 0.60466879 1.01001361
7.27636511 6.92566886 9.40622450 0.60474377 1.01002255
7.27664138 6.92559868 9.40622347 0.60481720 1.01003112
7.27691209 6.92552995 9.40622250 0.60488911 1.01003936
7.27717735 6.92546263 9.40622158 0.60495954 1.01004726
7.27743729 6.92539671 9.40622072 0.60502851 1.01005485
7.27769199 6.92533215 9.40621991 0.60509606 1.01006214
7.27794158 6.92526893 9.40621915 0.60516221 1.01006913
7.27818615 6.92520701 9.40621843 0.60522700 1.01007585
7.27842581 6.92514637 9.40621777 0.60529045 1.01008230
7.27866064 6.92508699 9.40621715 0.60535259 1.01008849
7.27889076 6.92502883 9.40621657 0.60541345 1.01009443
7.27911625 6.92497188 9.40621603 0.60547305 1.01010014
7.27933720 6.92491610 9.40621554 0.60553142 1.01010562
7.27955371 6.92486148 9.40621509 0.60558858 1.01011088
7.27976587 6.92480799 9.40621467 0.60564457 1.01011593
7.27997377 6.92475561 9.40621429 0.60569939 1.01012077
7.28017748 6.92470431 9.40621395 0.60575308 1.01012543
7.28037710 6.92465407 9.40621364 0.60580567 1.01012990
7.28057271 6.92460487 9.40621337 0.60585716 1.01013419
7.28076438 6.92455668 9.40621312 0.60590760 1.01013830
7.28095220 6.92450950 9.40621291 0.60595698 1.01014226
7.28113624 6.92446329 9.40621273 0.60600535 1.01014605
7.28131658 6.92441804 9.40621257 0.60605272 1.01014970
7.28149330 6.92437372 9.40621245 0.60609911 1.01015320
7.28166646 6.92433032 9.40621235 0.60614454 1.01015656
7.28183615 6.92428782 9.40621227 0.60618904 1.01015978
7.28200242 6.92424620 9.40621222 0.60623261 1.01016288
7.28216534 6.92420544 9.40621220 0.60627528 1.01016585
7.28232500 6.92416553 9.40621220 0.60631707 1.01016870
7.28248144 6.92412644 9.40621222 0.60635799 1.01017144
7.28263473 6.92408816 9.40621226 0.60639807 1.01017407
7.28278495 6.92405068 9.40621232 0.60643732 1.01017660
7.28293214 6.92401397 9.40621240 0.60647575 1.01017902
7.28307637 6.92397802 9.40621250 0.60651340 1.01018135
7.28321771 6.92394281 9.40621262 0.60655026 1.01018358
7.28335620 6.92390834 9.40621275 0.60658636 1.01018573
7.28349191 6.92387458 9.40621291 0.60662171 1.01018779
7.28362489 6.92384152 9.40621307 0.60665634 1.01018977
7.28375520 6.92380914 9.40621326 0.60669024 1.01019167
7.28388288 6.92377743 9.40621345 0.60672345 1.01019349
7.28400800 6.92374639 9.40621367 0.60675596 1.01019524
7.28413061 6.92371598 9.40621389 0.60678781 1.01019692
7.28425074 6.92368620 9.40621413 0.60681899 1.01019853
7.28436847 6.92365705 9.40621438 0.60684953 1.01020008
7.28448382 6.92362849 9.40621464 0.60687944 1.01020157
7.28459686 6.92360053 9.40621491 0.60690873 1.01020299
7.28470762 6.92357315 9.40621520 0.60693741 1.01020436
7.28481616 6.92354634 9.40621549 0.60696550 1.01020568
7.28492252 6.92352008 9.40621579 0.60699301 1.01020694
7.28502674 6.92349436 9.40621611 0.60701994 1.01020815
7.28512886 6.92346918 9.40621643 0.60704632 1.01020932
7.28522893 6.92344452 9.40621676 0.60707215 1.01021044
7.28532698 6.92342038 9.40621709 0.60709745 1.01021151
7.28542307 6.92339673 9.40621744 0.60712223 1.01021254
7.28551722 6.92337357 9.40621779 0.60714649 1.01021353
7.28560948 6.92335090 9.40621815 0.60717025 1.01021448
7.28569989 6.92332869 9.40621851 0.60719351 1.01021539
7.28578848 6.92330695 9.40621888 0.60721630 1.01021626
7.28587529 6.92328566 9.40621926 0.60723861 1.01021710
7.28596035 6.92326480 9.40621964 0.60726046 1.01021791
7.28604370 6.92324439 9.40622002 0.60728185 1.01021868
7.28612538 6.92322439 9.40622041 0.60730281 1.01021943
7.28620541 6.92320481 9.40622080 0.60732333 1.01022014
7.28628384 6.92318564 9.40622120 0.60734342 1.01022083
7.28636069 6.92316686 9.40622160 0.60736310 1.01022148
7.28643599 6.92314847 9.40622201 0.60738237 1.01022212
7.28650979 6.92313047 9.40622241 0.60740124 1.01022272
7.28658209 6.92311284 9.40622282 0.60741972 1.01022330
7.28665295 6.92309558 9.40622323 0.60743781 1.01022386
7.28672238 6.92307867 9.40622365 0.60745553 1.01022440
7.28679041 6.92306211 9.40622406 0.60747289 1.01022492
7.28685708 6.92304590 9.40622448 0.60748988 1.01022541
7.28692240 6.92303003 9.40622490 0.60750652 1.01022588
7.28698642 6.92301448 9.40622532 0.60752282 1.01022634
7.28704914 6.92299926 9.40622575 0.60753878 1.01022678
7.28711061 6.92298436 9.40622617 0.60755440 1.01022720
7.28717084 6.92296976 9.40622659 0.60756971 1.01022760
7.28722986 6.92295547 9.40622702 0.60758469 1.01022799
7.28728769 6.92294147 9.40622744 0.60759937 1.01022836
7.28734436 6.92292777 9.40622786 0.60761374 1.01022872
7.28739989 6.92291434 9.40622829 0.60762781 1.01022906
7.28745431 6.92290120 9.40622871 0.60764159 1.01022939
7.28750763 6.92288834 9.40622914 0.60765508 1.01022971
7.28755988 6.92287573 9.40622956 0.60766830 1.01023001
7.28761108 6.92286340 9.40622999 0.60768124 1.01023030
7.28766125 6.92285131 9.40623041 0.60769391 1.01023058
7.28771041 6.92283948 9.40623083 0.60770631 1.01023085
7.28775859 6.92282790 9.40623125 0.60771846 1.01023111
7.28780579 6.92281655 9.40623167 0.60773036 1.01023135
7.28785205 6.92280544 9.40623209 0.60774201 1.01023159
7.28789738 6.92279457 9.40623251 0.60775342 1.01023182
7.28794179 6.92278391 9.40623292 0.60776460 1.01023204
7.28798532 6.92277348 9.40623334 0.60777554 1.01023225
7.28802797 6.92276327 9.40623375 0.60778625 1.01023245
7.28806976 6.92275327 9.40623416 0.60779674 1.01023264
7.28811071 6.92274348 9.40623457 0.60780701 1.01023283
7.28815084 6.92273389 9.40623498 0.60781707 1.01023301
7.28819016 6.92272450 9.40623538 0.60782692 1.01023318
7.28822869 6.92271531 9.40623578 0.60783657 1.01023334
7.28826645 6.92270630 9.40623619 0.60784601 1.01023350
7.28830345 6.92269749 9.40623658 0.60785526 1.01023365
7.28833971 6.92268886 9.40623698 0.60786432 1.01023380
7.28837523 6.92268041 9.40623738 0.60787319 1.01023394
7.28841005 6.92267213 9.40623777 0.60788187 1.01023407
7.28844416 6.92266403 9.40623816 0.60789038 1.01023420
7.28847759 6.92265609 9.40623855 0.60789871 1.01023433
7.28851034 6.92264832 9.40623893 0.60790686 1.01023444
7.28854244 6.92264071 9.40623931 0.60791484 1.01023456
7.28857389 6.92263326 9.40623969 0.60792266 1.01023467
7.28860472 6.92262597 9.40624007 0.60793032 1.01023477
7.28863492 6.92261883 9.40624044 0.60793782 1.01023487
7.28866451 6.92261183 9.40624082 0.60794516 1.01023497
7.28869351 6.92260498 9.40624118 0.60795235 1.01023506
7.28872193 6.92259828 9.40624155 0.60795938 1.01023515
7.28874978 6.92259171 9.40624191 0.60796628 1.01023524
7.28877706 6.92258528 9.40624227 0.60797303 1.01023532
7.28880380 6.92257899 9.40624263 0.60797963 1.01023540
7.28883000 6.92257282 9.40624299 0.60798611 1.01023548
7.28885568 6.92256679 9.40624334 0.60799244 1.01023555
7.28888084 6.92256088 9.40624369 0.60799865 1.01023562
7.28890549 6.92255509 9.40624403 0.60800472 1.01023569
7.28892965 6.92254943 9.40624438 0.60801067 1.01023575
7.28895332 6.92254388 9.40624472 0.60801650 1.01023581
7.28897652 6.92253845 9.40624506 0.60802220 1.01023587
7.28899925 6.92253313 9.40624539 0.60802779 1.01023593
7.28902152 6.92252792 9.40624572 0.60803326 1.01023598
7.28904335 6.92252282 9.40624605 0.60803861 1.01023604
7.28906474 6.92251783 9.40624637 0.60804386 1.01023609
7.28908569 6.92251294 9.40624670 0.60804899 1.01023613
7.28910623 6.92250815 9.40624702 0.60805402 1.01023618
7.28912636 6.92250346 9.40624733 0.60805894 1.01023623
7.28914608 6.92249888 9.40624764 0.60806376 1.01023627
7.28916540 6.92249438 9.40624795 0.60806848 1.01023631
7.28918434 6.92248998 9.40624826 0.60807310 1.01023635
7.28920289 6.92248567 9.40624857 0.60807763 1.01023639
7.28922108 6.92248146 9.40624887 0.60808206 1.01023642
7.28923889 6.92247733 9.40624916 0.60808640 1.01023646
7.28925635 6.92247328 9.40624946 0.60809065 1.01023649
7.28927346 6.92246932 9.40624975 0.60809481 1.01023653
7.28929023 6.92246545 9.40625004 0.60809888 1.01023656
7.28930666 6.92246165 9.40625033 0.60810287 1.01023659
7.28932276 6.92245793 9.40625061 0.60810677 1.01023661
7.28933853 6.92245430 9.40625089 0.60811060 1.01023664
7.28935399 6.92245073 9.40625117 0.60811434 1.01023667
7.28936914 6.92244724 9.40625144 0.60811801 1.01023669
7.28938398 6.92244383 9.40625171 0.60812160 1.01023672
7.28939853 6.92244048 9.40625198 0.60812511 1.01023674
7.28941278 6.92243721 9.40625225 0.60812855 1.01023676
7.28942675 6.92243400 9.40625251 0.60813192 1.01023678
7.28944043 6.92243087 9.40625277 0.60813522 1.01023681
7.28945384 6.92242779 9.40625302 0.60813845 1.01023682
7.28946698 6.92242478 9.40625328 0.60814162 1.01023684
7.28947986 6.92242184 9.40625353 0.60814471 1.01023686
7.28949248 6.92241895 9.40625378 0.60814775 1.01023688
7.28950485 6.92241613 9.40625402 0.60815072 1.01023690
7.28951697 6.92241336 9.40625426 0.60815362 1.01023691
7.28952884 6.92241065 9.40625450 0.60815647 1.01023693
7.28954048 6.92240800 9.40625474 0.60815926 1.01023694
7.28955188 6.92240541 9.40625498 0.60816199 1.01023696
7.28956305 6.92240287 9.40625521 0.60816466 1.01023697
7.28957400 6.92240038 9.40625544 0.60816728 1.01023698
7.28958473 6.92239794 9.40625566 0.60816984 1.01023700
7.28959524 6.92239556 9.40625589 0.60817235 1.01023701
7.28960554 6.92239322 9.40625611 0.60817480 1.01023702
7.28961564 6.92239094 9.40625632 0.60817721 1.01023703
7.28962553 6.92238870 9.40625654 0.60817956 1.01023704
7.28963522 6.92238651 9.40625675 0.60818187 1.01023705
