3.28620935 4.08494893 0.11116175
3.28292485 4.08469939 0.11225087
3.27961552 4.08444804 0.11335653
3.27628108 4.08419485 0.11447905
3.27292123 4.08393979 0.11561875
3.26953567 4.08368285 0.11677597
3.26612412 4.08342401 0.11795105
3.26268627 4.08316325 0.11914433
3.25922180 4.08290053 0.12035617
3.25573042 4.08263585 0.12158693
3.25221179 4.08236918 0.12283698
3.24866562 4.08210050 0.12410670
3.24509157 4.08182978 0.12539648
3.24148932 4.08155700 0.12670671
3.23785853 4.08128214 0.12803779
3.23419888 4.08100517 0.12939014
3.23051001 4.08072608 0.13076418
3.22679160 4.08044483 0.13216033
3.22304329 4.08016141 0.13357904
3.21926474 4.07987578 0.13502076
3.21545558 4.07958793 0.13648594
3.21161546 4.07929782 0.13797505
3.20774401 4.07900544 0.13948858
3.20384087 4.07871075 0.14102700
3.19990567 4.07841374 0.14259082
3.19593802 4.07811437 0.14418054
3.19193756 4.07781262 0.14579670
3.18790389 4.07750846 0.14743980
3.18383662 4.07720187 0.14911041
3.17973538 4.07689281 0.15080907
3.17559976 4.07658127 0.15253634
3.17142936 4.07626721 0.15429280
3.16722377 4.07595060 0.15607904
3.16298260 4.07563142 0.15789565
3.15870543 4.07530965 0.15974325
3.15439184 4.07498524 0.16162246
3.15004142 4.07465817 0.16353391
3.14565376 4.07432842 0.16547826
3.14122841 4.07399595 0.16745615
3.13676496 4.07366073 0.16946827
3.13226297 4.07332274 0.17151530
3.12772201 4.07298195 0.17359794
3.12314165 4.07263833 0.17571689
3.11852144 4.07229184 0.17787288
3.11386095 4.07194245 0.18006664
3.10915973 4.07159015 0.18229893
3.10441733 4.07123489 0.18457051
3.09963331 4.07087664 0.18688214
3.09480721 4.07051539 0.18923462
3.08993860 4.07015109 0.19162875
3.08502701 4.06978371 0.19406534
3.08007199 4.06941323 0.19654520
3.07507310 4.06903962 0.19906919
3.07002987 4.06866284 0.20163815
3.06494187 4.06828287 0.20425294
3.05980862 4.06789968 0.20691443
3.05462970 4.06751323 0.20962350
3.04940463 4.06712350 0.21238105
3.04413299 4.06673046 0.21518798
3.03881431 4.06633408 0.21804521
3.03344817 4.06593433 0.22095366
3.02803412 4.06553118 0.22391427
3.02257172 4.06512460 0.22692796
3.01706056 4.06471457 0.22999570
3.01150019 4.06430107 0.23311844
3.00589021 4.06388405 0.23629713
3.00023019 4.06346351 0.23953274
2.99451974 4.06303940 0.24282624
2.98875846 4.06261172 0.24617861
2.98294595 4.06218043 0.24959081
2.97708185 4.06174551 0.25306382
2.97116577 4.06130694 0.25659862
2.96519736 4.06086470 0.26019617
2.95917629 4.06041877 0.26385744
2.95310221 4.05996913 0.26758339
2.94697480 4.05951576 0.27137497
2.94079378 4.05905865 0.27523313
2.93455884 4.05859777 0.27915880
2.92826973 4.05813312 0.28315290
2.92192619 4.05766469 0.28721633
2.91552800 4.05719246 0.29134997
2.90907494 4.05671642 0.29555470
2.90256684 4.05623656 0.29983134
2.89600353 4.05575289 0.30418071
2.88938487 4.05526540 0.30860360
2.88271076 4.05477408 0.31310076
2.87598112 4.05427893 0.31767290
2.86919590 4.05377997 0.32232071
2.86235507 4.05327719 0.32704481
2.85545866 4.05277060 0.33184580
2.84850671 4.05226022 0.33672422
2.84149930 4.05174605 0.34168055
2.83443657 4.05122811 0.34671521
2.82731866 4.05070643 0.35182858
2.82014579 4.05018102 0.35702096
2.81291820 4.04965190 0.36229257
2.80563618 4.04911911 0.36764358
2.79830007 4.04858269 0.37307405
2.79091026 4.04804265 0.37858397
2.78346718 4.04749905 0.38417326
2.77597132 4.04695193 0.38984173
2.76842321 4.04640132 0.39558908
2.76082346 4.04584730 0.40141493
2.75317271 4.04528990 0.40731879
2.74547168 4.04472918 0.41330006
2.73772113 4.04416522 0.41935800
2.72992189 4.04359808 0.42549179
2.72207485 4.04302783 0.43170046
2.71418096 4.04245454 0.43798293
2.70624125 4.04187830 0.44433796
2.69825680 4.04129920 0.45076422
2.69022876 4.04071732 0.45726021
2.68215835 4.04013276 0.46382429
2.67404685 4.03954562 0.47045471
2.66589562 4.03895601 0.47714953
2.65770608 4.03836403 0.48390669
2.64947971 4.03776979 0.49072400
2.64121809 4.03717343 0.49759908
2.63292283 4.03657506 0.50452945
2.62459564 4.03597480 0.51151243
2.61623828 4.03537280 0.51854525
2.60785258 4.03476919 0.52562496
2.59944043 4.03416411 0.53274848
2.59100380 4.03355771 0.53991259
2.58254470 4.03295014 0.54711394
2.57406523 4.03234155 0.55434903
2.56556752 4.03173210 0.56161427
2.55705378 4.03112196 0.56890593
2.54852626 4.03051129 0.57622016
2.53998726 4.02990026 0.58355302
2.53143913 4.02928904 0.59090046
2.52288429 4.02867780 0.59825837
2.51432516 4.02806673 0.60562252
2.50576423 4.02745599 0.61298864
2.49720401 4.02684579 0.62035238
2.48864704 4.02623629 0.62770936
2.48009590 4.02562768 0.63505516
2.47155318 4.02502015 0.64238531
2.46302149 4.02441388 0.64969537
2.45450345 4.02380906 0.65698085
2.44600169 4.02320588 0.66423731
2.43751885 4.02260453 0.67146031
2.42905757 4.02200518 0.67864546
2.42062047 4.02140804 0.68578840
2.41221016 4.02081327 0.69288485
2.40382926 4.02022106 0.69993059
2.39548033 4.01963160 0.70692149
2.38716593 4.01904505 0.71385351
2.37888858 4.01846160 0.72072271
2.37065078 4.01788142 0.72752530
2.36245497 4.01730467 0.73425758
2.35430355 4.01673152 0.74091600
2.34619889 4.01616213 0.74749716
2.33814328 4.01559666 0.75399781
2.33013898 4.01503527 0.76041485
2.32218817 4.01447809 0.76674537
2.31429298 4.01392528 0.77298660
2.30645546 4.01337697 0.77913599
2.29867761 4.01283329 0.78519112
2.29096134 4.01229437 0.79114980
2.28330849 4.01176033 0.79701000
2.27572083 4.01123129 0.80276988
2.26820004 4.01070736 0.80842780
2.26074774 4.01018864 0.81398229
2.25336545 4.00967524 0.81943209
2.24605461 4.00916723 0.82477611
2.23881658 4.00866472 0.83001344
2.23165263 4.00816777 0.83514336
2.22456396 4.00767646 0.84016532
2.21755167 4.00719087 0.84507895
2.21061679 4.00671104 0.84988403
2.20376025 4.00623704 0.85458052
2.19698291 4.00576892 0.85916853
2.19028554 4.00530672 0.86364830
2.18366883 4.00485048 0.86802026
2.17713341 4.00440023 0.87228493
2.17067979 4.00395599 0.87644298
2.16430844 4.00351779 0.88049520
2.15801974 4.00308565 0.88444251
2.15181399 4.00265958 0.88828592
2.14569144 4.00223957 0.89202655
2.13965224 4.00182564 0.89566561
2.13369650 4.00141778 0.89920440
2.12782425 4.00101598 0.90264430
2.12203546 4.00062023 0.90598677
2.11633005 4.00023051 0.90923333
2.11070786 3.99984681 0.91238555
2.10516869 3.99946909 0.91544507
2.09971227 3.99909734 0.91841356
2.09433832 3.99873152 0.92129276
2.08904646 3.99837159 0.92408441
2.08383629 3.99801751 0.92679030
2.07870736 3.99766926 0.92941224
2.07365919 3.99732678 0.93195206
2.06869124 3.99699003 0.93441159
2.06380296 3.99665896 0.93679270
2.05899373 3.99633352 0.93909723
2.05426294 3.99601366 0.94132704
2.04960990 3.99569933 0.94348400
2.04503395 3.99539046 0.94556995
2.04053434 3.99508700 0.94758673
2.03611036 3.99478889 0.94953616
2.03176122 3.99449608 0.95142007
2.02748615 3.99420849 0.95324024
2.02328435 3.99392607 0.95499845
2.01915499 3.99364875 0.95669646
2.01509725 3.99337647 0.95833600
2.01111026 3.99310917 0.95991876
2.00719318 3.99284676 0.96144642
2.00334514 3.99258920 0.96292064
1.99956524 3.99233642 0.96434302
1.99585262 3.99208834 0.96571517
1.99220637 3.99184489 0.96703863
1.98862559 3.99160602 0.96831492
1.98510938 3.99137165 0.96954555
1.98165684 3.99114172 0.97073196
1.97826706 3.99091615 0.97187559
1.97493912 3.99069488 0.97297782
1.97167213 3.99047785 0.97404001
1.96846517 3.99026498 0.97506348
1.96531733 3.99005621 0.97604952
1.96222772 3.98985146 0.97699939
1.95919543 3.98965069 0.97791431
1.95621957 3.98945381 0.97879547
1.95329924 3.98926076 0.97964401
1.95043356 3.98907149 0.98046107
1.94762164 3.98888592 0.98124774
1.94486261 3.98870399 0.98200507
1.94215561 3.98852563 0.98273408
1.93949976 3.98835079 0.98343578
1.93689422 3.98817940 0.98411113
1.93433814 3.98801141 0.98476107
1.93183068 3.98784674 0.98538650
1.92937101 3.98768535 0.98598831
1.92695831 3.98752717 0.98656733
1.92459176 3.98737214 0.98712440
1.92227057 3.98722020 0.98766031
1.91999394 3.98707131 0.98817582
1.91776109 3.98692539 0.98867169
1.91557123 3.98678241 0.98914864
1.91342362 3.98664229 0.98960736
1.91131748 3.98650500 0.99004851
1.90925208 3.98637047 0.99047276
1.90722669 3.98623865 0.99088073
1.90524057 3.98610949 0.99127302
1.90329302 3.98598295 0.99165021
1.90138332 3.98585896 0.99201288
1.89951079 3.98573749 0.99236156
1.89767475 3.98561848 0.99269678
1.89587451 3.98550189 0.99301905
1.89410942 3.98538767 0.99332885
1.89237882 3.98527577 0.99362666
1.89068207 3.98516614 0.99391293
1.88901853 3.98505875 0.99418810
1.88738760 3.98495355 0.99445258
1.88578864 3.98485050 0.99470679
1.88422107 3.98474955 0.99495111
1.88268429 3.98465067 0.99518593
1.88117771 3.98455380 0.99541160
1.87970076 3.98445892 0.99562849
1.87825288 3.98436598 0.99583691
1.87683352 3.98427495 0.99603721
1.87544212 3.98418578 0.99622968
1.87407817 3.98409844 0.99641464
1.87274112 3.98401290 0.99659237
1.87143047 3.98392911 0.99676315
1.87014571 3.98384704 0.99692725
1.86888633 3.98376666 0.99708492
1.86765185 3.98368793 0.99723642
1.86644180 3.98361082 0.99738198
1.86525568 3.98353530 0.99752184
1.86409305 3.98346133 0.99765622
1.86295345 3.98338889 0.99778532
1.86183642 3.98331794 0.99790936
1.86074154 3.98324845 0.99802852
1.85966836 3.98318040 0.99814301
1.85861648 3.98311375 0.99825300
1.85758546 3.98304847 0.99835866
1.85657491 3.98298455 0.99846018
1.85558442 3.98292194 0.99855770
1.85461361 3.98286063 0.99865138
1.85366208 3.98280058 0.99874138
1.85272946 3.98274177 0.99882783
1.85181538 3.98268418 0.99891088
1.85091948 3.98262778 0.99899067
1.85004139 3.98257255 0.99906731
1.84918076 3.98251846 0.99914093
1.84833726 3.98246549 0.99921164
1.84751055 3.98241361 0.99927958
1.84670029 3.98236281 0.99934483
1.84590617 3.98231306 0.99940751
1.84512786 3.98226435 0.99946772
1.84436504 3.98221664 0.99952555
1.84361743 3.98216992 0.99958110
1.84288471 3.98212416 0.99963446
1.84216659 3.98207936 0.99968572
1.84146278 3.98203548 0.99973495
1.84077300 3.98199252 0.99978224
1.84009697 3.98195044 0.99982766
1.83943443 3.98190924 0.99987129
1.83878509 3.98186889 0.99991319
1.83814870 3.98182938 0.99995344
1.83752501 3.98179069 0.99999210
1.83691376 3.98175280 1.00002923
1.83631470 3.98171570 1.00006490
1.83572760 3.98167936 1.00009915
1.83515221 3.98164379 1.00013205
1.83458831 3.98160895 1.00016366
1.83403566 3.98157483 1.00019401
1.83349404 3.98154142 1.00022316
1.83296324 3.98150871 1.00025116
1.83244303 3.98147667 1.00027805
1.83193321 3.98144531 1.00030388
1.83143357 3.98141459 1.00032869
1.83094391 3.98138451 1.00035252
1.83046402 3.98135505 1.00037540
1.82999372 3.98132621 1.00039738
1.82953281 3.98129797 1.00041849
1.82908111 3.98127031 1.00043877
1.82863844 3.98124323 1.00045824
1.82820460 3.98121671 1.00047695
1.82777944 3.98119075 1.00049491
1.82736276 3.98116532 1.00051216
1.82695442 3.98114042 1.00052873
1.82655423 3.98111604 1.00054464
1.82616204 3.98109217 1.00055993
1.82577769 3.98106879 1.00057461
1.82540102 3.98104590 1.00058870
1.82503187 3.98102348 1.00060225
1.82467011 3.98100154 1.00061525
1.82431557 3.98098004 1.00062774
1.82396812 3.98095900 1.00063973
1.82362762 3.98093839 1.00065125
1.82329392 3.98091821 1.00066232
1.82296689 3.98089845 1.00067295
1.82264640 3.98087911 1.00068315
1.82233232 3.98086016 1.00069295
1.82202451 3.98084161 1.00070237
1.82172286 3.98082345 1.00071141
1.82142724 3.98080566 1.00072009
1.82113753 3.98078824 1.00072843
1.82085362 3.98077119 1.00073644
1.82057538 3.98075449 1.00074413
1.82030270 3.98073814 1.00075152
1.82003548 3.98072213 1.00075861
1.81977360 3.98070645 1.00076543
1.81951695 3.98069110 1.00077197
1.81926544 3.98067607 1.00077826
1.81901895 3.98066135 1.00078429
1.81877740 3.98064694 1.00079009
1.81854068 3.98063283 1.00079566
1.81830869 3.98061901 1.00080100
1.81808134 3.98060548 1.00080614
1.81785853 3.98059223 1.00081107
1.81764019 3.98057926 1.00081581
1.81742620 3.98056656 1.00082036
1.81721650 3.98055412 1.00082473
1.81701100 3.98054194 1.00082892
1.81680960 3.98053002 1.00083295
1.81661223 3.98051834 1.00083682
1.81641881 3.98050691 1.00084054
1.81622925 3.98049572 1.00084411
1.81604349 3.98048475 1.00084754
1.81586144 3.98047402 1.00085083
1.81568304 3.98046351 1.00085399
1.81550820 3.98045322 1.00085703
1.81533686 3.98044315 1.00085994
1.81516895 3.98043328 1.00086274
1.81500439 3.98042362 1.00086543
1.81484313 3.98041416 1.00086802
1.81468509 3.98040490 1.00087050
1.81453022 3.98039583 1.00087288
1.81437844 3.98038695 1.00087517
1.81422970 3.98037826 1.00087737
1.81408393 3.98036974 1.00087948
1.81394108 3.98036141 1.00088150
1.81380109 3.98035325 1.00088345
1.81366389 3.98034526 1.00088532
1.81352944 3.98033743 1.00088712
1.81339768 3.98032977 1.00088884
1.81326856 3.98032227 1.00089050
1.81314202 3.98031492 1.00089209
1.81301801 3.98030773 1.00089362
1.81289648 3.98030069 1.00089508
1.81277738 3.98029379 1.00089649
1.81266067 3.98028704 1.00089785
1.81254629 3.98028043 1.00089914
1.81243419 3.98027396 1.00090039
1.81232434 3.98026762 1.00090159
1.81221669 3.98026141 1.00090274
1.81211119 3.98025534 1.00090385
1.81200780 3.98024939 1.00090491
1.81190648 3.98024356 1.00090593
1.81180719 3.98023786 1.00090691
1.81170988 3.98023227 1.00090785
1.81161452 3.98022681 1.00090875
1.81152107 3.98022145 1.00090962
1.81142948 3.98021621 1.00091045
1.81133973 3.98021108 1.00091125
1.81125178 3.98020605 1.00091202
1.81116558 3.98020113 1.00091276
1.81108111 3.98019631 1.00091347
1.81099833 3.98019159 1.00091415
1.81091720 3.98018698 1.00091480
1.81083770 3.98018245 1.00091543
1.81075978 3.98017802 1.00091603
1.81068343 3.98017369 1.00091661
1.81060860 3.98016944 1.00091717
1.81053527 3.98016529 1.00091770
1.81046341 3.98016122 1.00091822
1.81039299 3.98015723 1.00091871
1.81032397 3.98015333 1.00091918
1.81025633 3.98014951 1.00091964
1.81019005 3.98014577 1.00092007
1.81012510 3.98014211 1.00092049
1.81006144 3.98013852 1.00092089
1.80999905 3.98013501 1.00092128
1.80993792 3.98013158 1.00092165
1.80987801 3.98012821 1.00092201
1.80981929 3.98012491 1.00092235
1.80976175 3.98012169 1.00092268
1.80970537 3.98011853 1.00092299
1.80965011 3.98011544 1.00092330
1.80959595 3.98011241 1.00092359
1.80954288 3.98010944 1.00092387
1.80949087 3.98010654 1.00092414
1.80943990 3.98010370 1.00092439
1.80938995 3.98010091 1.00092464
1.80934100 3.98009819 1.00092488
1.80929303 3.98009552 1.00092511
1.80924602 3.98009291 1.00092533
1.80919995 3.98009035 1.00092554
1.80915480 3.98008785 1.00092574
1.80911056 3.98008540 1.00092594
1.80906720 3.98008299 1.00092612
1.80902470 3.98008064 1.00092630
1.80898306 3.98007834 1.00092647
1.80894225 3.98007609 1.00092664
1.80890226 3.98007388 1.00092680
1.80886306 3.98007172 1.00092695
1.80882466 3.98006961 1.00092710
1.80878701 3.98006754 1.00092724
1.80875013 3.98006551 1.00092737
1.80871398 3.98006353 1.00092750
1.80867855 3.98006158 1.00092763
1.80864383 3.98005968 1.00092775
1.80860981 3.98005782 1.00092786
1.80857647 3.98005600 1.00092797
1.80854379 3.98005421 1.00092808
1.80851177 3.98005246 1.00092818
1.80848039 3.98005075 1.00092828
1.80844964 3.98004907 1.00092837
1.80841950 3.98004743 1.00092846
1.80838996 3.98004583 1.00092855
1.80836102 3.98004425 1.00092863
1.80833265 3.98004271 1.00092871
1.80830485 3.98004121 1.00092879
1.80827761 3.98003973 1.00092886
1.80825092 3.98003828 1.00092893
1.80822475 3.98003687 1.00092900
1.80819911 3.98003548 1.00092907
1.80817399 3.98003413 1.00092913
1.80814936 3.98003280 1.00092919
1.80812523 3.98003150 1.00092925
1.80810159 3.98003023 1.00092930
1.80807841 3.98002898 1.00092936
1.80805570 3.98002776 1.00092941
1.80803344 3.98002657 1.00092946
1.80801163 3.98002540 1.00092950
1.80799025 3.98002425 1.00092955
1.80796931 3.98002313 1.00092959
1.80794878 3.98002203 1.00092963
1.80792866 3.98002096 1.00092967
1.80790894 3.98001991 1.00092971
1.80788962 3.98001888 1.00092975
1.80787069 3.98001787 1.00092979
1.80785213 3.98001688 1.00092982
1.80783395 3.98001591 1.00092985
1.80781613 3.98001497 1.00092988
1.80779866 3.98001404 1.00092991
1.80778155 3.98001313 1.00092994
1.80776478 3.98001224 1.00092997
1.80774834 3.98001137 1.00093000
1.80773223 3.98001052 1.00093002
1.80771645 3.98000969 1.00093005
1.80770098 3.98000887 1.00093007
1.80768581 3.98000807 1.00093010
1.80767096 3.98000729 1.00093012
1.80765640 3.98000653 1.00093014
1.80764213 3.98000578 1.00093016
1.80762815 3.98000504 1.00093018
1.80761444 3.98000432 1.00093020
1.80760101 3.98000362 1.00093021
1.80758785 3.98000293 1.00093023
1.80757495 3.98000226 1.00093025
1.80756232 3.98000160 1.00093026
1.80754993 3.98000095 1.00093028
1.80753779 3.98000032 1.00093029
1.80752589 3.97999970 1.00093031
1.80751424 3.97999909 1.00093032
1.80750281 3.97999850 1.00093033
1.80749162 3.97999792 1.00093035
1.80748064 3.97999735 1.00093036
1.80746989 3.97999679 1.00093037
1.80745935 3.97999625 1.00093038
1.80744903 3.97999571 1.00093039
1.80743891 3.97999519 1.00093040
