7.32484674 8.61088280 0.00309378
7.32498307 8.61082485 0.00309597
7.32511948 8.61076686 0.00309817
7.32525598 8.61070884 0.00310037
7.32539257 8.61065077 0.00310257
7.32552925 8.61059267 0.00310478
7.32566603 8.61053453 0.00310699
7.32580289 8.61047636 0.00310920
7.32593984 8.61041814 0.00311142
7.32607688 8.61035989 0.00311363
7.32621401 8.61030160 0.00311585
7.32635123 8.61024328 0.00311808
7.32648854 8.61018491 0.00312031
7.32662594 8.61012651 0.00312253
7.32676343 8.61006807 0.00312477
7.32690101 8.61000959 0.00312700
7.32703869 8.60995108 0.00312924
7.32717645 8.60989253 0.00313148
7.32731430 8.60983394 0.00313373
7.32745225 8.60977531 0.00313597
7.32759029 8.60971664 0.00313823
7.32772841 8.60965793 0.00314048
7.32786663 8.60959919 0.00314273
7.32800494 8.60954041 0.00314499
7.32814335 8.60948159 0.00314726
7.32828184 8.60942273 0.00314952
7.32842043 8.60936384 0.00315179
7.32855910 8.60930490 0.00315406
7.32869787 8.60924593 0.00315634
7.32883673 8.60918692 0.00315861
7.32897569 8.60912787 0.00316089
7.32911474 8.60906878 0.00316318
7.32925387 8.60900965 0.00316546
7.32939311 8.60895048 0.00316775
7.32953243 8.60889128 0.00317004
7.32967185 8.60883204 0.00317234
7.32981136 8.60877275 0.00317464
7.32995096 8.60871343 0.00317694
7.33009066 8.60865407 0.00317924
7.33023045 8.60859467 0.00318155
7.33037033 8.60853523 0.00318386
7.33051031 8.60847576 0.00318618
7.33065038 8.60841624 0.00318849
7.33079054 8.60835669 0.00319081
7.33093080 8.60829709 0.00319314
7.33107115 8.60823746 0.00319546
7.33121160 8.60817778 0.00319779
7.33135214 8.60811807 0.00320013
7.33149277 8.60805832 0.00320246
7.33163350 8.60799853 0.00320480
7.33177433 8.60793870 0.00320714
7.33191524 8.60787883 0.00320949
7.33205626 8.60781892 0.00321183
7.33219737 8.60775897 0.00321419
7.33233857 8.60769898 0.00321654
7.33247987 8.60763895 0.00321890
7.33262126 8.60757888 0.00322126
7.33276275 8.60751877 0.00322362
7.33290434 8.60745862 0.00322599
7.33304602 8.60739843 0.00322836
7.33318779 8.60733820 0.00323073
7.33332967 8.60727793 0.00323311
7.33347164 8.60721762 0.00323549
7.33361370 8.60715727 0.00323787
7.33375586 8.60709688 0.00324026
7.33389812 8.60703645 0.00324265
7.33404047 8.60697598 0.00324504
7.33418292 8.60691547 0.00324744
7.33432547 8.60685492 0.00324984
7.33446812 8.60679433 0.00325224
7.33461086 8.60673370 0.00325465
7.33475370 8.60667303 0.00325706
7.33489663 8.60661231 0.00325947
7.33503967 8.60655156 0.00326189
7.33518280 8.60649077 0.00326430
7.33532603 8.60642993 0.00326673
7.33546935 8.60636905 0.00326915
7.33561278 8.60630814 0.00327158
7.33575630 8.60624718 0.00327401
7.33589992 8.60618618 0.00327645
7.33604364 8.60612514 0.00327889
7.33618746 8.60606406 0.00328133
7.33633137 8.60600294 0.00328378
7.33647539 8.60594177 0.00328622
7.33661950 8.60588057 0.00328868
7.33676371 8.60581932 0.00329113
7.33690802 8.60575803 0.00329359
7.33705243 8.60569670 0.00329605
7.33719694 8.60563533 0.00329852
7.33734155 8.60557392 0.00330099
7.33748626 8.60551247 0.00330346
7.33763107 8.60545097 0.00330594
7.33777598 8.60538944 0.00330842
7.33792099 8.60532786 0.00331090
7.33806610 8.60526624 0.00331339
7.33821130 8.60520457 0.00331588
7.33835661 8.60514287 0.00331837
7.33850202 8.60508112 0.00332087
7.33864753 8.60501934 0.00332337
7.33879314 8.60495750 0.00332587
7.33893886 8.60489563 0.00332838
7.33908467 8.60483372 0.00333089
7.33923058 8.60477176 0.00333340
7.33937660 8.60470976 0.00333592
7.33952271 8.60464772 0.00333844
7.33966893 8.60458564 0.00334096
7.33981525 8.60452351 0.00334349
7.33996167 8.60446134 0.00334602
7.34010820 8.60439913 0.00334856
7.34025482 8.60433687 0.00335109
7.34040155 8.60427458 0.00335364
7.34054838 8.60421224 0.00335618
7.34069531 8.60414985 0.00335873
7.34084235 8.60408743 0.00336128
7.34098949 8.60402496 0.00336384
7.34113673 8.60396245 0.00336640
7.34128407 8.60389990 0.00336896
7.34143152 8.60383730 0.00337153
7.34157907 8.60377466 0.00337410
7.34172672 8.60371197 0.00337667
7.34187448 8.60364925 0.00337925
7.34202234 8.60358648 0.00338183
7.34217030 8.60352366 0.00338442
7.34231837 8.60346081 0.00338701
7.34246654 8.60339791 0.00338960
7.34261482 8.60333496 0.00339219
7.34276320 8.60327197 0.00339479
7.34291169 8.60320894 0.00339740
7.34306028 8.60314587 0.00340000
7.34320897 8.60308275 0.00340261
7.34335777 8.60301959 0.00340523
7.34350668 8.60295638 0.00340784
7.34365569 8.60289313 0.00341047
7.34380481 8.60282983 0.00341309
7.34395403 8.60276650 0.00341572
7.34410335 8.60270311 0.00341835
7.34425279 8.60263969 0.00342099
7.34440233 8.60257621 0.00342363
7.34455197 8.60251270 0.00342627
7.34470172 8.60244914 0.00342892
7.34485158 8.60238553 0.00343157
7.34500154 8.60232189 0.00343423
7.34515161 8.60225819 0.00343688
7.34530179 8.60219445 0.00343955
7.34545207 8.60213067 0.00344221
7.34560246 8.60206684 0.00344488
7.34575296 8.60200297 0.00344756
7.34590357 8.60193906 0.00345023
7.34605428 8.60187509 0.00345292
7.34620510 8.60181109 0.00345560
7.34635603 8.60174704 0.00345829
7.34650706 8.60168294 0.00346098
7.34665821 8.60161880 0.00346368
7.34680946 8.60155461 0.00346638
7.34696082 8.60149038 0.00346909
7.34711229 8.60142610 0.00347179
7.34726387 8.60136178 0.00347451
7.34741556 8.60129741 0.00347722
7.34756735 8.60123299 0.00347994
7.34771926 8.60116853 0.00348267
7.34787127 8.60110403 0.00348539
7.34802339 8.60103948 0.00348813
7.34817563 8.60097488 0.00349086
7.34832797 8.60091024 0.00349360
7.34848042 8.60084555 0.00349635
7.34863298 8.60078081 0.00349909
7.34878565 8.60071603 0.00350184
7.34893844 8.60065121 0.00350460
7.34909133 8.60058634 0.00350736
7.34924433 8.60052142 0.00351012
7.34939745 8.60045645 0.00351289
7.34955067 8.60039144 0.00351566
7.34970401 8.60032638 0.00351844
7.34985746 8.60026128 0.00352122
7.35001101 8.60019613 0.00352400
7.35016468 8.60013093 0.00352679
7.35031847 8.60006569 0.00352958
7.35047236 8.60000040 0.00353238
7.35062636 8.59993506 0.00353517
7.35078048 8.59986967 0.00353798
7.35093471 8.59980424 0.00354079
7.35108905 8.59973876 0.00354360
7.35124351 8.59967324 0.00354641
7.35139808 8.59960767 0.00354923
7.35155276 8.59954205 0.00355206
7.35170755 8.59947638 0.00355489
7.35186245 8.59941067 0.00355772
7.35201747 8.59934491 0.00356056
7.35217261 8.59927910 0.00356340
7.35232785 8.59921324 0.00356624
7.35248321 8.59914734 0.00356909
7.35263869 8.59908139 0.00357194
7.35279428 8.59901539 0.00357480
7.35294998 8.59894934 0.00357766
7.35310580 8.59888325 0.00358053
7.35326173 8.59881710 0.00358340
7.35341777 8.59875091 0.00358627
7.35357393 8.59868468 0.00358915
7.35373021 8.59861839 0.00359203
7.35388660 8.59855205 0.00359492
7.35404311 8.59848567 0.00359781
7.35419973 8.59841924 0.00360071
7.35435647 8.59835276 0.00360361
7.35451332 8.59828623 0.00360651
7.35467029 8.59821966 0.00360942
7.35482738 8.59815303 0.00361233
7.35498458 8.59808636 0.00361525
7.35514190 8.59801964 0.00361817
7.35529934 8.59795287 0.00362110
7.35545689 8.59788605 0.00362403
7.35561456 8.59781918 0.00362696
7.35577234 8.59775226 0.00362990
7.35593025 8.59768529 0.00363284
7.35608827 8.59761828 0.00363579
7.35624641 8.59755121 0.00363874
7.35640466 8.59748410 0.00364170
7.35656304 8.59741694 0.00364466
7.35672153 8.59734972 0.00364762
7.35688014 8.59728246 0.00365059
7.35703887 8.59721515 0.00365356
7.35719772 8.59714779 0.00365654
7.35735668 8.59708038 0.00365952
7.35751577 8.59701292 0.00366251
7.35767497 8.59694541 0.00366550
7.35783430 8.59687785 0.00366850
7.35799374 8.59681024 0.00367150
7.35815330 8.59674258 0.00367450
7.35831299 8.59667487 0.00367751
7.35847279 8.59660711 0.00368053
7.35863271 8.59653930 0.00368355
7.35879276 8.59647144 0.00368657
7.35895292 8.59640353 0.00368960
7.35911320 8.59633557 0.00369263
7.35927361 8.59626755 0.00369567
7.35943413 8.59619949 0.00369871
7.35959478 8.59613138 0.00370175
7.35975555 8.59606321 0.00370480
7.35991644 8.59599500 0.00370786
7.36007745 8.59592673 0.00371092
7.36023859 8.59585842 0.00371398
7.36039984 8.59579005 0.00371705
7.36056122 8.59572163 0.00372013
7.36072272 8.59565316 0.00372320
7.36088434 8.59558464 0.00372629
7.36104609 8.59551607 0.00372937
7.36120795 8.59544745 0.00373247
7.36136995 8.59537877 0.00373556
7.36153206 8.59531005 0.00373866
7.36169430 8.59524127 0.00374177
7.36185666 8.59517244 0.00374488
7.36201914 8.59510356 0.00374800
7.36218175 8.59503462 0.00375112
7.36234449 8.59496564 0.00375424
7.36250734 8.59489660 0.00375737
7.36267033 8.59482751 0.00376051
7.36283343 8.59475837 0.00376365
7.36299666 8.59468918 0.00376679
7.36316002 8.59461993 0.00376994
7.36332350 8.59455064 0.00377310
7.36348711 8.59448129 0.00377625
7.36365084 8.59441188 0.00377942
7.36381470 8.59434243 0.00378259
7.36397868 8.59427292 0.00378576
7.36414280 8.59420336 0.00378894
7.36430703 8.59413375 0.00379212
7.36447139 8.59406408 0.00379531
7.36463588 8.59399436 0.00379850
7.36480050 8.59392459 0.00380170
7.36496524 8.59385476 0.00380490
7.36513011 8.59378489 0.00380811
7.36529511 8.59371495 0.00381132
7.36546024 8.59364497 0.00381454
7.36562549 8.59357493 0.00381776
7.36579087 8.59350484 0.00382099
7.36595638 8.59343469 0.00382422
7.36612202 8.59336450 0.00382746
7.36628779 8.59329424 0.00383070
7.36645368 8.59322394 0.00383395
7.36661970 8.59315358 0.00383721
7.36678586 8.59308316 0.00384046
7.36695214 8.59301269 0.00384373
7.36711855 8.59294217 0.00384699
7.36728509 8.59287159 0.00385027
7.36745176 8.59280096 0.00385354
7.36761856 8.59273028 0.00385683
7.36778549 8.59265954 0.00386012
7.36795256 8.59258874 0.00386341
7.36811975 8.59251790 0.00386671
7.36828707 8.59244699 0.00387001
7.36845452 8.59237603 0.00387332
7.36862211 8.59230502 0.00387663
7.36878982 8.59223395 0.00387995
7.36895767 8.59216283 0.00388328
7.36912565 8.59209165 0.00388661
7.36929376 8.59202042 0.00388994
7.36946201 8.59194913 0.00389328
7.36963038 8.59187779 0.00389663
7.36979889 8.59180639 0.00389998
7.36996753 8.59173494 0.00390333
7.37013630 8.59166343 0.00390670
7.37030521 8.59159186 0.00391006
7.37047425 8.59152024 0.00391343
7.37064343 8.59144856 0.00391681
7.37081273 8.59137683 0.00392019
7.37098217 8.59130504 0.00392358
7.37115175 8.59123319 0.00392697
7.37132146 8.59116129 0.00393037
7.37149130 8.59108934 0.00393378
7.37166128 8.59101732 0.00393719
7.37183139 8.59094525 0.00394060
7.37200164 8.59087313 0.00394402
7.37217203 8.59080094 0.00394745
7.37234255 8.59072870 0.00395088
7.37251320 8.59065641 0.00395431
7.37268399 8.59058405 0.00395776
7.37285492 8.59051164 0.00396120
7.37302598 8.59043918 0.00396466
7.37319718 8.59036665 0.00396811
7.37336852 8.59029407 0.00397158
7.37353999 8.59022143 0.00397505
7.37371160 8.59014874 0.00397852
7.37388335 8.59007598 0.00398200
7.37405524 8.59000317 0.00398549
7.37422726 8.58993030 0.00398898
7.37439942 8.58985738 0.00399248
7.37457172 8.58978439 0.00399598
7.37474416 8.58971135 0.00399949
7.37491673 8.58963825 0.00400300
7.37508945 8.58956510 0.00400652
7.37526230 8.58949188 0.00401005
7.37543529 8.58941861 0.00401358
7.37560843 8.58934527 0.00401711
7.37578170 8.58927188 0.00402066
7.37595511 8.58919843 0.00402420
7.37612866 8.58912493 0.00402776
7.37630235 8.58905136 0.00403132
7.37647619 8.58897774 0.00403488
7.37665016 8.58890405 0.00403845
7.37682427 8.58883031 0.00404203
7.37699853 8.58875651 0.00404561
7.37717293 8.58868265 0.00404920
7.37734746 8.58860873 0.00405280
7.37752214 8.58853475 0.00405640
7.37769697 8.58846071 0.00406000
7.37787193 8.58838661 0.00406361
7.37804704 8.58831245 0.00406723
7.37822228 8.58823824 0.00407086
7.37839768 8.58816396 0.00407448
7.37857321 8.58808962 0.00407812
7.37874889 8.58801523 0.00408176
7.37892471 8.58794077 0.00408541
7.37910068 8.58786625 0.00408906
7.37927678 8.58779168 0.00409272
7.37945304 8.58771704 0.00409639
7.37962943 8.58764234 0.00410006
7.37980598 8.58756758 0.00410373
7.37998266 8.58749277 0.00410742
7.38015950 8.58741789 0.00411111
7.38033647 8.58734295 0.00411480
7.38051360 8.58726795 0.00411850
7.38069086 8.58719289 0.00412221
7.38086828 8.58711776 0.00412592
7.38104584 8.58704258 0.00412964
7.38122355 8.58696733 0.00413337
7.38140140 8.58689203 0.00413710
7.38157940 8.58681666 0.00414084
7.38175755 8.58674123 0.00414458
7.38193584 8.58666574 0.00414833
7.38211428 8.58659019 0.00415209
7.38229287 8.58651457 0.00415585
7.38247161 8.58643890 0.00415962
7.38265050 8.58636316 0.00416340
7.38282953 8.58628736 0.00416718
7.38300872 8.58621150 0.00417097
7.38318805 8.58613557 0.00417476
7.38336753 8.58605959 0.00417856
7.38354716 8.58598354 0.00418237
7.38372694 8.58590743 0.00418618
7.38390687 8.58583125 0.00419000
7.38408695 8.58575501 0.00419382
7.38426718 8.58567871 0.00419766
7.38444756 8.58560235 0.00420150
7.38462809 8.58552592 0.00420534
7.38480877 8.58544943 0.00420919
7.38498961 8.58537288 0.00421305
7.38517059 8.58529627 0.00421691
7.38535173 8.58521959 0.00422078
7.38553302 8.58514284 0.00422466
7.38571446 8.58506604 0.00422854
7.38589605 8.58498917 0.00423243
7.38607780 8.58491223 0.00423633
7.38625970 8.58483524 0.00424023
7.38644175 8.58475817 0.00424414
7.38662396 8.58468105 0.00424806
7.38680632 8.58460386 0.00425198
7.38698883 8.58452660 0.00425591
7.38717150 8.58444928 0.00425985
7.38735432 8.58437190 0.00426379
7.38753729 8.58429445 0.00426774
7.38772043 8.58421694 0.00427170
7.38790371 8.58413936 0.00427566
7.38808715 8.58406172 0.00427963
7.38827075 8.58398401 0.00428361
7.38845450 8.58390623 0.00428759
7.38863841 8.58382840 0.00429158
7.38882248 8.58375049 0.00429558
7.38900670 8.58367252 0.00429958
7.38919108 8.58359449 0.00430359
7.38937561 8.58351639 0.00430761
7.38956031 8.58343822 0.00431163
7.38974516 8.58335999 0.00431566
7.38993017 8.58328169 0.00431970
7.39011533 8.58320332 0.00432374
7.39030066 8.58312489 0.00432780
7.39048614 8.58304640 0.00433185
7.39067179 8.58296783 0.00433592
7.39085759 8.58288920 0.00433999
7.39104355 8.58281051 0.00434407
7.39122967 8.58273174 0.00434816
7.39141595 8.58265291 0.00435225
7.39160239 8.58257401 0.00435635
7.39178899 8.58249505 0.00436046
7.39197575 8.58241602 0.00436457
7.39216268 8.58233692 0.00436869
7.39234976 8.58225775 0.00437282
7.39253701 8.58217852 0.00437696
7.39272441 8.58209922 0.00438110
7.39291198 8.58201985 0.00438525
7.39309971 8.58194041 0.00438941
7.39328761 8.58186091 0.00439357
7.39347566 8.58178133 0.00439774
7.39366388 8.58170169 0.00440192
7.39385226 8.58162198 0.00440611
7.39404081 8.58154220 0.00441030
7.39422952 8.58146236 0.00441450
7.39441839 8.58138244 0.00441871
7.39460743 8.58130246 0.00442292
7.39479664 8.58122240 0.00442715
7.39498600 8.58114228 0.00443138
7.39517554 8.58106209 0.00443561
7.39536523 8.58098183 0.00443986
7.39555510 8.58090150 0.00444411
7.39574513 8.58082110 0.00444837
7.39593533 8.58074064 0.00445264
7.39612569 8.58066010 0.00445691
7.39631622 8.58057949 0.00446119
7.39650691 8.58049881 0.00446548
7.39669778 8.58041806 0.00446978
7.39688881 8.58033725 0.00447408
7.39708001 8.58025636 0.00447840
7.39727138 8.58017540 0.00448271
7.39746291 8.58009437 0.00448704
7.39765462 8.58001327 0.00449138
7.39784649 8.57993210 0.00449572
7.39803853 8.57985086 0.00450007
7.39823075 8.57976955 0.00450443
7.39842313 8.57968817 0.00450879
7.39861568 8.57960671 0.00451316
7.39880840 8.57952519 0.00451755
7.39900130 8.57944359 0.00452193
7.39919436 8.57936192 0.00452633
7.39938760 8.57928019 0.00453073
7.39958100 8.57919837 0.00453515
7.39977458 8.57911649 0.00453957
7.39996833 8.57903454 0.00454399
7.40016226 8.57895251 0.00454843
7.40035635 8.57887041 0.00455287
7.40055062 8.57878824 0.00455732
7.40074506 8.57870599 0.00456178
7.40093968 8.57862368 0.00456625
7.40113447 8.57854129 0.00457072
7.40132943 8.57845882 0.00457521
7.40152457 8.57837629 0.00457970
7.40171988 8.57829368 0.00458420
7.40191537 8.57821100 0.00458871
7.40211103 8.57812824 0.00459322
7.40230687 8.57804541 0.00459774
7.40250289 8.57796251 0.00460228
7.40269908 8.57787954 0.00460682
7.40289544 8.57779649 0.00461136
7.40309199 8.57771336 0.00461592
7.40328871 8.57763016 0.00462048
7.40348561 8.57754689 0.00462506
7.40368268 8.57746355 0.00462964
7.40387994 8.57738013 0.00463422
7.40407737 8.57729663 0.00463882
7.40427498 8.57721306 0.00464343
7.40447277 8.57712942 0.00464804
7.40467074 8.57704570 0.00465266
7.40486889 8.57696190 0.00465729
7.40506721 8.57687803 0.00466193
7.40526572 8.57679409 0.00466658
7.40546441 8.57671007 0.00467124
7.40566328 8.57662597 0.00467590
7.40586233 8.57654180 0.00468057
7.40606156 8.57645755 0.00468525
7.40626097 8.57637323 0.00468994
7.40646057 8.57628883 0.00469464
7.40666034 8.57620435 0.00469935
7.40686030 8.57611980 0.00470406
7.40706045 8.57603517 0.00470879
7.40726077 8.57595046 0.00471352
7.40746128 8.57586568 0.00471826
7.40766197 8.57578082 0.00472301
7.40786285 8.57569588 0.00472777
7.40806391 8.57561087 0.00473254
7.40826516 8.57552578 0.00473732
7.40846659 8.57544061 0.00474210
7.40866821 8.57535536 0.00474689
7.40887001 8.57527004 0.00475170
7.40907200 8.57518464 0.00475651
7.40927417 8.57509916 0.00476133
7.40947653 8.57501360 0.00476616
7.40967908 8.57492797 0.00477100
7.40988182 8.57484225 0.00477584
7.41008474 8.57475646 0.00478070
7.41028785 8.57467059 0.00478556
7.41049115 8.57458464 0.00479044
7.41069464 8.57449861 0.00479532
7.41089832 8.57441250 0.00480021
7.41110218 8.57432631 0.00480511
7.41130624 8.57424005 0.00481003
7.41151049 8.57415370 0.00481494
7.41171492 8.57406728 0.00481987
7.41191955 8.57398077 0.00482481
7.41212437 8.57389419 0.00482976
7.41232938 8.57380752 0.00483471
7.41253458 8.57372077 0.00483968
7.41273997 8.57363395 0.00484465
7.41294555 8.57354704 0.00484964
7.41315133 8.57346006 0.00485463
7.41335730 8.57337299 0.00485963
7.41356346 8.57328584 0.00486465
7.41376982 8.57319861 0.00486967
7.41397637 8.57311130 0.00487470
7.41418312 8.57302391 0.00487974
7.41439006 8.57293643 0.00488479
7.41459719 8.57284888 0.00488985
7.41480452 8.57276124 0.00489492
7.41501205 8.57267352 0.00490000
7.41521977 8.57258572 0.00490509
7.41542769 8.57249784 0.00491018
7.41563581 8.57240988 0.00491529
7.41584412 8.57232183 0.00492041
7.41605263 8.57223370 0.00492553
7.41626134 8.57214548 0.00493067
7.41647024 8.57205719 0.00493582
7.41667934 8.57196881 0.00494097
7.41688865 8.57188035 0.00494614
7.41709815 8.57179180 0.00495131
7.41730785 8.57170317 0.00495650
7.41751775 8.57161446 0.00496170
7.41772785 8.57152566 0.00496690
7.41793816 8.57143678 0.00497212
7.41814866 8.57134782 0.00497734
7.41835936 8.57125877 0.00498258
7.41857027 8.57116964 0.00498782
7.41878138 8.57108042 0.00499308
7.41899269 8.57099112 0.00499834
7.41920420 8.57090173 0.00500362
7.41941592 8.57081226 0.00500890
7.41962784 8.57072270 0.00501420
7.41983996 8.57063306 0.00501950
7.42005229 8.57054333 0.00502482
7.42026482 8.57045352 0.00503015
7.42047756 8.57036362 0.00503548
7.42069050 8.57027363 0.00504083
7.42090365 8.57018356 0.00504619
7.42111701 8.57009340 0.00505155
7.42133057 8.57000316 0.00505693
7.42154433 8.56991283 0.00506232
7.42175831 8.56982241 0.00506772
7.42197249 8.56973191 0.00507313
7.42218688 8.56964132 0.00507855
7.42240148 8.56955064 0.00508398
7.42261629 8.56945987 0.00508942
7.42283131 8.56936902 0.00509487
7.42304653 8.56927808 0.00510033
7.42326197 8.56918705 0.00510580
7.42347761 8.56909593 0.00511129
7.42369347 8.56900473 0.00511678
7.42390954 8.56891344 0.00512229
7.42412582 8.56882205 0.00512780
7.42434231 8.56873058 0.00513333
7.42455901 8.56863903 0.00513886
7.42477593 8.56854738 0.00514441
7.42499305 8.56845564 0.00514997
7.42521040 8.56836381 0.00515554
7.42542795 8.56827190 0.00516112
7.42564572 8.56817989 0.00516671
7.42586371 8.56808780 0.00517232
7.42608190 8.56799561 0.00517793
7.42630032 8.56790334 0.00518355
7.42651895 8.56781097 0.00518919
7.42673780 8.56771852 0.00519484
7.42695686 8.56762597 0.00520049
7.42717614 8.56753333 0.00520616
7.42739563 8.56744060 0.00521184
7.42761535 8.56734778 0.00521754
7.42783528 8.56725487 0.00522324
7.42805543 8.56716187 0.00522895
7.42827580 8.56706878 0.00523468
7.42849639 8.56697559 0.00524042
7.42871720 8.56688231 0.00524617
7.42893823 8.56678895 0.00525193
7.42915948 8.56669548 0.00525770
7.42938095 8.56660193 0.00526348
7.42960264 8.56650828 0.00526927
7.42982455 8.56641454 0.00527508
7.43004669 8.56632071 0.00528090
7.43026905 8.56622678 0.00528673
7.43049163 8.56613276 0.00529257
7.43071443 8.56603865 0.00529842
7.43093746 8.56594444 0.00530429
7.43116072 8.56585014 0.00531016
7.43138419 8.56575575 0.00531605
7.43160790 8.56566126 0.00532195
7.43183183 8.56556668 0.00532786
7.43205598 8.56547200 0.00533379
7.43228036 8.56537723 0.00533972
7.43250497 8.56528236 0.00534567
7.43272980 8.56518740 0.00535163
7.43295487 8.56509234 0.00535760
7.43318016 8.56499719 0.00536359
7.43340568 8.56490194 0.00536958
7.43363142 8.56480659 0.00537559
7.43385740 8.56471115 0.00538161
7.43408361 8.56461561 0.00538764
7.43431005 8.56451998 0.00539369
7.43453672 8.56442425 0.00539975
7.43476362 8.56432842 0.00540582
7.43499075 8.56423250 0.00541190
7.43521811 8.56413648 0.00541799
7.43544571 8.56404036 0.00542410
7.43567353 8.56394414 0.00543022
7.43590160 8.56384783 0.00543635
7.43612989 8.56375142 0.00544250
7.43635842 8.56365491 0.00544865
7.43658719 8.56355830 0.00545482
7.43681619 8.56346160 0.00546101
7.43704542 8.56336479 0.00546720
7.43727490 8.56326789 0.00547341
7.43750460 8.56317089 0.00547963
7.43773455 8.56307378 0.00548586
7.43796473 8.56297658 0.00549211
7.43819515 8.56287928 0.00549837
7.43842581 8.56278188 0.00550464
7.43865671 8.56268438 0.00551093
7.43888785 8.56258678 0.00551722
7.43911922 8.56248908 0.00552354
7.43935084 8.56239128 0.00552986
7.43958270 8.56229337 0.00553620
7.43981480 8.56219537 0.00554255
7.44004714 8.56209727 0.00554891
7.44027972 8.56199906 0.00555529
7.44051255 8.56190075 0.00556168
7.44074561 8.56180234 0.00556808
7.44097893 8.56170383 0.00557450
7.44121248 8.56160522 0.00558093
7.44144628 8.56150650 0.00558738
7.44168033 8.56140769 0.00559383
7.44191462 8.56130876 0.00560031
7.44214915 8.56120974 0.00560679
7.44238394 8.56111061 0.00561329
7.44261897 8.56101138 0.00561980
7.44285424 8.56091205 0.00562633
7.44308977 8.56081261 0.00563287
7.44332554 8.56071307 0.00563942
7.44356156 8.56061342 0.00564599
7.44379784 8.56051367 0.00565257
7.44403436 8.56041382 0.00565916
7.44427113 8.56031386 0.00566577
7.44450815 8.56021380 0.00567239
7.44474542 8.56011363 0.00567903
7.44498295 8.56001335 0.00568568
7.44522073 8.55991297 0.00569235
7.44545876 8.55981248 0.00569902
7.44569704 8.55971189 0.00570572
7.44593558 8.55961119 0.00571243
7.44617437 8.55951039 0.00571915
7.44641342 8.55940947 0.00572588
7.44665272 8.55930846 0.00573263
7.44689228 8.55920733 0.00573940
7.44713209 8.55910610 0.00574618
7.44737216 8.55900476 0.00575297
7.44761249 8.55890331 0.00575978
7.44785307 8.55880175 0.00576660
7.44809392 8.55870009 0.00577344
7.44833502 8.55859831 0.00578029
7.44857638 8.55849643 0.00578716
7.44881801 8.55839444 0.00579404
7.44905989 8.55829234 0.00580094
7.44930203 8.55819013 0.00580785
7.44954444 8.55808781 0.00581478
7.44978711 8.55798539 0.00582172
7.45003004 8.55788285 0.00582868
7.45027323 8.55778020 0.00583565
7.45051668 8.55767744 0.00584264
7.45076041 8.55757457 0.00584964
7.45100439 8.55747159 0.00585666
7.45124864 8.55736850 0.00586369
7.45149316 8.55726530 0.00587074
7.45173794 8.55716199 0.00587780
7.45198299 8.55705856 0.00588488
7.45222831 8.55695502 0.00589197
7.45247389 8.55685137 0.00589908
7.45271975 8.55674761 0.00590621
7.45296587 8.55664374 0.00591335
7.45321226 8.55653975 0.00592050
7.45345892 8.55643565 0.00592767
7.45370586 8.55633143 0.00593486
7.45395306 8.55622711 0.00594206
7.45420054 8.55612266 0.00594928
7.45444828 8.55601811 0.00595652
7.45469631 8.55591344 0.00596377
7.45494460 8.55580866 0.00597104
7.45519317 8.55570376 0.00597832
7.45544201 8.55559874 0.00598562
7.45569113 8.55549361 0.00599293
7.45594052 8.55538837 0.00600027
7.45619020 8.55528301 0.00600761
7.45644014 8.55517753 0.00601498
7.45669037 8.55507194 0.00602236
7.45694087 8.55496623 0.00602975
7.45719165 8.55486041 0.00603717
7.45744271 8.55475446 0.00604460
7.45769405 8.55464840 0.00605204
7.45794567 8.55454223 0.00605951
7.45819757 8.55443593 0.00606699
7.45844976 8.55432952 0.00607448
7.45870222 8.55422299 0.00608200
7.45895497 8.55411634 0.00608952
7.45920800 8.55400957 0.00609707
7.45946132 8.55390269 0.00610464
7.45971492 8.55379568 0.00611222
7.45996880 8.55368855 0.00611981
7.46022297 8.55358131 0.00612743
7.46047743 8.55347395 0.00613506
7.46073217 8.55336646 0.00614271
7.46098720 8.55325886 0.00615037
7.46124252 8.55315113 0.00615806
7.46149813 8.55304328 0.00616576
7.46175402 8.55293532 0.00617348
7.46201021 8.55282723 0.00618121
7.46226669 8.55271902 0.00618897
7.46252346 8.55261068 0.00619674
7.46278052 8.55250223 0.00620453
7.46303787 8.55239365 0.00621233
7.46329551 8.55228495 0.00622016
7.46355345 8.55217613 0.00622800
7.46381168 8.55206718 0.00623586
7.46407021 8.55195811 0.00624374
7.46432904 8.55184892 0.00625163
7.46458815 8.55173960 0.00625955
7.46484757 8.55163016 0.00626748
7.46510728 8.55152060 0.00627543
7.46536730 8.55141090 0.00628340
7.46562761 8.55130109 0.00629138
7.46588822 8.55119115 0.00629939
7.46614912 8.55108108 0.00630741
7.46641033 8.55097089 0.00631545
7.46667185 8.55086057 0.00632351
7.46693366 8.55075012 0.00633159
7.46719577 8.55063955 0.00633969
7.46745819 8.55052885 0.00634781
7.46772092 8.55041803 0.00635594
7.46798394 8.55030707 0.00636410
7.46824727 8.55019599 0.00637227
7.46851091 8.55008478 0.00638046
7.46877486 8.54997344 0.00638867
7.46903911 8.54986198 0.00639690
7.46930367 8.54975038 0.00640515
7.46956853 8.54963866 0.00641342
7.46983371 8.54952680 0.00642171
7.47009920 8.54941482 0.00643002
7.47036499 8.54930271 0.00643834
7.47063110 8.54919046 0.00644669
7.47089752 8.54907809 0.00645505
7.47116425 8.54896558 0.00646344
7.47143130 8.54885294 0.00647184
7.47169866 8.54874018 0.00648027
7.47196633 8.54862728 0.00648871
7.47223432 8.54851424 0.00649718
7.47250263 8.54840108 0.00650566
7.47277125 8.54828778 0.00651417
7.47304019 8.54817435 0.00652269
7.47330944 8.54806079 0.00653124
7.47357902 8.54794709 0.00653980
7.47384891 8.54783326 0.00654839
7.47411913 8.54771930 0.00655699
7.47438967 8.54760520 0.00656562
7.47466052 8.54749097 0.00657426
7.47493170 8.54737660 0.00658293
7.47520321 8.54726209 0.00659162
7.47547503 8.54714746 0.00660033
7.47574718 8.54703268 0.00660906
7.47601966 8.54691777 0.00661781
7.47629246 8.54680272 0.00662658
7.47656559 8.54668754 0.00663537
7.47683905 8.54657221 0.00664418
7.47711283 8.54645675 0.00665302
7.47738694 8.54634116 0.00666187
7.47766139 8.54622542 0.00667075
7.47793616 8.54610955 0.00667965
7.47821126 8.54599354 0.00668857
7.47848670 8.54587739 0.00669751
7.47876246 8.54576110 0.00670647
7.47903857 8.54564467 0.00671545
7.47931500 8.54552810 0.00672446
7.47959177 8.54541139 0.00673349
7.47986887 8.54529454 0.00674254
7.48014632 8.54517755 0.00675161
7.48042409 8.54506041 0.00676070
7.48070221 8.54494314 0.00676982
7.48098067 8.54482572 0.00677896
7.48125946 8.54470817 0.00678812
7.48153859 8.54459047 0.00679730
7.48181807 8.54447262 0.00680650
7.48209788 8.54435464 0.00681573
7.48237804 8.54423651 0.00682498
7.48265854 8.54411824 0.00683425
7.48293939 8.54399982 0.00684355
7.48322058 8.54388126 0.00685287
7.48350212 8.54376255 0.00686221
7.48378400 8.54364370 0.00687157
7.48406623 8.54352470 0.00688096
7.48434881 8.54340556 0.00689037
7.48463173 8.54328627 0.00689980
7.48491501 8.54316683 0.00690926
7.48519863 8.54304725 0.00691874
7.48548261 8.54292752 0.00692824
7.48576694 8.54280765 0.00693777
7.48605162 8.54268762 0.00694732
7.48633666 8.54256745 0.00695690
7.48662205 8.54244713 0.00696649
7.48690779 8.54232666 0.00697612
7.48719389 8.54220604 0.00698576
7.48748035 8.54208527 0.00699543
7.48776717 8.54196436 0.00700513
7.48805434 8.54184329 0.00701485
7.48834187 8.54172207 0.00702459
7.48862977 8.54160070 0.00703436
7.48891802 8.54147918 0.00704415
7.48920664 8.54135751 0.00705397
7.48949561 8.54123568 0.00706381
7.48978496 8.54111371 0.00707367
7.49007466 8.54099158 0.00708356
7.49036474 8.54086929 0.00709348
7.49065517 8.54074686 0.00710342
7.49094598 8.54062427 0.00711339
7.49123715 8.54050152 0.00712338
7.49152869 8.54037863 0.00713339
7.49182061 8.54025557 0.00714344
7.49211289 8.54013237 0.00715350
7.49240554 8.54000900 0.00716360
7.49269856 8.53988548 0.00717371
7.49299196 8.53976181 0.00718386
7.49328573 8.53963797 0.00719403
7.49357988 8.53951399 0.00720422
7.49387440 8.53938984 0.00721445
7.49416930 8.53926553 0.00722469
7.49446458 8.53914107 0.00723497
7.49476024 8.53901645 0.00724527
7.49505627 8.53889167 0.00725560
7.49535268 8.53876673 0.00726595
7.49564948 8.53864163 0.00727633
7.49594666 8.53851637 0.00728674
7.49624422 8.53839095 0.00729717
7.49654216 8.53826537 0.00730763
7.49684049 8.53813963 0.00731812
7.49713921 8.53801373 0.00732864
7.49743831 8.53788766 0.00733918
7.49773780 8.53776143 0.00734975
7.49803768 8.53763504 0.00736035
7.49833795 8.53750849 0.00737097
7.49863860 8.53738177 0.00738162
7.49893965 8.53725489 0.00739230
7.49924109 8.53712784 0.00740301
7.49954293 8.53700063 0.00741375
7.49984516 8.53687326 0.00742451
7.50014778 8.53674572 0.00743530
7.50045080 8.53661801 0.00744612
7.50075422 8.53649014 0.00745697
7.50105803 8.53636210 0.00746785
7.50136225 8.53623389 0.00747875
7.50166686 8.53610551 0.00748969
7.50197188 8.53597697 0.00750065
7.50227729 8.53584826 0.00751164
7.50258311 8.53571938 0.00752266
7.50288934 8.53559033 0.00753371
7.50319597 8.53546111 0.00754479
7.50350300 8.53533172 0.00755590
7.50381044 8.53520216 0.00756704
7.50411829 8.53507243 0.00757820
7.50442655 8.53494253 0.00758940
7.50473522 8.53481245 0.00760063
7.50504430 8.53468221 0.00761189
7.50535379 8.53455179 0.00762317
7.50566369 8.53442120 0.00763449
7.50597401 8.53429043 0.00764584
7.50628474 8.53415950 0.00765721
7.50659589 8.53402838 0.00766862
7.50690746 8.53389709 0.00768006
7.50721944 8.53376563 0.00769153
7.50753185 8.53363399 0.00770303
7.50784467 8.53350218 0.00771456
7.50815792 8.53337019 0.00772612
7.50847158 8.53323802 0.00773772
7.50878567 8.53310567 0.00774934
7.50910019 8.53297315 0.00776100
7.50941513 8.53284045 0.00777269
7.50973050 8.53270756 0.00778441
7.51004629 8.53257451 0.00779616
7.51036252 8.53244127 0.00780794
7.51067917 8.53230785 0.00781975
7.51099625 8.53217425 0.00783160
7.51131377 8.53204046 0.00784348
7.51163172 8.53190650 0.00785539
7.51195010 8.53177236 0.00786734
7.51226892 8.53163803 0.00787931
7.51258818 8.53150352 0.00789132
7.51290787 8.53136883 0.00790337
7.51322800 8.53123395 0.00791544
7.51354857 8.53109889 0.00792755
7.51386958 8.53096364 0.00793969
7.51419104 8.53082821 0.00795187
7.51451293 8.53069259 0.00796408
7.51483527 8.53055679 0.00797632
7.51515806 8.53042080 0.00798860
7.51548129 8.53028462 0.00800091
7.51580497 8.53014826 0.00801326
7.51612910 8.53001171 0.00802563
7.51645368 8.52987497 0.00803805
7.51677871 8.52973804 0.00805050
7.51710420 8.52960092 0.00806298
7.51743013 8.52946361 0.00807550
7.51775652 8.52932611 0.00808805
7.51808337 8.52918842 0.00810064
7.51841067 8.52905053 0.00811326
7.51873843 8.52891246 0.00812592
7.51906666 8.52877419 0.00813861
7.51939534 8.52863573 0.00815134
7.51972448 8.52849708 0.00816411
7.52005409 8.52835823 0.00817691
7.52038416 8.52821919 0.00818974
7.52071469 8.52807995 0.00820262
7.52104570 8.52794052 0.00821553
7.52137717 8.52780089 0.00822847
7.52170911 8.52766106 0.00824145
7.52204152 8.52752104 0.00825447
7.52237440 8.52738082 0.00826753
7.52270775 8.52724040 0.00828062
7.52304158 8.52709978 0.00829375
7.52337588 8.52695897 0.00830692
7.52371066 8.52681795 0.00832013
7.52404592 8.52667674 0.00833337
7.52438166 8.52653532 0.00834665
7.52471787 8.52639370 0.00835997
7.52505457 8.52625188 0.00837333
7.52539175 8.52610986 0.00838673
7.52572942 8.52596763 0.00840016
7.52606757 8.52582520 0.00841363
7.52640621 8.52568257 0.00842714
7.52674533 8.52553973 0.00844070
7.52708495 8.52539669 0.00845429
7.52742505 8.52525344 0.00846791
7.52776565 8.52510999 0.00848158
7.52810674 8.52496633 0.00849529
7.52844833 8.52482246 0.00850904
7.52879041 8.52467838 0.00852283
7.52913299 8.52453410 0.00853665
7.52947606 8.52438961 0.00855052
7.52981964 8.52424490 0.00856443
7.53016372 8.52409999 0.00857838
7.53050830 8.52395487 0.00859237
7.53085339 8.52380953 0.00860640
7.53119898 8.52366398 0.00862047
7.53154507 8.52351823 0.00863459
7.53189168 8.52337225 0.00864874
7.53223880 8.52322607 0.00866294
7.53258642 8.52307967 0.00867718
7.53293456 8.52293305 0.00869146
7.53328321 8.52278622 0.00870578
7.53363238 8.52263918 0.00872014
7.53398206 8.52249191 0.00873455
7.53433226 8.52234443 0.00874900
7.53468299 8.52219674 0.00876349
7.53503423 8.52204882 0.00877803
7.53538599 8.52190069 0.00879261
7.53573828 8.52175233 0.00880723
7.53609109 8.52160376 0.00882190
7.53644443 8.52145496 0.00883661
7.53679830 8.52130595 0.00885136
7.53715270 8.52115671 0.00886616
7.53750762 8.52100725 0.00888100
7.53786308 8.52085757 0.00889589
7.53821908 8.52070766 0.00891082
7.53857561 8.52055753 0.00892579
7.53893267 8.52040717 0.00894082
7.53929028 8.52025659 0.00895588
7.53964842 8.52010578 0.00897100
7.54000711 8.51995474 0.00898615
7.54036634 8.51980348 0.00900136
7.54072611 8.51965199 0.00901661
7.54108643 8.51950027 0.00903190
7.54144730 8.51934832 0.00904725
7.54180871 8.51919614 0.00906264
7.54217068 8.51904373 0.00907807
7.54253320 8.51889108 0.00909356
7.54289627 8.51873821 0.00910909
7.54325990 8.51858510 0.00912467
7.54362408 8.51843176 0.00914029
7.54398883 8.51827819 0.00915597
7.54435413 8.51812438 0.00917169
7.54471999 8.51797033 0.00918746
7.54508642 8.51781605 0.00920328
7.54545341 8.51766153 0.00921915
7.54582097 8.51750678 0.00923507
7.54618910 8.51735178 0.00925103
7.54655779 8.51719655 0.00926705
7.54692706 8.51704108 0.00928311
7.54729690 8.51688537 0.00929923
7.54766732 8.51672942 0.00931539
7.54803831 8.51657322 0.00933161
7.54840988 8.51641679 0.00934788
7.54878203 8.51626011 0.00936419
7.54915476 8.51610318 0.00938056
7.54952807 8.51594602 0.00939698
7.54990197 8.51578860 0.00941345
7.55027645 8.51563095 0.00942997
7.55065153 8.51547304 0.00944655
7.55102719 8.51531489 0.00946317
7.55140344 8.51515649 0.00947985
7.55178029 8.51499784 0.00949658
7.55215773 8.51483894 0.00951337
7.55253576 8.51467980 0.00953021
7.55291440 8.51452040 0.00954710
7.55329364 8.51436075 0.00956404
7.55367347 8.51420084 0.00958104
7.55405392 8.51404069 0.00959809
7.55443496 8.51388028 0.00961520
7.55481662 8.51371961 0.00963236
7.55519888 8.51355869 0.00964957
7.55558175 8.51339752 0.00966684
7.55596524 8.51323609 0.00968417
7.55634934 8.51307440 0.00970155
7.55673406 8.51291245 0.00971899
7.55711939 8.51275024 0.00973648
7.55750535 8.51258777 0.00975403
7.55789193 8.51242505 0.00977164
7.55827913 8.51226206 0.00978930
7.55866695 8.51209881 0.00980702
7.55905541 8.51193529 0.00982480
7.55944449 8.51177151 0.00984264
7.55983420 8.51160747 0.00986053
7.56022455 8.51144316 0.00987848
7.56061553 8.51127859 0.00989649
7.56100715 8.51111375 0.00991456
7.56139940 8.51094864 0.00993269
7.56179230 8.51078326 0.00995087
7.56218584 8.51061761 0.00996912
7.56258002 8.51045170 0.00998742
7.56297485 8.51028551 0.01000579
7.56337033 8.51011905 0.01002422
7.56376646 8.50995232 0.01004270
7.56416324 8.50978531 0.01006125
7.56456068 8.50961803 0.01007986
7.56495877 8.50945047 0.01009853
7.56535752 8.50928264 0.01011726
7.56575694 8.50911453 0.01013606
7.56615701 8.50894615 0.01015492
7.56655775 8.50877748 0.01017384
7.56695915 8.50860854 0.01019282
7.56736122 8.50843931 0.01021186
7.56776397 8.50826981 0.01023097
7.56816738 8.50810002 0.01025015
7.56857147 8.50792995 0.01026938
7.56897624 8.50775959 0.01028869
7.56938169 8.50758896 0.01030805
7.56978781 8.50741803 0.01032748
7.57019462 8.50724682 0.01034698
7.57060212 8.50707532 0.01036654
7.57101030 8.50690354 0.01038617
7.57141917 8.50673146 0.01040587
7.57182874 8.50655910 0.01042563
7.57223900 8.50638644 0.01044546
7.57264995 8.50621349 0.01046536
7.57306160 8.50604025 0.01048532
7.57347395 8.50586672 0.01050535
7.57388701 8.50569289 0.01052545
7.57430077 8.50551876 0.01054562
7.57471523 8.50534434 0.01056586
7.57513041 8.50516962 0.01058617
7.57554629 8.50499461 0.01060654
7.57596289 8.50481929 0.01062699
7.57638021 8.50464367 0.01064751
7.57679824 8.50446776 0.01066809
7.57721700 8.50429154 0.01068875
7.57763648 8.50411502 0.01070948
7.57805668 8.50393819 0.01073028
7.57847761 8.50376106 0.01075116
7.57889927 8.50358362 0.01077210
7.57932166 8.50340588 0.01079312
7.57974479 8.50322783 0.01081422
7.58016865 8.50304946 0.01083538
7.58059325 8.50287079 0.01085662
7.58101860 8.50269181 0.01087793
7.58144468 8.50251252 0.01089932
7.58187152 8.50233291 0.01092079
7.58229910 8.50215299 0.01094232
7.58272743 8.50197275 0.01096394
7.58315652 8.50179220 0.01098563
7.58358637 8.50161133 0.01100740
7.58401697 8.50143015 0.01102924
7.58444833 8.50124864 0.01105116
7.58488046 8.50106681 0.01107316
7.58531335 8.50088467 0.01109524
7.58574701 8.50070220 0.01111739
7.58618144 8.50051941 0.01113963
7.58661664 8.50033629 0.01116194
7.58705262 8.50015285 0.01118433
7.58748938 8.49996908 0.01120681
7.58792692 8.49978498 0.01122936
7.58836525 8.49960056 0.01125199
7.58880436 8.49941580 0.01127471
7.58924426 8.49923072 0.01129751
7.58968495 8.49904530 0.01132039
7.59012643 8.49885955 0.01134335
7.59056871 8.49867346 0.01136639
7.59101179 8.49848704 0.01138952
7.59145568 8.49830029 0.01141273
7.59190036 8.49811320 0.01143603
7.59234586 8.49792576 0.01145941
7.59279216 8.49773799 0.01148288
7.59323928 8.49754988 0.01150643
7.59368721 8.49736142 0.01153006
7.59413597 8.49717263 0.01155379
7.59458554 8.49698348 0.01157760
7.59503593 8.49679400 0.01160150
7.59548716 8.49660416 0.01162548
7.59593921 8.49641398 0.01164956
7.59639209 8.49622345 0.01167372
7.59684581 8.49603257 0.01169797
7.59730037 8.49584134 0.01172231
7.59775577 8.49564975 0.01174675
7.59821201 8.49545781 0.01177127
7.59866910 8.49526552 0.01179588
7.59912704 8.49507287 0.01182059
7.59958583 8.49487986 0.01184538
7.60004547 8.49468649 0.01187027
7.60050598 8.49449277 0.01189526
7.60096734 8.49429868 0.01192033
7.60142957 8.49410423 0.01194550
7.60189266 8.49390942 0.01197077
7.60235663 8.49371424 0.01199613
7.60282147 8.49351870 0.01202158
7.60328718 8.49332278 0.01204713
7.60375377 8.49312650 0.01207278
7.60422125 8.49292985 0.01209853
7.60468961 8.49273283 0.01212437
7.60515886 8.49253544 0.01215031
7.60562900 8.49233767 0.01217635
7.60610003 8.49213953 0.01220249
7.60657196 8.49194101 0.01222872
7.60704480 8.49174211 0.01225506
7.60751853 8.49154284 0.01228150
7.60799318 8.49134318 0.01230804
7.60846873 8.49114314 0.01233468
7.60894520 8.49094272 0.01236143
7.60942259 8.49074191 0.01238828
7.60990089 8.49054072 0.01241523
7.61038012 8.49033914 0.01244228
7.61086027 8.49013718 0.01246944
7.61134136 8.48993482 0.01249671
7.61182337 8.48973207 0.01252408
7.61230633 8.48952893 0.01255156
7.61279022 8.48932539 0.01257914
7.61327506 8.48912146 0.01260683
7.61376084 8.48891713 0.01263464
7.61424757 8.48871241 0.01266255
7.61473526 8.48850728 0.01269056
7.61522390 8.48830175 0.01271869
7.61571351 8.48809582 0.01274693
7.61620407 8.48788949 0.01277528
7.61669561 8.48768275 0.01280375
7.61718811 8.48747560 0.01283232
7.61768159 8.48726804 0.01286101
7.61817605 8.48706007 0.01288981
7.61867149 8.48685170 0.01291873
7.61916791 8.48664291 0.01294776
7.61966532 8.48643370 0.01297691
7.62016372 8.48622408 0.01300617
7.62066312 8.48601404 0.01303555
7.62116352 8.48580358 0.01306505
7.62166492 8.48559270 0.01309467
7.62216733 8.48538140 0.01312441
7.62267075 8.48516967 0.01315426
7.62317519 8.48495752 0.01318424
7.62368064 8.48474495 0.01321434
7.62418711 8.48453194 0.01324455
7.62469461 8.48431850 0.01327490
7.62520314 8.48410463 0.01330536
7.62571270 8.48389033 0.01333595
7.62622330 8.48367560 0.01336666
7.62673494 8.48346042 0.01339750
7.62724762 8.48324481 0.01342847
7.62776135 8.48302876 0.01345956
7.62827614 8.48281227 0.01349078
7.62879198 8.48259533 0.01352213
7.62930888 8.48237795 0.01355360
7.62982685 8.48216012 0.01358521
7.63034588 8.48194185 0.01361695
7.63086599 8.48172312 0.01364881
7.63138718 8.48150394 0.01368081
7.63190944 8.48128431 0.01371295
7.63243279 8.48106423 0.01374521
7.63295723 8.48084369 0.01377762
7.63348276 8.48062268 0.01381015
7.63400939 8.48040122 0.01384282
7.63453713 8.48017930 0.01387563
7.63506596 8.47995691 0.01390858
7.63559591 8.47973406 0.01394167
7.63612697 8.47951074 0.01397489
7.63665915 8.47928695 0.01400826
7.63719246 8.47906269 0.01404176
7.63772689 8.47883796 0.01407541
7.63826245 8.47861275 0.01410920
7.63879915 8.47838706 0.01414313
7.63933699 8.47816090 0.01417721
7.63987597 8.47793426 0.01421144
7.64041611 8.47770713 0.01424581
7.64095739 8.47747952 0.01428032
7.64149984 8.47725142 0.01431499
7.64204345 8.47702284 0.01434980
7.64258822 8.47679377 0.01438476
7.64313417 8.47656420 0.01441988
7.64368130 8.47633415 0.01445514
7.64422960 8.47610359 0.01449056
7.64477909 8.47587254 0.01452613
7.64532978 8.47564099 0.01456186
7.64588165 8.47540894 0.01459774
7.64643473 8.47517638 0.01463377
7.64698902 8.47494332 0.01466997
7.64754451 8.47470975 0.01470632
7.64810122 8.47447567 0.01474283
7.64865915 8.47424108 0.01477950
7.64921830 8.47400598 0.01481634
7.64977868 8.47377036 0.01485333
7.65034029 8.47353422 0.01489049
7.65090315 8.47329756 0.01492781
7.65146725 8.47306038 0.01496530
7.65203259 8.47282268 0.01500295
7.65259920 8.47258445 0.01504078
7.65316706 8.47234569 0.01507876
7.65373619 8.47210641 0.01511692
7.65430658 8.47186659 0.01515525
7.65487825 8.47162623 0.01519375
7.65545120 8.47138534 0.01523243
7.65602544 8.47114391 0.01527127
7.65660097 8.47090193 0.01531030
7.65717779 8.47065942 0.01534949
7.65775591 8.47041635 0.01538887
7.65833534 8.47017274 0.01542842
7.65891608 8.46992858 0.01546816
7.65949814 8.46968387 0.01550807
7.66008153 8.46943860 0.01554816
7.66066624 8.46919277 0.01558844
7.66125228 8.46894639 0.01562890
7.66183967 8.46869944 0.01566955
7.66242840 8.46845193 0.01571038
7.66301848 8.46820385 0.01575140
7.66360991 8.46795520 0.01579261
7.66420271 8.46770598 0.01583401
7.66479688 8.46745619 0.01587560
7.66539242 8.46720582 0.01591739
7.66598934 8.46695487 0.01595936
7.66658764 8.46670334 0.01600154
7.66718734 8.46645123 0.01604391
7.66778843 8.46619853 0.01608647
7.66839093 8.46594524 0.01612924
7.66899483 8.46569136 0.01617220
7.66960015 8.46543689 0.01621537
7.67020689 8.46518182 0.01625874
7.67081506 8.46492616 0.01630232
7.67142466 8.46466989 0.01634610
7.67203570 8.46441302 0.01639008
7.67264818 8.46415554 0.01643428
7.67326212 8.46389745 0.01647868
7.67387751 8.46363875 0.01652330
7.67449437 8.46337944 0.01656813
7.67511270 8.46311951 0.01661317
7.67573251 8.46285896 0.01665843
7.67635380 8.46259778 0.01670391
7.67697658 8.46233598 0.01674960
7.67760086 8.46207356 0.01679552
7.67822664 8.46181050 0.01684165
7.67885393 8.46154681 0.01688801
7.67948273 8.46128248 0.01693459
7.68011306 8.46101752 0.01698140
7.68074492 8.46075191 0.01702844
7.68137832 8.46048566 0.01707570
7.68201326 8.46021876 0.01712320
7.68264975 8.45995121 0.01717093
7.68328779 8.45968301 0.01721889
7.68392740 8.45941415 0.01726709
7.68456858 8.45914463 0.01731552
7.68521134 8.45887445 0.01736420
7.68585569 8.45860361 0.01741311
7.68650162 8.45833209 0.01746227
7.68714916 8.45805991 0.01751167
7.68779830 8.45778705 0.01756131
7.68844906 8.45751351 0.01761120
7.68910143 8.45723930 0.01766135
7.68975544 8.45696440 0.01771174
7.69041108 8.45668881 0.01776238
7.69106837 8.45641254 0.01781328
7.69172730 8.45613557 0.01786444
7.69238790 8.45585790 0.01791585
7.69305016 8.45557954 0.01796752
7.69371409 8.45530048 0.01801946
7.69437971 8.45502070 0.01807165
7.69504701 8.45474023 0.01812412
7.69571601 8.45445903 0.01817685
7.69638672 8.45417713 0.01822985
7.69705914 8.45389450 0.01828312
7.69773328 8.45361115 0.01833666
7.69840915 8.45332708 0.01839048
7.69908675 8.45304228 0.01844457
7.69976610 8.45275675 0.01849895
7.70044720 8.45247048 0.01855360
7.70113006 8.45218347 0.01860854
7.70181470 8.45189572 0.01866377
7.70250111 8.45160722 0.01871928
7.70318930 8.45131798 0.01877508
7.70387930 8.45102798 0.01883117
7.70457109 8.45073722 0.01888756
7.70526470 8.45044571 0.01894424
7.70596012 8.45015343 0.01900122
7.70665738 8.44986038 0.01905850
7.70735647 8.44956657 0.01911608
7.70805741 8.44927197 0.01917396
7.70876020 8.44897660 0.01923216
7.70946486 8.44868045 0.01929066
7.71017140 8.44838351 0.01934947
7.71087981 8.44808578 0.01940860
7.71159012 8.44778726 0.01946805
7.71230232 8.44748794 0.01952781
7.71301644 8.44718781 0.01958789
7.71373247 8.44688689 0.01964830
7.71445044 8.44658515 0.01970904
7.71517034 8.44628260 0.01977010
7.71589218 8.44597923 0.01983149
7.71661599 8.44567505 0.01989322
7.71734176 8.44537003 0.01995528
7.71806951 8.44506419 0.02001768
7.71879924 8.44475752 0.02008042
7.71953097 8.44445000 0.02014351
7.72026471 8.44414165 0.02020694
7.72100046 8.44383245 0.02027072
7.72173823 8.44352240 0.02033485
7.72247805 8.44321149 0.02039934
7.72321990 8.44289973 0.02046418
7.72396382 8.44258710 0.02052939
7.72470980 8.44227361 0.02059496
7.72545786 8.44195925 0.02066089
7.72620800 8.44164400 0.02072719
7.72696024 8.44132788 0.02079386
7.72771459 8.44101088 0.02086091
7.72847106 8.44069298 0.02092834
7.72922966 8.44037419 0.02099614
7.72999040 8.44005451 0.02106433
7.73075330 8.43973392 0.02113291
7.73151835 8.43941242 0.02120187
7.73228558 8.43909001 0.02127123
7.73305500 8.43876668 0.02134098
7.73382661 8.43844243 0.02141113
7.73460042 8.43811726 0.02148169
7.73537646 8.43779115 0.02155265
7.73615473 8.43746411 0.02162402
7.73693524 8.43713612 0.02169580
7.73771800 8.43680719 0.02176799
7.73850303 8.43647731 0.02184061
7.73929034 8.43614648 0.02191364
7.74007993 8.43581468 0.02198710
7.74087183 8.43548192 0.02206100
7.74166604 8.43514819 0.02213532
7.74246258 8.43481348 0.02221008
7.74326145 8.43447779 0.02228528
7.74406267 8.43414111 0.02236092
7.74486626 8.43380344 0.02243701
7.74567222 8.43346478 0.02251355
7.74648058 8.43312511 0.02259054
7.74729133 8.43278443 0.02266800
7.74810449 8.43244275 0.02274591
7.74892008 8.43210004 0.02282429
7.74973812 8.43175631 0.02290314
7.75055860 8.43141155 0.02298247
7.75138155 8.43106575 0.02306227
7.75220698 8.43071892 0.02314255
7.75303491 8.43037104 0.02322332
7.75386534 8.43002210 0.02330458
7.75469829 8.42967211 0.02338634
7.75553377 8.42932106 0.02346859
7.75637180 8.42896893 0.02355135
7.75721240 8.42861573 0.02363461
7.75805557 8.42826145 0.02371838
7.75890133 8.42790609 0.02380267
7.75974969 8.42754962 0.02388748
7.76060068 8.42719206 0.02397281
7.76145430 8.42683340 0.02405868
7.76231056 8.42647362 0.02414508
7.76316949 8.42611273 0.02423201
7.76403110 8.42575071 0.02431949
7.76489540 8.42538756 0.02440752
7.76576241 8.42502328 0.02449610
7.76663214 8.42465785 0.02458523
7.76750461 8.42429127 0.02467493
7.76837983 8.42392354 0.02476520
7.76925783 8.42355464 0.02485604
7.77013861 8.42318458 0.02494746
7.77102219 8.42281334 0.02503946
7.77190859 8.42244091 0.02513204
7.77279782 8.42206730 0.02522523
7.77368991 8.42169249 0.02531901
7.77458486 8.42131648 0.02541339
7.77548269 8.42093926 0.02550838
7.77638342 8.42056082 0.02560399
7.77728707 8.42018115 0.02570022
7.77819365 8.41980026 0.02579707
7.77910318 8.41941813 0.02589456
7.78001568 8.41903475 0.02599268
7.78093117 8.41865012 0.02609145
7.78184965 8.41826423 0.02619087
7.78277116 8.41787707 0.02629094
7.78369570 8.41748864 0.02639167
7.78462331 8.41709892 0.02649307
7.78555398 8.41670791 0.02659514
7.78648775 8.41631561 0.02669790
7.78742463 8.41592200 0.02680134
7.78836463 8.41552707 0.02690547
7.78930779 8.41513083 0.02701030
7.79025411 8.41473326 0.02711583
7.79120362 8.41433434 0.02722208
7.79215634 8.41393409 0.02732905
7.79311227 8.41353248 0.02743674
7.79407146 8.41312951 0.02754517
7.79503390 8.41272516 0.02765433
7.79599963 8.41231944 0.02776425
7.79696866 8.41191234 0.02787491
7.79794102 8.41150384 0.02798634
7.79891672 8.41109393 0.02809853
7.79989579 8.41068261 0.02821150
7.80087824 8.41026988 0.02832526
7.80186410 8.40985571 0.02843980
7.80285338 8.40944010 0.02855514
7.80384612 8.40902305 0.02867129
7.80484232 8.40860453 0.02878825
7.80584202 8.40818456 0.02890604
7.80684523 8.40776311 0.02902465
7.80785198 8.40734017 0.02914410
7.80886228 8.40691574 0.02926440
7.80987617 8.40648981 0.02938555
7.81089365 8.40606236 0.02950757
7.81191477 8.40563340 0.02963046
7.81293953 8.40520290 0.02975422
7.81396797 8.40477086 0.02987888
7.81500010 8.40433727 0.03000444
7.81603595 8.40390212 0.03013090
7.81707554 8.40346539 0.03025828
7.81811890 8.40302709 0.03038658
7.81916606 8.40258719 0.03051582
7.82021703 8.40214569 0.03064600
7.82127184 8.40170258 0.03077714
7.82233051 8.40125785 0.03090924
7.82339308 8.40081148 0.03104232
7.82445956 8.40036347 0.03117637
7.82552999 8.39991381 0.03131142
7.82660438 8.39946247 0.03144748
7.82768277 8.39900947 0.03158455
7.82876518 8.39855477 0.03172264
7.82985164 8.39809838 0.03186177
7.83094217 8.39764027 0.03200194
7.83203680 8.39718045 0.03214318
7.83313556 8.39671889 0.03228547
7.83423848 8.39625558 0.03242885
7.83534558 8.39579052 0.03257332
7.83645690 8.39532369 0.03271890
7.83757245 8.39485508 0.03286558
7.83869228 8.39438468 0.03301339
7.83981640 8.39391248 0.03316234
7.84094486 8.39343845 0.03331244
7.84207766 8.39296260 0.03346370
7.84321486 8.39248491 0.03361614
7.84435647 8.39200536 0.03376976
7.84550253 8.39152395 0.03392459
7.84665307 8.39104065 0.03408062
7.84780812 8.39055547 0.03423788
7.84896771 8.39006837 0.03439639
7.85013187 8.38957936 0.03455614
7.85130064 8.38908842 0.03471716
7.85247404 8.38859552 0.03487947
7.85365211 8.38810067 0.03504307
7.85483488 8.38760385 0.03520797
7.85602239 8.38710504 0.03537421
7.85721466 8.38660422 0.03554178
7.85841174 8.38610139 0.03571070
7.85961365 8.38559653 0.03588099
7.86082044 8.38508963 0.03605267
7.86203213 8.38458067 0.03622574
7.86324876 8.38406963 0.03640023
7.86447036 8.38355650 0.03657615
7.86569698 8.38304127 0.03675352
7.86692865 8.38252392 0.03693236
7.86816540 8.38200444 0.03711267
7.86940727 8.38148280 0.03729448
7.87065430 8.38095900 0.03747781
7.87190653 8.38043302 0.03766267
7.87316399 8.37990484 0.03784908
7.87442673 8.37937445 0.03803705
7.87569478 8.37884183 0.03822662
7.87696818 8.37830696 0.03841778
7.87824697 8.37776982 0.03861057
7.87953120 8.37723041 0.03880501
7.88082089 8.37668870 0.03900110
7.88211610 8.37614468 0.03919888
7.88341686 8.37559832 0.03939835
7.88472322 8.37504961 0.03959955
7.88603522 8.37449854 0.03980249
7.88735290 8.37394509 0.04000719
7.88867630 8.37338923 0.04021368
7.89000547 8.37283094 0.04042197
7.89134045 8.37227022 0.04063209
7.89268129 8.37170704 0.04084405
7.89402803 8.37114139 0.04105789
7.89538071 8.37057323 0.04127362
7.89673939 8.37000257 0.04149127
7.89810411 8.36942936 0.04171086
7.89947491 8.36885360 0.04193242
7.90085184 8.36827527 0.04215596
7.90223496 8.36769434 0.04238152
7.90362431 8.36711080 0.04260911
7.90501993 8.36652462 0.04283877
7.90642188 8.36593578 0.04307051
7.90783021 8.36534427 0.04330437
7.90924497 8.36475005 0.04354037
7.91066621 8.36415312 0.04377854
7.91209398 8.36355345 0.04401891
7.91352834 8.36295101 0.04426150
7.91496933 8.36234578 0.04450634
7.91641701 8.36173775 0.04475347
7.91787144 8.36112688 0.04500290
7.91933266 8.36051316 0.04525467
7.92080074 8.35989657 0.04550881
7.92227573 8.35927707 0.04576535
7.92375768 8.35865465 0.04602432
7.92524666 8.35802928 0.04628576
7.92674272 8.35740093 0.04654968
7.92824591 8.35676959 0.04681614
7.92975631 8.35613523 0.04708516
7.93127397 8.35549782 0.04735677
7.93279894 8.35485734 0.04763100
7.93433129 8.35421376 0.04790790
7.93587109 8.35356705 0.04818750
7.93741839 8.35291720 0.04846984
7.93897326 8.35226416 0.04875494
7.94053575 8.35160793 0.04904285
7.94210595 8.35094846 0.04933361
7.94368390 8.35028573 0.04962725
7.94526969 8.34961972 0.04992381
7.94686336 8.34895039 0.05022334
7.94846500 8.34827772 0.05052587
7.95007467 8.34760168 0.05083144
7.95169244 8.34692224 0.05114010
7.95331839 8.34623937 0.05145189
7.95495257 8.34555304 0.05176685
7.95659506 8.34486321 0.05208502
7.95824595 8.34416987 0.05240646
7.95990529 8.34347298 0.05273120
7.96157316 8.34277250 0.05305929
7.96324965 8.34206841 0.05339078
7.96493481 8.34136067 0.05372572
7.96662875 8.34064925 0.05406415
7.96833152 8.33993413 0.05440612
7.97004321 8.33921525 0.05475170
7.97176390 8.33849260 0.05510092
7.97349367 8.33776614 0.05545383
7.97523260 8.33703583 0.05581050
7.97698078 8.33630163 0.05617098
7.97873829 8.33556353 0.05653531
7.98050521 8.33482146 0.05690357
7.98228163 8.33407542 0.05727579
7.98406764 8.33332534 0.05765205
7.98586332 8.33257120 0.05803240
7.98766877 8.33181297 0.05841690
7.98948407 8.33105060 0.05880562
7.99130931 8.33028405 0.05919861
7.99314460 8.32951328 0.05959594
7.99499002 8.32873826 0.05999767
7.99684566 8.32795895 0.06040387
7.99871163 8.32717531 0.06081460
8.00058801 8.32638729 0.06122994
8.00247492 8.32559485 0.06164996
8.00437244 8.32479796 0.06207472
8.00628069 8.32399656 0.06250429
8.00819975 8.32319062 0.06293876
8.01012974 8.32238010 0.06337819
8.01207076 8.32156494 0.06382267
8.01402292 8.32074511 0.06427226
8.01598632 8.31992055 0.06472706
8.01796108 8.31909123 0.06518713
8.01994729 8.31825710 0.06565256
8.02194509 8.31741811 0.06612345
8.02395457 8.31657421 0.06659986
8.02597585 8.31572535 0.06708189
8.02800905 8.31487149 0.06756962
8.03005429 8.31401258 0.06806316
8.03211169 8.31314856 0.06856258
8.03418136 8.31227938 0.06906799
8.03626343 8.31140501 0.06957948
8.03835802 8.31052537 0.07009715
8.04046527 8.30964042 0.07062109
8.04258528 8.30875011 0.07115141
8.04471821 8.30785438 0.07168821
8.04686416 8.30695318 0.07223161
8.04902329 8.30604645 0.07278169
8.05119572 8.30513413 0.07333858
8.05338158 8.30421617 0.07390239
8.05558102 8.30329252 0.07447323
8.05779418 8.30236310 0.07505122
8.06002119 8.30142787 0.07563648
8.06226219 8.30048676 0.07622912
8.06451735 8.29953971 0.07682928
8.06678679 8.29858666 0.07743707
8.06907068 8.29762754 0.07805263
8.07136915 8.29666230 0.07867609
8.07368237 8.29569087 0.07930759
8.07601049 8.29471319 0.07994725
8.07835366 8.29372918 0.08059522
8.08071206 8.29273878 0.08125164
8.08308582 8.29174193 0.08191666
8.08547513 8.29073855 0.08259042
8.08788015 8.28972858 0.08327308
8.09030104 8.28871194 0.08396479
8.09273798 8.28768856 0.08466570
8.09519113 8.28665838 0.08537599
8.09766068 8.28562131 0.08609581
8.10014679 8.28457728 0.08682534
8.10264966 8.28352622 0.08756474
8.10516946 8.28246806 0.08831418
8.10770637 8.28140270 0.08907385
8.11026059 8.28033008 0.08984394
8.11283231 8.27925011 0.09062461
8.11542171 8.27816272 0.09141608
8.11802899 8.27706782 0.09221852
8.12065435 8.27596533 0.09303214
8.12329799 8.27485516 0.09385715
8.12596012 8.27373723 0.09469374
8.12864093 8.27261146 0.09554212
8.13134064 8.27147775 0.09640253
8.13405945 8.27033602 0.09727517
8.13679759 8.26918617 0.09816027
8.13955527 8.26802812 0.09905806
8.14233271 8.26686178 0.09996877
8.14513013 8.26568704 0.10089265
8.14794776 8.26450382 0.10182995
8.15078583 8.26331201 0.10278090
8.15364458 8.26211153 0.10374577
8.15652422 8.26090226 0.10472481
8.15942502 8.25968412 0.10571831
8.16234720 8.25845700 0.10672652
8.16529101 8.25722080 0.10774973
8.16825670 8.25597541 0.10878822
8.17124452 8.25472072 0.10984228
8.17425473 8.25345664 0.11091222
8.17728759 8.25218304 0.11199833
8.18034335 8.25089983 0.11310092
8.18342229 8.24960689 0.11422031
8.18652466 8.24830411 0.11535684
8.18965075 8.24699137 0.11651082
8.19280083 8.24566855 0.11768259
8.19597517 8.24433555 0.11887251
8.19917407 8.24299224 0.12008092
8.20239780 8.24163850 0.12130819
8.20564666 8.24027420 0.12255468
8.20892095 8.23889924 0.12382078
8.21222095 8.23751347 0.12510686
8.21554697 8.23611678 0.12641333
8.21889931 8.23470903 0.12774057
8.22227829 8.23329011 0.12908901
8.22568422 8.23185986 0.13045906
8.22911741 8.23041817 0.13185115
8.23257818 8.22896490 0.13326572
8.23606686 8.22749991 0.13470322
8.23958377 8.22602307 0.13616409
8.24312924 8.22453423 0.13764882
8.24670362 8.22303325 0.13915787
8.25030723 8.22152000 0.14069174
8.25394043 8.21999433 0.14225091
8.25760355 8.21845609 0.14383589
8.26129695 8.21690514 0.14544721
8.26502099 8.21534132 0.14708539
8.26877601 8.21376449 0.14875097
8.27256239 8.21217450 0.15044450
8.27638048 8.21057119 0.15216655
8.28023066 8.20895441 0.15391768
8.28411329 8.20732399 0.15569848
8.28802876 8.20567980 0.15750955
8.29197743 8.20402165 0.15935150
8.29595970 8.20234940 0.16122494
8.29997595 8.20066289 0.16313051
8.30402657 8.19896194 0.16506886
8.30811194 8.19724640 0.16704064
8.31223247 8.19551610 0.16904652
8.31638854 8.19377086 0.17108718
8.32058057 8.19201054 0.17316333
8.32480895 8.19023495 0.17527566
8.32907409 8.18844392 0.17742490
8.33337639 8.18663729 0.17961177
8.33771627 8.18481488 0.18183704
8.34209413 8.18297652 0.18410145
8.34651040 8.18112203 0.18640577
8.35096547 8.17925125 0.18875080
8.35545978 8.17736400 0.19113733
8.35999373 8.17546010 0.19356616
8.36456774 8.17353937 0.19603813
8.36918223 8.17160165 0.19855406
8.37383762 8.16964676 0.20111480
8.37853433 8.16767451 0.20372120
8.38327277 8.16568475 0.20637414
8.38805335 8.16367728 0.20907450
8.39287651 8.16165194 0.21182317
8.39774263 8.15960856 0.21462105
8.40265215 8.15754695 0.21746905
8.40760546 8.15546696 0.22036810
8.41260298 8.15336840 0.22331912
8.41764509 8.15125112 0.22632305
8.42273221 8.14911494 0.22938083
8.42786472 8.14695970 0.23249343
8.43304301 8.14478523 0.23566179
8.43826747 8.14259138 0.23888688
8.44353846 8.14037799 0.24216967
8.44885636 8.13814490 0.24551113
8.45422152 8.13589197 0.24891223
8.45963430 8.13361904 0.25237394
8.46509504 8.13132598 0.25589723
8.47060406 8.12901264 0.25948308
8.47616169 8.12667888 0.26313244
8.48176824 8.12432459 0.26684628
8.48742399 8.12194963 0.27062555
8.49312924 8.11955390 0.27447119
8.49888424 8.11713727 0.27838414
8.50468924 8.11469964 0.28236532
8.51054448 8.11224092 0.28641562
8.51645017 8.10976101 0.29053593
8.52240650 8.10725984 0.29472712
8.52841364 8.10473733 0.29899002
8.53447175 8.10219342 0.30332547
8.54058095 8.09962806 0.30773423
8.54674135 8.09704120 0.31221706
8.55295303 8.09443281 0.31677470
8.55921602 8.09180286 0.32140780
8.56553036 8.08915136 0.32611703
8.57189603 8.08647831 0.33090296
8.57831299 8.08378371 0.33576614
8.58478117 8.08106761 0.34070707
8.59130045 8.07833005 0.34572618
8.59787070 8.07557109 0.35082384
8.60449172 8.07279080 0.35600036
8.61116330 8.06998929 0.36125598
8.61788517 8.06716666 0.36659086
8.62465702 8.06432305 0.37200509
8.63147850 8.06145859 0.37749867
8.63834921 8.05857346 0.38307151
8.64526872 8.05566784 0.38872344
8.65223652 8.05274194 0.39445419
8.65925208 8.04979599 0.40026338
8.66631479 8.04683023 0.40615053
8.67342401 8.04384495 0.41211505
8.68057904 8.04084043 0.41815624
8.68777912 8.03781700 0.42427328
8.69502343 8.03477499 0.43046522
8.70231109 8.03171477 0.43673099
8.70964118 8.02863675 0.44306938
8.71701270 8.02554132 0.44947908
8.72442459 8.02242894 0.45595859
8.73187574 8.01930008 0.46250632
8.73936496 8.01615523 0.46912051
8.74689102 8.01299491 0.47579927
8.75445261 8.00981967 0.48254055
8.76204836 8.00663009 0.48934218
8.76967684 8.00342676 0.49620181
8.77733655 8.00021033 0.50311697
8.78502593 7.99698143 0.51008502
8.79274336 7.99374075 0.51710320
8.80048716 7.99048900 0.52416859
8.80825558 7.98722690 0.53127813
8.81604683 7.98395523 0.53842863
8.82385905 7.98067475 0.54561675
8.83169030 7.97738628 0.55283904
8.83953863 7.97409063 0.56009190
8.84740201 7.97078867 0.56737164
8.85527837 7.96748126 0.57467442
8.86316557 7.96416929 0.58199634
8.87106146 7.96085367 0.58933335
8.87896383 7.95753534 0.59668136
8.88687042 7.95421523 0.60403617
8.89477895 7.95089431 0.61139352
8.90268710 7.94757354 0.61874907
8.91059253 7.94425392 0.62609847
8.91849287 7.94093644 0.63343728
8.92638573 7.93762210 0.64076109
8.93426870 7.93431191 0.64806541
8.94213935 7.93100689 0.65534581
8.94999526 7.92770806 0.66259783
8.95783401 7.92441645 0.66981704
8.96565314 7.92113306 0.67699905
8.97345024 7.91785893 0.68413951
8.98122290 7.91459506 0.69123412
8.98896870 7.91134247 0.69827867
8.99668527 7.90810216 0.70526903
9.00437025 7.90487511 0.71220114
9.01202129 7.90166231 0.71907108
9.01963611 7.89846473 0.72587502
9.02721243 7.89528330 0.73260925
9.03474802 7.89211898 0.73927023
9.04224072 7.88897268 0.74585453
9.04968838 7.88584528 0.75235889
9.05708892 7.88273767 0.75878019
9.06444032 7.87965070 0.76511550
9.07174060 7.87658519 0.77136204
9.07898786 7.87354195 0.77751722
9.08618026 7.87052174 0.78357863
9.09331601 7.86752532 0.78954403
9.10039340 7.86455341 0.79541138
9.10741080 7.86160669 0.80117882
9.11436664 7.85868582 0.80684468
9.12125942 7.85579143 0.81240747
9.12808773 7.85292411 0.81786591
9.13485023 7.85008442 0.82321886
9.14154564 7.84727291 0.82846542
9.14817279 7.84449006 0.83360483
9.15473057 7.84173634 0.83863652
9.16121793 7.83901219 0.84356009
9.16763393 7.83631801 0.84837530
9.17397769 7.83365416 0.85308209
9.18024841 7.83102098 0.85768054
9.18644537 7.82841877 0.86217088
9.19256792 7.82584782 0.86655351
9.19861547 7.82330835 0.87082892
9.20458754 7.82080058 0.87499778
9.21048369 7.81832469 0.87906086
9.21630355 7.81588083 0.88301904
9.22204684 7.81346913 0.88687333
9.22771332 7.81108968 0.89062483
9.23330284 7.80874255 0.89427474
9.23881530 7.80642778 0.89782433
9.24425065 7.80414539 0.90127498
9.24960892 7.80189536 0.90462812
9.25489017 7.79967768 0.90788527
9.26009455 7.79749227 0.91104800
9.26522223 7.79533908 0.91411791
9.27027344 7.79321799 0.91709669
9.27524846 7.79112890 0.91998605
9.28014762 7.78907166 0.92278773
9.28497128 7.78704613 0.92550350
9.28971985 7.78505213 0.92813518
9.29439377 7.78308947 0.93068459
9.29899353 7.78115795 0.93315355
9.30351966 7.77925736 0.93554392
9.30797268 7.77738746 0.93785756
9.31235320 7.77554801 0.94009630
9.31666181 7.77373875 0.94226201
9.32089914 7.77195943 0.94435654
9.32506587 7.77020975 0.94638172
9.32916266 7.76848944 0.94833938
9.33319023 7.76679820 0.95023132
9.33714929 7.76513572 0.95205936
9.34104058 7.76350171 0.95382525
9.34486485 7.76189583 0.95553075
9.34862288 7.76031777 0.95717760
9.35231545 7.75876721 0.95876750
9.35594334 7.75724379 0.96030212
9.35950736 7.75574720 0.96178311
9.36300832 7.75427709 0.96321210
9.36644704 7.75283312 0.96459067
9.36982434 7.75141493 0.96592039
9.37314105 7.75002219 0.96720277
9.37639801 7.74865454 0.96843932
9.37959605 7.74731163 0.96963149
9.38273601 7.74599311 0.97078070
9.38581872 7.74469863 0.97188836
9.38884503 7.74342783 0.97295583
9.39181578 7.74218037 0.97398442
9.39473179 7.74095588 0.97497543
9.39759392 7.73975403 0.97593012
9.40040298 7.73857446 0.97684972
9.40315980 7.73741682 0.97773541
9.40586522 7.73628078 0.97858835
9.40852005 7.73516597 0.97940967
9.41112510 7.73407206 0.98020047
9.41368119 7.73299872 0.98096179
9.41618911 7.73194560 0.98169468
9.41864967 7.73091238 0.98240013
9.42106365 7.72989871 0.98307912
9.42343184 7.72890427 0.98373257
9.42575500 7.72792873 0.98436140
9.42803392 7.72697178 0.98496650
9.43026934 7.72603308 0.98554870
9.43246202 7.72511234 0.98610885
9.43461271 7.72420923 0.98664774
9.43672213 7.72332345 0.98716613
9.43879101 7.72245470 0.98766479
9.44082007 7.72160266 0.98814443
9.44281001 7.72076705 0.98860575
9.44476154 7.71994757 0.98904942
9.44667534 7.71914394 0.98947609
9.44855209 7.71835586 0.98988641
9.45039247 7.71758305 0.99028096
9.45219713 7.71682525 0.99066035
9.45396672 7.71608217 0.99102513
9.45570189 7.71535354 0.99137585
9.45740327 7.71463910 0.99171305
9.45907149 7.71393859 0.99203722
9.46070715 7.71325175 0.99234886
9.46231086 7.71257832 0.99264844
9.46388322 7.71191806 0.99293642
9.46542481 7.71127072 0.99321324
9.46693621 7.71063606 0.99347932
9.46841798 7.71001384 0.99373506
9.46987068 7.70940383 0.99398087
9.47129486 7.70880579 0.99421713
9.47269107 7.70821951 0.99444418
9.47405982 7.70764474 0.99466240
9.47540164 7.70708129 0.99487211
9.47671705 7.70652893 0.99507365
9.47800654 7.70598745 0.99526732
9.47927062 7.70545664 0.99545343
9.48050977 7.70493630 0.99563227
9.48172447 7.70442623 0.99580413
9.48291518 7.70392623 0.99596926
9.48408237 7.70343611 0.99612793
9.48522650 7.70295567 0.99628039
9.48634800 7.70248473 0.99642688
9.48744732 7.70202311 0.99656764
9.48852488 7.70157062 0.99670287
9.48958111 7.70112710 0.99683281
9.49061642 7.70069235 0.99695765
9.49163122 7.70026622 0.99707758
9.49262590 7.69984854 0.99719282
9.49360086 7.69943914 0.99730352
9.49455647 7.69903786 0.99740988
9.49549313 7.69864454 0.99751206
9.49641120 7.69825903 0.99761022
9.49731104 7.69788117 0.99770452
9.49819301 7.69751082 0.99779512
9.49905746 7.69714782 0.99788215
9.49990474 7.69679204 0.99796576
9.50073517 7.69644332 0.99804607
9.50154909 7.69610154 0.99812323
9.50234683 7.69576656 0.99819734
9.50312870 7.69543824 0.99826854
9.50389502 7.69511645 0.99833693
9.50464609 7.69480106 0.99840263
9.50538221 7.69449196 0.99846573
9.50610368 7.69418900 0.99852635
9.50681078 7.69389208 0.99858458
9.50750380 7.69360106 0.99864052
9.50818302 7.69331585 0.99869425
9.50884871 7.69303631 0.99874586
9.50950114 7.69276235 0.99879543
9.51014057 7.69249384 0.99884305
9.51076725 7.69223069 0.99888878
9.51138144 7.69197278 0.99893272
9.51198339 7.69172001 0.99897491
9.51257334 7.69147228 0.99901545
9.51315152 7.69122949 0.99905438
9.51371817 7.69099155 0.99909177
9.51427353 7.69075835 0.99912769
9.51481780 7.69052980 0.99916219
9.51535122 7.69030580 0.99919533
9.51587399 7.69008628 0.99922716
9.51638634 7.68987114 0.99925773
9.51688846 7.68966029 0.99928709
9.51738056 7.68945365 0.99931529
9.51786284 7.68925113 0.99934238
9.51833549 7.68905266 0.99936840
9.51879871 7.68885815 0.99939338
9.51925268 7.68866752 0.99941738
9.51969759 7.68848069 0.99944044
9.52013361 7.68829760 0.99946258
9.52056093 7.68811816 0.99948384
9.52097971 7.68794231 0.99950427
9.52139014 7.68776996 0.99952388
9.52179236 7.68760106 0.99954273
9.52218656 7.68743553 0.99956082
9.52257287 7.68727331 0.99957820
9.52295148 7.68711433 0.99959490
9.52332252 7.68695852 0.99961093
9.52368615 7.68680583 0.99962633
9.52404251 7.68665619 0.99964112
9.52439176 7.68650953 0.99965532
9.52473402 7.68636581 0.99966896
9.52506945 7.68622496 0.99968207
9.52539818 7.68608692 0.99969465
9.52572034 7.68595164 0.99970674
9.52603606 7.68581906 0.99971835
9.52634547 7.68568914 0.99972950
9.52664870 7.68556181 0.99974020
9.52694587 7.68543702 0.99975049
9.52723710 7.68531473 0.99976037
9.52752251 7.68519488 0.99976985
9.52780221 7.68507743 0.99977896
9.52807633 7.68496232 0.99978771
9.52834497 7.68484951 0.99979612
9.52860823 7.68473896 0.99980419
9.52886624 7.68463062 0.99981194
9.52911909 7.68452445 0.99981939
9.52936688 7.68442040 0.99982654
9.52960972 7.68431842 0.99983341
9.52984771 7.68421849 0.99984000
9.53008094 7.68412055 0.99984634
9.53030950 7.68402457 0.99985242
9.53053350 7.68393051 0.99985826
9.53075302 7.68383833 0.99986388
9.53096815 7.68374800 0.99986927
9.53117898 7.68365947 0.99987444
9.53138560 7.68357270 0.99987941
9.53158808 7.68348768 0.99988419
9.53178652 7.68340435 0.99988877
9.53198098 7.68332269 0.99989318
9.53217156 7.68324266 0.99989741
9.53235833 7.68316424 0.99990147
9.53254137 7.68308738 0.99990537
9.53272075 7.68301205 0.99990912
9.53289654 7.68293824 0.99991272
9.53306881 7.68286589 0.99991617
9.53323764 7.68279500 0.99991949
9.53340309 7.68272552 0.99992268
9.53356524 7.68265744 0.99992574
9.53372414 7.68259071 0.99992868
9.53387987 7.68252532 0.99993151
9.53403248 7.68246123 0.99993422
9.53418204 7.68239843 0.99993683
9.53432861 7.68233688 0.99993933
9.53447225 7.68227657 0.99994173
9.53461302 7.68221746 0.99994404
9.53475097 7.68215953 0.99994625
9.53488617 7.68210276 0.99994838
9.53501866 7.68204712 0.99995043
9.53514850 7.68199260 0.99995239
9.53527574 7.68193917 0.99995428
9.53540044 7.68188680 0.99995609
9.53552265 7.68183549 0.99995783
9.53564241 7.68178520 0.99995950
9.53575978 7.68173591 0.99996110
9.53587480 7.68168761 0.99996264
9.53598752 7.68164028 0.99996412
9.53609798 7.68159389 0.99996554
9.53620624 7.68154844 0.99996691
9.53631233 7.68150389 0.99996822
9.53641630 7.68146023 0.99996948
9.53651820 7.68141744 0.99997069
9.53661805 7.68137551 0.99997185
9.53671591 7.68133442 0.99997296
9.53681181 7.68129415 0.99997403
9.53690579 7.68125468 0.99997506
9.53699789 7.68121601 0.99997605
9.53708815 7.68117811 0.99997700
9.53717661 7.68114096 0.99997791
9.53726329 7.68110456 0.99997878
9.53734824 7.68106889 0.99997962
9.53743150 7.68103393 0.99998043
9.53751309 7.68099967 0.99998121
9.53759304 7.68096609 0.99998195
9.53767140 7.68093319 0.99998267
9.53774819 7.68090094 0.99998335
9.53782345 7.68086934 0.99998401
9.53789720 7.68083837 0.99998465
9.53796947 7.68080802 0.99998525
9.53804030 7.68077828 0.99998584
9.53810972 7.68074913 0.99998640
9.53817774 7.68072057 0.99998694
9.53824441 7.68069258 0.99998746
9.53830974 7.68066514 0.99998795
9.53837376 7.68063826 0.99998843
9.53843651 7.68061191 0.99998889
9.53849800 7.68058609 0.99998933
9.53855826 7.68056078 0.99998975
9.53861731 7.68053599 0.99999016
9.53867519 7.68051168 0.99999055
9.53873190 7.68048787 0.99999092
9.53878748 7.68046453 0.99999128
9.53884195 7.68044166 0.99999163
9.53889533 7.68041924 0.99999196
9.53894765 7.68039727 0.99999228
9.53899891 7.68037575 0.99999259
9.53904916 7.68035465 0.99999288
9.53909839 7.68033397 0.99999316
9.53914665 7.68031371 0.99999343
9.53919393 7.68029385 0.99999369
9.53924027 7.68027439 0.99999394
9.53928569 7.68025532 0.99999418
9.53933020 7.68023664 0.99999441
9.53937381 7.68021832 0.99999464
9.53941656 7.68020037 0.99999485
9.53945844 7.68018278 0.99999505
9.53949950 7.68016554 0.99999525
9.53953973 7.68014865 0.99999544
9.53957915 7.68013209 0.99999562
9.53961779 7.68011587 0.99999579
9.53965565 7.68009997 0.99999596
9.53969276 7.68008439 0.99999612
9.53972913 7.68006912 0.99999627
9.53976476 7.68005415 0.99999642
9.53979969 7.68003949 0.99999656
9.53983392 7.68002511 0.99999670
9.53986746 7.68001103 0.99999683
9.53990033 7.67999723 0.99999696
9.53993254 7.67998370 0.99999708
9.53996411 7.67997044 0.99999719
9.53999505 7.67995745 0.99999731
9.54002537 7.67994472 0.99999741
9.54005508 7.67993224 0.99999752
9.54008420 7.67992002 0.99999761
9.54011274 7.67990803 0.99999771
9.54014070 7.67989629 0.99999780
9.54016811 7.67988478 0.99999789
9.54019497 7.67987350 0.99999797
9.54022129 7.67986245 0.99999805
9.54024708 7.67985162 0.99999813
9.54027236 7.67984100 0.99999820
9.54029713 7.67983060 0.99999828
9.54032141 7.67982041 0.99999834
9.54034520 7.67981042 0.99999841
9.54036852 7.67980063 0.99999847
9.54039137 7.67979103 0.99999853
9.54041376 7.67978163 0.99999859
9.54043571 7.67977241 0.99999865
9.54045721 7.67976338 0.99999870
9.54047829 7.67975453 0.99999875
9.54049895 7.67974586 0.99999880
9.54051919 7.67973736 0.99999885
9.54053902 7.67972903 0.99999890
9.54055846 7.67972087 0.99999894
9.54057751 7.67971287 0.99999898
9.54059618 7.67970503 0.99999902
9.54061448 7.67969734 0.99999906
9.54063241 7.67968981 0.99999910
9.54064998 7.67968243 0.99999914
9.54066720 7.67967520 0.99999917
9.54068408 7.67966812 0.99999920
9.54070062 7.67966117 0.99999924
9.54071683 7.67965437 0.99999927
9.54073271 7.67964770 0.99999930
9.54074828 7.67964116 0.99999932
9.54076353 7.67963475 0.99999935
9.54077848 7.67962848 0.99999938
9.54079313 7.67962232 0.99999940
9.54080749 7.67961629 0.99999943
9.54082156 7.67961039 0.99999945
9.54083535 7.67960460 0.99999947
9.54084886 7.67959892 0.99999949
9.54086211 7.67959336 0.99999951
9.54087509 7.67958791 0.99999953
9.54088780 7.67958257 0.99999955
9.54090027 7.67957734 0.99999957
9.54091248 7.67957221 0.99999959
9.54092445 7.67956718 0.99999960
9.54093619 7.67956225 0.99999962
9.54094768 7.67955743 0.99999964
9.54095895 7.67955269 0.99999965
9.54096999 7.67954806 0.99999966
9.54098081 7.67954351 0.99999968
9.54099141 7.67953906 0.99999969
9.54100181 7.67953470 0.99999970
9.54101199 7.67953042 0.99999972
9.54102197 7.67952623 0.99999973
9.54103175 7.67952212 0.99999974
9.54104134 7.67951810 0.99999975
9.54105073 7.67951415 0.99999976
