8.27007968 0.21159968 0.01066169
8.27007301 0.21206411 0.01068328
8.27006633 0.21252938 0.01070496
8.27005964 0.21299549 0.01072671
8.27005293 0.21346246 0.01074854
8.27004620 0.21393027 0.01077045
8.27003947 0.21439895 0.01079244
8.27003271 0.21486848 0.01081451
8.27002594 0.21533888 0.01083666
8.27001915 0.21581014 0.01085889
8.27001235 0.21628227 0.01088121
8.27000554 0.21675526 0.01090361
8.26999871 0.21722914 0.01092609
8.26999186 0.21770389 0.01094865
8.26998500 0.21817952 0.01097130
8.26997812 0.21865603 0.01099403
8.26997122 0.21913343 0.01101685
8.26996432 0.21961171 0.01103975
8.26995739 0.22009089 0.01106274
8.26995045 0.22057097 0.01108581
8.26994349 0.22105194 0.01110897
8.26993652 0.22153381 0.01113222
8.26992953 0.22201659 0.01115555
8.26992252 0.22250028 0.01117898
8.26991550 0.22298487 0.01120249
8.26990846 0.22347038 0.01122608
8.26990141 0.22395681 0.01124977
8.26989434 0.22444416 0.01127355
8.26988725 0.22493243 0.01129742
8.26988015 0.22542163 0.01132138
8.26987303 0.22591176 0.01134543
8.26986589 0.22640283 0.01136957
8.26985873 0.22689483 0.01139381
8.26985156 0.22738777 0.01141814
8.26984438 0.22788165 0.01144256
8.26983717 0.22837648 0.01146707
8.26982995 0.22887226 0.01149168
8.26982271 0.22936900 0.01151638
8.26981545 0.22986669 0.01154118
8.26980818 0.23036534 0.01156608
8.26980089 0.23086496 0.01159107
8.26979358 0.23136554 0.01161616
8.26978626 0.23186710 0.01164134
8.26977892 0.23236963 0.01166662
8.26977156 0.23287314 0.01169201
8.26976418 0.23337762 0.01171749
8.26975678 0.23388310 0.01174307
8.26974937 0.23438956 0.01176875
8.26974194 0.23489702 0.01179453
8.26973449 0.23540547 0.01182041
8.26972702 0.23591492 0.01184640
8.26971953 0.23642537 0.01187249
8.26971203 0.23693683 0.01189868
8.26970451 0.23744930 0.01192497
8.26969697 0.23796279 0.01195137
8.26968941 0.23847729 0.01197787
8.26968183 0.23899282 0.01200448
8.26967424 0.23950937 0.01203120
8.26966662 0.24002695 0.01205802
8.26965899 0.24054556 0.01208495
8.26965134 0.24106521 0.01211198
8.26964366 0.24158590 0.01213913
8.26963597 0.24210763 0.01216638
8.26962827 0.24263042 0.01219375
8.26962054 0.24315425 0.01222122
8.26961279 0.24367915 0.01224881
8.26960502 0.24420510 0.01227650
8.26959724 0.24473212 0.01230431
8.26958943 0.24526020 0.01233223
8.26958161 0.24578936 0.01236027
8.26957376 0.24631960 0.01238842
8.26956590 0.24685091 0.01241668
8.26955801 0.24738331 0.01244506
8.26955011 0.24791680 0.01247356
8.26954218 0.24845138 0.01250217
8.26953424 0.24898706 0.01253090
8.26952627 0.24952384 0.01255975
8.26951829 0.25006172 0.01258872
8.26951028 0.25060072 0.01261781
8.26950226 0.25114083 0.01264702
8.26949421 0.25168205 0.01267635
8.26948615 0.25222440 0.01270580
8.26947806 0.25276788 0.01273537
8.26946995 0.25331249 0.01276507
8.26946182 0.25385823 0.01279489
8.26945367 0.25440511 0.01282484
8.26944550 0.25495314 0.01285491
8.26943731 0.25550231 0.01288511
8.26942909 0.25605264 0.01291543
8.26942086 0.25660413 0.01294588
8.26941260 0.25715678 0.01297647
8.26940432 0.25771059 0.01300718
8.26939602 0.25826558 0.01303802
8.26938770 0.25882174 0.01306899
8.26937936 0.25937909 0.01310009
8.26937099 0.25993762 0.01313133
8.26936261 0.26049734 0.01316270
8.26935420 0.26105825 0.01319420
8.26934576 0.26162036 0.01322584
8.26933731 0.26218368 0.01325761
8.26932883 0.26274821 0.01328952
8.26932033 0.26331394 0.01332157
8.26931181 0.26388090 0.01335375
8.26930327 0.26444908 0.01338608
8.26929470 0.26501850 0.01341855
8.26928611 0.26558914 0.01345115
8.26927750 0.26616102 0.01348390
8.26926886 0.26673415 0.01351679
8.26926020 0.26730852 0.01354982
8.26925151 0.26788414 0.01358300
8.26924281 0.26846103 0.01361633
8.26923408 0.26903918 0.01364980
8.26922532 0.26961859 0.01368341
8.26921654 0.27019929 0.01371718
8.26920774 0.27078125 0.01375109
8.26919891 0.27136451 0.01378516
8.26919006 0.27194905 0.01381937
8.26918119 0.27253489 0.01385374
8.26917229 0.27312203 0.01388826
8.26916337 0.27371047 0.01392293
8.26915442 0.27430022 0.01395776
8.26914544 0.27489130 0.01399274
8.26913644 0.27548369 0.01402788
8.26912742 0.27607741 0.01406318
8.26911837 0.27667246 0.01409864
8.26910930 0.27726885 0.01413425
8.26910020 0.27786658 0.01417003
8.26909107 0.27846566 0.01420597
8.26908192 0.27906610 0.01424207
8.26907275 0.27966790 0.01427833
8.26906355 0.28027106 0.01431477
8.26905432 0.28087560 0.01435136
8.26904506 0.28148152 0.01438813
8.26903578 0.28208881 0.01442506
8.26902648 0.28269750 0.01446216
8.26901714 0.28330759 0.01449943
8.26900778 0.28391907 0.01453687
8.26899839 0.28453196 0.01457449
8.26898898 0.28514627 0.01461228
8.26897954 0.28576199 0.01465024
8.26897007 0.28637915 0.01468838
8.26896058 0.28699773 0.01472670
8.26895105 0.28761775 0.01476520
8.26894150 0.28823921 0.01480387
8.26893192 0.28886213 0.01484273
8.26892232 0.28948650 0.01488177
8.26891268 0.29011233 0.01492099
8.26890302 0.29073963 0.01496040
8.26889333 0.29136841 0.01499999
8.26888361 0.29199867 0.01503977
8.26887386 0.29263042 0.01507974
8.26886409 0.29326366 0.01511989
8.26885428 0.29389840 0.01516024
8.26884445 0.29453465 0.01520078
8.26883459 0.29517242 0.01524151
8.26882469 0.29581171 0.01528244
8.26881477 0.29645252 0.01532356
8.26880482 0.29709487 0.01536489
8.26879484 0.29773877 0.01540640
8.26878482 0.29838421 0.01544812
8.26877478 0.29903120 0.01549005
8.26876471 0.29967976 0.01553217
8.26875461 0.30032989 0.01557450
8.26874448 0.30098159 0.01561703
8.26873431 0.30163488 0.01565977
8.26872412 0.30228976 0.01570272
8.26871389 0.30294623 0.01574588
8.26870364 0.30360431 0.01578925
8.26869335 0.30426400 0.01583283
8.26868303 0.30492531 0.01587663
8.26867268 0.30558825 0.01592064
8.26866229 0.30625282 0.01596487
8.26865188 0.30691903 0.01600932
8.26864143 0.30758689 0.01605399
8.26863095 0.30825641 0.01609889
8.26862044 0.30892760 0.01614400
8.26860989 0.30960045 0.01618934
8.26859931 0.31027498 0.01623491
8.26858870 0.31095120 0.01628071
8.26857806 0.31162912 0.01632673
8.26856738 0.31230874 0.01637299
8.26855667 0.31299007 0.01641948
8.26854592 0.31367312 0.01646621
8.26853514 0.31435789 0.01651317
8.26852433 0.31504440 0.01656037
8.26851348 0.31573265 0.01660781
8.26850260 0.31642266 0.01665550
8.26849168 0.31711442 0.01670342
8.26848073 0.31780795 0.01675159
8.26846974 0.31850326 0.01680001
8.26845872 0.31920035 0.01684868
8.26844766 0.31989923 0.01689760
8.26843657 0.32059992 0.01694677
8.26842544 0.32130241 0.01699620
8.26841427 0.32200672 0.01704588
8.26840307 0.32271286 0.01709582
8.26839183 0.32342084 0.01714602
8.26838056 0.32413066 0.01719649
8.26836924 0.32484234 0.01724721
8.26835789 0.32555587 0.01729821
8.26834651 0.32627128 0.01734947
8.26833508 0.32698857 0.01740100
8.26832362 0.32770775 0.01745280
8.26831212 0.32842883 0.01750488
8.26830058 0.32915181 0.01755723
8.26828901 0.32987672 0.01760986
8.26827739 0.33060355 0.01766278
8.26826574 0.33133231 0.01771597
8.26825404 0.33206303 0.01776945
8.26824231 0.33279569 0.01782322
8.26823054 0.33353033 0.01787727
8.26821873 0.33426693 0.01793162
8.26820688 0.33500553 0.01798626
8.26819498 0.33574611 0.01804119
8.26818305 0.33648870 0.01809643
8.26817108 0.33723331 0.01815196
8.26815906 0.33797994 0.01820779
8.26814701 0.33872860 0.01826393
8.26813491 0.33947931 0.01832038
8.26812277 0.34023207 0.01837714
8.26811059 0.34098690 0.01843421
8.26809837 0.34174380 0.01849159
8.26808611 0.34250279 0.01854930
8.26807380 0.34326388 0.01860732
8.26806145 0.34402708 0.01866566
8.26804905 0.34479239 0.01872433
8.26803662 0.34555983 0.01878332
8.26802414 0.34632942 0.01884265
8.26801161 0.34710115 0.01890230
8.26799904 0.34787504 0.01896229
8.26798643 0.34865111 0.01902262
8.26797377 0.34942937 0.01908329
8.26796107 0.35020982 0.01914430
8.26794832 0.35099247 0.01920566
8.26793553 0.35177735 0.01926737
8.26792269 0.35256445 0.01932943
8.26790980 0.35335380 0.01939184
8.26789687 0.35414540 0.01945461
8.26788389 0.35493927 0.01951774
8.26787086 0.35573541 0.01958123
8.26785779 0.35653385 0.01964509
8.26784467 0.35733458 0.01970932
8.26783150 0.35813763 0.01977392
8.26781828 0.35894301 0.01983889
8.26780502 0.35975072 0.01990424
8.26779170 0.36056078 0.01996998
8.26777834 0.36137321 0.02003610
8.26776493 0.36218802 0.02010260
8.26775147 0.36300521 0.02016950
8.26773795 0.36382480 0.02023679
8.26772439 0.36464681 0.02030448
8.26771078 0.36547125 0.02037257
8.26769711 0.36629813 0.02044106
8.26768340 0.36712746 0.02050996
8.26766963 0.36795926 0.02057927
8.26765581 0.36879355 0.02064900
8.26764194 0.36963032 0.02071914
8.26762801 0.37046961 0.02078971
8.26761404 0.37131142 0.02086070
8.26760000 0.37215576 0.02093212
8.26758592 0.37300265 0.02100397
8.26757178 0.37385211 0.02107625
8.26755759 0.37470415 0.02114898
8.26754334 0.37555878 0.02122215
8.26752904 0.37641602 0.02129577
8.26751468 0.37727588 0.02136984
8.26750027 0.37813837 0.02144437
8.26748580 0.37900352 0.02151935
8.26747127 0.37987134 0.02159480
8.26745669 0.38074184 0.02167071
8.26744204 0.38161503 0.02174710
8.26742735 0.38249094 0.02182396
8.26741259 0.38336957 0.02190130
8.26739777 0.38425095 0.02197913
8.26738290 0.38513508 0.02205745
8.26736796 0.38602199 0.02213625
8.26735297 0.38691170 0.02221556
8.26733792 0.38780420 0.02229536
8.26732280 0.38869954 0.02237567
8.26730763 0.38959771 0.02245650
8.26729239 0.39049873 0.02253783
8.26727709 0.39140263 0.02261969
8.26726173 0.39230942 0.02270207
8.26724631 0.39321912 0.02278499
8.26723082 0.39413174 0.02286843
8.26721527 0.39504730 0.02295242
8.26719966 0.39596581 0.02303694
8.26718398 0.39688731 0.02312202
8.26716824 0.39781179 0.02320765
8.26715243 0.39873929 0.02329384
8.26713656 0.39966982 0.02338060
8.26712062 0.40060339 0.02346792
8.26710461 0.40154003 0.02355582
8.26708854 0.40247975 0.02364430
8.26707240 0.40342257 0.02373337
8.26705619 0.40436852 0.02382302
8.26703991 0.40531760 0.02391327
8.26702356 0.40626985 0.02400413
8.26700714 0.40722527 0.02409559
8.26699065 0.40818389 0.02418767
8.26697410 0.40914572 0.02428036
8.26695747 0.41011080 0.02437369
8.26694077 0.41107913 0.02446764
8.26692399 0.41205074 0.02456223
8.26690715 0.41302564 0.02465746
8.26689023 0.41400386 0.02475335
8.26687323 0.41498542 0.02484989
8.26685617 0.41597034 0.02494709
8.26683902 0.41695864 0.02504496
8.26682181 0.41795034 0.02514351
8.26680451 0.41894546 0.02524273
8.26678714 0.41994403 0.02534265
8.26676969 0.42094606 0.02544326
8.26675217 0.42195159 0.02554458
8.26673456 0.42296062 0.02564660
8.26671688 0.42397318 0.02574934
8.26669912 0.42498930 0.02585280
8.26668128 0.42600900 0.02595700
8.26666335 0.42703229 0.02606193
8.26664535 0.42805921 0.02616761
8.26662726 0.42908978 0.02627403
8.26660909 0.43012402 0.02638122
8.26659084 0.43116196 0.02648918
8.26657250 0.43220361 0.02659791
8.26655408 0.43324901 0.02670743
8.26653557 0.43429817 0.02681774
8.26651698 0.43535113 0.02692885
8.26649830 0.43640791 0.02704076
8.26647954 0.43746852 0.02715349
8.26646068 0.43853301 0.02726705
8.26644174 0.43960139 0.02738144
8.26642271 0.44067369 0.02749667
8.26640358 0.44174993 0.02761275
8.26638437 0.44283015 0.02772969
8.26636507 0.44391437 0.02784750
8.26634567 0.44500261 0.02796618
8.26632618 0.44609491 0.02808575
8.26630659 0.44719129 0.02820622
8.26628692 0.44829178 0.02832760
8.26626714 0.44939640 0.02844988
8.26624727 0.45050519 0.02857310
8.26622731 0.45161817 0.02869724
8.26620724 0.45273537 0.02882234
8.26618708 0.45385683 0.02894838
8.26616682 0.45498257 0.02907540
8.26614645 0.45611261 0.02920338
8.26612599 0.45724700 0.02933236
8.26610542 0.45838576 0.02946233
8.26608476 0.45952892 0.02959330
8.26606399 0.46067652 0.02972530
8.26604311 0.46182857 0.02985833
8.26602213 0.46298512 0.02999239
8.26600104 0.46414620 0.03012751
8.26597985 0.46531184 0.03026370
8.26595854 0.46648207 0.03040096
8.26593713 0.46765693 0.03053930
8.26591561 0.46883644 0.03067875
8.26589398 0.47002064 0.03081931
8.26587223 0.47120957 0.03096100
8.26585038 0.47240326 0.03110382
8.26582841 0.47360174 0.03124780
8.26580632 0.47480505 0.03139293
8.26578412 0.47601323 0.03153925
8.26576180 0.47722631 0.03168675
8.26573937 0.47844432 0.03183546
8.26571681 0.47966730 0.03198538
8.26569414 0.48089529 0.03213654
8.26567134 0.48212833 0.03228895
8.26564843 0.48336645 0.03244261
8.26562539 0.48460970 0.03259755
8.26560222 0.48585810 0.03275378
8.26557893 0.48711170 0.03291131
8.26555551 0.48837055 0.03307017
8.26553197 0.48963466 0.03323036
8.26550829 0.49090410 0.03339190
8.26548449 0.49217890 0.03355481
8.26546056 0.49345909 0.03371911
8.26543649 0.49474472 0.03388481
8.26541229 0.49603584 0.03405192
8.26538795 0.49733248 0.03422047
8.26536348 0.49863469 0.03439047
8.26533887 0.49994251 0.03456194
8.26531412 0.50125598 0.03473489
8.26528923 0.50257516 0.03490935
8.26526420 0.50390007 0.03508534
8.26523903 0.50523077 0.03526287
8.26521371 0.50656731 0.03544196
8.26518825 0.50790973 0.03562263
8.26516264 0.50925807 0.03580490
8.26513688 0.51061239 0.03598879
8.26511097 0.51197273 0.03617433
8.26508492 0.51333914 0.03636152
8.26505870 0.51471166 0.03655039
8.26503234 0.51609036 0.03674097
8.26500582 0.51747527 0.03693328
8.26497914 0.51886646 0.03712733
8.26495230 0.52026396 0.03732314
8.26492530 0.52166784 0.03752075
8.26489814 0.52307813 0.03772018
8.26487082 0.52449491 0.03792144
8.26484333 0.52591822 0.03812457
8.26481567 0.52734811 0.03832958
8.26478785 0.52878464 0.03853650
8.26475985 0.53022786 0.03874535
8.26473169 0.53167784 0.03895617
8.26470334 0.53313462 0.03916897
8.26467483 0.53459827 0.03938378
8.26464613 0.53606885 0.03960064
8.26461726 0.53754640 0.03981956
8.26458820 0.53903100 0.04004057
8.26455897 0.54052270 0.04026371
8.26452954 0.54202156 0.04048900
8.26449993 0.54352765 0.04071646
8.26447013 0.54504103 0.04094614
8.26444014 0.54656175 0.04117805
8.26440996 0.54808989 0.04141224
8.26437958 0.54962552 0.04164872
8.26434901 0.55116868 0.04188754
8.26431823 0.55271946 0.04212872
8.26428726 0.55427792 0.04237230
8.26425608 0.55584413 0.04261831
8.26422469 0.55741815 0.04286678
8.26419310 0.55900006 0.04311776
8.26416130 0.56058992 0.04337126
8.26412928 0.56218782 0.04362734
8.26409705 0.56379381 0.04388602
8.26406460 0.56540798 0.04414735
8.26403193 0.56703040 0.04441135
8.26399904 0.56866115 0.04467808
8.26396592 0.57030029 0.04494756
8.26393258 0.57194792 0.04521985
8.26389901 0.57360410 0.04549497
8.26386520 0.57526892 0.04577297
8.26383116 0.57694245 0.04605389
8.26379688 0.57862478 0.04633778
8.26376236 0.58031599 0.04662468
8.26372759 0.58201617 0.04691463
8.26369258 0.58372539 0.04720768
8.26365732 0.58544375 0.04750387
8.26362181 0.58717134 0.04780325
8.26358604 0.58890823 0.04810588
8.26355002 0.59065452 0.04841179
8.26351373 0.59241030 0.04872104
8.26347718 0.59417566 0.04903368
8.26344036 0.59595070 0.04934975
8.26340327 0.59773551 0.04966933
8.26336590 0.59953018 0.04999245
8.26332826 0.60133482 0.05031917
8.26329034 0.60314952 0.05064954
8.26325213 0.60497437 0.05098363
8.26321364 0.60680949 0.05132150
8.26317485 0.60865497 0.05166319
8.26313577 0.61051091 0.05200878
8.26309639 0.61237743 0.05235832
8.26305670 0.61425463 0.05271188
8.26301671 0.61614262 0.05306952
8.26297641 0.61804151 0.05343130
8.26293580 0.61995140 0.05379730
8.26289487 0.62187242 0.05416758
8.26285361 0.62380467 0.05454221
8.26281203 0.62574828 0.05492125
8.26277012 0.62770336 0.05530480
8.26272787 0.62967003 0.05569290
8.26268529 0.63164841 0.05608566
8.26264236 0.63363863 0.05648313
8.26259908 0.63564081 0.05688540
8.26255544 0.63765508 0.05729255
8.26251145 0.63968156 0.05770466
8.26246710 0.64172040 0.05812181
8.26242238 0.64377171 0.05854409
8.26237729 0.64583564 0.05897159
8.26233182 0.64791232 0.05940440
8.26228596 0.65000189 0.05984260
8.26223972 0.65210449 0.06028629
8.26219309 0.65422027 0.06073557
8.26214606 0.65634937 0.06119053
8.26209862 0.65849193 0.06165127
8.26205077 0.66064811 0.06211789
8.26200251 0.66281806 0.06259051
8.26195382 0.66500194 0.06306921
8.26190471 0.66719989 0.06355412
8.26185516 0.66941208 0.06404534
8.26180517 0.67163868 0.06454298
8.26175474 0.67387984 0.06504716
8.26170385 0.67613573 0.06555801
8.26165250 0.67840653 0.06607564
8.26160069 0.68069240 0.06660017
8.26154841 0.68299352 0.06713173
8.26149564 0.68531006 0.06767045
8.26144239 0.68764222 0.06821647
8.26138864 0.68999016 0.06876992
8.26133439 0.69235409 0.06933094
8.26127963 0.69473418 0.06989967
8.26122435 0.69713063 0.07047626
8.26116855 0.69954364 0.07106086
8.26111221 0.70197341 0.07165361
8.26105533 0.70442013 0.07225468
8.26099790 0.70688402 0.07286422
8.26093992 0.70936529 0.07348241
8.26088136 0.71186414 0.07410940
8.26082223 0.71438079 0.07474537
8.26076251 0.71691546 0.07539050
8.26070220 0.71946839 0.07604496
8.26064129 0.72203978 0.07670895
8.26057976 0.72462989 0.07738264
8.26051760 0.72723893 0.07806624
8.26045481 0.72986716 0.07875994
8.26039138 0.73251481 0.07946396
8.26032729 0.73518214 0.08017849
8.26026253 0.73786939 0.08090375
8.26019710 0.74057682 0.08163996
8.26013098 0.74330469 0.08238735
8.26006416 0.74605328 0.08314616
8.25999662 0.74882284 0.08391660
8.25992836 0.75161366 0.08469894
8.25985937 0.75442602 0.08549342
8.25978962 0.75726019 0.08630029
8.25971911 0.76011648 0.08711983
8.25964783 0.76299517 0.08795229
8.25957575 0.76589657 0.08879796
8.25950288 0.76882099 0.08965713
8.25942918 0.77176873 0.09053007
8.25935465 0.77474012 0.09141710
8.25927928 0.77773548 0.09231853
8.25920304 0.78075513 0.09323466
8.25912592 0.78379942 0.09416582
8.25904791 0.78686868 0.09511236
8.25896899 0.78996327 0.09607460
8.25888914 0.79308354 0.09705291
8.25880835 0.79622985 0.09804764
8.25872659 0.79940257 0.09905918
8.25864385 0.80260208 0.10008789
8.25856011 0.80582875 0.10113418
8.25847536 0.80908298 0.10219845
8.25838956 0.81236517 0.10328112
8.25830271 0.81567572 0.10438261
8.25821478 0.81901504 0.10550336
8.25812575 0.82238356 0.10664383
8.25803559 0.82578170 0.10780449
8.25794430 0.82920990 0.10898581
8.25785183 0.83266861 0.11018829
8.25775818 0.83615828 0.11141243
8.25766331 0.83967937 0.11265875
8.25756720 0.84323237 0.11392781
8.25746983 0.84681774 0.11522014
8.25737117 0.85043599 0.11653632
8.25727120 0.85408761 0.11787694
8.25716988 0.85777312 0.11924261
8.25706718 0.86149303 0.12063393
8.25696309 0.86524788 0.12205157
8.25685756 0.86903822 0.12349618
8.25675058 0.87286459 0.12496844
8.25664210 0.87672756 0.12646906
8.25653209 0.88062772 0.12799875
8.25642053 0.88456563 0.12955827
8.25630737 0.88854192 0.13114839
8.25619259 0.89255719 0.13276989
8.25607614 0.89661205 0.13442361
8.25595799 0.90070717 0.13611037
8.25583810 0.90484317 0.13783106
8.25571643 0.90902073 0.13958657
8.25559294 0.91324053 0.14137782
8.25546760 0.91750326 0.14320578
8.25534034 0.92180962 0.14507142
8.25521114 0.92616034 0.14697578
8.25507994 0.93055614 0.14891989
8.25494671 0.93499779 0.15090484
8.25481138 0.93948604 0.15293175
8.25467391 0.94402169 0.15500178
8.25453426 0.94860552 0.15711612
8.25439235 0.95323836 0.15927600
8.25424815 0.95792104 0.16148270
8.25410160 0.96265439 0.16373752
8.25395263 0.96743930 0.16604183
8.25380118 0.97227665 0.16839702
8.25364720 0.97716734 0.17080454
8.25349063 0.98211228 0.17326590
8.25333138 0.98711243 0.17578263
8.25316941 0.99216873 0.17835633
8.25300463 0.99728217 0.18098864
8.25283697 1.00245375 0.18368128
8.25266636 1.00768449 0.18643600
8.25249273 1.01297542 0.18925463
8.25231598 1.01832760 0.19213903
8.25213605 1.02374212 0.19509116
8.25195284 1.02922008 0.19811302
8.25176626 1.03476261 0.20120669
8.25157623 1.04037084 0.20437429
8.25138265 1.04604595 0.20761806
8.25118542 1.05178914 0.21094028
8.25098444 1.05760160 0.21434331
8.25077962 1.06348459 0.21782959
8.25057083 1.06943935 0.22140164
8.25035797 1.07546717 0.22506208
8.25014093 1.08156936 0.22881358
8.24991958 1.08774724 0.23265893
8.24969380 1.09400217 0.23660099
8.24946346 1.10033552 0.24064273
8.24922844 1.10674868 0.24478721
8.24898859 1.11324308 0.24903757
8.24874377 1.11982016 0.25339707
8.24849384 1.12648138 0.25786907
8.24823864 1.13322824 0.26245703
8.24797803 1.14006223 0.26716452
8.24771183 1.14698489 0.27199521
8.24743987 1.15399777 0.27695289
8.24716199 1.16110243 0.28204146
8.24687800 1.16830046 0.28726494
8.24658771 1.17559346 0.29262745
8.24629094 1.18298306 0.29813324
8.24598748 1.19047088 0.30378668
8.24567713 1.19805858 0.30959224
8.24535966 1.20574782 0.31555452
8.24503487 1.21354025 0.32167825
8.24470251 1.22143757 0.32796824
8.24436235 1.22944145 0.33442946
8.24401415 1.23755357 0.34106696
8.24365764 1.24577563 0.34788591
8.24329257 1.25410929 0.35489159
8.24291867 1.26255624 0.36208938
8.24253565 1.27111814 0.36948476
8.24214322 1.27979665 0.37708329
8.24174107 1.28859338 0.38489063
8.24132891 1.29750995 0.39291250
8.24090641 1.30654795 0.40115469
8.24047324 1.31570891 0.40962304
8.24002905 1.32499434 0.41832343
8.23957349 1.33440570 0.42726177
8.23910621 1.34394440 0.43644397
8.23862682 1.35361178 0.44587593
8.23813495 1.36340912 0.45556354
8.23763019 1.37333763 0.46551260
8.23711214 1.38339842 0.47572885
8.23658039 1.39359250 0.48621793
8.23603449 1.40392081 0.49698533
8.23547403 1.41438413 0.50803637
8.23489854 1.42498315 0.51937617
8.23430756 1.43571841 0.53100961
8.23370064 1.44659030 0.54294127
8.23307728 1.45759904 0.55517543
8.23243700 1.46874470 0.56771596
8.23177931 1.48002714 0.58056632
8.23110371 1.49144604 0.59372952
8.23040967 1.50300084 0.60720801
8.22969670 1.51469078 0.62100365
8.22896427 1.52651484 0.63511769
8.22821187 1.53847174 0.64955064
8.22743895 1.55055995 0.66430229
8.22664502 1.56277765 0.67937156
8.22582954 1.57512271 0.69475652
8.22499199 1.58759270 0.71045428
8.22413187 1.60018486 0.72646095
8.22324867 1.61289612 0.74277159
8.22234189 1.62572302 0.75938015
8.22141107 1.63866181 0.77627940
8.22045573 1.65170831 0.79346093
8.21947542 1.66485803 0.81091507
8.21846973 1.67810607 0.82863089
8.21743825 1.69144718 0.84659618
8.21638061 1.70487571 0.86479741
8.21529647 1.71838566 0.88321975
8.21418552 1.73197064 0.90184706
8.21304750 1.74562392 0.92066196
8.21188218 1.75933839 0.93964581
8.21068937 1.77310663 0.95877876
8.20946895 1.78692086 0.97803987
8.20822083 1.80077303 0.99740711
8.20694498 1.81465478 1.01685751
8.20564143 1.82855748 1.03636722
8.20431028 1.84247230 1.05591165
8.20295166 1.85639017 1.07546559
8.20156580 1.87030186 1.09500331
8.20015298 1.88419800 1.11449879
8.19871354 1.89806910 1.13392579
8.19724791 1.91190564 1.15325803
8.19575657 1.92569802 1.17246938
8.19424008 1.93943669 1.19153401
8.19269905 1.95311212 1.21042650
8.19113419 1.96671489 1.22912209
8.18954624 1.98023569 1.24759675
8.18793602 1.99366540 1.26582738
8.18630443 2.00699509 1.28379191
8.18465239 2.02021605 1.30146943
8.18298091 2.03331988 1.31884033
8.18129103 2.04629846 1.33588636
8.17958385 2.05914400 1.35259073
8.17786051 2.07184909 1.36893816
8.17612220 2.08440668 1.38491497
8.17437011 2.09681015 1.40050905
8.17260549 2.10905327 1.41570994
8.17082961 2.12113025 1.43050879
8.16904376 2.13303576 1.44489836
8.16724922 2.14476491 1.45887301
8.16544731 2.15631325 1.47242862
8.16363933 2.16767680 1.48556259
8.16182660 2.17885203 1.49827373
8.16001042 2.18983587 1.51056223
8.15819207 2.20062566 1.52242956
8.15637283 2.21121921 1.53387840
8.15455397 2.22161472 1.54491253
8.15273670 2.23181080 1.55553679
8.15092225 2.24180648 1.56575693
8.14911179 2.25160113 1.57557955
8.14730646 2.26119451 1.58501203
8.14550738 2.27058669 1.59406237
8.14371561 2.27977810 1.60273920
8.14193220 2.28876943 1.61105160
8.14015813 2.29756170 1.61900909
8.13839436 2.30615616 1.62662153
8.13664180 2.31455431 1.63389902
8.13490131 2.32275791 1.64085189
8.13317372 2.33076887 1.64749060
8.13145979 2.33858935 1.65382568
8.12976027 2.34622165 1.65986769
8.12807584 2.35366822 1.66562718
8.12640715 2.36093166 1.67111462
8.12475479 2.36801469 1.67634041
8.12311933 2.37492015 1.68131478
8.12150128 2.38165095 1.68604783
8.11990111 2.38821010 1.69054946
8.11831927 2.39460067 1.69482934
8.11675614 2.40082578 1.69889693
8.11521209 2.40688860 1.70276146
8.11368744 2.41279234 1.70643188
8.11218247 2.41854023 1.70991688
8.11069744 2.42413551 1.71322488
8.10923256 2.42958143 1.71636403
8.10778803 2.43488124 1.71934220
8.10636401 2.44003819 1.72216696
8.10496062 2.44505552 1.72484562
8.10357796 2.44993644 1.72738520
8.10221611 2.45468413 1.72979245
8.10087513 2.45930176 1.73207383
8.09955505 2.46379245 1.73423556
8.09825586 2.46815931 1.73628358
8.09697755 2.47240538 1.73822358
8.09572009 2.47653367 1.74006099
8.09448343 2.48054716 1.74180100
8.09326750 2.48444876 1.74344859
8.09207220 2.48824133 1.74500847
8.09089744 2.49192771 1.74648516
8.08974310 2.49551066 1.74788296
8.08860904 2.49899290 1.74920595
8.08749514 2.50237708 1.75045804
8.08640123 2.50566582 1.75164294
8.08532715 2.50886168 1.75276416
8.08427272 2.51196715 1.75382506
8.08323776 2.51498468 1.75482882
8.08222209 2.51791665 1.75577846
8.08122549 2.52076541 1.75667686
8.08024777 2.52353324 1.75752674
8.07928872 2.52622236 1.75833068
8.07834811 2.52883495 1.75909114
8.07742572 2.53137312 1.75981044
8.07652133 2.53383896 1.76049080
8.07563470 2.53623447 1.76113429
8.07476561 2.53856162 1.76174291
8.07391380 2.54082233 1.76231852
8.07307905 2.54301847 1.76286292
8.07226111 2.54515186 1.76337777
8.07145974 2.54722426 1.76386468
8.07067469 2.54923740 1.76432516
8.06990572 2.55119296 1.76476064
8.06915257 2.55309258 1.76517246
8.06841501 2.55493784 1.76556193
8.06769278 2.55673029 1.76593023
8.06698564 2.55847144 1.76627853
8.06629334 2.56016274 1.76660791
8.06561563 2.56180563 1.76691940
8.06495227 2.56340148 1.76721397
8.06430302 2.56495165 1.76749253
8.06366763 2.56645744 1.76775597
8.06304586 2.56792012 1.76800509
8.06243747 2.56934093 1.76824069
8.06184222 2.57072107 1.76846349
8.06125988 2.57206171 1.76867419
8.06069021 2.57336399 1.76887345
8.06013298 2.57462900 1.76906190
8.05958796 2.57585782 1.76924012
8.05905492 2.57705149 1.76940867
8.05853364 2.57821101 1.76956807
8.05802390 2.57933739 1.76971882
8.05752546 2.58043156 1.76986140
8.05703812 2.58149445 1.76999624
8.05656167 2.58252698 1.77012378
8.05609588 2.58353000 1.77024440
8.05564055 2.58450437 1.77035848
8.05519547 2.58545092 1.77046638
8.05476044 2.58637044 1.77056844
8.05433526 2.58726372 1.77066497
8.05391973 2.58813151 1.77075627
8.05351365 2.58897455 1.77084263
8.05311684 2.58979355 1.77092432
8.05272909 2.59058919 1.77100158
8.05235023 2.59136216 1.77107467
8.05198007 2.59211311 1.77114380
8.05161844 2.59284267 1.77120920
8.05126515 2.59355145 1.77127106
8.05092002 2.59424006 1.77132957
8.05058289 2.59490907 1.77138493
8.05025360 2.59555904 1.77143729
8.04993196 2.59619054 1.77148683
8.04961782 2.59680408 1.77153369
8.04931101 2.59740018 1.77157802
8.04901139 2.59797935 1.77161996
8.04871879 2.59854206 1.77165964
8.04843307 2.59908880 1.77169717
8.04815407 2.59962002 1.77173268
8.04788164 2.60013617 1.77176628
8.04761565 2.60063768 1.77179807
8.04735596 2.60112497 1.77182814
8.04710241 2.60159845 1.77185659
8.04685489 2.60205851 1.77188351
8.04661324 2.60250554 1.77190898
8.04637736 2.60293991 1.77193308
8.04614709 2.60336198 1.77195588
8.04592233 2.60377211 1.77197746
8.04570295 2.60417064 1.77199787
8.04548882 2.60455790 1.77201718
8.04527982 2.60493421 1.77203546
8.04507585 2.60529989 1.77205275
8.04487679 2.60565523 1.77206912
8.04468252 2.60600055 1.77208460
8.04449294 2.60633611 1.77209925
8.04430794 2.60666220 1.77211312
8.04412741 2.60697910 1.77212624
8.04395126 2.60728705 1.77213865
8.04377938 2.60758633 1.77215040
8.04361167 2.60787716 1.77216152
8.04344805 2.60815981 1.77217204
8.04328840 2.60843449 1.77218200
8.04313265 2.60870144 1.77219142
8.04298069 2.60896088 1.77220034
8.04283245 2.60921302 1.77220878
8.04268783 2.60945806 1.77221676
8.04254676 2.60969621 1.77222432
8.04240914 2.60992767 1.77223147
8.04227490 2.61015262 1.77223824
8.04214396 2.61037126 1.77224465
8.04201624 2.61058375 1.77225071
8.04189166 2.61079028 1.77225645
8.04177015 2.61099101 1.77226188
8.04165164 2.61118611 1.77226702
8.04153605 2.61137574 1.77227189
8.04142332 2.61156005 1.77227649
8.04131338 2.61173920 1.77228085
8.04120617 2.61191332 1.77228497
8.04110161 2.61208257 1.77228888
8.04099964 2.61224707 1.77229257
8.04090021 2.61240697 1.77229607
8.04080325 2.61256240 1.77229938
8.04070870 2.61271348 1.77230251
8.04061650 2.61286033 1.77230548
8.04052661 2.61300307 1.77230829
8.04043895 2.61314182 1.77231094
8.04035348 2.61327670 1.77231346
8.04027015 2.61340781 1.77231584
8.04018890 2.61353525 1.77231809
8.04010969 2.61365914 1.77232023
8.04003246 2.61377957 1.77232225
8.03995716 2.61389663 1.77232416
8.03988375 2.61401044 1.77232597
8.03981219 2.61412106 1.77232768
8.03974242 2.61422861 1.77232930
8.03967441 2.61433315 1.77233083
8.03960811 2.61443478 1.77233229
8.03954348 2.61453358 1.77233366
8.03948047 2.61462963 1.77233496
8.03941906 2.61472300 1.77233620
8.03935919 2.61481378 1.77233736
8.03930084 2.61490203 1.77233847
8.03924396 2.61498782 1.77233951
8.03918851 2.61507122 1.77234050
8.03913448 2.61515231 1.77234144
8.03908180 2.61523114 1.77234232
8.03903047 2.61530779 1.77234316
8.03898043 2.61538230 1.77234396
8.03893166 2.61545474 1.77234471
8.03888413 2.61552517 1.77234542
8.03883781 2.61559364 1.77234610
8.03879267 2.61566022 1.77234674
8.03874867 2.61572494 1.77234734
8.03870579 2.61578787 1.77234791
8.03866400 2.61584906 1.77234845
8.03862328 2.61590855 1.77234897
8.03858360 2.61596638 1.77234945
8.03854492 2.61602262 1.77234991
8.03850724 2.61607730 1.77235035
8.03847051 2.61613046 1.77235076
8.03843472 2.61618215 1.77235115
8.03839985 2.61623241 1.77235152
8.03836587 2.61628128 1.77235187
8.03833276 2.61632879 1.77235220
8.03830050 2.61637499 1.77235251
8.03826906 2.61641991 1.77235281
8.03823843 2.61646359 1.77235309
8.03820858 2.61650606 1.77235335
8.03817950 2.61654736 1.77235360
8.03815116 2.61658751 1.77235384
8.03812356 2.61662656 1.77235407
8.03809666 2.61666453 1.77235428
8.03807045 2.61670144 1.77235448
8.03804491 2.61673734 1.77235468
8.03802004 2.61677225 1.77235486
8.03799580 2.61680619 1.77235503
8.03797218 2.61683920 1.77235519
8.03794918 2.61687130 1.77235535
8.03792677 2.61690251 1.77235549
8.03790493 2.61693286 1.77235563
8.03788366 2.61696237 1.77235576
8.03786294 2.61699107 1.77235588
8.03784275 2.61701898 1.77235600
8.03782308 2.61704612 1.77235611
8.03780392 2.61707251 1.77235622
8.03778526 2.61709817 1.77235632
8.03776707 2.61712313 1.77235641
8.03774936 2.61714740 1.77235650
8.03773211 2.61717100 1.77235658
8.03771530 2.61719395 1.77235666
8.03769893 2.61721627 1.77235674
8.03768298 2.61723798 1.77235681
8.03766745 2.61725909 1.77235688
8.03765231 2.61727962 1.77235694
8.03763757 2.61729958 1.77235700
8.03762322 2.61731900 1.77235706
8.03760923 2.61733788 1.77235711
8.03759561 2.61735624 1.77235717
8.03758234 2.61737410 1.77235721
8.03756942 2.61739146 1.77235726
8.03755683 2.61740835 1.77235730
8.03754457 2.61742478 1.77235735
8.03753263 2.61744075 1.77235739
8.03752099 2.61745629 1.77235742
8.03750967 2.61747140 1.77235746
8.03749863 2.61748610 1.77235749
8.03748788 2.61750039 1.77235752
8.03747742 2.61751429 1.77235755
8.03746722 2.61752780 1.77235758
8.03745729 2.61754095 1.77235761
8.03744762 2.61755374 1.77235763
8.03743821 2.61756617 1.77235766
8.03742903 2.61757827 1.77235768
8.03742010 2.61759003 1.77235770
8.03741140 2.61760148 1.77235772
8.03740293 2.61761260 1.77235774
8.03739468 2.61762343 1.77235776
8.03738664 2.61763395 1.77235778
8.03737882 2.61764419 1.77235779
8.03737119 2.61765415 1.77235781
8.03736377 2.61766383 1.77235782
8.03735654 2.61767325 1.77235784
8.03734950 2.61768242 1.77235785
8.03734265 2.61769133 1.77235786
8.03733597 2.61769999 1.77235787
8.03732947 2.61770842 1.77235789
8.03732314 2.61771662 1.77235790
8.03731698 2.61772460 1.77235791
