8.25332906 3.38215312 0.06113869
8.25420886 3.38022830 0.06158796
8.25509403 3.37829170 0.06204275
8.25598465 3.37634321 0.06250315
8.25688075 3.37438269 0.06296925
8.25778241 3.37241002 0.06344115
8.25868969 3.37042507 0.06391896
8.25960263 3.36842770 0.06440277
8.26052131 3.36641779 0.06489268
8.26144578 3.36439520 0.06538880
8.26237611 3.36235979 0.06589123
8.26331236 3.36031142 0.06640009
8.26425459 3.35824995 0.06691548
8.26520288 3.35617524 0.06743753
8.26615729 3.35408714 0.06796634
8.26711788 3.35198550 0.06850204
8.26808472 3.34987018 0.06904475
8.26905789 3.34774101 0.06959458
8.27003745 3.34559786 0.07015168
8.27102348 3.34344056 0.07071617
8.27201604 3.34126895 0.07128817
8.27301522 3.33908286 0.07186784
8.27402109 3.33688215 0.07245529
8.27503371 3.33466663 0.07305069
8.27605318 3.33243614 0.07365417
8.27707957 3.33019051 0.07426588
8.27811295 3.32792957 0.07488597
8.27915341 3.32565313 0.07551460
8.28020104 3.32336102 0.07615192
8.28125591 3.32105306 0.07679810
8.28231810 3.31872905 0.07745330
8.28338772 3.31638882 0.07811770
8.28446483 3.31403217 0.07879146
8.28554954 3.31165890 0.07947477
8.28664192 3.30926883 0.08016780
8.28774208 3.30686174 0.08087075
8.28885011 3.30443744 0.08158379
8.28996609 3.30199572 0.08230713
8.29109013 3.29953637 0.08304097
8.29222232 3.29705917 0.08378551
8.29336276 3.29456391 0.08454096
8.29451156 3.29205038 0.08530752
8.29566881 3.28951834 0.08608544
8.29683462 3.28696757 0.08687491
8.29800909 3.28439783 0.08767618
8.29919234 3.28180890 0.08848948
8.30038446 3.27920054 0.08931505
8.30158557 3.27657249 0.09015314
8.30279579 3.27392453 0.09100400
8.30401522 3.27125639 0.09186789
8.30524398 3.26856783 0.09274508
8.30648220 3.26585857 0.09363583
8.30772998 3.26312837 0.09454042
8.30898746 3.26037696 0.09545914
8.31025476 3.25760406 0.09639229
8.31153199 3.25480940 0.09734016
8.31281930 3.25199269 0.09830305
8.31411681 3.24915366 0.09928129
8.31542465 3.24629201 0.10027520
8.31674295 3.24340745 0.10128510
8.31807186 3.24049969 0.10231134
8.31941152 3.23756840 0.10335427
8.32076205 3.23461330 0.10441424
8.32212362 3.23163406 0.10549161
8.32349635 3.22863036 0.10658677
8.32488041 3.22560188 0.10770009
8.32627594 3.22254829 0.10883197
8.32768309 3.21946925 0.10998283
8.32910203 3.21636442 0.11115306
8.33053290 3.21323345 0.11234310
8.33197587 3.21007600 0.11355339
8.33343111 3.20689170 0.11478437
8.33489878 3.20368019 0.11603650
8.33637905 3.20044110 0.11731026
8.33787209 3.19717405 0.11860614
8.33937808 3.19387865 0.11992462
8.34089719 3.19055453 0.12126621
8.34242961 3.18720128 0.12263145
8.34397552 3.18381849 0.12402087
8.34553510 3.18040577 0.12543503
8.34710855 3.17696270 0.12687448
8.34869606 3.17348884 0.12833981
8.35029782 3.16998378 0.12983161
8.35191403 3.16644708 0.13135051
8.35354491 3.16287828 0.13289713
8.35519064 3.15927695 0.13447210
8.35685145 3.15564262 0.13607611
8.35852754 3.15197483 0.13770982
8.36021913 3.14827311 0.13937395
8.36192644 3.14453696 0.14106919
8.36364970 3.14076591 0.14279629
8.36538912 3.13695946 0.14455602
8.36714495 3.13311710 0.14634913
8.36891741 3.12923832 0.14817644
8.37070674 3.12532260 0.15003875
8.37251318 3.12136942 0.15193691
8.37433697 3.11737823 0.15387179
8.37617838 3.11334849 0.15584425
8.37803764 3.10927966 0.15785523
8.37991501 3.10517116 0.15990564
8.38181076 3.10102243 0.16199644
8.38372514 3.09683289 0.16412862
8.38565843 3.09260196 0.16630319
8.38761089 3.08832904 0.16852117
8.38958280 3.08401353 0.17078364
8.39157445 3.07965482 0.17309168
8.39358610 3.07525229 0.17544640
8.39561805 3.07080531 0.17784895
8.39767059 3.06631324 0.18030051
8.39974400 3.06177545 0.18280229
8.40183860 3.05719127 0.18535551
8.40395468 3.05256006 0.18796144
8.40609254 3.04788114 0.19062139
8.40825249 3.04315384 0.19333667
8.41043484 3.03837747 0.19610866
8.41263991 3.03355135 0.19893874
8.41486802 3.02867478 0.20182835
8.41711948 3.02374706 0.20477894
8.41939462 3.01876746 0.20779201
8.42169377 3.01373529 0.21086910
8.42401725 3.00864982 0.21401176
8.42636540 3.00351031 0.21722159
8.42873856 2.99831604 0.22050024
8.43113705 2.99306627 0.22384936
8.43356121 2.98776025 0.22727066
8.43601139 2.98239725 0.23076588
8.43848792 2.97697652 0.23433679
8.44099116 2.97149730 0.23798520
8.44352143 2.96595884 0.24171295
8.44607908 2.96036039 0.24552191
8.44866446 2.95470121 0.24941398
8.45127790 2.94898053 0.25339112
8.45391975 2.94319761 0.25745528
8.45659035 2.93735171 0.26160846
8.45929003 2.93144207 0.26585268
8.46201914 2.92546798 0.27019000
8.46477799 2.91942868 0.27462248
8.46756693 2.91332347 0.27915224
8.47038627 2.90715163 0.28378138
8.47323634 2.90091246 0.28851204
8.47611744 2.89460527 0.29334636
8.47902988 2.88822939 0.29828650
8.48197397 2.88178416 0.30333464
8.48494999 2.87526893 0.30849293
8.48795822 2.86868309 0.31376355
8.49099894 2.86202605 0.31914866
8.49407241 2.85529722 0.32465040
8.49717886 2.84849608 0.33027091
8.50031854 2.84162209 0.33601231
8.50349166 2.83467478 0.34187667
8.50669842 2.82765371 0.34786604
8.50993901 2.82055847 0.35398242
8.51321359 2.81338868 0.36022776
8.51652231 2.80614403 0.36660394
8.51986529 2.79882424 0.37311279
8.52324263 2.79142909 0.37975604
8.52665440 2.78395842 0.38653534
8.53010065 2.77641211 0.39345224
8.53358139 2.76879012 0.40050817
8.53709662 2.76109247 0.40770444
8.54064630 2.75331924 0.41504223
8.54423033 2.74547062 0.42252257
8.54784861 2.73754683 0.43014630
8.55150098 2.72954821 0.43791413
8.55518726 2.72147517 0.44582653
8.55890720 2.71332822 0.45388380
8.56266053 2.70510794 0.46208600
8.56644693 2.69681506 0.47043297
8.57026603 2.68845036 0.47892428
8.57411739 2.68001476 0.48755925
8.57800056 2.67150929 0.49633691
8.58191501 2.66293509 0.50525599
8.58586015 2.65429341 0.51431493
8.58983536 2.64558564 0.52351182
8.59383993 2.63681328 0.53284443
8.59787312 2.62797798 0.54231017
8.60193410 2.61908151 0.55190610
8.60602202 2.61012577 0.56162889
8.61013592 2.60111281 0.57147484
8.61427480 2.59204480 0.58143987
8.61843762 2.58292406 0.59151948
8.62262322 2.57375305 0.60170880
8.62683043 2.56453437 0.61200254
8.63105799 2.55527077 0.62239500
8.63530458 2.54596510 0.63288011
8.63956882 2.53662039 0.64345138
8.64384926 2.52723979 0.65410195
8.64814441 2.51782656 0.66482458
8.65245270 2.50838411 0.67561166
8.65677252 2.49891597 0.68645525
8.66110221 2.48942578 0.69734705
8.66544004 2.47991729 0.70827848
8.66978424 2.47039436 0.71924068
8.67413301 2.46086095 0.73022451
8.67848449 2.45132109 0.74122063
8.68283680 2.44177890 0.75221949
8.68718801 2.43223859 0.76321138
8.69153619 2.42270440 0.77418648
8.69587936 2.41318064 0.78513487
8.70021553 2.40367164 0.79604659
8.70454271 2.39418178 0.80691167
8.70885889 2.38471544 0.81772019
8.71316207 2.37527700 0.82846228
8.71745023 2.36587086 0.83912822
8.72172139 2.35650136 0.84970842
8.72597356 2.34717283 0.86019352
8.73020479 2.33788956 0.87057436
8.73441315 2.32865578 0.88084210
8.73859673 2.31947563 0.89098818
8.74275367 2.31035321 0.90100440
8.74688215 2.30129248 0.91088294
8.75098039 2.29229735 0.92061638
8.75504667 2.28337158 0.93019772
8.75907932 2.27451884 0.93962044
8.76307673 2.26574264 0.94887846
8.76703734 2.25704637 0.95796621
8.77095969 2.24843329 0.96687861
8.77484235 2.23990648 0.97561109
8.77868398 2.23146888 0.98415959
8.78248333 2.22312327 0.99252057
8.78623918 2.21487227 1.00069100
8.78995044 2.20671832 1.00866834
8.79361605 2.19866370 1.01645059
8.79723507 2.19071050 1.02403620
8.80080661 2.18286068 1.03142413
8.80432987 2.17511598 1.03861377
8.80780412 2.16747800 1.04560499
8.81122873 2.15994815 1.05239807
8.81460311 2.15252770 1.05899368
8.81792679 2.14521772 1.06539290
8.82119933 2.13801915 1.07159717
8.82442039 2.13093276 1.07760826
8.82758969 2.12395915 1.08342826
8.83070702 2.11709881 1.08905954
8.83377224 2.11035204 1.09450475
8.83678528 2.10371903 1.09976678
8.83974610 2.09719984 1.10484875
8.84265476 2.09079438 1.10975394
8.84551134 2.08450245 1.11448585
8.84831599 2.07832374 1.11904810
8.85106892 2.07225783 1.12344446
8.85377037 2.06630417 1.12767878
8.85642063 2.06046215 1.13175503
8.85902004 2.05473105 1.13567724
8.86156896 2.04911005 1.13944949
8.86406781 2.04359827 1.14307592
8.86651704 2.03819474 1.14656067
8.86891710 2.03289844 1.14990789
8.87126852 2.02770828 1.15312173
8.87357182 2.02262310 1.15620634
8.87582755 2.01764169 1.15916583
8.87803629 2.01276280 1.16200426
8.88019865 2.00798513 1.16472567
8.88231522 2.00330736 1.16733403
8.88438665 1.99872810 1.16983326
8.88641357 1.99424596 1.17222720
8.88839665 1.98985951 1.17451962
8.89033654 1.98556730 1.17671424
8.89223392 1.98136787 1.17881465
8.89408947 1.97725973 1.18082440
8.89590389 1.97324138 1.18274693
8.89767785 1.96931132 1.18458560
8.89941206 1.96546805 1.18634367
8.90110721 1.96171003 1.18802432
8.90276399 1.95803576 1.18963062
8.90438311 1.95444371 1.19116558
8.90596525 1.95093238 1.19263207
8.90751111 1.94750026 1.19403291
8.90902138 1.94414585 1.19537080
8.91049674 1.94086764 1.19664837
8.91193788 1.93766416 1.19786814
8.91334546 1.93453394 1.19903256
8.91472017 1.93147551 1.20014397
8.91606265 1.92848743 1.20120465
8.91737358 1.92556827 1.20221678
8.91865359 1.92271662 1.20318246
8.91990333 1.91993106 1.20410371
8.92112343 1.91721022 1.20498249
8.92231452 1.91455275 1.20582065
8.92347721 1.91195728 1.20661999
8.92461212 1.90942250 1.20738224
8.92571984 1.90694710 1.20810904
8.92680096 1.90452979 1.20880199
8.92785606 1.90216931 1.20946260
8.92888572 1.89986440 1.21009234
8.92989049 1.89761385 1.21069259
8.93087093 1.89541645 1.21126470
8.93182758 1.89327101 1.21180995
8.93276098 1.89117637 1.21232956
8.93367164 1.88913139 1.21282471
8.93456008 1.88713495 1.21329652
8.93542680 1.88518596 1.21374607
8.93627231 1.88328332 1.21417437
8.93709708 1.88142598 1.21458242
8.93790158 1.87961290 1.21497115
8.93868630 1.87784307 1.21534147
8.93945168 1.87611549 1.21569421
8.94019816 1.87442919 1.21603021
8.94092620 1.87278319 1.21635025
8.94163621 1.87117658 1.21665507
8.94232862 1.86960843 1.21694538
8.94300384 1.86807784 1.21722187
8.94366228 1.86658394 1.21748518
8.94430432 1.86512585 1.21773594
8.94493035 1.86370275 1.21797473
8.94554076 1.86231381 1.21820213
8.94613590 1.86095821 1.21841866
8.94671615 1.85963518 1.21862485
8.94728185 1.85834394 1.21882117
8.94783334 1.85708374 1.21900811
8.94837098 1.85585384 1.21918610
8.94889508 1.85465352 1.21935556
8.94940597 1.85348207 1.21951691
8.94990397 1.85233881 1.21967053
8.95038938 1.85122307 1.21981678
8.95086250 1.85013418 1.21995603
8.95132363 1.84907151 1.22008859
8.95177306 1.84803442 1.22021479
8.95221107 1.84702230 1.22033493
8.95263793 1.84603456 1.22044931
8.95305390 1.84507061 1.22055820
8.95345926 1.84412987 1.22066185
8.95385426 1.84321179 1.22076053
8.95423915 1.84231582 1.22085446
8.95461417 1.84144143 1.22094388
8.95497955 1.84058810 1.22102900
8.95533554 1.83975532 1.22111002
8.95568236 1.83894260 1.22118715
8.95602024 1.83814944 1.22126058
8.95634938 1.83737538 1.22133046
8.95667000 1.83661996 1.22139699
8.95698231 1.83588272 1.22146032
8.95728650 1.83516322 1.22152059
8.95758278 1.83446104 1.22157797
8.95787134 1.83377575 1.22163258
8.95815237 1.83310695 1.22168457
8.95842604 1.83245423 1.22173405
8.95869253 1.83181721 1.22178116
8.95895203 1.83119550 1.22182599
8.95920470 1.83058873 1.22186866
8.95945071 1.82999654 1.22190928
8.95969021 1.82941858 1.22194795
8.95992338 1.82885449 1.22198475
8.96015036 1.82830395 1.22201978
8.96037130 1.82776662 1.22205312
8.96058635 1.82724218 1.22208486
8.96079565 1.82673032 1.22211506
8.96099935 1.82623073 1.22214382
8.96119758 1.82574311 1.22217119
8.96139047 1.82526718 1.22219724
8.96157816 1.82480264 1.22222203
8.96176077 1.82434922 1.22224564
8.96193843 1.82390666 1.22226810
8.96211125 1.82347467 1.22228949
8.96227935 1.82305301 1.22230984
8.96244286 1.82264143 1.22232921
8.96260188 1.82223968 1.22234766
8.96275652 1.82184751 1.22236521
8.96290689 1.82146471 1.22238192
8.96305309 1.82109103 1.22239782
8.96319523 1.82072625 1.22241296
8.96333340 1.82037017 1.22242738
8.96346771 1.82002256 1.22244109
8.96359824 1.81968322 1.22245415
8.96372509 1.81935195 1.22246658
8.96384835 1.81902855 1.22247841
8.96396811 1.81871283 1.22248968
8.96408444 1.81840460 1.22250040
8.96419745 1.81810368 1.22251061
8.96430720 1.81780989 1.22252032
8.96441378 1.81752306 1.22252957
8.96451727 1.81724301 1.22253838
8.96461774 1.81696959 1.22254676
8.96471526 1.81670262 1.22255474
8.96480991 1.81644196 1.22256234
8.96490175 1.81618745 1.22256957
8.96499087 1.81593893 1.22257645
8.96507732 1.81569626 1.22258301
8.96516116 1.81545931 1.22258925
8.96524247 1.81522792 1.22259519
8.96532130 1.81500197 1.22260085
8.96539772 1.81478132 1.22260624
8.96547179 1.81456584 1.22261137
8.96554355 1.81435541 1.22261625
8.96561308 1.81414989 1.22262090
8.96568042 1.81394918 1.22262533
8.96574563 1.81375316 1.22262954
8.96580876 1.81356170 1.22263356
8.96586986 1.81337470 1.22263738
8.96592898 1.81319206 1.22264102
8.96598617 1.81301365 1.22264449
8.96604147 1.81283939 1.22264779
8.96609494 1.81266917 1.22265094
8.96614662 1.81250288 1.22265393
8.96619655 1.81234044 1.22265679
8.96624478 1.81218176 1.22265950
8.96629134 1.81202672 1.22266209
8.96633629 1.81187526 1.22266456
8.96637965 1.81172729 1.22266691
8.96642147 1.81158270 1.22266915
8.96646178 1.81144144 1.22267128
8.96650062 1.81130340 1.22267331
8.96653804 1.81116853 1.22267525
8.96657405 1.81103672 1.22267709
8.96660871 1.81090792 1.22267885
8.96664203 1.81078205 1.22268052
8.96667406 1.81065904 1.22268212
8.96670483 1.81053882 1.22268364
8.96673436 1.81042131 1.22268509
8.96676270 1.81030646 1.22268648
8.96678985 1.81019420 1.22268779
8.96681587 1.81008446 1.22268905
8.96684077 1.80997719 1.22269025
8.96686458 1.80987232 1.22269139
8.96688733 1.80976980 1.22269248
8.96690904 1.80966956 1.22269352
8.96692975 1.80957155 1.22269451
8.96694947 1.80947573 1.22269546
8.96696823 1.80938202 1.22269636
8.96698605 1.80929039 1.22269722
8.96700296 1.80920079 1.22269805
8.96701898 1.80911315 1.22269883
8.96703413 1.80902744 1.22269958
8.96704843 1.80894361 1.22270029
8.96706191 1.80886161 1.22270098
8.96707458 1.80878139 1.22270163
8.96708647 1.80870292 1.22270225
8.96709759 1.80862615 1.22270285
8.96710796 1.80855104 1.22270341
8.96711760 1.80847755 1.22270396
8.96712653 1.80840564 1.22270448
8.96713477 1.80833527 1.22270497
8.96714233 1.80826640 1.22270545
8.96714923 1.80819900 1.22270590
8.96715549 1.80813303 1.22270634
8.96716112 1.80806846 1.22270675
8.96716614 1.80800525 1.22270715
8.96717057 1.80794337 1.22270753
8.96717441 1.80788278 1.22270790
8.96717769 1.80782346 1.22270824
8.96718041 1.80776537 1.22270858
8.96718259 1.80770849 1.22270890
8.96718425 1.80765278 1.22270921
8.96718540 1.80759822 1.22270950
8.96718604 1.80754478 1.22270978
8.96718620 1.80749243 1.22271006
8.96718589 1.80744114 1.22271032
8.96718511 1.80739089 1.22271057
8.96718388 1.80734166 1.22271081
8.96718220 1.80729341 1.22271104
8.96718010 1.80724613 1.22271126
8.96717758 1.80719979 1.22271147
8.96717465 1.80715436 1.22271168
8.96717133 1.80710983 1.22271187
8.96716761 1.80706618 1.22271207
8.96716352 1.80702338 1.22271225
8.96715906 1.80698141 1.22271242
8.96715423 1.80694025 1.22271259
8.96714906 1.80689989 1.22271276
8.96714355 1.80686030 1.22271292
8.96713770 1.80682146 1.22271307
8.96713153 1.80678335 1.22271322
8.96712504 1.80674597 1.22271336
8.96711824 1.80670928 1.22271350
8.96711115 1.80667328 1.22271363
8.96710375 1.80663795 1.22271376
8.96709608 1.80660326 1.22271389
8.96708812 1.80656921 1.22271401
8.96707989 1.80653578 1.22271413
8.96707140 1.80650295 1.22271424
8.96706265 1.80647072 1.22271435
8.96705365 1.80643905 1.22271446
8.96704440 1.80640795 1.22271456
8.96703492 1.80637740 1.22271466
8.96702520 1.80634738 1.22271476
8.96701525 1.80631789 1.22271486
8.96700509 1.80628890 1.22271495
8.96699471 1.80626041 1.22271504
8.96698412 1.80623240 1.22271513
8.96697332 1.80620486 1.22271522
8.96696232 1.80617779 1.22271531
8.96695113 1.80615117 1.22271539
8.96693976 1.80612498 1.22271547
8.96692819 1.80609923 1.22271555
8.96691645 1.80607389 1.22271563
8.96690453 1.80604896 1.22271570
8.96689244 1.80602443 1.22271578
8.96688019 1.80600028 1.22271585
8.96686777 1.80597652 1.22271592
8.96685520 1.80595313 1.22271599
8.96684247 1.80593009 1.22271606
8.96682959 1.80590741 1.22271613
8.96681657 1.80588507 1.22271619
8.96680341 1.80586307 1.22271626
8.96679010 1.80584140 1.22271632
8.96677667 1.80582004 1.22271639
8.96676310 1.80579900 1.22271645
8.96674940 1.80577826 1.22271651
8.96673558 1.80575782 1.22271657
8.96672164 1.80573767 1.22271663
8.96670758 1.80571780 1.22271669
8.96669341 1.80569821 1.22271675
8.96667912 1.80567888 1.22271681
8.96666473 1.80565982 1.22271686
8.96665023 1.80564102 1.22271692
8.96663563 1.80562246 1.22271698
8.96662092 1.80560416 1.22271703
8.96660612 1.80558608 1.22271709
8.96659123 1.80556825 1.22271714
8.96657624 1.80555063 1.22271719
8.96656116 1.80553324 1.22271725
8.96654600 1.80551607 1.22271730
8.96653075 1.80549911 1.22271735
8.96651541 1.80548235 1.22271740
8.96650000 1.80546580 1.22271745
8.96648451 1.80544944 1.22271750
8.96646894 1.80543327 1.22271755
8.96645330 1.80541729 1.22271760
8.96643758 1.80540150 1.22271765
8.96642180 1.80538588 1.22271770
8.96640594 1.80537043 1.22271775
8.96639003 1.80535516 1.22271780
8.96637404 1.80534005 1.22271785
8.96635800 1.80532510 1.22271790
8.96634189 1.80531031 1.22271794
8.96632572 1.80529568 1.22271799
8.96630950 1.80528119 1.22271804
8.96629322 1.80526686 1.22271809
8.96627689 1.80525266 1.22271813
8.96626050 1.80523861 1.22271818
8.96624406 1.80522469 1.22271823
8.96622757 1.80521091 1.22271827
8.96621104 1.80519726 1.22271832
8.96619446 1.80518373 1.22271836
8.96617783 1.80517033 1.22271841
8.96616116 1.80515705 1.22271845
8.96614444 1.80514389 1.22271850
8.96612768 1.80513084 1.22271854
8.96611089 1.80511791 1.22271859
8.96609405 1.80510509 1.22271863
8.96607718 1.80509237 1.22271868
8.96606027 1.80507976 1.22271872
8.96604332 1.80506725 1.22271877
8.96602634 1.80505485 1.22271881
8.96600932 1.80504254 1.22271886
8.96599228 1.80503033 1.22271890
8.96597520 1.80501821 1.22271894
8.96595809 1.80500618 1.22271899
8.96594095 1.80499424 1.22271903
8.96592378 1.80498238 1.22271907
8.96590659 1.80497062 1.22271912
8.96588937 1.80495893 1.22271916
8.96587212 1.80494733 1.22271920
8.96585485 1.80493580 1.22271925
8.96583755 1.80492436 1.22271929
8.96582023 1.80491299 1.22271933
8.96580289 1.80490169 1.22271938
8.96578552 1.80489046 1.22271942
8.96576814 1.80487931 1.22271946
8.96575073 1.80486822 1.22271950
8.96573331 1.80485720 1.22271955
8.96571586 1.80484625 1.22271959
8.96569840 1.80483536 1.22271963
8.96568092 1.80482454 1.22271967
8.96566342 1.80481377 1.22271972
8.96564591 1.80480307 1.22271976
8.96562838 1.80479242 1.22271980
8.96561084 1.80478183 1.22271984
8.96559328 1.80477130 1.22271988
8.96557571 1.80476082 1.22271993
8.96555812 1.80475039 1.22271997
8.96554052 1.80474002 1.22272001
8.96552291 1.80472970 1.22272005
8.96550529 1.80471943 1.22272009
8.96548766 1.80470920 1.22272013
8.96547001 1.80469903 1.22272018
8.96545236 1.80468890 1.22272022
8.96543469 1.80467881 1.22272026
8.96541702 1.80466878 1.22272030
8.96539934 1.80465878 1.22272034
8.96538165 1.80464883 1.22272038
8.96536395 1.80463892 1.22272042
8.96534624 1.80462905 1.22272046
8.96532853 1.80461921 1.22272050
8.96531081 1.80460942 1.22272055
8.96529308 1.80459967 1.22272059
8.96527535 1.80458995 1.22272063
8.96525761 1.80458027 1.22272067
8.96523986 1.80457063 1.22272071
8.96522211 1.80456102 1.22272075
8.96520436 1.80455144 1.22272079
8.96518660 1.80454190 1.22272083
8.96516884 1.80453239 1.22272087
8.96515107 1.80452292 1.22272091
8.96513330 1.80451347 1.22272095
8.96511553 1.80450406 1.22272099
8.96509776 1.80449467 1.22272103
8.96507998 1.80448531 1.22272107
8.96506220 1.80447599 1.22272111
8.96504442 1.80446669 1.22272115
8.96502663 1.80445742 1.22272119
8.96500885 1.80444817 1.22272124
8.96499106 1.80443895 1.22272128
8.96497327 1.80442976 1.22272132
8.96495549 1.80442060 1.22272136
8.96493770 1.80441145 1.22272140
8.96491991 1.80440234 1.22272144
8.96490212 1.80439324 1.22272148
8.96488433 1.80438417 1.22272151
8.96486654 1.80437512 1.22272155
8.96484875 1.80436610 1.22272159
8.96483097 1.80435709 1.22272163
8.96481318 1.80434811 1.22272167
8.96479540 1.80433915 1.22272171
8.96477761 1.80433021 1.22272175
8.96475983 1.80432129 1.22272179
8.96474205 1.80431239 1.22272183
8.96472427 1.80430351 1.22272187
8.96470650 1.80429465 1.22272191
8.96468872 1.80428580 1.22272195
8.96467095 1.80427698 1.22272199
8.96465318 1.80426817 1.22272203
8.96463541 1.80425938 1.22272207
8.96461765 1.80425061 1.22272211
8.96459989 1.80424185 1.22272215
8.96458213 1.80423312 1.22272219
8.96456438 1.80422439 1.22272223
8.96454663 1.80421569 1.22272226
8.96452888 1.80420700 1.22272230
8.96451113 1.80419832 1.22272234
8.96449339 1.80418966 1.22272238
8.96447566 1.80418102 1.22272242
8.96445793 1.80417239 1.22272246
8.96444020 1.80416377 1.22272250
8.96442247 1.80415517 1.22272254
8.96440475 1.80414658 1.22272258
8.96438704 1.80413801 1.22272261
8.96436933 1.80412945 1.22272265
8.96435162 1.80412090 1.22272269
8.96433392 1.80411237 1.22272273
8.96431622 1.80410385 1.22272277
8.96429853 1.80409534 1.22272281
8.96428084 1.80408684 1.22272285
8.96426316 1.80407835 1.22272288
8.96424548 1.80406988 1.22272292
8.96422781 1.80406142 1.22272296
8.96421014 1.80405297 1.22272300
8.96419248 1.80404453 1.22272304
8.96417483 1.80403610 1.22272308
8.96415718 1.80402769 1.22272311
8.96413953 1.80401928 1.22272315
8.96412189 1.80401089 1.22272319
8.96410426 1.80400250 1.22272323
8.96408663 1.80399413 1.22272327
8.96406901 1.80398576 1.22272330
8.96405140 1.80397741 1.22272334
8.96403379 1.80396906 1.22272338
8.96401618 1.80396073 1.22272342
8.96399859 1.80395240 1.22272346
8.96398100 1.80394409 1.22272349
8.96396341 1.80393578 1.22272353
8.96394583 1.80392748 1.22272357
8.96392826 1.80391920 1.22272361
8.96391069 1.80391092 1.22272365
8.96389313 1.80390265 1.22272368
8.96387558 1.80389438 1.22272372
8.96385803 1.80388613 1.22272376
8.96384049 1.80387788 1.22272380
8.96382296 1.80386965 1.22272383
8.96380543 1.80386142 1.22272387
8.96378791 1.80385320 1.22272391
8.96377040 1.80384498 1.22272395
8.96375290 1.80383678 1.22272398
8.96373540 1.80382858 1.22272402
8.96371790 1.80382039 1.22272406
8.96370042 1.80381221 1.22272410
8.96368294 1.80380404 1.22272413
8.96366547 1.80379587 1.22272417
8.96364800 1.80378771 1.22272421
8.96363054 1.80377956 1.22272424
8.96361309 1.80377141 1.22272428
8.96359565 1.80376327 1.22272432
8.96357821 1.80375514 1.22272435
8.96356078 1.80374702 1.22272439
8.96354336 1.80373890 1.22272443
8.96352595 1.80373079 1.22272447
8.96350854 1.80372269 1.22272450
8.96349114 1.80371459 1.22272454
8.96347374 1.80370650 1.22272458
8.96345636 1.80369841 1.22272461
8.96343898 1.80369033 1.22272465
8.96342161 1.80368226 1.22272469
8.96340424 1.80367420 1.22272472
8.96338689 1.80366614 1.22272476
8.96336954 1.80365808 1.22272480
8.96335220 1.80365004 1.22272483
8.96333486 1.80364200 1.22272487
8.96331754 1.80363396 1.22272491
8.96330022 1.80362593 1.22272494
8.96328290 1.80361791 1.22272498
8.96326560 1.80360989 1.22272501
8.96324830 1.80360188 1.22272505
8.96323101 1.80359387 1.22272509
8.96321373 1.80358587 1.22272512
8.96319646 1.80357788 1.22272516
8.96317919 1.80356989 1.22272520
8.96316193 1.80356191 1.22272523
8.96314468 1.80355393 1.22272527
8.96312744 1.80354596 1.22272530
8.96311020 1.80353799 1.22272534
8.96309298 1.80353003 1.22272538
8.96307575 1.80352207 1.22272541
8.96305854 1.80351412 1.22272545
8.96304134 1.80350617 1.22272548
8.96302414 1.80349823 1.22272552
8.96300695 1.80349030 1.22272556
8.96298977 1.80348237 1.22272559
8.96297259 1.80347444 1.22272563
8.96295543 1.80346652 1.22272566
8.96293827 1.80345861 1.22272570
8.96292112 1.80345070 1.22272573
8.96290398 1.80344279 1.22272577
8.96288684 1.80343489 1.22272581
8.96286971 1.80342700 1.22272584
8.96285259 1.80341911 1.22272588
8.96283548 1.80341122 1.22272591
8.96281838 1.80340334 1.22272595
8.96280128 1.80339547 1.22272598
8.96278419 1.80338759 1.22272602
8.96276711 1.80337973 1.22272605
8.96275004 1.80337187 1.22272609
8.96273297 1.80336401 1.22272612
8.96271592 1.80335616 1.22272616
8.96269887 1.80334831 1.22272620
8.96268183 1.80334047 1.22272623
8.96266479 1.80333263 1.22272627
8.96264777 1.80332479 1.22272630
8.96263075 1.80331696 1.22272634
8.96261374 1.80330914 1.22272637
8.96259674 1.80330132 1.22272641
8.96257974 1.80329350 1.22272644
8.96256276 1.80328569 1.22272648
8.96254578 1.80327789 1.22272651
8.96252881 1.80327008 1.22272655
8.96251185 1.80326229 1.22272658
8.96249489 1.80325449 1.22272662
8.96247794 1.80324670 1.22272665
8.96246101 1.80323892 1.22272668
8.96244407 1.80323114 1.22272672
8.96242715 1.80322336 1.22272675
8.96241024 1.80321559 1.22272679
8.96239333 1.80320782 1.22272682
8.96237643 1.80320006 1.22272686
8.96235954 1.80319230 1.22272689
8.96234265 1.80318455 1.22272693
8.96232578 1.80317679 1.22272696
8.96230891 1.80316905 1.22272700
8.96229205 1.80316131 1.22272703
8.96227520 1.80315357 1.22272706
8.96225835 1.80314583 1.22272710
8.96224152 1.80313810 1.22272713
8.96222469 1.80313038 1.22272717
8.96220787 1.80312266 1.22272720
8.96219106 1.80311494 1.22272724
8.96217425 1.80310723 1.22272727
8.96215746 1.80309952 1.22272730
8.96214067 1.80309181 1.22272734
8.96212389 1.80308411 1.22272737
8.96210711 1.80307642 1.22272741
8.96209035 1.80306872 1.22272744
8.96207359 1.80306103 1.22272747
8.96205684 1.80305335 1.22272751
8.96204010 1.80304567 1.22272754
8.96202337 1.80303799 1.22272758
8.96200664 1.80303032 1.22272761
8.96198992 1.80302265 1.22272764
8.96197321 1.80301499 1.22272768
8.96195651 1.80300733 1.22272771
8.96193982 1.80299967 1.22272775
8.96192313 1.80299202 1.22272778
8.96190645 1.80298437 1.22272781
8.96188978 1.80297672 1.22272785
8.96187312 1.80296908 1.22272788
8.96185647 1.80296144 1.22272791
8.96183982 1.80295381 1.22272795
8.96182318 1.80294618 1.22272798
8.96180655 1.80293856 1.22272801
8.96178993 1.80293093 1.22272805
8.96177331 1.80292332 1.22272808
8.96175670 1.80291570 1.22272811
8.96174010 1.80290809 1.22272815
8.96172351 1.80290049 1.22272818
8.96170693 1.80289288 1.22272821
8.96169035 1.80288529 1.22272825
8.96167378 1.80287769 1.22272828
8.96165722 1.80287010 1.22272831
8.96164067 1.80286251 1.22272835
8.96162413 1.80285493 1.22272838
8.96160759 1.80284735 1.22272841
8.96159106 1.80283977 1.22272845
8.96157454 1.80283220 1.22272848
8.96155802 1.80282463 1.22272851
8.96154152 1.80281707 1.22272855
8.96152502 1.80280951 1.22272858
8.96150853 1.80280195 1.22272861
8.96149205 1.80279440 1.22272864
8.96147557 1.80278685 1.22272868
8.96145911 1.80277930 1.22272871
8.96144265 1.80277176 1.22272874
8.96142620 1.80276422 1.22272877
8.96140976 1.80275669 1.22272881
8.96139332 1.80274916 1.22272884
8.96137689 1.80274163 1.22272887
8.96136047 1.80273411 1.22272891
8.96134406 1.80272659 1.22272894
8.96132766 1.80271907 1.22272897
8.96131126 1.80271156 1.22272900
8.96129487 1.80270405 1.22272904
8.96127849 1.80269655 1.22272907
8.96126212 1.80268905 1.22272910
8.96124575 1.80268155 1.22272913
8.96122939 1.80267406 1.22272917
8.96121305 1.80266657 1.22272920
8.96119670 1.80265908 1.22272923
8.96118037 1.80265160 1.22272926
8.96116404 1.80264412 1.22272929
8.96114772 1.80263664 1.22272933
8.96113141 1.80262917 1.22272936
8.96111511 1.80262170 1.22272939
8.96109881 1.80261424 1.22272942
8.96108252 1.80260678 1.22272946
8.96106624 1.80259932 1.22272949
8.96104997 1.80259187 1.22272952
8.96103371 1.80258442 1.22272955
8.96101745 1.80257697 1.22272958
8.96100120 1.80256953 1.22272962
8.96098496 1.80256209 1.22272965
8.96096872 1.80255465 1.22272968
8.96095250 1.80254722 1.22272971
8.96093628 1.80253979 1.22272974
8.96092007 1.80253237 1.22272977
8.96090387 1.80252495 1.22272981
8.96088767 1.80251753 1.22272984
8.96087148 1.80251011 1.22272987
8.96085530 1.80250270 1.22272990
8.96083913 1.80249530 1.22272993
8.96082296 1.80248789 1.22272996
8.96080681 1.80248049 1.22273000
8.96079066 1.80247310 1.22273003
8.96077451 1.80246570 1.22273006
8.96075838 1.80245831 1.22273009
8.96074225 1.80245093 1.22273012
8.96072613 1.80244355 1.22273015
8.96071002 1.80243617 1.22273018
8.96069392 1.80242879 1.22273022
8.96067782 1.80242142 1.22273025
8.96066173 1.80241405 1.22273028
8.96064565 1.80240669 1.22273031
8.96062958 1.80239933 1.22273034
8.96061351 1.80239197 1.22273037
8.96059745 1.80238462 1.22273040
8.96058140 1.80237727 1.22273044
8.96056536 1.80236992 1.22273047
8.96054933 1.80236258 1.22273050
8.96053330 1.80235524 1.22273053
8.96051728 1.80234790 1.22273056
8.96050126 1.80234057 1.22273059
8.96048526 1.80233324 1.22273062
8.96046926 1.80232591 1.22273065
8.96045327 1.80231859 1.22273068
8.96043729 1.80231127 1.22273071
8.96042131 1.80230396 1.22273075
8.96040535 1.80229665 1.22273078
8.96038939 1.80228934 1.22273081
8.96037343 1.80228203 1.22273084
8.96035749 1.80227473 1.22273087
8.96034155 1.80226743 1.22273090
8.96032562 1.80226014 1.22273093
8.96030970 1.80225285 1.22273096
8.96029378 1.80224556 1.22273099
8.96027788 1.80223828 1.22273102
8.96026198 1.80223100 1.22273105
8.96024608 1.80222372 1.22273108
8.96023020 1.80221645 1.22273111
8.96021432 1.80220918 1.22273114
8.96019845 1.80220191 1.22273117
8.96018259 1.80219465 1.22273120
8.96016673 1.80218739 1.22273123
8.96015089 1.80218013 1.22273127
8.96013505 1.80217288 1.22273130
8.96011921 1.80216563 1.22273133
8.96010339 1.80215838 1.22273136
8.96008757 1.80215114 1.22273139
8.96007176 1.80214390 1.22273142
8.96005596 1.80213666 1.22273145
8.96004016 1.80212943 1.22273148
8.96002438 1.80212220 1.22273151
8.96000860 1.80211498 1.22273154
8.95999282 1.80210776 1.22273157
8.95997706 1.80210054 1.22273160
8.95996130 1.80209332 1.22273163
8.95994555 1.80208611 1.22273166
8.95992981 1.80207890 1.22273169
8.95991407 1.80207170 1.22273172
8.95989834 1.80206450 1.22273175
8.95988262 1.80205730 1.22273178
8.95986691 1.80205010 1.22273181
8.95985120 1.80204291 1.22273184
8.95983550 1.80203572 1.22273187
8.95981981 1.80202854 1.22273190
8.95980413 1.80202136 1.22273193
8.95978845 1.80201418 1.22273196
8.95977278 1.80200700 1.22273199
8.95975712 1.80199983 1.22273202
8.95974146 1.80199267 1.22273204
8.95972581 1.80198550 1.22273207
8.95971017 1.80197834 1.22273210
8.95969454 1.80197118 1.22273213
8.95967892 1.80196403 1.22273216
8.95966330 1.80195688 1.22273219
8.95964769 1.80194973 1.22273222
8.95963208 1.80194259 1.22273225
8.95961649 1.80193545 1.22273228
8.95960090 1.80192831 1.22273231
8.95958532 1.80192117 1.22273234
8.95956974 1.80191404 1.22273237
8.95955418 1.80190692 1.22273240
8.95953862 1.80189979 1.22273243
8.95952307 1.80189267 1.22273246
8.95950752 1.80188556 1.22273249
8.95949198 1.80187844 1.22273252
8.95947645 1.80187133 1.22273254
8.95946093 1.80186422 1.22273257
8.95944541 1.80185712 1.22273260
8.95942991 1.80185002 1.22273263
8.95941440 1.80184292 1.22273266
8.95939891 1.80183583 1.22273269
8.95938342 1.80182874 1.22273272
8.95936794 1.80182165 1.22273275
8.95935247 1.80181457 1.22273278
8.95933701 1.80180749 1.22273281
8.95932155 1.80180041 1.22273283
8.95930610 1.80179333 1.22273286
8.95929066 1.80178626 1.22273289
8.95927522 1.80177920 1.22273292
8.95925979 1.80177213 1.22273295
8.95924437 1.80176507 1.22273298
8.95922896 1.80175801 1.22273301
8.95921355 1.80175096 1.22273304
8.95919815 1.80174391 1.22273306
8.95918276 1.80173686 1.22273309
8.95916737 1.80172982 1.22273312
8.95915199 1.80172278 1.22273315
8.95913662 1.80171574 1.22273318
8.95912126 1.80170871 1.22273321
8.95910590 1.80170167 1.22273324
8.95909055 1.80169465 1.22273326
8.95907521 1.80168762 1.22273329
8.95905987 1.80168060 1.22273332
8.95904454 1.80167358 1.22273335
8.95902922 1.80166657 1.22273338
8.95901391 1.80165956 1.22273341
8.95899860 1.80165255 1.22273344
8.95898330 1.80164555 1.22273346
8.95896801 1.80163854 1.22273349
8.95895273 1.80163155 1.22273352
8.95893745 1.80162455 1.22273355
8.95892218 1.80161756 1.22273358
8.95890691 1.80161057 1.22273360
8.95889166 1.80160359 1.22273363
8.95887641 1.80159660 1.22273366
8.95886116 1.80158962 1.22273369
8.95884593 1.80158265 1.22273372
8.95883070 1.80157568 1.22273375
8.95881548 1.80156871 1.22273377
8.95880026 1.80156174 1.22273380
8.95878506 1.80155478 1.22273383
8.95876986 1.80154782 1.22273386
8.95875466 1.80154087 1.22273389
8.95873948 1.80153391 1.22273391
8.95872430 1.80152696 1.22273394
8.95870913 1.80152002 1.22273397
8.95869396 1.80151307 1.22273400
8.95867881 1.80150613 1.22273402
8.95866366 1.80149920 1.22273405
8.95864851 1.80149227 1.22273408
8.95863338 1.80148534 1.22273411
8.95861825 1.80147841 1.22273414
8.95860312 1.80147149 1.22273416
8.95858801 1.80146456 1.22273419
8.95857290 1.80145765 1.22273422
8.95855780 1.80145073 1.22273425
8.95854270 1.80144382 1.22273427
8.95852762 1.80143692 1.22273430
8.95851254 1.80143001 1.22273433
8.95849746 1.80142311 1.22273436
8.95848240 1.80141621 1.22273438
8.95846734 1.80140932 1.22273441
8.95845229 1.80140243 1.22273444
8.95843724 1.80139554 1.22273447
8.95842220 1.80138865 1.22273449
8.95840717 1.80138177 1.22273452
8.95839215 1.80137489 1.22273455
8.95837713 1.80136802 1.22273457
8.95836212 1.80136115 1.22273460
8.95834712 1.80135428 1.22273463
8.95833212 1.80134741 1.22273466
8.95831713 1.80134055 1.22273468
8.95830215 1.80133369 1.22273471
8.95828717 1.80132683 1.22273474
8.95827220 1.80131998 1.22273476
8.95825724 1.80131313 1.22273479
8.95824229 1.80130628 1.22273482
8.95822734 1.80129944 1.22273485
8.95821240 1.80129260 1.22273487
8.95819747 1.80128576 1.22273490
8.95818254 1.80127893 1.22273493
8.95816762 1.80127210 1.22273495
8.95815271 1.80126527 1.22273498
8.95813780 1.80125844 1.22273501
8.95812290 1.80125162 1.22273503
8.95810801 1.80124480 1.22273506
8.95809312 1.80123799 1.22273509
8.95807824 1.80123118 1.22273511
8.95806337 1.80122437 1.22273514
8.95804851 1.80121756 1.22273517
8.95803365 1.80121076 1.22273519
8.95801880 1.80120396 1.22273522
8.95800395 1.80119717 1.22273525
8.95798912 1.80119037 1.22273527
8.95797429 1.80118358 1.22273530
8.95795946 1.80117680 1.22273533
8.95794465 1.80117001 1.22273535
8.95792984 1.80116323 1.22273538
8.95791503 1.80115645 1.22273541
8.95790024 1.80114968 1.22273543
8.95788545 1.80114291 1.22273546
8.95787066 1.80113614 1.22273549
8.95785589 1.80112938 1.22273551
8.95784112 1.80112261 1.22273554
8.95782636 1.80111586 1.22273557
8.95781160 1.80110910 1.22273559
8.95779685 1.80110235 1.22273562
8.95778211 1.80109560 1.22273565
8.95776738 1.80108885 1.22273567
8.95775265 1.80108211 1.22273570
8.95773793 1.80107537 1.22273572
8.95772321 1.80106863 1.22273575
8.95770851 1.80106190 1.22273578
8.95769381 1.80105517 1.22273580
8.95767911 1.80104844 1.22273583
8.95766442 1.80104172 1.22273585
8.95764974 1.80103500 1.22273588
8.95763507 1.80102828 1.22273591
8.95762040 1.80102156 1.22273593
8.95760574 1.80101485 1.22273596
8.95759109 1.80100814 1.22273598
8.95757644 1.80100144 1.22273601
8.95756180 1.80099474 1.22273604
8.95754717 1.80098804 1.22273606
8.95753254 1.80098134 1.22273609
8.95751792 1.80097465 1.22273611
8.95750331 1.80096796 1.22273614
8.95748870 1.80096127 1.22273617
8.95747410 1.80095458 1.22273619
8.95745951 1.80094790 1.22273622
8.95744493 1.80094123 1.22273624
8.95743035 1.80093455 1.22273627
8.95741577 1.80092788 1.22273629
8.95740121 1.80092121 1.22273632
8.95738665 1.80091454 1.22273635
8.95737210 1.80090788 1.22273637
8.95735755 1.80090122 1.22273640
8.95734301 1.80089457 1.22273642
8.95732848 1.80088791 1.22273645
8.95731395 1.80088126 1.22273647
8.95729943 1.80087461 1.22273650
8.95728492 1.80086797 1.22273652
8.95727042 1.80086133 1.22273655
8.95725592 1.80085469 1.22273658
8.95724142 1.80084806 1.22273660
8.95722694 1.80084142 1.22273663
8.95721246 1.80083480 1.22273665
8.95719799 1.80082817 1.22273668
8.95718352 1.80082155 1.22273670
8.95716906 1.80081493 1.22273673
8.95715461 1.80080831 1.22273675
8.95714016 1.80080170 1.22273678
8.95712573 1.80079509 1.22273680
8.95711129 1.80078848 1.22273683
8.95709687 1.80078187 1.22273685
8.95708245 1.80077527 1.22273688
8.95706803 1.80076867 1.22273690
8.95705363 1.80076208 1.22273693
8.95703923 1.80075548 1.22273695
8.95702484 1.80074890 1.22273698
8.95701045 1.80074231 1.22273700
8.95699607 1.80073573 1.22273703
8.95698170 1.80072915 1.22273705
8.95696733 1.80072257 1.22273708
8.95695297 1.80071599 1.22273710
8.95693862 1.80070942 1.22273713
8.95692427 1.80070285 1.22273715
8.95690993 1.80069629 1.22273718
8.95689560 1.80068973 1.22273720
8.95688127 1.80068317 1.22273723
8.95686695 1.80067661 1.22273725
8.95685264 1.80067006 1.22273728
8.95683833 1.80066351 1.22273730
8.95682403 1.80065696 1.22273733
8.95680973 1.80065041 1.22273735
8.95679545 1.80064387 1.22273738
8.95678116 1.80063734 1.22273740
8.95676689 1.80063080 1.22273743
8.95675262 1.80062427 1.22273745
8.95673836 1.80061774 1.22273748
8.95672410 1.80061121 1.22273750
8.95670986 1.80060469 1.22273752
8.95669561 1.80059817 1.22273755
8.95668138 1.80059165 1.22273757
8.95666715 1.80058514 1.22273760
8.95665293 1.80057862 1.22273762
8.95663871 1.80057212 1.22273765
8.95662450 1.80056561 1.22273767
8.95661030 1.80055911 1.22273770
8.95659610 1.80055261 1.22273772
8.95658191 1.80054611 1.22273774
8.95656773 1.80053962 1.22273777
8.95655355 1.80053313 1.22273779
8.95653938 1.80052664 1.22273782
8.95652522 1.80052016 1.22273784
8.95651106 1.80051367 1.22273787
8.95649691 1.80050719 1.22273789
8.95648276 1.80050072 1.22273791
8.95646863 1.80049425 1.22273794
8.95645449 1.80048778 1.22273796
8.95644037 1.80048131 1.22273799
8.95642625 1.80047485 1.22273801
8.95641214 1.80046838 1.22273803
8.95639803 1.80046193 1.22273806
8.95638393 1.80045547 1.22273808
8.95636984 1.80044902 1.22273811
8.95635575 1.80044257 1.22273813
8.95634167 1.80043612 1.22273815
8.95632760 1.80042968 1.22273818
8.95631353 1.80042324 1.22273820
8.95629947 1.80041680 1.22273823
8.95628542 1.80041037 1.22273825
8.95627137 1.80040394 1.22273827
8.95625733 1.80039751 1.22273830
8.95624329 1.80039108 1.22273832
8.95622926 1.80038466 1.22273835
8.95621524 1.80037824 1.22273837
8.95620122 1.80037182 1.22273839
8.95618721 1.80036541 1.22273842
8.95617321 1.80035900 1.22273844
8.95615921 1.80035259 1.22273846
8.95614522 1.80034618 1.22273849
8.95613124 1.80033978 1.22273851
8.95611726 1.80033338 1.22273854
8.95610329 1.80032698 1.22273856
8.95608932 1.80032059 1.22273858
8.95607536 1.80031420 1.22273861
8.95606141 1.80030781 1.22273863
8.95604747 1.80030143 1.22273865
8.95603353 1.80029504 1.22273868
8.95601959 1.80028866 1.22273870
8.95600567 1.80028229 1.22273872
8.95599174 1.80027592 1.22273875
8.95597783 1.80026954 1.22273877
8.95596392 1.80026318 1.22273879
8.95595002 1.80025681 1.22273882
8.95593612 1.80025045 1.22273884
8.95592224 1.80024409 1.22273886
8.95590835 1.80023774 1.22273889
8.95589448 1.80023138 1.22273891
8.95588061 1.80022503 1.22273893
8.95586674 1.80021869 1.22273896
8.95585288 1.80021234 1.22273898
8.95583903 1.80020600 1.22273900
8.95582519 1.80019966 1.22273903
8.95581135 1.80019332 1.22273905
8.95579752 1.80018699 1.22273907
8.95578369 1.80018066 1.22273910
8.95576987 1.80017433 1.22273912
8.95575606 1.80016801 1.22273914
8.95574225 1.80016169 1.22273917
8.95572845 1.80015537 1.22273919
8.95571465 1.80014905 1.22273921
8.95570086 1.80014274 1.22273923
8.95568708 1.80013643 1.22273926
8.95567331 1.80013012 1.22273928
8.95565954 1.80012382 1.22273930
8.95564577 1.80011752 1.22273933
8.95563202 1.80011122 1.22273935
8.95561826 1.80010493 1.22273937
8.95560452 1.80009863 1.22273939
8.95559078 1.80009234 1.22273942
8.95557705 1.80008606 1.22273944
8.95556332 1.80007977 1.22273946
8.95554960 1.80007349 1.22273949
8.95553589 1.80006721 1.22273951
8.95552218 1.80006094 1.22273953
8.95550848 1.80005466 1.22273955
8.95549478 1.80004839 1.22273958
8.95548110 1.80004212 1.22273960
8.95546741 1.80003586 1.22273962
8.95545374 1.80002960 1.22273964
8.95544007 1.80002334 1.22273967
8.95542640 1.80001708 1.22273969
8.95541274 1.80001083 1.22273971
8.95539909 1.80000458 1.22273973
8.95538545 1.79999833 1.22273976
8.95537181 1.79999209 1.22273978
8.95535817 1.79998585 1.22273980
8.95534455 1.79997961 1.22273982
8.95533092 1.79997337 1.22273985
8.95531731 1.79996714 1.22273987
8.95530370 1.79996091 1.22273989
8.95529010 1.79995468 1.22273991
8.95527650 1.79994846 1.22273994
8.95526291 1.79994223 1.22273996
8.95524933 1.79993602 1.22273998
8.95523575 1.79992980 1.22274000
8.95522218 1.79992359 1.22274003
8.95520861 1.79991737 1.22274005
8.95519505 1.79991117 1.22274007
8.95518150 1.79990496 1.22274009
8.95516795 1.79989876 1.22274011
8.95515441 1.79989256 1.22274014
8.95514088 1.79988636 1.22274016
8.95512735 1.79988017 1.22274018
8.95511382 1.79987398 1.22274020
8.95510031 1.79986779 1.22274023
8.95508680 1.79986160 1.22274025
8.95507329 1.79985542 1.22274027
8.95505979 1.79984924 1.22274029
8.95504630 1.79984306 1.22274031
8.95503282 1.79983689 1.22274034
8.95501934 1.79983072 1.22274036
8.95500586 1.79982455 1.22274038
8.95499239 1.79981838 1.22274040
8.95497893 1.79981222 1.22274042
8.95496548 1.79980606 1.22274045
8.95495203 1.79979990 1.22274047
8.95493858 1.79979375 1.22274049
8.95492514 1.79978759 1.22274051
8.95491171 1.79978144 1.22274053
8.95489829 1.79977530 1.22274055
8.95488487 1.79976915 1.22274058
8.95487145 1.79976301 1.22274060
8.95485805 1.79975687 1.22274062
8.95484464 1.79975074 1.22274064
8.95483125 1.79974461 1.22274066
8.95481786 1.79973848 1.22274069
8.95480448 1.79973235 1.22274071
8.95479110 1.79972622 1.22274073
8.95477773 1.79972010 1.22274075
8.95476436 1.79971398 1.22274077
8.95475100 1.79970787 1.22274079
8.95473765 1.79970175 1.22274081
8.95472430 1.79969564 1.22274084
8.95471096 1.79968954 1.22274086
8.95469763 1.79968343 1.22274088
8.95468430 1.79967733 1.22274090
8.95467097 1.79967123 1.22274092
8.95465766 1.79966513 1.22274094
8.95464435 1.79965904 1.22274097
8.95463104 1.79965294 1.22274099
8.95461774 1.79964686 1.22274101
8.95460445 1.79964077 1.22274103
8.95459116 1.79963469 1.22274105
8.95457788 1.79962861 1.22274107
8.95456460 1.79962253 1.22274109
8.95455133 1.79961645 1.22274111
8.95453807 1.79961038 1.22274114
8.95452481 1.79960431 1.22274116
8.95451156 1.79959824 1.22274118
8.95449832 1.79959218 1.22274120
8.95448508 1.79958612 1.22274122
8.95447184 1.79958006 1.22274124
8.95445862 1.79957400 1.22274126
8.95444539 1.79956795 1.22274128
8.95443218 1.79956190 1.22274131
8.95441897 1.79955585 1.22274133
8.95440576 1.79954981 1.22274135
8.95439257 1.79954376 1.22274137
8.95437937 1.79953772 1.22274139
8.95436619 1.79953169 1.22274141
8.95435301 1.79952565 1.22274143
8.95433983 1.79951962 1.22274145
8.95432666 1.79951359 1.22274147
8.95431350 1.79950757 1.22274149
8.95430035 1.79950154 1.22274152
8.95428719 1.79949552 1.22274154
8.95427405 1.79948950 1.22274156
8.95426091 1.79948349 1.22274158
8.95424778 1.79947748 1.22274160
8.95423465 1.79947147 1.22274162
8.95422153 1.79946546 1.22274164
8.95420841 1.79945945 1.22274166
8.95419530 1.79945345 1.22274168
8.95418220 1.79944745 1.22274170
8.95416910 1.79944146 1.22274172
8.95415601 1.79943546 1.22274174
8.95414292 1.79942947 1.22274177
8.95412984 1.79942348 1.22274179
8.95411677 1.79941750 1.22274181
8.95410370 1.79941151 1.22274183
8.95409064 1.79940553 1.22274185
8.95407758 1.79939955 1.22274187
8.95406453 1.79939358 1.22274189
8.95405148 1.79938761 1.22274191
8.95403845 1.79938164 1.22274193
8.95402541 1.79937567 1.22274195
8.95401238 1.79936971 1.22274197
8.95399936 1.79936374 1.22274199
8.95398635 1.79935778 1.22274201
8.95397334 1.79935183 1.22274203
8.95396033 1.79934587 1.22274205
8.95394733 1.79933992 1.22274207
8.95393434 1.79933398 1.22274209
8.95392135 1.79932803 1.22274211
8.95390837 1.79932209 1.22274213
8.95389540 1.79931615 1.22274216
8.95388243 1.79931021 1.22274218
8.95386946 1.79930427 1.22274220
8.95385651 1.79929834 1.22274222
8.95384355 1.79929241 1.22274224
8.95383061 1.79928648 1.22274226
8.95381767 1.79928056 1.22274228
8.95380473 1.79927464 1.22274230
8.95379180 1.79926872 1.22274232
8.95377888 1.79926280 1.22274234
8.95376596 1.79925689 1.22274236
8.95375305 1.79925098 1.22274238
8.95374014 1.79924507 1.22274240
8.95372724 1.79923916 1.22274242
8.95371435 1.79923326 1.22274244
8.95370146 1.79922736 1.22274246
8.95368858 1.79922146 1.22274248
8.95367570 1.79921556 1.22274250
8.95366283 1.79920967 1.22274252
8.95364996 1.79920378 1.22274254
8.95363710 1.79919789 1.22274256
8.95362425 1.79919201 1.22274258
8.95361140 1.79918612 1.22274260
8.95359856 1.79918024 1.22274262
8.95358572 1.79917437 1.22274264
8.95357289 1.79916849 1.22274266
8.95356006 1.79916262 1.22274268
8.95354724 1.79915675 1.22274270
8.95353443 1.79915088 1.22274272
8.95352162 1.79914502 1.22274274
8.95350882 1.79913916 1.22274276
8.95349602 1.79913330 1.22274278
8.95348323 1.79912744 1.22274280
8.95347044 1.79912159 1.22274282
8.95345766 1.79911574 1.22274284
8.95344489 1.79910989 1.22274286
8.95343212 1.79910404 1.22274288
8.95341936 1.79909820 1.22274290
8.95340660 1.79909236 1.22274292
8.95339385 1.79908652 1.22274294
8.95338110 1.79908069 1.22274295
8.95336836 1.79907485 1.22274297
8.95335563 1.79906902 1.22274299
8.95334290 1.79906320 1.22274301
8.95333018 1.79905737 1.22274303
8.95331746 1.79905155 1.22274305
8.95330475 1.79904573 1.22274307
8.95329204 1.79903991 1.22274309
8.95327934 1.79903410 1.22274311
8.95326665 1.79902828 1.22274313
8.95325396 1.79902248 1.22274315
8.95324127 1.79901667 1.22274317
8.95322860 1.79901086 1.22274319
8.95321592 1.79900506 1.22274321
8.95320326 1.79899926 1.22274323
8.95319060 1.79899347 1.22274325
8.95317794 1.79898767 1.22274327
8.95316529 1.79898188 1.22274329
8.95315265 1.79897609 1.22274331
8.95314001 1.79897031 1.22274332
8.95312737 1.79896452 1.22274334
8.95311475 1.79895874 1.22274336
8.95310212 1.79895296 1.22274338
8.95308951 1.79894719 1.22274340
8.95307690 1.79894141 1.22274342
8.95306429 1.79893564 1.22274344
8.95305169 1.79892987 1.22274346
8.95303910 1.79892411 1.22274348
8.95302651 1.79891834 1.22274350
8.95301393 1.79891258 1.22274352
8.95300135 1.79890683 1.22274354
8.95298878 1.79890107 1.22274356
8.95297621 1.79889532 1.22274357
8.95296365 1.79888957 1.22274359
8.95295110 1.79888382 1.22274361
8.95293855 1.79887807 1.22274363
8.95292601 1.79887233 1.22274365
8.95291347 1.79886659 1.22274367
8.95290094 1.79886085 1.22274369
8.95288841 1.79885512 1.22274371
8.95287589 1.79884938 1.22274373
8.95286337 1.79884365 1.22274375
8.95285086 1.79883793 1.22274376
8.95283836 1.79883220 1.22274378
8.95282586 1.79882648 1.22274380
8.95281336 1.79882076 1.22274382
8.95280088 1.79881504 1.22274384
8.95278839 1.79880933 1.22274386
8.95277592 1.79880361 1.22274388
8.95276345 1.79879790 1.22274390
8.95275098 1.79879220 1.22274392
8.95273852 1.79878649 1.22274393
8.95272606 1.79878079 1.22274395
8.95271361 1.79877509 1.22274397
8.95270117 1.79876939 1.22274399
8.95268873 1.79876370 1.22274401
8.95267630 1.79875801 1.22274403
8.95266387 1.79875232 1.22274405
8.95265145 1.79874663 1.22274407
8.95263903 1.79874095 1.22274408
8.95262662 1.79873526 1.22274410
8.95261422 1.79872958 1.22274412
8.95260182 1.79872391 1.22274414
8.95258942 1.79871823 1.22274416
8.95257703 1.79871256 1.22274418
8.95256465 1.79870689 1.22274420
8.95255227 1.79870122 1.22274421
8.95253990 1.79869556 1.22274423
8.95252753 1.79868990 1.22274425
8.95251517 1.79868424 1.22274427
8.95250281 1.79867858 1.22274429
8.95249046 1.79867293 1.22274431
8.95247812 1.79866727 1.22274432
8.95246578 1.79866162 1.22274434
8.95245344 1.79865598 1.22274436
8.95244112 1.79865033 1.22274438
8.95242879 1.79864469 1.22274440
8.95241647 1.79863905 1.22274442
8.95240416 1.79863341 1.22274443
8.95239185 1.79862778 1.22274445
8.95237955 1.79862215 1.22274447
8.95236726 1.79861652 1.22274449
8.95235497 1.79861089 1.22274451
8.95234268 1.79860527 1.22274453
8.95233040 1.79859964 1.22274454
8.95231813 1.79859402 1.22274456
8.95230586 1.79858841 1.22274458
8.95229359 1.79858279 1.22274460
8.95228133 1.79857718 1.22274462
8.95226908 1.79857157 1.22274464
8.95225683 1.79856596 1.22274465
8.95224459 1.79856036 1.22274467
8.95223236 1.79855476 1.22274469
8.95222012 1.79854916 1.22274471
8.95220790 1.79854356 1.22274473
8.95219568 1.79853796 1.22274474
8.95218346 1.79853237 1.22274476
8.95217125 1.79852678 1.22274478
8.95215905 1.79852119 1.22274480
8.95214685 1.79851561 1.22274482
8.95213466 1.79851003 1.22274483
8.95212247 1.79850445 1.22274485
8.95211028 1.79849887 1.22274487
8.95209811 1.79849329 1.22274489
8.95208594 1.79848772 1.22274491
8.95207377 1.79848215 1.22274492
8.95206161 1.79847658 1.22274494
8.95204945 1.79847102 1.22274496
8.95203730 1.79846545 1.22274498
8.95202516 1.79845989 1.22274500
8.95201302 1.79845434 1.22274501
8.95200088 1.79844878 1.22274503
8.95198875 1.79844323 1.22274505
8.95197663 1.79843768 1.22274507
8.95196451 1.79843213 1.22274508
8.95195240 1.79842658 1.22274510
8.95194029 1.79842104 1.22274512
8.95192818 1.79841550 1.22274514
8.95191609 1.79840996 1.22274516
8.95190400 1.79840442 1.22274517
8.95189191 1.79839889 1.22274519
8.95187983 1.79839336 1.22274521
8.95186775 1.79838783 1.22274523
8.95185568 1.79838230 1.22274524
8.95184362 1.79837678 1.22274526
8.95183156 1.79837126 1.22274528
8.95181950 1.79836574 1.22274530
8.95180745 1.79836022 1.22274531
8.95179541 1.79835471 1.22274533
8.95178337 1.79834920 1.22274535
8.95177133 1.79834369 1.22274537
8.95175931 1.79833818 1.22274538
8.95174728 1.79833268 1.22274540
8.95173526 1.79832717 1.22274542
8.95172325 1.79832167 1.22274544
8.95171125 1.79831618 1.22274545
8.95169924 1.79831068 1.22274547
8.95168725 1.79830519 1.22274549
8.95167526 1.79829970 1.22274551
8.95166327 1.79829421 1.22274552
8.95165129 1.79828873 1.22274554
8.95163931 1.79828324 1.22274556
8.95162734 1.79827776 1.22274558
8.95161538 1.79827229 1.22274559
8.95160342 1.79826681 1.22274561
8.95159146 1.79826134 1.22274563
8.95157951 1.79825587 1.22274564
8.95156757 1.79825040 1.22274566
8.95155563 1.79824493 1.22274568
8.95154370 1.79823947 1.22274570
8.95153177 1.79823401 1.22274571
8.95151984 1.79822855 1.22274573
8.95150793 1.79822309 1.22274575
8.95149601 1.79821764 1.22274576
8.95148411 1.79821219 1.22274578
8.95147220 1.79820674 1.22274580
8.95146031 1.79820129 1.22274582
8.95144842 1.79819585 1.22274583
8.95143653 1.79819040 1.22274585
8.95142465 1.79818496 1.22274587
8.95141277 1.79817953 1.22274588
8.95140090 1.79817409 1.22274590
8.95138903 1.79816866 1.22274592
8.95137717 1.79816323 1.22274594
8.95136532 1.79815780 1.22274595
8.95135347 1.79815238 1.22274597
8.95134162 1.79814695 1.22274599
8.95132978 1.79814153 1.22274600
8.95131795 1.79813611 1.22274602
8.95130612 1.79813070 1.22274604
8.95129430 1.79812528 1.22274605
8.95128248 1.79811987 1.22274607
8.95127066 1.79811446 1.22274609
8.95125885 1.79810906 1.22274610
8.95124705 1.79810365 1.22274612
8.95123525 1.79809825 1.22274614
8.95122346 1.79809285 1.22274616
8.95121167 1.79808746 1.22274617
8.95119989 1.79808206 1.22274619
8.95118811 1.79807667 1.22274621
8.95117634 1.79807128 1.22274622
8.95116457 1.79806589 1.22274624
8.95115281 1.79806051 1.22274626
8.95114105 1.79805512 1.22274627
8.95112930 1.79804974 1.22274629
8.95111755 1.79804437 1.22274631
8.95110581 1.79803899 1.22274632
8.95109407 1.79803362 1.22274634
8.95108234 1.79802825 1.22274636
8.95107061 1.79802288 1.22274637
8.95105889 1.79801751 1.22274639
8.95104718 1.79801215 1.22274641
8.95103547 1.79800678 1.22274642
8.95102376 1.79800143 1.22274644
8.95101206 1.79799607 1.22274646
8.95100036 1.79799071 1.22274647
8.95098867 1.79798536 1.22274649
8.95097699 1.79798001 1.22274651
8.95096531 1.79797466 1.22274652
8.95095363 1.79796932 1.22274654
8.95094196 1.79796398 1.22274655
8.95093030 1.79795864 1.22274657
8.95091864 1.79795330 1.22274659
8.95090698 1.79794796 1.22274660
8.95089533 1.79794263 1.22274662
8.95088369 1.79793730 1.22274664
8.95087205 1.79793197 1.22274665
8.95086041 1.79792664 1.22274667
8.95084878 1.79792132 1.22274669
8.95083716 1.79791599 1.22274670
8.95082554 1.79791067 1.22274672
8.95081393 1.79790536 1.22274673
8.95080232 1.79790004 1.22274675
8.95079071 1.79789473 1.22274677
8.95077911 1.79788942 1.22274678
8.95076752 1.79788411 1.22274680
8.95075593 1.79787881 1.22274682
8.95074435 1.79787350 1.22274683
8.95073277 1.79786820 1.22274685
8.95072120 1.79786290 1.22274686
8.95070963 1.79785761 1.22274688
8.95069806 1.79785231 1.22274690
8.95068650 1.79784702 1.22274691
8.95067495 1.79784173 1.22274693
8.95066340 1.79783644 1.22274695
8.95065186 1.79783116 1.22274696
8.95064032 1.79782588 1.22274698
8.95062879 1.79782059 1.22274699
8.95061726 1.79781532 1.22274701
8.95060573 1.79781004 1.22274703
8.95059422 1.79780477 1.22274704
8.95058270 1.79779950 1.22274706
8.95057119 1.79779423 1.22274707
8.95055969 1.79778896 1.22274709
8.95054819 1.79778370 1.22274711
8.95053670 1.79777843 1.22274712
8.95052521 1.79777318 1.22274714
8.95051373 1.79776792 1.22274715
8.95050225 1.79776266 1.22274717
8.95049078 1.79775741 1.22274719
8.95047931 1.79775216 1.22274720
8.95046784 1.79774691 1.22274722
8.95045639 1.79774167 1.22274723
8.95044493 1.79773642 1.22274725
8.95043348 1.79773118 1.22274727
8.95042204 1.79772594 1.22274728
8.95041060 1.79772070 1.22274730
8.95039917 1.79771547 1.22274731
8.95038774 1.79771024 1.22274733
8.95037632 1.79770501 1.22274734
8.95036490 1.79769978 1.22274736
8.95035349 1.79769455 1.22274738
8.95034208 1.79768933 1.22274739
8.95033067 1.79768411 1.22274741
8.95031927 1.79767889 1.22274742
8.95030788 1.79767367 1.22274744
8.95029649 1.79766846 1.22274745
8.95028511 1.79766325 1.22274747
8.95027373 1.79765804 1.22274749
8.95026236 1.79765283 1.22274750
8.95025099 1.79764763 1.22274752
8.95023962 1.79764242 1.22274753
8.95022826 1.79763722 1.22274755
8.95021691 1.79763203 1.22274756
8.95020556 1.79762683 1.22274758
8.95019422 1.79762164 1.22274760
8.95018288 1.79761644 1.22274761
8.95017154 1.79761125 1.22274763
8.95016021 1.79760607 1.22274764
8.95014889 1.79760088 1.22274766
8.95013757 1.79759570 1.22274767
8.95012625 1.79759052 1.22274769
8.95011494 1.79758534 1.22274770
8.95010364 1.79758017 1.22274772
8.95009234 1.79757499 1.22274773
8.95008104 1.79756982 1.22274775
8.95006975 1.79756465 1.22274777
8.95005847 1.79755949 1.22274778
8.95004719 1.79755432 1.22274780
8.95003591 1.79754916 1.22274781
8.95002464 1.79754400 1.22274783
8.95001337 1.79753884 1.22274784
8.95000211 1.79753369 1.22274786
8.94999086 1.79752853 1.22274787
8.94997961 1.79752338 1.22274789
8.94996836 1.79751823 1.22274790
8.94995712 1.79751309 1.22274792
8.94994588 1.79750794 1.22274793
8.94993465 1.79750280 1.22274795
8.94992342 1.79749766 1.22274796
8.94991220 1.79749252 1.22274798
8.94990098 1.79748739 1.22274799
8.94988977 1.79748225 1.22274801
8.94987856 1.79747712 1.22274803
8.94986736 1.79747199 1.22274804
8.94985616 1.79746687 1.22274806
8.94984497 1.79746174 1.22274807
8.94983378 1.79745662 1.22274809
8.94982260 1.79745150 1.22274810
8.94981142 1.79744638 1.22274812
8.94980025 1.79744127 1.22274813
8.94978908 1.79743615 1.22274815
8.94977792 1.79743104 1.22274816
8.94976676 1.79742593 1.22274818
8.94975560 1.79742083 1.22274819
8.94974445 1.79741572 1.22274821
8.94973331 1.79741062 1.22274822
8.94972217 1.79740552 1.22274824
8.94971104 1.79740042 1.22274825
8.94969991 1.79739533 1.22274827
8.94968878 1.79739023 1.22274828
8.94967766 1.79738514 1.22274830
8.94966654 1.79738005 1.22274831
8.94965543 1.79737497 1.22274833
8.94964433 1.79736988 1.22274834
8.94963323 1.79736480 1.22274836
8.94962213 1.79735972 1.22274837
8.94961104 1.79735464 1.22274839
8.94959995 1.79734956 1.22274840
8.94958887 1.79734449 1.22274842
8.94957779 1.79733942 1.22274843
8.94956672 1.79733435 1.22274845
8.94955565 1.79732928 1.22274846
8.94954459 1.79732422 1.22274848
8.94953353 1.79731916 1.22274849
8.94952248 1.79731409 1.22274850
8.94951143 1.79730904 1.22274852
8.94950039 1.79730398 1.22274853
8.94948935 1.79729893 1.22274855
8.94947831 1.79729387 1.22274856
8.94946729 1.79728883 1.22274858
8.94945626 1.79728378 1.22274859
8.94944524 1.79727873 1.22274861
8.94943423 1.79727369 1.22274862
8.94942322 1.79726865 1.22274864
8.94941221 1.79726361 1.22274865
8.94940121 1.79725857 1.22274867
8.94939021 1.79725354 1.22274868
8.94937922 1.79724851 1.22274870
8.94936824 1.79724348 1.22274871
8.94935725 1.79723845 1.22274872
8.94934628 1.79723342 1.22274874
8.94933530 1.79722840 1.22274875
8.94932434 1.79722338 1.22274877
8.94931337 1.79721836 1.22274878
8.94930242 1.79721334 1.22274880
8.94929146 1.79720833 1.22274881
8.94928051 1.79720332 1.22274883
8.94926957 1.79719831 1.22274884
8.94925863 1.79719330 1.22274886
8.94924770 1.79718829 1.22274887
8.94923677 1.79718329 1.22274888
8.94922584 1.79717829 1.22274890
8.94921492 1.79717329 1.22274891
8.94920400 1.79716829 1.22274893
8.94919309 1.79716329 1.22274894
8.94918219 1.79715830 1.22274896
8.94917129 1.79715331 1.22274897
8.94916039 1.79714832 1.22274899
8.94914950 1.79714333 1.22274900
8.94913861 1.79713835 1.22274901
8.94912773 1.79713337 1.22274903
8.94911685 1.79712839 1.22274904
8.94910598 1.79712341 1.22274906
8.94909511 1.79711843 1.22274907
8.94908424 1.79711346 1.22274909
8.94907338 1.79710849 1.22274910
8.94906253 1.79710352 1.22274911
8.94905168 1.79709855 1.22274913
8.94904083 1.79709358 1.22274914
8.94902999 1.79708862 1.22274916
8.94901916 1.79708366 1.22274917
8.94900833 1.79707870 1.22274918
8.94899750 1.79707374 1.22274920
8.94898668 1.79706879 1.22274921
8.94897586 1.79706384 1.22274923
8.94896505 1.79705889 1.22274924
8.94895424 1.79705394 1.22274926
8.94894344 1.79704899 1.22274927
8.94893264 1.79704405 1.22274928
8.94892184 1.79703911 1.22274930
8.94891105 1.79703417 1.22274931
8.94890027 1.79702923 1.22274933
8.94888949 1.79702429 1.22274934
8.94887871 1.79701936 1.22274935
8.94886794 1.79701443 1.22274937
8.94885718 1.79700950 1.22274938
8.94884641 1.79700457 1.22274940
8.94883566 1.79699965 1.22274941
8.94882491 1.79699472 1.22274942
8.94881416 1.79698980 1.22274944
8.94880341 1.79698489 1.22274945
8.94879268 1.79697997 1.22274947
8.94878194 1.79697506 1.22274948
8.94877121 1.79697014 1.22274949
8.94876049 1.79696523 1.22274951
8.94874977 1.79696032 1.22274952
8.94873905 1.79695542 1.22274954
8.94872834 1.79695052 1.22274955
8.94871764 1.79694561 1.22274956
8.94870693 1.79694071 1.22274958
8.94869624 1.79693582 1.22274959
8.94868554 1.79693092 1.22274960
8.94867486 1.79692603 1.22274962
8.94866417 1.79692114 1.22274963
8.94865349 1.79691625 1.22274965
8.94864282 1.79691136 1.22274966
8.94863215 1.79690648 1.22274967
8.94862149 1.79690159 1.22274969
8.94861083 1.79689671 1.22274970
8.94860017 1.79689183 1.22274971
8.94858952 1.79688696 1.22274973
8.94857887 1.79688208 1.22274974
8.94856823 1.79687721 1.22274976
8.94855759 1.79687234 1.22274977
8.94854696 1.79686747 1.22274978
8.94853633 1.79686261 1.22274980
8.94852571 1.79685774 1.22274981
8.94851509 1.79685288 1.22274982
8.94850447 1.79684802 1.22274984
8.94849386 1.79684316 1.22274985
8.94848326 1.79683831 1.22274987
8.94847266 1.79683346 1.22274988
8.94846206 1.79682860 1.22274989
8.94845147 1.79682375 1.22274991
8.94844088 1.79681891 1.22274992
8.94843030 1.79681406 1.22274993
8.94841972 1.79680922 1.22274995
8.94840915 1.79680438 1.22274996
8.94839858 1.79679954 1.22274997
8.94838801 1.79679470 1.22274999
8.94837745 1.79678987 1.22275000
8.94836690 1.79678504 1.22275001
8.94835635 1.79678020 1.22275003
8.94834580 1.79677538 1.22275004
8.94833526 1.79677055 1.22275005
8.94832472 1.79676573 1.22275007
8.94831419 1.79676090 1.22275008
8.94830366 1.79675608 1.22275009
8.94829313 1.79675126 1.22275011
8.94828262 1.79674645 1.22275012
8.94827210 1.79674163 1.22275013
8.94826159 1.79673682 1.22275015
8.94825108 1.79673201 1.22275016
8.94824058 1.79672720 1.22275017
8.94823009 1.79672240 1.22275019
8.94821959 1.79671760 1.22275020
8.94820910 1.79671279 1.22275021
8.94819862 1.79670799 1.22275023
8.94818814 1.79670320 1.22275024
8.94817767 1.79669840 1.22275025
8.94816720 1.79669361 1.22275027
8.94815673 1.79668882 1.22275028
8.94814627 1.79668403 1.22275029
8.94813581 1.79667924 1.22275031
8.94812536 1.79667445 1.22275032
8.94811491 1.79666967 1.22275033
8.94810447 1.79666489 1.22275035
8.94809403 1.79666011 1.22275036
8.94808360 1.79665533 1.22275037
8.94807317 1.79665056 1.22275039
8.94806274 1.79664578 1.22275040
8.94805232 1.79664101 1.22275041
8.94804191 1.79663624 1.22275043
8.94803149 1.79663148 1.22275044
8.94802109 1.79662671 1.22275045
8.94801068 1.79662195 1.22275047
8.94800029 1.79661719 1.22275048
8.94798989 1.79661243 1.22275049
8.94797950 1.79660767 1.22275050
8.94796912 1.79660292 1.22275052
8.94795874 1.79659817 1.22275053
8.94794836 1.79659342 1.22275054
8.94793799 1.79658867 1.22275056
8.94792762 1.79658392 1.22275057
8.94791726 1.79657918 1.22275058
8.94790690 1.79657443 1.22275060
8.94789654 1.79656969 1.22275061
8.94788619 1.79656495 1.22275062
8.94787585 1.79656022 1.22275063
8.94786551 1.79655548 1.22275065
8.94785517 1.79655075 1.22275066
8.94784484 1.79654602 1.22275067
8.94783451 1.79654129 1.22275069
8.94782419 1.79653657 1.22275070
8.94781387 1.79653184 1.22275071
8.94780355 1.79652712 1.22275072
8.94779324 1.79652240 1.22275074
8.94778294 1.79651768 1.22275075
8.94777264 1.79651297 1.22275076
8.94776234 1.79650825 1.22275078
8.94775205 1.79650354 1.22275079
8.94774176 1.79649883 1.22275080
8.94773148 1.79649412 1.22275081
8.94772120 1.79648941 1.22275083
8.94771092 1.79648471 1.22275084
8.94770065 1.79648001 1.22275085
8.94769038 1.79647531 1.22275087
8.94768012 1.79647061 1.22275088
8.94766986 1.79646591 1.22275089
8.94765961 1.79646122 1.22275090
8.94764936 1.79645653 1.22275092
8.94763912 1.79645184 1.22275093
8.94762888 1.79644715 1.22275094
8.94761864 1.79644246 1.22275095
8.94760841 1.79643778 1.22275097
8.94759819 1.79643310 1.22275098
8.94758796 1.79642842 1.22275099
8.94757774 1.79642374 1.22275101
8.94756753 1.79641906 1.22275102
8.94755732 1.79641439 1.22275103
8.94754712 1.79640972 1.22275104
8.94753692 1.79640505 1.22275106
8.94752672 1.79640038 1.22275107
8.94751653 1.79639571 1.22275108
8.94750634 1.79639105 1.22275109
8.94749616 1.79638638 1.22275111
8.94748598 1.79638172 1.22275112
8.94747580 1.79637707 1.22275113
8.94746563 1.79637241 1.22275114
8.94745547 1.79636776 1.22275116
8.94744530 1.79636310 1.22275117
8.94743515 1.79635845 1.22275118
8.94742499 1.79635380 1.22275119
8.94741485 1.79634916 1.22275121
8.94740470 1.79634451 1.22275122
8.94739456 1.79633987 1.22275123
8.94738443 1.79633523 1.22275124
8.94737429 1.79633059 1.22275126
8.94736417 1.79632596 1.22275127
8.94735404 1.79632132 1.22275128
8.94734393 1.79631669 1.22275129
8.94733381 1.79631206 1.22275131
8.94732370 1.79630743 1.22275132
8.94731360 1.79630280 1.22275133
8.94730349 1.79629818 1.22275134
8.94729340 1.79629356 1.22275135
8.94728330 1.79628893 1.22275137
8.94727322 1.79628432 1.22275138
8.94726313 1.79627970 1.22275139
8.94725305 1.79627508 1.22275140
8.94724298 1.79627047 1.22275142
8.94723291 1.79626586 1.22275143
8.94722284 1.79626125 1.22275144
8.94721278 1.79625664 1.22275145
8.94720272 1.79625204 1.22275146
8.94719266 1.79624744 1.22275148
8.94718261 1.79624284 1.22275149
8.94717257 1.79623824 1.22275150
8.94716253 1.79623364 1.22275151
8.94715249 1.79622904 1.22275153
8.94714246 1.79622445 1.22275154
8.94713243 1.79621986 1.22275155
8.94712240 1.79621527 1.22275156
8.94711238 1.79621068 1.22275157
8.94710237 1.79620610 1.22275159
8.94709236 1.79620151 1.22275160
8.94708235 1.79619693 1.22275161
8.94707235 1.79619235 1.22275162
8.94706235 1.79618777 1.22275164
8.94705235 1.79618320 1.22275165
8.94704236 1.79617863 1.22275166
8.94703238 1.79617405 1.22275167
8.94702240 1.79616948 1.22275168
8.94701242 1.79616492 1.22275170
8.94700245 1.79616035 1.22275171
8.94699248 1.79615579 1.22275172
8.94698251 1.79615122 1.22275173
8.94697255 1.79614666 1.22275174
8.94696259 1.79614210 1.22275176
8.94695264 1.79613755 1.22275177
8.94694269 1.79613299 1.22275178
8.94693275 1.79612844 1.22275179
8.94692281 1.79612389 1.22275180
8.94691288 1.79611934 1.22275182
8.94690295 1.79611480 1.22275183
8.94689302 1.79611025 1.22275184
8.94688310 1.79610571 1.22275185
8.94687318 1.79610117 1.22275186
8.94686326 1.79609663 1.22275187
8.94685335 1.79609209 1.22275189
8.94684345 1.79608756 1.22275190
8.94683355 1.79608302 1.22275191
8.94682365 1.79607849 1.22275192
8.94681376 1.79607396 1.22275193
8.94680387 1.79606943 1.22275195
8.94679398 1.79606491 1.22275196
8.94678410 1.79606039 1.22275197
8.94677423 1.79605586 1.22275198
8.94676435 1.79605134 1.22275199
8.94675449 1.79604683 1.22275200
8.94674462 1.79604231 1.22275202
8.94673476 1.79603780 1.22275203
8.94672491 1.79603328 1.22275204
8.94671506 1.79602877 1.22275205
8.94670521 1.79602427 1.22275206
8.94669537 1.79601976 1.22275208
8.94668553 1.79601525 1.22275209
8.94667569 1.79601075 1.22275210
8.94666586 1.79600625 1.22275211
8.94665604 1.79600175 1.22275212
8.94664621 1.79599726 1.22275213
8.94663640 1.79599276 1.22275215
8.94662658 1.79598827 1.22275216
8.94661677 1.79598378 1.22275217
8.94660697 1.79597929 1.22275218
8.94659717 1.79597480 1.22275219
8.94658737 1.79597031 1.22275220
8.94657758 1.79596583 1.22275222
8.94656779 1.79596135 1.22275223
8.94655800 1.79595687 1.22275224
8.94654822 1.79595239 1.22275225
8.94653844 1.79594792 1.22275226
8.94652867 1.79594344 1.22275227
8.94651890 1.79593897 1.22275228
8.94650914 1.79593450 1.22275230
8.94649938 1.79593003 1.22275231
8.94648962 1.79592556 1.22275232
8.94647987 1.79592110 1.22275233
8.94647013 1.79591664 1.22275234
8.94646038 1.79591218 1.22275235
8.94645064 1.79590772 1.22275237
8.94644091 1.79590326 1.22275238
8.94643118 1.79589881 1.22275239
8.94642145 1.79589435 1.22275240
8.94641173 1.79588990 1.22275241
8.94640201 1.79588545 1.22275242
8.94639229 1.79588100 1.22275243
8.94638258 1.79587656 1.22275245
8.94637288 1.79587211 1.22275246
8.94636317 1.79586767 1.22275247
8.94635348 1.79586323 1.22275248
8.94634378 1.79585879 1.22275249
8.94633409 1.79585436 1.22275250
8.94632441 1.79584992 1.22275251
8.94631473 1.79584549 1.22275252
8.94630505 1.79584106 1.22275254
8.94629537 1.79583663 1.22275255
8.94628570 1.79583220 1.22275256
8.94627604 1.79582778 1.22275257
8.94626638 1.79582336 1.22275258
8.94625672 1.79581893 1.22275259
8.94624707 1.79581452 1.22275260
8.94623742 1.79581010 1.22275261
8.94622777 1.79580568 1.22275263
8.94621813 1.79580127 1.22275264
8.94620850 1.79579686 1.22275265
8.94619886 1.79579245 1.22275266
8.94618923 1.79578804 1.22275267
8.94617961 1.79578363 1.22275268
8.94616999 1.79577923 1.22275269
8.94616037 1.79577482 1.22275270
8.94615076 1.79577042 1.22275272
8.94614115 1.79576602 1.22275273
8.94613155 1.79576163 1.22275274
8.94612195 1.79575723 1.22275275
8.94611235 1.79575284 1.22275276
8.94610276 1.79574845 1.22275277
8.94609317 1.79574406 1.22275278
8.94608359 1.79573967 1.22275279
8.94607401 1.79573528 1.22275280
8.94606443 1.79573090 1.22275282
8.94605486 1.79572652 1.22275283
8.94604529 1.79572214 1.22275284
8.94603573 1.79571776 1.22275285
8.94602617 1.79571338 1.22275286
8.94601661 1.79570901 1.22275287
8.94600706 1.79570463 1.22275288
8.94599751 1.79570026 1.22275289
8.94598797 1.79569589 1.22275290
8.94597843 1.79569152 1.22275292
8.94596889 1.79568716 1.22275293
8.94595936 1.79568279 1.22275294
8.94594983 1.79567843 1.22275295
8.94594031 1.79567407 1.22275296
8.94593079 1.79566971 1.22275297
8.94592128 1.79566536 1.22275298
8.94591176 1.79566100 1.22275299
8.94590226 1.79565665 1.22275300
8.94589275 1.79565230 1.22275301
8.94588325 1.79564795 1.22275302
8.94587376 1.79564360 1.22275304
8.94586427 1.79563926 1.22275305
8.94585478 1.79563491 1.22275306
8.94584530 1.79563057 1.22275307
8.94583582 1.79562623 1.22275308
8.94582634 1.79562189 1.22275309
8.94581687 1.79561756 1.22275310
8.94580740 1.79561322 1.22275311
8.94579794 1.79560889 1.22275312
8.94578848 1.79560456 1.22275313
8.94577902 1.79560023 1.22275314
8.94576957 1.79559590 1.22275316
8.94576012 1.79559158 1.22275317
8.94575068 1.79558725 1.22275318
8.94574124 1.79558293 1.22275319
8.94573180 1.79557861 1.22275320
8.94572237 1.79557429 1.22275321
8.94571295 1.79556998 1.22275322
8.94570352 1.79556566 1.22275323
8.94569410 1.79556135 1.22275324
8.94568469 1.79555704 1.22275325
8.94567527 1.79555273 1.22275326
8.94566587 1.79554842 1.22275327
8.94565646 1.79554412 1.22275328
8.94564706 1.79553981 1.22275329
8.94563767 1.79553551 1.22275331
8.94562827 1.79553121 1.22275332
8.94561889 1.79552692 1.22275333
8.94560950 1.79552262 1.22275334
8.94560012 1.79551832 1.22275335
8.94559075 1.79551403 1.22275336
8.94558137 1.79550974 1.22275337
8.94557200 1.79550545 1.22275338
8.94556264 1.79550116 1.22275339
8.94555328 1.79549688 1.22275340
8.94554392 1.79549259 1.22275341
8.94553457 1.79548831 1.22275342
8.94552522 1.79548403 1.22275343
8.94551588 1.79547975 1.22275344
8.94550654 1.79547548 1.22275345
8.94549720 1.79547120 1.22275346
8.94548787 1.79546693 1.22275348
8.94547854 1.79546266 1.22275349
8.94546921 1.79545839 1.22275350
8.94545989 1.79545412 1.22275351
8.94545057 1.79544986 1.22275352
8.94544126 1.79544559 1.22275353
8.94543195 1.79544133 1.22275354
8.94542265 1.79543707 1.22275355
8.94541334 1.79543281 1.22275356
8.94540405 1.79542856 1.22275357
8.94539475 1.79542430 1.22275358
8.94538546 1.79542005 1.22275359
8.94537618 1.79541580 1.22275360
8.94536689 1.79541155 1.22275361
8.94535762 1.79540730 1.22275362
8.94534834 1.79540305 1.22275363
8.94533907 1.79539881 1.22275364
8.94532980 1.79539457 1.22275365
8.94532054 1.79539032 1.22275366
8.94531128 1.79538609 1.22275367
8.94530203 1.79538185 1.22275368
8.94529278 1.79537761 1.22275369
8.94528353 1.79537338 1.22275370
8.94527429 1.79536915 1.22275371
8.94526505 1.79536492 1.22275373
8.94525581 1.79536069 1.22275374
8.94524658 1.79535646 1.22275375
8.94523735 1.79535224 1.22275376
8.94522813 1.79534802 1.22275377
8.94521891 1.79534379 1.22275378
8.94520969 1.79533957 1.22275379
8.94520048 1.79533536 1.22275380
8.94519127 1.79533114 1.22275381
8.94518207 1.79532693 1.22275382
8.94517287 1.79532272 1.22275383
8.94516367 1.79531850 1.22275384
8.94515448 1.79531430 1.22275385
8.94514529 1.79531009 1.22275386
8.94513610 1.79530588 1.22275387
8.94512692 1.79530168 1.22275388
8.94511775 1.79529748 1.22275389
8.94510857 1.79529328 1.22275390
8.94509940 1.79528908 1.22275391
8.94509024 1.79528488 1.22275392
8.94508107 1.79528069 1.22275393
8.94507192 1.79527650 1.22275394
8.94506276 1.79527231 1.22275395
8.94505361 1.79526812 1.22275396
8.94504446 1.79526393 1.22275397
8.94503532 1.79525974 1.22275398
8.94502618 1.79525556 1.22275399
8.94501705 1.79525138 1.22275400
8.94500792 1.79524720 1.22275401
8.94499879 1.79524302 1.22275402
8.94498967 1.79523884 1.22275403
8.94498055 1.79523466 1.22275404
8.94497143 1.79523049 1.22275405
8.94496232 1.79522632 1.22275406
8.94495321 1.79522215 1.22275407
8.94494410 1.79521798 1.22275408
8.94493500 1.79521381 1.22275409
8.94492591 1.79520965 1.22275410
