5.62265663 1.33692355
5.63901846 1.36370033
5.65538547 1.39048452
5.67174601 1.41723802
5.68808843 1.44392275
5.70440109 1.47050089
5.72067242 1.49693519
5.73689102 1.52318912
5.75304563 1.54922717
5.76912522 1.57501503
5.78511905 1.60051981
5.80101669 1.62571021
5.81680804 1.65055669
5.83248343 1.67503160
5.84803357 1.69910933
5.86344966 1.72276636
5.87872335 1.74598133
5.89384680 1.76873512
5.90881266 1.79101085
5.92361413 1.81279387
5.93824492 1.83407173
5.95269928 1.85483418
5.96697200 1.87507305
5.98105837 1.89478223
5.99495424 1.91395756
6.00865595 1.93259671
6.02216033 1.95069911
6.03546472 1.96826581
6.04856689 1.98529940
6.06146509 2.00180381
6.07415798 2.01778430
6.08664463 2.03324723
6.09892449 2.04820000
6.11099738 2.06265095
6.12286345 2.07660919
6.13452318 2.09008452
6.14597732 2.10308736
6.15722692 2.11562861
6.16827327 2.12771955
6.17911787 2.13937180
6.18976246 2.15059724
6.20020894 2.16140788
6.21045940 2.17181587
6.22051607 2.18183338
6.23038132 2.19147260
6.24005764 2.20074564
6.24954762 2.20966453
6.25885394 2.21824117
6.26797935 2.22648729
6.27692669 2.23441442
6.28569881 2.24203390
6.29429863 2.24935681
6.30272911 2.25639398
6.31099319 2.26315600
6.31909388 2.26965315
6.32703415 2.27589545
6.33481700 2.28189263
6.34244540 2.28765411
6.34992233 2.29318905
6.35725075 2.29850627
6.36443358 2.30361433
6.37147373 2.30852149
6.37837408 2.31323572
6.38513748 2.31776470
6.39176674 2.32211586
6.39826462 2.32629631
6.40463387 2.33031293
6.41087718 2.33417232
6.41699720 2.33788085
6.42299654 2.34144461
6.42887776 2.34486948
6.43464337 2.34816108
6.44029585 2.35132483
6.44583761 2.35436593
6.45127105 2.35728934
6.45659849 2.36009986
6.46182220 2.36280207
6.46694444 2.36540036
6.47196739 2.36789895
6.47689318 2.37030188
6.48172393 2.37261302
6.48646168 2.37483609
6.49110845 2.37697464
6.49566618 2.37903207
6.50013681 2.38101166
6.50452221 2.38291654
6.50882421 2.38474970
6.51304460 2.38651401
6.51718514 2.38821224
6.52124754 2.38984700
6.52523346 2.39142084
6.52914454 2.39293617
6.53298238 2.39439530
6.53674852 2.39580047
6.54044450 2.39715380
6.54407180 2.39845733
6.54763187 2.39971301
6.55112612 2.40092273
6.55455593 2.40208827
6.55792266 2.40321136
6.56122763 2.40429364
6.56447213 2.40533671
6.56765740 2.40634206
6.57078469 2.40731117
6.57385518 2.40824542
6.57687005 2.40914615
6.57983045 2.41001464
6.58273748 2.41085213
6.58559224 2.41165978
6.58839580 2.41243874
6.59114920 2.41319009
6.59385344 2.41391487
6.59650954 2.41461409
6.59911844 2.41528869
6.60168111 2.41593961
6.60419846 2.41656772
6.60667140 2.41717388
6.60910082 2.41775890
6.61148757 2.41832357
6.61383251 2.41886864
6.61613645 2.41939482
6.61840020 2.41990281
6.62062454 2.42039328
6.62281026 2.42086688
6.62495809 2.42132421
6.62706877 2.42176586
6.62914303 2.42219241
6.63118157 2.42260440
6.63318507 2.42300236
6.63515420 2.42338679
6.63708963 2.42375817
6.63899199 2.42411698
6.64086192 2.42446367
6.64270002 2.42479866
6.64450691 2.42512238
6.64628316 2.42543522
6.64802936 2.42573756
6.64974606 2.42602978
6.65143383 2.42631224
6.65309319 2.42658527
6.65472467 2.42684922
6.65632880 2.42710439
6.65790608 2.42735109
6.65945700 2.42758962
6.66098205 2.42782025
6.66248170 2.42804328
6.66395641 2.42825895
6.66540664 2.42846753
6.66683285 2.42866925
6.66823545 2.42886435
6.66961488 2.42905307
6.67097156 2.42923561
6.67230589 2.42941219
6.67361828 2.42958301
6.67490913 2.42974827
6.67617881 2.42990816
6.67742770 2.43006286
6.67865617 2.43021254
6.67986460 2.43035738
6.68105332 2.43049753
6.68222269 2.43063317
6.68337304 2.43076442
6.68450473 2.43089146
6.68561806 2.43101440
6.68671336 2.43113340
6.68779096 2.43124858
6.68885114 2.43136008
6.68989423 2.43146800
6.69092051 2.43157248
6.69193028 2.43167362
6.69292381 2.43177154
6.69390140 2.43186634
6.69486332 2.43195813
6.69580982 2.43204700
6.69674119 2.43213305
6.69765768 2.43221638
6.69855953 2.43229706
6.69944701 2.43237520
6.70032035 2.43245086
6.70117980 2.43252414
6.70202559 2.43259511
6.70285795 2.43266384
6.70367711 2.43273041
6.70448329 2.43279489
6.70527671 2.43285735
6.70605758 2.43291784
6.70682612 2.43297644
6.70758253 2.43303320
6.70832701 2.43308819
6.70905976 2.43314146
6.70978098 2.43319307
6.71049085 2.43324306
6.71118958 2.43329150
6.71187734 2.43333843
6.71255431 2.43338390
6.71322067 2.43342796
6.71387660 2.43347065
6.71452226 2.43351201
6.71515784 2.43355209
6.71578348 2.43359093
6.71639937 2.43362856
6.71700564 2.43366503
6.71760248 2.43370038
6.71819001 2.43373463
6.71876841 2.43376782
6.71933781 2.43379999
6.71989837 2.43383117
6.72045022 2.43386139
6.72099351 2.43389068
6.72152838 2.43391906
6.72205497 2.43394658
6.72257340 2.43397325
6.72308380 2.43399910
6.72358632 2.43402415
6.72408107 2.43404844
6.72456818 2.43407199
6.72504778 2.43409481
6.72551997 2.43411694
6.72598489 2.43413838
6.72644265 2.43415918
6.72689336 2.43417933
6.72733714 2.43419888
6.72777409 2.43421782
6.72820432 2.43423619
6.72862795 2.43425400
6.72904507 2.43427126
6.72945580 2.43428800
6.72986022 2.43430424
6.73025845 2.43431997
6.73065058 2.43433523
6.73103670 2.43435003
6.73141691 2.43436437
6.73179131 2.43437828
6.73215998 2.43439177
6.73252302 2.43440485
6.73288052 2.43441753
6.73323256 2.43442983
6.73357922 2.43444176
6.73392060 2.43445332
6.73425677 2.43446454
6.73458782 2.43447541
6.73491383 2.43448596
6.73523488 2.43449619
6.73555103 2.43450611
6.73586238 2.43451573
6.73616900 2.43452506
6.73647095 2.43453411
6.73676832 2.43454288
6.73706116 2.43455139
6.73734957 2.43455965
6.73763359 2.43456765
6.73791331 2.43457542
6.73818878 2.43458295
6.73846008 2.43459025
6.73872727 2.43459734
6.73899041 2.43460421
6.73924956 2.43461088
6.73950479 2.43461734
6.73975616 2.43462361
6.74000373 2.43462969
6.74024755 2.43463559
6.74048769 2.43464132
6.74072419 2.43464687
6.74095713 2.43465225
6.74118654 2.43465748
6.74141249 2.43466254
6.74163503 2.43466746
6.74185422 2.43467223
6.74207009 2.43467685
6.74228271 2.43468134
6.74249212 2.43468569
6.74269838 2.43468991
6.74290153 2.43469401
6.74310162 2.43469798
6.74329870 2.43470184
6.74349280 2.43470558
6.74368399 2.43470920
6.74387230 2.43471272
6.74405777 2.43471614
6.74424046 2.43471945
6.74442040 2.43472266
6.74459763 2.43472578
6.74477220 2.43472880
6.74494415 2.43473174
6.74511351 2.43473459
6.74528033 2.43473735
6.74544465 2.43474003
6.74560649 2.43474263
6.74576591 2.43474515
6.74592294 2.43474760
6.74607761 2.43474997
6.74622996 2.43475227
6.74638002 2.43475451
6.74652784 2.43475668
6.74667343 2.43475878
6.74681685 2.43476082
6.74695812 2.43476280
6.74709727 2.43476473
6.74723433 2.43476659
6.74736935 2.43476840
6.74750234 2.43477016
6.74763334 2.43477186
6.74776238 2.43477351
6.74788949 2.43477511
6.74801469 2.43477667
6.74813802 2.43477818
6.74825951 2.43477965
6.74837918 2.43478107
6.74849706 2.43478245
6.74861318 2.43478378
6.74872757 2.43478508
6.74884024 2.43478634
6.74895123 2.43478757
6.74906056 2.43478875
6.74916826 2.43478990
6.74927434 2.43479102
6.74937885 2.43479210
6.74948179 2.43479316
6.74958320 2.43479418
6.74968309 2.43479517
6.74978149 2.43479613
6.74987842 2.43479706
6.74997391 2.43479797
6.75006797 2.43479884
6.75016063 2.43479970
6.75025190 2.43480052
6.75034182 2.43480133
6.75043039 2.43480210
6.75051764 2.43480286
6.75060359 2.43480359
6.75068826 2.43480430
6.75077167 2.43480499
6.75085384 2.43480566
6.75093478 2.43480632
6.75101451 2.43480695
6.75109306 2.43480756
6.75117043 2.43480815
6.75124665 2.43480873
6.75132174 2.43480929
6.75139571 2.43480983
6.75146858 2.43481036
6.75154036 2.43481087
6.75161107 2.43481137
6.75168073 2.43481185
6.75174936 2.43481232
6.75181696 2.43481277
6.75188355 2.43481321
6.75194916 2.43481364
6.75201379 2.43481405
6.75207745 2.43481445
6.75214017 2.43481484
6.75220196 2.43481522
6.75226282 2.43481559
6.75232279 2.43481595
6.75238186 2.43481629
6.75244005 2.43481663
6.75249737 2.43481696
6.75255385 2.43481727
6.75260948 2.43481758
6.75266429 2.43481788
6.75271828 2.43481817
6.75277147 2.43481845
6.75282387 2.43481872
6.75287548 2.43481899
6.75292634 2.43481924
6.75297643 2.43481949
6.75302579 2.43481973
6.75307440 2.43481997
6.75312230 2.43482020
6.75316949 2.43482042
6.75321597 2.43482063
6.75326176 2.43482084
6.75330688 2.43482104
6.75335132 2.43482124
6.75339510 2.43482143
6.75343823 2.43482161
6.75348072 2.43482179
6.75352259 2.43482196
6.75356382 2.43482213
6.75360445 2.43482230
6.75364447 2.43482246
6.75368390 2.43482261
6.75372275 2.43482276
6.75376102 2.43482291
6.75379871 2.43482305
6.75383585 2.43482318
6.75387244 2.43482332
6.75390849 2.43482345
6.75394400 2.43482357
6.75397898 2.43482369
6.75401345 2.43482381
6.75404740 2.43482392
6.75408085 2.43482404
6.75411380 2.43482414
6.75414626 2.43482425
6.75417825 2.43482435
6.75420975 2.43482445
6.75424079 2.43482454
6.75427137 2.43482464
6.75430150 2.43482473
6.75433118 2.43482481
6.75436042 2.43482490
6.75438922 2.43482498
6.75441760 2.43482506
6.75444556 2.43482514
6.75447310 2.43482521
6.75450023 2.43482529
6.75452696 2.43482536
6.75455330 2.43482543
6.75457924 2.43482549
6.75460480 2.43482556
6.75462998 2.43482562
6.75465479 2.43482568
6.75467923 2.43482574
6.75470331 2.43482580
6.75472703 2.43482586
6.75475040 2.43482591
6.75477342 2.43482596
6.75479610 2.43482601
6.75481845 2.43482606
6.75484046 2.43482611
6.75486215 2.43482616
6.75488351 2.43482620
6.75490456 2.43482625
6.75492530 2.43482629
6.75494573 2.43482633
6.75496586 2.43482637
6.75498568 2.43482641
6.75500522 2.43482645
6.75502446 2.43482648
6.75504342 2.43482652
6.75506210 2.43482656
6.75508051 2.43482659
6.75509864 2.43482662
6.75511650 2.43482665
6.75513409 2.43482668
6.75515143 2.43482671
6.75516851 2.43482674
6.75518533 2.43482677
6.75520191 2.43482680
6.75521824 2.43482682
6.75523433 2.43482685
6.75525018 2.43482688
6.75526580 2.43482690
6.75528118 2.43482692
6.75529634 2.43482695
6.75531127 2.43482697
6.75532598 2.43482699
6.75534047 2.43482701
6.75535475 2.43482703
6.75536882 2.43482705
6.75538268 2.43482707
6.75539633 2.43482709
6.75540978 2.43482711
6.75542303 2.43482712
6.75543609 2.43482714
6.75544895 2.43482716
6.75546162 2.43482717
6.75547411 2.43482719
6.75548641 2.43482720
6.75549852 2.43482722
6.75551046 2.43482723
6.75552222 2.43482725
6.75553381 2.43482726
6.75554522 2.43482727
6.75555647 2.43482728
6.75556755 2.43482730
6.75557846 2.43482731
6.75558922 2.43482732
6.75559981 2.43482733
6.75561025 2.43482734
6.75562053 2.43482735
6.75563066 2.43482736
