5.34295992 1.00588877
5.34089120 1.00631300
5.33885848 1.00672261
5.33686112 1.00711808
5.33489851 1.00749991
5.33297006 1.00786857
5.33107516 1.00822451
5.32921324 1.00856817
5.32738371 1.00889997
5.32558601 1.00922033
5.32381959 1.00952965
5.32208389 1.00982829
5.32037838 1.01011664
5.31870253 1.01039504
5.31705582 1.01066385
5.31543773 1.01092340
5.31384776 1.01117400
5.31228541 1.01141598
5.31075020 1.01164962
5.30924165 1.01187521
5.30775929 1.01209305
5.30630266 1.01230338
5.30487129 1.01250649
5.30346475 1.01270261
5.30208260 1.01289199
5.30072440 1.01307486
5.29938973 1.01325145
5.29807817 1.01342198
5.29678932 1.01358666
5.29552277 1.01374568
5.29427814 1.01389926
5.29305502 1.01404756
5.29185305 1.01419079
5.29067184 1.01432911
5.28951103 1.01446270
5.28837026 1.01459171
5.28724917 1.01471631
5.28614742 1.01483665
5.28506467 1.01495287
5.28400057 1.01506513
5.28295480 1.01517355
5.28192704 1.01527827
5.28091697 1.01537942
5.27992427 1.01547711
5.27894864 1.01557148
5.27798978 1.01566263
5.27704739 1.01575068
5.27612118 1.01583573
5.27521087 1.01591789
5.27431617 1.01599725
5.27343682 1.01607391
5.27257254 1.01614797
5.27172307 1.01621951
5.27088815 1.01628862
5.27006751 1.01635539
5.26926092 1.01641989
5.26846813 1.01648221
5.26768888 1.01654241
5.26692295 1.01660058
5.26617011 1.01665677
5.26543011 1.01671106
5.26470275 1.01676352
5.26398779 1.01681420
5.26328502 1.01686317
5.26259424 1.01691048
5.26191521 1.01695619
5.26124776 1.01700036
5.26059166 1.01704304
5.25994673 1.01708428
5.25931276 1.01712413
5.25868958 1.01716264
5.25807698 1.01719985
5.25747479 1.01723580
5.25688283 1.01727055
5.25630092 1.01730412
5.25572888 1.01733657
5.25516654 1.01736792
5.25461374 1.01739822
5.25407030 1.01742750
5.25353607 1.01745580
5.25301089 1.01748315
5.25249460 1.01750958
5.25198705 1.01753512
5.25148809 1.01755981
5.25099756 1.01758367
5.25051532 1.01760673
5.25004124 1.01762901
5.24957516 1.01765055
5.24911696 1.01767137
5.24866649 1.01769149
5.24822362 1.01771094
5.24778822 1.01772973
5.24736017 1.01774790
5.24693934 1.01776546
5.24652559 1.01778244
5.24611882 1.01779885
5.24571890 1.01781470
5.24532572 1.01783003
5.24493915 1.01784485
5.24455909 1.01785917
5.24418542 1.01787302
5.24381804 1.01788640
5.24345683 1.01789934
5.24310170 1.01791185
5.24275253 1.01792394
5.24240923 1.01793562
5.24207170 1.01794692
5.24173983 1.01795784
5.24141354 1.01796840
5.24109272 1.01797860
5.24077728 1.01798847
5.24046713 1.01799801
5.24016219 1.01800723
5.23986235 1.01801615
5.23956755 1.01802476
5.23927768 1.01803310
5.23899266 1.01804115
5.23871243 1.01804894
5.23843688 1.01805647
5.23816594 1.01806375
5.23789955 1.01807078
5.23763760 1.01807759
5.23738004 1.01808417
5.23712679 1.01809053
5.23687778 1.01809668
5.23663292 1.01810262
5.23639216 1.01810837
5.23615542 1.01811393
5.23592264 1.01811930
5.23569375 1.01812450
5.23546868 1.01812952
5.23524737 1.01813438
5.23502975 1.01813907
5.23481576 1.01814361
5.23460535 1.01814800
5.23439845 1.01815225
5.23419500 1.01815635
5.23399494 1.01816032
5.23379822 1.01816416
5.23360477 1.01816787
5.23341456 1.01817146
5.23322751 1.01817493
5.23304358 1.01817828
5.23286272 1.01818153
5.23268487 1.01818466
5.23250998 1.01818770
5.23233800 1.01819063
5.23216889 1.01819347
5.23200259 1.01819621
5.23183906 1.01819886
5.23167826 1.01820142
5.23152013 1.01820390
5.23136463 1.01820630
5.23121172 1.01820862
5.23106135 1.01821086
5.23091348 1.01821303
5.23076807 1.01821513
5.23062508 1.01821716
5.23048447 1.01821912
5.23034619 1.01822101
5.23021022 1.01822285
5.23007650 1.01822462
5.22994500 1.01822633
5.22981569 1.01822799
5.22968853 1.01822960
5.22956348 1.01823115
5.22944051 1.01823265
5.22931958 1.01823410
5.22920066 1.01823550
5.22908371 1.01823686
5.22896871 1.01823817
5.22885561 1.01823944
5.22874439 1.01824066
5.22863502 1.01824185
5.22852746 1.01824300
5.22842168 1.01824411
5.22831767 1.01824518
5.22821537 1.01824622
5.22811478 1.01824722
5.22801585 1.01824819
5.22791856 1.01824913
5.22782289 1.01825004
5.22772880 1.01825091
5.22763628 1.01825176
5.22754529 1.01825258
5.22745580 1.01825338
5.22736780 1.01825415
5.22728126 1.01825489
5.22719615 1.01825561
5.22711246 1.01825630
5.22703015 1.01825697
5.22694920 1.01825762
5.22686959 1.01825825
5.22679131 1.01825886
5.22671432 1.01825945
5.22663861 1.01826002
5.22656415 1.01826057
5.22649092 1.01826110
5.22641891 1.01826161
5.22634809 1.01826211
5.22627844 1.01826259
5.22620994 1.01826306
5.22614258 1.01826351
5.22607634 1.01826394
5.22601119 1.01826436
5.22594712 1.01826477
5.22588411 1.01826516
5.22582214 1.01826554
5.22576120 1.01826591
5.22570127 1.01826627
5.22564233 1.01826661
5.22558436 1.01826695
5.22552735 1.01826727
5.22547129 1.01826758
5.22541615 1.01826788
5.22536193 1.01826817
5.22530861 1.01826846
5.22525616 1.01826873
5.22520458 1.01826899
5.22515386 1.01826925
5.22510398 1.01826949
5.22505492 1.01826973
5.22500667 1.01826996
5.22495922 1.01827019
5.22491255 1.01827040
5.22486666 1.01827061
5.22482153 1.01827081
5.22477714 1.01827101
5.22473348 1.01827120
5.22469055 1.01827138
5.22464833 1.01827156
5.22460680 1.01827173
5.22456596 1.01827189
5.22452580 1.01827205
5.22448630 1.01827221
5.22444746 1.01827236
5.22440925 1.01827250
5.22437168 1.01827264
5.22433473 1.01827278
5.22429838 1.01827291
5.22426264 1.01827304
5.22422749 1.01827316
5.22419293 1.01827328
5.22415893 1.01827339
5.22412549 1.01827350
5.22409261 1.01827361
5.22406027 1.01827371
5.22402846 1.01827381
5.22399718 1.01827391
5.22396642 1.01827400
5.22393616 1.01827410
5.22390641 1.01827418
5.22387714 1.01827427
5.22384836 1.01827435
5.22382006 1.01827443
5.22379222 1.01827451
5.22376484 1.01827458
5.22373792 1.01827465
5.22371144 1.01827472
5.22368539 1.01827479
5.22365978 1.01827485
5.22363459 1.01827492
5.22360982 1.01827498
5.22358545 1.01827504
5.22356149 1.01827509
5.22353792 1.01827515
5.22351474 1.01827520
5.22349195 1.01827525
5.22346953 1.01827530
5.22344748 1.01827535
5.22342580 1.01827540
5.22340447 1.01827544
5.22338350 1.01827549
5.22336287 1.01827553
5.22334258 1.01827557
5.22332263 1.01827561
5.22330301 1.01827565
5.22328371 1.01827569
5.22326473 1.01827572
5.22324606 1.01827576
5.22322770 1.01827579
5.22320965 1.01827582
5.22319189 1.01827585
5.22317443 1.01827588
5.22315725 1.01827591
5.22314036 1.01827594
5.22312375 1.01827597
5.22310741 1.01827599
5.22309134 1.01827602
5.22307553 1.01827604
5.22305999 1.01827607
5.22304470 1.01827609
5.22302967 1.01827611
5.22301488 1.01827614
5.22300034 1.01827616
5.22298604 1.01827618
5.22297197 1.01827620
5.22295814 1.01827622
5.22294453 1.01827623
5.22293115 1.01827625
5.22291799 1.01827627
5.22290505 1.01827629
5.22289232 1.01827630
5.22287980 1.01827632
5.22286748 1.01827633
5.22285538 1.01827635
5.22284347 1.01827636
5.22283175 1.01827637
5.22282023 1.01827639
5.22280890 1.01827640
5.22279776 1.01827641
5.22278680 1.01827642
5.22277602 1.01827644
5.22276542 1.01827645
5.22275500 1.01827646
5.22274474 1.01827647
5.22273466 1.01827648
