1.84795161 0.71975171
1.83618822 0.73377201
1.82411483 0.74853949
1.81172579 0.76408751
1.79901569 0.78044986
1.78597936 0.79766061
1.77261201 0.81575389
1.75890920 0.83476365
1.74486698 0.85472341
1.73048187 0.87566589
1.71575103 0.89762272
1.70067225 0.92062397
1.68524410 0.94469775
1.66946595 0.96986971
1.65333814 0.99616248
1.63686201 1.02359512
1.62004001 1.05218248
1.60287583 1.08193453
1.58537447 1.11285573
1.56754232 1.14494431
1.54938732 1.17819154
1.53091898 1.21258112
1.51214851 1.24808846
1.49308886 1.28468013
1.47375480 1.32231333
1.45416295 1.36093544
1.43433183 1.40048379
1.41428181 1.44088545
1.39403515 1.48205734
1.37361593 1.52390638
1.35304994 1.56633005
1.33236462 1.60921698
1.31158890 1.65244788
1.29075304 1.69589671
1.26988841 1.73943199
1.24902730 1.78291832
1.22820265 1.82621813
1.20744776 1.86919340
1.18679608 1.91170758
1.16628081 1.95362743
1.14593471 1.99482487
1.12578973 2.03517867
1.10587678 2.07457606
1.08622545 2.11291409
1.06686374 2.15010073
1.04781791 2.18605581
1.02911222 2.22071156
1.01076885 2.25401295
0.99280774 2.28591774
0.97524654 2.31639624
0.95810054 2.34543088
0.94138271 2.37301557
0.92510369 2.39915489
0.90927184 2.42386313
0.89389335 2.44716332
0.87897231 2.46908611
0.86451084 2.48966869
0.85050923 2.50895375
0.83696607 2.52698837
0.82387838 2.54382308
0.81124180 2.55951094
0.79905070 2.57410667
0.78729835 2.58766593
0.77597704 2.60024462
0.76507824 2.61189836
0.75459272 2.62268195
0.74451065 2.63264899
0.73482175 2.64185154
0.72551535 2.65033987
0.71658050 2.65816226
0.70800609 2.66536484
0.69978085 2.67199152
0.69189350 2.67808393
0.68433274 2.68368136
0.67708733 2.68882085
0.67014616 2.69353716
0.66349825 2.69786283
0.65713278 2.70182830
0.65103917 2.70546191
0.64520702 2.70879006
0.63962621 2.71183726
0.63428687 2.71462626
0.62917940 2.71717809
0.62429446 2.71951223
0.61962302 2.72164666
0.61515633 2.72359798
0.61088591 2.72538148
0.60680359 2.72701124
0.60290147 2.72850023
0.59917195 2.72986035
0.59560769 2.73110256
0.59220165 2.73223689
0.58894702 2.73327258
0.58583730 2.73421807
0.58286619 2.73508112
0.58002770 2.73586882
0.57731604 2.73658769
0.57472566 2.73724368
0.57225125 2.73784224
0.56988771 2.73838834
0.56763017 2.73888656
0.56547394 2.73934106
0.56341453 2.73975564
0.56144767 2.74013380
0.55956924 2.74047871
0.55777531 2.74079329
0.55606212 2.74108018
0.55442607 2.74134182
0.55286372 2.74158042
0.55137178 2.74179799
0.54994709 2.74199639
0.54858664 2.74217729
0.54728757 2.74234225
0.54604711 2.74249265
0.54486263 2.74262978
0.54373163 2.74275481
0.54265170 2.74286880
0.54162054 2.74297273
0.54063596 2.74306748
0.53969586 2.74315386
0.53879824 2.74323261
0.53794119 2.74330440
0.53712289 2.74336985
0.53634157 2.74342952
0.53559558 2.74348391
0.53488333 2.74353349
0.53420328 2.74357870
0.53355399 2.74361990
0.53293407 2.74365746
0.53234220 2.74369170
0.53177710 2.74372291
0.53123756 2.74375136
0.53072244 2.74377730
0.53023063 2.74380094
0.52976107 2.74382249
0.52931276 2.74384213
0.52888475 2.74386004
0.52847610 2.74387636
0.52808595 2.74389123
0.52771346 2.74390479
0.52735784 2.74391716
0.52701831 2.74392842
0.52669415 2.74393869
0.52638466 2.74394805
0.52608919 2.74395659
0.52580709 2.74396436
0.52553777 2.74397145
0.52528064 2.74397792
0.52503516 2.74398381
0.52480078 2.74398917
0.52457703 2.74399407
0.52436340 2.74399853
0.52415944 2.74400259
0.52396473 2.74400630
0.52377883 2.74400968
0.52360134 2.74401276
0.52343190 2.74401556
0.52327013 2.74401812
0.52311568 2.74402045
0.52296823 2.74402258
0.52282746 2.74402451
0.52269306 2.74402628
0.52256475 2.74402789
0.52244225 2.74402935
0.52232530 2.74403069
0.52221365 2.74403191
0.52210705 2.74403302
0.52200528 2.74403403
0.52190812 2.74403495
0.52181536 2.74403579
0.52172680 2.74403656
0.52164225 2.74403726
0.52156154 2.74403790
0.52148448 2.74403848
0.52141090 2.74403901
0.52134066 2.74403949
0.52127361 2.74403993
0.52120959 2.74404033
0.52114847 2.74404069
0.52109011 2.74404103
0.52103440 2.74404133
0.52098122 2.74404161
0.52093044 2.74404186
0.52088197 2.74404209
0.52083569 2.74404230
0.52079150 2.74404249
0.52074932 2.74404266
0.52070905 2.74404282
0.52067060 2.74404296
0.52063389 2.74404310
0.52059885 2.74404322
0.52056539 2.74404333
0.52053345 2.74404343
0.52050296 2.74404352
0.52047384 2.74404360
0.52044605 2.74404367
0.52041951 2.74404374
0.52039418 2.74404381
0.52036999 2.74404386
0.52034690 2.74404392
0.52032486 2.74404396
0.52030381 2.74404401
0.52028372 2.74404405
0.52026454 2.74404408
0.52024623 2.74404411
0.52022874 2.74404414
0.52021205 2.74404417
0.52019612 2.74404420
0.52018090 2.74404422
0.52016638 2.74404424
0.52015251 2.74404426
0.52013927 2.74404428
0.52012663 2.74404429
0.52011457 2.74404431
0.52010305 2.74404432
0.52009205 2.74404433
0.52008155 2.74404434
