8.80491478 2.20051084
8.80591064 2.20060975
8.80690110 2.20070758
8.80788613 2.20080434
8.80886569 2.20090003
8.80983976 2.20099464
8.81080831 2.20108818
8.81177131 2.20118065
8.81272873 2.20127205
8.81368055 2.20136238
8.81462675 2.20145164
8.81556729 2.20153983
8.81650217 2.20162697
8.81743135 2.20171304
8.81835482 2.20179806
8.81927256 2.20188202
8.82018456 2.20196493
8.82109079 2.20204679
8.82199124 2.20212761
8.82288590 2.20220740
8.82377475 2.20228614
8.82465778 2.20236386
8.82553499 2.20244055
8.82640635 2.20251623
8.82727187 2.20259089
8.82813153 2.20266454
8.82898533 2.20273718
8.82983325 2.20280883
8.83067531 2.20287949
8.83151148 2.20294916
8.83234178 2.20301786
8.83316619 2.20308558
8.83398471 2.20315234
8.83479736 2.20321814
8.83560412 2.20328299
8.83640499 2.20334689
8.83719999 2.20340986
8.83798911 2.20347190
8.83877236 2.20353302
8.83954974 2.20359322
8.84032126 2.20365252
8.84108692 2.20371092
8.84184674 2.20376843
8.84260072 2.20382506
8.84334887 2.20388082
8.84409120 2.20393571
8.84482772 2.20398974
8.84555844 2.20404293
8.84628337 2.20409527
8.84700254 2.20414678
8.84771594 2.20419747
8.84842360 2.20424735
8.84912552 2.20429642
8.84982173 2.20434469
8.85051224 2.20439217
8.85119707 2.20443888
8.85187623 2.20448481
8.85254975 2.20452999
8.85321763 2.20457441
8.85387991 2.20461808
8.85453659 2.20466102
8.85518771 2.20470324
8.85583327 2.20474473
8.85647330 2.20478552
8.85710783 2.20482561
8.85773687 2.20486501
8.85836045 2.20490372
8.85897859 2.20494177
8.85959132 2.20497914
8.86019865 2.20501587
8.86080061 2.20505194
8.86139723 2.20508738
8.86198854 2.20512219
8.86257455 2.20515637
8.86315529 2.20518995
8.86373079 2.20522292
8.86430108 2.20525529
8.86486618 2.20528708
8.86542612 2.20531829
8.86598093 2.20534893
8.86653064 2.20537901
8.86707526 2.20540853
8.86761484 2.20543751
8.86814940 2.20546595
8.86867897 2.20549387
8.86920358 2.20552126
8.86972325 2.20554814
8.87023802 2.20557451
8.87074792 2.20560039
8.87125297 2.20562577
8.87175321 2.20565068
8.87224867 2.20567511
8.87273937 2.20569907
8.87322535 2.20572258
8.87370664 2.20574563
8.87418327 2.20576823
8.87465527 2.20579040
8.87512267 2.20581214
8.87558551 2.20583346
8.87604380 2.20585436
8.87649759 2.20587485
8.87694691 2.20589494
8.87739179 2.20591463
8.87783225 2.20593394
8.87826834 2.20595286
8.87870008 2.20597141
8.87912751 2.20598959
8.87955065 2.20600740
8.87996954 2.20602486
8.88038421 2.20604197
8.88079469 2.20605873
8.88120102 2.20607516
8.88160322 2.20609125
8.88200133 2.20610702
8.88239537 2.20612247
8.88278539 2.20613760
8.88317141 2.20615243
8.88355347 2.20616695
8.88393159 2.20618117
8.88430581 2.20619510
8.88467616 2.20620875
8.88504267 2.20622211
8.88540537 2.20623520
8.88576430 2.20624802
8.88611948 2.20626056
8.88647094 2.20627285
8.88681873 2.20628488
8.88716286 2.20629666
8.88750337 2.20630820
8.88784029 2.20631949
8.88817366 2.20633054
8.88850349 2.20634137
8.88882983 2.20635196
8.88915270 2.20636233
8.88947214 2.20637248
8.88978817 2.20638241
8.89010082 2.20639214
8.89041013 2.20640165
8.89071612 2.20641096
8.89101882 2.20642008
8.89131827 2.20642900
8.89161449 2.20643772
8.89190751 2.20644626
8.89219736 2.20645462
8.89248408 2.20646279
8.89276768 2.20647079
8.89304820 2.20647862
8.89332567 2.20648628
8.89360011 2.20649377
8.89387156 2.20650110
8.89414004 2.20650826
8.89440557 2.20651528
8.89466820 2.20652214
8.89492794 2.20652885
8.89518482 2.20653541
8.89543888 2.20654183
8.89569013 2.20654811
8.89593860 2.20655425
8.89618433 2.20656025
8.89642734 2.20656612
8.89666765 2.20657186
8.89690529 2.20657748
8.89714028 2.20658297
8.89737266 2.20658834
8.89760245 2.20659359
8.89782968 2.20659873
8.89805436 2.20660375
8.89827653 2.20660866
8.89849621 2.20661345
8.89871342 2.20661815
8.89892820 2.20662273
8.89914055 2.20662722
8.89935052 2.20663160
8.89955812 2.20663589
8.89976338 2.20664008
8.89996632 2.20664417
8.90016697 2.20664817
8.90036534 2.20665209
8.90056146 2.20665591
8.90075536 2.20665965
8.90094706 2.20666330
8.90113658 2.20666688
8.90132394 2.20667037
8.90150916 2.20667378
8.90169227 2.20667711
8.90187330 2.20668037
8.90205225 2.20668355
8.90222916 2.20668666
8.90240404 2.20668971
8.90257692 2.20669268
8.90274781 2.20669558
8.90291675 2.20669842
8.90308374 2.20670119
8.90324881 2.20670390
8.90341198 2.20670655
8.90357327 2.20670913
8.90373270 2.20671166
8.90389030 2.20671413
8.90404607 2.20671654
8.90420004 2.20671890
8.90435223 2.20672120
8.90450265 2.20672345
8.90465134 2.20672565
8.90479830 2.20672780
8.90494355 2.20672989
8.90508712 2.20673194
8.90522902 2.20673395
8.90536927 2.20673590
8.90550788 2.20673781
8.90564488 2.20673968
8.90578029 2.20674150
8.90591411 2.20674328
8.90604637 2.20674502
8.90617709 2.20674672
8.90630628 2.20674838
8.90643396 2.20675000
8.90656014 2.20675158
8.90668484 2.20675313
8.90680809 2.20675464
8.90692989 2.20675611
8.90705025 2.20675755
8.90716921 2.20675896
8.90728677 2.20676033
8.90740294 2.20676167
8.90751775 2.20676298
8.90763121 2.20676426
8.90774333 2.20676551
8.90785413 2.20676673
8.90796362 2.20676793
8.90807182 2.20676909
8.90817874 2.20677023
8.90828440 2.20677134
8.90838881 2.20677242
8.90849199 2.20677348
8.90859395 2.20677451
8.90869470 2.20677552
8.90879425 2.20677651
8.90889263 2.20677747
8.90898984 2.20677841
8.90908590 2.20677932
8.90918081 2.20678022
8.90927460 2.20678109
8.90936728 2.20678195
8.90945885 2.20678278
8.90954934 2.20678360
8.90963875 2.20678439
8.90972709 2.20678517
8.90981439 2.20678592
8.90990064 2.20678666
8.90998587 2.20678739
8.91007008 2.20678809
8.91015328 2.20678878
8.91023550 2.20678945
8.91031673 2.20679011
8.91039699 2.20679075
8.91047629 2.20679137
8.91055465 2.20679198
8.91063206 2.20679258
8.91070856 2.20679316
8.91078413 2.20679373
8.91085880 2.20679428
8.91093258 2.20679482
8.91100547 2.20679535
8.91107749 2.20679587
8.91114865 2.20679637
8.91121896 2.20679686
8.91128842 2.20679734
8.91135704 2.20679781
8.91142484 2.20679827
8.91149183 2.20679871
8.91155802 2.20679915
8.91162340 2.20679957
8.91168801 2.20679999
8.91175183 2.20680039
8.91181489 2.20680079
8.91187719 2.20680117
8.91193874 2.20680155
8.91199954 2.20680192
8.91205962 2.20680228
8.91211897 2.20680263
8.91217761 2.20680297
8.91223554 2.20680330
8.91229277 2.20680363
8.91234931 2.20680394
8.91240517 2.20680425
8.91246035 2.20680456
8.91251487 2.20680485
8.91256873 2.20680514
8.91262194 2.20680542
8.91267450 2.20680570
8.91272643 2.20680597
8.91277774 2.20680623
8.91282842 2.20680648
8.91287849 2.20680673
8.91292796 2.20680697
8.91297682 2.20680721
8.91302509 2.20680744
8.91307278 2.20680767
8.91311990 2.20680789
8.91316644 2.20680811
8.91321242 2.20680832
8.91325784 2.20680852
8.91330271 2.20680872
8.91334703 2.20680892
8.91339082 2.20680911
8.91343408 2.20680929
8.91347681 2.20680947
8.91351903 2.20680965
8.91356073 2.20680982
8.91360192 2.20680999
8.91364262 2.20681016
8.91368282 2.20681032
8.91372253 2.20681047
8.91376176 2.20681063
8.91380052 2.20681078
8.91383880 2.20681092
8.91387662 2.20681106
8.91391398 2.20681120
8.91395088 2.20681134
8.91398733 2.20681147
8.91402335 2.20681160
8.91405892 2.20681173
8.91409406 2.20681185
8.91412877 2.20681197
8.91416306 2.20681208
8.91419693 2.20681220
8.91423039 2.20681231
8.91426344 2.20681242
8.91429609 2.20681252
8.91432835 2.20681263
8.91436021 2.20681273
8.91439168 2.20681283
8.91442276 2.20681292
8.91445347 2.20681302
8.91448380 2.20681311
8.91451377 2.20681320
8.91454337 2.20681329
8.91457260 2.20681337
8.91460148 2.20681345
8.91463001 2.20681353
8.91465819 2.20681361
8.91468603 2.20681369
8.91471352 2.20681376
8.91474068 2.20681384
8.91476751 2.20681391
8.91479401 2.20681398
8.91482019 2.20681405
8.91484605 2.20681411
8.91487159 2.20681418
8.91489682 2.20681424
8.91492174 2.20681430
8.91494636 2.20681436
8.91497068 2.20681442
8.91499469 2.20681448
8.91501842 2.20681454
8.91504186 2.20681459
8.91506500 2.20681464
8.91508787 2.20681470
8.91511045 2.20681475
8.91513276 2.20681480
8.91515480 2.20681484
8.91517657 2.20681489
8.91519807 2.20681494
8.91521931 2.20681498
8.91524028 2.20681503
8.91526100 2.20681507
8.91528147 2.20681511
8.91530169 2.20681515
8.91532166 2.20681519
8.91534138 2.20681523
8.91536086 2.20681527
8.91538011 2.20681530
8.91539911 2.20681534
8.91541789 2.20681537
8.91543644 2.20681541
8.91545475 2.20681544
8.91547285 2.20681547
8.91549072 2.20681551
8.91550837 2.20681554
8.91552581 2.20681557
8.91554303 2.20681560
8.91556004 2.20681563
8.91557685 2.20681565
8.91559345 2.20681568
8.91560984 2.20681571
8.91562603 2.20681573
8.91564203 2.20681576
8.91565782 2.20681578
8.91567343 2.20681581
8.91568884 2.20681583
8.91570406 2.20681586
8.91571910 2.20681588
8.91573395 2.20681590
8.91574862 2.20681592
8.91576311 2.20681594
8.91577743 2.20681596
8.91579156 2.20681598
8.91580553 2.20681600
8.91581932 2.20681602
8.91583294 2.20681604
8.91584639 2.20681606
8.91585968 2.20681607
8.91587281 2.20681609
8.91588578 2.20681611
8.91589858 2.20681612
8.91591123 2.20681614
8.91592373 2.20681616
8.91593607 2.20681617
8.91594826 2.20681619
8.91596029 2.20681620
8.91597219 2.20681621
8.91598393 2.20681623
8.91599553 2.20681624
8.91600699 2.20681625
8.91601831 2.20681627
8.91602949 2.20681628
8.91604053 2.20681629
8.91605143 2.20681630
8.91606220 2.20681632
8.91607284 2.20681633
8.91608335 2.20681634
8.91609373 2.20681635
8.91610398 2.20681636
8.91611411 2.20681637
