9.42750979 0.90381023
9.43284599 0.90664379
9.43812972 0.90942157
9.44336025 0.91214338
9.44853691 0.91480910
9.45365907 0.91741871
9.45872619 0.91997225
9.46373774 0.92246982
9.46869328 0.92491162
9.47359239 0.92729788
9.47843472 0.92962891
9.48321996 0.93190508
9.48794786 0.93412681
9.49261819 0.93629456
9.49723080 0.93840887
9.50178555 0.94047028
9.50628237 0.94247941
9.51072121 0.94443690
9.51510207 0.94634343
9.51942499 0.94819970
9.52369003 0.95000647
9.52789730 0.95176448
9.53204694 0.95347453
9.53613913 0.95513744
9.54017406 0.95675402
9.54415197 0.95832512
9.54807311 0.95985160
9.55193777 0.96133432
9.55574626 0.96277416
9.55949891 0.96417200
9.56319608 0.96552873
9.56683813 0.96684524
9.57042548 0.96812242
9.57395853 0.96936116
9.57743772 0.97056235
9.58086348 0.97172688
9.58423630 0.97285563
9.58755663 0.97394947
9.59082497 0.97500927
9.59404183 0.97603589
9.59720771 0.97703019
9.60032314 0.97799301
9.60338864 0.97892518
9.60640476 0.97982752
9.60937204 0.98070083
9.61229103 0.98154593
9.61516230 0.98236358
9.61798640 0.98315456
9.62076391 0.98391963
9.62349539 0.98465952
9.62618142 0.98537497
9.62882257 0.98606670
9.63141943 0.98673539
9.63397256 0.98738174
9.63648256 0.98800641
9.63895000 0.98861006
9.64137546 0.98919332
9.64375951 0.98975683
9.64610275 0.99030119
9.64840573 0.99082700
9.65066904 0.99133483
9.65289325 0.99182526
9.65507892 0.99229883
9.65722663 0.99275608
9.65933693 0.99319753
9.66141038 0.99362369
9.66344755 0.99403505
9.66544897 0.99443210
9.66741520 0.99481530
9.66934678 0.99518511
9.67124425 0.99554197
9.67310815 0.99588630
9.67493899 0.99621852
9.67673730 0.99653904
9.67850361 0.99684824
9.68023842 0.99714651
9.68194225 0.99743422
9.68361559 0.99771171
9.68525894 0.99797935
9.68687279 0.99823746
9.68845762 0.99848637
9.69001393 0.99872640
9.69154217 0.99895784
9.69304281 0.99918100
9.69451633 0.99939616
9.69596316 0.99960359
9.69738378 0.99980358
9.69877860 0.99999636
9.70014808 1.00018221
9.70149265 1.00036135
9.70281273 1.00053402
9.70410874 1.00070045
9.70538110 1.00086086
9.70663021 1.00101546
9.70785648 1.00116446
9.70906030 1.00130805
9.71024207 1.00144643
9.71140216 1.00157977
9.71254096 1.00170827
9.71365883 1.00183209
9.71475616 1.00195139
9.71583329 1.00206634
9.71689059 1.00217710
9.71792840 1.00228381
9.71894707 1.00238663
9.71994695 1.00248568
9.72092835 1.00258110
9.72189163 1.00267304
9.72283709 1.00276160
9.72376505 1.00284691
9.72467584 1.00292910
9.72556975 1.00300826
9.72644709 1.00308452
9.72730816 1.00315798
9.72815325 1.00322873
9.72898265 1.00329689
9.72979664 1.00336253
9.73059551 1.00342575
9.73137952 1.00348665
9.73214895 1.00354530
9.73290405 1.00360179
9.73364510 1.00365619
9.73437234 1.00370859
9.73508603 1.00375905
9.73578642 1.00380764
9.73647374 1.00385445
9.73714824 1.00389952
9.73781015 1.00394292
9.73845970 1.00398472
9.73909712 1.00402497
9.73972263 1.00406373
9.74033645 1.00410105
9.74093879 1.00413700
9.74152987 1.00417161
9.74210989 1.00420493
9.74267905 1.00423703
9.74323757 1.00426793
9.74378562 1.00429768
9.74432341 1.00432633
9.74485112 1.00435392
9.74536894 1.00438048
9.74587706 1.00440606
9.74637565 1.00443069
9.74686489 1.00445440
9.74734496 1.00447723
9.74781601 1.00449921
9.74827823 1.00452037
9.74873177 1.00454075
9.74917680 1.00456037
9.74961347 1.00457926
9.75004193 1.00459744
9.75046235 1.00461495
9.75087487 1.00463181
9.75127964 1.00464804
9.75167680 1.00466366
9.75206649 1.00467871
9.75244885 1.00469319
9.75282403 1.00470713
9.75319215 1.00472056
9.75355334 1.00473348
9.75390774 1.00474592
9.75425547 1.00475790
9.75459665 1.00476943
9.75493141 1.00478053
9.75525987 1.00479122
9.75558215 1.00480151
9.75589835 1.00481141
9.75620861 1.00482095
9.75651301 1.00483013
9.75681169 1.00483896
9.75710473 1.00484747
9.75739226 1.00485566
9.75767436 1.00486354
9.75795115 1.00487113
9.75822273 1.00487844
9.75848918 1.00488547
9.75875061 1.00489224
9.75900711 1.00489876
9.75925877 1.00490503
9.75950569 1.00491107
9.75974795 1.00491688
9.75998564 1.00492248
9.76021885 1.00492787
9.76044766 1.00493305
9.76067215 1.00493804
9.76089240 1.00494285
9.76110850 1.00494748
9.76132052 1.00495193
9.76152854 1.00495621
9.76173263 1.00496034
9.76193288 1.00496431
9.76212934 1.00496814
9.76232209 1.00497182
9.76251120 1.00497536
9.76269674 1.00497877
9.76287878 1.00498205
9.76305738 1.00498521
9.76323261 1.00498825
9.76340452 1.00499118
9.76357320 1.00499400
9.76373868 1.00499671
9.76390104 1.00499932
9.76406033 1.00500184
9.76421661 1.00500425
9.76436994 1.00500658
9.76452038 1.00500883
9.76466797 1.00501098
9.76481277 1.00501306
9.76495483 1.00501506
9.76509422 1.00501698
9.76523096 1.00501884
9.76536512 1.00502062
9.76549675 1.00502233
9.76562589 1.00502399
9.76575259 1.00502558
9.76587689 1.00502711
9.76599884 1.00502858
9.76611849 1.00503000
9.76623587 1.00503136
9.76635104 1.00503268
9.76646403 1.00503394
9.76657488 1.00503516
9.76668364 1.00503633
9.76679034 1.00503746
9.76689502 1.00503854
9.76699772 1.00503959
9.76709848 1.00504059
9.76719734 1.00504156
9.76729432 1.00504249
9.76738947 1.00504339
9.76748283 1.00504425
9.76757441 1.00504508
9.76766427 1.00504588
9.76775242 1.00504665
9.76783891 1.00504740
9.76792376 1.00504811
9.76800700 1.00504879
9.76808867 1.00504946
9.76816880 1.00505009
9.76824741 1.00505070
9.76832453 1.00505129
9.76840019 1.00505186
9.76847443 1.00505241
9.76854725 1.00505293
9.76861870 1.00505344
9.76868880 1.00505392
9.76875757 1.00505439
9.76882504 1.00505484
9.76889124 1.00505528
9.76895618 1.00505569
9.76901989 1.00505610
9.76908240 1.00505648
9.76914372 1.00505686
9.76920388 1.00505721
9.76926291 1.00505756
9.76932082 1.00505789
9.76937763 1.00505821
9.76943336 1.00505852
9.76948805 1.00505882
9.76954169 1.00505910
9.76959432 1.00505938
9.76964596 1.00505964
9.76969662 1.00505989
9.76974632 1.00506014
9.76979508 1.00506037
9.76984291 1.00506060
9.76988984 1.00506082
9.76993588 1.00506103
9.76998105 1.00506123
9.77002537 1.00506142
9.77006885 1.00506161
9.77011150 1.00506179
9.77015335 1.00506197
9.77019440 1.00506213
9.77023468 1.00506229
9.77027419 1.00506245
9.77031296 1.00506260
9.77035099 1.00506274
9.77038830 1.00506288
9.77042491 1.00506301
9.77046082 1.00506314
9.77049606 1.00506326
9.77053062 1.00506338
9.77056453 1.00506349
9.77059780 1.00506360
9.77063044 1.00506371
9.77066247 1.00506381
9.77069388 1.00506391
9.77072470 1.00506400
9.77075494 1.00506409
9.77078460 1.00506418
9.77081371 1.00506426
9.77084226 1.00506434
9.77087027 1.00506442
9.77089775 1.00506450
9.77092471 1.00506457
9.77095116 1.00506464
9.77097711 1.00506471
9.77100257 1.00506477
9.77102755 1.00506483
9.77105205 1.00506489
9.77107609 1.00506495
9.77109967 1.00506500
9.77112281 1.00506506
9.77114551 1.00506511
9.77116778 1.00506516
9.77118963 1.00506520
9.77121106 1.00506525
9.77123209 1.00506529
9.77125272 1.00506534
9.77127296 1.00506538
9.77129282 1.00506541
9.77131230 1.00506545
9.77133141 1.00506549
9.77135016 1.00506552
9.77136855 1.00506556
9.77138660 1.00506559
9.77140430 1.00506562
9.77142167 1.00506565
9.77143871 1.00506568
9.77145543 1.00506571
9.77147183 1.00506573
9.77148792 1.00506576
9.77150371 1.00506578
9.77151919 1.00506581
9.77153439 1.00506583
9.77154929 1.00506585
9.77156392 1.00506587
9.77157826 1.00506589
9.77159234 1.00506591
9.77160614 1.00506593
9.77161969 1.00506595
9.77163298 1.00506597
9.77164602 1.00506598
9.77165881 1.00506600
9.77167136 1.00506602
9.77168367 1.00506603
9.77169575 1.00506605
9.77170760 1.00506606
9.77171923 1.00506607
9.77173063 1.00506609
9.77174182 1.00506610
9.77175280 1.00506611
9.77176357 1.00506612
9.77177413 1.00506613
9.77178450 1.00506614
9.77179467 1.00506615
