9.09240810 1.50242964
9.08428694 1.50904973
9.07610446 1.51577100
9.06785815 1.52259839
9.05954545 1.52953701
9.05116378 1.53659211
9.04271052 1.54376910
9.03418304 1.55107355
9.02557864 1.55851122
9.01689465 1.56608800
9.00812833 1.57380998
8.99927695 1.58168340
8.99033775 1.58971467
8.98130796 1.59791039
8.97218481 1.60627730
8.96296552 1.61482230
8.95364731 1.62355245
8.94422741 1.63247497
8.93470307 1.64159718
8.92507157 1.65092656
8.91533020 1.66047067
8.90547632 1.67023718
8.89550733 1.68023380
8.88542070 1.69046831
8.87521396 1.70094850
8.86488475 1.71168211
8.85443081 1.72267685
8.84385001 1.73394033
8.83314034 1.74548000
8.82229998 1.75730310
8.81132725 1.76941661
8.80022070 1.78182721
8.78897909 1.79454113
8.77760143 1.80756417
8.76608698 1.82090153
8.75443533 1.83455778
8.74264637 1.84853674
8.73072034 1.86284137
8.71865786 1.87747368
8.70645995 1.89243461
8.69412806 1.90772393
8.68166413 1.92334011
8.66907054 1.93928023
8.65635022 1.95553983
8.64350661 1.97211283
8.63054373 1.98899142
8.61746617 2.00616598
8.60427912 2.02362495
8.59098836 2.04135484
8.57760033 2.05934010
8.56412204 2.07756313
8.55056117 2.09600425
8.53692599 2.11464176
8.52322538 2.13345190
8.50946881 2.15240901
8.49566632 2.17148555
8.48182846 2.19065230
8.46796630 2.20987848
8.45409134 2.22913196
8.44021548 2.24837945
8.42635098 2.26758680
8.41251036 2.28671923
8.39870636 2.30574159
8.38495188 2.32461873
8.37125986 2.34331574
8.35764327 2.36179830
8.34411498 2.38003295
8.33068769 2.39798744
8.31737390 2.41563094
8.30418578 2.43293435
8.29113515 2.44987052
8.27823336 2.46641444
8.26549129 2.48254345
8.25291925 2.49823733
8.24052695 2.51347842
8.22832348 2.52825170
8.21631722 2.54254480
8.20451587 2.55634797
8.19292641 2.56965409
8.18155507 2.58245857
8.17040737 2.59475924
8.15948806 2.60655625
8.14880118 2.61785194
8.13835006 2.62865064
8.12813731 2.63895856
8.11816489 2.64878356
8.10843410 2.65813502
8.09894562 2.66702362
8.08969954 2.67546120
8.08069540 2.68346055
8.07193224 2.69103527
8.06340859 2.69819958
8.05512256 2.70496821
8.04707184 2.71135624
8.03925376 2.71737896
8.03166530 2.72305177
8.02430316 2.72839008
8.01716375 2.73340921
8.01024328 2.73812429
8.00353772 2.74255022
7.99704289 2.74670160
7.99075445 2.75059266
7.98466796 2.75423723
7.97877884 2.75764872
7.97308249 2.76084007
7.96757421 2.76382375
7.96224929 2.76661173
7.95710299 2.76921549
7.95213057 2.77164598
7.94732729 2.77391367
7.94268846 2.77602853
7.93820940 2.77800001
7.93388548 2.77983712
7.92971213 2.78154835
7.92568484 2.78314176
7.92179916 2.78462496
7.91805073 2.78600514
7.91443525 2.78728904
7.91094852 2.78848306
7.90758642 2.78959317
7.90434492 2.79062500
7.90122008 2.79158385
7.89820805 2.79247466
7.89530509 2.79330209
7.89250753 2.79407048
7.88981183 2.79478390
7.88721452 2.79544617
7.88471223 2.79606084
7.88230170 2.79663124
7.87997974 2.79716046
7.87774327 2.79765142
7.87558930 2.79810681
7.87351493 2.79852915
7.87151735 2.79892079
7.86959383 2.79928391
7.86774175 2.79962055
7.86595854 2.79993262
7.86424173 2.80022187
7.86258894 2.80048994
7.86099786 2.80073836
7.85946625 2.80096856
7.85799195 2.80118184
7.85657288 2.80137944
7.85520702 2.80156250
7.85389243 2.80173207
7.85262722 2.80188914
7.85140959 2.80203461
7.85023778 2.80216934
7.84911010 2.80229411
7.84802492 2.80240965
7.84698067 2.80251664
7.84597583 2.80261570
7.84500894 2.80270742
7.84407859 2.80279234
7.84318342 2.80287096
7.84232212 2.80294374
7.84149341 2.80301111
7.84069610 2.80307348
7.83992899 2.80313121
7.83919097 2.80318465
7.83848093 2.80323410
7.83779784 2.80327988
7.83714067 2.80332225
7.83650845 2.80336146
7.83590026 2.80339775
7.83531517 2.80343133
7.83475232 2.80346241
7.83421087 2.80349116
7.83369002 2.80351778
7.83318899 2.80354240
7.83270702 2.80356519
7.83224340 2.80358628
7.83179744 2.80360579
7.83136846 2.80362384
7.83095582 2.80364054
7.83055891 2.80365599
7.83017712 2.80367029
7.82980989 2.80368352
7.82945666 2.80369576
7.82911690 2.80370708
7.82879010 2.80371756
7.82847577 2.80372725
7.82817343 2.80373622
7.82788263 2.80374451
7.82760293 2.80375219
7.82733390 2.80375929
7.82707515 2.80376585
7.82682628 2.80377193
7.82658691 2.80377755
7.82635669 2.80378275
7.82613525 2.80378756
7.82592228 2.80379201
7.82571745 2.80379612
7.82552044 2.80379993
7.82533096 2.80380345
7.82514872 2.80380671
7.82497345 2.80380972
7.82480488 2.80381251
7.82464275 2.80381509
7.82448682 2.80381747
7.82433685 2.80381968
7.82419262 2.80382172
7.82405390 2.80382361
7.82392049 2.80382535
7.82379218 2.80382697
7.82366878 2.80382846
7.82355010 2.80382984
7.82343596 2.80383112
7.82332618 2.80383230
7.82322061 2.80383340
7.82311907 2.80383441
7.82302142 2.80383534
7.82292751 2.80383621
7.82283719 2.80383701
7.82275032 2.80383775
7.82266678 2.80383843
7.82258644 2.80383907
7.82250917 2.80383965
7.82243486 2.80384019
7.82236339 2.80384069
7.82229466 2.80384116
7.82222856 2.80384159
7.82216499 2.80384198
7.82210386 2.80384235
7.82204506 2.80384269
7.82198851 2.80384300
7.82193413 2.80384329
7.82188183 2.80384356
7.82183154 2.80384381
7.82178317 2.80384404
7.82173665 2.80384425
7.82169191 2.80384445
7.82164889 2.80384463
7.82160751 2.80384480
7.82156772 2.80384495
7.82152945 2.80384509
7.82149264 2.80384523
7.82145725 2.80384535
7.82142321 2.80384546
7.82139047 2.80384557
7.82135899 2.80384567
7.82132872 2.80384576
7.82129960 2.80384584
7.82127160 2.80384592
7.82124467 2.80384599
7.82121877 2.80384605
7.82119386 2.80384611
7.82116991 2.80384617
7.82114688 2.80384622
7.82112472 2.80384627
7.82110342 2.80384631
7.82108293 2.80384636
7.82106323 2.80384639
7.82104428 2.80384643
7.82102605 2.80384646
7.82100853 2.80384649
7.82099168 2.80384652
7.82097547 2.80384655
7.82095988 2.80384657
7.82094489 2.80384659
7.82093047 2.80384661
7.82091661 2.80384663
7.82090327 2.80384665
7.82089045 2.80384666
7.82087812 2.80384668
7.82086626 2.80384669
7.82085486 2.80384671
7.82084389 2.80384672
7.82083334 2.80384673
7.82082320 2.80384674
