0.02827032 0.36666803
0.03771852 0.37567762
0.04734215 0.38502571
0.05714617 0.39472840
0.06713572 0.40480266
0.07731608 0.41526639
0.08769271 0.42613842
0.09827124 0.43743865
0.10905748 0.44918803
0.12005741 0.46140863
0.13127721 0.47412374
0.14272322 0.48735787
0.15440198 0.50113686
0.16632022 0.51548791
0.17848483 0.53043966
0.19090291 0.54602224
0.20358174 0.56226733
0.21652878 0.57920825
0.22975164 0.59687996
0.24325812 0.61531917
0.25705618 0.63456435
0.27115391 0.65465579
0.28555954 0.67563563
0.30028143 0.69754788
0.31532802 0.72043840
0.33070784 0.74435496
0.34642943 0.76934712
0.36250139 0.79546625
0.37893227 0.82276542
0.39573056 0.85129928
0.41290462 0.88112391
0.43046267 0.91229664
0.44841267 0.94487575
0.46676229 0.97892024
0.48551883 1.01448939
0.50468909 1.05164236
0.52427934 1.09043765
0.54429516 1.13093247
0.56474135 1.17318210
0.58562181 1.21723901
0.60693939 1.26315203
0.62869575 1.31096528
0.65089121 1.36071709
0.67352459 1.41243876
0.69659306 1.46615327
0.72009194 1.52187386
0.74401453 1.57960258
0.76835198 1.63932879
0.79309306 1.70102764
0.81822406 1.76465861
0.84372859 1.83016405
0.86958748 1.89746796
0.89577868 1.96647488
0.92227716 2.03706903
0.94905489 2.10911380
0.97608081 2.18245163
1.00332090 2.25690429
1.03073825 2.33227367
1.05829326 2.40834314
1.08594378 2.48487943
1.11364542 2.56163508
1.14135187 2.63835138
1.16901527 2.71476187
1.19658663 2.79059616
1.22401633 2.86558405
1.25125458 2.93945984
1.27825198 3.01196660
1.30496001 3.08286039
1.33133160 3.15191410
1.35732158 3.21892092
1.38288718 3.28369722
1.40798842 3.34608489
1.43258853 3.40595281
1.45665418 3.46319775
1.48015575 3.51774451
1.50306747 3.56954532
1.52536751 3.61857873
1.54703797 3.66484790
1.56806486 3.70837858
1.58843797 3.74921667
1.60815069 3.78742568
1.62719984 3.82308407
1.64558539 3.85628258
1.66331026 3.88712166
1.68037999 3.91570904
1.69680247 3.94215747
1.71258768 3.96658272
1.72774740 3.98910178
1.74229493 4.00983132
1.75624485 4.02888641
1.76961278 4.04637942
1.78241519 4.06241919
1.79466913 4.07711039
1.80639214 4.09055297
1.81760200 4.10284192
1.82831667 4.11406700
1.83855410 4.12431265
1.84833218 4.13365803
1.85766861 4.14217707
1.86658082 4.14993858
1.87508595 4.15700643
1.88320075 4.16343977
1.89094155 4.16929326
1.89832425 4.17461727
1.90536429 4.17945817
1.91207659 4.18385856
1.91847559 4.18785754
1.92457523 4.19149092
1.93038893 4.19479149
1.93592960 4.19778920
1.94120965 4.20051146
1.94624101 4.20298323
1.95103509 4.20522732
1.95560287 4.20726449
1.95995482 4.20911367
1.96410098 4.21079207
1.96805097 4.21231537
1.97181394 4.21369784
1.97539869 4.21495244
1.97881358 4.21609095
1.98206661 4.21712409
1.98516541 4.21806158
1.98811727 4.21891226
1.99092913 4.21968417
1.99360762 4.22038458
1.99615905 4.22102012
1.99858945 4.22159680
2.00090456 4.22212006
2.00310985 4.22259485
2.00521053 4.22302567
2.00721157 4.22341659
2.00911770 4.22377131
2.01093344 4.22409318
2.01266307 4.22438525
2.01431068 4.22465028
2.01588019 4.22489078
2.01737529 4.22510901
2.01879952 4.22530705
2.02015626 4.22548676
2.02144870 4.22564985
2.02267991 4.22579784
2.02385278 4.22593215
2.02497010 4.22605403
2.02603450 4.22616464
2.02704849 4.22626503
2.02801447 4.22635613
2.02893471 4.22643881
2.02981139 4.22651385
2.03064658 4.22658195
2.03144223 4.22664376
2.03220024 4.22669986
2.03292238 4.22675077
2.03361035 4.22679698
2.03426577 4.22683892
2.03489019 4.22687699
2.03548508 4.22691154
2.03605184 4.22694291
2.03659179 4.22697137
2.03710622 4.22699721
2.03759632 4.22702066
2.03806325 4.22704195
2.03850811 4.22706127
2.03893194 4.22707881
2.03933573 4.22709473
2.03972045 4.22710918
2.04008698 4.22712230
2.04043619 4.22713420
2.04076891 4.22714501
2.04108590 4.22715482
2.04138791 4.22716373
2.04167566 4.22717181
2.04194981 4.22717915
2.04221102 4.22718581
2.04245988 4.22719186
2.04269699 4.22719735
2.04292290 4.22720233
2.04313814 4.22720686
2.04334322 4.22721096
2.04353861 4.22721469
2.04372477 4.22721807
2.04390215 4.22722115
2.04407115 4.22722393
2.04423216 4.22722647
2.04438558 4.22722876
2.04453175 4.22723085
2.04467102 4.22723274
2.04480372 4.22723446
2.04493015 4.22723602
2.04505061 4.22723744
2.04516538 4.22723873
2.04527474 4.22723989
2.04537893 4.22724095
2.04547821 4.22724192
2.04557280 4.22724279
2.04566292 4.22724358
2.04574879 4.22724430
2.04583061 4.22724496
2.04590856 4.22724555
2.04598284 4.22724609
2.04605361 4.22724658
2.04612104 4.22724702
2.04618529 4.22724742
2.04624650 4.22724779
2.04630483 4.22724812
2.04636040 4.22724842
2.04641335 4.22724870
2.04646380 4.22724895
2.04651187 4.22724917
2.04655767 4.22724938
2.04660131 4.22724956
2.04664289 4.22724973
2.04668251 4.22724989
2.04672026 4.22725002
2.04675622 4.22725015
2.04679049 4.22725027
2.04682315 4.22725037
2.04685426 4.22725046
2.04688390 4.22725055
2.04691215 4.22725063
2.04693906 4.22725070
2.04696470 4.22725076
2.04698913 4.22725082
2.04701241 4.22725087
2.04703459 4.22725092
2.04705572 4.22725097
2.04707586 4.22725101
2.04709504 4.22725104
2.04711332 4.22725107
2.04713074 4.22725110
2.04714734 4.22725113
2.04716315 4.22725115
2.04717822 4.22725118
2.04719257 4.22725120
2.04720625 4.22725122
2.04721928 4.22725123
2.04723170 4.22725125
2.04724353 4.22725126
2.04725481 4.22725127
2.04726555 4.22725128
2.04727578 4.22725129
