8.48610195 0.44883440
8.48252484 0.45013189
8.47884752 0.45150314
8.47506690 0.45295257
8.47117979 0.45448487
8.46718287 0.45610502
8.46307271 0.45781835
8.45884577 0.45963050
8.45449838 0.46154747
8.45002674 0.46357568
8.44542691 0.46572192
8.44069483 0.46799345
8.43582628 0.47039799
8.43081690 0.47294377
8.42566218 0.47563953
8.42035744 0.47849461
8.41489784 0.48151895
8.40927837 0.48472314
8.40349386 0.48811847
8.39753893 0.49171695
8.39140804 0.49553141
8.38509544 0.49957549
8.37859520 0.50386375
8.37190118 0.50841169
8.36500703 0.51323585
8.35790618 0.51835380
8.35059187 0.52378432
8.34305709 0.52954735
8.33529462 0.53566417
8.32729701 0.54215740
8.31905660 0.54905110
8.31056548 0.55637088
8.30181550 0.56414396
8.29279832 0.57239922
8.28350535 0.58116736
8.27392779 0.59048090
8.26405663 0.60037432
8.25388267 0.61088409
8.24339650 0.62204877
8.23258857 0.63390906
8.22144917 0.64650781
8.20996848 0.65989011
8.19813657 0.67410326
8.18594350 0.68919676
8.17337928 0.70522228
8.16043399 0.72223353
8.14709783 0.74028618
8.13336115 0.75943767
8.11921459 0.77974690
8.10464912 0.80127400
8.08965619 0.82407984
8.07422781 0.84822557
8.05835672 0.87377200
8.04203652 0.90077885
8.02526181 0.92930389
8.00802843 0.95940193
7.99033360 0.99112366
7.97217616 1.02451431
7.95355680 1.05961224
7.93447825 1.09644728
7.91494557 1.13503901
7.89496641 1.17539493
7.87455117 1.21750854
7.85371335 1.26135748
7.83246968 1.30690162
7.81084037 1.35408139
7.78884924 1.40281627
7.76652386 1.45300364
7.74389558 1.50451807
7.72099956 1.55721111
7.69787465 1.61091177
7.67456321 1.66542767
7.65111088 1.72054695
7.62756620 1.77604104
7.60398018 1.83166799
7.58040573 1.88717668
7.55689707 1.94231139
7.53350909 1.99681682
7.51029658 2.05044325
7.48731356 2.10295161
7.46461252 2.15411826
7.44224377 2.20373930
7.42025477 2.25163411
7.39868958 2.29764814
7.37758838 2.34165469
7.35698711 2.38355583
7.33691723 2.42328239
7.31740550 2.46079305
7.29847400 2.49607282
7.28014014 2.52913087
7.26241683 2.55999793
7.24531265 2.58872346
7.22883214 2.61537272
7.21297611 2.64002372
7.19774199 2.66276443
7.18312416 2.68369008
7.16911435 2.70290070
7.15570198 2.72049901
7.14287451 2.73658851
7.13061777 2.75127197
7.11891628 2.76465008
7.10775349 2.77682051
7.09711210 2.78787706
7.08697424 2.79790915
7.07732168 2.80700138
7.06813601 2.81523336
7.05939879 2.82267959
7.05109171 2.82940942
7.04319664 2.83548720
7.03569574 2.84097238
7.02857158 2.84591972
7.02180714 2.85037951
7.01538586 2.85439783
7.00929173 2.85801677
7.00350924 2.86127475
6.99802345 2.86420674
6.99281998 2.86684452
6.98788502 2.86921694
6.98320531 2.87135018
6.97876815 2.87326790
6.97456142 2.87499155
6.97057350 2.87654049
6.96679331 2.87793221
6.96321030 2.87918249
6.95981440 2.88030558
6.95659601 2.88131429
6.95354601 2.88222019
6.95065571 2.88303368
6.94791686 2.88376415
6.94532161 2.88442001
6.94286251 2.88500886
6.94053247 2.88553752
6.93832478 2.88601211
6.93623305 2.88643815
6.93425122 2.88682060
6.93237355 2.88716389
6.93059459 2.88747204
6.92890917 2.88774864
6.92731238 2.88799691
6.92579958 2.88821974
6.92436636 2.88841975
6.92300855 2.88859927
6.92172217 2.88876039
6.92050349 2.88890500
6.91934893 2.88903479
6.91825513 2.88915129
6.91721890 2.88925584
6.91623721 2.88934967
6.91530718 2.88943389
6.91442610 2.88950948
6.91359140 2.88957732
6.91280063 2.88963821
6.91205148 2.88969285
6.91134175 2.88974190
6.91066939 2.88978591
6.91003241 2.88982542
6.90942896 2.88986088
6.90885727 2.88989270
6.90831567 2.88992126
6.90780257 2.88994690
6.90731648 2.88996990
6.90685597 2.88999055
6.90641969 2.89000908
6.90600638 2.89002572
6.90561482 2.89004065
6.90524386 2.89005404
6.90489242 2.89006607
6.90455948 2.89007686
6.90424406 2.89008655
6.90394524 2.89009525
6.90366214 2.89010305
6.90339394 2.89011005
6.90313985 2.89011634
6.90289913 2.89012198
6.90267108 2.89012705
6.90245503 2.89013159
6.90225035 2.89013567
6.90205643 2.89013933
6.90187272 2.89014262
6.90169867 2.89014557
6.90153379 2.89014821
6.90137757 2.89015059
6.90122958 2.89015272
6.90108937 2.89015464
6.90095654 2.89015635
6.90083070 2.89015790
6.90071148 2.89015928
6.90059853 2.89016052
6.90049152 2.89016164
6.90039014 2.89016264
6.90029410 2.89016354
6.90020311 2.89016434
6.90011690 2.89016507
6.90003524 2.89016572
6.89995786 2.89016630
6.89988456 2.89016682
6.89981511 2.89016729
6.89974932 2.89016771
6.89968699 2.89016809
6.89962794 2.89016843
6.89957199 2.89016874
6.89951899 2.89016901
6.89946878 2.89016925
6.89942120 2.89016947
6.89937613 2.89016967
6.89933344 2.89016985
6.89929298 2.89017001
6.89925466 2.89017015
6.89921835 2.89017028
6.89918395 2.89017040
6.89915136 2.89017050
6.89912049 2.89017059
6.89909123 2.89017068
6.89906352 2.89017075
6.89903727 2.89017082
6.89901240 2.89017088
6.89898883 2.89017093
6.89896651 2.89017098
6.89894536 2.89017102
6.89892532 2.89017106
6.89890633 2.89017110
6.89888835 2.89017113
6.89887131 2.89017116
6.89885517 2.89017118
6.89883987 2.89017121
6.89882538 2.89017123
6.89881166 2.89017124
6.89879865 2.89017126
6.89878633 2.89017128
6.89877466 2.89017129
6.89876360 2.89017130
6.89875312 2.89017131
