2.50173006 1.91005524
2.50565546 1.91160360
2.50961895 1.91318211
2.51362070 1.91479121
2.51766088 1.91643131
2.52173963 1.91810284
2.52585711 1.91980621
2.53001346 1.92154185
2.53420883 1.92331019
2.53844335 1.92511163
2.54271716 1.92694661
2.54703039 1.92881554
2.55138316 1.93071884
2.55577559 1.93265693
2.56020779 1.93463022
2.56467988 1.93663912
2.56919195 1.93868406
2.57374411 1.94076543
2.57833645 1.94288365
2.58296906 1.94503911
2.58764203 1.94723223
2.59235542 1.94946339
2.59710931 1.95173300
2.60190377 1.95404143
2.60673886 1.95638909
2.61161464 1.95877635
2.61653114 1.96120358
2.62148841 1.96367117
2.62648650 1.96617947
2.63152542 1.96872886
2.63660521 1.97131968
2.64172588 1.97395228
2.64688744 1.97662702
2.65208989 1.97934422
2.65733323 1.98210421
2.66261745 1.98490733
2.66794254 1.98775387
2.67330846 1.99064415
2.67871519 1.99357846
2.68416269 1.99655709
2.68965091 1.99958032
2.69517979 2.00264841
2.70074928 2.00576163
2.70635929 2.00892023
2.71200976 2.01212442
2.71770059 2.01537445
2.72343168 2.01867053
2.72920294 2.02201284
2.73501424 2.02540158
2.74086546 2.02883691
2.74675646 2.03231901
2.75268711 2.03584799
2.75865725 2.03942400
2.76466670 2.04304714
2.77071531 2.04671751
2.77680287 2.05043517
2.78292919 2.05420019
2.78909407 2.05801260
2.79529728 2.06187242
2.80153859 2.06577965
2.80781774 2.06973425
2.81413448 2.07373619
2.82048854 2.07778539
2.82687963 2.08188176
2.83330745 2.08602517
2.83977168 2.09021549
2.84627199 2.09445253
2.85280803 2.09873610
2.85937943 2.10306597
2.86598583 2.10744188
2.87262682 2.11186354
2.87930200 2.11633063
2.88601091 2.12084279
2.89275313 2.12539963
2.89952817 2.13000074
2.90633554 2.13464565
2.91317475 2.13933387
2.92004525 2.14406485
2.92694651 2.14883804
2.93387794 2.15365281
2.94083895 2.15850850
2.94782893 2.16340443
2.95484723 2.16833984
2.96189320 2.17331396
2.96896615 2.17832595
2.97606536 2.18337494
2.98319009 2.18846000
2.99033960 2.19358016
2.99751308 2.19873441
3.00470973 2.20392168
3.01192871 2.20914084
3.01916914 2.21439074
3.02643014 2.21967015
3.03371079 2.22497780
3.04101014 2.23031238
3.04832721 2.23567251
3.05566100 2.24105678
3.06301048 2.24646371
3.07037459 2.25189177
3.07775224 2.25733941
3.08514233 2.26280499
3.09254370 2.26828684
3.09995520 2.27378325
3.10737562 2.27929245
3.11480374 2.28481263
3.12223833 2.29034194
3.12967809 2.29587848
3.13712175 2.30142031
3.14456797 2.30696547
3.15201541 2.31251193
3.15946270 2.31805766
3.16690845 2.32360058
3.17435125 2.32913857
3.18178968 2.33466951
3.18922228 2.34019125
3.19664759 2.34570160
3.20406412 2.35119839
3.21147039 2.35667940
3.21886487 2.36214242
3.22624606 2.36758524
3.23361243 2.37300564
3.24096242 2.37840140
3.24829450 2.38377030
3.25560712 2.38911016
3.26289873 2.39441878
3.27016777 2.39969401
3.27741269 2.40493369
3.28463193 2.41013571
3.29182396 2.41529800
3.29898723 2.42041850
3.30612022 2.42549521
3.31322141 2.43052616
3.32028928 2.43550945
3.32732236 2.44044320
3.33431916 2.44532562
3.34127823 2.45015495
3.34819813 2.45492951
3.35507746 2.45964768
3.36191482 2.46430791
3.36870885 2.46890872
3.37545823 2.47344871
3.38216164 2.47792654
3.38881782 2.48234097
3.39542553 2.48669083
3.40198357 2.49097503
3.40849076 2.49519255
3.41494598 2.49934250
3.42134814 2.50342402
3.42769618 2.50743636
3.43398910 2.51137887
3.44022593 2.51525096
3.44640573 2.51905214
3.45252763 2.52278199
3.45859079 2.52644021
3.46459441 2.53002653
3.47053776 2.53354080
3.47642011 2.53698294
3.48224082 2.54035295
3.48799927 2.54365090
3.49369491 2.54687694
3.49932720 2.55003129
3.50489567 2.55311425
3.51039990 2.55612617
3.51583950 2.55906748
3.52121414 2.56193866
3.52652351 2.56474026
3.53176738 2.56747288
3.53694552 2.57013718
3.54205777 2.57273386
3.54710402 2.57526369
3.55208418 2.57772745
3.55699820 2.58012599
3.56184608 2.58246020
3.56662785 2.58473098
3.57134359 2.58693929
3.57599340 2.58908610
3.58057743 2.59117242
3.58509584 2.59319928
3.58954885 2.59516772
3.59393670 2.59707883
3.59825966 2.59893369
3.60251802 2.60073339
3.60671211 2.60247905
3.61084229 2.60417178
3.61490893 2.60581273
3.61891244 2.60740300
3.62285324 2.60894375
3.62673179 2.61043610
3.63054856 2.61188118
3.63430402 2.61328013
3.63799870 2.61463408
3.64163311 2.61594414
3.64520780 2.61721141
3.64872333 2.61843702
3.65218026 2.61962204
3.65557919 2.62076756
3.65892070 2.62187465
3.66220541 2.62294437
3.66543393 2.62397774
3.66860689 2.62497580
3.67172493 2.62593957
3.67478869 2.62687002
3.67779882 2.62776815
3.68075598 2.62863490
3.68366083 2.62947122
3.68651403 2.63027803
3.68931626 2.63105623
3.69206819 2.63180672
3.69477048 2.63253035
3.69742382 2.63322797
3.70002889 2.63390041
3.70258636 2.63454848
3.70509691 2.63517297
3.70756122 2.63577464
3.70997996 2.63635425
3.71235381 2.63691252
3.71468344 2.63745016
3.71696952 2.63796788
3.71921272 2.63846634
3.72141370 2.63894620
3.72357312 2.63940810
3.72569164 2.63985265
3.72776990 2.64028045
3.72980857 2.64069210
3.73180827 2.64108815
3.73376964 2.64146915
3.73569333 2.64183565
3.73757995 2.64218814
3.73943012 2.64252714
3.74124446 2.64285313
3.74302358 2.64316658
3.74476808 2.64346794
3.74647856 2.64375766
3.74815560 2.64403615
3.74979978 2.64430383
3.75141169 2.64456110
3.75299189 2.64480835
3.75454095 2.64504593
3.75605941 2.64527423
3.75754783 2.64549357
3.75900674 2.64570430
3.76043668 2.64590674
3.76183818 2.64610121
3.76321176 2.64628799
3.76455792 2.64646740
3.76587717 2.64663970
3.76717000 2.64680516
3.76843692 2.64696406
3.76967839 2.64711664
3.77089490 2.64726314
3.77208691 2.64740379
3.77325489 2.64753883
3.77439928 2.64766847
3.77552054 2.64779292
3.77661910 2.64791239
3.77769540 2.64802705
3.77874986 2.64813711
3.77978290 2.64824274
3.78079493 2.64834412
3.78178636 2.64844141
3.78275758 2.64853478
3.78370899 2.64862437
3.78464097 2.64871034
3.78555390 2.64879283
3.78644815 2.64887198
3.78732408 2.64894792
3.78818206 2.64902078
3.78902244 2.64909068
3.78984556 2.64915774
3.79065176 2.64922206
3.79144138 2.64928377
3.79221475 2.64934297
3.79297219 2.64939975
3.79371401 2.64945421
3.79444053 2.64950645
3.79515204 2.64955655
3.79584886 2.64960460
3.79653127 2.64965069
3.79719957 2.64969489
3.79785403 2.64973728
3.79849493 2.64977793
3.79912255 2.64981691
3.79973715 2.64985429
3.80033900 2.64989014
3.80092835 2.64992451
3.80150546 2.64995747
3.80207057 2.64998907
3.80262393 2.65001938
3.80316578 2.65004843
3.80369635 2.65007629
3.80421586 2.65010299
3.80472455 2.65012860
3.80522263 2.65015315
3.80571033 2.65017669
3.80618785 2.65019925
3.80665540 2.65022088
3.80711318 2.65024162
3.80756141 2.65026150
3.80800026 2.65028056
3.80842993 2.65029883
3.80885062 2.65031634
3.80926251 2.65033313
3.80966577 2.65034922
3.81006059 2.65036465
3.81044714 2.65037943
3.81082559 2.65039360
3.81119610 2.65040719
3.81155885 2.65042021
3.81191398 2.65043269
3.81226167 2.65044465
3.81260206 2.65045612
3.81293530 2.65046710
3.81326154 2.65047764
3.81358093 2.65048773
3.81389361 2.65049740
3.81419972 2.65050667
3.81449939 2.65051556
3.81479276 2.65052408
3.81507996 2.65053224
3.81536112 2.65054006
3.81563636 2.65054756
3.81590580 2.65055474
3.81616958 2.65056162
3.81642780 2.65056822
3.81668058 2.65057454
3.81692804 2.65058060
3.81717028 2.65058641
3.81740741 2.65059197
3.81763955 2.65059731
3.81786679 2.65060242
3.81808924 2.65060731
3.81830700 2.65061200
3.81852017 2.65061650
3.81872883 2.65062081
3.81893310 2.65062494
3.81913305 2.65062889
3.81932878 2.65063268
3.81952038 2.65063631
3.81970793 2.65063980
3.81989152 2.65064313
3.82007124 2.65064633
3.82024715 2.65064939
3.82041935 2.65065232
3.82058791 2.65065513
3.82075291 2.65065783
3.82091442 2.65066041
3.82107252 2.65066288
3.82122727 2.65066525
3.82137875 2.65066752
3.82152703 2.65066970
3.82167217 2.65067178
3.82181424 2.65067378
3.82195331 2.65067569
3.82208943 2.65067752
3.82222268 2.65067928
3.82235310 2.65068096
3.82248076 2.65068258
3.82260572 2.65068412
3.82272803 2.65068560
3.82284776 2.65068702
3.82296495 2.65068838
3.82307966 2.65068968
3.82319194 2.65069093
3.82330184 2.65069212
3.82340941 2.65069327
3.82351471 2.65069436
3.82361777 2.65069542
3.82371865 2.65069642
3.82381740 2.65069739
3.82391405 2.65069831
3.82400865 2.65069920
3.82410125 2.65070005
3.82419188 2.65070086
3.82428060 2.65070164
3.82436743 2.65070238
3.82445242 2.65070310
3.82453561 2.65070378
3.82461704 2.65070444
3.82469674 2.65070507
3.82477475 2.65070567
3.82485111 2.65070625
3.82492584 2.65070680
3.82499900 2.65070733
3.82507060 2.65070783
3.82514068 2.65070832
3.82520927 2.65070879
3.82527641 2.65070923
3.82534213 2.65070966
3.82540645 2.65071007
3.82546941 2.65071046
3.82553103 2.65071084
3.82559134 2.65071120
3.82565038 2.65071154
3.82570816 2.65071187
3.82576471 2.65071219
3.82582007 2.65071249
3.82587425 2.65071278
3.82592728 2.65071306
3.82597918 2.65071333
3.82602999 2.65071358
3.82607971 2.65071383
3.82612838 2.65071406
3.82617601 2.65071429
3.82622264 2.65071450
3.82626827 2.65071471
3.82631294 2.65071490
3.82635666 2.65071509
3.82639945 2.65071527
3.82644133 2.65071545
3.82648232 2.65071561
3.82652244 2.65071577
3.82656171 2.65071593
3.82660015 2.65071607
3.82663776 2.65071621
3.82667458 2.65071635
3.82671062 2.65071647
3.82674590 2.65071660
3.82678042 2.65071672
3.82681421 2.65071683
3.82684728 2.65071694
3.82687965 2.65071704
3.82691134 2.65071714
3.82694235 2.65071724
3.82697270 2.65071733
3.82700240 2.65071741
3.82703148 2.65071750
3.82705994 2.65071758
3.82708779 2.65071765
3.82711505 2.65071773
3.82714173 2.65071780
3.82716785 2.65071787
3.82719341 2.65071793
3.82721843 2.65071799
3.82724291 2.65071805
3.82726688 2.65071811
3.82729034 2.65071816
3.82731330 2.65071821
3.82733577 2.65071826
3.82735776 2.65071831
3.82737928 2.65071836
3.82740035 2.65071840
3.82742097 2.65071844
3.82744116 2.65071848
3.82746091 2.65071852
3.82748024 2.65071856
3.82749917 2.65071860
3.82751769 2.65071863
3.82753581 2.65071866
3.82755356 2.65071869
3.82757092 2.65071872
3.82758792 2.65071875
3.82760455 2.65071878
3.82762083 2.65071881
3.82763677 2.65071883
3.82765237 2.65071885
3.82766763 2.65071888
3.82768257 2.65071890
3.82769720 2.65071892
3.82771151 2.65071894
3.82772552 2.65071896
3.82773923 2.65071898
3.82775265 2.65071900
3.82776578 2.65071901
3.82777863 2.65071903
3.82779122 2.65071905
3.82780353 2.65071906
3.82781558 2.65071908
3.82782738 2.65071909
3.82783892 2.65071910
3.82785022 2.65071911
3.82786128 2.65071913
3.82787211 2.65071914
3.82788270 2.65071915
3.82789307 2.65071916
3.82790322 2.65071917
