8.50238716 1.68387527
8.50672623 1.68574277
8.51099490 1.68755003
8.51519369 1.68929849
8.51932318 1.69098959
8.52338397 1.69262478
8.52737667 1.69420550
8.53130193 1.69573317
8.53516040 1.69720922
8.53895277 1.69863503
8.54267973 1.70001202
8.54634200 1.70134154
8.54994031 1.70262495
8.55347538 1.70386359
8.55694798 1.70505878
8.56035885 1.70621180
8.56370877 1.70732393
8.56699852 1.70839641
8.57022888 1.70943047
8.57340063 1.71042731
8.57651457 1.71138810
8.57957149 1.71231399
8.58257219 1.71320610
8.58551747 1.71406553
8.58840813 1.71489335
8.59124496 1.71569060
8.59402878 1.71645830
8.59676037 1.71719744
8.59944054 1.71790898
8.60207007 1.71859388
8.60464976 1.71925303
8.60718039 1.71988734
8.60966274 1.72049765
8.61209760 1.72108482
8.61448573 1.72164965
8.61682789 1.72219293
8.61912486 1.72271544
8.62137738 1.72321790
8.62358621 1.72370105
8.62575207 1.72416558
8.62787572 1.72461216
8.62995786 1.72504145
8.63199923 1.72545408
8.63400053 1.72585066
8.63596247 1.72623179
8.63788574 1.72659803
8.63977102 1.72694995
8.64161900 1.72728807
8.64343034 1.72761291
8.64520571 1.72792497
8.64694576 1.72822473
8.64865114 1.72851265
8.65032246 1.72878920
8.65196037 1.72905479
8.65356549 1.72930984
8.65513841 1.72955476
8.65667974 1.72978995
8.65819007 1.73001576
8.65966997 1.73023256
8.66112004 1.73044071
8.66254082 1.73064053
8.66393287 1.73083235
8.66529674 1.73101648
8.66663297 1.73119322
8.66794209 1.73136286
8.66922461 1.73152567
8.67048106 1.73168193
8.67171192 1.73183189
8.67291770 1.73197580
8.67409889 1.73211390
8.67525596 1.73224641
8.67638938 1.73237356
8.67749962 1.73249556
8.67858712 1.73261262
8.67965235 1.73272492
8.68069572 1.73283267
8.68171768 1.73293604
8.68271865 1.73303520
8.68369904 1.73313033
8.68465927 1.73322158
8.68559972 1.73330912
8.68652080 1.73339308
8.68742289 1.73347362
8.68830637 1.73355087
8.68917162 1.73362496
8.69001899 1.73369602
8.69084885 1.73376418
8.69166154 1.73382954
8.69245742 1.73389223
8.69323682 1.73395234
8.69400007 1.73400999
8.69474750 1.73406528
8.69547943 1.73411830
8.69619618 1.73416914
8.69689805 1.73421789
8.69758534 1.73426463
8.69825835 1.73430946
8.69891737 1.73435244
8.69956268 1.73439365
8.70019456 1.73443316
8.70081330 1.73447104
8.70141915 1.73450737
8.70201238 1.73454219
8.70259324 1.73457558
8.70316200 1.73460759
8.70371889 1.73463828
8.70426416 1.73466770
8.70479806 1.73469591
8.70532081 1.73472295
8.70583264 1.73474887
8.70633378 1.73477373
8.70682444 1.73479755
8.70730485 1.73482039
8.70777521 1.73484228
8.70823574 1.73486327
8.70868662 1.73488338
8.70912807 1.73490267
8.70956028 1.73492115
8.70998344 1.73493887
8.71039774 1.73495586
8.71080336 1.73497214
8.71120047 1.73498774
8.71158926 1.73500270
8.71196990 1.73501703
8.71234256 1.73503078
8.71270740 1.73504395
8.71306459 1.73505657
8.71341428 1.73506867
8.71375663 1.73508027
8.71409180 1.73509138
8.71441992 1.73510204
8.71474116 1.73511225
8.71505565 1.73512204
8.71536353 1.73513142
8.71566494 1.73514040
8.71596002 1.73514902
8.71624889 1.73515728
8.71653169 1.73516519
8.71680855 1.73517277
8.71707958 1.73518004
8.71734491 1.73518701
8.71760466 1.73519369
8.71785894 1.73520008
8.71810787 1.73520621
8.71835157 1.73521209
8.71859013 1.73521772
8.71882367 1.73522312
8.71905230 1.73522829
8.71927611 1.73523325
8.71949521 1.73523800
8.71970969 1.73524255
8.71991965 1.73524691
8.72012519 1.73525109
8.72032640 1.73525510
8.72052337 1.73525894
8.72071619 1.73526261
8.72090494 1.73526614
8.72108972 1.73526952
8.72127060 1.73527276
8.72144767 1.73527586
8.72162100 1.73527883
8.72179068 1.73528168
8.72195678 1.73528441
8.72211937 1.73528702
8.72227854 1.73528953
8.72243435 1.73529193
8.72258687 1.73529424
8.72273617 1.73529644
8.72288233 1.73529855
8.72302539 1.73530058
8.72316544 1.73530252
8.72330254 1.73530438
8.72343674 1.73530616
8.72356811 1.73530787
8.72369670 1.73530951
8.72382258 1.73531107
8.72394580 1.73531258
8.72406642 1.73531402
8.72418449 1.73531539
8.72430007 1.73531672
8.72441321 1.73531798
8.72452396 1.73531920
8.72463237 1.73532036
8.72473849 1.73532147
8.72484237 1.73532254
8.72494405 1.73532356
8.72504359 1.73532454
8.72514102 1.73532548
8.72523640 1.73532638
8.72532976 1.73532725
8.72542114 1.73532807
8.72551060 1.73532886
8.72559816 1.73532962
8.72568388 1.73533035
8.72576778 1.73533105
8.72584991 1.73533171
8.72593031 1.73533235
8.72600900 1.73533297
8.72608603 1.73533355
8.72616144 1.73533412
8.72623524 1.73533466
8.72630749 1.73533517
8.72637821 1.73533567
8.72644744 1.73533614
8.72651520 1.73533659
8.72658153 1.73533703
8.72664646 1.73533745
8.72671001 1.73533785
8.72677223 1.73533823
8.72683312 1.73533860
8.72689273 1.73533895
8.72695107 1.73533929
8.72700819 1.73533961
8.72706409 1.73533992
8.72711882 1.73534021
8.72717238 1.73534050
8.72722481 1.73534077
8.72727614 1.73534103
8.72732637 1.73534128
8.72737555 1.73534152
8.72742368 1.73534175
8.72747080 1.73534197
8.72751692 1.73534218
8.72756207 1.73534238
8.72760625 1.73534257
8.72764951 1.73534276
8.72769185 1.73534294
8.72773329 1.73534311
8.72777386 1.73534327
8.72781357 1.73534342
8.72785244 1.73534357
8.72789048 1.73534372
8.72792772 1.73534385
8.72796418 1.73534399
8.72799986 1.73534411
8.72803479 1.73534423
8.72806897 1.73534435
8.72810244 1.73534446
8.72813519 1.73534457
8.72816726 1.73534467
8.72819864 1.73534476
8.72822936 1.73534486
8.72825943 1.73534495
8.72828887 1.73534503
8.72831768 1.73534511
8.72834588 1.73534519
8.72837348 1.73534527
8.72840050 1.73534534
8.72842695 1.73534541
8.72845284 1.73534548
8.72847818 1.73534554
8.72850298 1.73534560
8.72852726 1.73534566
8.72855103 1.73534572
8.72857429 1.73534577
8.72859706 1.73534582
8.72861935 1.73534587
8.72864117 1.73534592
8.72866252 1.73534596
8.72868342 1.73534600
8.72870388 1.73534605
8.72872391 1.73534609
8.72874351 1.73534612
8.72876270 1.73534616
8.72878148 1.73534620
8.72879987 1.73534623
8.72881786 1.73534626
8.72883548 1.73534629
8.72885272 1.73534632
8.72886960 1.73534635
8.72888612 1.73534638
8.72890229 1.73534640
8.72891811 1.73534643
8.72893360 1.73534645
8.72894877 1.73534647
8.72896361 1.73534649
8.72897814 1.73534652
8.72899236 1.73534654
8.72900628 1.73534656
8.72901991 1.73534657
8.72903325 1.73534659
8.72904630 1.73534661
8.72905908 1.73534662
8.72907159 1.73534664
8.72908383 1.73534665
8.72909581 1.73534667
8.72910754 1.73534668
8.72911903 1.73534670
8.72913026 1.73534671
8.72914127 1.73534672
8.72915203 1.73534673
8.72916257 1.73534674
8.72917289 1.73534675
8.72918299 1.73534676
