9.07571576 1.44913535
9.07362328 1.44957178
9.07154431 1.45000261
9.06947869 1.45042792
9.06742630 1.45084780
9.06538700 1.45126236
9.06336065 1.45167166
9.06134713 1.45207581
9.05934630 1.45247489
9.05735804 1.45286897
9.05538222 1.45325814
9.05341872 1.45364247
9.05146741 1.45402205
9.04952817 1.45439696
9.04760089 1.45476726
9.04568545 1.45513303
9.04378173 1.45549434
9.04188961 1.45585126
9.04000900 1.45620386
9.03813977 1.45655221
9.03628181 1.45689637
9.03443502 1.45723641
9.03259929 1.45757239
9.03077452 1.45790438
9.02896060 1.45823243
9.02715744 1.45855662
9.02536492 1.45887698
9.02358295 1.45919359
9.02181144 1.45950650
9.02005028 1.45981576
9.01829938 1.46012144
9.01655865 1.46042357
9.01482799 1.46072223
9.01310731 1.46101745
9.01139653 1.46130929
9.00969555 1.46159780
9.00800428 1.46188302
9.00632264 1.46216501
9.00465054 1.46244381
9.00298789 1.46271947
9.00133462 1.46299203
8.99969064 1.46326154
8.99805586 1.46352804
8.99643022 1.46379158
8.99481362 1.46405219
8.99320599 1.46430993
8.99160726 1.46456482
8.99001734 1.46481690
8.98843616 1.46506623
8.98686365 1.46531283
8.98529973 1.46555675
8.98374433 1.46579802
8.98219738 1.46603668
8.98065880 1.46627276
8.97912853 1.46650630
8.97760650 1.46673734
8.97609264 1.46696590
8.97458688 1.46719203
8.97308915 1.46741575
8.97159939 1.46763710
8.97011754 1.46785611
8.96864353 1.46807281
8.96717729 1.46828723
8.96571876 1.46849940
8.96426788 1.46870935
8.96282460 1.46891712
8.96138884 1.46912272
8.95996055 1.46932619
8.95853967 1.46952756
8.95712614 1.46972685
8.95571990 1.46992409
8.95432090 1.47011931
8.95292908 1.47031253
8.95154438 1.47050378
8.95016675 1.47069308
8.94879614 1.47088047
8.94743248 1.47106595
8.94607573 1.47124956
8.94472583 1.47143133
8.94338273 1.47161126
8.94204639 1.47178940
8.94071674 1.47196575
8.93939374 1.47214035
8.93807734 1.47231321
8.93676749 1.47248435
8.93546413 1.47265381
8.93416723 1.47282159
8.93287673 1.47298771
8.93159259 1.47315221
8.93031476 1.47331509
8.92904320 1.47347639
8.92777785 1.47363611
8.92651867 1.47379427
8.92526563 1.47395090
8.92401866 1.47410602
8.92277774 1.47425964
8.92154282 1.47441177
8.92031385 1.47456245
8.91909079 1.47471167
8.91787360 1.47485947
8.91666223 1.47500586
8.91545666 1.47515086
8.91425683 1.47529447
8.91306271 1.47543673
8.91187425 1.47557764
8.91069143 1.47571721
8.90951419 1.47585548
8.90834249 1.47599244
8.90717631 1.47612812
8.90601561 1.47626253
8.90486034 1.47639568
8.90371047 1.47652759
8.90256596 1.47665828
8.90142677 1.47678775
8.90029288 1.47691602
8.89916424 1.47704311
8.89804082 1.47716903
8.89692259 1.47729378
8.89580950 1.47741739
8.89470153 1.47753987
8.89359864 1.47766123
8.89250080 1.47778148
8.89140797 1.47790064
8.89032013 1.47801871
8.88923723 1.47813571
8.88815925 1.47825165
8.88708616 1.47836654
8.88601792 1.47848040
8.88495450 1.47859323
8.88389588 1.47870504
8.88284201 1.47881586
8.88179287 1.47892568
8.88074843 1.47903452
8.87970867 1.47914239
8.87867354 1.47924930
8.87764302 1.47935526
8.87661708 1.47946028
8.87559570 1.47956438
8.87457884 1.47966755
8.87356648 1.47976981
8.87255858 1.47987117
8.87155513 1.47997164
8.87055609 1.48007123
8.86956143 1.48016995
8.86857113 1.48026780
8.86758516 1.48036480
8.86660350 1.48046096
8.86562612 1.48055628
8.86465299 1.48065077
8.86368408 1.48074445
8.86271938 1.48083731
8.86175886 1.48092937
8.86080248 1.48102064
8.85985023 1.48111112
8.85890208 1.48120083
8.85795801 1.48128976
8.85701799 1.48137794
8.85608200 1.48146536
8.85515001 1.48155203
8.85422201 1.48163797
8.85329796 1.48172317
8.85237784 1.48180765
8.85146164 1.48189142
8.85054932 1.48197447
8.84964087 1.48205683
8.84873627 1.48213849
8.84783548 1.48221946
8.84693849 1.48229975
8.84604528 1.48237936
8.84515583 1.48245831
8.84427010 1.48253659
8.84338809 1.48261422
8.84250977 1.48269121
8.84163512 1.48276755
8.84076412 1.48284326
8.83989675 1.48291833
8.83903299 1.48299279
8.83817281 1.48306662
8.83731620 1.48313985
8.83646314 1.48321247
8.83561361 1.48328449
8.83476758 1.48335592
8.83392504 1.48342676
8.83308597 1.48349702
8.83225036 1.48356670
8.83141817 1.48363581
8.83058939 1.48370436
8.82976401 1.48377235
8.82894200 1.48383978
8.82812334 1.48390666
8.82730803 1.48397300
8.82649603 1.48403880
8.82568734 1.48410407
8.82488193 1.48416880
8.82407978 1.48423302
8.82328089 1.48429671
8.82248522 1.48435989
8.82169277 1.48442256
8.82090351 1.48448473
8.82011743 1.48454640
8.81933452 1.48460757
8.81855475 1.48466825
8.81777810 1.48472845
8.81700457 1.48478816
8.81623414 1.48484740
8.81546679 1.48490617
8.81470249 1.48496447
8.81394125 1.48502230
8.81318303 1.48507967
8.81242784 1.48513659
8.81167564 1.48519306
8.81092642 1.48524908
8.81018017 1.48530466
8.80943688 1.48535980
8.80869652 1.48541451
8.80795909 1.48546878
8.80722456 1.48552263
8.80649293 1.48557605
8.80576417 1.48562905
8.80503828 1.48568164
8.80431523 1.48573382
8.80359502 1.48578559
8.80287763 1.48583695
8.80216304 1.48588792
8.80145125 1.48593848
8.80074223 1.48598866
8.80003597 1.48603844
8.79933247 1.48608783
8.79863169 1.48613685
8.79793364 1.48618548
8.79723830 1.48623374
8.79654565 1.48628162
8.79585569 1.48632913
8.79516839 1.48637628
8.79448374 1.48642306
8.79380174 1.48646949
8.79312236 1.48651555
8.79244560 1.48656126
8.79177144 1.48660663
8.79109987 1.48665164
8.79043088 1.48669631
8.78976445 1.48674064
8.78910058 1.48678463
8.78843924 1.48682828
8.78778043 1.48687160
8.78712413 1.48691459
8.78647034 1.48695725
8.78581904 1.48699959
8.78517021 1.48704161
8.78452386 1.48708331
8.78387995 1.48712469
8.78323849 1.48716576
8.78259946 1.48720652
8.78196285 1.48724697
8.78132865 1.48728711
8.78069684 1.48732696
8.78006742 1.48736650
8.77944037 1.48740574
8.77881569 1.48744469
8.77819335 1.48748335
8.77757336 1.48752172
8.77695569 1.48755980
8.77634035 1.48759759
8.77572731 1.48763510
8.77511656 1.48767233
8.77450810 1.48770929
8.77390192 1.48774596
8.77329800 1.48778237
8.77269633 1.48781850
8.77209691 1.48785436
8.77149972 1.48788996
8.77090475 1.48792529
8.77031200 1.48796037
8.76972144 1.48799518
8.76913308 1.48802973
8.76854690 1.48806403
8.76796289 1.48809807
8.76738104 1.48813186
8.76680135 1.48816540
8.76622379 1.48819870
8.76564837 1.48823175
8.76507507 1.48826456
8.76450388 1.48829712
8.76393480 1.48832945
8.76336781 1.48836154
8.76280290 1.48839339
8.76224007 1.48842501
8.76167931 1.48845640
8.76112060 1.48848756
8.76056393 1.48851849
8.76000930 1.48854919
8.75945671 1.48857967
8.75890613 1.48860993
8.75835756 1.48863997
8.75781099 1.48866979
8.75726641 1.48869939
8.75672382 1.48872878
8.75618320 1.48875795
8.75564455 1.48878691
8.75510786 1.48881566
8.75457311 1.48884421
8.75404030 1.48887255
8.75350943 1.48890068
8.75298047 1.48892861
8.75245343 1.48895633
8.75192830 1.48898386
8.75140506 1.48901119
8.75088372 1.48903832
8.75036425 1.48906525
8.74984666 1.48909200
8.74933093 1.48911855
8.74881705 1.48914491
8.74830503 1.48917108
8.74779484 1.48919706
8.74728649 1.48922285
8.74677996 1.48924846
8.74627525 1.48927389
8.74577234 1.48929914
8.74527124 1.48932420
8.74477193 1.48934909
8.74427441 1.48937380
8.74377866 1.48939833
8.74328468 1.48942269
8.74279246 1.48944687
8.74230200 1.48947089
8.74181329 1.48949473
8.74132631 1.48951840
8.74084107 1.48954190
8.74035756 1.48956524
8.73987576 1.48958841
8.73939567 1.48961142
8.73891728 1.48963427
8.73844059 1.48965695
8.73796559 1.48967947
8.73749227 1.48970184
8.73702062 1.48972404
8.73655064 1.48974609
8.73608233 1.48976798
8.73561566 1.48978972
8.73515064 1.48981131
8.73468726 1.48983274
8.73422552 1.48985403
8.73376539 1.48987516
8.73330689 1.48989615
8.73285000 1.48991698
8.73239472 1.48993768
8.73194103 1.48995822
8.73148894 1.48997863
8.73103843 1.48999889
8.73058950 1.49001900
8.73014215 1.49003898
8.72969636 1.49005882
8.72925213 1.49007852
8.72880945 1.49009808
8.72836832 1.49011751
8.72792873 1.49013680
8.72749067 1.49015595
8.72705414 1.49017498
8.72661913 1.49019387
8.72618564 1.49021263
8.72575365 1.49023125
8.72532317 1.49024975
8.72489418 1.49026812
8.72446669 1.49028637
8.72404068 1.49030449
8.72361615 1.49032248
8.72319309 1.49034034
8.72277149 1.49035809
8.72235136 1.49037571
8.72193268 1.49039321
8.72151545 1.49041058
8.72109966 1.49042784
8.72068531 1.49044498
8.72027239 1.49046200
8.71986090 1.49047891
8.71945082 1.49049569
8.71904216 1.49051236
8.71863491 1.49052892
8.71822906 1.49054537
8.71782460 1.49056170
8.71742154 1.49057791
8.71701986 1.49059402
8.71661957 1.49061002
8.71622065 1.49062590
8.71582309 1.49064168
8.71542690 1.49065735
8.71503207 1.49067291
8.71463860 1.49068837
8.71424647 1.49070372
8.71385568 1.49071896
8.71346623 1.49073411
8.71307811 1.49074914
8.71269131 1.49076408
8.71230584 1.49077891
8.71192168 1.49079364
8.71153884 1.49080828
8.71115730 1.49082281
8.71077706 1.49083724
8.71039811 1.49085158
8.71002046 1.49086582
8.70964409 1.49087996
8.70926900 1.49089400
8.70889518 1.49090795
8.70852264 1.49092181
8.70815136 1.49093557
8.70778134 1.49094924
8.70741257 1.49096281
8.70704506 1.49097630
8.70667879 1.49098969
8.70631376 1.49100299
8.70594997 1.49101620
8.70558741 1.49102933
8.70522607 1.49104236
8.70486596 1.49105531
8.70450706 1.49106817
8.70414938 1.49108094
8.70379290 1.49109363
8.70343762 1.49110623
8.70308354 1.49111874
8.70273066 1.49113117
8.70237896 1.49114352
8.70202845 1.49115579
8.70167912 1.49116797
8.70133097 1.49118007
8.70098398 1.49119209
8.70063816 1.49120403
8.70029350 1.49121589
8.69995000 1.49122767
8.69960765 1.49123937
8.69926645 1.49125099
8.69892640 1.49126254
8.69858748 1.49127400
8.69824970 1.49128539
8.69791305 1.49129671
8.69757753 1.49130795
8.69724313 1.49131911
8.69690985 1.49133020
8.69657768 1.49134121
8.69624662 1.49135216
8.69591666 1.49136302
8.69558781 1.49137382
8.69526006 1.49138455
8.69493339 1.49139520
8.69460782 1.49140578
8.69428333 1.49141629
8.69395992 1.49142673
8.69363759 1.49143711
8.69331633 1.49144741
8.69299614 1.49145765
8.69267702 1.49146781
8.69235895 1.49147791
8.69204194 1.49148795
8.69172598 1.49149791
8.69141108 1.49150781
8.69109721 1.49151765
8.69078439 1.49152742
8.69047260 1.49153712
8.69016185 1.49154676
8.68985213 1.49155634
8.68954343 1.49156585
8.68923575 1.49157530
8.68892909 1.49158469
8.68862345 1.49159402
8.68831881 1.49160328
8.68801518 1.49161249
8.68771256 1.49162163
8.68741093 1.49163071
8.68711030 1.49163974
8.68681066 1.49164870
8.68651201 1.49165760
8.68621434 1.49166645
8.68591765 1.49167524
8.68562194 1.49168397
8.68532720 1.49169264
8.68503343 1.49170126
8.68474063 1.49170982
8.68444879 1.49171832
8.68415791 1.49172677
8.68386799 1.49173516
8.68357902 1.49174349
8.68329100 1.49175178
8.68300392 1.49176000
8.68271778 1.49176818
8.68243258 1.49177630
8.68214832 1.49178437
8.68186499 1.49179238
8.68158258 1.49180034
8.68130110 1.49180825
8.68102054 1.49181611
8.68074090 1.49182392
8.68046218 1.49183167
8.68018436 1.49183938
8.67990746 1.49184704
8.67963145 1.49185464
8.67935635 1.49186220
8.67908215 1.49186970
8.67880884 1.49187716
8.67853642 1.49188457
8.67826490 1.49189193
8.67799425 1.49189924
8.67772449 1.49190651
8.67745561 1.49191373
8.67718760 1.49192090
8.67692047 1.49192802
8.67665420 1.49193510
8.67638880 1.49194213
8.67612426 1.49194912
8.67586059 1.49195606
8.67559777 1.49196296
8.67533580 1.49196981
8.67507468 1.49197662
8.67481441 1.49198338
8.67455499 1.49199010
8.67429641 1.49199677
8.67403866 1.49200341
8.67378175 1.49200999
8.67352568 1.49201654
8.67327043 1.49202305
8.67301601 1.49202951
8.67276241 1.49203593
8.67250964 1.49204231
8.67225768 1.49204865
8.67200654 1.49205494
8.67175620 1.49206120
8.67150668 1.49206742
8.67125796 1.49207359
8.67101005 1.49207973
8.67076294 1.49208583
8.67051662 1.49209188
8.67027110 1.49209790
8.67002637 1.49210388
8.66978243 1.49210982
8.66953928 1.49211572
8.66929691 1.49212159
8.66905532 1.49212742
8.66881451 1.49213321
8.66857447 1.49213896
8.66833521 1.49214467
8.66809671 1.49215035
8.66785899 1.49215600
8.66762202 1.49216160
8.66738582 1.49216717
8.66715038 1.49217271
8.66691570 1.49217820
8.66668176 1.49218367
8.66644858 1.49218910
8.66621615 1.49219449
8.66598446 1.49219985
8.66575352 1.49220518
8.66552331 1.49221047
8.66529385 1.49221572
8.66506512 1.49222095
8.66483712 1.49222614
8.66460985 1.49223129
8.66438331 1.49223642
8.66415750 1.49224151
8.66393240 1.49224657
8.66370803 1.49225159
8.66348438 1.49225659
8.66326144 1.49226155
8.66303921 1.49226648
8.66281769 1.49227138
8.66259688 1.49227625
8.66237678 1.49228108
8.66215737 1.49228589
8.66193867 1.49229067
8.66172067 1.49229541
8.66150336 1.49230013
8.66128674 1.49230481
8.66107081 1.49230947
8.66085558 1.49231409
8.66064103 1.49231869
8.66042716 1.49232325
8.66021397 1.49232779
8.66000146 1.49233230
8.65978963 1.49233678
8.65957847 1.49234123
8.65936798 1.49234566
8.65915816 1.49235005
8.65894901 1.49235442
8.65874052 1.49235876
8.65853270 1.49236307
8.65832554 1.49236735
8.65811903 1.49237161
8.65791318 1.49237584
8.65770798 1.49238005
8.65750343 1.49238422
8.65729954 1.49238838
8.65709629 1.49239250
8.65689368 1.49239660
8.65669171 1.49240067
8.65649039 1.49240472
8.65628970 1.49240874
8.65608965 1.49241273
8.65589023 1.49241670
8.65569145 1.49242065
8.65549329 1.49242457
8.65529576 1.49242847
8.65509885 1.49243234
8.65490257 1.49243618
8.65470691 1.49244001
8.65451186 1.49244380
8.65431743 1.49244758
8.65412362 1.49245133
8.65393042 1.49245506
8.65373783 1.49245876
8.65354584 1.49246244
8.65335446 1.49246610
8.65316369 1.49246973
8.65297352 1.49247334
8.65278394 1.49247693
8.65259497 1.49248049
8.65240659 1.49248404
8.65221880 1.49248756
8.65203161 1.49249106
8.65184500 1.49249453
8.65165899 1.49249799
8.65147355 1.49250142
8.65128871 1.49250483
8.65110444 1.49250822
8.65092075 1.49251159
8.65073764 1.49251494
8.65055511 1.49251827
8.65037315 1.49252157
8.65019176 1.49252486
8.65001094 1.49252812
8.64983069 1.49253137
8.64965101 1.49253459
8.64947189 1.49253779
8.64929333 1.49254098
8.64911533 1.49254414
8.64893789 1.49254728
8.64876101 1.49255041
8.64858469 1.49255351
8.64840891 1.49255660
8.64823369 1.49255966
8.64805901 1.49256271
8.64788489 1.49256573
8.64771130 1.49256874
8.64753827 1.49257173
8.64736577 1.49257470
8.64719381 1.49257766
8.64702240 1.49258059
8.64685151 1.49258350
8.64668117 1.49258640
8.64651135 1.49258928
8.64634207 1.49259214
8.64617332 1.49259499
8.64600509 1.49259781
8.64583739 1.49260062
8.64567021 1.49260341
8.64550356 1.49260618
8.64533742 1.49260894
8.64517181 1.49261168
8.64500671 1.49261440
8.64484213 1.49261710
8.64467806 1.49261979
8.64451450 1.49262246
8.64435145 1.49262512
8.64418891 1.49262775
8.64402688 1.49263037
8.64386536 1.49263298
8.64370433 1.49263557
8.64354381 1.49263814
8.64338379 1.49264070
8.64322426 1.49264324
8.64306524 1.49264576
8.64290670 1.49264827
8.64274867 1.49265077
8.64259112 1.49265325
8.64243406 1.49265571
8.64227750 1.49265816
8.64212141 1.49266059
8.64196582 1.49266301
8.64181071 1.49266541
8.64165608 1.49266779
8.64150193 1.49267017
8.64134826 1.49267253
8.64119506 1.49267487
8.64104235 1.49267720
8.64089010 1.49267951
8.64073833 1.49268181
8.64058703 1.49268410
8.64043620 1.49268637
8.64028584 1.49268863
8.64013595 1.49269087
8.63998652 1.49269310
8.63983755 1.49269531
8.63968905 1.49269752
8.63954100 1.49269970
8.63939341 1.49270188
8.63924629 1.49270404
8.63909961 1.49270619
8.63895339 1.49270832
8.63880763 1.49271044
8.63866231 1.49271255
8.63851745 1.49271465
8.63837303 1.49271673
8.63822906 1.49271880
8.63808554 1.49272086
8.63794246 1.49272290
8.63779982 1.49272493
8.63765762 1.49272695
8.63751587 1.49272896
8.63737455 1.49273095
8.63723367 1.49273293
8.63709322 1.49273490
8.63695321 1.49273686
8.63681363 1.49273881
8.63667448 1.49274074
8.63653576 1.49274266
8.63639747 1.49274457
8.63625960 1.49274647
8.63612216 1.49274835
8.63598515 1.49275023
8.63584856 1.49275209
8.63571239 1.49275394
8.63557663 1.49275578
8.63544130 1.49275761
8.63530639 1.49275943
8.63517189 1.49276123
8.63503780 1.49276303
8.63490413 1.49276481
8.63477087 1.49276659
8.63463802 1.49276835
8.63450558 1.49277010
8.63437355 1.49277184
8.63424192 1.49277357
8.63411070 1.49277529
8.63397988 1.49277700
8.63384947 1.49277870
8.63371946 1.49278038
8.63358984 1.49278206
8.63346063 1.49278373
8.63333181 1.49278539
8.63320339 1.49278703
8.63307536 1.49278867
8.63294773 1.49279030
8.63282049 1.49279191
8.63269364 1.49279352
8.63256718 1.49279512
8.63244111 1.49279670
8.63231542 1.49279828
8.63219012 1.49279985
8.63206521 1.49280140
8.63194068 1.49280295
8.63181653 1.49280449
8.63169276 1.49280602
8.63156937 1.49280754
8.63144637 1.49280905
8.63132373 1.49281055
8.63120148 1.49281205
8.63107960 1.49281353
8.63095809 1.49281500
8.63083695 1.49281647
8.63071619 1.49281793
8.63059580 1.49281937
8.63047577 1.49282081
8.63035611 1.49282224
8.63023682 1.49282366
8.63011790 1.49282507
8.62999934 1.49282648
8.62988114 1.49282787
8.62976330 1.49282926
8.62964582 1.49283064
8.62952871 1.49283201
8.62941195 1.49283337
8.62929555 1.49283472
8.62917950 1.49283606
8.62906381 1.49283740
8.62894848 1.49283873
8.62883349 1.49284005
8.62871886 1.49284136
8.62860458 1.49284267
8.62849065 1.49284396
8.62837706 1.49284525
8.62826383 1.49284653
8.62815093 1.49284780
8.62803839 1.49284907
8.62792618 1.49285032
8.62781432 1.49285157
8.62770280 1.49285282
8.62759162 1.49285405
8.62748079 1.49285528
8.62737028 1.49285650
8.62726012 1.49285771
8.62715029 1.49285891
8.62704080 1.49286011
8.62693164 1.49286130
8.62682281 1.49286248
8.62671432 1.49286366
8.62660616 1.49286482
8.62649832 1.49286599
8.62639082 1.49286714
8.62628364 1.49286829
8.62617679 1.49286943
8.62607026 1.49287056
8.62596406 1.49287169
8.62585818 1.49287280
8.62575263 1.49287392
8.62564739 1.49287502
8.62554248 1.49287612
8.62543789 1.49287721
8.62533361 1.49287830
8.62522965 1.49287938
8.62512601 1.49288045
8.62502268 1.49288152
8.62491967 1.49288258
8.62481697 1.49288363
8.62471458 1.49288468
8.62461251 1.49288572
8.62451074 1.49288675
8.62440929 1.49288778
8.62430814 1.49288880
8.62420730 1.49288982
8.62410677 1.49289083
8.62400654 1.49289183
8.62390661 1.49289283
8.62380699 1.49289382
8.62370768 1.49289480
8.62360866 1.49289578
8.62350994 1.49289675
8.62341153 1.49289772
8.62331341 1.49289868
8.62321559 1.49289964
8.62311807 1.49290059
8.62302084 1.49290153
8.62292391 1.49290247
8.62282727 1.49290340
8.62273093 1.49290433
8.62263488 1.49290525
8.62253912 1.49290616
8.62244365 1.49290707
8.62234847 1.49290798
8.62225357 1.49290888
8.62215897 1.49290977
8.62206465 1.49291066
8.62197062 1.49291154
8.62187687 1.49291242
8.62178341 1.49291329
8.62169023 1.49291416
8.62159733 1.49291502
8.62150471 1.49291588
8.62141238 1.49291673
8.62132032 1.49291758
8.62122854 1.49291842
8.62113704 1.49291925
8.62104582 1.49292008
8.62095487 1.49292091
8.62086420 1.49292173
8.62077380 1.49292255
8.62068368 1.49292336
8.62059383 1.49292416
8.62050425 1.49292496
8.62041494 1.49292576
8.62032590 1.49292655
8.62023713 1.49292734
8.62014863 1.49292812
8.62006040 1.49292890
8.61997243 1.49292967
8.61988473 1.49293044
8.61979730 1.49293120
8.61971012 1.49293196
8.61962322 1.49293272
8.61953657 1.49293346
8.61945019 1.49293421
8.61936406 1.49293495
8.61927820 1.49293569
8.61919260 1.49293642
8.61910725 1.49293715
8.61902216 1.49293787
8.61893733 1.49293859
8.61885276 1.49293930
8.61876844 1.49294001
8.61868437 1.49294072
8.61860056 1.49294142
8.61851700 1.49294212
8.61843370 1.49294281
8.61835064 1.49294350
8.61826784 1.49294418
8.61818528 1.49294486
8.61810298 1.49294554
8.61802092 1.49294621
8.61793911 1.49294688
8.61785754 1.49294754
8.61777623 1.49294820
8.61769515 1.49294886
8.61761432 1.49294951
8.61753374 1.49295016
8.61745340 1.49295081
8.61737330 1.49295145
8.61729344 1.49295208
8.61721382 1.49295272
8.61713444 1.49295334
8.61705530 1.49295397
8.61697640 1.49295459
8.61689774 1.49295521
8.61681931 1.49295582
8.61674112 1.49295643
8.61666316 1.49295704
8.61658544 1.49295764
8.61650795 1.49295824
8.61643070 1.49295884
8.61635368 1.49295943
8.61627689 1.49296002
8.61620033 1.49296061
8.61612400 1.49296119
8.61604790 1.49296177
8.61597203 1.49296234
8.61589639 1.49296291
8.61582098 1.49296348
8.61574579 1.49296404
8.61567083 1.49296461
8.61559609 1.49296516
8.61552158 1.49296572
8.61544729 1.49296627
8.61537322 1.49296682
8.61529938 1.49296736
8.61522576 1.49296790
8.61515236 1.49296844
8.61507918 1.49296897
8.61500622 1.49296951
8.61493348 1.49297003
8.61486096 1.49297056
8.61478866 1.49297108
8.61471657 1.49297160
8.61464470 1.49297212
8.61457305 1.49297263
8.61450161 1.49297314
8.61443038 1.49297364
8.61435937 1.49297415
8.61428857 1.49297465
8.61421799 1.49297515
8.61414761 1.49297564
8.61407745 1.49297613
8.61400750 1.49297662
8.61393775 1.49297711
8.61386822 1.49297759
8.61379889 1.49297807
8.61372978 1.49297855
8.61366087 1.49297902
8.61359216 1.49297949
8.61352367 1.49297996
8.61345537 1.49298043
8.61338729 1.49298089
8.61331940 1.49298135
8.61325172 1.49298181
8.61318425 1.49298226
8.61311697 1.49298271
8.61304990 1.49298316
8.61298303 1.49298361
8.61291635 1.49298405
8.61284988 1.49298449
8.61278361 1.49298493
8.61271753 1.49298537
8.61265165 1.49298580
8.61258597 1.49298623
8.61252049 1.49298666
8.61245520 1.49298709
8.61239011 1.49298751
8.61232521 1.49298793
8.61226051 1.49298835
8.61219600 1.49298876
8.61213169 1.49298918
8.61206756 1.49298959
8.61200363 1.49298999
8.61193989 1.49299040
8.61187634 1.49299080
8.61181298 1.49299120
8.61174981 1.49299160
8.61168683 1.49299200
8.61162404 1.49299239
8.61156143 1.49299278
8.61149901 1.49299317
8.61143678 1.49299356
8.61137473 1.49299394
8.61131287 1.49299433
8.61125120 1.49299471
8.61118971 1.49299508
8.61112840 1.49299546
8.61106728 1.49299583
8.61100634 1.49299620
8.61094558 1.49299657
8.61088500 1.49299694
8.61082460 1.49299730
8.61076439 1.49299766
8.61070435 1.49299802
8.61064449 1.49299838
8.61058481 1.49299874
8.61052531 1.49299909
8.61046599 1.49299944
8.61040685 1.49299979
8.61034788 1.49300014
8.61028908 1.49300048
8.61023047 1.49300083
8.61017202 1.49300117
8.61011376 1.49300151
8.61005566 1.49300184
8.60999774 1.49300218
8.60993999 1.49300251
8.60988242 1.49300284
8.60982501 1.49300317
8.60976778 1.49300350
8.60971072 1.49300382
8.60965383 1.49300415
8.60959711 1.49300447
8.60954055 1.49300479
8.60948417 1.49300511
8.60942795 1.49300542
8.60937191 1.49300573
8.60931602 1.49300605
8.60926031 1.49300636
8.60920476 1.49300666
8.60914938 1.49300697
8.60909416 1.49300728
8.60903911 1.49300758
8.60898422 1.49300788
8.60892949 1.49300818
8.60887493 1.49300848
8.60882053 1.49300877
8.60876629 1.49300906
8.60871221 1.49300936
8.60865830 1.49300965
8.60860454 1.49300994
8.60855095 1.49301022
8.60849751 1.49301051
8.60844424 1.49301079
8.60839112 1.49301107
8.60833816 1.49301135
8.60828536 1.49301163
8.60823272 1.49301191
8.60818023 1.49301218
8.60812790 1.49301246
8.60807572 1.49301273
8.60802370 1.49301300
8.60797184 1.49301327
8.60792013 1.49301353
8.60786857 1.49301380
8.60781717 1.49301406
8.60776592 1.49301433
8.60771482 1.49301459
8.60766387 1.49301485
8.60761308 1.49301510
8.60756243 1.49301536
8.60751194 1.49301561
8.60746160 1.49301587
8.60741140 1.49301612
8.60736136 1.49301637
8.60731147 1.49301662
8.60726172 1.49301686
8.60721212 1.49301711
8.60716267 1.49301735
8.60711337 1.49301760
8.60706421 1.49301784
8.60701520 1.49301808
8.60696633 1.49301832
8.60691761 1.49301855
8.60686904 1.49301879
8.60682060 1.49301902
8.60677232 1.49301926
8.60672417 1.49301949
8.60667617 1.49301972
8.60662831 1.49301995
8.60658060 1.49302017
8.60653302 1.49302040
8.60648559 1.49302062
8.60643830 1.49302085
8.60639115 1.49302107
8.60634414 1.49302129
8.60629726 1.49302151
8.60625053 1.49302173
8.60620394 1.49302194
8.60615748 1.49302216
8.60611116 1.49302237
8.60606498 1.49302259
8.60601894 1.49302280
8.60597303 1.49302301
8.60592726 1.49302322
8.60588163 1.49302343
8.60583613 1.49302363
8.60579077 1.49302384
8.60574554 1.49302404
8.60570044 1.49302425
8.60565548 1.49302445
8.60561066 1.49302465
8.60556596 1.49302485
8.60552140 1.49302505
8.60547697 1.49302524
8.60543267 1.49302544
8.60538850 1.49302563
8.60534447 1.49302583
8.60530056 1.49302602
8.60525679 1.49302621
8.60521314 1.49302640
8.60516963 1.49302659
8.60512624 1.49302678
8.60508298 1.49302696
8.60503985 1.49302715
8.60499685 1.49302734
8.60495398 1.49302752
8.60491123 1.49302770
8.60486861 1.49302788
8.60482612 1.49302806
8.60478375 1.49302824
8.60474151 1.49302842
8.60469939 1.49302860
8.60465740 1.49302877
8.60461553 1.49302895
8.60457379 1.49302912
8.60453217 1.49302930
8.60449067 1.49302947
8.60444929 1.49302964
8.60440804 1.49302981
8.60436691 1.49302998
8.60432591 1.49303015
8.60428502 1.49303031
8.60424426 1.49303048
8.60420361 1.49303064
8.60416309 1.49303081
8.60412268 1.49303097
8.60408240 1.49303113
8.60404224 1.49303129
8.60400219 1.49303145
8.60396226 1.49303161
8.60392245 1.49303177
8.60388276 1.49303193
8.60384319 1.49303208
8.60380373 1.49303224
8.60376439 1.49303239
8.60372517 1.49303255
8.60368606 1.49303270
8.60364707 1.49303285
8.60360820 1.49303300
8.60356943 1.49303315
8.60353079 1.49303330
8.60349226 1.49303345
8.60345384 1.49303360
8.60341553 1.49303374
8.60337734 1.49303389
8.60333927 1.49303404
8.60330130 1.49303418
8.60326345 1.49303432
8.60322571 1.49303446
8.60318808 1.49303461
8.60315056 1.49303475
8.60311315 1.49303489
8.60307586 1.49303502
8.60303867 1.49303516
8.60300159 1.49303530
8.60296463 1.49303544
8.60292777 1.49303557
8.60289102 1.49303571
8.60285438 1.49303584
8.60281785 1.49303597
8.60278143 1.49303611
8.60274511 1.49303624
8.60270891 1.49303637
8.60267280 1.49303650
8.60263681 1.49303663
8.60260092 1.49303676
8.60256514 1.49303689
8.60252946 1.49303701
8.60249389 1.49303714
8.60245843 1.49303726
8.60242307 1.49303739
8.60238781 1.49303751
8.60235266 1.49303764
8.60231761 1.49303776
8.60228267 1.49303788
8.60224782 1.49303800
8.60221309 1.49303812
8.60217845 1.49303824
8.60214392 1.49303836
8.60210948 1.49303848
8.60207515 1.49303860
8.60204093 1.49303872
8.60200680 1.49303883
8.60197277 1.49303895
8.60193885 1.49303906
8.60190502 1.49303918
8.60187129 1.49303929
8.60183767 1.49303940
8.60180414 1.49303951
8.60177071 1.49303963
8.60173738 1.49303974
8.60170415 1.49303985
8.60167102 1.49303996
8.60163798 1.49304007
8.60160505 1.49304017
8.60157221 1.49304028
8.60153946 1.49304039
8.60150682 1.49304050
8.60147427 1.49304060
8.60144181 1.49304071
8.60140945 1.49304081
8.60137719 1.49304092
8.60134502 1.49304102
8.60131295 1.49304112
8.60128097 1.49304122
8.60124909 1.49304132
8.60121730 1.49304143
8.60118560 1.49304153
8.60115400 1.49304163
8.60112249 1.49304172
8.60109107 1.49304182
8.60105975 1.49304192
8.60102852 1.49304202
8.60099738 1.49304212
8.60096633 1.49304221
8.60093537 1.49304231
8.60090451 1.49304240
8.60087374 1.49304250
8.60084305 1.49304259
8.60081246 1.49304268
8.60078196 1.49304278
8.60075155 1.49304287
8.60072122 1.49304296
8.60069099 1.49304305
8.60066085 1.49304314
8.60063079 1.49304323
8.60060083 1.49304332
8.60057095 1.49304341
8.60054116 1.49304350
8.60051146 1.49304359
8.60048184 1.49304368
8.60045231 1.49304376
8.60042287 1.49304385
8.60039352 1.49304394
8.60036425 1.49304402
8.60033507 1.49304411
8.60030598 1.49304419
8.60027697 1.49304428
8.60024805 1.49304436
8.60021921 1.49304444
8.60019045 1.49304452
8.60016178 1.49304461
8.60013320 1.49304469
8.60010470 1.49304477
8.60007628 1.49304485
8.60004795 1.49304493
8.60001970 1.49304501
8.59999154 1.49304509
8.59996346 1.49304517
8.59993546 1.49304525
8.59990754 1.49304532
8.59987970 1.49304540
8.59985195 1.49304548
8.59982428 1.49304555
8.59979669 1.49304563
8.59976918 1.49304571
8.59974175 1.49304578
8.59971441 1.49304586
8.59968714 1.49304593
8.59965995 1.49304600
8.59963285 1.49304608
8.59960582 1.49304615
8.59957887 1.49304622
8.59955201 1.49304630
8.59952522 1.49304637
8.59949851 1.49304644
8.59947188 1.49304651
8.59944533 1.49304658
8.59941885 1.49304665
8.59939246 1.49304672
8.59936614 1.49304679
8.59933990 1.49304686
8.59931373 1.49304693
8.59928765 1.49304699
8.59926164 1.49304706
8.59923570 1.49304713
8.59920984 1.49304719
8.59918406 1.49304726
8.59915836 1.49304733
8.59913273 1.49304739
8.59910717 1.49304746
8.59908170 1.49304752
8.59905629 1.49304759
8.59903096 1.49304765
8.59900571 1.49304771
8.59898053 1.49304778
8.59895542 1.49304784
8.59893039 1.49304790
8.59890543 1.49304797
8.59888054 1.49304803
8.59885573 1.49304809
8.59883099 1.49304815
8.59880633 1.49304821
8.59878173 1.49304827
8.59875721 1.49304833
8.59873276 1.49304839
8.59870838 1.49304845
8.59868408 1.49304851
8.59865984 1.49304857
8.59863568 1.49304863
8.59861159 1.49304868
8.59858757 1.49304874
8.59856361 1.49304880
8.59853973 1.49304886
8.59851592 1.49304891
8.59849218 1.49304897
8.59846851 1.49304902
8.59844491 1.49304908
8.59842138 1.49304914
8.59839792 1.49304919
8.59837453 1.49304925
8.59835120 1.49304930
8.59832795 1.49304935
8.59830476 1.49304941
8.59828164 1.49304946
8.59825859 1.49304951
8.59823561 1.49304957
8.59821269 1.49304962
8.59818984 1.49304967
8.59816706 1.49304972
8.59814434 1.49304977
8.59812170 1.49304983
8.59809912 1.49304988
8.59807660 1.49304993
8.59805415 1.49304998
8.59803177 1.49305003
8.59800945 1.49305008
8.59798720 1.49305013
8.59796501 1.49305018
8.59794289 1.49305022
8.59792084 1.49305027
8.59789885 1.49305032
8.59787692 1.49305037
8.59785506 1.49305042
8.59783326 1.49305046
8.59781153 1.49305051
8.59778986 1.49305056
8.59776825 1.49305061
8.59774671 1.49305065
8.59772523 1.49305070
8.59770381 1.49305074
8.59768246 1.49305079
8.59766117 1.49305083
8.59763994 1.49305088
8.59761877 1.49305092
8.59759767 1.49305097
8.59757663 1.49305101
8.59755565 1.49305106
8.59753473 1.49305110
8.59751387 1.49305114
8.59749308 1.49305119
8.59747234 1.49305123
8.59745167 1.49305127
8.59743105 1.49305132
8.59741050 1.49305136
8.59739001 1.49305140
8.59736958 1.49305144
8.59734920 1.49305148
8.59732889 1.49305152
8.59730864 1.49305156
8.59728845 1.49305161
8.59726831 1.49305165
8.59724824 1.49305169
8.59722822 1.49305173
8.59720826 1.49305177
8.59718837 1.49305181
8.59716853 1.49305184
8.59714874 1.49305188
8.59712902 1.49305192
8.59710935 1.49305196
8.59708975 1.49305200
8.59707019 1.49305204
8.59705070 1.49305208
8.59703126 1.49305211
8.59701189 1.49305215
8.59699256 1.49305219
8.59697330 1.49305223
8.59695409 1.49305226
8.59693494 1.49305230
8.59691584 1.49305234
8.59689680 1.49305237
8.59687781 1.49305241
8.59685889 1.49305244
8.59684001 1.49305248
8.59682119 1.49305251
8.59680243 1.49305255
8.59678372 1.49305258
8.59676507 1.49305262
8.59674647 1.49305265
8.59672793 1.49305269
8.59670944 1.49305272
8.59669100 1.49305276
8.59667262 1.49305279
8.59665430 1.49305282
8.59663602 1.49305286
8.59661780 1.49305289
8.59659964 1.49305292
8.59658153 1.49305296
8.59656347 1.49305299
8.59654546 1.49305302
8.59652750 1.49305305
8.59650960 1.49305308
8.59649175 1.49305312
8.59647396 1.49305315
8.59645621 1.49305318
8.59643852 1.49305321
8.59642088 1.49305324
8.59640329 1.49305327
8.59638575 1.49305330
8.59636827 1.49305333
8.59635083 1.49305336
8.59633345 1.49305339
8.59631612 1.49305342
8.59629884 1.49305345
8.59628161 1.49305348
8.59626443 1.49305351
8.59624730 1.49305354
8.59623022 1.49305357
8.59621319 1.49305360
8.59619621 1.49305363
8.59617928 1.49305366
8.59616240 1.49305369
8.59614557 1.49305371
8.59612878 1.49305374
8.59611205 1.49305377
8.59609537 1.49305380
8.59607873 1.49305383
8.59606215 1.49305385
8.59604561 1.49305388
8.59602912 1.49305391
8.59601268 1.49305394
8.59599629 1.49305396
8.59597995 1.49305399
8.59596365 1.49305402
8.59594740 1.49305404
8.59593120 1.49305407
8.59591505 1.49305409
8.59589894 1.49305412
8.59588288 1.49305415
8.59586687 1.49305417
8.59585091 1.49305420
8.59583499 1.49305422
8.59581912 1.49305425
8.59580329 1.49305427
8.59578751 1.49305430
8.59577178 1.49305432
8.59575609 1.49305435
8.59574045 1.49305437
8.59572486 1.49305439
8.59570931 1.49305442
8.59569381 1.49305444
8.59567835 1.49305447
8.59566294 1.49305449
8.59564757 1.49305451
8.59563225 1.49305454
8.59561697 1.49305456
8.59560174 1.49305458
8.59558655 1.49305461
8.59557141 1.49305463
8.59555631 1.49305465
8.59554125 1.49305468
8.59552624 1.49305470
8.59551127 1.49305472
8.59549635 1.49305474
8.59548147 1.49305476
8.59546663 1.49305479
8.59545184 1.49305481
8.59543709 1.49305483
8.59542239 1.49305485
8.59540772 1.49305487
8.59539310 1.49305489
8.59537853 1.49305492
8.59536399 1.49305494
8.59534950 1.49305496
8.59533505 1.49305498
8.59532064 1.49305500
8.59530628 1.49305502
8.59529196 1.49305504
8.59527768 1.49305506
8.59526344 1.49305508
8.59524924 1.49305510
8.59523508 1.49305512
8.59522097 1.49305514
8.59520690 1.49305516
8.59519286 1.49305518
8.59517887 1.49305520
8.59516492 1.49305522
8.59515101 1.49305524
8.59513715 1.49305526
8.59512332 1.49305528
8.59510953 1.49305530
8.59509578 1.49305532
8.59508208 1.49305533
8.59506841 1.49305535
8.59505478 1.49305537
8.59504120 1.49305539
8.59502765 1.49305541
8.59501414 1.49305543
8.59500068 1.49305544
8.59498725 1.49305546
8.59497386 1.49305548
8.59496051 1.49305550
8.59494720 1.49305552
8.59493393 1.49305553
8.59492069 1.49305555
8.59490750 1.49305557
8.59489434 1.49305559
8.59488123 1.49305560
8.59486815 1.49305562
8.59485511 1.49305564
8.59484211 1.49305565
8.59482914 1.49305567
8.59481622 1.49305569
8.59480333 1.49305570
8.59479048 1.49305572
8.59477766 1.49305574
8.59476489 1.49305575
8.59475215 1.49305577
8.59473945 1.49305578
8.59472678 1.49305580
8.59471416 1.49305582
8.59470157 1.49305583
8.59468902 1.49305585
8.59467650 1.49305586
8.59466402 1.49305588
8.59465158 1.49305590
8.59463917 1.49305591
8.59462680 1.49305593
8.59461447 1.49305594
8.59460217 1.49305596
8.59458990 1.49305597
8.59457768 1.49305599
8.59456549 1.49305600
8.59455333 1.49305602
8.59454121 1.49305603
8.59452913 1.49305604
8.59451708 1.49305606
8.59450507 1.49305607
8.59449309 1.49305609
8.59448115 1.49305610
8.59446924 1.49305612
8.59445737 1.49305613
8.59444553 1.49305614
8.59443372 1.49305616
8.59442195 1.49305617
8.59441022 1.49305619
8.59439852 1.49305620
8.59438685 1.49305621
8.59437522 1.49305623
8.59436362 1.49305624
8.59435206 1.49305625
8.59434052 1.49305627
8.59432903 1.49305628
8.59431756 1.49305629
8.59430613 1.49305631
8.59429474 1.49305632
8.59428338 1.49305633
8.59427205 1.49305634
8.59426075 1.49305636
8.59424949 1.49305637
8.59423825 1.49305638
8.59422706 1.49305640
8.59421589 1.49305641
8.59420476 1.49305642
8.59419366 1.49305643
8.59418259 1.49305644
8.59417156 1.49305646
8.59416055 1.49305647
8.59414958 1.49305648
8.59413864 1.49305649
8.59412774 1.49305650
8.59411686 1.49305652
8.59410602 1.49305653
8.59409521 1.49305654
8.59408443 1.49305655
8.59407368 1.49305656
8.59406296 1.49305657
8.59405228 1.49305659
8.59404162 1.49305660
8.59403100 1.49305661
8.59402041 1.49305662
8.59400985 1.49305663
8.59399932 1.49305664
8.59398882 1.49305665
8.59397835 1.49305666
8.59396791 1.49305667
8.59395750 1.49305669
8.59394713 1.49305670
8.59393678 1.49305671
8.59392646 1.49305672
8.59391618 1.49305673
8.59390592 1.49305674
8.59389570 1.49305675
8.59388550 1.49305676
8.59387533 1.49305677
8.59386519 1.49305678
8.59385509 1.49305679
8.59384501 1.49305680
8.59383496 1.49305681
8.59382494 1.49305682
