1.63679286 1.87469674
1.63356844 1.87571942
1.63044956 1.87667622
1.62743293 1.87757129
1.62451535 1.87840853
1.62169369 1.87919160
1.61896493 1.87992395
1.61632612 1.88060879
1.61377438 1.88124918
1.61130693 1.88184794
1.60892108 1.88240775
1.60661419 1.88293111
1.60438372 1.88342037
1.60222719 1.88387771
1.60014222 1.88430521
1.59812647 1.88470479
1.59617769 1.88507825
1.59429369 1.88542729
1.59247236 1.88575350
1.59071164 1.88605835
1.58900955 1.88634323
1.58736417 1.88660945
1.58577362 1.88685822
1.58423610 1.88709067
1.58274986 1.88730788
1.58131321 1.88751083
1.57992452 1.88770046
1.57858219 1.88787764
1.57728469 1.88804317
1.57603053 1.88819784
1.57481828 1.88834234
1.57364655 1.88847734
1.57251399 1.88860346
1.57141930 1.88872129
1.57036122 1.88883137
1.56933854 1.88893421
1.56835006 1.88903029
1.56739466 1.88912004
1.56647124 1.88920388
1.56557872 1.88928221
1.56471608 1.88935538
1.56388232 1.88942373
1.56307648 1.88948758
1.56229762 1.88954723
1.56154484 1.88960294
1.56081728 1.88965499
1.56011408 1.88970361
1.55943445 1.88974903
1.55877758 1.88979145
1.55814271 1.88983108
1.55752912 1.88986810
1.55693609 1.88990268
1.55636293 1.88993498
1.55580897 1.88996516
1.55527359 1.88999334
1.55475614 1.89001967
1.55425604 1.89004426
1.55377269 1.89006723
1.55330555 1.89008868
1.55285407 1.89010873
1.55241772 1.89012745
1.55199600 1.89014493
1.55158842 1.89016127
1.55119450 1.89017652
1.55081378 1.89019078
1.55044583 1.89020409
1.55009022 1.89021652
1.54974652 1.89022814
1.54941435 1.89023899
1.54909332 1.89024912
1.54878305 1.89025858
1.54848319 1.89026743
1.54819337 1.89027568
1.54791328 1.89028340
1.54764258 1.89029060
1.54738095 1.89029733
1.54712810 1.89030362
1.54688372 1.89030949
1.54664754 1.89031498
1.54641928 1.89032010
1.54619867 1.89032488
1.54598547 1.89032935
1.54577941 1.89033353
1.54558026 1.89033743
1.54538779 1.89034107
1.54520177 1.89034447
1.54502199 1.89034765
1.54484824 1.89035062
1.54468031 1.89035339
1.54451802 1.89035598
1.54436117 1.89035840
1.54420958 1.89036066
1.54406307 1.89036277
1.54392148 1.89036474
1.54378463 1.89036658
1.54365238 1.89036830
1.54352456 1.89036991
1.54340102 1.89037141
1.54328163 1.89037281
1.54316624 1.89037412
1.54305472 1.89037534
1.54294694 1.89037648
1.54284278 1.89037755
1.54274211 1.89037855
1.54264481 1.89037948
1.54255078 1.89038035
1.54245990 1.89038116
1.54237207 1.89038192
1.54228719 1.89038263
1.54220515 1.89038329
1.54212586 1.89038391
1.54204923 1.89038448
1.54197518 1.89038502
1.54190360 1.89038553
1.54183443 1.89038600
1.54176757 1.89038644
1.54170296 1.89038685
1.54164051 1.89038723
1.54158016 1.89038759
1.54152183 1.89038792
1.54146546 1.89038824
1.54141098 1.89038853
1.54135833 1.89038880
1.54130744 1.89038905
1.54125826 1.89038929
1.54121073 1.89038951
1.54116479 1.89038972
1.54112039 1.89038992
1.54107748 1.89039010
1.54103601 1.89039027
1.54099593 1.89039042
1.54095720 1.89039057
1.54091976 1.89039071
1.54088358 1.89039084
1.54084862 1.89039096
1.54081482 1.89039107
1.54078216 1.89039118
1.54075060 1.89039127
1.54072009 1.89039136
1.54069061 1.89039145
1.54066211 1.89039153
1.54063457 1.89039160
1.54060796 1.89039167
1.54058223 1.89039174
1.54055737 1.89039180
1.54053335 1.89039186
1.54051012 1.89039191
1.54048768 1.89039196
1.54046599 1.89039201
1.54044503 1.89039205
1.54042477 1.89039209
1.54040519 1.89039213
1.54038627 1.89039216
1.54036798 1.89039219
1.54035030 1.89039223
1.54033322 1.89039225
1.54031671 1.89039228
1.54030076 1.89039231
1.54028534 1.89039233
1.54027043 1.89039235
1.54025603 1.89039237
1.54024211 1.89039239
1.54022865 1.89039241
1.54021565 1.89039243
1.54020308 1.89039244
1.54019094 1.89039246
1.54017920 1.89039247
1.54016786 1.89039248
1.54015689 1.89039249
1.54014630 1.89039250
1.54013606 1.89039251
