3.03032427 1.61097809
3.02342534 1.61570945
3.01660840 1.62032831
3.00987453 1.62483463
3.00322470 1.62922854
2.99665976 1.63351036
2.99018048 1.63768060
2.98378751 1.64173992
2.97748143 1.64568913
2.97126271 1.64952919
2.96513170 1.65326120
2.95908871 1.65688639
2.95313394 1.66040610
2.94726750 1.66382176
2.94148942 1.66713492
2.93579968 1.67034719
2.93019815 1.67346030
2.92468466 1.67647601
2.91925895 1.67939616
2.91392072 1.68222263
2.90866958 1.68495736
2.90350512 1.68760232
2.89842683 1.69015951
2.89343419 1.69263095
2.88852662 1.69501869
2.88370348 1.69732479
2.87896411 1.69955130
2.87430779 1.70170030
2.86973379 1.70377383
2.86524131 1.70577395
2.86082956 1.70770271
2.85649769 1.70956212
2.85224484 1.71135420
2.84807012 1.71308093
2.84397263 1.71474426
2.83995142 1.71634614
2.83600557 1.71788845
2.83213410 1.71937308
2.82833604 1.72080186
2.82461042 1.72217660
2.82095622 1.72349906
2.81737245 1.72477097
2.81385810 1.72599402
2.81041215 1.72716988
2.80703359 1.72830014
2.80372139 1.72938640
2.80047453 1.73043017
2.79729199 1.73143297
2.79417274 1.73239623
2.79111576 1.73332138
2.78812005 1.73420980
2.78518458 1.73506280
2.78230834 1.73588171
2.77949034 1.73666776
2.77672958 1.73742218
2.77402507 1.73814615
2.77137582 1.73884081
2.76878086 1.73950728
2.76623923 1.74014662
2.76374996 1.74075986
2.76131212 1.74134802
2.75892475 1.74191206
2.75658694 1.74245291
2.75429778 1.74297148
2.75205634 1.74346863
2.74986174 1.74394522
2.74771309 1.74440205
2.74560952 1.74483990
2.74355017 1.74525953
2.74153418 1.74566166
2.73956074 1.74604700
2.73762899 1.74641621
2.73573815 1.74676995
2.73388739 1.74710885
2.73207594 1.74743349
2.73030301 1.74774447
2.72856785 1.74804234
2.72686970 1.74832763
2.72520781 1.74860087
2.72358147 1.74886254
2.72198995 1.74911311
2.72043255 1.74935306
2.71890859 1.74958281
2.71741737 1.74980280
2.71595823 1.75001341
2.71453051 1.75021505
2.71313358 1.75040809
2.71176679 1.75059288
2.71042952 1.75076978
2.70912117 1.75093911
2.70784113 1.75110118
2.70658881 1.75125631
2.70536364 1.75140479
2.70416506 1.75154689
2.70299249 1.75168289
2.70184541 1.75181304
2.70072327 1.75193759
2.69962555 1.75205677
2.69855174 1.75217082
2.69750132 1.75227996
2.69647381 1.75238438
2.69546872 1.75248430
2.69448558 1.75257990
2.69352391 1.75267137
2.69258326 1.75275889
2.69166319 1.75284262
2.69076324 1.75292272
2.68988301 1.75299935
2.68902205 1.75307266
2.68817997 1.75314280
2.68735634 1.75320989
2.68655079 1.75327407
2.68576292 1.75333546
2.68499234 1.75339419
2.68423869 1.75345036
2.68350160 1.75350410
2.68278072 1.75355549
2.68207569 1.75360465
2.68138617 1.75365167
2.68071183 1.75369664
2.68005233 1.75373966
2.67940736 1.75378080
2.67877660 1.75382015
2.67815974 1.75385778
2.67755648 1.75389377
2.67696653 1.75392819
2.67638958 1.75396111
2.67582537 1.75399259
2.67527361 1.75402270
2.67473403 1.75405149
2.67420637 1.75407903
2.67369037 1.75410536
2.67318576 1.75413054
2.67269231 1.75415462
2.67220976 1.75417765
2.67173789 1.75419967
2.67127645 1.75422073
2.67082522 1.75424086
2.67038397 1.75426012
2.66995249 1.75427853
2.66953056 1.75429614
2.66911797 1.75431297
2.66871451 1.75432907
2.66831999 1.75434446
2.66793421 1.75435918
2.66755698 1.75437325
2.66718810 1.75438671
2.66682740 1.75439957
2.66647470 1.75441187
2.66612982 1.75442364
2.66579258 1.75443488
2.66546282 1.75444564
2.66514038 1.75445592
2.66482508 1.75446575
2.66451679 1.75447515
2.66421533 1.75448414
2.66392057 1.75449273
2.66363234 1.75450094
2.66335052 1.75450880
2.66307495 1.75451631
2.66280550 1.75452349
2.66254203 1.75453035
2.66228441 1.75453691
2.66203252 1.75454319
2.66178622 1.75454919
2.66154539 1.75455492
2.66130991 1.75456041
2.66107967 1.75456565
2.66085454 1.75457066
2.66063441 1.75457545
2.66041918 1.75458003
2.66020873 1.75458441
2.66000296 1.75458860
2.65980176 1.75459260
2.65960504 1.75459643
2.65941269 1.75460009
2.65922462 1.75460359
2.65904073 1.75460693
2.65886093 1.75461013
2.65868513 1.75461318
2.65851324 1.75461611
2.65834517 1.75461890
2.65818084 1.75462157
2.65802017 1.75462412
2.65786307 1.75462656
2.65770947 1.75462890
2.65755929 1.75463113
2.65741245 1.75463326
2.65726887 1.75463530
2.65712850 1.75463725
2.65699124 1.75463911
2.65685704 1.75464089
2.65672583 1.75464259
2.65659754 1.75464422
2.65647211 1.75464577
2.65634947 1.75464726
2.65622956 1.75464868
2.65611231 1.75465004
2.65599768 1.75465134
2.65588560 1.75465258
2.65577602 1.75465377
2.65566888 1.75465491
2.65556412 1.75465599
2.65546170 1.75465703
2.65536156 1.75465802
2.65526365 1.75465897
2.65516792 1.75465988
2.65507432 1.75466074
2.65498280 1.75466157
2.65489333 1.75466236
2.65480585 1.75466312
2.65472031 1.75466384
2.65463669 1.75466453
2.65455492 1.75466519
2.65447498 1.75466583
2.65439682 1.75466643
2.65432040 1.75466701
2.65424568 1.75466756
2.65417263 1.75466809
2.65410120 1.75466859
2.65403137 1.75466907
2.65396309 1.75466954
2.65389634 1.75466998
2.65383107 1.75467040
2.65376726 1.75467080
2.65370487 1.75467119
2.65364387 1.75467155
2.65358423 1.75467190
2.65352591 1.75467224
2.65346890 1.75467256
2.65341316 1.75467287
2.65335866 1.75467316
2.65330538 1.75467344
2.65325328 1.75467371
2.65320235 1.75467397
2.65315255 1.75467421
2.65310386 1.75467445
2.65305625 1.75467467
2.65300971 1.75467489
2.65296420 1.75467509
2.65291971 1.75467529
2.65287621 1.75467547
2.65283369 1.75467565
2.65279210 1.75467582
2.65275145 1.75467599
2.65271170 1.75467614
2.65267284 1.75467629
2.65263485 1.75467644
2.65259770 1.75467657
2.65256138 1.75467670
2.65252587 1.75467683
2.65249115 1.75467695
2.65245720 1.75467706
2.65242402 1.75467717
2.65239157 1.75467727
2.65235985 1.75467737
2.65232883 1.75467747
2.65229850 1.75467756
2.65226886 1.75467765
2.65223987 1.75467773
2.65221153 1.75467781
2.65218382 1.75467789
2.65215673 1.75467796
2.65213024 1.75467803
2.65210434 1.75467809
2.65207902 1.75467816
2.65205427 1.75467822
2.65203007 1.75467828
2.65200641 1.75467833
2.65198327 1.75467838
2.65196065 1.75467843
2.65193854 1.75467848
2.65191692 1.75467853
2.65189578 1.75467857
2.65187511 1.75467862
2.65185490 1.75467866
2.65183515 1.75467869
2.65181583 1.75467873
2.65179695 1.75467877
2.65177848 1.75467880
2.65176043 1.75467883
2.65174278 1.75467886
2.65172553 1.75467889
2.65170866 1.75467892
2.65169216 1.75467895
2.65167603 1.75467897
2.65166027 1.75467900
2.65164485 1.75467902
2.65162978 1.75467904
2.65161505 1.75467907
2.65160064 1.75467909
2.65158655 1.75467911
2.65157278 1.75467912
2.65155932 1.75467914
2.65154616 1.75467916
2.65153329 1.75467918
2.65152070 1.75467919
2.65150840 1.75467921
2.65149637 1.75467922
2.65148461 1.75467923
2.65147312 1.75467925
2.65146187 1.75467926
2.65145088 1.75467927
2.65144014 1.75467928
2.65142963 1.75467929
2.65141936 1.75467930
