2.41352145 1.50305865
2.43468824 1.54863797
2.45658536 1.59739608
2.47921855 1.64946171
2.50258951 1.70494625
2.52669540 1.76393835
2.55152816 1.82649806
2.57707394 1.89265074
2.60331252 1.96238085
2.63021678 2.03562594
2.65775231 2.11227132
2.68587712 2.19214560
2.71454145 2.27501771
2.74368793 2.36059574
2.77325172 2.44852802
2.80316115 2.53840665
2.83333836 2.62977364
2.86370035 2.72212962
2.89416012 2.81494482
2.92462808 2.90767182
2.95501350 2.99975954
2.98522610 3.09066750
3.01517755 3.17987974
3.04478296 3.26691744
3.07396224 3.35134974
3.10264123 3.43280201
3.13075263 3.51096158
3.15823672 3.58558054
3.18504175 3.65647604
3.21112415 3.72352817
3.23644852 3.78667590
3.26098734 3.84591162
3.28472063 3.90127472
3.30763543 3.95284456
3.32972518 4.00073346
3.35098908 4.04507980
3.37143142 4.08604161
3.39106089 4.12379073
3.40988996 4.15850776
3.42793421 4.19037763
3.44521180 4.21958600
3.46174295 4.24631625
3.47754943 4.27074725
3.49265420 4.29305151
3.50708102 4.31339395
3.52085413 4.33193104
3.53399802 4.34881023
3.54653718 4.36416975
3.55849595 4.37813853
3.56989831 4.39083633
3.58076782 4.40237404
3.59112750 4.41285397
3.60099975 4.42237032
3.61040630 4.43100956
3.61936817 4.43885096
3.62790567 4.44596705
3.63603831 4.45242409
3.64378491 4.45828253
3.65116348 4.46359748
3.65819131 4.46841909
3.66488495 4.47279303
3.67126023 4.47676079
3.67733228 4.48036008
3.68311554 4.48362517
3.68862380 4.48658714
3.69387021 4.48927422
3.69886730 4.49171201
3.70362703 4.49392372
3.70816078 4.49593044
3.71247939 4.49775124
3.71659317 4.49940345
3.72051197 4.50090277
3.72424513 4.50226343
3.72780155 4.50349832
3.73118972 4.50461914
3.73441768 4.50563650
3.73749312 4.50656000
3.74042333 4.50739835
3.74321526 4.50815945
3.74587551 4.50885047
3.74841038 4.50947789
3.75082585 4.51004760
3.75312760 4.51056494
3.75532106 4.51103476
3.75741138 4.51146143
3.75940347 4.51184895
3.76130198 4.51220093
3.76311137 4.51252063
3.76483586 4.51281105
3.76647948 4.51307486
3.76804605 4.51331453
3.76953922 4.51353226
3.77096247 4.51373008
3.77231909 4.51390982
3.77361223 4.51407313
3.77484489 4.51422152
3.77601991 4.51435636
3.77714002 4.51447890
3.77820780 4.51459025
3.77922571 4.51469145
3.78019610 4.51478341
3.78112120 4.51486700
3.78200313 4.51494296
3.78284393 4.51501201
3.78364552 4.51507477
3.78440974 4.51513181
3.78513835 4.51518366
3.78583300 4.51523079
3.78649530 4.51527363
3.78712676 4.51531258
3.78772881 4.51534798
3.78830284 4.51538016
3.78885015 4.51540942
3.78937200 4.51543602
3.78986956 4.51546020
3.79034398 4.51548219
3.79079634 4.51550217
3.79122767 4.51552035
3.79163894 4.51553687
3.79203109 4.51555189
3.79240502 4.51556555
3.79276157 4.51557796
3.79310155 4.51558925
3.79342574 4.51559952
3.79373486 4.51560885
3.79402963 4.51561734
3.79431071 4.51562506
3.79457873 4.51563207
3.79483431 4.51563845
3.79507803 4.51564426
3.79531043 4.51564953
3.79553204 4.51565433
3.79574336 4.51565869
3.79594488 4.51566266
3.79613704 4.51566626
3.79632028 4.51566954
3.79649503 4.51567253
3.79666166 4.51567524
3.79682056 4.51567771
3.79697209 4.51567995
3.79711659 4.51568199
3.79725439 4.51568384
3.79738580 4.51568553
3.79751111 4.51568706
3.79763061 4.51568846
3.79774456 4.51568973
3.79785323 4.51569088
3.79795686 4.51569193
3.79805569 4.51569288
3.79814993 4.51569375
3.79823980 4.51569454
3.79832551 4.51569526
3.79840724 4.51569591
3.79848518 4.51569650
3.79855951 4.51569704
3.79863039 4.51569753
3.79869798 4.51569798
3.79876244 4.51569839
3.79882392 4.51569876
3.79888254 4.51569909
3.79893845 4.51569940
3.79899176 4.51569967
3.79904260 4.51569993
3.79909109 4.51570016
3.79913733 4.51570036
3.79918142 4.51570055
3.79922347 4.51570073
3.79926357 4.51570088
3.79930182 4.51570103
3.79933829 4.51570116
3.79937307 4.51570128
3.79940624 4.51570138
3.79943787 4.51570148
3.79946803 4.51570157
3.79949680 4.51570165
3.79952423 4.51570172
3.79955039 4.51570179
3.79957534 4.51570185
3.79959914 4.51570191
3.79962183 4.51570196
3.79964347 4.51570200
3.79966410 4.51570204
3.79968378 4.51570208
3.79970255 4.51570212
3.79972045 4.51570215
3.79973752 4.51570218
3.79975379 4.51570220
3.79976932 4.51570223
3.79978412 4.51570225
3.79979824 4.51570227
3.79981170 4.51570228
3.79982454 4.51570230
3.79983679 4.51570232
3.79984846 4.51570233
3.79985960 4.51570234
3.79987022 4.51570235
3.79988035 4.51570236
