2.23407189 1.83783506
2.24510544 1.85022005
2.25652103 1.86347542
2.26832805 1.87765283
2.28053545 1.89280497
2.29315163 1.90898514
2.30618427 1.92624675
2.31964024 1.94464275
2.33352542 1.96422494
2.34784457 1.98504319
2.36260115 2.00714455
2.37779717 2.03057225
2.39343296 2.05536467
2.40950709 2.08155414
2.42601611 2.10916574
2.44295442 2.13821606
2.46031414 2.16871197
2.47808495 2.20064939
2.49625396 2.23401218
2.51480569 2.26877113
2.53372196 2.30488322
2.55298190 2.34229096
2.57256203 2.38092222
2.59243626 2.42069021
2.61257610 2.46149389
2.63295083 2.50321884
2.65352769 2.54573834
2.67427220 2.58891498
2.69514849 2.63260250
2.71611961 2.67664795
2.73714796 2.72089404
2.75819563 2.76518166
2.77922484 2.80935236
2.80019835 2.85325088
2.82107975 2.89672747
2.84183393 2.93964004
2.86242730 2.98185603
2.88282812 3.02325392
2.90300671 3.06372447
2.92293563 3.10317150
2.94258985 3.14151240
2.96194679 3.17867822
2.98098639 3.21461353
2.99969109 3.24927598
3.01804582 3.28263559
3.03603789 3.31467400
3.05365692 3.34538343
3.07089472 3.37476571
3.08774514 3.40283114
3.10420392 3.42959745
3.12026856 3.45508872
3.13593814 3.47933436
3.15121320 3.50236812
3.16609552 3.52422727
3.18058805 3.54495171
3.19469471 3.56458333
3.20842030 3.58316529
3.22177035 3.60074153
3.23475101 3.61735625
3.24736897 3.63305349
3.25963133 3.64787683
3.27154554 3.66186908
3.28311933 3.67507206
3.29436059 3.68752642
3.30527739 3.69927151
3.31587786 3.71034526
3.32617019 3.72078415
3.33616254 3.73062310
3.34586306 3.73989552
3.35527984 3.74863327
3.36442085 3.75686666
3.37329399 3.76462451
3.38190700 3.77193415
3.39026749 3.77882149
3.39838293 3.78531104
3.40626061 3.79142597
3.41390766 3.79718818
3.42133104 3.80261831
3.42853752 3.80773585
3.43553370 3.81255917
3.44232600 3.81710557
3.44892066 3.82139133
3.45532374 3.82543180
3.46154112 3.82924141
3.46757850 3.83283373
3.47344142 3.83622152
3.47913524 3.83941680
3.48466516 3.84243086
3.49003620 3.84527431
3.49525326 3.84795712
3.50032104 3.85048869
3.50524412 3.85287782
3.51002692 3.85513280
3.51467372 3.85726143
3.51918866 3.85927102
3.52357575 3.86116848
3.52783887 3.86296026
3.53198177 3.86465246
3.53600808 3.86625081
3.53992131 3.86776068
3.54372486 3.86918714
3.54742202 3.87053495
3.55101597 3.87180860
3.55450979 3.87301230
3.55790645 3.87415001
3.56120884 3.87522548
3.56441974 3.87624221
3.56754187 3.87720352
3.57057782 3.87811253
3.57353014 3.87897215
3.57640126 3.87978517
3.57919357 3.88055418
3.58190935 3.88128163
3.58455083 3.88196984
3.58712016 3.88262099
3.58961942 3.88323711
3.59205064 3.88382016
3.59441578 3.88437196
3.59671672 3.88489421
3.59895531 3.88538856
3.60113332 3.88585652
3.60325248 3.88629954
3.60531446 3.88671899
3.60732088 3.88711615
3.60927331 3.88749222
3.61117328 3.88784837
3.61302226 3.88818566
3.61482168 3.88850511
3.61657294 3.88880770
3.61827737 3.88909433
3.61993629 3.88936586
3.62155096 3.88962311
3.62312262 3.88986683
3.62465245 3.89009775
3.62614161 3.89031657
3.62759123 3.89052392
3.62900240 3.89072042
3.63037617 3.89090665
3.63171357 3.89108315
3.63301561 3.89125044
3.63428325 3.89140901
3.63551742 3.89155932
3.63671905 3.89170181
3.63788901 3.89183689
3.63902818 3.89196495
3.64013738 3.89208637
3.64121743 3.89220149
3.64226912 3.89231064
3.64329322 3.89241414
3.64429046 3.89251229
3.64526158 3.89260536
3.64620727 3.89269362
3.64712822 3.89277733
3.64802510 3.89285672
3.64889855 3.89293201
3.64974919 3.89300343
3.65057765 3.89307117
3.65138450 3.89313542
3.65217032 3.89319637
3.65293569 3.89325418
3.65368113 3.89330903
3.65440719 3.89336106
3.65511437 3.89341042
3.65580318 3.89345725
3.65647410 3.89350168
3.65712761 3.89354383
3.65776417 3.89358383
3.65838422 3.89362178
3.65898820 3.89365778
3.65957654 3.89369195
3.66014965 3.89372437
3.66070793 3.89375514
3.66125176 3.89378433
3.66178154 3.89381203
3.66229762 3.89383832
3.66280037 3.89386327
3.66329013 3.89388695
3.66376726 3.89390942
3.66423207 3.89393075
3.66468489 3.89395099
3.66512604 3.89397020
3.66555581 3.89398843
3.66597451 3.89400573
3.66638243 3.89402216
3.66677984 3.89403775
3.66716702 3.89405255
3.66754424 3.89406659
3.66791175 3.89407993
3.66826981 3.89409258
3.66861867 3.89410460
3.66895855 3.89411600
3.66928971 3.89412683
3.66961235 3.89413710
3.66992671 3.89414686
3.67023300 3.89415612
3.67053143 3.89416491
3.67082220 3.89417326
3.67110550 3.89418118
3.67138154 3.89418870
3.67165050 3.89419584
3.67191256 3.89420262
3.67216791 3.89420906
3.67241671 3.89421517
3.67265913 3.89422097
3.67289535 3.89422648
3.67312551 3.89423171
3.67334978 3.89423667
3.67356831 3.89424139
3.67378124 3.89424586
3.67398872 3.89425011
3.67419089 3.89425415
3.67438789 3.89425798
3.67457985 3.89426162
3.67476690 3.89426507
3.67494916 3.89426835
3.67512676 3.89427147
3.67529983 3.89427442
3.67546847 3.89427723
3.67563279 3.89427990
3.67579292 3.89428243
3.67594896 3.89428483
3.67610101 3.89428711
3.67624917 3.89428928
3.67639355 3.89429134
3.67653424 3.89429329
3.67667134 3.89429515
3.67680494 3.89429691
3.67693513 3.89429858
3.67706199 3.89430017
3.67718561 3.89430168
3.67730608 3.89430311
3.67742348 3.89430447
3.67753788 3.89430577
3.67764935 3.89430699
3.67775799 3.89430816
3.67786385 3.89430926
3.67796702 3.89431032
3.67806755 3.89431131
3.67816551 3.89431226
3.67826098 3.89431316
3.67835402 3.89431401
3.67844468 3.89431483
3.67853303 3.89431560
3.67861912 3.89431633
3.67870302 3.89431702
3.67878479 3.89431768
3.67886447 3.89431831
3.67894211 3.89431891
3.67901778 3.89431947
3.67909152 3.89432001
3.67916338 3.89432052
3.67923341 3.89432100
3.67930166 3.89432146
3.67936816 3.89432190
3.67943298 3.89432231
3.67949614 3.89432271
3.67955769 3.89432308
3.67961767 3.89432344
3.67967613 3.89432377
3.67973309 3.89432409
3.67978861 3.89432440
3.67984271 3.89432469
3.67989543 3.89432496
3.67994681 3.89432522
3.67999688 3.89432547
3.68004568 3.89432570
3.68009324 3.89432593
3.68013958 3.89432614
3.68018474 3.89432634
3.68022876 3.89432653
3.68027165 3.89432671
3.68031345 3.89432689
3.68035419 3.89432705
3.68039389 3.89432721
3.68043257 3.89432735
3.68047028 3.89432749
3.68050702 3.89432763
3.68054283 3.89432775
3.68057773 3.89432787
3.68061174 3.89432799
3.68064488 3.89432810
3.68067718 3.89432820
3.68070866 3.89432830
3.68073934 3.89432839
3.68076923 3.89432848
3.68079837 3.89432856
3.68082676 3.89432864
3.68085443 3.89432872
3.68088140 3.89432879
3.68090768 3.89432886
3.68093329 3.89432892
3.68095825 3.89432898
3.68098258 3.89432904
3.68100628 3.89432910
3.68102938 3.89432915
3.68105190 3.89432920
3.68107384 3.89432925
3.68109523 3.89432929
3.68111607 3.89432934
3.68113638 3.89432938
3.68115617 3.89432942
3.68117546 3.89432945
3.68119426 3.89432949
3.68121258 3.89432952
3.68123043 3.89432955
3.68124783 3.89432958
3.68126479 3.89432961
3.68128131 3.89432964
3.68129742 3.89432966
3.68131312 3.89432969
3.68132841 3.89432971
3.68134332 3.89432973
3.68135785 3.89432975
3.68137201 3.89432977
3.68138581 3.89432979
3.68139925 3.89432981
3.68141236 3.89432983
3.68142513 3.89432984
3.68143758 3.89432986
3.68144971 3.89432987
3.68146153 3.89432989
3.68147305 3.89432990
3.68148428 3.89432991
3.68149523 3.89432992
3.68150589 3.89432994
3.68151628 3.89432995
3.68152641 3.89432996
