3.38392633 0.73636488
3.37731992 0.74079791
3.37050614 0.74551315
3.36347986 0.75052656
3.35623597 0.75585472
3.34876938 0.76151484
3.34107509 0.76752469
3.33314814 0.77390261
3.32498371 0.78066746
3.31657706 0.78783854
3.30792365 0.79543556
3.29901911 0.80347854
3.28985928 0.81198776
3.28044028 0.82098358
3.27075850 0.83048639
3.26081068 0.84051643
3.25059394 0.85109366
3.24010583 0.86223754
3.22934435 0.87396688
3.21830805 0.88629960
3.20699603 0.89925249
3.19540805 0.91284099
3.18354452 0.92707886
3.17140660 0.94197797
3.15899625 0.95754792
3.14631624 0.97379582
3.13337028 0.99072591
3.12016298 1.00833927
3.10669997 1.02663353
3.09298789 1.04560257
3.07903444 1.06523624
3.06484843 1.08552012
3.05043976 1.10643535
3.03581945 1.12795839
3.02099966 1.15006101
3.00599364 1.17271018
2.99081571 1.19586813
2.97548127 1.21949242
2.96000669 1.24353616
2.94440927 1.26794826
2.92870717 1.29267377
2.91291931 1.31765431
2.89706527 1.34282858
2.88116517 1.36813295
2.86523954 1.39350205
2.84930920 1.41886948
2.83339510 1.44416851
2.81751821 1.46933278
2.80169933 1.49429707
2.78595900 1.51899794
2.77031729 1.54337446
2.75479373 1.56736876
2.73940715 1.59092663
2.72417557 1.61399800
2.70911610 1.63653728
2.69424484 1.65850375
2.67957680 1.67986167
2.66512586 1.70058049
2.65090470 1.72063484
2.63692479 1.74000448
2.62319636 1.75867421
2.60972838 1.77663361
2.59652863 1.79387687
2.58360367 1.81040246
2.57095886 1.82621280
2.55859849 1.84131390
2.54652572 1.85571503
2.53474272 1.86942829
2.52325068 1.88246831
2.51204992 1.89485181
2.50113991 1.90659730
2.49051936 1.91772472
2.48018630 1.92825518
2.47013813 1.93821059
2.46037168 1.94761348
2.45088330 1.95648674
2.44166888 1.96485338
2.43272395 1.97273641
2.42404370 1.98015860
2.41562305 1.98714243
2.40745669 1.99370993
2.39953913 1.99988258
2.39186471 2.00568126
2.38442769 2.01112617
2.37722223 2.01623680
2.37024245 2.02103189
2.36348246 2.02552941
2.35693633 2.02974655
2.35059821 2.03369971
2.34446224 2.03740450
2.33852265 2.04087578
2.33277371 2.04412765
2.32720980 2.04717344
2.32182538 2.05002581
2.31661499 2.05269668
2.31157332 2.05519732
2.30669513 2.05753838
2.30197531 2.05972984
2.29740890 2.06178115
2.29299102 2.06370116
2.28871693 2.06549820
2.28458202 2.06718010
2.28058182 2.06875419
2.27671194 2.07022739
2.27296817 2.07160613
2.26934639 2.07289650
2.26584260 2.07410416
2.26245294 2.07523443
2.25917366 2.07629229
2.25600113 2.07728241
2.25293182 2.07820916
2.24996232 2.07907661
2.24708935 2.07988860
2.24430970 2.08064870
2.24162029 2.08136026
2.23901814 2.08202641
2.23650034 2.08265007
2.23406411 2.08323399
2.23170674 2.08378071
2.22942563 2.08429265
2.22721825 2.08477203
2.22508216 2.08522096
2.22301500 2.08564138
2.22101450 2.08603514
2.21907845 2.08640393
2.21720472 2.08674937
2.21539127 2.08707294
2.21363610 2.08737606
2.21193729 2.08766002
2.21029300 2.08792606
2.20870142 2.08817531
2.20716084 2.08840885
2.20566956 2.08862768
2.20422599 2.08883274
2.20282855 2.08902491
2.20147575 2.08920500
2.20016611 2.08937378
2.19889824 2.08953196
2.19767077 2.08968023
2.19648238 2.08981921
2.19533181 2.08994949
2.19421782 2.09007161
2.19313923 2.09018610
2.19209490 2.09029344
2.19108370 2.09039407
2.19010457 2.09048842
2.18915647 2.09057688
2.18823840 2.09065983
2.18734939 2.09073762
2.18648850 2.09081056
2.18565483 2.09087896
2.18484751 2.09094311
2.18406568 2.09100327
2.18330853 2.09105969
2.18257527 2.09111261
2.18186512 2.09116225
2.18117736 2.09120880
2.18051126 2.09125247
2.17986613 2.09129344
2.17924130 2.09133187
2.17863613 2.09136791
2.17804999 2.09140173
2.17748226 2.09143345
2.17693237 2.09146322
2.17639975 2.09149114
2.17588385 2.09151734
2.17538413 2.09154192
2.17490008 2.09156498
2.17443122 2.09158662
2.17397704 2.09160693
2.17353710 2.09162598
2.17311093 2.09164385
2.17269811 2.09166063
2.17229821 2.09167637
2.17191082 2.09169114
2.17153555 2.09170501
2.17117201 2.09171802
2.17081984 2.09173023
2.17047867 2.09174168
2.17014816 2.09175244
2.16982798 2.09176253
2.16951779 2.09177200
2.16921729 2.09178089
2.16892617 2.09178923
2.16864413 2.09179706
2.16837089 2.09180441
2.16810617 2.09181131
2.16784971 2.09181778
2.16760124 2.09182386
2.16736052 2.09182957
2.16712730 2.09183492
2.16690135 2.09183995
2.16668243 2.09184466
2.16647034 2.09184909
2.16626485 2.09185325
2.16606575 2.09185715
2.16587286 2.09186081
2.16568597 2.09186425
2.16550489 2.09186748
2.16532945 2.09187051
2.16515947 2.09187336
2.16499477 2.09187603
2.16483520 2.09187853
2.16468059 2.09188089
2.16453079 2.09188310
2.16438564 2.09188517
2.16424501 2.09188712
2.16410875 2.09188894
2.16397672 2.09189066
2.16384879 2.09189227
2.16372485 2.09189378
2.16360475 2.09189520
2.16348838 2.09189654
2.16337563 2.09189779
2.16326637 2.09189896
2.16316052 2.09190007
2.16305795 2.09190110
2.16295856 2.09190207
2.16286226 2.09190299
2.16276895 2.09190384
2.16267854 2.09190465
2.16259093 2.09190541
2.16250604 2.09190611
2.16242379 2.09190678
2.16234409 2.09190741
2.16226686 2.09190799
2.16219203 2.09190854
2.16211952 2.09190906
2.16204926 2.09190955
2.16198118 2.09191000
2.16191521 2.09191043
2.16185129 2.09191083
2.16178935 2.09191121
2.16172933 2.09191157
2.16167117 2.09191190
2.16161482 2.09191221
2.16156022 2.09191251
2.16150730 2.09191278
2.16145603 2.09191304
2.16140635 2.09191328
2.16135821 2.09191351
2.16131156 2.09191373
2.16126636 2.09191393
2.16122256 2.09191412
2.16118012 2.09191429
2.16113899 2.09191446
2.16109914 2.09191462
2.16106052 2.09191476
2.16102310 2.09191490
2.16098684 2.09191503
2.16095171 2.09191515
2.16091766 2.09191527
2.16088467 2.09191537
2.16085270 2.09191547
2.16082172 2.09191557
2.16079170 2.09191566
2.16076261 2.09191574
2.16073442 2.09191582
2.16070711 2.09191589
2.16068064 2.09191596
2.16065500 2.09191603
2.16063015 2.09191609
2.16060606 2.09191614
2.16058273 2.09191620
2.16056011 2.09191625
2.16053820 2.09191630
2.16051697 2.09191634
2.16049639 2.09191638
2.16047645 2.09191642
2.16045713 2.09191646
2.16043841 2.09191649
2.16042027 2.09191652
2.16040269 2.09191655
2.16038566 2.09191658
2.16036915 2.09191661
2.16035315 2.09191663
2.16033765 2.09191666
2.16032263 2.09191668
2.16030808 2.09191670
2.16029397 2.09191672
2.16028030 2.09191674
2.16026706 2.09191676
2.16025423 2.09191677
2.16024179 2.09191679
2.16022974 2.09191680
2.16021806 2.09191682
2.16020674 2.09191683
2.16019578 2.09191684
2.16018515 2.09191685
2.16017486 2.09191686
