5.90278022 1.22494121
5.91339280 1.23630126
5.92418791 1.24805226
5.93516276 1.26019438
5.94631398 1.27272611
5.95763758 1.28564419
5.96912893 1.29894339
5.98078272 1.31261646
5.99259297 1.32665400
6.00455301 1.34104435
6.01665544 1.35577353
6.02889220 1.37082521
6.04125447 1.38618066
6.05373280 1.40181877
6.06631701 1.41771609
6.07899631 1.43384690
6.09175928 1.45018332
6.10459392 1.46669548
6.11748771 1.48335164
6.13042764 1.50011848
6.14340031 1.51696130
6.15639195 1.53384433
6.16938854 1.55073099
6.18237586 1.56758427
6.19533957 1.58436699
6.20826531 1.60104224
6.22113878 1.61757363
6.23394580 1.63392567
6.24667245 1.65006411
6.25930510 1.66595620
6.27183050 1.68157101
6.28423586 1.69687965
6.29650894 1.71185549
6.30863807 1.72647434
6.32061221 1.74071460
6.33242104 1.75455730
6.34405493 1.76798623
6.35550503 1.78098791
6.36676327 1.79355155
6.37782234 1.80566906
6.38867577 1.81733489
6.39931784 1.82854599
6.40974366 1.83930159
6.41994908 1.84960312
6.42993071 1.85945402
6.43968589 1.86885954
6.44921267 1.87782658
6.45850973 1.88636349
6.46757641 1.89447992
6.47641264 1.90218658
6.48501888 1.90949513
6.49339613 1.91641798
6.50154585 1.92296811
6.50946994 1.92915900
6.51717069 1.93500440
6.52465074 1.94051830
6.53191307 1.94571475
6.53896093 1.95060779
6.54579780 1.95521137
6.55242742 1.95953926
6.55885367 1.96360501
6.56508062 1.96742185
6.57111245 1.97100268
6.57695346 1.97436005
6.58260802 1.97750606
6.58808057 1.98045243
6.59337558 1.98321039
6.59849756 1.98579075
6.60345102 1.98820384
6.60824047 1.99045955
6.61287037 1.99256729
6.61734520 1.99453602
6.62166937 1.99637425
6.62584724 1.99809007
6.62988311 1.99969111
6.63378123 2.00118463
6.63754577 2.00257745
6.64118083 2.00387602
6.64469042 2.00508644
6.64807849 2.00621441
6.65134889 2.00726534
6.65450537 2.00824429
6.65755162 2.00915601
6.66049121 2.01000498
6.66332764 2.01079537
6.66606432 2.01153112
6.66870455 2.01221589
6.67125155 2.01285315
6.67370845 2.01344609
6.67607830 2.01399775
6.67836405 2.01451093
6.68056855 2.01498827
6.68269459 2.01543222
6.68474487 2.01584508
6.68672199 2.01622900
6.68862848 2.01658597
6.69046678 2.01691786
6.69223929 2.01722641
6.69394828 2.01751324
6.69559597 2.01777986
6.69718453 2.01802768
6.69871602 2.01825801
6.70019245 2.01847207
6.70161577 2.01867101
6.70298785 2.01885588
6.70431050 2.01902767
6.70558549 2.01918730
6.70681449 2.01933562
6.70799915 2.01947343
6.70914105 2.01960147
6.71024171 2.01972042
6.71130260 2.01983094
6.71232514 2.01993361
6.71331071 2.02002898
6.71426062 2.02011758
6.71517616 2.02019989
6.71605856 2.02027634
6.71690901 2.02034736
6.71772866 2.02041332
6.71851861 2.02047460
6.71927994 2.02053151
6.72001366 2.02058437
6.72072079 2.02063346
6.72140227 2.02067906
6.72205903 2.02072141
6.72269197 2.02076075
6.72330194 2.02079728
6.72388977 2.02083121
6.72445626 2.02086271
6.72500218 2.02089198
6.72552829 2.02091915
6.72603528 2.02094439
6.72652387 2.02096783
6.72699470 2.02098959
6.72744843 2.02100981
6.72788567 2.02102858
6.72830702 2.02104601
6.72871306 2.02106220
6.72910435 2.02107723
6.72948141 2.02109119
6.72984476 2.02110415
6.73019490 2.02111619
6.73053231 2.02112736
6.73085745 2.02113774
6.73117077 2.02114738
6.73147269 2.02115633
6.73176363 2.02116464
6.73204399 2.02117236
6.73231415 2.02117953
6.73257448 2.02118618
6.73282534 2.02119236
6.73306708 2.02119810
6.73330002 2.02120342
6.73352448 2.02120837
6.73374078 2.02121296
6.73394920 2.02121723
6.73415005 2.02122119
6.73434358 2.02122487
6.73453007 2.02122828
6.73470977 2.02123145
6.73488293 2.02123439
6.73504979 2.02123713
6.73521057 2.02123967
6.73536550 2.02124202
6.73551479 2.02124421
6.73565865 2.02124624
6.73579727 2.02124813
6.73593085 2.02124988
6.73605956 2.02125151
6.73618359 2.02125302
6.73630310 2.02125442
6.73641825 2.02125572
6.73652922 2.02125693
6.73663615 2.02125805
6.73673918 2.02125910
6.73683846 2.02126006
6.73693413 2.02126096
6.73702631 2.02126180
6.73711514 2.02126257
6.73720073 2.02126329
6.73728320 2.02126396
6.73736267 2.02126458
6.73743925 2.02126515
6.73751304 2.02126569
6.73758414 2.02126619
6.73765266 2.02126665
6.73771867 2.02126707
6.73778229 2.02126747
6.73784358 2.02126784
6.73790265 2.02126818
6.73795956 2.02126850
6.73801440 2.02126880
6.73806724 2.02126907
6.73811816 2.02126932
6.73816723 2.02126956
6.73821451 2.02126978
6.73826006 2.02126998
6.73830396 2.02127017
6.73834625 2.02127035
6.73838701 2.02127051
6.73842628 2.02127066
6.73846413 2.02127080
6.73850059 2.02127093
6.73853572 2.02127106
6.73856958 2.02127117
6.73860220 2.02127127
6.73863364 2.02127137
6.73866393 2.02127146
6.73869311 2.02127154
6.73872124 2.02127162
6.73874834 2.02127169
6.73877445 2.02127176
6.73879961 2.02127182
6.73882385 2.02127188
6.73884721 2.02127193
6.73886972 2.02127198
6.73889141 2.02127203
6.73891231 2.02127207
6.73893245 2.02127211
6.73895186 2.02127215
6.73897056 2.02127218
6.73898857 2.02127222
6.73900593 2.02127225
6.73902266 2.02127227
6.73903878 2.02127230
6.73905431 2.02127232
6.73906928 2.02127234
6.73908370 2.02127236
6.73909760 2.02127238
6.73911099 2.02127240
6.73912389 2.02127242
6.73913632 2.02127243
6.73914830 2.02127245
6.73915984 2.02127246
6.73917097 2.02127247
6.73918168 2.02127248
6.73919201 2.02127249
