3.91228190 1.42505481
3.92532952 1.44212307
3.93844304 1.45935666
3.95161130 1.47672678
3.96482290 1.49420370
3.97806626 1.51175695
3.99132969 1.52935559
4.00460139 1.54696839
4.01786959 1.56456407
4.03112253 1.58211156
4.04434856 1.59958020
4.05753617 1.61693997
4.07067406 1.63416171
4.08375120 1.65121732
4.09675685 1.66807991
4.10968061 1.68472400
4.12251247 1.70112567
4.13524287 1.71726261
4.14786267 1.73311431
4.16036324 1.74866208
4.17273644 1.76388909
4.18497467 1.77878044
4.19707085 1.79332315
4.20901845 1.80750611
4.22081151 1.82132011
4.23244458 1.83475774
4.24391280 1.84781335
4.25521183 1.86048298
4.26633784 1.87276425
4.27728754 1.88465627
4.28805812 1.89615958
4.29864727 1.90727597
4.30905313 1.91800843
4.31927427 1.92836104
4.32930969 1.93833883
4.33915877 1.94794770
4.34882128 1.95719428
4.35829732 1.96608590
4.36758731 1.97463043
4.37669197 1.98283621
4.38561231 1.99071198
4.39434958 1.99826679
4.40290524 2.00550991
4.41128100 2.01245081
4.41947872 2.01909906
4.42750046 2.02546428
4.43534840 2.03155611
4.44302488 2.03738414
4.45053232 2.04295789
4.45787329 2.04828678
4.46505039 2.05338009
4.47206634 2.05824692
4.47892389 2.06289622
4.48562585 2.06733669
4.49217506 2.07157686
4.49857439 2.07562500
4.50482673 2.07948916
4.51093499 2.08317714
4.51690206 2.08669649
4.52273084 2.09005451
4.52842422 2.09325825
4.53398507 2.09631451
4.53941624 2.09922983
4.54472055 2.10201051
4.54990082 2.10466261
4.55495979 2.10719195
4.55990020 2.10960410
4.56472475 2.11190442
4.56943609 2.11409804
4.57403682 2.11618986
4.57852953 2.11818460
4.58291672 2.12008674
4.58720088 2.12190060
4.59138444 2.12363027
4.59546978 2.12527969
4.59945925 2.12685260
4.60335512 2.12835259
4.60715965 2.12978307
4.61087503 2.13114731
4.61450340 2.13244841
4.61804686 2.13368934
4.62150747 2.13487293
4.62488723 2.13600187
4.62818809 2.13707874
4.63141198 2.13810597
4.63456076 2.13908592
4.63763625 2.14002078
4.64064024 2.14091270
4.64357447 2.14176368
4.64644062 2.14257564
4.64924036 2.14335042
4.65197529 2.14408976
4.65464700 2.14479532
4.65725701 2.14546868
4.65980682 2.14611134
4.66229790 2.14672475
4.66473166 2.14731026
4.66710950 2.14786918
4.66943276 2.14840275
4.67170276 2.14891214
4.67392080 2.14939848
4.67608811 2.14986284
4.67820593 2.15030624
4.68027544 2.15072965
4.68229780 2.15113399
4.68427415 2.15152014
4.68620558 2.15188895
4.68809317 2.15224121
4.68993797 2.15257768
4.69174099 2.15289910
4.69350323 2.15320614
4.69522567 2.15349947
4.69690924 2.15377972
4.69855487 2.15404748
4.70016346 2.15430332
4.70173588 2.15454780
4.70327297 2.15478141
4.70477559 2.15500467
4.70624453 2.15521803
4.70768059 2.15542195
4.70908454 2.15561686
4.71045713 2.15580316
4.71179909 2.15598123
4.71311114 2.15615147
4.71439398 2.15631420
4.71564828 2.15646978
4.71687470 2.15661852
4.71807390 2.15676073
4.71924650 2.15689671
4.72039313 2.15702673
4.72151437 2.15715106
4.72261081 2.15726995
4.72368303 2.15738364
4.72473158 2.15749238
4.72575701 2.15759637
4.72675984 2.15769583
4.72774059 2.15779096
4.72869976 2.15788195
4.72963786 2.15796898
4.73055535 2.15805224
4.73145271 2.15813188
4.73233040 2.15820807
4.73318886 2.15828096
4.73402852 2.15835069
4.73484982 2.15841741
4.73565317 2.15848124
4.73643897 2.15854231
4.73720761 2.15860075
4.73795950 2.15865667
4.73869499 2.15871017
4.73941447 2.15876138
4.74011829 2.15881037
4.74080679 2.15885726
4.74148034 2.15890213
4.74213925 2.15894508
4.74278385 2.15898618
4.74341447 2.15902552
4.74403142 2.15906317
4.74463499 2.15909920
4.74522550 2.15913370
4.74580322 2.15916671
4.74636845 2.15919831
4.74692145 2.15922856
4.74746250 2.15925752
4.74799187 2.15928524
4.74850982 2.15931178
4.74901658 2.15933718
4.74951242 2.15936150
4.74999757 2.15938479
4.75047227 2.15940708
4.75093675 2.15942842
4.75139123 2.15944885
4.75183593 2.15946842
4.75227107 2.15948715
4.75269686 2.15950508
4.75311350 2.15952226
4.75352119 2.15953870
4.75392013 2.15955444
4.75431051 2.15956952
4.75469252 2.15958396
4.75506633 2.15959778
4.75543214 2.15961102
4.75579010 2.15962369
4.75614040 2.15963583
4.75648320 2.15964746
4.75681866 2.15965859
4.75714695 2.15966925
4.75746822 2.15967947
4.75778261 2.15968924
4.75809029 2.15969861
4.75839139 2.15970758
4.75868606 2.15971617
4.75897444 2.15972440
4.75925667 2.15973228
4.75953287 2.15973982
4.75980318 2.15974705
4.76006772 2.15975398
4.76032663 2.15976061
4.76058001 2.15976696
4.76082800 2.15977304
4.76107070 2.15977887
4.76130823 2.15978445
4.76154071 2.15978980
4.76176823 2.15979492
4.76199092 2.15979983
4.76220886 2.15980453
4.76242217 2.15980903
4.76263094 2.15981334
4.76283527 2.15981747
4.76303526 2.15982143
4.76323100 2.15982522
4.76342258 2.15982885
4.76361009 2.15983233
4.76379361 2.15983566
4.76397324 2.15983886
4.76414906 2.15984191
4.76432114 2.15984484
4.76448957 2.15984765
4.76465442 2.15985034
4.76481578 2.15985292
4.76497372 2.15985538
4.76512830 2.15985775
4.76527961 2.15986001
4.76542771 2.15986218
4.76557266 2.15986426
4.76571455 2.15986625
4.76585343 2.15986816
4.76598937 2.15986999
4.76612242 2.15987174
4.76625266 2.15987342
4.76638014 2.15987503
4.76650492 2.15987657
4.76662706 2.15987804
4.76674661 2.15987946
4.76686363 2.15988081
4.76697817 2.15988211
4.76709029 2.15988336
4.76720004 2.15988455
4.76730747 2.15988569
4.76741262 2.15988678
4.76751555 2.15988783
4.76761630 2.15988884
4.76771492 2.15988980
4.76781145 2.15989072
4.76790595 2.15989160
4.76799844 2.15989245
4.76808898 2.15989326
4.76817761 2.15989404
4.76826436 2.15989478
4.76834928 2.15989550
4.76843241 2.15989618
4.76851378 2.15989684
4.76859343 2.15989746
4.76867140 2.15989806
4.76874772 2.15989864
4.76882242 2.15989919
4.76889556 2.15989972
4.76896714 2.15990023
4.76903722 2.15990072
4.76910581 2.15990118
4.76917296 2.15990163
4.76923868 2.15990205
4.76930303 2.15990246
4.76936601 2.15990286
4.76942766 2.15990323
4.76948801 2.15990359
4.76954709 2.15990394
4.76960492 2.15990427
4.76966154 2.15990459
4.76971695 2.15990489
4.76977120 2.15990518
4.76982430 2.15990546
4.76987628 2.15990573
4.76992717 2.15990598
4.76997698 2.15990623
4.77002574 2.15990646
4.77007348 2.15990669
4.77012020 2.15990691
4.77016595 2.15990711
4.77021072 2.15990731
4.77025455 2.15990750
4.77029746 2.15990768
4.77033946 2.15990786
4.77038058 2.15990803
4.77042083 2.15990819
4.77046023 2.15990834
4.77049881 2.15990849
4.77053656 2.15990863
4.77057353 2.15990876
4.77060971 2.15990889
4.77064513 2.15990902
4.77067980 2.15990914
4.77071375 2.15990925
4.77074697 2.15990936
4.77077950 2.15990946
4.77081134 2.15990956
4.77084251 2.15990966
4.77087303 2.15990975
4.77090290 2.15990984
4.77093214 2.15990992
4.77096076 2.15991001
4.77098878 2.15991008
4.77101622 2.15991016
4.77104307 2.15991023
4.77106936 2.15991030
4.77109509 2.15991036
4.77112028 2.15991043
4.77114494 2.15991049
4.77116909 2.15991054
4.77119272 2.15991060
4.77121585 2.15991065
4.77123850 2.15991070
4.77126067 2.15991075
4.77128238 2.15991080
4.77130362 2.15991084
4.77132442 2.15991089
4.77134478 2.15991093
4.77136472 2.15991097
4.77138423 2.15991100
4.77140333 2.15991104
4.77142203 2.15991107
4.77144034 2.15991111
4.77145826 2.15991114
4.77147580 2.15991117
4.77149297 2.15991120
4.77150978 2.15991123
4.77152624 2.15991125
4.77154235 2.15991128
4.77155812 2.15991130
4.77157356 2.15991133
4.77158868 2.15991135
4.77160347 2.15991137
4.77161796 2.15991139
4.77163214 2.15991141
4.77164602 2.15991143
4.77165961 2.15991145
4.77167291 2.15991147
4.77168593 2.15991148
4.77169868 2.15991150
4.77171116 2.15991152
4.77172338 2.15991153
4.77173534 2.15991154
4.77174705 2.15991156
4.77175851 2.15991157
4.77176973 2.15991158
4.77178072 2.15991160
4.77179147 2.15991161
4.77180200 2.15991162
4.77181230 2.15991163
4.77182239 2.15991164
