8.92642569 0.60839596
8.92731356 0.60847548
8.92821704 0.60855783
8.92913638 0.60864309
8.93007187 0.60873137
8.93102377 0.60882278
8.93199236 0.60891742
8.93297792 0.60901540
8.93398073 0.60911684
8.93500108 0.60922186
8.93603926 0.60933059
8.93709557 0.60944314
8.93817032 0.60955965
8.93926380 0.60968027
8.94037633 0.60980512
8.94150822 0.60993435
8.94265979 0.61006811
8.94383136 0.61020656
8.94502326 0.61034985
8.94623582 0.61049816
8.94746937 0.61065164
8.94872427 0.61081047
8.95000085 0.61097485
8.95129946 0.61114494
8.95262045 0.61132094
8.95396419 0.61150306
8.95533104 0.61169149
8.95672136 0.61188645
8.95813553 0.61208815
8.95957393 0.61229682
8.96103692 0.61251268
8.96252491 0.61273598
8.96403828 0.61296696
8.96557741 0.61320587
8.96714272 0.61345297
8.96873461 0.61370853
8.97035347 0.61397282
8.97199972 0.61424612
8.97367378 0.61452873
8.97537606 0.61482095
8.97710699 0.61512307
8.97886699 0.61543543
8.98065649 0.61575834
8.98247594 0.61609215
8.98432576 0.61643718
8.98620639 0.61679380
8.98811828 0.61716236
8.99006189 0.61754325
8.99203764 0.61793684
8.99404601 0.61834351
8.99608745 0.61876368
8.99816241 0.61919776
9.00027136 0.61964615
9.00241475 0.62010931
9.00459306 0.62058767
9.00680674 0.62108168
9.00905627 0.62159180
9.01134211 0.62211852
9.01366474 0.62266230
9.01602462 0.62322366
9.01842222 0.62380309
9.02085801 0.62440111
9.02333246 0.62501825
9.02584604 0.62565503
9.02839922 0.62631202
9.03099246 0.62698977
9.03362623 0.62768885
9.03630098 0.62840982
9.03901718 0.62915329
9.04177527 0.62991984
9.04457571 0.63071009
9.04741895 0.63152464
9.05030543 0.63236412
9.05323557 0.63322916
9.05620981 0.63412040
9.05922858 0.63503849
9.06229228 0.63598407
9.06540133 0.63695780
9.06855612 0.63796036
9.07175704 0.63899240
9.07500447 0.64005459
9.07829877 0.64114763
9.08164031 0.64227217
9.08502941 0.64342890
9.08846642 0.64461850
9.09195165 0.64584165
9.09548540 0.64709902
9.09906795 0.64839129
9.10269957 0.64971912
9.10638050 0.65108318
9.11011099 0.65248413
9.11389123 0.65392261
9.11772143 0.65539926
9.12160174 0.65691472
9.12553231 0.65846958
9.12951327 0.66006445
9.13354471 0.66169991
9.13762671 0.66337652
9.14175930 0.66509483
9.14594250 0.66685536
9.15017631 0.66865859
9.15446067 0.67050501
9.15879552 0.67239504
9.16318074 0.67432911
9.16761620 0.67630757
9.17210173 0.67833078
9.17663712 0.68039904
9.18122213 0.68251261
9.18585647 0.68467170
9.19053982 0.68687651
9.19527183 0.68912716
9.20005210 0.69142372
9.20488019 0.69376624
9.20975563 0.69615469
9.21467789 0.69858898
9.21964642 0.70106899
9.22466060 0.70359452
9.22971979 0.70616532
9.23482330 0.70878106
9.23997038 0.71144138
9.24516026 0.71414581
9.25039211 0.71689384
9.25566507 0.71968489
9.26097821 0.72251831
9.26633057 0.72539338
9.27172116 0.72830930
9.27714892 0.73126521
9.28261275 0.73426017
9.28811154 0.73729318
9.29364408 0.74036316
9.29920918 0.74346896
9.30480555 0.74660936
9.31043191 0.74978308
9.31608691 0.75298876
9.32176917 0.75622499
9.32747728 0.75949028
9.33320979 0.76278309
9.33896521 0.76610181
9.34474203 0.76944478
9.35053869 0.77281029
9.35635363 0.77619657
9.36218525 0.77960181
9.36803190 0.78302415
9.37389196 0.78646169
9.37976374 0.78991250
9.38564555 0.79337462
9.39153571 0.79684604
9.39743248 0.80032475
9.40333413 0.80380872
9.40923894 0.80729590
9.41514515 0.81078422
9.42105103 0.81427163
9.42695482 0.81775605
9.43285476 0.82123543
9.43874914 0.82470772
9.44463619 0.82817088
9.45051420 0.83162291
9.45638145 0.83506180
9.46223624 0.83848559
9.46807687 0.84189235
9.47390169 0.84528020
9.47970904 0.84864727
9.48549730 0.85199176
9.49126487 0.85531191
9.49701019 0.85860601
9.50273169 0.86187241
9.50842789 0.86510951
9.51409729 0.86831579
9.51973845 0.87148978
9.52534997 0.87463006
9.53093046 0.87773530
9.53647862 0.88080423
9.54199313 0.88383566
9.54747275 0.88682847
9.55291628 0.88978159
9.55832255 0.89269404
9.56369043 0.89556493
9.56901885 0.89839341
9.57430679 0.90117872
9.57955324 0.90392019
9.58475729 0.90661718
9.58991802 0.90926915
9.59503460 0.91187564
9.60010623 0.91443624
9.60513214 0.91695059
9.61011163 0.91941845
9.61504403 0.92183959
9.61992874 0.92421388
9.62476517 0.92654122
9.62955279 0.92882159
9.63429112 0.93105502
9.63897971 0.93324160
9.64361818 0.93538145
9.64820615 0.93747478
9.65274331 0.93952180
9.65722938 0.94152280
9.66166412 0.94347810
9.66604734 0.94538806
9.67037886 0.94725307
9.67465856 0.94907357
9.67888635 0.95085002
9.68306216 0.95258293
9.68718596 0.95427280
9.69125777 0.95592021
9.69527762 0.95752571
9.69924556 0.95908991
9.70316171 0.96061343
9.70702616 0.96209689
9.71083908 0.96354095
9.71460063 0.96494626
9.71831100 0.96631351
9.72197042 0.96764338
9.72557913 0.96893656
9.72913737 0.97019376
9.73264544 0.97141568
9.73610363 0.97260303
9.73951226 0.97375652
9.74287166 0.97487688
9.74618217 0.97596481
9.74944417 0.97702103
9.75265802 0.97804625
9.75582412 0.97904118
9.75894287 0.98000653
9.76201468 0.98094299
9.76503998 0.98185127
9.76801919 0.98273205
9.77095276 0.98358601
9.77384114 0.98441383
9.77668479 0.98521617
9.77948417 0.98599370
9.78223974 0.98674705
9.78495199 0.98747687
9.78762140 0.98818380
9.79024844 0.98886844
9.79283361 0.98953140
9.79537740 0.99017329
9.79788030 0.99079469
9.80034280 0.99139617
9.80276541 0.99197831
9.80514863 0.99254165
9.80749294 0.99308673
9.80979886 0.99361409
9.81206688 0.99412424
9.81429750 0.99461769
9.81649122 0.99509494
9.81864853 0.99555647
9.82076994 0.99600276
9.82285593 0.99643425
9.82490701 0.99685141
9.82692365 0.99725468
9.82890635 0.99764447
9.83085559 0.99802121
9.83277186 0.99838531
9.83465563 0.99873715
9.83650738 0.99907713
9.83832758 0.99940562
9.84011670 0.99972297
9.84187521 1.00002956
9.84360356 1.00032571
9.84530222 1.00061178
9.84697164 1.00088807
9.84861226 1.00115491
9.85022453 1.00141260
9.85180890 1.00166145
9.85336579 1.00190173
9.85489563 1.00213374
9.85639886 1.00235774
9.85787589 1.00257400
9.85932715 1.00278277
9.86075304 1.00298431
9.86215397 1.00317885
9.86353034 1.00336663
9.86488255 1.00354787
9.86621100 1.00372279
9.86751606 1.00389161
9.86879813 1.00405453
9.87005758 1.00421175
9.87129478 1.00436347
9.87251011 1.00450986
9.87370392 1.00465112
9.87487657 1.00478741
9.87602842 1.00491891
9.87715981 1.00504577
9.87827108 1.00516817
9.87936259 1.00528625
9.88043465 1.00540015
9.88148760 1.00551003
9.88252176 1.00561603
9.88353745 1.00571827
9.88453499 1.00581689
9.88551468 1.00591201
9.88647683 1.00600375
9.88742175 1.00609224
9.88834972 1.00617758
9.88926104 1.00625988
9.89015600 1.00633926
9.89103487 1.00641581
9.89189795 1.00648963
9.89274549 1.00656081
9.89357778 1.00662946
9.89439507 1.00669565
9.89519763 1.00675948
9.89598572 1.00682103
9.89675958 1.00688038
9.89751947 1.00693760
9.89826563 1.00699277
9.89899830 1.00704597
9.89971772 1.00709725
9.90042412 1.00714670
9.90111774 1.00719438
9.90179879 1.00724034
9.90246750 1.00728465
9.90312409 1.00732737
9.90376877 1.00736856
9.90440175 1.00740826
9.90502325 1.00744654
9.90563345 1.00748343
9.90623257 1.00751900
9.90682081 1.00755329
9.90739835 1.00758634
9.90796538 1.00761820
9.90852210 1.00764891
9.90906869 1.00767852
9.90960532 1.00770705
9.91013218 1.00773456
9.91064944 1.00776107
9.91115728 1.00778662
9.91165586 1.00781125
9.91214535 1.00783500
9.91262590 1.00785788
9.91309769 1.00787993
9.91356087 1.00790119
9.91401560 1.00792168
9.91446202 1.00794143
9.91490029 1.00796046
9.91533055 1.00797880
9.91575294 1.00799648
9.91616762 1.00801352
9.91657471 1.00802994
9.91697436 1.00804577
9.91736670 1.00806102
9.91775186 1.00807572
9.91812998 1.00808989
9.91850117 1.00810354
9.91886557 1.00811669
9.91922329 1.00812937
9.91957446 1.00814159
9.91991920 1.00815337
9.92025763 1.00816472
9.92058985 1.00817565
9.92091599 1.00818619
9.92123614 1.00819635
9.92155043 1.00820614
9.92185895 1.00821557
9.92216182 1.00822466
9.92245912 1.00823341
9.92275098 1.00824185
9.92303748 1.00824999
9.92331872 1.00825782
9.92359480 1.00826538
9.92386582 1.00827265
9.92413185 1.00827967
9.92439300 1.00828642
9.92464936 1.00829293
9.92490101 1.00829921
9.92514804 1.00830525
9.92539052 1.00831108
9.92562856 1.00831669
9.92586221 1.00832210
9.92609158 1.00832732
9.92631673 1.00833234
9.92653774 1.00833718
9.92675469 1.00834184
9.92696765 1.00834634
9.92717669 1.00835067
9.92738189 1.00835484
9.92758331 1.00835886
9.92778104 1.00836273
9.92797512 1.00836646
9.92816563 1.00837006
9.92835264 1.00837352
9.92853621 1.00837686
9.92871640 1.00838008
9.92889327 1.00838318
9.92906689 1.00838617
9.92923731 1.00838904
9.92940460 1.00839182
9.92956881 1.00839449
9.92972999 1.00839706
9.92988821 1.00839954
9.93004351 1.00840193
9.93019595 1.00840423
9.93034559 1.00840645
9.93049247 1.00840859
9.93063664 1.00841065
9.93077816 1.00841263
9.93091707 1.00841455
9.93105343 1.00841639
9.93118727 1.00841816
9.93131865 1.00841987
9.93144760 1.00842152
9.93157418 1.00842311
9.93169843 1.00842464
9.93182038 1.00842611
9.93194009 1.00842753
9.93205760 1.00842890
9.93217293 1.00843022
9.93228615 1.00843149
9.93239727 1.00843271
9.93250635 1.00843389
9.93261341 1.00843503
9.93271851 1.00843612
9.93282166 1.00843717
9.93292291 1.00843819
9.93302230 1.00843917
9.93311985 1.00844011
9.93321561 1.00844102
9.93330960 1.00844189
9.93340185 1.00844274
9.93349241 1.00844355
9.93358129 1.00844433
9.93366854 1.00844509
9.93375417 1.00844581
9.93383823 1.00844651
9.93392073 1.00844719
9.93400172 1.00844784
9.93408121 1.00844846
9.93415923 1.00844907
9.93423582 1.00844965
9.93431099 1.00845021
9.93438477 1.00845075
9.93445719 1.00845127
9.93452828 1.00845177
9.93459806 1.00845225
9.93466655 1.00845272
9.93473377 1.00845316
9.93479975 1.00845359
9.93486452 1.00845401
9.93492809 1.00845441
9.93499049 1.00845480
9.93505174 1.00845517
9.93511185 1.00845553
9.93517086 1.00845587
9.93522878 1.00845620
9.93528563 1.00845652
9.93534143 1.00845683
9.93539620 1.00845713
9.93544995 1.00845742
9.93550272 1.00845769
9.93555451 1.00845796
9.93560535 1.00845821
9.93565525 1.00845846
9.93570423 1.00845870
9.93575230 1.00845893
9.93579948 1.00845915
9.93584580 1.00845936
9.93589126 1.00845956
9.93593588 1.00845976
9.93597968 1.00845995
9.93602266 1.00846013
9.93606486 1.00846031
9.93610627 1.00846048
9.93614692 1.00846064
9.93618682 1.00846080
9.93622599 1.00846095
9.93626443 1.00846110
9.93630216 1.00846124
9.93633919 1.00846138
9.93637554 1.00846151
9.93641122 1.00846163
9.93644624 1.00846176
9.93648061 1.00846187
9.93651435 1.00846199
9.93654747 1.00846209
9.93657997 1.00846220
9.93661188 1.00846230
9.93664319 1.00846240
9.93667393 1.00846249
9.93670410 1.00846258
9.93673371 1.00846267
9.93676277 1.00846275
9.93679130 1.00846283
9.93681930 1.00846291
9.93684679 1.00846298
9.93687376 1.00846306
9.93690024 1.00846313
9.93692623 1.00846319
9.93695174 1.00846326
9.93697678 1.00846332
9.93700135 1.00846338
9.93702548 1.00846344
9.93704915 1.00846349
9.93707239 1.00846355
9.93709520 1.00846360
9.93711759 1.00846365
9.93713956 1.00846370
9.93716113 1.00846374
9.93718230 1.00846379
9.93720308 1.00846383
9.93722348 1.00846387
9.93724350 1.00846391
9.93726315 1.00846395
9.93728243 1.00846398
9.93730136 1.00846402
9.93731994 1.00846405
9.93733818 1.00846409
9.93735608 1.00846412
9.93737365 1.00846415
9.93739089 1.00846418
9.93740782 1.00846421
9.93742443 1.00846424
9.93744074 1.00846426
9.93745675 1.00846429
9.93747246 1.00846431
9.93748788 1.00846433
9.93750301 1.00846436
9.93751787 1.00846438
9.93753245 1.00846440
9.93754676 1.00846442
9.93756081 1.00846444
9.93757459 1.00846446
9.93758813 1.00846448
9.93760141 1.00846449
9.93761445 1.00846451
9.93762724 1.00846453
9.93763980 1.00846454
9.93765213 1.00846456
9.93766423 1.00846457
9.93767611 1.00846459
9.93768777 1.00846460
9.93769921 1.00846461
9.93771044 1.00846463
9.93772146 1.00846464
9.93773228 1.00846465
9.93774290 1.00846466
9.93775333 1.00846467
9.93776356 1.00846468
