5.11756870 1.34566593
5.11388691 1.34702364
5.11019347 1.34838991
5.10648860 1.34976459
5.10277254 1.35114754
5.09904554 1.35253861
5.09530782 1.35393762
5.09155966 1.35534441
5.08780129 1.35675882
5.08403299 1.35818066
5.08025502 1.35960975
5.07646764 1.36104591
5.07267114 1.36248894
5.06886579 1.36393865
5.06505188 1.36539483
5.06122969 1.36685728
5.05739952 1.36832578
5.05356167 1.36980012
5.04971643 1.37128007
5.04586412 1.37276542
5.04200503 1.37425593
5.03813949 1.37575137
5.03426781 1.37725150
5.03039031 1.37875608
5.02650731 1.38026486
5.02261913 1.38177761
5.01872612 1.38329405
5.01482859 1.38481395
5.01092689 1.38633704
5.00702134 1.38786306
5.00311230 1.38939175
4.99920010 1.39092285
4.99528508 1.39245608
4.99136759 1.39399117
4.98744799 1.39552787
4.98352660 1.39706588
4.97960380 1.39860494
4.97567992 1.40014478
4.97175532 1.40168511
4.96783036 1.40322566
4.96390538 1.40476615
4.95998074 1.40630630
4.95605680 1.40784584
4.95213390 1.40938448
4.94821241 1.41092196
4.94429268 1.41245799
4.94037506 1.41399229
4.93645991 1.41552460
4.93254757 1.41705463
4.92863840 1.41858211
4.92473274 1.42010678
4.92083096 1.42162836
4.91693339 1.42314659
4.91304037 1.42466120
4.90915227 1.42617193
4.90526941 1.42767852
4.90139213 1.42918071
4.89752078 1.43067825
4.89365568 1.43217088
4.88979718 1.43365836
4.88594560 1.43514045
4.88210126 1.43661689
4.87826450 1.43808747
4.87443562 1.43955193
4.87061496 1.44101006
4.86680282 1.44246163
4.86299952 1.44390641
4.85920535 1.44534420
4.85542063 1.44677478
4.85164565 1.44819794
4.84788072 1.44961348
4.84412611 1.45102120
4.84038211 1.45242092
4.83664902 1.45381244
4.83292711 1.45519559
4.82921664 1.45657017
4.82551790 1.45793604
4.82183114 1.45929301
4.81815663 1.46064092
4.81449462 1.46197963
4.81084536 1.46330897
4.80720910 1.46462881
4.80358608 1.46593901
4.79997653 1.46723943
4.79638069 1.46852994
4.79279878 1.46981042
4.78923102 1.47108076
4.78567763 1.47234084
4.78213882 1.47359055
4.77861479 1.47482979
4.77510574 1.47605848
4.77161187 1.47727651
4.76813338 1.47848381
4.76467043 1.47968029
4.76122322 1.48086588
4.75779192 1.48204051
4.75437669 1.48320413
4.75097770 1.48435666
4.74759512 1.48549805
4.74422908 1.48662826
4.74087975 1.48774725
4.73754727 1.48885497
4.73423177 1.48995140
4.73093338 1.49103649
4.72765224 1.49211024
4.72438847 1.49317261
4.72114218 1.49422360
4.71791350 1.49526318
4.71470252 1.49629137
4.71150936 1.49730814
4.70833411 1.49831351
4.70517686 1.49930748
4.70203771 1.50029006
4.69891673 1.50126126
4.69581402 1.50222111
4.69272964 1.50316961
4.68966366 1.50410681
4.68661616 1.50503271
4.68358720 1.50594736
4.68057682 1.50685080
4.67758509 1.50774305
4.67461206 1.50862416
4.67165777 1.50949417
4.66872226 1.51035313
4.66580557 1.51120110
4.66290773 1.51203811
4.66002878 1.51286423
4.65716873 1.51367952
4.65432761 1.51448403
4.65150543 1.51527782
4.64870222 1.51606097
4.64591797 1.51683353
4.64315271 1.51759558
4.64040643 1.51834718
4.63767913 1.51908841
4.63497081 1.51981934
4.63228146 1.52054005
4.62961108 1.52125062
4.62695966 1.52195112
4.62432716 1.52264163
4.62171359 1.52332224
4.61911891 1.52399303
4.61654311 1.52465408
4.61398615 1.52530548
4.61144801 1.52594732
4.60892865 1.52657968
4.60642804 1.52720264
4.60394614 1.52781631
4.60148291 1.52842077
4.59903831 1.52901611
4.59661230 1.52960241
4.59420482 1.53017978
4.59181583 1.53074831
4.58944528 1.53130808
4.58709311 1.53185920
4.58475927 1.53240175
4.58244370 1.53293583
4.58014635 1.53346153
4.57786714 1.53397895
4.57560602 1.53448818
4.57336292 1.53498931
4.57113779 1.53548245
4.56893054 1.53596768
4.56674110 1.53644510
4.56456942 1.53691480
4.56241541 1.53737688
4.56027900 1.53783144
4.55816012 1.53827855
4.55605869 1.53871833
4.55397462 1.53915086
4.55190785 1.53957624
4.54985829 1.53999456
4.54782586 1.54040590
4.54581048 1.54081037
4.54381205 1.54120806
4.54183051 1.54159904
4.53986576 1.54198343
4.53791771 1.54236130
4.53598628 1.54273275
4.53407138 1.54309786
4.53217292 1.54345672
4.53029081 1.54380943
4.52842496 1.54415606
4.52657528 1.54449671
4.52474167 1.54483145
4.52292405 1.54516039
4.52112231 1.54548359
4.51933637 1.54580114
4.51756613 1.54611314
4.51581150 1.54641965
4.51407238 1.54672076
4.51234868 1.54701656
4.51064029 1.54730712
4.50894713 1.54759252
4.50726909 1.54787284
4.50560609 1.54814816
4.50395801 1.54841855
4.50232477 1.54868410
4.50070626 1.54894487
4.49910239 1.54920094
4.49751306 1.54945239
4.49593817 1.54969929
4.49437763 1.54994171
4.49283133 1.55017972
4.49129917 1.55041340
4.48978106 1.55064280
4.48827690 1.55086801
4.48678659 1.55108909
4.48531003 1.55130611
4.48384712 1.55151912
4.48239777 1.55172821
4.48096186 1.55193344
4.47953932 1.55213486
4.47813003 1.55233254
4.47673390 1.55252655
4.47535083 1.55271694
4.47398073 1.55290377
4.47262349 1.55308712
4.47127902 1.55326703
4.46994722 1.55344356
4.46862799 1.55361677
4.46732124 1.55378672
4.46602686 1.55395347
4.46474477 1.55411707
4.46347487 1.55427756
4.46221706 1.55443502
4.46097124 1.55458948
4.45973732 1.55474101
4.45851520 1.55488965
4.45730480 1.55503546
4.45610601 1.55517848
4.45491875 1.55531876
4.45374291 1.55545635
4.45257840 1.55559130
4.45142514 1.55572366
4.45028303 1.55585347
4.44915197 1.55598078
4.44803188 1.55610563
4.44692267 1.55622807
4.44582423 1.55634814
4.44473649 1.55646588
4.44365936 1.55658134
4.44259273 1.55669455
4.44153653 1.55680556
4.44049067 1.55691441
4.43945505 1.55702113
4.43842959 1.55712577
4.43741420 1.55722837
4.43640880 1.55732895
4.43541330 1.55742757
4.43442761 1.55752425
4.43345164 1.55761903
4.43248532 1.55771194
4.43152856 1.55780303
4.43058127 1.55789232
4.42964337 1.55797985
4.42871477 1.55806565
4.42779541 1.55814975
4.42688518 1.55823219
4.42598402 1.55831300
4.42509184 1.55839220
4.42420856 1.55846983
4.42333409 1.55854591
4.42246837 1.55862049
4.42161131 1.55869357
4.42076284 1.55876520
4.41992287 1.55883541
4.41909132 1.55890420
4.41826813 1.55897163
4.41745322 1.55903770
4.41664650 1.55910245
4.41584791 1.55916591
4.41505737 1.55922809
4.41427481 1.55928902
4.41350014 1.55934873
4.41273331 1.55940723
4.41197423 1.55946456
4.41122283 1.55952074
4.41047905 1.55957578
4.40974281 1.55962971
4.40901404 1.55968255
4.40829267 1.55973432
4.40757863 1.55978505
4.40687186 1.55983474
4.40617228 1.55988344
4.40547982 1.55993114
4.40479443 1.55997788
4.40411602 1.56002367
4.40344455 1.56006852
4.40277993 1.56011247
4.40212211 1.56015552
4.40147101 1.56019770
4.40082659 1.56023901
4.40018876 1.56027949
4.39955748 1.56031913
4.39893267 1.56035797
4.39831427 1.56039602
4.39770223 1.56043329
4.39709647 1.56046979
4.39649695 1.56050555
4.39590359 1.56054057
4.39531635 1.56057488
4.39473516 1.56060849
4.39415996 1.56064140
4.39359069 1.56067364
4.39302730 1.56070522
4.39246973 1.56073615
4.39191792 1.56076644
4.39137182 1.56079611
4.39083136 1.56082516
4.39029650 1.56085362
4.38976718 1.56088150
4.38924335 1.56090879
4.38872495 1.56093553
4.38821192 1.56096171
4.38770422 1.56098735
4.38720179 1.56101247
4.38670458 1.56103706
4.38621254 1.56106114
4.38572562 1.56108473
4.38524376 1.56110783
4.38476692 1.56113045
4.38429505 1.56115260
4.38382809 1.56117429
4.38336600 1.56119553
4.38290874 1.56121633
4.38245624 1.56123670
4.38200846 1.56125664
4.38156537 1.56127618
4.38112690 1.56129530
4.38069301 1.56131403
4.38026367 1.56133236
4.37983881 1.56135032
4.37941840 1.56136790
4.37900240 1.56138512
4.37859075 1.56140197
4.37818341 1.56141848
4.37778035 1.56143464
4.37738151 1.56145046
4.37698686 1.56146596
4.37659634 1.56148113
4.37620993 1.56149598
4.37582758 1.56151052
4.37544925 1.56152476
4.37507489 1.56153870
4.37470447 1.56155235
4.37433794 1.56156571
4.37397527 1.56157880
4.37361642 1.56159161
4.37326135 1.56160415
4.37291002 1.56161643
4.37256239 1.56162845
4.37221842 1.56164022
4.37187809 1.56165174
4.37154134 1.56166302
4.37120814 1.56167406
4.37087846 1.56168487
4.37055226 1.56169546
4.37022951 1.56170582
4.36991017 1.56171596
4.36959420 1.56172590
4.36928157 1.56173562
4.36897225 1.56174514
4.36866620 1.56175445
4.36836338 1.56176357
4.36806377 1.56177250
4.36776734 1.56178124
4.36747404 1.56178980
4.36718385 1.56179818
4.36689673 1.56180638
4.36661266 1.56181440
4.36633160 1.56182226
4.36605351 1.56182995
4.36577838 1.56183748
4.36550617 1.56184485
4.36523684 1.56185207
4.36497038 1.56185913
4.36470674 1.56186604
4.36444590 1.56187281
4.36418784 1.56187944
4.36393251 1.56188592
4.36367990 1.56189227
4.36342998 1.56189848
4.36318271 1.56190456
4.36293807 1.56191052
4.36269603 1.56191634
4.36245657 1.56192205
4.36221966 1.56192763
4.36198527 1.56193309
4.36175337 1.56193844
4.36152395 1.56194368
4.36129696 1.56194880
4.36107240 1.56195382
4.36085023 1.56195873
4.36063043 1.56196353
4.36041297 1.56196824
4.36019783 1.56197284
4.35998498 1.56197735
4.35977440 1.56198176
4.35956607 1.56198608
4.35935997 1.56199030
4.35915606 1.56199444
4.35895433 1.56199848
4.35875475 1.56200245
4.35855731 1.56200632
4.35836197 1.56201012
4.35816872 1.56201383
4.35797754 1.56201747
4.35778839 1.56202103
4.35760127 1.56202451
4.35741615 1.56202792
4.35723301 1.56203126
4.35705183 1.56203452
4.35687259 1.56203772
4.35669526 1.56204084
4.35651983 1.56204391
4.35634628 1.56204690
4.35617458 1.56204983
4.35600473 1.56205270
4.35583669 1.56205551
4.35567045 1.56205826
4.35550599 1.56206095
4.35534329 1.56206358
4.35518234 1.56206616
4.35502311 1.56206868
4.35486558 1.56207115
4.35470974 1.56207357
4.35455558 1.56207593
4.35440307 1.56207824
4.35425219 1.56208051
4.35410293 1.56208272
4.35395527 1.56208489
4.35380919 1.56208701
4.35366468 1.56208909
4.35352173 1.56209112
4.35338030 1.56209311
4.35324040 1.56209506
4.35310199 1.56209697
4.35296507 1.56209883
4.35282962 1.56210065
4.35269563 1.56210244
4.35256307 1.56210419
4.35243194 1.56210590
4.35230221 1.56210757
4.35217388 1.56210921
4.35204693 1.56211081
4.35192134 1.56211238
4.35179710 1.56211392
4.35167420 1.56211542
4.35155262 1.56211689
4.35143234 1.56211833
4.35131336 1.56211974
4.35119566 1.56212112
4.35107922 1.56212246
4.35096403 1.56212378
4.35085009 1.56212507
4.35073736 1.56212634
4.35062586 1.56212758
4.35051555 1.56212879
4.35040642 1.56212997
4.35029848 1.56213113
4.35019169 1.56213226
4.35008605 1.56213337
4.34998155 1.56213446
4.34987818 1.56213552
4.34977591 1.56213656
4.34967475 1.56213758
4.34957468 1.56213858
4.34947569 1.56213955
4.34937776 1.56214050
4.34928088 1.56214144
4.34918505 1.56214235
4.34909026 1.56214325
4.34899648 1.56214412
4.34890371 1.56214498
4.34881195 1.56214581
4.34872117 1.56214663
4.34863137 1.56214744
4.34854253 1.56214822
4.34845466 1.56214899
4.34836773 1.56214974
4.34828174 1.56215048
4.34819668 1.56215119
4.34811253 1.56215190
4.34802929 1.56215259
4.34794695 1.56215326
4.34786550 1.56215392
4.34778492 1.56215457
4.34770522 1.56215520
4.34762637 1.56215582
4.34754838 1.56215642
4.34747122 1.56215702
4.34739490 1.56215759
4.34731940 1.56215816
4.34724472 1.56215872
4.34717084 1.56215926
4.34709776 1.56215979
4.34702547 1.56216031
4.34695395 1.56216082
4.34688321 1.56216132
4.34681324 1.56216180
4.34674402 1.56216228
4.34667554 1.56216275
4.34660781 1.56216320
4.34654081 1.56216365
4.34647453 1.56216409
4.34640896 1.56216451
4.34634411 1.56216493
4.34627995 1.56216534
4.34621649 1.56216574
4.34615371 1.56216613
4.34609161 1.56216652
4.34603018 1.56216689
4.34596942 1.56216726
4.34590931 1.56216762
4.34584985 1.56216797
4.34579103 1.56216832
4.34573285 1.56216865
4.34567530 1.56216898
4.34561837 1.56216930
4.34556205 1.56216962
4.34550635 1.56216993
4.34545124 1.56217023
4.34539673 1.56217053
4.34534281 1.56217081
4.34528947 1.56217110
4.34523671 1.56217137
4.34518452 1.56217165
4.34513290 1.56217191
4.34508183 1.56217217
4.34503131 1.56217242
4.34498134 1.56217267
4.34493191 1.56217291
4.34488302 1.56217315
4.34483465 1.56217339
4.34478681 1.56217361
4.34473948 1.56217384
4.34469267 1.56217405
4.34464636 1.56217427
4.34460055 1.56217448
4.34455524 1.56217468
4.34451042 1.56217488
4.34446608 1.56217508
4.34442222 1.56217527
4.34437884 1.56217545
4.34433593 1.56217564
4.34429348 1.56217582
4.34425149 1.56217599
4.34420995 1.56217616
4.34416887 1.56217633
4.34412823 1.56217650
4.34408802 1.56217666
4.34404826 1.56217681
4.34400892 1.56217697
4.34397001 1.56217712
4.34393152 1.56217727
4.34389345 1.56217741
4.34385578 1.56217755
4.34381853 1.56217769
4.34378168 1.56217782
4.34374523 1.56217796
4.34370917 1.56217808
4.34367351 1.56217821
4.34363822 1.56217834
4.34360333 1.56217846
4.34356881 1.56217857
4.34353466 1.56217869
4.34350088 1.56217880
4.34346747 1.56217892
4.34343442 1.56217902
4.34340173 1.56217913
4.34336939 1.56217923
4.34333740 1.56217934
4.34330576 1.56217944
4.34327446 1.56217953
4.34324350 1.56217963
4.34321287 1.56217972
4.34318258 1.56217981
4.34315262 1.56217990
4.34312297 1.56217999
4.34309365 1.56218008
4.34306465 1.56218016
4.34303596 1.56218024
4.34300759 1.56218032
4.34297952 1.56218040
4.34295175 1.56218048
4.34292429 1.56218055
4.34289712 1.56218062
4.34287024 1.56218070
4.34284366 1.56218077
4.34281737 1.56218084
4.34279136 1.56218090
4.34276563 1.56218097
4.34274018 1.56218103
4.34271501 1.56218110
4.34269011 1.56218116
4.34266548 1.56218122
4.34264111 1.56218128
4.34261701 1.56218133
4.34259317 1.56218139
4.34256959 1.56218145
4.34254627 1.56218150
4.34252319 1.56218155
4.34250037 1.56218161
4.34247780 1.56218166
4.34245547 1.56218171
4.34243338 1.56218175
4.34241153 1.56218180
4.34238992 1.56218185
4.34236854 1.56218189
4.34234739 1.56218194
4.34232647 1.56218198
4.34230578 1.56218202
4.34228532 1.56218207
4.34226507 1.56218211
4.34224505 1.56218215
4.34222524 1.56218219
4.34220565 1.56218222
4.34218627 1.56218226
4.34216709 1.56218230
4.34214813 1.56218233
4.34212937 1.56218237
4.34211082 1.56218240
4.34209247 1.56218244
4.34207431 1.56218247
4.34205635 1.56218250
4.34203859 1.56218253
4.34202102 1.56218256
4.34200364 1.56218259
4.34198645 1.56218262
4.34196944 1.56218265
4.34195262 1.56218268
4.34193599 1.56218271
4.34191953 1.56218273
4.34190325 1.56218276
4.34188714 1.56218279
4.34187122 1.56218281
4.34185546 1.56218284
4.34183988 1.56218286
4.34182446 1.56218288
4.34180921 1.56218291
4.34179413 1.56218293
4.34177921 1.56218295
4.34176445 1.56218297
4.34174985 1.56218299
4.34173541 1.56218302
4.34172113 1.56218304
4.34170700 1.56218306
4.34169302 1.56218307
4.34167920 1.56218309
4.34166553 1.56218311
4.34165200 1.56218313
4.34163862 1.56218315
4.34162539 1.56218317
4.34161230 1.56218318
4.34159935 1.56218320
4.34158654 1.56218322
4.34157387 1.56218323
4.34156134 1.56218325
4.34154895 1.56218326
4.34153668 1.56218328
4.34152456 1.56218329
4.34151256 1.56218331
4.34150069 1.56218332
4.34148896 1.56218333
4.34147734 1.56218335
4.34146586 1.56218336
4.34145450 1.56218337
4.34144326 1.56218339
4.34143215 1.56218340
4.34142115 1.56218341
4.34141028 1.56218342
4.34139952 1.56218343
4.34138888 1.56218344
4.34137835 1.56218346
4.34136794 1.56218347
4.34135765 1.56218348
4.34134746 1.56218349
4.34133738 1.56218350
