0.51729232 0.60267365
0.52591013 0.61010146
0.53453017 0.61753204
0.54314997 0.62496112
0.55176701 0.63238437
0.56037877 0.63979744
0.56898272 0.64719594
0.57757628 0.65457549
0.58615689 0.66193170
0.59472197 0.66926020
0.60326896 0.67655665
0.61179527 0.68381674
0.62029835 0.69103620
0.62877565 0.69821085
0.63722465 0.70533656
0.64564283 0.71240931
0.65402772 0.71942514
0.66237687 0.72638024
0.67068789 0.73327088
0.67895839 0.74009347
0.68718608 0.74684456
0.69536866 0.75352085
0.70350394 0.76011916
0.71158975 0.76663650
0.71962398 0.77307003
0.72760462 0.77941707
0.73552970 0.78567512
0.74339730 0.79184187
0.75120562 0.79791517
0.75895290 0.80389304
0.76663746 0.80977371
0.77425771 0.81555558
0.78181213 0.82123723
0.78929929 0.82681740
0.79671781 0.83229505
0.80406644 0.83766928
0.81134398 0.84293937
0.81854932 0.84810478
0.82568143 0.85316512
0.83273935 0.85812017
0.83972223 0.86296984
0.84662928 0.86771423
0.85345980 0.87235355
0.86021314 0.87688815
0.86688876 0.88131851
0.87348618 0.88564525
0.88000500 0.88986909
0.88644488 0.89399086
0.89280556 0.89801149
0.89908684 0.90193202
0.90528859 0.90575357
0.91141075 0.90947734
0.91745331 0.91310461
0.92341633 0.91663673
0.92929990 0.92007509
0.93510421 0.92342118
0.94082945 0.92667651
0.94647590 0.92984263
0.95204388 0.93292115
0.95753373 0.93591369
0.96294585 0.93882191
0.96828069 0.94164751
0.97353873 0.94439217
0.97872046 0.94705761
0.98382646 0.94964555
0.98885728 0.95215773
0.99381353 0.95459588
0.99869586 0.95696172
1.00350491 0.95925698
1.00824137 0.96148337
1.01290594 0.96364261
1.01749934 0.96573638
1.02202232 0.96776637
1.02647562 0.96973423
1.03086002 0.97164160
1.03517629 0.97349010
1.03942524 0.97528133
1.04360767 0.97701687
1.04772438 0.97869825
1.05177619 0.98032699
1.05576394 0.98190460
1.05968844 0.98343254
1.06355054 0.98491223
1.06735107 0.98634509
1.07109086 0.98773250
1.07477075 0.98907580
1.07839159 0.99037631
1.08195420 0.99163531
1.08545943 0.99285406
1.08890810 0.99403379
1.09230104 0.99517568
1.09563909 0.99628091
1.09892305 0.99735061
1.10215375 0.99838588
1.10533200 0.99938780
1.10845859 1.00035741
1.11153434 1.00129574
1.11456003 1.00220376
1.11753644 1.00308245
1.12046436 1.00393273
1.12334455 1.00475552
1.12617778 1.00555169
1.12896479 1.00632209
1.13170633 1.00706757
1.13440314 1.00778891
1.13705594 1.00848691
1.13966546 1.00916231
1.14223240 1.00981585
1.14475747 1.01044825
1.14724134 1.01106018
1.14968472 1.01165233
1.15208826 1.01222532
1.15445264 1.01277979
1.15677850 1.01331635
1.15906649 1.01383558
1.16131724 1.01433805
1.16353138 1.01482431
1.16570953 1.01529489
1.16785229 1.01575030
1.16996025 1.01619105
1.17203402 1.01661761
1.17407415 1.01703045
1.17608124 1.01743003
1.17805582 1.01781677
1.17999846 1.01819111
1.18190970 1.01855344
1.18379007 1.01890416
1.18564009 1.01924366
1.18746029 1.01957231
1.18925116 1.01989045
1.19101321 1.02019843
1.19274693 1.02049660
1.19445280 1.02078526
1.19613129 1.02106473
1.19778287 1.02133532
1.19940799 1.02159731
1.20100711 1.02185098
1.20258067 1.02209661
1.20412910 1.02233446
1.20565282 1.02256479
1.20715227 1.02278783
1.20862784 1.02300383
1.21007995 1.02321302
1.21150899 1.02341561
1.21291536 1.02361183
1.21429942 1.02380188
1.21566158 1.02398596
1.21700218 1.02416426
1.21832160 1.02433697
1.21962019 1.02450428
1.22089831 1.02466635
1.22215630 1.02482336
1.22339449 1.02497546
1.22461323 1.02512283
1.22581283 1.02526561
1.22699362 1.02540394
1.22815591 1.02553797
1.22930001 1.02566785
1.23042622 1.02579369
1.23153485 1.02591564
1.23262619 1.02603381
1.23370052 1.02614833
1.23475813 1.02625932
1.23579930 1.02636688
1.23682429 1.02647112
1.23783337 1.02657216
1.23882682 1.02667009
1.23980488 1.02676501
1.24076782 1.02685702
1.24171587 1.02694621
1.24264929 1.02703266
1.24356832 1.02711647
1.24447319 1.02719772
1.24536413 1.02727649
1.24624138 1.02735285
1.24710515 1.02742689
1.24795567 1.02749867
1.24879315 1.02756827
1.24961781 1.02763576
1.25042985 1.02770120
1.25122948 1.02776465
1.25201690 1.02782618
1.25279230 1.02788585
1.25355589 1.02794371
1.25430786 1.02799982
1.25504838 1.02805424
1.25577765 1.02810702
1.25649584 1.02815821
1.25720314 1.02820786
1.25789972 1.02825602
1.25858575 1.02830272
1.25926140 1.02834803
1.25992684 1.02839198
1.26058223 1.02843460
1.26122772 1.02847596
1.26186348 1.02851607
1.26248967 1.02855499
1.26310643 1.02859274
1.26371391 1.02862937
1.26431226 1.02866490
1.26490163 1.02869937
1.26548216 1.02873282
1.26605398 1.02876528
1.26661724 1.02879676
1.26717206 1.02882732
1.26771859 1.02885696
1.26825695 1.02888573
1.26878727 1.02891364
1.26930967 1.02894073
1.26982429 1.02896702
1.27033124 1.02899253
1.27083064 1.02901728
1.27132261 1.02904130
1.27180726 1.02906462
1.27228471 1.02908724
1.27275508 1.02910920
1.27321846 1.02913052
1.27367498 1.02915120
1.27412472 1.02917128
1.27456782 1.02919077
1.27500435 1.02920968
1.27543443 1.02922804
1.27585815 1.02924587
1.27627561 1.02926317
1.27668692 1.02927996
1.27709215 1.02929626
1.27749142 1.02931208
1.27788480 1.02932744
1.27827238 1.02934235
1.27865427 1.02935683
1.27903054 1.02937088
1.27940128 1.02938453
1.27976657 1.02939777
1.28012650 1.02941063
1.28048115 1.02942312
1.28083060 1.02943524
1.28117493 1.02944701
1.28151421 1.02945844
1.28184853 1.02946953
1.28217796 1.02948031
1.28250257 1.02949077
1.28282243 1.02950092
1.28313762 1.02951078
1.28344821 1.02952036
1.28375426 1.02952966
1.28405585 1.02953869
1.28435304 1.02954746
1.28464591 1.02955597
1.28493450 1.02956424
1.28521890 1.02957227
1.28549915 1.02958007
1.28577533 1.02958764
1.28604749 1.02959499
1.28631570 1.02960213
1.28658001 1.02960907
1.28684049 1.02961580
1.28709718 1.02962234
1.28735015 1.02962870
1.28759945 1.02963487
1.28784514 1.02964086
1.28808727 1.02964668
1.28832589 1.02965233
1.28856105 1.02965782
1.28879282 1.02966316
1.28902123 1.02966833
1.28924633 1.02967337
1.28946819 1.02967825
1.28968683 1.02968300
1.28990232 1.02968761
1.29011470 1.02969209
1.29032401 1.02969644
1.29053030 1.02970066
1.29073362 1.02970476
1.29093400 1.02970875
1.29113150 1.02971262
1.29132615 1.02971638
1.29151800 1.02972004
1.29170708 1.02972359
1.29189345 1.02972704
1.29207713 1.02973039
1.29225817 1.02973364
1.29243660 1.02973680
1.29261247 1.02973987
1.29278581 1.02974285
1.29295667 1.02974575
1.29312506 1.02974857
1.29329104 1.02975130
1.29345464 1.02975396
1.29361589 1.02975654
1.29377483 1.02975905
1.29393149 1.02976149
1.29408590 1.02976385
1.29423809 1.02976615
1.29438811 1.02976839
1.29453598 1.02977056
1.29468172 1.02977267
1.29482539 1.02977472
1.29496699 1.02977671
1.29510657 1.02977864
1.29524415 1.02978052
1.29537976 1.02978235
1.29551344 1.02978412
1.29564520 1.02978585
1.29577508 1.02978752
1.29590310 1.02978915
1.29602929 1.02979073
1.29615368 1.02979226
1.29627630 1.02979376
1.29639716 1.02979521
1.29651630 1.02979662
1.29663373 1.02979799
1.29674950 1.02979932
1.29686361 1.02980061
1.29697609 1.02980187
1.29708697 1.02980309
1.29719626 1.02980427
1.29730400 1.02980543
1.29741021 1.02980654
1.29751490 1.02980763
1.29761809 1.02980869
1.29771982 1.02980972
1.29782010 1.02981072
1.29791895 1.02981169
1.29801640 1.02981263
1.29811246 1.02981355
1.29820715 1.02981444
1.29830049 1.02981530
1.29839251 1.02981614
1.29848321 1.02981696
1.29857263 1.02981775
1.29866077 1.02981852
1.29874767 1.02981927
1.29883332 1.02982000
1.29891776 1.02982071
1.29900100 1.02982140
1.29908306 1.02982207
1.29916395 1.02982272
1.29924369 1.02982335
1.29932230 1.02982396
1.29939979 1.02982456
1.29947618 1.02982514
1.29955149 1.02982570
1.29962573 1.02982625
1.29969892 1.02982678
1.29977106 1.02982730
1.29984219 1.02982780
1.29991230 1.02982829
1.29998142 1.02982876
1.30004956 1.02982922
1.30011674 1.02982967
1.30018296 1.02983010
1.30024824 1.02983053
1.30031260 1.02983094
1.30037604 1.02983134
1.30043859 1.02983173
1.30050024 1.02983210
1.30056103 1.02983247
1.30062095 1.02983283
1.30068003 1.02983317
1.30073827 1.02983351
1.30079568 1.02983384
1.30085228 1.02983416
1.30090808 1.02983447
1.30096309 1.02983477
1.30101732 1.02983506
1.30107078 1.02983534
1.30112349 1.02983562
1.30117545 1.02983589
1.30122667 1.02983615
1.30127717 1.02983640
1.30132696 1.02983665
1.30137604 1.02983689
1.30142443 1.02983712
1.30147213 1.02983734
1.30151916 1.02983756
1.30156552 1.02983778
1.30161123 1.02983798
1.30165629 1.02983819
1.30170071 1.02983838
1.30174451 1.02983857
1.30178768 1.02983876
1.30183025 1.02983894
1.30187221 1.02983911
1.30191359 1.02983928
1.30195437 1.02983945
1.30199458 1.02983961
1.30203423 1.02983976
1.30207331 1.02983992
1.30211184 1.02984006
1.30214982 1.02984021
1.30218727 1.02984035
1.30222419 1.02984048
1.30226059 1.02984061
1.30229648 1.02984074
1.30233186 1.02984086
1.30236673 1.02984099
1.30240112 1.02984110
1.30243502 1.02984122
1.30246844 1.02984133
1.30250139 1.02984144
1.30253388 1.02984154
1.30256590 1.02984164
1.30259748 1.02984174
1.30262861 1.02984184
1.30265930 1.02984193
1.30268955 1.02984202
1.30271938 1.02984211
1.30274879 1.02984220
1.30277778 1.02984228
1.30280637 1.02984236
1.30283455 1.02984244
1.30286233 1.02984252
1.30288973 1.02984259
1.30291673 1.02984266
1.30294336 1.02984273
1.30296960 1.02984280
1.30299548 1.02984287
1.30302100 1.02984293
1.30304615 1.02984300
1.30307095 1.02984306
1.30309540 1.02984312
1.30311950 1.02984317
1.30314327 1.02984323
1.30316670 1.02984328
1.30318980 1.02984334
1.30321257 1.02984339
1.30323503 1.02984344
1.30325716 1.02984349
1.30327899 1.02984353
1.30330050 1.02984358
1.30332172 1.02984363
1.30334263 1.02984367
1.30336325 1.02984371
1.30338358 1.02984375
1.30340362 1.02984379
1.30342338 1.02984383
1.30344286 1.02984387
1.30346207 1.02984391
1.30348101 1.02984394
1.30349968 1.02984398
1.30351809 1.02984401
1.30353623 1.02984404
1.30355412 1.02984407
1.30357176 1.02984410
1.30358916 1.02984413
1.30360630 1.02984416
1.30362321 1.02984419
1.30363987 1.02984422
1.30365630 1.02984425
1.30367250 1.02984427
1.30368848 1.02984430
1.30370422 1.02984432
1.30371975 1.02984435
1.30373506 1.02984437
1.30375015 1.02984439
1.30376503 1.02984441
1.30377970 1.02984444
1.30379416 1.02984446
1.30380842 1.02984448
1.30382247 1.02984450
1.30383633 1.02984452
1.30385000 1.02984453
1.30386347 1.02984455
1.30387676 1.02984457
1.30388985 1.02984459
1.30390276 1.02984460
1.30391549 1.02984462
1.30392804 1.02984463
1.30394042 1.02984465
1.30395262 1.02984466
1.30396464 1.02984468
1.30397650 1.02984469
1.30398819 1.02984471
1.30399972 1.02984472
1.30401109 1.02984473
1.30402229 1.02984475
1.30403334 1.02984476
1.30404423 1.02984477
1.30405497 1.02984478
1.30406556 1.02984479
1.30407599 1.02984480
1.30408629 1.02984481
1.30409643 1.02984482
