6.07464526 1.69562293
6.07103800 1.69691983
6.06745475 1.69819953
6.06389528 1.69946232
6.06035938 1.70070845
6.05684682 1.70193820
6.05335737 1.70315183
6.04989081 1.70434960
6.04644693 1.70553176
6.04302550 1.70669857
6.03962632 1.70785027
6.03624916 1.70898711
6.03289381 1.71010931
6.02956007 1.71121713
6.02624773 1.71231078
6.02295657 1.71339050
6.01968639 1.71445651
6.01643699 1.71550902
6.01320817 1.71654826
6.00999973 1.71757443
6.00681146 1.71858774
6.00364318 1.71958841
6.00049469 1.72057662
5.99736579 1.72155258
5.99425630 1.72251649
5.99116603 1.72346852
5.98809479 1.72440888
5.98504239 1.72533774
5.98200866 1.72625529
5.97899341 1.72716170
5.97599646 1.72805716
5.97301764 1.72894182
5.97005676 1.72981586
5.96711366 1.73067945
5.96418817 1.73153275
5.96128011 1.73237592
5.95838931 1.73320912
5.95551562 1.73403250
5.95265885 1.73484621
5.94981886 1.73565041
5.94699548 1.73644523
5.94418854 1.73723083
5.94139790 1.73800735
5.93862340 1.73877492
5.93586487 1.73953368
5.93312218 1.74028376
5.93039516 1.74102531
5.92768368 1.74175844
5.92498757 1.74248328
5.92230670 1.74319996
5.91964092 1.74390861
5.91699009 1.74460933
5.91435407 1.74530226
5.91173271 1.74598751
5.90912588 1.74666518
5.90653345 1.74733541
5.90395527 1.74799828
5.90139122 1.74865393
5.89884116 1.74930244
5.89630496 1.74994393
5.89378249 1.75057849
5.89127363 1.75120624
5.88877825 1.75182726
5.88629623 1.75244167
5.88382743 1.75304954
5.88137175 1.75365098
5.87892905 1.75424609
5.87649922 1.75483494
5.87408215 1.75541764
5.87167771 1.75599426
5.86928580 1.75656491
5.86690629 1.75712965
5.86453907 1.75768858
5.86218404 1.75824177
5.85984108 1.75878932
5.85751008 1.75933129
5.85519095 1.75986776
5.85288356 1.76039882
5.85058782 1.76092454
5.84830362 1.76144499
5.84603086 1.76196025
5.84376943 1.76247038
5.84151924 1.76297546
5.83928019 1.76347556
5.83705218 1.76397074
5.83483511 1.76446108
5.83262889 1.76494663
5.83043342 1.76542747
5.82824861 1.76590366
5.82607436 1.76637525
5.82391058 1.76684232
5.82175719 1.76730492
5.81961409 1.76776312
5.81748119 1.76821696
5.81535841 1.76866652
5.81324566 1.76911184
5.81114285 1.76955298
5.80904990 1.76999000
5.80696672 1.77042295
5.80489324 1.77085189
5.80282936 1.77127687
5.80077501 1.77169793
5.79873011 1.77211513
5.79669458 1.77252852
5.79466834 1.77293816
5.79265132 1.77334407
5.79064342 1.77374633
5.78864459 1.77414496
5.78665474 1.77454002
5.78467381 1.77493156
5.78270170 1.77531961
5.78073837 1.77570423
5.77878372 1.77608545
5.77683770 1.77646332
5.77490022 1.77683788
5.77297123 1.77720916
5.77105065 1.77757723
5.76913841 1.77794210
5.76723445 1.77830382
5.76533870 1.77866244
5.76345109 1.77901798
5.76157157 1.77937049
5.75970005 1.77972000
5.75783649 1.78006656
5.75598081 1.78041018
5.75413295 1.78075092
5.75229286 1.78108881
5.75046047 1.78142387
5.74863572 1.78175615
5.74681855 1.78208568
5.74500891 1.78241248
5.74320672 1.78273660
5.74141194 1.78305807
5.73962451 1.78337691
5.73784436 1.78369316
5.73607145 1.78400684
5.73430572 1.78431799
5.73254711 1.78462664
5.73079557 1.78493282
5.72905104 1.78523654
5.72731348 1.78553786
5.72558282 1.78583678
5.72385902 1.78613334
5.72214202 1.78642757
5.72043177 1.78671949
5.71872823 1.78700913
5.71703134 1.78729652
5.71534104 1.78758167
5.71365731 1.78786462
5.71198007 1.78814539
5.71030929 1.78842401
5.70864492 1.78870049
5.70698691 1.78897487
5.70533521 1.78924716
5.70368978 1.78951739
5.70205057 1.78978559
5.70041754 1.79005176
5.69879063 1.79031595
5.69716981 1.79057817
5.69555504 1.79083843
5.69394626 1.79109677
5.69234344 1.79135320
5.69074653 1.79160774
5.68915549 1.79186042
5.68757028 1.79211125
5.68599086 1.79236025
5.68441718 1.79260745
5.68284921 1.79285286
5.68128689 1.79309650
5.67973021 1.79333839
5.67817911 1.79357855
5.67663355 1.79381700
5.67509350 1.79405376
5.67355892 1.79428883
5.67202976 1.79452225
5.67050600 1.79475403
5.66898760 1.79498418
5.66747451 1.79521272
5.66596670 1.79543968
5.66446414 1.79566506
5.66296679 1.79588887
5.66147461 1.79611115
5.65998756 1.79633190
5.65850562 1.79655114
5.65702875 1.79676888
5.65555691 1.79698515
5.65409008 1.79719994
5.65262820 1.79741329
5.65117126 1.79762520
5.64971922 1.79783569
5.64827205 1.79804477
5.64682971 1.79825246
5.64539218 1.79845876
5.64395941 1.79866371
5.64253138 1.79886730
5.64110806 1.79906955
5.63968942 1.79927047
5.63827542 1.79947008
5.63686604 1.79966840
5.63546124 1.79986542
5.63406100 1.80006117
5.63266529 1.80025566
5.63127407 1.80044890
5.62988731 1.80064090
5.62850500 1.80083167
5.62712710 1.80102123
5.62575357 1.80120959
5.62438440 1.80139676
5.62301956 1.80158274
5.62165901 1.80176756
5.62030274 1.80195122
5.61895071 1.80213374
5.61760289 1.80231511
5.61625927 1.80249537
5.61491981 1.80267451
5.61358448 1.80285254
5.61225327 1.80302948
5.61092615 1.80320534
5.60960308 1.80338012
5.60828405 1.80355384
5.60696903 1.80372650
5.60565800 1.80389813
5.60435092 1.80406871
5.60304779 1.80423827
5.60174856 1.80440682
5.60045323 1.80457436
5.59916175 1.80474090
5.59787412 1.80490645
5.59659031 1.80507103
5.59531029 1.80523463
5.59403405 1.80539727
5.59276155 1.80555896
5.59149278 1.80571970
5.59022771 1.80587951
5.58896632 1.80603839
5.58770859 1.80619635
5.58645451 1.80635339
5.58520403 1.80650954
5.58395715 1.80666479
5.58271385 1.80681915
5.58147410 1.80697262
5.58023787 1.80712523
5.57900516 1.80727697
5.57777594 1.80742786
5.57655019 1.80757789
5.57532789 1.80772709
5.57410902 1.80787544
5.57289355 1.80802297
5.57168148 1.80816968
5.57047278 1.80831558
5.56926742 1.80846066
5.56806540 1.80860495
5.56686669 1.80874844
5.56567127 1.80889115
5.56447913 1.80903307
5.56329025 1.80917423
5.56210460 1.80931461
5.56092217 1.80945424
5.55974294 1.80959311
5.55856689 1.80973123
5.55739401 1.80986861
5.55622427 1.81000526
5.55505767 1.81014117
5.55389417 1.81027636
5.55273377 1.81041084
5.55157645 1.81054460
5.55042218 1.81067766
5.54927096 1.81081001
5.54812277 1.81094167
5.54697759 1.81107265
5.54583540 1.81120294
5.54469618 1.81133255
5.54355993 1.81146149
5.54242662 1.81158976
5.54129624 1.81171737
5.54016877 1.81184433
5.53904420 1.81197063
5.53792250 1.81209629
5.53680368 1.81222131
5.53568770 1.81234569
5.53457456 1.81246944
5.53346423 1.81259257
5.53235672 1.81271508
5.53125199 1.81283696
5.53015003 1.81295824
5.52905084 1.81307892
5.52795438 1.81319899
5.52686066 1.81331846
5.52576966 1.81343734
5.52468136 1.81355564
5.52359574 1.81367335
5.52251280 1.81379048
5.52143252 1.81390704
5.52035489 1.81402302
5.51927988 1.81413845
5.51820750 1.81425331
5.51713772 1.81436761
5.51607053 1.81448136
5.51500592 1.81459457
5.51394387 1.81470723
5.51288437 1.81481934
5.51182742 1.81493093
5.51077299 1.81504198
5.50972107 1.81515250
5.50867165 1.81526250
5.50762472 1.81537197
5.50658026 1.81548093
5.50553826 1.81558938
5.50449872 1.81569732
5.50346161 1.81580475
5.50242693 1.81591168
5.50139466 1.81601812
5.50036479 1.81612406
5.49933731 1.81622951
5.49831220 1.81633447
5.49728947 1.81643895
5.49626908 1.81654295
5.49525104 1.81664647
5.49423533 1.81674952
5.49322194 1.81685210
5.49221085 1.81695421
5.49120206 1.81705586
5.49019556 1.81715705
5.48919133 1.81725779
5.48818936 1.81735807
5.48718965 1.81745790
5.48619217 1.81755728
5.48519693 1.81765622
5.48420391 1.81775472
5.48321309 1.81785279
5.48222448 1.81795041
5.48123805 1.81804761
5.48025380 1.81814438
5.47927171 1.81824072
5.47829178 1.81833664
5.47731400 1.81843214
5.47633836 1.81852723
5.47536484 1.81862190
5.47439343 1.81871616
5.47342414 1.81881001
5.47245694 1.81890346
5.47149182 1.81899650
5.47052879 1.81908915
5.46956782 1.81918139
5.46860890 1.81927325
5.46765204 1.81936471
5.46669721 1.81945578
5.46574442 1.81954647
5.46479364 1.81963677
5.46384488 1.81972669
5.46289811 1.81981623
5.46195334 1.81990540
5.46101055 1.81999419
5.46006973 1.82008261
5.45913088 1.82017066
5.45819399 1.82025835
5.45725904 1.82034567
5.45632603 1.82043263
5.45539495 1.82051923
5.45446579 1.82060548
5.45353855 1.82069137
5.45261321 1.82077690
5.45168976 1.82086209
5.45076820 1.82094693
5.44984852 1.82103143
5.44893071 1.82111558
5.44801476 1.82119939
5.44710067 1.82128286
5.44618842 1.82136600
5.44527801 1.82144880
5.44436943 1.82153127
5.44346267 1.82161341
5.44255772 1.82169522
5.44165458 1.82177671
5.44075324 1.82185787
5.43985368 1.82193871
5.43895591 1.82201923
5.43805992 1.82209943
5.43716569 1.82217931
5.43627322 1.82225889
5.43538250 1.82233815
5.43449352 1.82241710
5.43360629 1.82249574
5.43272078 1.82257408
5.43183699 1.82265211
5.43095492 1.82272984
5.43007456 1.82280727
5.42919589 1.82288440
5.42831892 1.82296123
5.42744364 1.82303777
5.42657003 1.82311401
5.42569810 1.82318997
5.42482783 1.82326563
5.42395922 1.82334101
5.42309226 1.82341610
5.42222695 1.82349091
5.42136327 1.82356543
5.42050123 1.82363967
5.41964080 1.82371364
5.41878200 1.82378732
5.41792480 1.82386073
5.41706921 1.82393387
5.41621522 1.82400673
5.41536282 1.82407932
5.41451200 1.82415164
5.41366276 1.82422370
5.41281509 1.82429548
5.41196899 1.82436701
5.41112445 1.82443827
5.41028146 1.82450926
5.40944002 1.82458000
5.40860011 1.82465048
5.40776175 1.82472070
5.40692491 1.82479067
5.40608959 1.82486038
5.40525578 1.82492984
5.40442349 1.82499905
5.40359271 1.82506801
5.40276342 1.82513672
5.40193562 1.82520518
5.40110931 1.82527340
5.40028448 1.82534137
5.39946112 1.82540910
5.39863924 1.82547659
5.39781881 1.82554384
5.39699985 1.82561085
5.39618233 1.82567763
5.39536627 1.82574416
5.39455164 1.82581047
5.39373845 1.82587654
5.39292669 1.82594237
5.39211636 1.82600798
5.39130744 1.82607336
5.39049994 1.82613851
5.38969384 1.82620343
5.38888915 1.82626813
5.38808585 1.82633260
5.38728395 1.82639685
5.38648344 1.82646088
5.38568430 1.82652468
5.38488655 1.82658827
5.38409016 1.82665164
5.38329514 1.82671479
5.38250148 1.82677772
5.38170918 1.82684045
5.38091823 1.82690295
5.38012863 1.82696525
5.37934037 1.82702733
5.37855344 1.82708920
5.37776784 1.82715087
5.37698358 1.82721232
5.37620063 1.82727357
5.37541900 1.82733461
5.37463868 1.82739545
5.37385967 1.82745609
5.37308196 1.82751652
5.37230555 1.82757675
5.37153044 1.82763678
5.37075661 1.82769661
5.36998407 1.82775625
5.36921280 1.82781568
5.36844281 1.82787492
5.36767409 1.82793397
5.36690664 1.82799282
5.36614044 1.82805147
5.36537551 1.82810994
5.36461182 1.82816821
5.36384939 1.82822630
5.36308820 1.82828419
5.36232824 1.82834190
5.36156952 1.82839941
5.36081204 1.82845675
5.36005577 1.82851389
5.35930073 1.82857086
5.35854691 1.82862763
5.35779430 1.82868423
5.35704291 1.82874065
5.35629271 1.82879688
5.35554372 1.82885293
5.35479592 1.82890881
5.35404932 1.82896451
5.35330391 1.82902003
5.35255968 1.82907537
5.35181663 1.82913054
5.35107475 1.82918553
5.35033406 1.82924035
5.34959452 1.82929500
5.34885616 1.82934948
5.34811895 1.82940378
5.34738291 1.82945791
5.34664801 1.82951188
5.34591427 1.82956568
5.34518167 1.82961930
5.34445021 1.82967277
5.34371989 1.82972606
5.34299070 1.82977919
5.34226265 1.82983216
5.34153572 1.82988496
5.34080991 1.82993760
5.34008523 1.82999007
5.33936166 1.83004239
5.33863920 1.83009454
5.33791785 1.83014654
5.33719760 1.83019837
5.33647846 1.83025005
5.33576041 1.83030157
5.33504346 1.83035293
5.33432760 1.83040414
5.33361283 1.83045519
5.33289914 1.83050609
5.33218653 1.83055683
5.33147500 1.83060742
5.33076454 1.83065786
5.33005515 1.83070814
5.32934683 1.83075828
5.32863957 1.83080826
5.32793337 1.83085810
5.32722823 1.83090778
5.32652414 1.83095732
5.32582110 1.83100671
5.32511911 1.83105595
5.32441817 1.83110505
5.32371826 1.83115400
5.32301939 1.83120280
5.32232155 1.83125146
5.32162475 1.83129998
5.32092897 1.83134836
5.32023422 1.83139659
5.31954049 1.83144468
5.31884778 1.83149263
5.31815608 1.83154044
5.31746539 1.83158811
5.31677572 1.83163564
5.31608705 1.83168303
5.31539938 1.83173029
5.31471271 1.83177740
5.31402704 1.83182438
5.31334237 1.83187123
5.31265868 1.83191794
5.31197599 1.83196451
5.31129428 1.83201095
5.31061355 1.83205726
5.30993380 1.83210343
5.30925503 1.83214947
5.30857723 1.83219538
5.30790040 1.83224115
5.30722454 1.83228680
5.30654965 1.83233231
5.30587571 1.83237770
5.30520274 1.83242296
5.30453073 1.83246809
5.30385966 1.83251309
5.30318955 1.83255796
5.30252039 1.83260271
5.30185218 1.83264733
5.30118491 1.83269182
5.30051858 1.83273619
5.29985318 1.83278043
5.29918873 1.83282455
5.29852520 1.83286855
5.29786261 1.83291242
5.29720094 1.83295617
5.29654020 1.83299980
5.29588038 1.83304330
5.29522147 1.83308669
5.29456349 1.83312995
5.29390642 1.83317309
5.29325027 1.83321612
5.29259502 1.83325902
5.29194068 1.83330181
5.29128724 1.83334448
5.29063471 1.83338703
5.28998308 1.83342946
5.28933234 1.83347178
5.28868250 1.83351398
5.28803355 1.83355606
5.28738549 1.83359803
5.28673832 1.83363989
5.28609203 1.83368163
5.28544663 1.83372325
5.28480210 1.83376477
5.28415846 1.83380617
5.28351569 1.83384745
5.28287379 1.83388863
5.28223277 1.83392969
5.28159261 1.83397065
5.28095332 1.83401149
5.28031490 1.83405222
5.27967733 1.83409284
5.27904063 1.83413335
5.27840478 1.83417375
5.27776979 1.83421405
5.27713566 1.83425423
5.27650237 1.83429431
5.27586993 1.83433428
5.27523834 1.83437415
5.27460759 1.83441391
5.27397769 1.83445356
5.27334862 1.83449310
5.27272040 1.83453254
5.27209300 1.83457188
5.27146645 1.83461111
5.27084072 1.83465024
5.27021583 1.83468926
5.26959176 1.83472818
5.26896851 1.83476700
5.26834609 1.83480571
5.26772449 1.83484433
5.26710372 1.83488284
5.26648375 1.83492125
5.26586461 1.83495956
5.26524627 1.83499777
5.26462875 1.83503588
5.26401204 1.83507388
5.26339613 1.83511179
5.26278103 1.83514960
5.26216673 1.83518731
5.26155323 1.83522493
5.26094054 1.83526244
5.26032864 1.83529986
5.25971753 1.83533718
5.25910722 1.83537441
5.25849771 1.83541153
5.25788898 1.83544856
5.25728104 1.83548550
5.25667388 1.83552234
5.25606751 1.83555908
5.25546193 1.83559573
5.25485712 1.83563229
5.25425309 1.83566875
5.25364984 1.83570512
5.25304736 1.83574139
5.25244566 1.83577757
5.25184473 1.83581366
5.25124457 1.83584966
5.25064518 1.83588556
5.25004655 1.83592138
5.24944869 1.83595710
5.24885159 1.83599273
5.24825525 1.83602827
5.24765967 1.83606371
5.24706485 1.83609907
5.24647079 1.83613434
5.24587748 1.83616952
5.24528492 1.83620461
5.24469311 1.83623961
5.24410205 1.83627453
5.24351174 1.83630935
5.24292217 1.83634409
5.24233335 1.83637874
5.24174527 1.83641330
5.24115794 1.83644777
5.24057134 1.83648216
5.23998548 1.83651646
5.23940035 1.83655068
5.23881596 1.83658481
5.23823231 1.83661885
5.23764938 1.83665281
5.23706718 1.83668669
5.23648572 1.83672048
5.23590497 1.83675418
5.23532496 1.83678780
5.23474566 1.83682134
5.23416709 1.83685479
5.23358924 1.83688816
5.23301211 1.83692145
5.23243570 1.83695465
5.23186000 1.83698778
5.23128501 1.83702082
5.23071074 1.83705378
5.23013718 1.83708665
5.22956433 1.83711945
5.22899219 1.83715216
5.22842075 1.83718480
5.22785002 1.83721735
5.22728000 1.83724982
5.22671068 1.83728221
5.22614206 1.83731453
5.22557413 1.83734676
5.22500691 1.83737892
5.22444038 1.83741099
5.22387455 1.83744299
5.22330942 1.83747491
5.22274497 1.83750675
5.22218122 1.83753851
5.22161816 1.83757019
5.22105578 1.83760180
5.22049410 1.83763333
5.21993310 1.83766478
5.21937278 1.83769616
5.21881315 1.83772746
5.21825420 1.83775868
5.21769592 1.83778983
5.21713833 1.83782090
5.21658142 1.83785190
5.21602518 1.83788282
5.21546962 1.83791367
5.21491473 1.83794444
5.21436052 1.83797514
5.21380697 1.83800576
5.21325410 1.83803631
5.21270190 1.83806678
5.21215036 1.83809718
5.21159949 1.83812751
5.21104928 1.83815776
5.21049974 1.83818795
5.20995086 1.83821805
5.20940264 1.83824809
5.20885508 1.83827805
5.20830818 1.83830795
5.20776194 1.83833777
5.20721636 1.83836751
5.20667143 1.83839719
5.20612715 1.83842680
5.20558353 1.83845633
5.20504056 1.83848580
5.20449824 1.83851519
5.20395657 1.83854451
5.20341554 1.83857377
5.20287517 1.83860295
5.20233543 1.83863206
5.20179635 1.83866111
5.20125791 1.83869008
5.20072011 1.83871899
5.20018295 1.83874782
5.19964643 1.83877659
5.19911055 1.83880529
5.19857531 1.83883392
5.19804070 1.83886249
5.19750673 1.83889098
5.19697339 1.83891941
5.19644069 1.83894777
5.19590862 1.83897606
5.19537718 1.83900429
5.19484638 1.83903245
5.19431620 1.83906054
5.19378664 1.83908857
5.19325772 1.83911653
5.19272942 1.83914442
5.19220175 1.83917225
5.19167470 1.83920001
5.19114827 1.83922771
5.19062246 1.83925534
5.19009728 1.83928290
5.18957271 1.83931040
5.18904876 1.83933784
5.18852543 1.83936521
5.18800272 1.83939252
5.18748062 1.83941976
5.18695914 1.83944694
5.18643827 1.83947405
5.18591801 1.83950110
5.18539836 1.83952809
5.18487933 1.83955501
5.18436090 1.83958188
5.18384308 1.83960867
5.18332587 1.83963541
5.18280927 1.83966208
5.18229327 1.83968869
5.18177788 1.83971524
5.18126309 1.83974172
5.18074890 1.83976815
5.18023532 1.83979451
5.17972233 1.83982081
5.17920995 1.83984705
5.17869816 1.83987322
5.17818697 1.83989934
5.17767638 1.83992539
5.17716639 1.83995139
5.17665699 1.83997732
5.17614818 1.84000320
5.17563997 1.84002901
5.17513235 1.84005476
5.17462532 1.84008045
5.17411888 1.84010609
5.17361304 1.84013166
5.17310778 1.84015717
5.17260311 1.84018263
5.17209902 1.84020802
5.17159553 1.84023336
5.17109262 1.84025864
5.17059029 1.84028386
5.17008854 1.84030902
5.16958738 1.84033412
5.16908680 1.84035916
5.16858681 1.84038415
5.16808739 1.84040907
5.16758855 1.84043394
5.16709029 1.84045876
5.16659261 1.84048351
5.16609550 1.84050821
5.16559897 1.84053285
5.16510302 1.84055743
5.16460764 1.84058196
5.16411283 1.84060642
5.16361860 1.84063084
5.16312494 1.84065519
5.16263185 1.84067949
5.16213933 1.84070374
5.16164738 1.84072792
5.16115600 1.84075206
5.16066518 1.84077613
5.16017494 1.84080015
5.15968526 1.84082412
5.15919614 1.84084803
5.15870759 1.84087188
5.15821961 1.84089568
5.15773218 1.84091942
5.15724532 1.84094311
5.15675902 1.84096675
5.15627329 1.84099033
5.15578811 1.84101386
5.15530349 1.84103733
5.15481943 1.84106075
5.15433593 1.84108411
5.15385298 1.84110742
5.15337060 1.84113068
5.15288876 1.84115388
5.15240749 1.84117703
5.15192676 1.84120012
5.15144659 1.84122317
5.15096698 1.84124616
5.15048791 1.84126909
5.15000940 1.84129198
5.14953144 1.84131481
5.14905402 1.84133759
5.14857716 1.84136032
5.14810084 1.84138299
5.14762508 1.84140561
5.14714986 1.84142818
5.14667518 1.84145070
5.14620105 1.84147317
5.14572747 1.84149558
5.14525443 1.84151795
5.14478194 1.84154026
5.14430998 1.84156252
5.14383857 1.84158473
5.14336771 1.84160689
5.14289738 1.84162900
5.14242759 1.84165106
5.14195834 1.84167306
5.14148963 1.84169502
5.14102146 1.84171692
5.14055383 1.84173878
5.14008673 1.84176059
5.13962017 1.84178234
5.13915415 1.84180405
5.13868866 1.84182570
5.13822370 1.84184731
5.13775928 1.84186886
5.13729539 1.84189037
5.13683204 1.84191183
5.13636921 1.84193324
5.13590692 1.84195460
5.13544516 1.84197591
5.13498392 1.84199717
5.13452322 1.84201838
5.13406305 1.84203954
5.13360340 1.84206066
5.13314428 1.84208173
5.13268569 1.84210275
5.13222762 1.84212372
5.13177008 1.84214464
5.13131306 1.84216551
5.13085657 1.84218634
5.13040060 1.84220712
5.12994516 1.84222785
5.12949024 1.84224853
5.12903584 1.84226917
5.12858196 1.84228976
5.12812860 1.84231030
5.12767576 1.84233079
5.12722344 1.84235124
5.12677164 1.84237164
5.12632036 1.84239200
5.12586960 1.84241230
5.12541935 1.84243256
5.12496962 1.84245278
5.12452041 1.84247294
5.12407171 1.84249307
5.12362353 1.84251314
5.12317586 1.84253317
5.12272871 1.84255315
5.12228207 1.84257309
5.12183594 1.84259298
5.12139033 1.84261283
5.12094522 1.84263263
5.12050063 1.84265238
5.12005655 1.84267209
5.11961297 1.84269176
5.11916991 1.84271138
5.11872736 1.84273095
5.11828531 1.84275048
5.11784377 1.84276996
5.11740274 1.84278940
5.11696222 1.84280880
5.11652220 1.84282815
5.11608269 1.84284746
5.11564369 1.84286672
5.11520518 1.84288593
5.11476719 1.84290511
5.11432969 1.84292424
5.11389270 1.84294332
5.11345621 1.84296236
5.11302023 1.84298136
5.11258474 1.84300031
5.11214976 1.84301922
5.11171528 1.84303809
5.11128129 1.84305691
5.11084781 1.84307569
5.11041482 1.84309443
5.10998234 1.84311312
5.10955035 1.84313178
5.10911886 1.84315038
5.10868787 1.84316895
5.10825737 1.84318747
5.10782737 1.84320595
5.10739786 1.84322439
5.10696885 1.84324278
5.10654034 1.84326113
5.10611232 1.84327944
5.10568479 1.84329771
5.10525776 1.84331593
5.10483121 1.84333412
5.10440516 1.84335226
5.10397960 1.84337036
5.10355454 1.84338842
5.10312996 1.84340643
5.10270588 1.84342441
5.10228228 1.84344234
5.10185917 1.84346023
5.10143655 1.84347808
5.10101442 1.84349589
5.10059278 1.84351366
5.10017163 1.84353139
5.09975096 1.84354907
5.09933078 1.84356672
5.09891109 1.84358432
5.09849188 1.84360188
5.09807315 1.84361941
5.09765491 1.84363689
5.09723716 1.84365433
5.09681989 1.84367173
5.09640310 1.84368909
5.09598680 1.84370642
5.09557097 1.84372370
5.09515563 1.84374094
5.09474077 1.84375814
5.09432640 1.84377530
5.09391250 1.84379242
5.09349908 1.84380950
5.09308615 1.84382654
5.09267369 1.84384354
5.09226171 1.84386051
5.09185021 1.84387743
5.09143919 1.84389431
5.09102865 1.84391116
5.09061858 1.84392797
5.09020899 1.84394473
5.08979988 1.84396146
5.08939124 1.84397815
5.08898308 1.84399480
5.08857539 1.84401141
5.08816818 1.84402798
5.08776144 1.84404452
5.08735518 1.84406101
5.08694939 1.84407747
5.08654407 1.84409389
5.08613923 1.84411027
5.08573486 1.84412661
5.08533096 1.84414291
5.08492753 1.84415918
5.08452457 1.84417541
5.08412208 1.84419160
5.08372006 1.84420775
5.08331852 1.84422386
5.08291744 1.84423994
5.08251683 1.84425598
5.08211669 1.84427198
5.08171702 1.84428795
5.08131781 1.84430387
5.08091908 1.84431976
5.08052081 1.84433562
5.08012300 1.84435143
5.07972566 1.84436721
5.07932879 1.84438295
5.07893239 1.84439866
5.07853645 1.84441432
5.07814097 1.84442996
5.07774596 1.84444555
5.07735141 1.84446111
5.07695732 1.84447663
5.07656370 1.84449211
5.07617054 1.84450756
5.07577785 1.84452297
5.07538561 1.84453835
5.07499384 1.84455369
5.07460253 1.84456899
5.07421168 1.84458426
5.07382129 1.84459949
5.07343135 1.84461469
5.07304188 1.84462985
5.07265287 1.84464497
5.07226432 1.84466006
5.07187622 1.84467511
5.07148859 1.84469013
5.07110141 1.84470511
5.07071469 1.84472006
5.07032843 1.84473497
5.06994262 1.84474984
5.06955727 1.84476469
5.06917237 1.84477949
5.06878793 1.84479426
5.06840395 1.84480900
5.06802042 1.84482370
5.06763735 1.84483836
5.06725473 1.84485300
5.06687256 1.84486759
5.06649085 1.84488215
5.06610959 1.84489668
5.06572878 1.84491117
5.06534842 1.84492563
5.06496852 1.84494006
5.06458907 1.84495445
5.06421007 1.84496880
5.06383152 1.84498312
5.06345342 1.84499741
5.06307577 1.84501166
5.06269857 1.84502588
5.06232182 1.84504007
5.06194552 1.84505422
5.06156967 1.84506834
5.06119427 1.84508242
5.06081932 1.84509647
5.06044481 1.84511049
5.06007075 1.84512447
5.05969714 1.84513842
5.05932397 1.84515234
5.05895125 1.84516622
5.05857898 1.84518008
5.05820715 1.84519389
5.05783577 1.84520768
5.05746484 1.84522143
5.05709434 1.84523515
5.05672430 1.84524883
5.05635469 1.84526248
5.05598553 1.84527610
5.05561682 1.84528969
5.05524854 1.84530324
5.05488071 1.84531677
5.05451332 1.84533026
5.05414637 1.84534371
5.05377987 1.84535714
5.05341381 1.84537053
5.05304818 1.84538389
5.05268300 1.84539722
5.05231826 1.84541051
5.05195396 1.84542378
5.05159010 1.84543701
5.05122667 1.84545021
5.05086369 1.84546338
5.05050114 1.84547651
5.05013904 1.84548962
5.04977737 1.84550269
5.04941614 1.84551573
5.04905534 1.84552874
5.04869499 1.84554172
5.04833507 1.84555466
5.04797558 1.84556758
5.04761654 1.84558046
5.04725792 1.84559331
5.04689975 1.84560613
5.04654201 1.84561893
5.04618470 1.84563168
5.04582783 1.84564441
5.04547139 1.84565711
5.04511539 1.84566978
5.04475982 1.84568241
5.04440468 1.84569502
5.04404997 1.84570759
5.04369570 1.84572013
5.04334186 1.84573264
5.04298845 1.84574513
5.04263548 1.84575758
5.04228293 1.84577000
5.04193082 1.84578239
5.04157914 1.84579475
5.04122788 1.84580708
5.04087706 1.84581938
5.04052667 1.84583165
5.04017670 1.84584389
5.03982717 1.84585610
5.03947806 1.84586828
5.03912938 1.84588043
5.03878113 1.84589255
5.03843331 1.84590464
5.03808592 1.84591670
5.03773895 1.84592873
5.03739241 1.84594074
5.03704630 1.84595271
5.03670061 1.84596465
5.03635535 1.84597656
5.03601051 1.84598845
5.03566610 1.84600030
5.03532211 1.84601213
5.03497855 1.84602392
5.03463542 1.84603569
5.03429270 1.84604743
5.03395042 1.84605914
5.03360855 1.84607082
5.03326711 1.84608247
5.03292609 1.84609409
5.03258549 1.84610568
5.03224532 1.84611725
5.03190557 1.84612879
5.03156624 1.84614029
5.03122733 1.84615177
5.03088884 1.84616322
5.03055077 1.84617464
5.03021312 1.84618604
5.02987590 1.84619740
5.02953909 1.84620874
5.02920270 1.84622005
5.02886674 1.84623133
5.02853119 1.84624258
5.02819606 1.84625380
5.02786134 1.84626500
5.02752705 1.84627617
5.02719317 1.84628731
5.02685971 1.84629842
5.02652667 1.84630951
5.02619405 1.84632056
5.02586184 1.84633159
5.02553004 1.84634259
5.02519867 1.84635357
5.02486771 1.84636452
5.02453716 1.84637543
5.02420703 1.84638633
5.02387731 1.84639719
5.02354801 1.84640803
5.02321913 1.84641884
5.02289065 1.84642962
5.02256259 1.84644038
5.02223495 1.84645110
5.02190771 1.84646181
5.02158089 1.84647248
5.02125448 1.84648313
5.02092849 1.84649375
5.02060290 1.84650434
5.02027773 1.84651491
5.01995297 1.84652545
5.01962861 1.84653596
5.01930467 1.84654645
5.01898114 1.84655691
5.01865802 1.84656735
5.01833531 1.84657775
5.01801301 1.84658813
5.01769112 1.84659849
5.01736963 1.84660882
5.01704856 1.84661912
5.01672789 1.84662940
5.01640763 1.84663965
5.01608778 1.84664987
5.01576834 1.84666007
5.01544930 1.84667024
5.01513067 1.84668039
5.01481245 1.84669051
5.01449463 1.84670060
5.01417722 1.84671067
5.01386021 1.84672071
5.01354361 1.84673073
5.01322742 1.84674072
5.01291163 1.84675069
5.01259624 1.84676063
5.01228126 1.84677054
5.01196668 1.84678043
5.01165250 1.84679030
5.01133873 1.84680014
5.01102536 1.84680995
5.01071240 1.84681974
5.01039983 1.84682950
5.01008767 1.84683924
5.00977591 1.84684895
5.00946455 1.84685864
5.00915360 1.84686830
5.00884304 1.84687794
5.00853288 1.84688756
5.00822313 1.84689714
5.00791377 1.84690671
5.00760482 1.84691625
5.00729626 1.84692576
5.00698811 1.84693525
5.00668035 1.84694472
5.00637299 1.84695416
5.00606603 1.84696357
5.00575946 1.84697297
5.00545330 1.84698233
5.00514753 1.84699168
5.00484216 1.84700100
5.00453719 1.84701029
5.00423261 1.84701956
5.00392843 1.84702881
5.00362464 1.84703803
5.00332125 1.84704723
5.00301826 1.84705640
5.00271566 1.84706555
5.00241346 1.84707468
5.00211165 1.84708378
5.00181023 1.84709286
5.00150921 1.84710192
5.00120858 1.84711095
5.00090835 1.84711996
5.00060851 1.84712894
5.00030906 1.84713790
5.00001000 1.84714684
4.99971134 1.84715576
4.99941307 1.84716465
4.99911519 1.84717351
4.99881770 1.84718236
4.99852060 1.84719118
4.99822390 1.84719998
4.99792758 1.84720875
4.99763165 1.84721750
4.99733612 1.84722623
4.99704097 1.84723494
4.99674621 1.84724362
4.99645185 1.84725228
4.99615787 1.84726092
4.99586428 1.84726953
4.99557107 1.84727812
4.99527826 1.84728669
4.99498583 1.84729523
4.99469379 1.84730376
4.99440214 1.84731226
4.99411087 1.84732074
4.99381999 1.84732919
4.99352950 1.84733762
4.99323939 1.84734604
4.99294967 1.84735442
4.99266033 1.84736279
4.99237138 1.84737113
4.99208281 1.84737946
4.99179463 1.84738775
4.99150683 1.84739603
4.99121941 1.84740429
4.99093238 1.84741252
4.99064573 1.84742073
4.99035947 1.84742892
4.99007359 1.84743709
4.98978809 1.84744523
4.98950297 1.84745336
4.98921823 1.84746146
4.98893388 1.84746954
4.98864990 1.84747760
4.98836631 1.84748564
4.98808310 1.84749365
4.98780027 1.84750165
4.98751782 1.84750962
4.98723574 1.84751757
4.98695405 1.84752550
4.98667274 1.84753341
4.98639180 1.84754129
4.98611125 1.84754916
4.98583107 1.84755700
4.98555127 1.84756483
4.98527185 1.84757263
4.98499280 1.84758041
4.98471414 1.84758817
4.98443585 1.84759591
4.98415793 1.84760363
4.98388040 1.84761133
4.98360323 1.84761900
4.98332645 1.84762666
4.98305004 1.84763429
4.98277400 1.84764191
4.98249834 1.84764950
4.98222306 1.84765708
4.98194815 1.84766463
4.98167361 1.84767216
4.98139944 1.84767967
4.98112565 1.84768716
4.98085223 1.84769463
4.98057919 1.84770208
4.98030652 1.84770951
4.98003422 1.84771692
4.97976229 1.84772431
4.97949073 1.84773168
4.97921955 1.84773903
4.97894873 1.84774636
4.97867829 1.84775367
4.97840821 1.84776096
4.97813851 1.84776823
4.97786918 1.84777548
4.97760021 1.84778271
4.97733162 1.84778992
4.97706339 1.84779710
4.97679554 1.84780427
4.97652805 1.84781142
4.97626093 1.84781855
4.97599418 1.84782567
4.97572779 1.84783276
4.97546177 1.84783983
4.97519612 1.84784688
4.97493084 1.84785391
4.97466592 1.84786093
4.97440137 1.84786792
4.97413718 1.84787490
4.97387336 1.84788185
4.97360990 1.84788879
4.97334681 1.84789570
4.97308408 1.84790260
4.97282172 1.84790948
4.97255972 1.84791634
4.97229809 1.84792318
4.97203682 1.84793000
4.97177591 1.84793680
4.97151536 1.84794359
4.97125518 1.84795035
4.97099536 1.84795710
4.97073590 1.84796383
4.97047680 1.84797053
4.97021807 1.84797722
4.96995969 1.84798390
4.96970168 1.84799055
4.96944402 1.84799718
4.96918673 1.84800380
4.96892980 1.84801039
4.96867322 1.84801697
4.96841700 1.84802353
4.96816115 1.84803007
4.96790565 1.84803660
4.96765051 1.84804310
4.96739573 1.84804959
4.96714131 1.84805606
4.96688724 1.84806251
4.96663353 1.84806894
4.96638018 1.84807536
4.96612718 1.84808175
4.96587454 1.84808813
4.96562226 1.84809449
4.96537033 1.84810083
4.96511876 1.84810716
4.96486754 1.84811346
4.96461668 1.84811975
4.96436617 1.84812602
4.96411601 1.84813228
4.96386621 1.84813851
4.96361676 1.84814473
4.96336767 1.84815093
4.96311893 1.84815711
4.96287054 1.84816328
4.96262250 1.84816943
4.96237482 1.84817556
4.96212749 1.84818167
4.96188051 1.84818777
4.96163388 1.84819384
4.96138760 1.84819990
4.96114167 1.84820595
4.96089609 1.84821197
4.96065086 1.84821798
4.96040599 1.84822398
4.96016146 1.84822995
4.95991728 1.84823591
4.95967344 1.84824185
4.95942996 1.84824778
4.95918683 1.84825368
4.95894404 1.84825957
4.95870160 1.84826545
4.95845951 1.84827130
4.95821776 1.84827714
4.95797636 1.84828297
4.95773531 1.84828877
4.95749460 1.84829456
4.95725424 1.84830034
4.95701423 1.84830609
4.95677456 1.84831183
4.95653523 1.84831756
4.95629625 1.84832326
4.95605761 1.84832895
4.95581932 1.84833463
4.95558137 1.84834029
4.95534376 1.84834593
4.95510650 1.84835155
4.95486958 1.84835716
4.95463300 1.84836275
4.95439677 1.84836833
4.95416087 1.84837389
4.95392532 1.84837944
4.95369011 1.84838496
4.95345523 1.84839048
4.95322070 1.84839597
4.95298651 1.84840145
4.95275266 1.84840692
4.95251915 1.84841237
4.95228598 1.84841780
4.95205315 1.84842322
4.95182065 1.84842862
4.95158850 1.84843400
4.95135668 1.84843937
4.95112520 1.84844473
4.95089406 1.84845007
4.95066326 1.84845539
4.95043279 1.84846070
4.95020266 1.84846599
4.94997286 1.84847127
4.94974340 1.84847653
4.94951428 1.84848177
4.94928549 1.84848701
4.94905704 1.84849222
4.94882892 1.84849742
4.94860113 1.84850261
4.94837368 1.84850778
4.94814657 1.84851293
4.94791978 1.84851807
4.94769333 1.84852319
4.94746722 1.84852830
4.94724143 1.84853340
4.94701598 1.84853848
4.94679086 1.84854354
4.94656607 1.84854859
4.94634161 1.84855362
4.94611749 1.84855864
4.94589369 1.84856365
4.94567022 1.84856864
4.94544709 1.84857361
4.94522428 1.84857857
4.94500181 1.84858352
4.94477966 1.84858845
4.94455784 1.84859337
4.94433635 1.84859827
4.94411519 1.84860316
4.94389436 1.84860803
4.94367385 1.84861289
4.94345367 1.84861773
4.94323382 1.84862256
4.94301430 1.84862738
4.94279510 1.84863218
4.94257623 1.84863697
4.94235768 1.84864174
4.94213946 1.84864650
4.94192156 1.84865124
4.94170399 1.84865597
4.94148674 1.84866069
4.94126982 1.84866539
4.94105322 1.84867008
4.94083695 1.84867475
4.94062099 1.84867941
4.94040536 1.84868406
4.94019006 1.84868869
4.93997507 1.84869331
4.93976041 1.84869791
4.93954607 1.84870250
4.93933205 1.84870708
4.93911835 1.84871164
4.93890497 1.84871619
4.93869192 1.84872073
4.93847918 1.84872525
4.93826676 1.84872976
4.93805467 1.84873426
4.93784289 1.84873874
4.93763143 1.84874321
4.93742029 1.84874766
4.93720946 1.84875210
4.93699896 1.84875653
4.93678877 1.84876094
4.93657890 1.84876535
4.93636935 1.84876973
4.93616011 1.84877411
4.93595119 1.84877847
4.93574259 1.84878282
4.93553430 1.84878715
4.93532632 1.84879148
4.93511867 1.84879578
4.93491132 1.84880008
4.93470429 1.84880436
4.93449758 1.84880863
4.93429118 1.84881289
4.93408509 1.84881713
4.93387932 1.84882136
4.93367386 1.84882558
4.93346871 1.84882979
4.93326387 1.84883398
4.93305935 1.84883816
4.93285513 1.84884233
4.93265123 1.84884648
4.93244764 1.84885062
4.93224436 1.84885475
4.93204139 1.84885887
4.93183873 1.84886297
4.93163638 1.84886707
4.93143434 1.84887114
4.93123261 1.84887521
4.93103119 1.84887926
4.93083007 1.84888331
4.93062927 1.84888734
4.93042877 1.84889135
4.93022858 1.84889536
4.93002870 1.84889935
4.92982912 1.84890333
4.92962985 1.84890730
4.92943089 1.84891125
4.92923223 1.84891520
4.92903388 1.84891913
4.92883583 1.84892305
4.92863809 1.84892695
4.92844065 1.84893085
4.92824352 1.84893473
4.92804669 1.84893860
4.92785016 1.84894246
4.92765394 1.84894631
4.92745802 1.84895015
4.92726241 1.84895397
4.92706709 1.84895778
4.92687208 1.84896158
4.92667737 1.84896537
4.92648296 1.84896915
4.92628886 1.84897291
4.92609505 1.84897666
4.92590154 1.84898040
4.92570834 1.84898413
4.92551543 1.84898785
4.92532283 1.84899156
4.92513052 1.84899526
4.92493851 1.84899894
4.92474680 1.84900261
4.92455539 1.84900627
4.92436428 1.84900992
4.92417346 1.84901356
4.92398295 1.84901719
4.92379272 1.84902080
4.92360280 1.84902441
4.92341317 1.84902800
4.92322384 1.84903158
4.92303480 1.84903515
4.92284606 1.84903871
4.92265762 1.84904226
4.92246947 1.84904580
4.92228161 1.84904932
4.92209405 1.84905284
4.92190678 1.84905634
4.92171981 1.84905984
4.92153313 1.84906332
4.92134674 1.84906679
4.92116064 1.84907025
4.92097484 1.84907370
4.92078932 1.84907714
4.92060410 1.84908057
4.92041918 1.84908398
4.92023454 1.84908739
4.92005019 1.84909079
4.91986613 1.84909417
4.91968237 1.84909755
4.91949889 1.84910091
4.91931570 1.84910426
4.91913280 1.84910761
4.91895019 1.84911094
4.91876787 1.84911426
4.91858584 1.84911757
4.91840409 1.84912087
4.91822263 1.84912416
4.91804146 1.84912744
4.91786057 1.84913071
4.91767998 1.84913397
4.91749966 1.84913722
4.91731964 1.84914046
4.91713990 1.84914368
4.91696044 1.84914690
4.91678127 1.84915011
4.91660239 1.84915331
4.91642378 1.84915649
4.91624547 1.84915967
4.91606743 1.84916284
4.91588968 1.84916600
4.91571221 1.84916914
4.91553503 1.84917228
4.91535812 1.84917541
4.91518150 1.84917852
4.91500516 1.84918163
4.91482911 1.84918473
4.91465333 1.84918781
4.91447783 1.84919089
4.91430262 1.84919396
4.91412768 1.84919702
4.91395303 1.84920007
4.91377865 1.84920310
4.91360455 1.84920613
4.91343073 1.84920915
4.91325719 1.84921216
4.91308393 1.84921516
4.91291095 1.84921815
4.91273824 1.84922113
4.91256581 1.84922410
4.91239366 1.84922706
4.91222178 1.84923001
4.91205018 1.84923296
4.91187886 1.84923589
4.91170781 1.84923881
4.91153704 1.84924173
4.91136654 1.84924463
4.91119632 1.84924753
4.91102637 1.84925041
4.91085669 1.84925329
4.91068729 1.84925616
4.91051817 1.84925901
4.91034931 1.84926186
4.91018073 1.84926470
4.91001242 1.84926753
4.90984438 1.84927036
4.90967662 1.84927317
4.90950912 1.84927597
4.90934190 1.84927876
4.90917495 1.84928155
4.90900826 1.84928433
4.90884185 1.84928709
4.90867571 1.84928985
4.90850984 1.84929260
4.90834423 1.84929534
4.90817890 1.84929807
4.90801383 1.84930079
4.90784904 1.84930351
4.90768451 1.84930621
4.90752025 1.84930891
4.90735625 1.84931160
4.90719252 1.84931427
4.90702906 1.84931694
4.90686587 1.84931960
4.90670294 1.84932226
4.90654028 1.84932490
4.90637788 1.84932754
4.90621575 1.84933016
4.90605388 1.84933278
4.90589228 1.84933539
4.90573094 1.84933799
4.90556986 1.84934058
4.90540905 1.84934317
4.90524850 1.84934574
4.90508822 1.84934831
4.90492819 1.84935087
4.90476843 1.84935342
4.90460893 1.84935596
4.90444969 1.84935849
4.90429072 1.84936102
4.90413200 1.84936354
4.90397355 1.84936605
4.90381535 1.84936855
4.90365742 1.84937104
4.90349974 1.84937352
4.90334233 1.84937600
4.90318517 1.84937847
4.90302827 1.84938093
4.90287163 1.84938338
4.90271525 1.84938582
4.90255913 1.84938826
4.90240326 1.84939068
4.90224765 1.84939310
4.90209230 1.84939551
4.90193720 1.84939792
4.90178236 1.84940031
4.90162778 1.84940270
4.90147345 1.84940508
4.90131937 1.84940745
4.90116556 1.84940982
4.90101199 1.84941217
4.90085868 1.84941452
4.90070563 1.84941686
4.90055282 1.84941920
4.90040028 1.84942152
4.90024798 1.84942384
4.90009594 1.84942615
4.89994415 1.84942845
4.89979261 1.84943074
4.89964132 1.84943303
4.89949028 1.84943531
4.89933950 1.84943758
4.89918896 1.84943985
4.89903868 1.84944210
4.89888865 1.84944435
4.89873886 1.84944659
4.89858933 1.84944883
4.89844005 1.84945105
4.89829101 1.84945327
4.89814222 1.84945549
4.89799368 1.84945769
4.89784539 1.84945989
4.89769735 1.84946208
4.89754955 1.84946426
4.89740200 1.84946644
4.89725470 1.84946860
4.89710764 1.84947076
4.89696083 1.84947292
4.89681427 1.84947506
4.89666795 1.84947720
4.89652187 1.84947934
4.89637605 1.84948146
4.89623046 1.84948358
4.89608512 1.84948569
4.89594002 1.84948779
4.89579517 1.84948989
4.89565056 1.84949198
4.89550619 1.84949406
4.89536207 1.84949614
4.89521818 1.84949820
4.89507454 1.84950027
4.89493115 1.84950232
4.89478799 1.84950437
4.89464507 1.84950641
4.89450240 1.84950844
4.89435996 1.84951047
4.89421777 1.84951249
4.89407581 1.84951450
4.89393409 1.84951651
4.89379262 1.84951851
4.89365138 1.84952050
4.89351038 1.84952249
4.89336962 1.84952447
4.89322909 1.84952644
4.89308881 1.84952841
4.89294876 1.84953037
4.89280895 1.84953232
4.89266937 1.84953427
4.89253003 1.84953621
4.89239093 1.84953814
4.89225206 1.84954007
4.89211343 1.84954199
4.89197503 1.84954390
4.89183687 1.84954581
4.89169895 1.84954771
4.89156125 1.84954960
4.89142379 1.84955149
4.89128657 1.84955337
4.89114957 1.84955525
4.89101281 1.84955712
4.89087629 1.84955898
4.89073999 1.84956084
4.89060393 1.84956269
4.89046810 1.84956453
4.89033250 1.84956637
4.89019713 1.84956820
4.89006199 1.84957002
4.88992708 1.84957184
4.88979241 1.84957365
4.88965796 1.84957546
4.88952374 1.84957726
4.88938975 1.84957905
4.88925599 1.84958084
4.88912246 1.84958262
4.88898916 1.84958440
4.88885608 1.84958617
4.88872324 1.84958793
4.88859062 1.84958969
4.88845822 1.84959144
4.88832606 1.84959318
4.88819412 1.84959492
4.88806240 1.84959666
4.88793092 1.84959838
4.88779965 1.84960011
4.88766862 1.84960182
4.88753780 1.84960353
4.88740722 1.84960523
4.88727685 1.84960693
4.88714671 1.84960862
4.88701680 1.84961031
4.88688710 1.84961199
4.88675764 1.84961367
4.88662839 1.84961534
4.88649937 1.84961700
4.88637056 1.84961866
4.88624198 1.84962031
4.88611362 1.84962195
4.88598549 1.84962359
4.88585757 1.84962523
4.88572988 1.84962686
4.88560240 1.84962848
4.88547515 1.84963010
4.88534811 1.84963171
4.88522129 1.84963332
4.88509470 1.84963492
4.88496832 1.84963652
4.88484216 1.84963811
4.88471622 1.84963969
4.88459049 1.84964127
4.88446499 1.84964284
4.88433970 1.84964441
4.88421463 1.84964598
4.88408977 1.84964753
4.88396513 1.84964909
4.88384071 1.84965063
4.88371650 1.84965217
4.88359251 1.84965371
4.88346874 1.84965524
4.88334518 1.84965677
4.88322183 1.84965829
4.88309870 1.84965980
4.88297578 1.84966131
4.88285308 1.84966281
4.88273058 1.84966431
4.88260831 1.84966581
4.88248624 1.84966730
4.88236439 1.84966878
4.88224275 1.84967026
4.88212132 1.84967173
4.88200010 1.84967320
4.88187910 1.84967466
4.88175830 1.84967612
4.88163772 1.84967757
4.88151734 1.84967902
4.88139718 1.84968046
4.88127723 1.84968190
4.88115748 1.84968333
4.88103795 1.84968476
4.88091862 1.84968618
4.88079950 1.84968760
4.88068060 1.84968901
4.88056189 1.84969042
4.88044340 1.84969182
4.88032511 1.84969322
4.88020704 1.84969462
4.88008916 1.84969600
4.87997150 1.84969739
4.87985404 1.84969877
4.87973679 1.84970014
4.87961974 1.84970151
4.87950290 1.84970287
4.87938626 1.84970423
4.87926983 1.84970559
4.87915360 1.84970694
4.87903758 1.84970828
4.87892176 1.84970962
4.87880614 1.84971096
4.87869073 1.84971229
4.87857552 1.84971361
4.87846051 1.84971493
4.87834571 1.84971625
4.87823110 1.84971756
4.87811670 1.84971887
4.87800250 1.84972017
4.87788851 1.84972147
4.87777471 1.84972277
4.87766111 1.84972406
4.87754772 1.84972534
4.87743452 1.84972662
4.87732153 1.84972790
4.87720873 1.84972917
4.87709613 1.84973043
4.87698374 1.84973170
4.87687154 1.84973295
4.87675953 1.84973421
4.87664773 1.84973546
4.87653613 1.84973670
4.87642472 1.84973794
4.87631351 1.84973918
4.87620249 1.84974041
4.87609168 1.84974164
4.87598106 1.84974286
4.87587063 1.84974408
4.87576040 1.84974529
4.87565037 1.84974650
4.87554053 1.84974771
4.87543089 1.84974891
4.87532144 1.84975010
4.87521219 1.84975130
4.87510312 1.84975248
4.87499426 1.84975367
4.87488559 1.84975485
4.87477711 1.84975602
4.87466882 1.84975720
4.87456072 1.84975836
4.87445282 1.84975953
4.87434511 1.84976069
4.87423759 1.84976184
4.87413027 1.84976299
4.87402313 1.84976414
4.87391619 1.84976528
4.87380943 1.84976642
4.87370287 1.84976755
4.87359649 1.84976868
4.87349031 1.84976981
4.87338432 1.84977093
4.87327851 1.84977205
4.87317289 1.84977317
4.87306747 1.84977428
4.87296223 1.84977538
4.87285718 1.84977649
4.87275231 1.84977758
4.87264764 1.84977868
4.87254315 1.84977977
4.87243885 1.84978086
4.87233473 1.84978194
4.87223080 1.84978302
4.87212706 1.84978409
4.87202350 1.84978517
4.87192013 1.84978623
4.87181695 1.84978730
4.87171394 1.84978836
4.87161113 1.84978941
4.87150850 1.84979047
4.87140605 1.84979151
4.87130379 1.84979256
4.87120171 1.84979360
4.87109981 1.84979464
4.87099809 1.84979567
4.87089656 1.84979670
4.87079521 1.84979773
4.87069405 1.84979875
4.87059306 1.84979977
4.87049226 1.84980078
4.87039164 1.84980180
4.87029120 1.84980280
4.87019094 1.84980381
4.87009086 1.84980481
4.86999096 1.84980581
4.86989124 1.84980680
4.86979171 1.84980779
4.86969235 1.84980878
4.86959317 1.84980976
4.86949416 1.84981074
4.86939534 1.84981171
4.86929670 1.84981269
4.86919823 1.84981365
4.86909994 1.84981462
4.86900183 1.84981558
4.86890390 1.84981654
4.86880614 1.84981749
4.86870856 1.84981845
4.86861116 1.84981939
4.86851393 1.84982034
4.86841688 1.84982128
4.86832001 1.84982222
4.86822331 1.84982315
4.86812678 1.84982408
4.86803043 1.84982501
4.86793425 1.84982593
4.86783825 1.84982685
4.86774243 1.84982777
4.86764677 1.84982869
4.86755129 1.84982960
4.86745598 1.84983050
4.86736085 1.84983141
4.86726589 1.84983231
4.86717110 1.84983321
4.86707648 1.84983410
4.86698204 1.84983499
4.86688777 1.84983588
4.86679366 1.84983676
4.86669973 1.84983765
4.86660597 1.84983852
4.86651238 1.84983940
4.86641896 1.84984027
4.86632571 1.84984114
4.86623264 1.84984201
4.86613973 1.84984287
4.86604698 1.84984373
4.86595441 1.84984458
4.86586201 1.84984544
4.86576978 1.84984629
4.86567771 1.84984713
4.86558581 1.84984798
4.86549408 1.84984882
4.86540252 1.84984966
4.86531112 1.84985049
4.86521989 1.84985132
4.86512883 1.84985215
4.86503793 1.84985298
4.86494720 1.84985380
4.86485663 1.84985462
4.86476623 1.84985543
4.86467600 1.84985625
4.86458593 1.84985706
4.86449603 1.84985787
4.86440629 1.84985867
4.86431671 1.84985947
4.86422730 1.84986027
4.86413805 1.84986107
4.86404897 1.84986186
4.86396005 1.84986265
4.86387129 1.84986344
4.86378269 1.84986422
4.86369426 1.84986500
4.86360599 1.84986578
4.86351788 1.84986656
4.86342993 1.84986733
4.86334215 1.84986810
4.86325452 1.84986887
4.86316706 1.84986963
4.86307975 1.84987039
4.86299261 1.84987115
4.86290563 1.84987191
4.86281881 1.84987266
4.86273214 1.84987341
4.86264564 1.84987416
4.86255929 1.84987490
4.86247311 1.84987564
4.86238708 1.84987638
4.86230121 1.84987712
4.86221550 1.84987785
4.86212995 1.84987859
4.86204455 1.84987931
4.86195931 1.84988004
4.86187423 1.84988076
4.86178931 1.84988148
4.86170454 1.84988220
4.86161993 1.84988292
4.86153547 1.84988363
4.86145117 1.84988434
4.86136703 1.84988505
4.86128304 1.84988575
4.86119920 1.84988645
4.86111553 1.84988715
4.86103200 1.84988785
4.86094863 1.84988854
4.86086541 1.84988924
4.86078235 1.84988993
4.86069944 1.84989061
4.86061669 1.84989130
4.86053409 1.84989198
4.86045164 1.84989266
4.86036934 1.84989333
4.86028719 1.84989401
4.86020520 1.84989468
4.86012336 1.84989535
4.86004167 1.84989602
4.85996013 1.84989668
4.85987875 1.84989734
4.85979751 1.84989800
4.85971643 1.84989866
4.85963549 1.84989931
4.85955471 1.84989996
4.85947407 1.84990061
4.85939359 1.84990126
4.85931325 1.84990191
4.85923306 1.84990255
4.85915303 1.84990319
4.85907314 1.84990383
4.85899340 1.84990446
4.85891380 1.84990509
4.85883436 1.84990572
4.85875506 1.84990635
4.85867591 1.84990698
4.85859691 1.84990760
4.85851805 1.84990822
4.85843935 1.84990884
4.85836078 1.84990946
4.85828237 1.84991007
4.85820410 1.84991069
4.85812597 1.84991130
4.85804799 1.84991190
4.85797016 1.84991251
4.85789247 1.84991311
4.85781493 1.84991371
4.85773753 1.84991431
4.85766027 1.84991491
4.85758316 1.84991550
4.85750620 1.84991609
4.85742937 1.84991668
4.85735269 1.84991727
4.85727616 1.84991785
4.85719976 1.84991844
4.85712351 1.84991902
4.85704740 1.84991960
4.85697144 1.84992017
4.85689561 1.84992075
4.85681993 1.84992132
4.85674439 1.84992189
4.85666899 1.84992246
4.85659373 1.84992302
4.85651861 1.84992359
4.85644363 1.84992415
4.85636880 1.84992471
4.85629410 1.84992527
4.85621954 1.84992582
4.85614512 1.84992638
4.85607084 1.84992693
4.85599670 1.84992748
4.85592270 1.84992802
4.85584884 1.84992857
4.85577512 1.84992911
4.85570153 1.84992965
4.85562809 1.84993019
4.85555478 1.84993073
4.85548160 1.84993126
4.85540857 1.84993180
4.85533567 1.84993233
4.85526291 1.84993286
4.85519029 1.84993338
4.85511780 1.84993391
4.85504545 1.84993443
4.85497323 1.84993495
4.85490115 1.84993547
4.85482921 1.84993599
4.85475740 1.84993650
4.85468573 1.84993702
4.85461419 1.84993753
4.85454278 1.84993804
4.85447151 1.84993854
4.85440038 1.84993905
4.85432937 1.84993955
4.85425850 1.84994006
4.85418777 1.84994056
4.85411717 1.84994105
4.85404670 1.84994155
4.85397636 1.84994204
4.85390616 1.84994254
4.85383609 1.84994303
4.85376615 1.84994352
4.85369634 1.84994400
4.85362666 1.84994449
4.85355712 1.84994497
4.85348771 1.84994545
4.85341842 1.84994593
4.85334927 1.84994641
4.85328025 1.84994688
4.85321136 1.84994736
4.85314260 1.84994783
4.85307397 1.84994830
4.85300547 1.84994877
4.85293710 1.84994924
4.85286886 1.84994970
4.85280074 1.84995017
4.85273276 1.84995063
4.85266490 1.84995109
4.85259717 1.84995155
4.85252957 1.84995200
4.85246210 1.84995246
4.85239476 1.84995291
4.85232754 1.84995336
4.85226045 1.84995381
4.85219349 1.84995426
4.85212666 1.84995471
4.85205995 1.84995515
4.85199336 1.84995559
4.85192691 1.84995603
4.85186058 1.84995647
4.85179437 1.84995691
4.85172830 1.84995735
4.85166234 1.84995778
4.85159651 1.84995822
4.85153081 1.84995865
4.85146523 1.84995908
4.85139978 1.84995951
4.85133445 1.84995993
4.85126924 1.84996036
4.85120416 1.84996078
4.85113920 1.84996120
4.85107436 1.84996162
4.85100965 1.84996204
4.85094506 1.84996246
4.85088059 1.84996287
4.85081625 1.84996328
4.85075203 1.84996370
4.85068793 1.84996411
4.85062395 1.84996452
4.85056010 1.84996492
4.85049636 1.84996533
4.85043275 1.84996573
4.85036926 1.84996614
4.85030589 1.84996654
4.85024263 1.84996694
4.85017950 1.84996734
4.85011649 1.84996773
4.85005360 1.84996813
4.84999083 1.84996852
4.84992818 1.84996891
4.84986565 1.84996930
4.84980324 1.84996969
4.84974095 1.84997008
4.84967878 1.84997047
4.84961672 1.84997085
4.84955478 1.84997123
4.84949296 1.84997162
4.84943126 1.84997200
4.84936968 1.84997238
4.84930821 1.84997275
4.84924687 1.84997313
4.84918564 1.84997350
4.84912452 1.84997388
4.84906352 1.84997425
4.84900264 1.84997462
4.84894188 1.84997499
4.84888123 1.84997536
4.84882070 1.84997572
4.84876028 1.84997609
4.84869998 1.84997645
4.84863980 1.84997681
4.84857972 1.84997717
4.84851977 1.84997753
4.84845993 1.84997789
4.84840020 1.84997824
4.84834059 1.84997860
4.84828109 1.84997895
4.84822171 1.84997931
4.84816244 1.84997966
4.84810328 1.84998001
4.84804424 1.84998035
4.84798531 1.84998070
4.84792649 1.84998105
4.84786779 1.84998139
4.84780919 1.84998173
4.84775071 1.84998208
4.84769235 1.84998242
4.84763409 1.84998276
4.84757595 1.84998309
4.84751791 1.84998343
4.84745999 1.84998377
4.84740218 1.84998410
4.84734449 1.84998443
4.84728690 1.84998476
4.84722942 1.84998509
4.84717205 1.84998542
4.84711480 1.84998575
4.84705765 1.84998608
4.84700061 1.84998640
4.84694369 1.84998672
4.84688687 1.84998705
4.84683016 1.84998737
4.84677356 1.84998769
4.84671707 1.84998801
4.84666069 1.84998832
4.84660441 1.84998864
4.84654825 1.84998896
4.84649219 1.84998927
4.84643624 1.84998958
4.84638040 1.84998989
4.84632466 1.84999020
4.84626904 1.84999051
4.84621352 1.84999082
4.84615810 1.84999113
4.84610280 1.84999143
4.84604760 1.84999174
4.84599251 1.84999204
4.84593752 1.84999234
4.84588264 1.84999264
4.84582786 1.84999294
4.84577319 1.84999324
4.84571863 1.84999354
4.84566417 1.84999384
4.84560982 1.84999413
4.84555557 1.84999443
4.84550142 1.84999472
4.84544738 1.84999501
4.84539345 1.84999530
4.84533962 1.84999559
4.84528589 1.84999588
4.84523226 1.84999617
4.84517874 1.84999645
4.84512533 1.84999674
4.84507201 1.84999702
4.84501880 1.84999730
4.84496570 1.84999759
4.84491269 1.84999787
4.84485979 1.84999815
4.84480699 1.84999842
4.84475429 1.84999870
4.84470169 1.84999898
4.84464920 1.84999925
4.84459681 1.84999953
4.84454451 1.84999980
4.84449232 1.85000007
4.84444023 1.85000034
4.84438825 1.85000061
4.84433636 1.85000088
4.84428457 1.85000115
4.84423288 1.85000142
4.84418130 1.85000168
4.84412981 1.85000195
4.84407842 1.85000221
4.84402713 1.85000248
4.84397595 1.85000274
4.84392486 1.85000300
4.84387387 1.85000326
4.84382298 1.85000352
4.84377218 1.85000377
4.84372149 1.85000403
4.84367089 1.85000429
4.84362040 1.85000454
4.84357000 1.85000480
4.84351970 1.85000505
4.84346949 1.85000530
4.84341938 1.85000555
4.84336938 1.85000580
4.84331946 1.85000605
4.84326965 1.85000630
4.84321993 1.85000654
4.84317031 1.85000679
4.84312078 1.85000704
4.84307135 1.85000728
4.84302202 1.85000752
4.84297278 1.85000776
4.84292364 1.85000801
4.84287459 1.85000825
4.84282564 1.85000849
4.84277679 1.85000872
4.84272803 1.85000896
4.84267936 1.85000920
4.84263079 1.85000943
4.84258231 1.85000967
4.84253393 1.85000990
4.84248564 1.85001014
4.84243745 1.85001037
4.84238935 1.85001060
4.84234134 1.85001083
4.84229343 1.85001106
4.84224561 1.85001129
4.84219788 1.85001151
4.84215025 1.85001174
4.84210271 1.85001197
4.84205526 1.85001219
4.84200790 1.85001242
4.84196064 1.85001264
4.84191347 1.85001286
4.84186639 1.85001308
4.84181940 1.85001330
4.84177250 1.85001352
4.84172570 1.85001374
4.84167899 1.85001396
4.84163237 1.85001418
4.84158583 1.85001439
4.84153939 1.85001461
4.84149304 1.85001482
4.84144679 1.85001504
4.84140062 1.85001525
4.84135454 1.85001546
4.84130855 1.85001567
4.84126265 1.85001588
4.84121684 1.85001609
4.84117112 1.85001630
4.84112549 1.85001651
4.84107995 1.85001672
4.84103450 1.85001692
4.84098913 1.85001713
4.84094386 1.85001733
4.84089867 1.85001754
4.84085357 1.85001774
4.84080856 1.85001794
4.84076364 1.85001815
4.84071881 1.85001835
4.84067406 1.85001855
4.84062940 1.85001875
4.84058483 1.85001894
4.84054035 1.85001914
4.84049595 1.85001934
4.84045164 1.85001953
4.84040742 1.85001973
4.84036328 1.85001992
4.84031923 1.85002012
4.84027527 1.85002031
4.84023139 1.85002050
4.84018760 1.85002070
4.84014389 1.85002089
4.84010027 1.85002108
4.84005674 1.85002127
4.84001329 1.85002145
4.83996992 1.85002164
4.83992664 1.85002183
4.83988345 1.85002202
4.83984034 1.85002220
4.83979731 1.85002239
4.83975437 1.85002257
4.83971152 1.85002275
4.83966874 1.85002294
4.83962606 1.85002312
4.83958345 1.85002330
4.83954093 1.85002348
4.83949849 1.85002366
4.83945614 1.85002384
4.83941387 1.85002402
4.83937168 1.85002420
4.83932957 1.85002437
4.83928755 1.85002455
4.83924561 1.85002473
4.83920375 1.85002490
4.83916197 1.85002508
4.83912028 1.85002525
4.83907867 1.85002542
4.83903714 1.85002559
4.83899569 1.85002577
4.83895432 1.85002594
4.83891304 1.85002611
4.83887183 1.85002628
4.83883071 1.85002645
4.83878967 1.85002661
4.83874871 1.85002678
4.83870783 1.85002695
4.83866703 1.85002711
4.83862631 1.85002728
4.83858567 1.85002745
4.83854511 1.85002761
4.83850462 1.85002777
4.83846422 1.85002794
4.83842390 1.85002810
4.83838366 1.85002826
4.83834350 1.85002842
4.83830342 1.85002858
4.83826341 1.85002874
4.83822349 1.85002890
4.83818364 1.85002906
4.83814387 1.85002922
4.83810418 1.85002938
4.83806457 1.85002953
4.83802503 1.85002969
4.83798558 1.85002984
4.83794620 1.85003000
4.83790690 1.85003015
4.83786768 1.85003031
4.83782853 1.85003046
4.83778946 1.85003061
4.83775047 1.85003076
4.83771156 1.85003092
4.83767272 1.85003107
4.83763396 1.85003122
4.83759527 1.85003137
4.83755667 1.85003151
4.83751813 1.85003166
4.83747968 1.85003181
4.83744130 1.85003196
4.83740299 1.85003210
4.83736477 1.85003225
4.83732661 1.85003240
4.83728853 1.85003254
4.83725053 1.85003269
4.83721260 1.85003283
4.83717475 1.85003297
4.83713697 1.85003311
4.83709927 1.85003326
4.83706164 1.85003340
4.83702409 1.85003354
4.83698661 1.85003368
4.83694920 1.85003382
4.83691187 1.85003396
4.83687461 1.85003410
4.83683743 1.85003424
4.83680032 1.85003437
4.83676328 1.85003451
4.83672632 1.85003465
4.83668943 1.85003478
4.83665261 1.85003492
4.83661586 1.85003505
4.83657919 1.85003519
4.83654259 1.85003532
4.83650606 1.85003545
4.83646961 1.85003559
4.83643323 1.85003572
4.83639692 1.85003585
4.83636068 1.85003598
4.83632451 1.85003611
4.83628841 1.85003624
4.83625239 1.85003637
4.83621644 1.85003650
4.83618056 1.85003663
4.83614475 1.85003676
4.83610901 1.85003689
4.83607334 1.85003701
4.83603774 1.85003714
4.83600221 1.85003727
4.83596676 1.85003739
4.83593137 1.85003752
4.83589606 1.85003764
4.83586081 1.85003776
4.83582563 1.85003789
4.83579053 1.85003801
4.83575549 1.85003813
4.83572052 1.85003826
4.83568562 1.85003838
4.83565080 1.85003850
4.83561604 1.85003862
4.83558135 1.85003874
4.83554672 1.85003886
4.83551217 1.85003898
4.83547769 1.85003910
4.83544327 1.85003922
4.83540892 1.85003933
4.83537464 1.85003945
4.83534043 1.85003957
4.83530629 1.85003968
4.83527221 1.85003980
4.83523821 1.85003992
4.83520426 1.85004003
4.83517039 1.85004015
4.83513659 1.85004026
4.83510285 1.85004037
4.83506918 1.85004049
4.83503557 1.85004060
4.83500204 1.85004071
4.83496856 1.85004082
4.83493516 1.85004094
4.83490182 1.85004105
4.83486855 1.85004116
4.83483535 1.85004127
4.83480221 1.85004138
4.83476913 1.85004149
4.83473613 1.85004160
4.83470318 1.85004170
4.83467031 1.85004181
4.83463750 1.85004192
4.83460475 1.85004203
4.83457207 1.85004213
4.83453945 1.85004224
4.83450690 1.85004235
4.83447442 1.85004245
4.83444200 1.85004256
4.83440964 1.85004266
4.83437735 1.85004276
4.83434512 1.85004287
4.83431296 1.85004297
4.83428086 1.85004307
4.83424882 1.85004318
4.83421685 1.85004328
4.83418494 1.85004338
4.83415310 1.85004348
4.83412132 1.85004358
4.83408960 1.85004368
4.83405795 1.85004378
4.83402636 1.85004388
4.83399483 1.85004398
4.83396336 1.85004408
4.83393196 1.85004418
4.83390062 1.85004428
4.83386934 1.85004438
4.83383813 1.85004447
4.83380697 1.85004457
4.83377588 1.85004467
4.83374486 1.85004476
4.83371389 1.85004486
4.83368298 1.85004495
4.83365214 1.85004505
4.83362136 1.85004514
4.83359064 1.85004524
4.83355998 1.85004533
4.83352938 1.85004543
4.83349885 1.85004552
4.83346837 1.85004561
4.83343796 1.85004570
4.83340760 1.85004580
4.83337731 1.85004589
4.83334708 1.85004598
4.83331690 1.85004607
4.83328679 1.85004616
4.83325674 1.85004625
4.83322675 1.85004634
4.83319681 1.85004643
4.83316694 1.85004652
4.83313713 1.85004661
4.83310738 1.85004670
4.83307768 1.85004678
4.83304805 1.85004687
4.83301847 1.85004696
4.83298896 1.85004705
4.83295950 1.85004713
4.83293010 1.85004722
4.83290077 1.85004731
4.83287149 1.85004739
4.83284226 1.85004748
4.83281310 1.85004756
4.83278400 1.85004765
4.83275495 1.85004773
4.83272596 1.85004781
4.83269703 1.85004790
4.83266816 1.85004798
4.83263934 1.85004806
4.83261058 1.85004815
4.83258188 1.85004823
4.83255324 1.85004831
4.83252466 1.85004839
4.83249613 1.85004847
4.83246766 1.85004856
4.83243925 1.85004864
4.83241089 1.85004872
4.83238259 1.85004880
4.83235435 1.85004888
4.83232616 1.85004896
4.83229803 1.85004903
4.83226996 1.85004911
4.83224194 1.85004919
4.83221398 1.85004927
4.83218607 1.85004935
4.83215822 1.85004942
4.83213043 1.85004950
4.83210269 1.85004958
4.83207501 1.85004966
4.83204738 1.85004973
4.83201981 1.85004981
4.83199230 1.85004988
4.83196483 1.85004996
4.83193743 1.85005003
4.83191008 1.85005011
4.83188278 1.85005018
4.83185554 1.85005026
4.83182835 1.85005033
4.83180122 1.85005040
4.83177415 1.85005048
4.83174712 1.85005055
4.83172015 1.85005062
4.83169324 1.85005070
4.83166638 1.85005077
4.83163957 1.85005084
4.83161282 1.85005091
4.83158612 1.85005098
4.83155947 1.85005105
4.83153288 1.85005112
4.83150634 1.85005119
4.83147985 1.85005126
4.83145342 1.85005133
4.83142704 1.85005140
4.83140072 1.85005147
4.83137444 1.85005154
4.83134822 1.85005161
4.83132205 1.85005168
4.83129594 1.85005175
4.83126988 1.85005181
4.83124387 1.85005188
4.83121791 1.85005195
4.83119200 1.85005202
4.83116615 1.85005208
4.83114034 1.85005215
4.83111459 1.85005222
4.83108890 1.85005228
4.83106325 1.85005235
4.83103765 1.85005241
4.83101211 1.85005248
4.83098662 1.85005254
4.83096118 1.85005261
4.83093579 1.85005267
4.83091045 1.85005274
4.83088516 1.85005280
4.83085992 1.85005286
4.83083474 1.85005293
4.83080960 1.85005299
4.83078452 1.85005305
4.83075948 1.85005312
4.83073450 1.85005318
4.83070956 1.85005324
4.83068468 1.85005330
4.83065984 1.85005336
4.83063506 1.85005343
4.83061033 1.85005349
4.83058564 1.85005355
4.83056101 1.85005361
4.83053642 1.85005367
4.83051189 1.85005373
4.83048740 1.85005379
4.83046297 1.85005385
4.83043858 1.85005391
4.83041424 1.85005397
4.83038995 1.85005403
4.83036571 1.85005408
4.83034152 1.85005414
4.83031738 1.85005420
4.83029328 1.85005426
4.83026924 1.85005432
4.83024524 1.85005437
4.83022129 1.85005443
4.83019739 1.85005449
4.83017354 1.85005455
4.83014974 1.85005460
4.83012598 1.85005466
4.83010227 1.85005471
4.83007861 1.85005477
4.83005500 1.85005483
4.83003143 1.85005488
4.83000792 1.85005494
4.82998445 1.85005499
4.82996102 1.85005505
4.82993765 1.85005510
4.82991432 1.85005516
4.82989104 1.85005521
4.82986780 1.85005526
4.82984462 1.85005532
4.82982147 1.85005537
4.82979838 1.85005542
4.82977533 1.85005548
4.82975233 1.85005553
4.82972938 1.85005558
4.82970647 1.85005564
4.82968361 1.85005569
4.82966079 1.85005574
4.82963802 1.85005579
4.82961530 1.85005584
4.82959262 1.85005589
4.82956999 1.85005595
4.82954740 1.85005600
4.82952486 1.85005605
4.82950237 1.85005610
4.82947992 1.85005615
4.82945751 1.85005620
4.82943515 1.85005625
4.82941284 1.85005630
4.82939057 1.85005635
4.82936834 1.85005640
4.82934617 1.85005645
4.82932403 1.85005649
4.82930194 1.85005654
4.82927990 1.85005659
4.82925790 1.85005664
4.82923594 1.85005669
4.82921403 1.85005674
4.82919216 1.85005678
4.82917034 1.85005683
4.82914856 1.85005688
4.82912682 1.85005693
4.82910513 1.85005697
4.82908349 1.85005702
4.82906188 1.85005707
4.82904032 1.85005711
4.82901881 1.85005716
4.82899733 1.85005721
4.82897590 1.85005725
4.82895452 1.85005730
4.82893318 1.85005734
4.82891188 1.85005739
4.82889062 1.85005743
4.82886941 1.85005748
4.82884824 1.85005752
4.82882711 1.85005757
4.82880602 1.85005761
4.82878498 1.85005766
4.82876398 1.85005770
4.82874303 1.85005774
4.82872211 1.85005779
4.82870124 1.85005783
4.82868041 1.85005787
4.82865962 1.85005792
4.82863887 1.85005796
4.82861817 1.85005800
4.82859751 1.85005805
4.82857689 1.85005809
4.82855631 1.85005813
4.82853577 1.85005817
4.82851528 1.85005822
4.82849483 1.85005826
4.82847441 1.85005830
4.82845404 1.85005834
4.82843371 1.85005838
4.82841342 1.85005842
4.82839318 1.85005846
4.82837297 1.85005850
4.82835281 1.85005854
4.82833268 1.85005859
4.82831260 1.85005863
4.82829255 1.85005867
4.82827255 1.85005871
4.82825259 1.85005875
4.82823267 1.85005879
4.82821279 1.85005882
4.82819295 1.85005886
4.82817315 1.85005890
4.82815339 1.85005894
4.82813367 1.85005898
4.82811399 1.85005902
4.82809435 1.85005906
4.82807475 1.85005910
4.82805518 1.85005913
4.82803566 1.85005917
4.82801618 1.85005921
4.82799674 1.85005925
4.82797734 1.85005929
4.82795797 1.85005932
4.82793865 1.85005936
4.82791937 1.85005940
4.82790012 1.85005944
4.82788091 1.85005947
4.82786175 1.85005951
4.82784262 1.85005955
4.82782353 1.85005958
4.82780448 1.85005962
4.82778546 1.85005965
4.82776649 1.85005969
4.82774755 1.85005973
4.82772866 1.85005976
4.82770980 1.85005980
4.82769098 1.85005983
4.82767220 1.85005987
4.82765345 1.85005990
4.82763475 1.85005994
4.82761608 1.85005997
4.82759745 1.85006001
4.82757885 1.85006004
4.82756030 1.85006008
4.82754178 1.85006011
4.82752330 1.85006014
4.82750486 1.85006018
4.82748646 1.85006021
4.82746809 1.85006025
4.82744976 1.85006028
4.82743147 1.85006031
4.82741321 1.85006035
4.82739500 1.85006038
4.82737682 1.85006041
4.82735867 1.85006045
4.82734056 1.85006048
4.82732249 1.85006051
4.82730446 1.85006054
4.82728646 1.85006058
4.82726850 1.85006061
4.82725058 1.85006064
4.82723269 1.85006067
4.82721484 1.85006070
4.82719702 1.85006074
4.82717925 1.85006077
4.82716150 1.85006080
4.82714380 1.85006083
4.82712613 1.85006086
4.82710849 1.85006089
4.82709089 1.85006092
4.82707333 1.85006095
4.82705580 1.85006098
4.82703831 1.85006101
4.82702086 1.85006105
4.82700343 1.85006108
4.82698605 1.85006111
4.82696870 1.85006114
4.82695139 1.85006117
4.82693411 1.85006120
4.82691686 1.85006123
4.82689965 1.85006126
4.82688248 1.85006128
4.82686534 1.85006131
4.82684824 1.85006134
4.82683117 1.85006137
4.82681413 1.85006140
4.82679713 1.85006143
4.82678017 1.85006146
4.82676324 1.85006149
4.82674634 1.85006152
4.82672948 1.85006154
4.82671265 1.85006157
4.82669586 1.85006160
4.82667910 1.85006163
4.82666237 1.85006166
4.82664568 1.85006168
4.82662902 1.85006171
4.82661240 1.85006174
4.82659581 1.85006177
4.82657926 1.85006179
4.82656273 1.85006182
4.82654625 1.85006185
4.82652979 1.85006188
4.82651337 1.85006190
4.82649698 1.85006193
4.82648063 1.85006196
4.82646431 1.85006198
4.82644802 1.85006201
4.82643177 1.85006204
4.82641555 1.85006206
4.82639936 1.85006209
4.82638320 1.85006211
4.82636708 1.85006214
4.82635099 1.85006217
4.82633493 1.85006219
4.82631891 1.85006222
4.82630292 1.85006224
4.82628696 1.85006227
4.82627103 1.85006229
4.82625514 1.85006232
4.82623928 1.85006234
4.82622345 1.85006237
4.82620765 1.85006239
4.82619189 1.85006242
4.82617615 1.85006244
4.82616045 1.85006247
4.82614479 1.85006249
4.82612915 1.85006252
4.82611354 1.85006254
4.82609797 1.85006257
4.82608243 1.85006259
4.82606692 1.85006261
4.82605144 1.85006264
4.82603600 1.85006266
4.82602058 1.85006269
4.82600520 1.85006271
4.82598985 1.85006273
4.82597453 1.85006276
4.82595924 1.85006278
4.82594398 1.85006280
4.82592875 1.85006283
4.82591356 1.85006285
4.82589839 1.85006287
4.82588326 1.85006290
4.82586816 1.85006292
4.82585308 1.85006294
4.82583804 1.85006296
4.82582303 1.85006299
4.82580805 1.85006301
4.82579310 1.85006303
4.82577818 1.85006305
4.82576329 1.85006308
4.82574844 1.85006310
4.82573361 1.85006312
4.82571881 1.85006314
4.82570404 1.85006316
4.82568931 1.85006318
4.82567460 1.85006321
4.82565992 1.85006323
4.82564527 1.85006325
4.82563066 1.85006327
4.82561607 1.85006329
4.82560151 1.85006331
4.82558698 1.85006333
4.82557249 1.85006335
4.82555802 1.85006338
4.82554358 1.85006340
4.82552917 1.85006342
4.82551479 1.85006344
4.82550044 1.85006346
4.82548612 1.85006348
4.82547182 1.85006350
4.82545756 1.85006352
4.82544333 1.85006354
4.82542912 1.85006356
4.82541495 1.85006358
4.82540080 1.85006360
4.82538668 1.85006362
4.82537259 1.85006364
4.82535853 1.85006366
4.82534450 1.85006368
4.82533050 1.85006370
4.82531652 1.85006372
4.82530258 1.85006374
4.82528866 1.85006376
4.82527477 1.85006378
4.82526091 1.85006380
4.82524708 1.85006381
4.82523328 1.85006383
4.82521950 1.85006385
4.82520575 1.85006387
4.82519203 1.85006389
4.82517834 1.85006391
4.82516468 1.85006393
4.82515105 1.85006395
4.82513744 1.85006396
4.82512386 1.85006398
4.82511031 1.85006400
4.82509678 1.85006402
4.82508329 1.85006404
4.82506982 1.85006406
4.82505638 1.85006407
4.82504296 1.85006409
4.82502958 1.85006411
4.82501622 1.85006413
4.82500289 1.85006415
4.82498958 1.85006416
4.82497630 1.85006418
4.82496305 1.85006420
4.82494983 1.85006422
4.82493663 1.85006423
4.82492347 1.85006425
4.82491032 1.85006427
4.82489721 1.85006429
4.82488412 1.85006430
4.82487106 1.85006432
4.82485803 1.85006434
4.82484502 1.85006435
4.82483204 1.85006437
4.82481908 1.85006439
4.82480615 1.85006440
4.82479325 1.85006442
4.82478038 1.85006444
4.82476753 1.85006445
4.82475470 1.85006447
4.82474191 1.85006449
4.82472914 1.85006450
4.82471639 1.85006452
4.82470367 1.85006453
4.82469098 1.85006455
4.82467832 1.85006457
4.82466568 1.85006458
4.82465306 1.85006460
4.82464047 1.85006461
4.82462791 1.85006463
4.82461537 1.85006465
4.82460286 1.85006466
4.82459038 1.85006468
4.82457792 1.85006469
4.82456548 1.85006471
4.82455307 1.85006472
4.82454069 1.85006474
4.82452833 1.85006475
4.82451600 1.85006477
4.82450369 1.85006478
4.82449141 1.85006480
4.82447915 1.85006481
4.82446692 1.85006483
4.82445471 1.85006484
4.82444253 1.85006486
4.82443037 1.85006487
4.82441824 1.85006489
4.82440613 1.85006490
4.82439405 1.85006492
4.82438199 1.85006493
4.82436996 1.85006495
4.82435795 1.85006496
4.82434597 1.85006498
4.82433401 1.85006499
4.82432207 1.85006500
4.82431016 1.85006502
4.82429828 1.85006503
4.82428641 1.85006505
4.82427458 1.85006506
4.82426276 1.85006507
4.82425098 1.85006509
4.82423921 1.85006510
4.82422747 1.85006512
4.82421575 1.85006513
4.82420406 1.85006514
4.82419239 1.85006516
4.82418075 1.85006517
4.82416913 1.85006518
4.82415753 1.85006520
4.82414596 1.85006521
4.82413441 1.85006522
4.82412288 1.85006524
4.82411138 1.85006525
4.82409990 1.85006526
4.82408845 1.85006528
4.82407702 1.85006529
4.82406561 1.85006530
4.82405422 1.85006532
4.82404286 1.85006533
4.82403153 1.85006534
4.82402021 1.85006535
4.82400892 1.85006537
4.82399765 1.85006538
4.82398641 1.85006539
4.82397518 1.85006541
4.82396398 1.85006542
4.82395281 1.85006543
4.82394166 1.85006544
4.82393053 1.85006545
4.82391942 1.85006547
4.82390833 1.85006548
4.82389727 1.85006549
4.82388623 1.85006550
4.82387522 1.85006552
4.82386422 1.85006553
4.82385325 1.85006554
4.82384230 1.85006555
4.82383138 1.85006556
4.82382047 1.85006558
4.82380959 1.85006559
4.82379873 1.85006560
4.82378789 1.85006561
4.82377708 1.85006562
4.82376629 1.85006563
4.82375552 1.85006565
4.82374477 1.85006566
4.82373404 1.85006567
4.82372334 1.85006568
4.82371266 1.85006569
4.82370200 1.85006570
4.82369136 1.85006571
4.82368074 1.85006573
4.82367015 1.85006574
4.82365957 1.85006575
4.82364902 1.85006576
4.82363849 1.85006577
4.82362798 1.85006578
4.82361750 1.85006579
4.82360703 1.85006580
4.82359659 1.85006581
4.82358617 1.85006583
4.82357577 1.85006584
4.82356539 1.85006585
4.82355503 1.85006586
4.82354469 1.85006587
4.82353438 1.85006588
4.82352408 1.85006589
4.82351381 1.85006590
4.82350356 1.85006591
4.82349333 1.85006592
4.82348312 1.85006593
4.82347293 1.85006594
4.82346276 1.85006595
4.82345261 1.85006596
4.82344249 1.85006597
4.82343238 1.85006598
4.82342230 1.85006599
4.82341224 1.85006600
4.82340219 1.85006601
4.82339217 1.85006602
