1.12262594 0.76423359
1.11492011 0.77015445
1.10725915 0.77600558
1.09964534 0.78178397
1.09208087 0.78748678
1.08456786 0.79311135
1.07710838 0.79865517
1.06970442 0.80411593
1.06235786 0.80949149
1.05507056 0.81477988
1.04784425 0.81997931
1.04068062 0.82508820
1.03358123 0.83010511
1.02654760 0.83502879
1.01958115 0.83985818
1.01268322 0.84459238
1.00585505 0.84923065
0.99909782 0.85377244
0.99241261 0.85821734
0.98580041 0.86256510
0.97926215 0.86681563
0.97279867 0.87096897
0.96641071 0.87502530
0.96009897 0.87898496
0.95386402 0.88284838
0.94770640 0.88661614
0.94162656 0.89028890
0.93562486 0.89386745
0.92970162 0.89735269
0.92385707 0.90074559
0.91809137 0.90404721
0.91240463 0.90725870
0.90679689 0.91038128
0.90126813 0.91341624
0.89581827 0.91636491
0.89044719 0.91922870
0.88515469 0.92200906
0.87994054 0.92470748
0.87480446 0.92732548
0.86974611 0.92986464
0.86476512 0.93232654
0.85986107 0.93471278
0.85503351 0.93702500
0.85028195 0.93926483
0.84560584 0.94143394
0.84100465 0.94353396
0.83647777 0.94556657
0.83202458 0.94753341
0.82764445 0.94943614
0.82333669 0.95127639
0.81910062 0.95305581
0.81493552 0.95477600
0.81084065 0.95643858
0.80681527 0.95804513
0.80285861 0.95959722
0.79896989 0.96109639
0.79514831 0.96254418
0.79139307 0.96394207
0.78770335 0.96529154
0.78407834 0.96659405
0.78051719 0.96785101
0.77701907 0.96906383
0.77358313 0.97023386
0.77020854 0.97136245
0.76689444 0.97245090
0.76363999 0.97350048
0.76044432 0.97451246
0.75730658 0.97548805
0.75422593 0.97642843
0.75120152 0.97733477
0.74823248 0.97820820
0.74531799 0.97904980
0.74245719 0.97986066
0.73964926 0.98064181
0.73689334 0.98139426
0.73418863 0.98211900
0.73153429 0.98281698
0.72892950 0.98348913
0.72637347 0.98413633
0.72386537 0.98475948
0.72140442 0.98535940
0.71898983 0.98593693
0.71662081 0.98649284
0.71429660 0.98702793
0.71201642 0.98754291
0.70977953 0.98803853
0.70758516 0.98851547
0.70543259 0.98897441
0.70332108 0.98941600
0.70124991 0.98984087
0.69921837 0.99024963
0.69722575 0.99064287
0.69527137 0.99102117
0.69335453 0.99138506
0.69147457 0.99173508
0.68963082 0.99207175
0.68782261 0.99239555
0.68604931 0.99270698
0.68431028 0.99300647
0.68260490 0.99329449
0.68093253 0.99357146
0.67929258 0.99383780
0.67768445 0.99409390
0.67610755 0.99434014
0.67456129 0.99457691
0.67304511 0.99480455
0.67155844 0.99502342
0.67010074 0.99523384
0.66867145 0.99543613
0.66727005 0.99563061
0.66589601 0.99581756
0.66454881 0.99599728
0.66322795 0.99617004
0.66193292 0.99633611
0.66066323 0.99649574
0.65941841 0.99664918
0.65819798 0.99679667
0.65700148 0.99693843
0.65582844 0.99707468
0.65467842 0.99720564
0.65355097 0.99733150
0.65244567 0.99745247
0.65136208 0.99756873
0.65029980 0.99768047
0.64925840 0.99778785
0.64823749 0.99789105
0.64723668 0.99799023
0.64625556 0.99808554
0.64529376 0.99817713
0.64435092 0.99826515
0.64342665 0.99834974
0.64252060 0.99843102
0.64163241 0.99850913
0.64076175 0.99858419
0.63990826 0.99865632
0.63907161 0.99872562
0.63825148 0.99879222
0.63744753 0.99885622
0.63665947 0.99891771
0.63588697 0.99897679
0.63512974 0.99903357
0.63438746 0.99908812
0.63365986 0.99914054
0.63294664 0.99919090
0.63224753 0.99923929
0.63156224 0.99928579
0.63089050 0.99933047
0.63023206 0.99937340
0.62958664 0.99941464
0.62895399 0.99945427
0.62833387 0.99949234
0.62772602 0.99952892
0.62713020 0.99956407
0.62654619 0.99959784
0.62597373 0.99963029
0.62541262 0.99966146
0.62486262 0.99969141
0.62432351 0.99972019
0.62379509 0.99974783
0.62327714 0.99977440
0.62276945 0.99979992
0.62227182 0.99982443
0.62178405 0.99984799
0.62130596 0.99987062
0.62083734 0.99989236
0.62037801 0.99991325
0.61992779 0.99993332
0.61948650 0.99995260
0.61905396 0.99997113
0.61862999 0.99998892
0.61821444 1.00000602
0.61780712 1.00002244
0.61740789 1.00003823
0.61701658 1.00005339
0.61663303 1.00006795
0.61625709 1.00008194
0.61588860 1.00009539
0.61552743 1.00010830
0.61517343 1.00012071
0.61482645 1.00013263
0.61448636 1.00014408
0.61415302 1.00015508
0.61382629 1.00016565
0.61350605 1.00017581
0.61319216 1.00018556
0.61288451 1.00019493
0.61258296 1.00020393
0.61228740 1.00021258
0.61199770 1.00022089
0.61171376 1.00022887
0.61143545 1.00023654
0.61116267 1.00024391
0.61089531 1.00025099
0.61063325 1.00025779
0.61037640 1.00026432
0.61012465 1.00027059
0.60987790 1.00027662
0.60963605 1.00028241
0.60939900 1.00028798
0.60916665 1.00029332
0.60893893 1.00029846
0.60871572 1.00030339
0.60849695 1.00030813
0.60828252 1.00031268
0.60807235 1.00031705
0.60786636 1.00032125
0.60766446 1.00032529
0.60746657 1.00032917
0.60727260 1.00033289
0.60708250 1.00033647
0.60689616 1.00033991
0.60671353 1.00034321
0.60653453 1.00034638
0.60635908 1.00034943
0.60618712 1.00035236
0.60601858 1.00035517
0.60585338 1.00035787
0.60569146 1.00036047
0.60553276 1.00036296
0.60537722 1.00036536
0.60522476 1.00036766
0.60507534 1.00036987
0.60492888 1.00037199
0.60478533 1.00037403
0.60464463 1.00037599
0.60450673 1.00037787
0.60437157 1.00037968
0.60423909 1.00038142
0.60410925 1.00038309
0.60398199 1.00038469
0.60385725 1.00038623
0.60373500 1.00038771
0.60361517 1.00038914
0.60349772 1.00039050
0.60338261 1.00039181
0.60326978 1.00039307
0.60315920 1.00039428
0.60305081 1.00039545
0.60294458 1.00039656
0.60284046 1.00039764
0.60273841 1.00039867
0.60263838 1.00039966
0.60254035 1.00040061
0.60244426 1.00040152
0.60235008 1.00040240
0.60225777 1.00040325
0.60216730 1.00040406
0.60207862 1.00040484
0.60199171 1.00040558
0.60190652 1.00040630
0.60182303 1.00040699
0.60174119 1.00040766
0.60166098 1.00040829
0.60158237 1.00040890
0.60150532 1.00040949
0.60142980 1.00041006
0.60135578 1.00041060
0.60128323 1.00041112
0.60121212 1.00041162
0.60114242 1.00041210
0.60107412 1.00041256
0.60100716 1.00041301
0.60094154 1.00041343
0.60087723 1.00041384
0.60081419 1.00041424
0.60075240 1.00041461
0.60069184 1.00041498
0.60063249 1.00041533
0.60057431 1.00041566
0.60051729 1.00041598
0.60046141 1.00041629
0.60040663 1.00041659
0.60035295 1.00041688
0.60030033 1.00041715
0.60024875 1.00041741
0.60019821 1.00041767
0.60014866 1.00041791
0.60010010 1.00041814
0.60005251 1.00041837
0.60000586 1.00041858
0.59996014 1.00041879
0.59991533 1.00041899
0.59987140 1.00041918
0.59982835 1.00041936
0.59978616 1.00041954
0.59974481 1.00041971
0.59970427 1.00041987
0.59966454 1.00042003
0.59962561 1.00042018
0.59958744 1.00042032
0.59955004 1.00042046
0.59951338 1.00042059
0.59947744 1.00042072
0.59944222 1.00042084
0.59940770 1.00042096
0.59937387 1.00042107
0.59934071 1.00042118
0.59930821 1.00042129
0.59927635 1.00042139
0.59924513 1.00042148
0.59921453 1.00042158
0.59918453 1.00042167
0.59915514 1.00042175
0.59912632 1.00042183
0.59909808 1.00042191
0.59907040 1.00042199
0.59904327 1.00042206
0.59901668 1.00042213
0.59899062 1.00042220
0.59896508 1.00042226
0.59894004 1.00042233
0.59891550 1.00042239
0.59889145 1.00042244
0.59886788 1.00042250
0.59884478 1.00042255
0.59882213 1.00042260
0.59879994 1.00042265
0.59877818 1.00042270
0.59875686 1.00042274
0.59873596 1.00042279
0.59871548 1.00042283
0.59869541 1.00042287
0.59867573 1.00042291
0.59865644 1.00042294
0.59863754 1.00042298
0.59861902 1.00042301
0.59860086 1.00042304
0.59858306 1.00042308
0.59856562 1.00042311
0.59854852 1.00042313
0.59853177 1.00042316
0.59851534 1.00042319
0.59849924 1.00042321
0.59848347 1.00042324
0.59846800 1.00042326
0.59845285 1.00042329
0.59843799 1.00042331
0.59842343 1.00042333
0.59840916 1.00042335
0.59839518 1.00042337
0.59838147 1.00042339
0.59836803 1.00042340
0.59835486 1.00042342
0.59834195 1.00042344
0.59832930 1.00042345
0.59831690 1.00042347
0.59830475 1.00042348
0.59829284 1.00042350
0.59828116 1.00042351
0.59826972 1.00042352
0.59825851 1.00042354
0.59824751 1.00042355
0.59823674 1.00042356
0.59822618 1.00042357
0.59821583 1.00042358
0.59820569 1.00042359
