8.48610195 6.99338336 0.10766969
8.48299122 6.99257219 0.10870700
8.47985728 6.99175496 0.10975987
8.47669987 6.99093161 0.11082859
8.47351871 6.99010207 0.11191346
8.47031354 6.98926627 0.11301478
8.46708406 6.98842413 0.11413289
8.46383001 6.98757558 0.11526809
8.46055110 6.98672055 0.11642073
8.45724703 6.98585896 0.11759114
8.45391751 6.98499073 0.11877966
8.45056226 6.98411579 0.11998665
8.44718095 6.98323406 0.12121247
8.44377331 6.98234546 0.12245749
8.44033900 6.98144991 0.12372207
8.43687773 6.98054733 0.12500662
8.43338918 6.97963763 0.12631151
8.42987302 6.97872073 0.12763716
8.42632894 6.97779655 0.12898396
8.42275661 6.97686501 0.13035235
8.41915568 6.97592601 0.13174274
8.41552584 6.97497946 0.13315558
8.41186674 6.97402529 0.13459131
8.40817803 6.97306340 0.13605039
8.40445937 6.97209370 0.13753328
8.40071041 6.97111609 0.13904045
8.39693079 6.97013049 0.14057240
8.39312015 6.96913681 0.14212962
8.38927813 6.96813494 0.14371262
8.38540436 6.96712479 0.14532191
8.38149848 6.96610626 0.14695801
8.37756010 6.96507926 0.14862148
8.37358884 6.96404369 0.15031286
8.36958433 6.96299945 0.15203270
8.36554618 6.96194643 0.15378159
8.36147399 6.96088454 0.15556010
8.35736738 6.95981368 0.15736884
8.35322595 6.95873373 0.15920840
8.34904929 6.95764459 0.16107941
8.34483700 6.95654617 0.16298250
8.34058868 6.95543835 0.16491832
8.33630391 6.95432102 0.16688752
8.33198227 6.95319409 0.16889076
8.32762337 6.95205743 0.17092874
8.32322676 6.95091094 0.17300215
8.31879204 6.94975451 0.17511168
8.31431877 6.94858803 0.17725807
8.30980653 6.94741139 0.17944204
8.30525489 6.94622447 0.18166434
8.30066341 6.94502717 0.18392572
8.29603167 6.94381937 0.18622697
8.29135923 6.94260095 0.18856885
8.28664566 6.94137181 0.19095217
8.28189051 6.94013182 0.19337774
8.27709335 6.93888088 0.19584637
8.27225374 6.93761887 0.19835890
8.26737124 6.93634568 0.20091617
8.26244541 6.93506119 0.20351905
8.25747582 6.93376528 0.20616840
8.25246203 6.93245786 0.20886509
8.24740360 6.93113879 0.21161003
8.24230011 6.92980796 0.21440411
8.23715111 6.92846528 0.21724824
8.23195618 6.92711061 0.22014334
8.22671489 6.92574386 0.22309034
8.22142683 6.92436491 0.22609018
8.21609157 6.92297365 0.22914380
8.21070870 6.92156998 0.23225216
8.20527781 6.92015378 0.23541622
8.19979851 6.91872496 0.23863693
8.19427040 6.91728342 0.24191526
8.18869309 6.91582904 0.24525219
8.18306621 6.91436174 0.24864868
8.17738938 6.91288141 0.25210570
8.17166225 6.91138796 0.25562424
8.16588447 6.90988131 0.25920526
8.16005570 6.90836136 0.26284971
8.15417562 6.90682803 0.26655858
8.14824391 6.90528124 0.27033280
8.14226029 6.90372091 0.27417332
8.13622448 6.90214697 0.27808107
8.13013620 6.90055935 0.28205698
8.12399523 6.89895799 0.28610195
8.11780132 6.89734283 0.29021686
8.11155428 6.89571381 0.29440258
8.10525392 6.89407089 0.29865996
8.09890009 6.89241402 0.30298981
8.09249264 6.89074317 0.30739292
8.08603148 6.88905831 0.31187005
8.07951650 6.88735942 0.31642192
8.07294767 6.88564649 0.32104921
8.06632496 6.88391951 0.32575257
8.05964837 6.88217848 0.33053260
8.05291794 6.88042341 0.33538984
8.04613376 6.87865432 0.34032479
8.03929593 6.87687124 0.34533789
8.03240461 6.87507421 0.35042951
8.02545998 6.87326328 0.35559997
8.01846227 6.87143851 0.36084951
8.01141176 6.86959998 0.36617831
8.00430877 6.86774775 0.37158645
7.99715366 6.86588194 0.37707394
7.98994685 6.86400264 0.38264070
7.98268879 6.86210998 0.38828658
7.97538001 6.86020410 0.39401129
7.96802106 6.85828513 0.39981447
7.96061257 6.85635324 0.40569566
7.95315522 6.85440861 0.41165427
7.94564973 6.85245143 0.41768961
7.93809691 6.85048190 0.42380086
7.93049759 6.84850026 0.42998708
7.92285271 6.84650672 0.43624723
7.91516322 6.84450156 0.44258010
7.90743017 6.84248504 0.44898437
7.89965466 6.84045745 0.45545858
7.89183785 6.83841908 0.46200113
7.88398099 6.83637028 0.46861029
7.87608537 6.83431136 0.47528416
7.86815236 6.83224270 0.48202073
7.86018338 6.83016465 0.48881780
7.85217993 6.82807762 0.49567307
7.84414359 6.82598201 0.50258405
7.83607598 6.82387824 0.50954815
7.82797879 6.82176677 0.51656258
7.81985379 6.81964804 0.52362446
7.81170281 6.81752254 0.53073072
7.80352773 6.81539075 0.53787819
7.79533049 6.81325318 0.54506355
7.78711311 6.81111036 0.55228334
7.77887765 6.80896283 0.55953399
7.77062623 6.80681113 0.56681179
7.76236103 6.80465584 0.57411295
7.75408426 6.80249754 0.58143354
7.74579821 6.80033681 0.58876954
7.73750518 6.79817427 0.59611686
7.72920753 6.79601052 0.60347130
7.72090766 6.79384619 0.61082860
7.71260800 6.79168191 0.61818445
7.70431101 6.78951833 0.62553447
7.69601916 6.78735609 0.63287426
7.68773498 6.78519585 0.64019937
7.67946098 6.78303827 0.64750536
7.67119971 6.78088401 0.65478775
7.66295372 6.77873373 0.66204211
7.65472555 6.77658809 0.66926400
7.64651776 6.77444778 0.67644901
7.63833289 6.77231344 0.68359281
7.63017350 6.77018574 0.69069110
7.62204208 6.76806534 0.69773964
7.61394116 6.76595289 0.70473431
7.60587321 6.76384903 0.71167103
7.59784068 6.76175442 0.71854588
7.58984599 6.75966967 0.72535502
7.58189152 6.75759541 0.73209474
7.57397961 6.75553224 0.73876146
7.56611255 6.75348078 0.74535177
7.55829258 6.75144159 0.75186238
7.55052190 6.74941526 0.75829016
7.54280263 6.74740233 0.76463217
7.53513685 6.74540335 0.77088563
7.52752657 6.74341884 0.77704791
7.51997372 6.74144931 0.78311660
7.51248018 6.73949524 0.78908945
7.50504775 6.73755711 0.79496440
7.49767815 6.73563537 0.80073957
7.49037304 6.73373044 0.80641328
7.48313399 6.73184273 0.81198404
7.47596249 6.72997264 0.81745052
7.46885995 6.72812054 0.82281162
7.46182771 6.72628677 0.82806637
7.45486703 6.72447165 0.83321403
7.44797907 6.72267550 0.83825401
7.44116493 6.72089860 0.84318589
7.43442560 6.71914121 0.84800943
7.42776202 6.71740357 0.85272454
7.42117504 6.71568590 0.85733130
7.41466541 6.71398841 0.86182993
7.40823383 6.71231127 0.86622081
7.40188091 6.71065464 0.87050443
7.39560717 6.70901866 0.87468145
7.38941308 6.70740344 0.87875262
7.38329902 6.70580910 0.88271882
7.37726531 6.70423571 0.88658105
7.37131218 6.70268333 0.89034040
7.36543982 6.70115202 0.89399806
7.35964833 6.69964179 0.89755531
7.35393776 6.69815266 0.90101351
7.34830810 6.69668463 0.90437408
7.34275926 6.69523768 0.90763855
7.33729112 6.69381177 0.91080847
7.33190349 6.69240686 0.91388545
7.32659613 6.69102288 0.91687117
7.32136876 6.68965975 0.91976733
7.31622104 6.68831740 0.92257567
7.31115258 6.68699571 0.92529798
7.30616296 6.68569458 0.92793606
7.30125171 6.68441390 0.93049171
7.29641834 6.68315351 0.93296679
7.29166230 6.68191330 0.93536313
7.28698302 6.68069309 0.93768259
7.28237988 6.67949275 0.93992702
7.27785226 6.67831210 0.94209827
7.27339949 6.67715096 0.94419820
7.26902088 6.67600917 0.94622864
7.26471572 6.67488653 0.94819141
7.26048327 6.67378284 0.95008834
7.25632278 6.67269793 0.95192122
7.25223347 6.67163157 0.95369182
7.24821455 6.67058357 0.95540190
7.24426522 6.66955372 0.95705319
7.24038466 6.66854179 0.95864740
7.23657203 6.66754759 0.96018621
7.23282651 6.66657088 0.96167126
7.22914723 6.66561145 0.96310419
7.22553333 6.66466906 0.96448657
7.22198396 6.66374351 0.96581998
7.21849825 6.66283455 0.96710595
7.21507531 6.66194196 0.96834596
7.21171428 6.66106552 0.96954148
7.20841427 6.66020498 0.97069395
7.20517441 6.65936013 0.97180475
7.20199381 6.65853074 0.97287525
7.19887159 6.65771657 0.97390679
7.19580687 6.65691739 0.97490064
7.19279879 6.65613298 0.97585807
7.18984645 6.65536312 0.97678032
7.18694901 6.65460756 0.97766857
7.18410558 6.65386609 0.97852399
7.18131532 6.65313848 0.97934770
7.17857735 6.65242451 0.98014080
7.17589085 6.65172396 0.98090435
7.17325495 6.65103660 0.98163939
7.17066883 6.65036223 0.98234691
7.16813165 6.64970062 0.98302789
7.16564260 6.64905156 0.98368328
7.16320085 6.64841483 0.98431397
7.16080561 6.64779023 0.98492085
7.15845608 6.64717755 0.98550479
7.15615146 6.64657658 0.98606660
7.15389098 6.64598712 0.98660709
7.15167386 6.64540897 0.98712704
7.14949935 6.64484193 0.98762718
7.14736669 6.64428581 0.98810825
7.14527513 6.64374040 0.98857095
7.14322395 6.64320552 0.98901596
7.14121242 6.64268098 0.98944392
7.13923982 6.64216659 0.98985546
7.13730545 6.64166217 0.99025121
7.13540862 6.64116754 0.99063174
7.13354865 6.64068252 0.99099762
7.13172485 6.64020694 0.99134940
7.12993656 6.63974061 0.99168762
7.12818313 6.63928338 0.99201277
7.12646392 6.63883506 0.99232536
7.12477828 6.63839550 0.99262585
7.12312560 6.63796454 0.99291471
7.12150526 6.63754201 0.99319237
7.11991665 6.63712775 0.99345925
7.11835918 6.63672161 0.99371578
7.11683225 6.63632344 0.99396234
7.11533531 6.63593309 0.99419931
7.11386777 6.63555041 0.99442706
7.11242908 6.63517524 0.99464594
7.11101870 6.63480746 0.99485630
7.10963608 6.63444692 0.99505845
7.10828070 6.63409348 0.99525271
7.10695203 6.63374701 0.99543940
7.10564956 6.63340737 0.99561879
7.10437279 6.63307443 0.99579117
7.10312123 6.63274807 0.99595681
7.10189440 6.63242815 0.99611597
7.10069180 6.63211455 0.99626890
7.09951299 6.63180716 0.99641584
7.09835749 6.63150584 0.99655702
7.09722486 6.63121049 0.99669268
7.09611465 6.63092098 0.99682301
7.09502643 6.63063721 0.99694823
7.09395978 6.63035906 0.99706854
7.09291426 6.63008643 0.99718413
7.09188948 6.62981920 0.99729517
7.09088502 6.62955727 0.99740186
7.08990049 6.62930054 0.99750435
7.08893550 6.62904890 0.99760282
7.08798967 6.62880226 0.99769741
7.08706262 6.62856051 0.99778829
7.08615399 6.62832357 0.99787559
7.08526341 6.62809134 0.99795945
7.08439053 6.62786372 0.99804001
7.08353501 6.62764063 0.99811741
7.08269650 6.62742197 0.99819175
7.08187466 6.62720767 0.99826317
7.08106917 6.62699762 0.99833177
7.08027972 6.62679176 0.99839767
7.07950597 6.62658999 0.99846097
7.07874763 6.62639224 0.99852178
7.07800438 6.62619843 0.99858019
7.07727593 6.62600847 0.99863630
7.07656200 6.62582230 0.99869019
7.07586228 6.62563984 0.99874196
7.07517650 6.62546101 0.99879169
7.07450439 6.62528575 0.99883945
7.07384568 6.62511398 0.99888533
7.07320009 6.62494563 0.99892940
7.07256737 6.62478064 0.99897173
7.07194727 6.62461893 0.99901239
7.07133953 6.62446046 0.99905144
7.07074391 6.62430514 0.99908895
7.07016017 6.62415292 0.99912498
7.06958808 6.62400373 0.99915959
7.06902739 6.62385753 0.99919283
7.06847789 6.62371424 0.99922475
7.06793936 6.62357380 0.99925542
7.06741157 6.62343617 0.99928487
7.06689432 6.62330129 0.99931316
7.06638738 6.62316910 0.99934033
7.06589057 6.62303955 0.99936643
7.06540367 6.62291258 0.99939150
7.06492650 6.62278815 0.99941557
7.06445885 6.62266620 0.99943870
7.06400053 6.62254669 0.99946090
7.06355137 6.62242956 0.99948224
7.06311118 6.62231478 0.99950272
7.06267978 6.62220228 0.99952240
7.06225699 6.62209203 0.99954130
7.06184264 6.62198398 0.99955945
7.06143658 6.62187809 0.99957689
7.06103862 6.62177432 0.99959363
7.06064861 6.62167262 0.99960972
7.06026639 6.62157295 0.99962516
7.05989181 6.62147527 0.99964000
7.05952472 6.62137954 0.99965425
7.05916495 6.62128573 0.99966793
7.05881238 6.62119379 0.99968108
7.05846684 6.62110369 0.99969370
7.05812822 6.62101538 0.99970582
7.05779636 6.62092885 0.99971747
7.05747113 6.62084404 0.99972865
7.05715240 6.62076092 0.99973939
7.05684004 6.62067947 0.99974971
7.05653392 6.62059964 0.99975962
7.05623392 6.62052141 0.99976913
7.05593991 6.62044475 0.99977827
7.05565179 6.62036961 0.99978705
7.05536942 6.62029598 0.99979548
7.05509269 6.62022382 0.99980358
7.05482150 6.62015310 0.99981135
7.05455572 6.62008380 0.99981882
7.05429526 6.62001588 0.99982599
7.05404001 6.61994932 0.99983288
7.05378985 6.61988408 0.99983950
7.05354470 6.61982016 0.99984585
7.05330445 6.61975751 0.99985196
7.05306900 6.61969611 0.99985782
7.05283826 6.61963594 0.99986345
7.05261213 6.61957697 0.99986885
7.05239053 6.61951919 0.99987405
7.05217335 6.61946255 0.99987903
7.05196051 6.61940705 0.99988382
7.05175193 6.61935266 0.99988842
7.05154752 6.61929936 0.99989284
7.05134720 6.61924712 0.99989708
7.05115088 6.61919593 0.99990116
7.05095849 6.61914576 0.99990507
7.05076994 6.61909659 0.99990883
7.05058517 6.61904841 0.99991244
7.05040409 6.61900119 0.99991591
7.05022663 6.61895491 0.99991924
7.05005271 6.61890956 0.99992244
7.04988228 6.61886512 0.99992551
7.04971525 6.61882156 0.99992846
7.04955156 6.61877888 0.99993129
7.04939115 6.61873705 0.99993401
7.04923394 6.61869605 0.99993662
7.04907988 6.61865588 0.99993913
7.04892890 6.61861651 0.99994154
7.04878094 6.61857792 0.99994386
7.04863593 6.61854011 0.99994608
7.04849383 6.61850306 0.99994822
7.04835456 6.61846674 0.99995027
7.04821808 6.61843115 0.99995224
7.04808433 6.61839627 0.99995413
7.04795326 6.61836209 0.99995595
7.04782481 6.61832860 0.99995769
7.04769892 6.61829577 0.99995937
7.04757555 6.61826360 0.99996097
7.04745465 6.61823207 0.99996252
7.04733617 6.61820118 0.99996400
7.04722006 6.61817090 0.99996543
7.04710627 6.61814123 0.99996680
7.04699475 6.61811215 0.99996811
7.04688547 6.61808365 0.99996938
7.04677837 6.61805572 0.99997059
7.04667341 6.61802835 0.99997175
7.04657055 6.61800153 0.99997287
7.04646975 6.61797524 0.99997395
7.04637096 6.61794948 0.99997498
7.04627415 6.61792424 0.99997597
7.04617927 6.61789950 0.99997692
7.04608630 6.61787525 0.99997784
7.04599518 6.61785149 0.99997871
7.04590588 6.61782821 0.99997956
7.04581837 6.61780539 0.99998037
7.04573261 6.61778302 0.99998114
7.04564857 6.61776111 0.99998189
7.04556621 6.61773963 0.99998261
7.04548549 6.61771858 0.99998330
7.04540639 6.61769795 0.99998396
7.04532887 6.61767774 0.99998459
7.04525290 6.61765793 0.99998520
7.04517844 6.61763851 0.99998579
7.04510548 6.61761949 0.99998635
7.04503398 6.61760084 0.99998689
7.04496391 6.61758257 0.99998741
7.04489524 6.61756466 0.99998791
7.04482794 6.61754711 0.99998839
7.04476199 6.61752992 0.99998885
7.04469735 6.61751306 0.99998929
7.04463401 6.61749654 0.99998972
7.04457194 6.61748036 0.99999012
7.04451111 6.61746449 0.99999051
7.04445149 6.61744895 0.99999089
7.04439307 6.61743371 0.99999125
7.04433581 6.61741878 0.99999160
7.04427970 6.61740415 0.99999193
7.04422472 6.61738981 0.99999225
7.04417083 6.61737576 0.99999256
7.04411802 6.61736199 0.99999285
7.04406626 6.61734849 0.99999314
7.04401555 6.61733527 0.99999341
7.04396584 6.61732231 0.99999367
7.04391713 6.61730961 0.99999392
7.04386939 6.61729716 0.99999416
7.04382261 6.61728496 0.99999439
7.04377677 6.61727300 0.99999461
7.04373184 6.61726129 0.99999483
7.04368781 6.61724981 0.99999503
7.04364466 6.61723855 0.99999523
7.04360237 6.61722753 0.99999542
7.04356093 6.61721672 0.99999560
7.04352032 6.61720613 0.99999577
7.04348052 6.61719575 0.99999594
7.04344151 6.61718558 0.99999610
7.04340329 6.61717561 0.99999626
7.04336583 6.61716584 0.99999641
7.04332912 6.61715627 0.99999655
7.04329314 6.61714689 0.99999669
7.04325789 6.61713770 0.99999682
7.04322333 6.61712869 0.99999694
7.04318947 6.61711986 0.99999706
7.04315629 6.61711120 0.99999718
7.04312377 6.61710272 0.99999729
7.04309190 6.61709441 0.99999740
7.04306067 6.61708627 0.99999750
7.04303006 6.61707829 0.99999760
7.04300007 6.61707047 0.99999770
7.04297067 6.61706280 0.99999779
7.04294186 6.61705529 0.99999788
7.04291363 6.61704793 0.99999796
7.04288597 6.61704071 0.99999804
7.04285885 6.61703364 0.99999812
7.04283228 6.61702671 0.99999819
7.04280624 6.61701992 0.99999827
7.04278072 6.61701327 0.99999833
7.04275571 6.61700675 0.99999840
7.04273121 6.61700036 0.99999846
7.04270719 6.61699409 0.99999852
7.04268365 6.61698795 0.99999858
7.04266058 6.61698194 0.99999864
7.04263798 6.61697605 0.99999869
7.04261582 6.61697027 0.99999875
7.04259411 6.61696461 0.99999880
7.04257284 6.61695906 0.99999884
7.04255199 6.61695362 0.99999889
7.04253155 6.61694829 0.99999893
7.04251153 6.61694307 0.99999898
7.04249190 6.61693795 0.99999902
7.04247267 6.61693294 0.99999906
7.04245382 6.61692802 0.99999909
7.04243535 6.61692321 0.99999913
7.04241725 6.61691849 0.99999916
7.04239951 6.61691386 0.99999920
7.04238213 6.61690933 0.99999923
7.04236509 6.61690489 0.99999926
7.04234840 6.61690053 0.99999929
7.04233204 6.61689627 0.99999932
7.04231600 6.61689208 0.99999934
7.04230029 6.61688799 0.99999937
7.04228489 6.61688397 0.99999940
7.04226980 6.61688004 0.99999942
7.04225501 6.61687618 0.99999944
7.04224051 6.61687240 0.99999947
7.04222631 6.61686869 0.99999949
7.04221239 6.61686506 0.99999951
7.04219875 6.61686151 0.99999953
7.04218538 6.61685802 0.99999955
7.04217227 6.61685461 0.99999956
7.04215944 6.61685126 0.99999958
7.04214685 6.61684798 0.99999960
7.04213452 6.61684476 0.99999961
7.04212244 6.61684161 0.99999963
7.04211059 6.61683852 0.99999964
7.04209899 6.61683549 0.99999966
7.04208761 6.61683253 0.99999967
7.04207647 6.61682962 0.99999969
7.04206555 6.61682677 0.99999970
7.04205484 6.61682398 0.99999971
7.04204435 6.61682125 0.99999972
7.04203407 6.61681857 0.99999973
7.04202399 6.61681594 0.99999974
7.04201412 6.61681336 0.99999975
