3.38392633 6.01916893 0.00954940
3.38420468 6.01944774 0.00956494
3.38448348 6.01972700 0.00958052
3.38476275 6.02000669 0.00959615
3.38504248 6.02028682 0.00961184
3.38532268 6.02056740 0.00962758
3.38560334 6.02084842 0.00964336
3.38588447 6.02112988 0.00965920
3.38616607 6.02141179 0.00967509
3.38644814 6.02169415 0.00969103
3.38673068 6.02197695 0.00970703
3.38701370 6.02226021 0.00972307
3.38729719 6.02254392 0.00973917
3.38758115 6.02282807 0.00975532
3.38786559 6.02311269 0.00977153
3.38815051 6.02339776 0.00978779
3.38843591 6.02368328 0.00980410
3.38872179 6.02396926 0.00982046
3.38900815 6.02425570 0.00983688
3.38929500 6.02454260 0.00985335
3.38958233 6.02482996 0.00986988
3.38987015 6.02511779 0.00988646
3.39015845 6.02540608 0.00990310
3.39044724 6.02569484 0.00991979
3.39073653 6.02598406 0.00993654
3.39102630 6.02627375 0.00995334
3.39131657 6.02656391 0.00997020
3.39160734 6.02685455 0.00998712
3.39189860 6.02714565 0.01000409
3.39219036 6.02743723 0.01002112
3.39248262 6.02772929 0.01003820
3.39277537 6.02802182 0.01005534
3.39306863 6.02831483 0.01007254
3.39336240 6.02860832 0.01008980
3.39365666 6.02890229 0.01010712
3.39395144 6.02919674 0.01012449
3.39424672 6.02949168 0.01014192
3.39454251 6.02978711 0.01015942
3.39483881 6.03008302 0.01017697
3.39513563 6.03037942 0.01019458
3.39543295 6.03067630 0.01021225
3.39573080 6.03097368 0.01022998
3.39602916 6.03127156 0.01024777
3.39632803 6.03156992 0.01026562
3.39662743 6.03186879 0.01028353
3.39692735 6.03216815 0.01030150
3.39722779 6.03246801 0.01031953
3.39752876 6.03276837 0.01033763
3.39783025 6.03306923 0.01035578
3.39813227 6.03337059 0.01037400
3.39843481 6.03367246 0.01039228
3.39873789 6.03397484 0.01041063
3.39904150 6.03427772 0.01042904
3.39934565 6.03458112 0.01044751
3.39965033 6.03488502 0.01046604
3.39995554 6.03518944 0.01048464
3.40026130 6.03549437 0.01050330
3.40056759 6.03579982 0.01052203
3.40087443 6.03610579 0.01054082
3.40118181 6.03641227 0.01055968
3.40148973 6.03671927 0.01057861
3.40179821 6.03702680 0.01059760
3.40210722 6.03733485 0.01061665
3.40241679 6.03764343 0.01063577
3.40272692 6.03795253 0.01065496
3.40303759 6.03826216 0.01067422
3.40334882 6.03857233 0.01069354
3.40366060 6.03888302 0.01071293
3.40397295 6.03919425 0.01073239
3.40428585 6.03950601 0.01075192
3.40459932 6.03981832 0.01077152
3.40491335 6.04013115 0.01079118
3.40522794 6.04044453 0.01081092
3.40554310 6.04075846 0.01083072
3.40585883 6.04107292 0.01085060
3.40617513 6.04138793 0.01087054
3.40649200 6.04170349 0.01089056
3.40680945 6.04201960 0.01091064
3.40712747 6.04233626 0.01093080
3.40744607 6.04265347 0.01095103
3.40776524 6.04297124 0.01097134
3.40808500 6.04328956 0.01099171
3.40840534 6.04360844 0.01101216
3.40872627 6.04392787 0.01103268
3.40904778 6.04424787 0.01105328
3.40936988 6.04456844 0.01107395
3.40969257 6.04488957 0.01109469
3.41001586 6.04521126 0.01111551
3.41033973 6.04553352 0.01113640
3.41066420 6.04585636 0.01115737
3.41098927 6.04617976 0.01117842
3.41131494 6.04650374 0.01119954
3.41164121 6.04682830 0.01122074
3.41196808 6.04715343 0.01124201
3.41229556 6.04747915 0.01126337
3.41262365 6.04780544 0.01128480
3.41295234 6.04813232 0.01130631
3.41328164 6.04845978 0.01132789
3.41361156 6.04878783 0.01134956
3.41394209 6.04911648 0.01137130
3.41427324 6.04944571 0.01139313
3.41460501 6.04977553 0.01141503
3.41493739 6.05010595 0.01143702
3.41527040 6.05043697 0.01145909
3.41560404 6.05076858 0.01148124
3.41593830 6.05110080 0.01150347
3.41627319 6.05143362 0.01152578
3.41660871 6.05176704 0.01154817
3.41694486 6.05210107 0.01157065
3.41728165 6.05243571 0.01159321
3.41761908 6.05277096 0.01161586
3.41795714 6.05310682 0.01163859
3.41829584 6.05344330 0.01166141
3.41863519 6.05378039 0.01168431
3.41897518 6.05411811 0.01170729
3.41931582 6.05445644 0.01173036
3.41965711 6.05479540 0.01175352
3.41999905 6.05513498 0.01177677
3.42034165 6.05547519 0.01180010
3.42068490 6.05581603 0.01182352
3.42102880 6.05615751 0.01184703
3.42137337 6.05649961 0.01187063
3.42171860 6.05684235 0.01189432
3.42206449 6.05718573 0.01191810
3.42241105 6.05752975 0.01194196
3.42275828 6.05787441 0.01196592
3.42310618 6.05821972 0.01198997
3.42345476 6.05856567 0.01201412
3.42380401 6.05891227 0.01203835
3.42415393 6.05925953 0.01206268
3.42450454 6.05960743 0.01208710
3.42485583 6.05995600 0.01211161
3.42520780 6.06030522 0.01213622
3.42556046 6.06065510 0.01216092
3.42591381 6.06100564 0.01218572
3.42626785 6.06135684 0.01221061
3.42662259 6.06170872 0.01223560
3.42697802 6.06206126 0.01226068
3.42733415 6.06241448 0.01228587
3.42769098 6.06276836 0.01231115
3.42804851 6.06312293 0.01233653
3.42840675 6.06347817 0.01236201
3.42876570 6.06383410 0.01238758
3.42912536 6.06419070 0.01241326
3.42948573 6.06454800 0.01243904
3.42984681 6.06490598 0.01246492
3.43020862 6.06526465 0.01249090
3.43057114 6.06562401 0.01251698
3.43093439 6.06598407 0.01254316
3.43129836 6.06634483 0.01256945
3.43166306 6.06670629 0.01259584
3.43202849 6.06706845 0.01262234
3.43239465 6.06743132 0.01264894
3.43276155 6.06779489 0.01267565
3.43312919 6.06815917 0.01270246
3.43349756 6.06852417 0.01272938
3.43386668 6.06888988 0.01275641
3.43423655 6.06925631 0.01278354
3.43460716 6.06962346 0.01281078
3.43497853 6.06999133 0.01283813
3.43535064 6.07035993 0.01286560
3.43572352 6.07072926 0.01289317
3.43609715 6.07109932 0.01292085
3.43647154 6.07147011 0.01294864
3.43684670 6.07184163 0.01297655
3.43722263 6.07221390 0.01300457
3.43759932 6.07258690 0.01303270
3.43797679 6.07296066 0.01306094
3.43835503 6.07333515 0.01308930
3.43873405 6.07371040 0.01311778
3.43911385 6.07408640 0.01314637
3.43949444 6.07446315 0.01317508
3.43987581 6.07484067 0.01320390
3.44025797 6.07521894 0.01323285
3.44064092 6.07559797 0.01326191
3.44102466 6.07597777 0.01329109
3.44140920 6.07635834 0.01332039
3.44179455 6.07673969 0.01334981
3.44218070 6.07712180 0.01337935
3.44256765 6.07750470 0.01340902
3.44295541 6.07788837 0.01343881
3.44334399 6.07827283 0.01346872
3.44373337 6.07865807 0.01349875
3.44412358 6.07904410 0.01352891
3.44451461 6.07943093 0.01355920
3.44490646 6.07981855 0.01358961
3.44529914 6.08020696 0.01362015
3.44569265 6.08059618 0.01365081
3.44608699 6.08098620 0.01368161
3.44648217 6.08137703 0.01371253
3.44687819 6.08176867 0.01374358
3.44727505 6.08216112 0.01377477
3.44767276 6.08255438 0.01380608
3.44807131 6.08294847 0.01383753
3.44847072 6.08334338 0.01386911
3.44887098 6.08373911 0.01390083
3.44927210 6.08413567 0.01393268
3.44967408 6.08453306 0.01396466
3.45007693 6.08493129 0.01399678
3.45048064 6.08533036 0.01402904
3.45088523 6.08573026 0.01406144
3.45129069 6.08613102 0.01409397
3.45169702 6.08653261 0.01412665
3.45210424 6.08693506 0.01415946
3.45251234 6.08733837 0.01419242
3.45292133 6.08774253 0.01422551
3.45333121 6.08814755 0.01425875
3.45374199 6.08855343 0.01429214
3.45415366 6.08896019 0.01432567
3.45456623 6.08936781 0.01435934
3.45497971 6.08977631 0.01439316
3.45539410 6.09018568 0.01442713
3.45580940 6.09059594 0.01446124
3.45622561 6.09100708 0.01449551
3.45664275 6.09141911 0.01452992
3.45706080 6.09183202 0.01456449
3.45747978 6.09224584 0.01459920
3.45789969 6.09266055 0.01463407
3.45832053 6.09307617 0.01466910
3.45874231 6.09349268 0.01470427
3.45916503 6.09391011 0.01473961
3.45958870 6.09432845 0.01477510
3.46001331 6.09474771 0.01481074
3.46043887 6.09516789 0.01484655
3.46086539 6.09558899 0.01488251
3.46129286 6.09601102 0.01491864
3.46172130 6.09643398 0.01495492
3.46215071 6.09685787 0.01499137
3.46258108 6.09728270 0.01502798
3.46301243 6.09770848 0.01506476
3.46344476 6.09813520 0.01510170
3.46387807 6.09856287 0.01513881
3.46431237 6.09899149 0.01517608
3.46474765 6.09942107 0.01521352
3.46518393 6.09985161 0.01525114
3.46562120 6.10028312 0.01528892
3.46605948 6.10071560 0.01532688
3.46649876 6.10114905 0.01536500
3.46693906 6.10158347 0.01540331
3.46738036 6.10201888 0.01544178
3.46782268 6.10245527 0.01548044
3.46826603 6.10289265 0.01551927
3.46871040 6.10333103 0.01555828
3.46915580 6.10377040 0.01559746
3.46960224 6.10421078 0.01563683
3.47004971 6.10465215 0.01567638
3.47049823 6.10509454 0.01571612
3.47094779 6.10553795 0.01575603
3.47139841 6.10598237 0.01579614
3.47185008 6.10642781 0.01583643
3.47230281 6.10687428 0.01587690
3.47275661 6.10732178 0.01591757
3.47321147 6.10777032 0.01595843
3.47366741 6.10821989 0.01599947
3.47412443 6.10867051 0.01604071
3.47458252 6.10912218 0.01608215
3.47504171 6.10957490 0.01612378
3.47550198 6.11002868 0.01616560
3.47596335 6.11048352 0.01620763
3.47642583 6.11093942 0.01624985
3.47688940 6.11139640 0.01629227
3.47735409 6.11185445 0.01633490
3.47781989 6.11231358 0.01637773
3.47828681 6.11277379 0.01642076
3.47875485 6.11323510 0.01646400
3.47922402 6.11369750 0.01650744
3.47969432 6.11416099 0.01655110
3.48016577 6.11462559 0.01659496
3.48063835 6.11509130 0.01663904
3.48111208 6.11555812 0.01668332
3.48158697 6.11602606 0.01672782
3.48206301 6.11649512 0.01677254
3.48254022 6.11696531 0.01681748
3.48301859 6.11743663 0.01686263
3.48349813 6.11790908 0.01690800
3.48397886 6.11838268 0.01695360
3.48446076 6.11885743 0.01699942
3.48494386 6.11933333 0.01704546
3.48542814 6.11981038 0.01709173
3.48591363 6.12028860 0.01713822
3.48640031 6.12076798 0.01718495
3.48688821 6.12124854 0.01723190
3.48737732 6.12173027 0.01727909
3.48786765 6.12221319 0.01732651
3.48835921 6.12269730 0.01737417
3.48885199 6.12318260 0.01742206
3.48934601 6.12366909 0.01747020
3.48984127 6.12415680 0.01751857
3.49033778 6.12464571 0.01756719
3.49083554 6.12513583 0.01761605
3.49133455 6.12562718 0.01766515
3.49183483 6.12611975 0.01771451
3.49233638 6.12661356 0.01776411
3.49283920 6.12710860 0.01781396
3.49334330 6.12760488 0.01786407
3.49384869 6.12810241 0.01791442
3.49435537 6.12860120 0.01796504
3.49486335 6.12910125 0.01801591
3.49537263 6.12960256 0.01806705
3.49588322 6.13010514 0.01811844
3.49639512 6.13060900 0.01817010
3.49690835 6.13111414 0.01822202
3.49742290 6.13162057 0.01827421
3.49793879 6.13212830 0.01832667
3.49845601 6.13263732 0.01837940
3.49897459 6.13314766 0.01843241
3.49949451 6.13365930 0.01848569
3.50001579 6.13417227 0.01853924
3.50053843 6.13468656 0.01859308
3.50106245 6.13520218 0.01864720
3.50158784 6.13571914 0.01870159
3.50211461 6.13623744 0.01875628
3.50264278 6.13675709 0.01881125
3.50317234 6.13727810 0.01886651
3.50370330 6.13780047 0.01892206
3.50423567 6.13832421 0.01897791
3.50476946 6.13884933 0.01903405
3.50530467 6.13937583 0.01909049
3.50584131 6.13990372 0.01914723
3.50637938 6.14043300 0.01920427
3.50691890 6.14096368 0.01926162
3.50745986 6.14149578 0.01931927
3.50800229 6.14202929 0.01937724
3.50854617 6.14256422 0.01943551
3.50909153 6.14310058 0.01949410
3.50963836 6.14363837 0.01955301
3.51018668 6.14417761 0.01961223
3.51073649 6.14471830 0.01967177
3.51128779 6.14526045 0.01973164
3.51184061 6.14580406 0.01979183
3.51239493 6.14634914 0.01985235
3.51295078 6.14689570 0.01991321
3.51350815 6.14744375 0.01997439
3.51406706 6.14799329 0.02003591
3.51462751 6.14854433 0.02009777
3.51518951 6.14909687 0.02015997
3.51575307 6.14965093 0.02022252
3.51631820 6.15020652 0.02028541
3.51688489 6.15076363 0.02034865
3.51745317 6.15132229 0.02041224
3.51802304 6.15188248 0.02047619
3.51859450 6.15244423 0.02054049
3.51916757 6.15300755 0.02060515
3.51974225 6.15357243 0.02067018
3.52031855 6.15413888 0.02073557
3.52089648 6.15470692 0.02080133
3.52147605 6.15527656 0.02086746
3.52205726 6.15584779 0.02093397
3.52264012 6.15642063 0.02100085
3.52322464 6.15699509 0.02106811
3.52381084 6.15757117 0.02113576
3.52439871 6.15814889 0.02120379
3.52498827 6.15872825 0.02127221
3.52557952 6.15930926 0.02134102
3.52617248 6.15989193 0.02141023
3.52676715 6.16047626 0.02147984
3.52736354 6.16106227 0.02154985
3.52796166 6.16164996 0.02162027
3.52856152 6.16223935 0.02169109
3.52916313 6.16283044 0.02176232
3.52976649 6.16342323 0.02183397
3.53037163 6.16401775 0.02190604
3.53097853 6.16461400 0.02197853
3.53158722 6.16521198 0.02205145
3.53219771 6.16581171 0.02212479
3.53280999 6.16641320 0.02219857
3.53342409 6.16701645 0.02227278
3.53404001 6.16762147 0.02234743
3.53465776 6.16822828 0.02242253
3.53527736 6.16883688 0.02249807
3.53589880 6.16944728 0.02257406
3.53652211 6.17005950 0.02265051
3.53714728 6.17067354 0.02272741
3.53777434 6.17128941 0.02280478
3.53840328 6.17190712 0.02288261
3.53903413 6.17252668 0.02296091
3.53966688 6.17314810 0.02303968
3.54030156 6.17377140 0.02311893
3.54093817 6.17439657 0.02319866
3.54157672 6.17502364 0.02327888
3.54221722 6.17565261 0.02335959
3.54285968 6.17628349 0.02344079
3.54350412 6.17691629 0.02352249
3.54415054 6.17755103 0.02360469
3.54479896 6.17818771 0.02368740
3.54544938 6.17882634 0.02377062
3.54610182 6.17946694 0.02385435
3.54675628 6.18010952 0.02393860
3.54741278 6.18075408 0.02402338
3.54807134 6.18140064 0.02410869
3.54873195 6.18204921 0.02419453
3.54939464 6.18269980 0.02428090
3.55005941 6.18335243 0.02436782
3.55072628 6.18400709 0.02445529
3.55139526 6.18466381 0.02454331
3.55206635 6.18532260 0.02463189
3.55273958 6.18598346 0.02472103
3.55341495 6.18664641 0.02481073
3.55409247 6.18731146 0.02490101
3.55477216 6.18797863 0.02499186
3.55545403 6.18864792 0.02508330
3.55613810 6.18931935 0.02517532
3.55682436 6.18999293 0.02526794
3.55751285 6.19066867 0.02536115
3.55820356 6.19134658 0.02545497
3.55889652 6.19202668 0.02554939
3.55959173 6.19270898 0.02564443
3.56028921 6.19339349 0.02574009
3.56098897 6.19408023 0.02583638
3.56169103 6.19476920 0.02593329
3.56239539 6.19546043 0.02603084
3.56310207 6.19615392 0.02612904
3.56381109 6.19684968 0.02622788
3.56452246 6.19754774 0.02632738
3.56523619 6.19824810 0.02642753
3.56595230 6.19895078 0.02652836
3.56667079 6.19965579 0.02662985
3.56739169 6.20036314 0.02673203
3.56811501 6.20107286 0.02683489
3.56884076 6.20178494 0.02693844
3.56956896 6.20249942 0.02704269
3.57029961 6.20321629 0.02714765
3.57103275 6.20393559 0.02725331
3.57176838 6.20465731 0.02735969
3.57250651 6.20538148 0.02746680
3.57324716 6.20610810 0.02757464
3.57399035 6.20683721 0.02768322
3.57473609 6.20756880 0.02779254
3.57548440 6.20830290 0.02790262
3.57623529 6.20903952 0.02801345
3.57698878 6.20977867 0.02812506
3.57774488 6.21052037 0.02823743
3.57850362 6.21126465 0.02835059
3.57926500 6.21201150 0.02846454
3.58002904 6.21276096 0.02857928
3.58079576 6.21351303 0.02869483
3.58156518 6.21426773 0.02881119
3.58233731 6.21502507 0.02892838
3.58311217 6.21578509 0.02904639
3.58388978 6.21654778 0.02916523
3.58467015 6.21731317 0.02928493
3.58545330 6.21808127 0.02940547
3.58623925 6.21885211 0.02952688
3.58702801 6.21962570 0.02964916
3.58781961 6.22040205 0.02977231
3.58861406 6.22118119 0.02989636
3.58941138 6.22196312 0.03002130
3.59021159 6.22274788 0.03014714
3.59101470 6.22353548 0.03027390
3.59182074 6.22432593 0.03040158
3.59262973 6.22511925 0.03053020
3.59344167 6.22591547 0.03065976
3.59425660 6.22671460 0.03079027
3.59507453 6.22751667 0.03092174
3.59589548 6.22832168 0.03105419
3.59671947 6.22912966 0.03118761
3.59754652 6.22994063 0.03132203
3.59837665 6.23075460 0.03145745
3.59920988 6.23157161 0.03159388
3.60004623 6.23239166 0.03173133
3.60088572 6.23321478 0.03186982
3.60172838 6.23404099 0.03200935
3.60257421 6.23487030 0.03214994
3.60342325 6.23570275 0.03229159
3.60427552 6.23653834 0.03243432
3.60513103 6.23737711 0.03257814
3.60598981 6.23821907 0.03272305
3.60685188 6.23906425 0.03286908
3.60771727 6.23991266 0.03301623
3.60858599 6.24076433 0.03316452
3.60945807 6.24161928 0.03331395
3.61033352 6.24247753 0.03346455
3.61121239 6.24333911 0.03361631
3.61209467 6.24420403 0.03376926
3.61298041 6.24507232 0.03392341
3.61386962 6.24594401 0.03407877
3.61476233 6.24681912 0.03423535
3.61565856 6.24769767 0.03439317
3.61655834 6.24857968 0.03455224
3.61746169 6.24946518 0.03471257
3.61836863 6.25035419 0.03487418
3.61927920 6.25124675 0.03503708
3.62019341 6.25214286 0.03520129
3.62111129 6.25304257 0.03536682
3.62203287 6.25394588 0.03553369
3.62295818 6.25485284 0.03570190
3.62388723 6.25576346 0.03587148
3.62482006 6.25667777 0.03604244
3.62575669 6.25759580 0.03621480
3.62669716 6.25851757 0.03638857
3.62764148 6.25944311 0.03656377
3.62858969 6.26037245 0.03674041
3.62954181 6.26130561 0.03691851
3.63049788 6.26224263 0.03709808
3.63145791 6.26318353 0.03727915
3.63242194 6.26412833 0.03746174
3.63339001 6.26507708 0.03764585
3.63436212 6.26602979 0.03783150
3.63533833 6.26698650 0.03801872
3.63631866 6.26794723 0.03820752
3.63730313 6.26891201 0.03839793
3.63829178 6.26988088 0.03858995
3.63928464 6.27085387 0.03878361
3.64028174 6.27183100 0.03897892
3.64128312 6.27281231 0.03917592
3.64228879 6.27379782 0.03937461
3.64329881 6.27478758 0.03957501
3.64431319 6.27578160 0.03977716
3.64533198 6.27677993 0.03998106
3.64635520 6.27778260 0.04018674
3.64738289 6.27878963 0.04039422
3.64841508 6.27980107 0.04060352
3.64945181 6.28081694 0.04081466
3.65049311 6.28183729 0.04102767
3.65153902 6.28286213 0.04124257
3.65258957 6.28389152 0.04145938
3.65364480 6.28492548 0.04167813
3.65470475 6.28596406 0.04189883
3.65576944 6.28700727 0.04212152
3.65683893 6.28805517 0.04234621
3.65791324 6.28910779 0.04257294
3.65899241 6.29016517 0.04280172
3.66007648 6.29122733 0.04303259
3.66116550 6.29229433 0.04326556
3.66225949 6.29336620 0.04350067
3.66335850 6.29444297 0.04373794
3.66446257 6.29552470 0.04397740
3.66557174 6.29661140 0.04421908
3.66668605 6.29770314 0.04446300
3.66780554 6.29879994 0.04470920
3.66893026 6.29990185 0.04495769
3.67006023 6.30100891 0.04520852
3.67119552 6.30212116 0.04546172
3.67233616 6.30323864 0.04571730
3.67348219 6.30436140 0.04597531
3.67463365 6.30548948 0.04623577
3.67579060 6.30662292 0.04649872
3.67695308 6.30776177 0.04676418
3.67812114 6.30890607 0.04703220
3.67929481 6.31005586 0.04730281
3.68047415 6.31121120 0.04757603
3.68165920 6.31237213 0.04785191
3.68285001 6.31353869 0.04813047
3.68404663 6.31471093 0.04841177
3.68524911 6.31588890 0.04869582
3.68645750 6.31707266 0.04898267
3.68767184 6.31826224 0.04927236
3.68889219 6.31945770 0.04956492
3.69011860 6.32065908 0.04986039
3.69135113 6.32186644 0.05015882
3.69258981 6.32307983 0.05046024
3.69383471 6.32429931 0.05076469
3.69508588 6.32552491 0.05107222
3.69634337 6.32675670 0.05138286
3.69760724 6.32799473 0.05169667
3.69887755 6.32923906 0.05201368
3.70015434 6.33048974 0.05233394
3.70143769 6.33174681 0.05265749
3.70272763 6.33301036 0.05298438
3.70402424 6.33428042 0.05331465
3.70532757 6.33555705 0.05364836
3.70663768 6.33684032 0.05398556
3.70795463 6.33813028 0.05432628
3.70927848 6.33942699 0.05467059
3.71060929 6.34073052 0.05501853
3.71194713 6.34204092 0.05537015
3.71329206 6.34335826 0.05572552
3.71464414 6.34468260 0.05608467
3.71600344 6.34601400 0.05644767
3.71737002 6.34735252 0.05681458
3.71874395 6.34869824 0.05718544
3.72012530 6.35005121 0.05756031
3.72151414 6.35141151 0.05793927
3.72291052 6.35277920 0.05832236
3.72431453 6.35415435 0.05870964
3.72572624 6.35553703 0.05910119
3.72714571 6.35692730 0.05949705
3.72857301 6.35832525 0.05989730
3.73000823 6.35973094 0.06030200
3.73145143 6.36114444 0.06071122
3.73290269 6.36256582 0.06112503
3.73436209 6.36399517 0.06154349
3.73582970 6.36543256 0.06196668
3.73730560 6.36687806 0.06239466
3.73878987 6.36833175 0.06282752
3.74028259 6.36979371 0.06326532
3.74178384 6.37126402 0.06370814
3.74329371 6.37274276 0.06415606
3.74481227 6.37423001 0.06460915
3.74633960 6.37572585 0.06506751
3.74787581 6.37723036 0.06553120
3.74942096 6.37874364 0.06600032
3.75097516 6.38026576 0.06647495
3.75253848 6.38179681 0.06695517
3.75411101 6.38333689 0.06744107
3.75569286 6.38488607 0.06793274
3.75728410 6.38644446 0.06843028
3.75888483 6.38801213 0.06893378
3.76049516 6.38958919 0.06944333
3.76211516 6.39117572 0.06995903
3.76374495 6.39277183 0.07048098
3.76538461 6.39437760 0.07100929
3.76703425 6.39599314 0.07154404
3.76869397 6.39761855 0.07208535
3.77036387 6.39925391 0.07263333
3.77204405 6.40089935 0.07318809
3.77373462 6.40255495 0.07374973
3.77543568 6.40422082 0.07431837
3.77714735 6.40589707 0.07489412
3.77886972 6.40758381 0.07547711
3.78060292 6.40928113 0.07606746
3.78234705 6.41098916 0.07666528
3.78410223 6.41270800 0.07727070
3.78586857 6.41443777 0.07788386
3.78764619 6.41617858 0.07850488
3.78943521 6.41793055 0.07913389
3.79123574 6.41969378 0.07977103
3.79304792 6.42146841 0.08041644
3.79487185 6.42325456 0.08107027
3.79670766 6.42505233 0.08173265
3.79855549 6.42686186 0.08240373
3.80041546 6.42868328 0.08308367
3.80228770 6.43051671 0.08377261
3.80417233 6.43236228 0.08447072
3.80606950 6.43422011 0.08517816
3.80797935 6.43609035 0.08589508
3.80990199 6.43797312 0.08662165
3.81183758 6.43986857 0.08735806
3.81378626 6.44177682 0.08810446
3.81574816 6.44369803 0.08886103
3.81772344 6.44563232 0.08962797
3.81971223 6.44757985 0.09040544
3.82171470 6.44954076 0.09119365
3.82373098 6.45151519 0.09199279
3.82576123 6.45350331 0.09280305
3.82780560 6.45550524 0.09362463
3.82986426 6.45752117 0.09445774
3.83193735 6.45955122 0.09530258
3.83402505 6.46159557 0.09615939
3.83612752 6.46365438 0.09702836
3.83824491 6.46572780 0.09790973
3.84037740 6.46781600 0.09880373
3.84252516 6.46991915 0.09971058
3.84468835 6.47203742 0.10063054
3.84686717 6.47417097 0.10156383
3.84906177 6.47631998 0.10251071
3.85127234 6.47848462 0.10347144
3.85349907 6.48066508 0.10444627
3.85574213 6.48286154 0.10543547
3.85800172 6.48507417 0.10643931
3.86027801 6.48730316 0.10745807
3.86257121 6.48954870 0.10849203
3.86488151 6.49181098 0.10954148
3.86720911 6.49409019 0.11060672
3.86955420 6.49638653 0.11168804
3.87191698 6.49870019 0.11278576
3.87429767 6.50103138 0.11390019
3.87669646 6.50338030 0.11503165
3.87911357 6.50574715 0.11618048
3.88154922 6.50813215 0.11734701
3.88400361 6.51053550 0.11853158
3.88647696 6.51295742 0.11973454
3.88896951 6.51539813 0.12095625
3.89148146 6.51785784 0.12219709
3.89401305 6.52033677 0.12345742
3.89656451 6.52283516 0.12473762
3.89913606 6.52535322 0.12603810
3.90172796 6.52789120 0.12735924
3.90434042 6.53044931 0.12870145
3.90697370 6.53302781 0.13006516
3.90962804 6.53562692 0.13145079
3.91230368 6.53824690 0.13285877
3.91500088 6.54088797 0.13428954
3.91771989 6.54355041 0.13574357
3.92046096 6.54623444 0.13722131
3.92322436 6.54894033 0.13872324
3.92601034 6.55166834 0.14024984
3.92881917 6.55441871 0.14180161
3.93165112 6.55719173 0.14337904
3.93450646 6.55998764 0.14498266
3.93738546 6.56280671 0.14661299
3.94028839 6.56564923 0.14827057
3.94321555 6.56851546 0.14995593
3.94616720 6.57140567 0.15166965
3.94914363 6.57432015 0.15341229
3.95214514 6.57725917 0.15518443
3.95517201 6.58022303 0.15698667
3.95822453 6.58321201 0.15881961
3.96130300 6.58622639 0.16068387
3.96440772 6.58926647 0.16258008
3.96753898 6.59233255 0.16450887
3.97069710 6.59542491 0.16647091
3.97388237 6.59854387 0.16846685
3.97709510 6.60168971 0.17049739
3.98033561 6.60486275 0.17256320
3.98360420 6.60806328 0.17466499
3.98690118 6.61129161 0.17680349
3.99022688 6.61454806 0.17897941
3.99358160 6.61783293 0.18119350
3.99696568 6.62114654 0.18344653
4.00037942 6.62448919 0.18573924
4.00382314 6.62786121 0.18807243
4.00729718 6.63126290 0.19044690
4.01080184 6.63469458 0.19286343
4.01433746 6.63815657 0.19532286
4.01790436 6.64164919 0.19782601
4.02150286 6.64517275 0.20037373
4.02513329 6.64872757 0.20296687
4.02879597 6.65231397 0.20560630
4.03249121 6.65593226 0.20829289
4.03621936 6.65958276 0.21102753
4.03998071 6.66326578 0.21381112
4.04377560 6.66698163 0.21664457
4.04760434 6.67073063 0.21952881
4.05146724 6.67451307 0.22246474
4.05536462 6.67832928 0.22545332
4.05929679 6.68217955 0.22849548
4.06326404 6.68606417 0.23159218
4.06726669 6.68998346 0.23474437
4.07130503 6.69393768 0.23795302
4.07537936 6.69792714 0.24121908
4.07948995 6.70195212 0.24454354
4.08363709 6.70601288 0.24792735
4.08782105 6.71010969 0.25137150
4.09204211 6.71424282 0.25487695
4.09630051 6.71841253 0.25844468
4.10059651 6.72261904 0.26207565
4.10493035 6.72686261 0.26577082
4.10930226 6.73114346 0.26953115
4.11371247 6.73546180 0.27335759
4.11816117 6.73981784 0.27725106
4.12264857 6.74421176 0.28121250
4.12717486 6.74864376 0.28524280
4.13174019 6.75311400 0.28934287
4.13634472 6.75762262 0.29351357
4.14098860 6.76216976 0.29775575
4.14567195 6.76675555 0.30207023
4.15039486 6.77138008 0.30645781
4.15515743 6.77604344 0.31091926
4.15995971 6.78074569 0.31545529
4.16480176 6.78548687 0.32006662
4.16968360 6.79026702 0.32475388
4.17460523 6.79508612 0.32951768
4.17956661 6.79994415 0.33435859
4.18456771 6.80484107 0.33927711
4.18960844 6.80977679 0.34427370
4.19468869 6.81475122 0.34934873
4.19980835 6.81976423 0.35450255
4.20496723 6.82481564 0.35973540
4.21016515 6.82990528 0.36504748
4.21540188 6.83503292 0.37043890
4.22067715 6.84019830 0.37590967
4.22599067 6.84540113 0.38145975
4.23134210 6.85064108 0.38708898
4.23673108 6.85591780 0.39279712
4.24215719 6.86123087 0.39858382
4.24761998 6.86657986 0.40444864
4.25311897 6.87196430 0.41039101
4.25865362 6.87738365 0.41641027
4.26422335 6.88283735 0.42250563
4.26982755 6.88832480 0.42867618
4.27546555 6.89384535 0.43492088
4.28113664 6.89939830 0.44123858
4.28684006 6.90498291 0.44762798
4.29257502 6.91059839 0.45408765
4.29834065 6.91624392 0.46061601
4.30413606 6.92191860 0.46721136
4.30996031 6.92762151 0.47387184
4.31581238 6.93335167 0.48059546
4.32169124 6.93910806 0.48738008
4.32759579 6.94488960 0.49422339
4.33352489 6.95069518 0.50112297
4.33947733 6.95652363 0.50807622
4.34545189 6.96237372 0.51508043
4.35144726 6.96824419 0.52213270
4.35746212 6.97413374 0.52923004
4.36349507 6.98004101 0.53636927
4.36954469 6.98596461 0.54354712
4.37560951 6.99190308 0.55076014
4.38168801 6.99785495 0.55800481
4.38777863 7.00381868 0.56527743
4.39387978 7.00979273 0.57257424
4.39998982 7.01577548 0.57989132
4.40610709 7.02176531 0.58722470
4.41222987 7.02776054 0.59457027
4.41835645 7.03375947 0.60192388
4.42448504 7.03976039 0.60928127
4.43061388 7.04576154 0.61663815
4.43674113 7.05176115 0.62399014
4.44286498 7.05775742 0.63133286
4.44898358 7.06374854 0.63866186
4.45509506 7.06973270 0.64597269
4.46119754 7.07570805 0.65326090
4.46728916 7.08167275 0.66052203
4.47336802 7.08762497 0.66775165
4.47943225 7.09356285 0.67494536
4.48547995 7.09948456 0.68209878
4.49150926 7.10538825 0.68920762
4.49751831 7.11127211 0.69626764
4.50350524 7.11713431 0.70327467
4.50946823 7.12297306 0.71022464
4.51540547 7.12878659 0.71711359
4.52131515 7.13457315 0.72393766
4.52719551 7.14033100 0.73069311
4.53304483 7.14605845 0.73737635
4.53886141 7.15175383 0.74398392
4.54464357 7.15741552 0.75051250
4.55038970 7.16304192 0.75695894
4.55609822 7.16863149 0.76332026
4.56176757 7.17418272 0.76959362
4.56739628 7.17969415 0.77577640
4.57298290 7.18516436 0.78186612
4.57852604 7.19059199 0.78786049
4.58402435 7.19597574 0.79375742
4.58947656 7.20131433 0.79955500
4.59488142 7.20660657 0.80525150
4.60023778 7.21185131 0.81084538
4.60554451 7.21704745 0.81633530
4.61080056 7.22219397 0.82172009
4.61600492 7.22728988 0.82699877
4.62115668 7.23233427 0.83217054
4.62625494 7.23732628 0.83723477
4.63129889 7.24226511 0.84219103
4.63628777 7.24715002 0.84703902
4.64122090 7.25198033 0.85177864
4.64609763 7.25675542 0.85640991
4.65091738 7.26147471 0.86093304
4.65567964 7.26613771 0.86534836
4.66038394 7.27074396 0.86965636
4.66502989 7.27529306 0.87385764
4.66961712 7.27978467 0.87795293
4.67414536 7.28421850 0.88194311
4.67861434 7.28859432 0.88582913
4.68302389 7.29291195 0.88961207
4.68737387 7.29717123 0.89329309
4.69166418 7.30137209 0.89687345
4.69589478 7.30551448 0.90035451
4.70006567 7.30959840 0.90373767
4.70417690 7.31362391 0.90702443
4.70822856 7.31759108 0.91021633
4.71222078 7.32150004 0.91331498
4.71615372 7.32535097 0.91632203
4.72002760 7.32914405 0.91923919
4.72384265 7.33287953 0.92206819
4.72759915 7.33655767 0.92481080
4.73129740 7.34017878 0.92746881
4.73493775 7.34374318 0.93004404
4.73852055 7.34725124 0.93253831
4.74204621 7.35070334 0.93495348
4.74551514 7.35409990 0.93729138
4.74892778 7.35744133 0.93955388
4.75228461 7.36072811 0.94174283
4.75558610 7.36396070 0.94386007
4.75883276 7.36713960 0.94590744
4.76202511 7.37026532 0.94788678
4.76516370 7.37333839 0.94979989
4.76824907 7.37635935 0.95164857
4.77128180 7.37932877 0.95343461
4.77426247 7.38224720 0.95515976
4.77719166 7.38511523 0.95682576
4.78006998 7.38793345 0.95843431
4.78289805 7.39070245 0.95998711
4.78567648 7.39342285 0.96148580
4.78840589 7.39609525 0.96293202
4.79108693 7.39872027 0.96432737
4.79372021 7.40129854 0.96567340
4.79630640 7.40383069 0.96697165
4.79884613 7.40631734 0.96822363
4.80134004 7.40875913 0.96943080
4.80378879 7.41115670 0.97059460
4.80619302 7.41351067 0.97171643
4.80855339 7.41582170 0.97279766
4.81087054 7.41809040 0.97383962
4.81314512 7.42031742 0.97484362
4.81537779 7.42250338 0.97581093
4.81756917 7.42464893 0.97674276
4.81971992 7.42675469 0.97764034
4.82183067 7.42882128 0.97850481
4.82390207 7.43084933 0.97933732
4.82593473 7.43283945 0.98013897
4.82792929 7.43479227 0.98091083
4.82988637 7.43670838 0.98165394
4.83180659 7.43858840 0.98236929
4.83369057 7.44043293 0.98305788
4.83553890 7.44224255 0.98372065
4.83735219 7.44401786 0.98435851
4.83913104 7.44575945 0.98497236
4.84087604 7.44746788 0.98556305
4.84258776 7.44914374 0.98613142
4.84426679 7.45078757 0.98667827
4.84591369 7.45239996 0.98720439
4.84752903 7.45398143 0.98771052
4.84911337 7.45553255 0.98819741
4.85066725 7.45705384 0.98866575
4.85219122 7.45854584 0.98911622
4.85368581 7.46000908 0.98954948
4.85515155 7.46144406 0.98996617
4.85658896 7.46285131 0.99036691
4.85799856 7.46423132 0.99075228
4.85938084 7.46558458 0.99112285
4.86073632 7.46691159 0.99147918
4.86206547 7.46821284 0.99182181
4.86336879 7.46948878 0.99215124
4.86464675 7.47073989 0.99246797
4.86589983 7.47196663 0.99277249
4.86712847 7.47316946 0.99306524
4.86833315 7.47434881 0.99334667
4.86951430 7.47550512 0.99361722
4.87067237 7.47663884 0.99387730
4.87180778 7.47775037 0.99412729
4.87292098 7.47884015 0.99436760
4.87401237 7.47990857 0.99459858
4.87508237 7.48095605 0.99482059
4.87613138 7.48198298 0.99503398
4.87715981 7.48298975 0.99523907
4.87816803 7.48397675 0.99543618
4.87915645 7.48494435 0.99562562
4.88012544 7.48589291 0.99580769
4.88107536 7.48682282 0.99598265
4.88200659 7.48773442 0.99615080
4.88291948 7.48862807 0.99631239
4.88381439 7.48950410 0.99646768
4.88469166 7.49036287 0.99661690
4.88555163 7.49120470 0.99676029
4.88639463 7.49202992 0.99689808
4.88722101 7.49283885 0.99703049
4.88803106 7.49363180 0.99715772
4.88882512 7.49440910 0.99727997
4.88960350 7.49517103 0.99739744
4.89036648 7.49591790 0.99751031
4.89111439 7.49665000 0.99761876
4.89184751 7.49736762 0.99772296
4.89256612 7.49807104 0.99782308
4.89327051 7.49876054 0.99791928
4.89396097 7.49943639 0.99801170
4.89463775 7.50009886 0.99810051
4.89530113 7.50074820 0.99818582
4.89595137 7.50138468 0.99826780
4.89658873 7.50200854 0.99834655
4.89721346 7.50262004 0.99842221
4.89782580 7.50321942 0.99849491
4.89842601 7.50380691 0.99856475
4.89901431 7.50438274 0.99863184
4.89959095 7.50494716 0.99869631
4.90015615 7.50550037 0.99875823
4.90071013 7.50604261 0.99881773
4.90125312 7.50657408 0.99887489
4.90178534 7.50709500 0.99892980
4.90230699 7.50760558 0.99898255
4.90281829 7.50810602 0.99903323
4.90331943 7.50859653 0.99908192
4.90381062 7.50907729 0.99912869
4.90429206 7.50954849 0.99917362
4.90476394 7.51001034 0.99921678
4.90522644 7.51046301 0.99925825
4.90567975 7.51090669 0.99929808
4.90612406 7.51134154 0.99933635
4.90655953 7.51176776 0.99937311
4.90698636 7.51218550 0.99940842
4.90740470 7.51259493 0.99944235
4.90781472 7.51299622 0.99947493
4.90821659 7.51338954 0.99950624
4.90861048 7.51377503 0.99953631
4.90899653 7.51415286 0.99956520
4.90937491 7.51452317 0.99959295
4.90974576 7.51488612 0.99961961
4.91010924 7.51524185 0.99964522
4.91046549 7.51559050 0.99966982
4.91081465 7.51593221 0.99969345
4.91115687 7.51626713 0.99971615
4.91149229 7.51659538 0.99973796
4.91182103 7.51691710 0.99975890
4.91214323 7.51723242 0.99977903
4.91245902 7.51754146 0.99979836
4.91276852 7.51784435 0.99981692
4.91307187 7.51814122 0.99983476
4.91336919 7.51843217 0.99985189
4.91366058 7.51871734 0.99986835
4.91394618 7.51899683 0.99988416
4.91422610 7.51927075 0.99989934
4.91450045 7.51953922 0.99991393
4.91476933 7.51980235 0.99992794
4.91503287 7.52006024 0.99994141
4.91529116 7.52031300 0.99995433
4.91554430 7.52056072 0.99996676
4.91579242 7.52080351 0.99997869
4.91603559 7.52104147 0.99999015
4.91627392 7.52127469 1.00000115
4.91650751 7.52150326 1.00001173
4.91673644 7.52172729 1.00002189
4.91696083 7.52194685 1.00003164
4.91718074 7.52216204 1.00004102
4.91739628 7.52237295 1.00005002
4.91760752 7.52257966 1.00005867
4.91781456 7.52278225 1.00006698
4.91801748 7.52298080 1.00007496
4.91821636 7.52317540 1.00008262
4.91841128 7.52336613 1.00008998
4.91860232 7.52355306 1.00009706
4.91878955 7.52373626 1.00010385
4.91897306 7.52391582 1.00011038
4.91915291 7.52409180 1.00011665
4.91932918 7.52426427 1.00012267
4.91950195 7.52443331 1.00012845
4.91967127 7.52459899 1.00013401
4.91983722 7.52476136 1.00013934
4.91999987 7.52492050 1.00014447
4.92015928 7.52507647 1.00014939
4.92031551 7.52522933 1.00015412
4.92046864 7.52537915 1.00015867
4.92061871 7.52552598 1.00016303
4.92076580 7.52566989 1.00016722
4.92090996 7.52581094 1.00017125
4.92105124 7.52594917 1.00017512
4.92118972 7.52608465 1.00017884
4.92132543 7.52621743 1.00018240
4.92145845 7.52634757 1.00018583
4.92158881 7.52647512 1.00018913
4.92171658 7.52660012 1.00019229
4.92184181 7.52672263 1.00019533
4.92196454 7.52684271 1.00019825
4.92208483 7.52696039 1.00020105
4.92220272 7.52707573 1.00020374
4.92231827 7.52718877 1.00020633
4.92243151 7.52729955 1.00020881
4.92254250 7.52740814 1.00021120
4.92265128 7.52751456 1.00021349
4.92275789 7.52761885 1.00021570
4.92286238 7.52772107 1.00021781
4.92296479 7.52782126 1.00021984
4.92306516 7.52791945 1.00022180
4.92316353 7.52801568 1.00022367
4.92325994 7.52811000 1.00022547
4.92335443 7.52820244 1.00022720
4.92344704 7.52829303 1.00022886
4.92353781 7.52838182 1.00023046
4.92362676 7.52846885 1.00023199
4.92371395 7.52855413 1.00023347
4.92379940 7.52863772 1.00023488
4.92388315 7.52871965 1.00023624
4.92396523 7.52879994 1.00023754
4.92404568 7.52887863 1.00023880
4.92412452 7.52895576 1.00024000
4.92420180 7.52903135 1.00024116
4.92427753 7.52910543 1.00024227
4.92435176 7.52917804 1.00024334
4.92442451 7.52924920 1.00024436
4.92449581 7.52931895 1.00024535
4.92456569 7.52938730 1.00024629
4.92463418 7.52945429 1.00024720
4.92470130 7.52951995 1.00024808
4.92476709 7.52958430 1.00024891
4.92483157 7.52964737 1.00024972
4.92489476 7.52970918 1.00025049
4.92495670 7.52976976 1.00025124
4.92501740 7.52982914 1.00025195
4.92507689 7.52988733 1.00025264
4.92513520 7.52994436 1.00025329
4.92519235 7.53000025 1.00025393
4.92524836 7.53005504 1.00025453
4.92530325 7.53010873 1.00025512
4.92535705 7.53016135 1.00025568
4.92540978 7.53021292 1.00025622
4.92546146 7.53026347 1.00025674
4.92551211 7.53031301 1.00025723
4.92556175 7.53036156 1.00025771
4.92561040 7.53040914 1.00025817
4.92565809 7.53045578 1.00025861
4.92570482 7.53050149 1.00025903
4.92575063 7.53054628 1.00025944
4.92579552 7.53059019 1.00025983
4.92583952 7.53063322 1.00026020
4.92588264 7.53067539 1.00026056
4.92592490 7.53071672 1.00026091
4.92596632 7.53075723 1.00026124
4.92600692 7.53079694 1.00026156
4.92604670 7.53083585 1.00026187
4.92608570 7.53087399 1.00026216
4.92612392 7.53091136 1.00026245
4.92616138 7.53094799 1.00026272
4.92619809 7.53098390 1.00026298
4.92623407 7.53101908 1.00026323
4.92626933 7.53105357 1.00026347
4.92630390 7.53108737 1.00026370
4.92633777 7.53112050 1.00026392
4.92637097 7.53115296 1.00026414
4.92640351 7.53118478 1.00026434
4.92643540 7.53121597 1.00026454
4.92646665 7.53124653 1.00026473
4.92649728 7.53127649 1.00026491
4.92652731 7.53130584 1.00026508
4.92655673 7.53133462 1.00026525
4.92658557 7.53136282 1.00026541
4.92661383 7.53139046 1.00026557
4.92664154 7.53141755 1.00026572
4.92666869 7.53144410 1.00026586
4.92669529 7.53147011 1.00026600
4.92672137 7.53149562 1.00026613
4.92674693 7.53152061 1.00026625
4.92677199 7.53154511 1.00026638
4.92679654 7.53156911 1.00026649
4.92682060 7.53159264 1.00026660
4.92684418 7.53161570 1.00026671
4.92686730 7.53163830 1.00026682
4.92688995 7.53166046 1.00026692
4.92691216 7.53168217 1.00026701
4.92693392 7.53170344 1.00026710
4.92695524 7.53172430 1.00026719
4.92697615 7.53174473 1.00026728
4.92699663 7.53176477 1.00026736
4.92701671 7.53178440 1.00026743
4.92703639 7.53180364 1.00026751
4.92705568 7.53182250 1.00026758
4.92707458 7.53184098 1.00026765
4.92709311 7.53185909 1.00026772
4.92711126 7.53187684 1.00026778
4.92712906 7.53189424 1.00026784
4.92714650 7.53191130 1.00026790
4.92716360 7.53192801 1.00026796
4.92718035 7.53194439 1.00026801
4.92719677 7.53196044 1.00026806
4.92721286 7.53197618 1.00026811
4.92722864 7.53199160 1.00026816
4.92724409 7.53200671 1.00026821
4.92725924 7.53202152 1.00026825
4.92727409 7.53203604 1.00026830
4.92728865 7.53205027 1.00026834
4.92730291 7.53206421 1.00026838
4.92731689 7.53207788 1.00026841
4.92733059 7.53209127 1.00026845
4.92734402 7.53210440 1.00026849
4.92735718 7.53211727 1.00026852
4.92737008 7.53212988 1.00026855
4.92738272 7.53214224 1.00026858
4.92739511 7.53215435 1.00026861
4.92740725 7.53216622 1.00026864
4.92741916 7.53217786 1.00026867
4.92743082 7.53218926 1.00026869
4.92744225 7.53220044 1.00026872
4.92745346 7.53221139 1.00026874
4.92746444 7.53222212 1.00026877
4.92747520 7.53223264 1.00026879
4.92748575 7.53224296 1.00026881
4.92749609 7.53225306 1.00026883
4.92750622 7.53226297 1.00026885
4.92751615 7.53227268 1.00026887
4.92752589 7.53228219 1.00026889
4.92753542 7.53229151 1.00026891
4.92754477 7.53230065 1.00026892
4.92755394 7.53230961 1.00026894
4.92756292 7.53231839 1.00026896
4.92757172 7.53232699 1.00026897
4.92758035 7.53233542 1.00026899
4.92758880 7.53234369 1.00026900
4.92759709 7.53235179 1.00026901
4.92760521 7.53235973 1.00026903
4.92761317 7.53236751 1.00026904
4.92762097 7.53237513 1.00026905
4.92762862 7.53238261 1.00026906
4.92763611 7.53238993 1.00026907
4.92764345 7.53239711 1.00026908
4.92765065 7.53240414 1.00026909
