9.09240810 7.90972133 0.24375949
9.08736158 7.90687841 0.24712934
9.08227024 7.90401024 0.25055930
9.07713375 7.90111664 0.25405034
9.07195179 7.89819742 0.25760342
9.06672405 7.89525242 0.26121952
9.06145024 7.89228146 0.26489960
9.05613008 7.88928438 0.26864460
9.05076329 7.88626104 0.27245550
9.04534960 7.88321128 0.27633321
9.03988879 7.88013498 0.28027867
9.03438062 7.87703199 0.28429278
9.02882489 7.87390221 0.28837645
9.02322139 7.87074552 0.29253055
9.01756995 7.86756183 0.29675592
9.01187043 7.86435105 0.30105341
9.00612268 7.86111310 0.30542382
9.00032661 7.85784793 0.30986791
8.99448212 7.85455548 0.31438642
8.98858915 7.85123572 0.31898006
8.98264768 7.84788864 0.32364948
8.97665768 7.84451422 0.32839531
8.97061920 7.84111249 0.33321812
8.96453228 7.83768347 0.33811842
8.95839700 7.83422721 0.34309668
8.95221349 7.83074377 0.34815330
8.94598191 7.82723326 0.35328864
8.93970244 7.82369577 0.35850295
8.93337531 7.82013143 0.36379645
8.92700079 7.81654039 0.36916926
8.92057920 7.81292284 0.37462144
8.91411088 7.80927896 0.38015293
8.90759623 7.80560898 0.38576361
8.90103569 7.80191316 0.39145327
8.89442976 7.79819175 0.39722158
8.88777896 7.79444508 0.40306811
8.88108389 7.79067346 0.40899233
8.87434517 7.78687726 0.41499361
8.86756351 7.78305686 0.42107117
8.86073965 7.77921269 0.42722415
8.85387437 7.77534519 0.43345153
8.84696854 7.77145484 0.43975218
8.84002306 7.76754216 0.44612484
8.83303891 7.76360769 0.45256811
8.82601710 7.75965201 0.45908044
8.81895872 7.75567572 0.46566018
8.81186491 7.75167948 0.47230549
8.80473688 7.74766396 0.47901440
8.79757588 7.74362987 0.48578482
8.79038324 7.73957795 0.49261448
8.78316035 7.73550899 0.49950098
8.77590864 7.73142380 0.50644176
8.76862962 7.72732322 0.51343414
8.76132484 7.72320813 0.52047526
8.75399593 7.71907944 0.52756215
8.74664455 7.71493810 0.53469169
8.73927244 7.71078508 0.54186060
8.73188138 7.70662138 0.54906549
8.72447321 7.70244804 0.55630285
8.71704982 7.69826613 0.56356903
8.70961313 7.69407673 0.57086027
8.70216514 7.68988096 0.57817270
8.69470787 7.68567997 0.58550234
8.68724338 7.68147490 0.59284514
8.67977379 7.67726697 0.60019693
8.67230123 7.67305736 0.60755349
8.66482788 7.66884731 0.61491052
8.65735595 7.66463805 0.62226368
8.64988765 7.66043084 0.62960857
8.64242525 7.65622696 0.63694076
8.63497100 7.65202766 0.64425581
8.62752719 7.64783425 0.65154926
8.62009611 7.64364801 0.65881665
8.61268006 7.63947024 0.66605353
8.60528134 7.63530222 0.67325550
8.59790224 7.63114526 0.68041819
8.59054505 7.62700065 0.68753726
8.58321206 7.62286966 0.69460846
8.57590551 7.61875357 0.70162761
8.56862766 7.61465365 0.70859062
8.56138073 7.61057115 0.71549350
8.55416690 7.60650729 0.72233235
8.54698833 7.60246330 0.72910342
8.53984715 7.59844038 0.73580307
8.53274544 7.59443968 0.74242781
8.52568525 7.59046238 0.74897429
8.51866855 7.58650958 0.75543931
8.51169731 7.58258238 0.76181986
8.50477340 7.57868185 0.76811307
8.49789865 7.57480901 0.77431625
8.49107486 7.57096488 0.78042689
8.48430372 7.56715041 0.78644267
8.47758689 7.56336654 0.79236144
8.47092596 7.55961415 0.79818124
8.46432243 7.55589411 0.80390031
8.45777776 7.55220722 0.80951707
8.45129332 7.54855426 0.81503012
8.44487042 7.54493597 0.82043826
8.43851030 7.54135304 0.82574045
8.43221410 7.53780613 0.83093587
8.42598293 7.53429584 0.83602384
8.41981779 7.53082276 0.84100388
8.41371963 7.52738741 0.84587566
8.40768930 7.52399027 0.85063904
8.40172761 7.52063180 0.85529401
8.39583527 7.51731239 0.85984074
8.39001295 7.51403243 0.86427953
8.38426120 7.51079223 0.86861083
8.37858055 7.50759208 0.87283521
8.37297144 7.50443223 0.87695340
8.36743425 7.50131289 0.88096621
8.36196928 7.49823424 0.88487459
8.35657677 7.49519642 0.88867960
8.35125693 7.49219953 0.89238237
8.34600987 7.48924363 0.89598415
8.34083565 7.48632878 0.89948626
8.33573429 7.48345497 0.90289012
8.33070575 7.48062218 0.90619718
8.32574993 7.47783035 0.90940898
8.32086668 7.47507941 0.91252713
8.31605580 7.47236924 0.91555327
8.31131707 7.46969971 0.91848908
8.30665019 7.46707066 0.92133630
8.30205484 7.46448191 0.92409669
8.29753065 7.46193324 0.92677203
8.29307722 7.45942443 0.92936415
8.28869411 7.45695524 0.93187487
8.28438085 7.45452540 0.93430603
8.28013694 7.45213463 0.93665948
8.27596184 7.44978262 0.93893708
8.27185499 7.44746905 0.94114068
8.26781580 7.44519361 0.94327213
8.26384367 7.44295594 0.94533327
8.25993795 7.44075568 0.94732594
8.25609801 7.43859248 0.94925196
8.25232316 7.43646595 0.95111313
8.24861271 7.43437570 0.95291123
8.24496596 7.43232133 0.95464804
8.24138220 7.43030244 0.95632529
8.23786068 7.42831862 0.95794469
8.23440066 7.42636945 0.95950796
8.23100140 7.42445450 0.96101674
8.22766213 7.42257335 0.96247267
8.22438208 7.42072556 0.96387736
8.22116048 7.41891069 0.96523238
8.21799653 7.41712831 0.96653928
8.21488947 7.41537797 0.96779956
8.21183849 7.41365922 0.96901471
8.20884281 7.41197163 0.97018617
8.20590164 7.41031474 0.97131535
8.20301418 7.40868811 0.97240362
8.20017964 7.40709130 0.97345234
8.19739723 7.40552385 0.97446281
8.19466615 7.40398532 0.97543630
8.19198563 7.40247527 0.97637406
8.18935488 7.40099325 0.97727730
8.18677311 7.39953883 0.97814719
8.18423955 7.39811157 0.97898488
8.18175343 7.39671103 0.97979147
8.17931398 7.39533679 0.98056805
8.17692043 7.39398840 0.98131565
8.17457204 7.39266545 0.98203530
8.17226804 7.39136752 0.98272798
8.17000771 7.39009417 0.98339464
8.16779030 7.38884501 0.98403621
8.16561508 7.38761962 0.98465359
8.16348134 7.38641759 0.98524764
8.16138835 7.38523852 0.98581920
8.15933542 7.38408202 0.98636908
8.15732183 7.38294768 0.98689808
8.15534692 7.38183513 0.98740694
8.15340998 7.38074397 0.98789642
8.15151036 7.37967383 0.98836721
8.14964738 7.37862434 0.98882001
8.14782039 7.37759512 0.98925548
8.14602874 7.37658581 0.98967425
8.14427180 7.37559605 0.99007696
8.14254893 7.37462548 0.99046419
8.14085952 7.37367376 0.99083652
8.13920295 7.37274055 0.99119452
8.13757862 7.37182549 0.99153871
8.13598594 7.37092827 0.99186961
8.13442432 7.37004855 0.99218774
8.13289319 7.36918600 0.99249355
8.13139198 7.36834030 0.99278753
8.12992014 7.36751115 0.99307012
8.12847710 7.36669823 0.99334175
8.12706235 7.36590123 0.99360284
8.12567533 7.36511987 0.99385379
8.12431553 7.36435384 0.99409499
8.12298244 7.36360285 0.99432680
8.12167555 7.36286662 0.99454958
8.12039436 7.36214488 0.99476369
8.11913839 7.36143733 0.99496946
8.11790714 7.36074372 0.99516719
8.11670016 7.36006378 0.99535721
8.11551698 7.35939724 0.99553982
8.11435714 7.35874385 0.99571528
8.11322019 7.35810336 0.99588389
8.11210569 7.35747552 0.99604590
8.11101322 7.35686008 0.99620157
8.10994233 7.35625681 0.99635115
8.10889263 7.35566546 0.99649487
8.10786370 7.35508582 0.99663296
8.10685513 7.35451766 0.99676564
8.10586654 7.35396074 0.99689311
8.10489753 7.35341485 0.99701558
8.10394772 7.35287979 0.99713324
8.10301675 7.35235533 0.99724629
8.10210423 7.35184127 0.99735490
8.10120982 7.35133741 0.99745924
8.10033316 7.35084355 0.99755947
8.09947390 7.35035949 0.99765577
8.09863170 7.34988505 0.99774828
8.09780623 7.34942002 0.99783716
8.09699716 7.34896424 0.99792253
8.09620417 7.34851751 0.99800455
8.09542694 7.34807967 0.99808334
8.09466516 7.34765053 0.99815902
8.09391854 7.34722992 0.99823173
8.09318676 7.34681768 0.99830157
8.09246955 7.34641365 0.99836866
8.09176661 7.34601765 0.99843311
8.09107766 7.34562954 0.99849501
8.09040242 7.34524915 0.99855448
8.08974063 7.34487633 0.99861160
8.08909202 7.34451094 0.99866647
8.08845633 7.34415283 0.99871917
8.08783331 7.34380185 0.99876980
8.08722269 7.34345787 0.99881843
8.08662425 7.34312074 0.99886514
8.08603773 7.34279033 0.99891000
8.08546290 7.34246651 0.99895310
8.08489954 7.34214914 0.99899449
8.08434740 7.34183810 0.99903425
8.08380628 7.34153326 0.99907244
8.08327595 7.34123450 0.99910912
8.08275619 7.34094170 0.99914435
8.08224680 7.34065474 0.99917820
8.08174758 7.34037351 0.99921070
8.08125831 7.34009788 0.99924192
8.08077881 7.33982776 0.99927191
8.08030888 7.33956303 0.99930071
8.07984833 7.33930358 0.99932837
8.07939696 7.33904931 0.99935494
8.07895461 7.33880011 0.99938046
8.07852109 7.33855589 0.99940497
8.07809622 7.33831654 0.99942852
8.07767983 7.33808197 0.99945113
8.07727176 7.33785209 0.99947285
8.07687184 7.33762680 0.99949371
8.07647990 7.33740600 0.99951374
8.07609579 7.33718961 0.99953298
8.07571935 7.33697755 0.99955146
8.07535043 7.33676972 0.99956921
8.07498888 7.33656604 0.99958626
8.07463455 7.33636644 0.99960264
8.07428730 7.33617081 0.99961836
8.07394698 7.33597910 0.99963347
8.07361346 7.33579122 0.99964797
8.07328661 7.33560708 0.99966191
8.07296629 7.33542663 0.99967529
8.07265236 7.33524979 0.99968814
8.07234471 7.33507647 0.99970049
8.07204321 7.33490663 0.99971234
8.07174773 7.33474017 0.99972373
8.07145816 7.33457704 0.99973466
8.07117437 7.33441717 0.99974517
8.07089626 7.33426050 0.99975526
8.07062370 7.33410695 0.99976494
8.07035659 7.33395648 0.99977425
8.07009482 7.33380901 0.99978319
8.06983828 7.33366449 0.99979177
8.06958686 7.33352286 0.99980001
8.06934048 7.33338406 0.99980793
8.06909901 7.33324803 0.99981553
8.06886238 7.33311473 0.99982284
8.06863047 7.33298408 0.99982985
8.06840320 7.33285605 0.99983659
8.06818047 7.33273058 0.99984306
8.06796220 7.33260762 0.99984927
8.06774829 7.33248711 0.99985524
8.06753865 7.33236902 0.99986097
8.06733321 7.33225328 0.99986647
8.06713187 7.33213986 0.99987176
8.06693456 7.33202871 0.99987684
8.06674120 7.33191978 0.99988172
8.06655170 7.33181302 0.99988640
8.06636598 7.33170840 0.99989090
8.06618398 7.33160587 0.99989522
8.06600562 7.33150540 0.99989937
8.06583083 7.33140693 0.99990335
8.06565953 7.33131043 0.99990718
8.06549166 7.33121586 0.99991085
8.06532714 7.33112318 0.99991438
8.06516591 7.33103235 0.99991777
8.06500791 7.33094334 0.99992103
8.06485306 7.33085611 0.99992416
8.06470131 7.33077062 0.99992716
8.06455260 7.33068685 0.99993004
8.06440686 7.33060474 0.99993281
8.06426403 7.33052428 0.99993547
8.06412406 7.33044543 0.99993803
8.06398689 7.33036816 0.99994048
8.06385246 7.33029243 0.99994284
8.06372072 7.33021821 0.99994510
8.06359161 7.33014548 0.99994728
8.06346509 7.33007420 0.99994936
8.06334109 7.33000435 0.99995137
8.06321958 7.32993590 0.99995330
8.06310049 7.32986881 0.99995515
8.06298379 7.32980307 0.99995692
8.06286942 7.32973864 0.99995863
8.06275733 7.32967550 0.99996027
8.06264749 7.32961362 0.99996184
8.06253985 7.32955298 0.99996335
8.06243435 7.32949355 0.99996480
8.06233097 7.32943531 0.99996620
8.06222966 7.32937823 0.99996753
8.06213037 7.32932230 0.99996882
8.06203306 7.32926749 0.99997005
8.06193771 7.32921377 0.99997124
8.06184426 7.32916112 0.99997238
8.06175267 7.32910953 0.99997347
8.06166292 7.32905897 0.99997452
8.06157497 7.32900942 0.99997553
8.06148877 7.32896086 0.99997650
8.06140430 7.32891328 0.99997743
8.06132152 7.32886664 0.99997833
8.06124039 7.32882094 0.99997918
8.06116088 7.32877615 0.99998001
8.06108297 7.32873226 0.99998080
8.06100661 7.32868924 0.99998156
8.06093178 7.32864708 0.99998229
8.06085845 7.32860577 0.99998299
8.06078658 7.32856529 0.99998367
8.06071615 7.32852561 0.99998431
8.06064713 7.32848673 0.99998493
8.06057949 7.32844862 0.99998553
8.06051320 7.32841128 0.99998610
8.06044824 7.32837468 0.99998665
8.06038457 7.32833882 0.99998718
8.06032218 7.32830367 0.99998769
8.06026104 7.32826923 0.99998818
8.06020112 7.32823547 0.99998865
8.06014240 7.32820239 0.99998910
8.06008485 7.32816998 0.99998953
8.06002846 7.32813821 0.99998994
8.05997319 7.32810707 0.99999034
8.05991903 7.32807656 0.99999072
8.05986595 7.32804666 0.99999109
8.05981393 7.32801735 0.99999144
8.05976295 7.32798864 0.99999178
8.05971300 7.32796049 0.99999211
8.05966404 7.32793291 0.99999242
8.05961606 7.32790588 0.99999272
8.05956904 7.32787939 0.99999301
8.05952296 7.32785344 0.99999329
8.05947780 7.32782800 0.99999355
8.05943354 7.32780307 0.99999381
8.05939017 7.32777863 0.99999405
8.05934767 7.32775469 0.99999429
8.05930602 7.32773123 0.99999452
8.05926520 7.32770823 0.99999473
8.05922520 7.32768569 0.99999494
8.05918599 7.32766361 0.99999514
8.05914757 7.32764197 0.99999533
8.05910992 7.32762076 0.99999552
8.05907303 7.32759997 0.99999570
8.05903687 7.32757960 0.99999587
8.05900143 7.32755964 0.99999603
8.05896670 7.32754007 0.99999619
8.05893267 7.32752090 0.99999634
8.05889932 7.32750211 0.99999648
8.05886663 7.32748370 0.99999662
8.05883460 7.32746565 0.99999676
8.05880321 7.32744797 0.99999689
8.05877245 7.32743064 0.99999701
8.05874230 7.32741366 0.99999713
8.05871275 7.32739701 0.99999724
8.05868380 7.32738070 0.99999735
8.05865542 7.32736472 0.99999746
8.05862762 7.32734905 0.99999756
8.05860036 7.32733370 0.99999765
8.05857366 7.32731865 0.99999775
8.05854748 7.32730391 0.99999784
8.05852184 7.32728946 0.99999792
8.05849670 7.32727530 0.99999800
8.05847207 7.32726142 0.99999808
8.05844793 7.32724783 0.99999816
8.05842427 7.32723450 0.99999823
8.05840108 7.32722144 0.99999830
8.05837836 7.32720864 0.99999837
8.05835610 7.32719609 0.99999844
8.05833428 7.32718380 0.99999850
8.05831289 7.32717175 0.99999856
8.05829193 7.32715995 0.99999861
8.05827140 7.32714838 0.99999867
8.05825127 7.32713704 0.99999872
8.05823154 7.32712593 0.99999877
8.05821221 7.32711504 0.99999882
8.05819327 7.32710437 0.99999887
8.05817471 7.32709391 0.99999891
8.05815651 7.32708366 0.99999896
8.05813868 7.32707362 0.99999900
8.05812121 7.32706377 0.99999904
8.05810409 7.32705413 0.99999908
8.05808731 7.32704467 0.99999911
8.05807086 7.32703541 0.99999915
8.05805474 7.32702633 0.99999918
8.05803895 7.32701743 0.99999921
8.05802347 7.32700871 0.99999925
8.05800830 7.32700017 0.99999928
8.05799344 7.32699179 0.99999930
8.05797887 7.32698359 0.99999933
8.05796459 7.32697554 0.99999936
8.05795060 7.32696766 0.99999938
8.05793689 7.32695994 0.99999941
8.05792345 7.32695237 0.99999943
8.05791028 7.32694495 0.99999945
8.05789738 7.32693768 0.99999948
8.05788473 7.32693055 0.99999950
8.05787234 7.32692357 0.99999952
8.05786019 7.32691673 0.99999954
8.05784829 7.32691002 0.99999956
8.05783662 7.32690345 0.99999957
8.05782519 7.32689701 0.99999959
8.05781399 7.32689070 0.99999961
8.05780301 7.32688452 0.99999962
8.05779225 7.32687846 0.99999964
8.05778171 7.32687252 0.99999965
8.05777137 7.32686669 0.99999967
8.05776125 7.32686099 0.99999968
8.05775132 7.32685540 0.99999969
8.05774160 7.32684992 0.99999970
8.05773207 7.32684455 0.99999972
8.05772273 7.32683929 0.99999973
8.05771357 7.32683413 0.99999974
8.05770460 7.32682908 0.99999975
8.05769581 7.32682413 0.99999976
