V= 1186
N= 2372
d= 22
b = 1.33727

5  2  3  
6  0  8  
4  1  7  

5  2  3  
0  6  8  
4  1  7  

5  2  3  
4  6  8  
0  1  7  

5  2  3  
4  6  8  
1  0  7  

5  2  3  
4  0  8  
1  6  7  

5  0  3  
4  2  8  
1  6  7  

0  5  3  
4  2  8  
1  6  7  

4  5  3  
0  2  8  
1  6  7  

4  5  3  
1  2  8  
0  6  7  

4  5  3  
1  2  8  
6  0  7  

4  5  3  
1  2  8  
6  7  0  

4  5  3  
1  2  0  
6  7  8  

4  5  3  
1  0  2  
6  7  8  

4  0  3  
1  5  2  
6  7  8  

4  3  0  
1  5  2  
6  7  8  

4  3  2  
1  5  0  
6  7  8  

4  3  2  
1  0  5  
6  7  8  

4  3  2  
0  1  5  
6  7  8  

0  3  2  
4  1  5  
6  7  8  

3  0  2  
4  1  5  
6  7  8  

3  1  2  
4  0  5  
6  7  8  

3  1  2  
0  4  5  
6  7  8  

0  1  2  
3  4  5  
6  7  8  

