8.15853554 0.02738500 0.00003258	(0)
8.27677972 4.09241930 0.99999976	(1)
8.14177221 0.91927145 0.99999975	(2)
3.91228190 5.16740183 0.00007435	(3)
9.07376296 5.27609445 1.71436059	(4)
5.15266032 2.85545426 1.00098742	(5)
0.51729232 8.50191347 0.00000000	(6)
3.03032427 2.78425612 0.00000000	(7)
4.37836518 3.72725984 1.00000545	(8)
4.84944327 0.65154197 0.00000000	(9)
8.94492591 1.79520965 1.22275410	(10)
1.28620254 4.99280083 1.00000060	(11)
0.02827032 5.41466162 0.00000006	(12)
0.77241669 9.46438971 0.99999975	(13)
7.46322360 0.63563919 0.00007046	(14)
6.92720922 8.15879195 1.00029773	(15)
0.44343475 8.02391118 0.99999976	(16)
4.28166478 6.11201975 1.00056954	(17)
3.99341124 7.17377528 1.00034345	(18)
7.81006542 5.38671386 0.99999975	(19)
6.94053465 4.48640869 0.99999979	(20)
1.97192736 6.72059257 0.00000000	(21)
3.66389620 1.99268962 0.99999975	(22)
1.65325800 1.66026111 1.33297208	(23)
5.69411971 5.37964813 1.80500864	(24)
9.90819523 7.86959015 0.99999976	(25)
5.61045391 1.88314896 2.04297306	(26)
4.03437055 1.81816097 0.00007701	(27)
5.32567408 7.85139745 1.00001412	(28)
7.88106394 6.17595382 0.00000000	(29)
3.97873974 5.90736793 1.00522960	(30)
5.90278022 9.83830484 0.00000000	(31)
1.60295799 5.72214776 1.00001786	(32)
2.42055892 0.49571575 0.00000000	(33)
8.80728777 8.99672858 1.00000138	(34)
8.12944555 1.62755106 0.00000000	(35)
1.80743891 3.97999519 1.00093040	(36)
7.04201412 6.61681336 0.99999975	(37)
1.35007597 0.73581058 0.00000020	(38)
9.40299713 6.66166104 1.00000020	(39)
1.12262594 1.08628280 0.00000001	(40)
9.54105073 7.67951415 0.99999976	(41)
0.94226799 9.75613617 0.99999975	(42)
9.55314579 8.91901669 0.00000000	(43)
9.54936164 4.11400781 0.00000684	(44)
4.84783756 7.51358362 1.16483411	(45)
8.80491478 4.99146642 0.00000092	(46)
7.41812645 7.53717147 0.99999976	(47)
1.05076113 0.85514733 0.00000000	(48)
8.92642569 6.26076902 0.00000030	(49)
9.86682300 3.97317668 0.00000000	(50)
8.05769581 7.32682413 0.99999976	(51)
8.96011309 4.73786887 0.00014157	(52)
2.91827403 3.01316252 0.00000005	(53)
4.74567212 7.11708526 0.00004168	(54)
4.92765065 7.53240414 1.00026909	(55)
0.30595632 5.93485850 0.00000000	(56)
2.92373178 3.34441795 1.01411296	(57)
2.74249248 1.73409630 1.60642405	(58)
5.87707281 8.26036619 0.99999975	(59)
6.79042902 0.20625540 0.00000344	(60)
6.71111612 7.09111445 1.00010171	(61)
8.03731698 2.61772460 1.77235791	(62)
3.64509481 2.85835085 1.01777031	(63)
4.18125203 5.55605838 0.00000001	(64)
2.17940753 0.28631733 1.23968310	(65)
9.23702780 6.92779696 0.99999976	(66)
4.16498874 1.31481369 1.02431605	(67)
1.30244728 5.26095936 0.99999975	(68)
8.64913414 7.34742311 1.00000393	(69)
0.15461694 3.44478849 0.00000021	(70)
7.60995486 6.34711985 0.99999975	(71)
7.15611084 3.10415507 1.00018704	(72)
2.19847021 0.32031022 1.00000013	(73)
5.14495985 9.62018710 0.00001374	(74)
6.64330900 6.84386452 1.00046323	(75)
1.09465875 3.17729730 1.14680847	(76)
7.85909683 5.51215780 0.99999976	(77)
8.50238716 2.48260029 0.00000000	(78)
4.77707730 3.75045569 0.99999975	(79)
7.39047353 1.09339690 1.27393303	(80)
9.12039145 6.10513534 0.99999976	(81)
5.18152170 3.59545813 0.00012996	(82)
3.71785688 5.95802442 1.00000504	(83)
2.15975745 3.83457972 0.00000422	(84)
1.64424111 5.29961347 1.25598801	(85)
4.06586400 3.42434318 1.01171178	(86)
9.25624864 0.03412066 0.00000317	(87)
2.06294335 7.03179382 1.00000000	(88)
5.58070008 8.35190936 1.26018953	(89)
3.72308229 6.81894433 1.00011447	(90)
2.83640668 9.01627191 1.98517855	(91)
0.35032105 0.02777359 0.99999976	(92)
9.77517213 9.99510624 0.00000000	(93)
5.64081111 8.86826627 1.00061149	(94)
2.28962227 3.82139098 1.01421534	(95)
9.09007070 2.32553465 0.99999976	(96)
9.42750979 1.69027577 0.00000072	(97)
2.79619757 0.45813959 1.00004028	(98)
9.30442498 2.45885384 0.00000000	(99)
