7.42423508 3.27542091 3.58873981 3.84851405 0.22372228
7.42451179 3.27545488 3.58456257 3.84498547 0.22673345
7.42479097 3.27548914 3.58034805 3.84142541 0.22979860
7.42507264 3.27552371 3.57609592 3.83783357 0.23291870
7.42535682 3.27555859 3.57180586 3.83420970 0.23609469
7.42564354 3.27559379 3.56747757 3.83055353 0.23932754
7.42593281 3.27562929 3.56311072 3.82686479 0.24261822
7.42622465 3.27566511 3.55870502 3.82314324 0.24596770
7.42651908 3.27570125 3.55426017 3.81938861 0.24937696
7.42681613 3.27573771 3.54977589 3.81560067 0.25284695
7.42711581 3.27577449 3.54525188 3.81177918 0.25637866
7.42741814 3.27581160 3.54068788 3.80792390 0.25997305
7.42772313 3.27584904 3.53608362 3.80403462 0.26363110
7.42803081 3.27588680 3.53143885 3.80011112 0.26735374
7.42834119 3.27592490 3.52675333 3.79615320 0.27114195
7.42865428 3.27596333 3.52202683 3.79216066 0.27499666
7.42897010 3.27600209 3.51725913 3.78813331 0.27891879
7.42928867 3.27604119 3.51245003 3.78407100 0.28290928
7.42960999 3.27608063 3.50759934 3.77997355 0.28696901
7.42993407 3.27612041 3.50270687 3.77584081 0.29109887
7.43026094 3.27616053 3.49777249 3.77167267 0.29529972
7.43059059 3.27620099 3.49279603 3.76746899 0.29957241
7.43092303 3.27624180 3.48777739 3.76322967 0.30391773
7.43125828 3.27628294 3.48271646 3.75895463 0.30833648
7.43159633 3.27632444 3.47761315 3.75464380 0.31282941
7.43193719 3.27636627 3.47246741 3.75029712 0.31739722
7.43228087 3.27640846 3.46727920 3.74591456 0.32204060
7.43262736 3.27645099 3.46204851 3.74149612 0.32676018
7.43297667 3.27649386 3.45677534 3.73704180 0.33155654
7.43332878 3.27653708 3.45145974 3.73255164 0.33643023
7.43368370 3.27658064 3.44610176 3.72802568 0.34138172
7.43404143 3.27662455 3.44070152 3.72346402 0.34641145
7.43440194 3.27666880 3.43525912 3.71886675 0.35151977
7.43476524 3.27671339 3.42977472 3.71423400 0.35670699
7.43513130 3.27675832 3.42424853 3.70956595 0.36197334
7.43550012 3.27680359 3.41868075 3.70486277 0.36731896
7.43587168 3.27684920 3.41307165 3.70012468 0.37274393
7.43624596 3.27689514 3.40742153 3.69535194 0.37824825
7.43662293 3.27694140 3.40173071 3.69054483 0.38383181
7.43700257 3.27698800 3.39599957 3.68570366 0.38949444
7.43738485 3.27703492 3.39022853 3.68082878 0.39523583
7.43776975 3.27708217 3.38441804 3.67592057 0.40105561
7.43815723 3.27712973 3.37856859 3.67097946 0.40695327
7.43854725 3.27717760 3.37268074 3.66600591 0.41292822
7.43893978 3.27722578 3.36675506 3.66100041 0.41897973
7.43933477 3.27727426 3.36079220 3.65596349 0.42510697
7.43973218 3.27732304 3.35479283 3.65089574 0.43130897
7.44013196 3.27737211 3.34875769 3.64579777 0.43758464
7.44053406 3.27742146 3.34268755 3.64067024 0.44393278
7.44093842 3.27747109 3.33658325 3.63551385 0.45035201
7.44134499 3.27752099 3.33044566 3.63032934 0.45684086
7.44175370 3.27757116 3.32427571 3.62511750 0.46339769
7.44216448 3.27762158 3.31807440 3.61987917 0.47002074
7.44257728 3.27767225 3.31184275 3.61461520 0.47670809
7.44299201 3.27772315 3.30558184 3.60932653 0.48345767
7.44340861 3.27777428 3.29929283 3.60401411 0.49026729
7.44382699 3.27782564 3.29297691 3.59867896 0.49713459
7.44424707 3.27787720 3.28663531 3.59332213 0.50405707
7.44466876 3.27792896 3.28026934 3.58794470 0.51103208
7.44509198 3.27798090 3.27388034 3.58254782 0.51805682
7.44551663 3.27803302 3.26746971 3.57713267 0.52512837
7.44594262 3.27808531 3.26103891 3.57170048 0.53224365
7.44636985 3.27813775 3.25458942 3.56625251 0.53939944
7.44679821 3.27819033 3.24812281 3.56079007 0.54659240
7.44722760 3.27824303 3.24164065 3.55531450 0.55381904
7.44765791 3.27829585 3.23514459 3.54982719 0.56107576
7.44808903 3.27834876 3.22863630 3.54432955 0.56835884
7.44852085 3.27840176 3.22211752 3.53882304 0.57566445
7.44895325 3.27845484 3.21558999 3.53330915 0.58298864
7.44938610 3.27850797 3.20905553 3.52778939 0.59032739
7.44981930 3.27856114 3.20251596 3.52226532 0.59767657
7.45025270 3.27861433 3.19597314 3.51673852 0.60503198
7.45068620 3.27866754 3.18942898 3.51121057 0.61238933
7.45111966 3.27872074 3.18288539 3.50568311 0.61974431
7.45155296 3.27877393 3.17634432 3.50015777 0.62709254
7.45198595 3.27882707 3.16980773 3.49463622 0.63442958
7.45241852 3.27888017 3.16327760 3.48912013 0.64175101
7.45285053 3.27893319 3.15675592 3.48361118 0.64905236
7.45328184 3.27898613 3.15024470 3.47811106 0.65632918
7.45371233 3.27903897 3.14374596 3.47262148 0.66357702
7.45414186 3.27909169 3.13726170 3.46714413 0.67079145
7.45457030 3.27914428 3.13079393 3.46168072 0.67796809
7.45499751 3.27919671 3.12434466 3.45623293 0.68510259
7.45542337 3.27924898 3.11791589 3.45080246 0.69219067
7.45584773 3.27930107 3.11150961 3.44539099 0.69922813
7.45627048 3.27935296 3.10512779 3.44000017 0.70621084
7.45669147 3.27940463 3.09877237 3.43463166 0.71313476
7.45711059 3.27945608 3.09244529 3.42928709 0.71999599
7.45752770 3.27950727 3.08614845 3.42396805 0.72679070
7.45794269 3.27955821 3.07988371 3.41867614 0.73351523
7.45835543 3.27960887 3.07365291 3.41341289 0.74016603
7.45876580 3.27965924 3.06745785 3.40817984 0.74673970
7.45917369 3.27970930 3.06130030 3.40297847 0.75323299
7.45957898 3.27975905 3.05518196 3.39781022 0.75964282
7.45998157 3.27980846 3.04910451 3.39267652 0.76596627
7.46038133 3.27985753 3.04306958 3.38757872 0.77220060
7.46077818 3.27990624 3.03707873 3.38251817 0.77834322
7.46117200 3.27995458 3.03113348 3.37749613 0.78439176
7.46156271 3.28000253 3.02523530 3.37251386 0.79034401
7.46195020 3.28005009 3.01938559 3.36757253 0.79619794
7.46233440 3.28009725 3.01358571 3.36267329 0.80195172
7.46271521 3.28014399 3.00783694 3.35781722 0.80760371
7.46309255 3.28019031 3.00214050 3.35300536 0.81315245
7.46346635 3.28023619 2.99649757 3.34823870 0.81859667
7.46383653 3.28028162 2.99090925 3.34351816 0.82393527
7.46420303 3.28032661 2.98537657 3.33884463 0.82916737
7.46456577 3.28037113 2.97990050 3.33421892 0.83429223
7.46492471 3.28041519 2.97448196 3.32964180 0.83930930
7.46527977 3.28045877 2.96912180 3.32511400 0.84421821
7.46563092 3.28050187 2.96382079 3.32063615 0.84901875
7.46597811 3.28054448 2.95857964 3.31620889 0.85371086
7.46632128 3.28058660 2.95339902 3.31183274 0.85829466
7.46666041 3.28062823 2.94827951 3.30750822 0.86277040
7.46699545 3.28066935 2.94322165 3.30323578 0.86713848
7.46732638 3.28070997 2.93822590 3.29901579 0.87139943
7.46765317 3.28075008 2.93329266 3.29484862 0.87555392
7.46797579 3.28078968 2.92842229 3.29073455 0.87960275
7.46829423 3.28082876 2.92361508 3.28667383 0.88354681
7.46860847 3.28086733 2.91887126 3.28266666 0.88738712
7.46891850 3.28090539 2.91419101 3.27871319 0.89112479
7.46922430 3.28094292 2.90957447 3.27481353 0.89476104
7.46952589 3.28097994 2.90502170 3.27096774 0.89829716
7.46982325 3.28101644 2.90053273 3.26717585 0.90173452
7.47011638 3.28105242 2.89610755 3.26343783 0.90507459
7.47040529 3.28108788 2.89174607 3.25975363 0.90831886
7.47068999 3.28112282 2.88744819 3.25612315 0.91146893
7.47097049 3.28115725 2.88321376 3.25254626 0.91452641
7.47124680 3.28119116 2.87904257 3.24902280 0.91749298
7.47151893 3.28122457 2.87493439 3.24555257 0.92037037
7.47178691 3.28125746 2.87088895 3.24213532 0.92316031
7.47205075 3.28128984 2.86690593 3.23877082 0.92586460
7.47231048 3.28132172 2.86298501 3.23545876 0.92848504
7.47256612 3.28135310 2.85912580 3.23219882 0.93102345
7.47281770 3.28138398 2.85532789 3.22899068 0.93348166
7.47306525 3.28141436 2.85159087 3.22583396 0.93586154
7.47330879 3.28144426 2.84791426 3.22272828 0.93816493
7.47354837 3.28147366 2.84429759 3.21967323 0.94039368
7.47378401 3.28150258 2.84074035 3.21666838 0.94254965
7.47401575 3.28153103 2.83724201 3.21371328 0.94463468
7.47424362 3.28155900 2.83380203 3.21080748 0.94665061
7.47446766 3.28158649 2.83041983 3.20795049 0.94859927
7.47468791 3.28161353 2.82709484 3.20514183 0.95048246
7.47490442 3.28164010 2.82382646 3.20238097 0.95230198
7.47511721 3.28166622 2.82061406 3.19966742 0.95405959
7.47532634 3.28169189 2.81745704 3.19700064 0.95575706
7.47553184 3.28171711 2.81435474 3.19438009 0.95739610
7.47573376 3.28174190 2.81130653 3.19180522 0.95897841
7.47593214 3.28176625 2.80831175 3.18927548 0.96050568
7.47612703 3.28179017 2.80536972 3.18679031 0.96197954
7.47631846 3.28181366 2.80247978 3.18434914 0.96340161
7.47650649 3.28183674 2.79964126 3.18195140 0.96477348
7.47669116 3.28185941 2.79685346 3.17959651 0.96609670
7.47687251 3.28188167 2.79411570 3.17728389 0.96737279
7.47705060 3.28190353 2.79142730 3.17501295 0.96860325
7.47722546 3.28192499 2.78878756 3.17278313 0.96978952
7.47739715 3.28194606 2.78619578 3.17059382 0.97093303
7.47756570 3.28196675 2.78365128 3.16844444 0.97203517
7.47773117 3.28198706 2.78115336 3.16633441 0.97309729
7.47789359 3.28200700 2.77870132 3.16426314 0.97412072
7.47805303 3.28202657 2.77629447 3.16223004 0.97510675
7.47820951 3.28204577 2.77393213 3.16023453 0.97605662
7.47836310 3.28206462 2.77161360 3.15827604 0.97697156
7.47851382 3.28208312 2.76933820 3.15635398 0.97785275
7.47866174 3.28210128 2.76710525 3.15446777 0.97870134
7.47880689 3.28211910 2.76491406 3.15261685 0.97951847
7.47894931 3.28213658 2.76276398 3.15080064 0.98030521
7.47908906 3.28215373 2.76065432 3.14901858 0.98106263
7.47922617 3.28217056 2.75858443 3.14727012 0.98179175
7.47936070 3.28218707 2.75655364 3.14555468 0.98249356
7.47949267 3.28220327 2.75456131 3.14387173 0.98316903
7.47962215 3.28221916 2.75260678 3.14222071 0.98381910
7.47974916 3.28223475 2.75068941 3.14060109 0.98444467
7.47987375 3.28225004 2.74880858 3.13901232 0.98504662
7.47999596 3.28226504 2.74696366 3.13745389 0.98562579
7.48011583 3.28227976 2.74515401 3.13592525 0.98618301
7.48023341 3.28229419 2.74337904 3.13442591 0.98671908
7.48034873 3.28230834 2.74163813 3.13295534 0.98723476
7.48046183 3.28232222 2.73993068 3.13151303 0.98773080
7.48057276 3.28233584 2.73825611 3.13009850 0.98820792
7.48068155 3.28234919 2.73661382 3.12871123 0.98866681
7.48078824 3.28236229 2.73500324 3.12735076 0.98910814
7.48089286 3.28237513 2.73342381 3.12601659 0.98953257
7.48099546 3.28238772 2.73187495 3.12470825 0.98994071
7.48109607 3.28240007 2.73035613 3.12342527 0.99033318
7.48119473 3.28241218 2.72886678 3.12216720 0.99071056
7.48129147 3.28242405 2.72740638 3.12093358 0.99107340
7.48138633 3.28243570 2.72597438 3.11972395 0.99142227
7.48147934 3.28244711 2.72457028 3.11853789 0.99175767
7.48157053 3.28245831 2.72319356 3.11737495 0.99208012
7.48165995 3.28246928 2.72184370 3.11623471 0.99239010
7.48174762 3.28248004 2.72052021 3.11511674 0.99268808
7.48183358 3.28249059 2.71922260 3.11402063 0.99297453
7.48191785 3.28250094 2.71795039 3.11294597 0.99324987
7.48200047 3.28251108 2.71670310 3.11189237 0.99351452
7.48208148 3.28252102 2.71548026 3.11085941 0.99376890
7.48216089 3.28253077 2.71428140 3.10984673 0.99401340
7.48223875 3.28254032 2.71310609 3.10885393 0.99424838
7.48231507 3.28254969 2.71195387 3.10788063 0.99447422
7.48238990 3.28255888 2.71082431 3.10692647 0.99469127
7.48246325 3.28256788 2.70971697 3.10599109 0.99489985
7.48253516 3.28257671 2.70863144 3.10507412 0.99510031
7.48260565 3.28258536 2.70756729 3.10417522 0.99529294
7.48267475 3.28259384 2.70652411 3.10329403 0.99547805
7.48274249 3.28260215 2.70550151 3.10243023 0.99565593
7.48280889 3.28261030 2.70449909 3.10158347 0.99582686
7.48287398 3.28261829 2.70351647 3.10075343 0.99599110
7.48293779 3.28262612 2.70255325 3.09993979 0.99614892
7.48300033 3.28263380 2.70160908 3.09914223 0.99630056
7.48306164 3.28264133 2.70068357 3.09836045 0.99644626
7.48312173 3.28264870 2.69977637 3.09759412 0.99658625
7.48318064 3.28265593 2.69888713 3.09684297 0.99672076
7.48323838 3.28266302 2.69801549 3.09610668 0.99684999
7.48329497 3.28266997 2.69716112 3.09538498 0.99697415
7.48335045 3.28267677 2.69632368 3.09467758 0.99709345
7.48340482 3.28268345 2.69550283 3.09398420 0.99720805
7.48345812 3.28268999 2.69469827 3.09330458 0.99731816
7.48351036 3.28269640 2.69390966 3.09263843 0.99742394
7.48356156 3.28270269 2.69313670 3.09198550 0.99752557
7.48361174 3.28270885 2.69237908 3.09134553 0.99762320
7.48366093 3.28271488 2.69163651 3.09071827 0.99771699
7.48370915 3.28272080 2.69090868 3.09010346 0.99780710
7.48375640 3.28272660 2.69019531 3.08950087 0.99789366
7.48380272 3.28273229 2.68949612 3.08891025 0.99797681
7.48384811 3.28273786 2.68881083 3.08833137 0.99805669
7.48389261 3.28274332 2.68813916 3.08776400 0.99813342
7.48393621 3.28274867 2.68748084 3.08720792 0.99820714
7.48397895 3.28275392 2.68683562 3.08666289 0.99827795
7.48402084 3.28275906 2.68620324 3.08612871 0.99834597
7.48406190 3.28276410 2.68558344 3.08560515 0.99841131
7.48410214 3.28276904 2.68497597 3.08509202 0.99847407
7.48414158 3.28277388 2.68438060 3.08458910 0.99853437
7.48418023 3.28277862 2.68379708 3.08409619 0.99859228
7.48421812 3.28278327 2.68322519 3.08361310 0.99864791
7.48425524 3.28278783 2.68266468 3.08313964 0.99870135
7.48429163 3.28279230 2.68211534 3.08267560 0.99875267
7.48432730 3.28279667 2.68157694 3.08222081 0.99880198
7.48436225 3.28280096 2.68104927 3.08177508 0.99884934
7.48439651 3.28280517 2.68053212 3.08133824 0.99889483
7.48443008 3.28280929 2.68002528 3.08091010 0.99893852
7.48446299 3.28281333 2.67952854 3.08049049 0.99898049
7.48449524 3.28281729 2.67904170 3.08007926 0.99902080
7.48452684 3.28282117 2.67856457 3.07967622 0.99905952
7.48455782 3.28282497 2.67809696 3.07928122 0.99909671
7.48458818 3.28282869 2.67763867 3.07889410 0.99913244
7.48461793 3.28283235 2.67718953 3.07851470 0.99916675
7.48464709 3.28283593 2.67674934 3.07814287 0.99919970
7.48467567 3.28283943 2.67631794 3.07777846 0.99923136
7.48470367 3.28284287 2.67589514 3.07742131 0.99926176
7.48473112 3.28284624 2.67548078 3.07707130 0.99929096
7.48475802 3.28284954 2.67507469 3.07672827 0.99931901
7.48478438 3.28285278 2.67467671 3.07639209 0.99934595
7.48481022 3.28285595 2.67428667 3.07606261 0.99937183
7.48483554 3.28285906 2.67390441 3.07573972 0.99939668
7.48486036 3.28286210 2.67352979 3.07542327 0.99942055
7.48488468 3.28286509 2.67316264 3.07511313 0.99944348
7.48490851 3.28286801 2.67280283 3.07480919 0.99946550
7.48493187 3.28287088 2.67245020 3.07451132 0.99948665
7.48495476 3.28287369 2.67210461 3.07421940 0.99950696
7.48497720 3.28287644 2.67176592 3.07393330 0.99952647
7.48499919 3.28287914 2.67143400 3.07365292 0.99954521
7.48502073 3.28288179 2.67110871 3.07337814 0.99956321
7.48504185 3.28288438 2.67078991 3.07310885 0.99958049
7.48506255 3.28288692 2.67047748 3.07284494 0.99959710
7.48508283 3.28288941 2.67017129 3.07258630 0.99961304
7.48510271 3.28289185 2.66987122 3.07233282 0.99962836
7.48512219 3.28289424 2.66957714 3.07208441 0.99964307
7.48514128 3.28289658 2.66928894 3.07184096 0.99965719
7.48515999 3.28289888 2.66900650 3.07160238 0.99967076
7.48517832 3.28290113 2.66872970 3.07136856 0.99968379
7.48519629 3.28290334 2.66845843 3.07113941 0.99969631
7.48521390 3.28290550 2.66819258 3.07091485 0.99970833
7.48523116 3.28290762 2.66793204 3.07069477 0.99971987
7.48524808 3.28290969 2.66767671 3.07047909 0.99973096
7.48526465 3.28291173 2.66742648 3.07026771 0.99974161
7.48528090 3.28291372 2.66718125 3.07006057 0.99975184
7.48529682 3.28291567 2.66694092 3.06985756 0.99976166
7.48531242 3.28291759 2.66670540 3.06965861 0.99977110
7.48532771 3.28291947 2.66647458 3.06946363 0.99978016
7.48534269 3.28292130 2.66624838 3.06927255 0.99978886
7.48535738 3.28292311 2.66602669 3.06908530 0.99979722
7.48537177 3.28292487 2.66580944 3.06890178 0.99980525
7.48538587 3.28292660 2.66559653 3.06872193 0.99981296
7.48539969 3.28292830 2.66538788 3.06854568 0.99982036
7.48541324 3.28292996 2.66518340 3.06837295 0.99982748
7.48542651 3.28293159 2.66498300 3.06820367 0.99983431
7.48543952 3.28293319 2.66478661 3.06803778 0.99984087
7.48545227 3.28293475 2.66459415 3.06787520 0.99984717
7.48546477 3.28293629 2.66440553 3.06771588 0.99985322
7.48547701 3.28293779 2.66422069 3.06755974 0.99985903
7.48548901 3.28293926 2.66403954 3.06740672 0.99986461
7.48550077 3.28294071 2.66386201 3.06725675 0.99986997
7.48551229 3.28294212 2.66368803 3.06710979 0.99987512
7.48552359 3.28294351 2.66351753 3.06696577 0.99988006
7.48553466 3.28294487 2.66335043 3.06682462 0.99988481
7.48554550 3.28294620 2.66318668 3.06668630 0.99988937
7.48555614 3.28294750 2.66302620 3.06655074 0.99989375
7.48556655 3.28294878 2.66286893 3.06641789 0.99989796
7.48557676 3.28295003 2.66271481 3.06628770 0.99990200
7.48558677 3.28295126 2.66256377 3.06616011 0.99990588
7.48559657 3.28295247 2.66241574 3.06603507 0.99990961
7.48560618 3.28295365 2.66227068 3.06591254 0.99991319
7.48561560 3.28295480 2.66212851 3.06579245 0.99991662
7.48562483 3.28295593 2.66198919 3.06567476 0.99991992
7.48563387 3.28295704 2.66185266 3.06555943 0.99992309
7.48564274 3.28295813 2.66171885 3.06544640 0.99992614
7.48565142 3.28295920 2.66158772 3.06533564 0.99992906
7.48565994 3.28296024 2.66145922 3.06522708 0.99993187
7.48566828 3.28296127 2.66133328 3.06512070 0.99993457
7.48567645 3.28296227 2.66120986 3.06501645 0.99993716
7.48568447 3.28296325 2.66108891 3.06491428 0.99993965
7.48569232 3.28296422 2.66097037 3.06481415 0.99994204
7.48570001 3.28296516 2.66085421 3.06471603 0.99994433
7.48570755 3.28296609 2.66074037 3.06461987 0.99994654
7.48571494 3.28296699 2.66062881 3.06452563 0.99994866
7.48572219 3.28296788 2.66051948 3.06443327 0.99995069
7.48572928 3.28296875 2.66041233 3.06434276 0.99995264
7.48573624 3.28296961 2.66030733 3.06425407 0.99995452
7.48574306 3.28297045 2.66020442 3.06416714 0.99995632
7.48574974 3.28297127 2.66010358 3.06408195 0.99995805
7.48575628 3.28297207 2.66000475 3.06399847 0.99995971
7.48576270 3.28297286 2.65990789 3.06391666 0.99996130
7.48576899 3.28297363 2.65981298 3.06383648 0.99996284
7.48577515 3.28297438 2.65971996 3.06375791 0.99996431
7.48578119 3.28297513 2.65962880 3.06368091 0.99996572
7.48578710 3.28297585 2.65953947 3.06360544 0.99996708
7.48579290 3.28297656 2.65945192 3.06353149 0.99996838
7.48579859 3.28297726 2.65936612 3.06345901 0.99996963
7.48580416 3.28297794 2.65928204 3.06338799 0.99997084
7.48580961 3.28297861 2.65919964 3.06331838 0.99997199
7.48581496 3.28297927 2.65911888 3.06325017 0.99997310
7.48582021 3.28297991 2.65903975 3.06318332 0.99997417
7.48582534 3.28298055 2.65896219 3.06311781 0.99997519
7.48583038 3.28298116 2.65888619 3.06305361 0.99997617
7.48583531 3.28298177 2.65881170 3.06299069 0.99997711
7.48584015 3.28298236 2.65873871 3.06292903 0.99997802
7.48584489 3.28298294 2.65866717 3.06286861 0.99997889
7.48584953 3.28298351 2.65859707 3.06280939 0.99997973
7.48585408 3.28298407 2.65852837 3.06275135 0.99998053
7.48585854 3.28298462 2.65846104 3.06269448 0.99998130
7.48586291 3.28298516 2.65839506 3.06263875 0.99998204
7.48586719 3.28298568 2.65833040 3.06258413 0.99998275
7.48587139 3.28298620 2.65826703 3.06253060 0.99998344
7.48587551 3.28298670 2.65820493 3.06247814 0.99998409
7.48587954 3.28298720 2.65814407 3.06242673 0.99998472
7.48588349 3.28298768 2.65808442 3.06237635 0.99998533
7.48588736 3.28298816 2.65802597 3.06232698 0.99998591
7.48589115 3.28298862 2.65796869 3.06227859 0.99998647
7.48589487 3.28298908 2.65791256 3.06223117 0.99998700
7.48589852 3.28298953 2.65785755 3.06218470 0.99998752
7.48590209 3.28298997 2.65780363 3.06213916 0.99998801
7.48590559 3.28299039 2.65775080 3.06209453 0.99998849
7.48590902 3.28299082 2.65769902 3.06205079 0.99998894
7.48591238 3.28299123 2.65764828 3.06200793 0.99998938
7.48591567 3.28299163 2.65759855 3.06196593 0.99998980
7.48591890 3.28299203 2.65754982 3.06192476 0.99999020
7.48592207 3.28299242 2.65750206 3.06188442 0.99999059
7.48592517 3.28299280 2.65745526 3.06184488 0.99999096
7.48592820 3.28299317 2.65740939 3.06180614 0.99999132
7.48593118 3.28299354 2.65736444 3.06176817 0.99999167
7.48593410 3.28299389 2.65732039 3.06173096 0.99999200
7.48593696 3.28299425 2.65727722 3.06169449 0.99999231
7.48593976 3.28299459 2.65723492 3.06165876 0.99999262
7.48594251 3.28299493 2.65719346 3.06162374 0.99999291
7.48594520 3.28299526 2.65715282 3.06158941 0.99999319
7.48594784 3.28299558 2.65711301 3.06155578 0.99999346
7.48595042 3.28299590 2.65707398 3.06152282 0.99999372
7.48595295 3.28299621 2.65703574 3.06149051 0.99999397
7.48595544 3.28299651 2.65699827 3.06145886 0.99999421
7.48595787 3.28299681 2.65696154 3.06142783 0.99999444
7.48596025 3.28299710 2.65692555 3.06139743 0.99999466
7.48596259 3.28299739 2.65689027 3.06136763 0.99999487
7.48596488 3.28299767 2.65685571 3.06133843 0.99999507
7.48596712 3.28299795 2.65682183 3.06130982 0.99999527
7.48596932 3.28299822 2.65678863 3.06128177 0.99999545
7.48597148 3.28299848 2.65675610 3.06125429 0.99999563
7.48597359 3.28299874 2.65672421 3.06122736 0.99999581
7.48597566 3.28299900 2.65669297 3.06120097 0.99999597
7.48597769 3.28299924 2.65666235 3.06117510 0.99999613
7.48597968 3.28299949 2.65663234 3.06114975 0.99999629
7.48598163 3.28299973 2.65660293 3.06112491 0.99999643
7.48598353 3.28299996 2.65657411 3.06110056 0.99999657
7.48598541 3.28300019 2.65654586 3.06107670 0.99999671
7.48598724 3.28300042 2.65651818 3.06105332 0.99999684
7.48598904 3.28300064 2.65649106 3.06103041 0.99999696
7.48599080 3.28300085 2.65646448 3.06100796 0.99999709
7.48599252 3.28300107 2.65643842 3.06098595 0.99999720
7.48599421 3.28300127 2.65641289 3.06096438 0.99999731
7.48599587 3.28300148 2.65638787 3.06094325 0.99999742
7.48599750 3.28300168 2.65636335 3.06092254 0.99999752
7.48599909 3.28300187 2.65633932 3.06090224 0.99999762
7.48600065 3.28300206 2.65631578 3.06088235 0.99999771
7.48600218 3.28300225 2.65629270 3.06086285 0.99999780
7.48600367 3.28300243 2.65627008 3.06084375 0.99999789
7.48600514 3.28300261 2.65624792 3.06082503 0.99999797
7.48600658 3.28300279 2.65622620 3.06080668 0.99999805
7.48600799 3.28300296 2.65620491 3.06078870 0.99999813
7.48600937 3.28300313 2.65618405 3.06077108 0.99999821
7.48601073 3.28300330 2.65616361 3.06075381 0.99999828
7.48601205 3.28300346 2.65614357 3.06073689 0.99999834
7.48601335 3.28300362 2.65612394 3.06072030 0.99999841
7.48601463 3.28300378 2.65610470 3.06070405 0.99999847
7.48601588 3.28300393 2.65608584 3.06068812 0.99999853
7.48601710 3.28300408 2.65606737 3.06067251 0.99999859
7.48601830 3.28300423 2.65604926 3.06065721 0.99999865
7.48601948 3.28300437 2.65603151 3.06064222 0.99999870
7.48602063 3.28300452 2.65601412 3.06062753 0.99999875
7.48602176 3.28300465 2.65599707 3.06061313 0.99999880
7.48602286 3.28300479 2.65598037 3.06059902 0.99999885
7.48602395 3.28300492 2.65596400 3.06058520 0.99999889
7.48602501 3.28300505 2.65594796 3.06057165 0.99999894
7.48602605 3.28300518 2.65593224 3.06055837 0.99999898
7.48602707 3.28300531 2.65591683 3.06054535 0.99999902
7.48602807 3.28300543 2.65590173 3.06053260 0.99999906
7.48602905 3.28300555 2.65588693 3.06052010 0.99999910
7.48603001 3.28300567 2.65587243 3.06050785 0.99999913
7.48603096 3.28300578 2.65585822 3.06049584 0.99999917
7.48603188 3.28300590 2.65584430 3.06048408 0.99999920
7.48603278 3.28300601 2.65583065 3.06047255 0.99999923
7.48603367 3.28300612 2.65581727 3.06046125 0.99999926
7.48603454 3.28300622 2.65580417 3.06045018 0.99999929
7.48603539 3.28300633 2.65579132 3.06043933 0.99999932
7.48603622 3.28300643 2.65577873 3.06042870 0.99999935
7.48603704 3.28300653 2.65576639 3.06041828 0.99999937
7.48603784 3.28300663 2.65575430 3.06040806 0.99999940
7.48603862 3.28300672 2.65574246 3.06039806 0.99999942
7.48603939 3.28300682 2.65573085 3.06038825 0.99999944
7.48604015 3.28300691 2.65571947 3.06037864 0.99999947
7.48604089 3.28300700 2.65570831 3.06036922 0.99999949
7.48604161 3.28300709 2.65569739 3.06035998 0.99999951
7.48604232 3.28300718 2.65568668 3.06035094 0.99999953
7.48604301 3.28300726 2.65567618 3.06034207 0.99999955
7.48604370 3.28300735 2.65566590 3.06033338 0.99999956
7.48604436 3.28300743 2.65565582 3.06032487 0.99999958
7.48604502 3.28300751 2.65564594 3.06031652 0.99999960
7.48604566 3.28300759 2.65563626 3.06030835 0.99999961
7.48604629 3.28300766 2.65562677 3.06030033 0.99999963
7.48604690 3.28300774 2.65561747 3.06029248 0.99999964
7.48604751 3.28300781 2.65560836 3.06028478 0.99999966
7.48604810 3.28300789 2.65559943 3.06027724 0.99999967
7.48604868 3.28300796 2.65559068 3.06026985 0.99999968
7.48604925 3.28300803 2.65558210 3.06026260 0.99999970
7.48604980 3.28300810 2.65557370 3.06025550 0.99999971
7.48605035 3.28300816 2.65556546 3.06024855 0.99999972
7.48605088 3.28300823 2.65555739 3.06024173 0.99999973
7.48605141 3.28300829 2.65554948 3.06023505 0.99999974
7.48605192 3.28300836 2.65554173 3.06022850 0.99999975
