V= 335
N= 670
d= 18
Branching factor: 1.34030

1  8  3  
6  5  4  
0  7  2  

1  8  3  
6  5  4  
7  0  2  

1  8  3  
6  0  4  
7  5  2  

1  0  3  
6  8  4  
7  5  2  

1  3  0  
6  8  4  
7  5  2  

1  3  4  
6  8  0  
7  5  2  

1  3  4  
6  8  2  
7  5  0  

1  3  4  
6  8  2  
7  0  5  

1  3  4  
6  0  2  
7  8  5  

1  0  4  
6  3  2  
7  8  5  

1  4  0  
6  3  2  
7  8  5  

1  4  2  
6  3  0  
7  8  5  

1  4  2  
6  3  5  
7  8  0  

1  4  2  
6  3  5  
7  0  8  

1  4  2  
6  3  5  
0  7  8  

1  4  2  
0  3  5  
6  7  8  

1  4  2  
3  0  5  
6  7  8  

1  0  2  
3  4  5  
6  7  8  

0  1  2  
3  4  5  
6  7  8  

