V= 17546
N= 35092
d= 27
Branching factor: 1.33264

7  4  8  
2  3  5  
6  0  1  

7  4  8  
2  3  5  
6  1  0  

7  4  8  
2  3  0  
6  1  5  

7  4  0  
2  3  8  
6  1  5  

7  0  4  
2  3  8  
6  1  5  

0  7  4  
2  3  8  
6  1  5  

2  7  4  
0  3  8  
6  1  5  

2  7  4  
3  0  8  
6  1  5  

2  7  4  
3  8  0  
6  1  5  

2  7  4  
3  8  5  
6  1  0  

2  7  4  
3  8  5  
6  0  1  

2  7  4  
3  0  5  
6  8  1  

2  0  4  
3  7  5  
6  8  1  

2  4  0  
3  7  5  
6  8  1  

2  4  5  
3  7  0  
6  8  1  

2  4  5  
3  7  1  
6  8  0  

2  4  5  
3  7  1  
6  0  8  

2  4  5  
3  0  1  
6  7  8  

2  0  5  
3  4  1  
6  7  8  

0  2  5  
3  4  1  
6  7  8  

3  2  5  
0  4  1  
6  7  8  

3  2  5  
4  0  1  
6  7  8  

3  2  5  
4  1  0  
6  7  8  

3  2  0  
4  1  5  
6  7  8  

3  0  2  
4  1  5  
6  7  8  

3  1  2  
4  0  5  
6  7  8  

3  1  2  
0  4  5  
6  7  8  

0  1  2  
3  4  5  
6  7  8  

