8.16649336 7.99828768 8.14443216 0.07146286
8.16629465 7.99617861 8.14482038 0.07192795
8.16609651 7.99405806 8.14521105 0.07239809
8.16589895 7.99192592 8.14560421 0.07287333
8.16570198 7.98978210 8.14599987 0.07335377
8.16550564 7.98762648 8.14639806 0.07383948
8.16530992 7.98545894 8.14679882 0.07433054
8.16511486 7.98327939 8.14720215 0.07482703
8.16492046 7.98108770 8.14760810 0.07532902
8.16472674 7.97888377 8.14801668 0.07583661
8.16453373 7.97666747 8.14842793 0.07634988
8.16434143 7.97443870 8.14884187 0.07686890
8.16414988 7.97219733 8.14925853 0.07739378
8.16395908 7.96994323 8.14967794 0.07792460
8.16376906 7.96767630 8.15010012 0.07846146
8.16357984 7.96539641 8.15052512 0.07900443
8.16339143 7.96310343 8.15095295 0.07955363
8.16320386 7.96079724 8.15138364 0.08010914
8.16301715 7.95847771 8.15181724 0.08067106
8.16283132 7.95614472 8.15225376 0.08123950
8.16264639 7.95379812 8.15269324 0.08181456
8.16246238 7.95143778 8.15313571 0.08239633
8.16227932 7.94906359 8.15358120 0.08298493
8.16209722 7.94667538 8.15402975 0.08358046
8.16191612 7.94427304 8.15448139 0.08418304
8.16173604 7.94185642 8.15493614 0.08479278
8.16155699 7.93942538 8.15539406 0.08540978
8.16137901 7.93697977 8.15585516 0.08603417
8.16120212 7.93451945 8.15631949 0.08666607
8.16102634 7.93204428 8.15678708 0.08730559
8.16085170 7.92955410 8.15725796 0.08795287
8.16067823 7.92704877 8.15773218 0.08860802
8.16050596 7.92452813 8.15820976 0.08927118
8.16033491 7.92199203 8.15869076 0.08994247
8.16016511 7.91944030 8.15917519 0.09062204
8.15999659 7.91687280 8.15966311 0.09131001
8.15982938 7.91428936 8.16015455 0.09200653
8.15966351 7.91168982 8.16064955 0.09271173
8.15949901 7.90907401 8.16114816 0.09342577
8.15933590 7.90644177 8.16165040 0.09414879
8.15917423 7.90379293 8.16215633 0.09488094
8.15901402 7.90112731 8.16266598 0.09562238
8.15885531 7.89844474 8.16317940 0.09637325
8.15869812 7.89574505 8.16369663 0.09713373
8.15854250 7.89302806 8.16421771 0.09790397
8.15838848 7.89029358 8.16474269 0.09868415
8.15823609 7.88754144 8.16527162 0.09947442
8.15808537 7.88477145 8.16580453 0.10027497
8.15793636 7.88198341 8.16634147 0.10108597
8.15778909 7.87917715 8.16688250 0.10190760
8.15764360 7.87635246 8.16742765 0.10274005
8.15749993 7.87350916 8.16797698 0.10358351
8.15735812 7.87064704 8.16853053 0.10443816
8.15721821 7.86776590 8.16908836 0.10530420
8.15708025 7.86486554 8.16965051 0.10618184
8.15694426 7.86194576 8.17021704 0.10707128
8.15681030 7.85900634 8.17078799 0.10797272
8.15667841 7.85604707 8.17136342 0.10888638
8.15654863 7.85306775 8.17194339 0.10981247
8.15642101 7.85006814 8.17252794 0.11075123
8.15629560 7.84704804 8.17311713 0.11170286
8.15617243 7.84400722 8.17371101 0.11266762
8.15605156 7.84094546 8.17430965 0.11364573
8.15593304 7.83786252 8.17491309 0.11463743
8.15581692 7.83475818 8.17552140 0.11564297
8.15570324 7.83163219 8.17613464 0.11666260
8.15559206 7.82848433 8.17675286 0.11769658
8.15548343 7.82531436 8.17737612 0.11874516
8.15537741 7.82212202 8.17800449 0.11980863
8.15527404 7.81890707 8.17863803 0.12088725
8.15517338 7.81566926 8.17927679 0.12198130
8.15507550 7.81240834 8.17992085 0.12309106
8.15498044 7.80912406 8.18057026 0.12421683
8.15488827 7.80581615 8.18122510 0.12535890
8.15479904 7.80248434 8.18188543 0.12651759
8.15471282 7.79912838 8.18255131 0.12769319
8.15462967 7.79574800 8.18322281 0.12888602
8.15454965 7.79234291 8.18390001 0.13009641
8.15447282 7.78891285 8.18458298 0.13132470
8.15439925 7.78545753 8.18527177 0.13257120
8.15432900 7.78197668 8.18596647 0.13383628
8.15426215 7.77847000 8.18666715 0.13512028
8.15419877 7.77493720 8.18737389 0.13642356
8.15413891 7.77137800 8.18808675 0.13774649
8.15408266 7.76779209 8.18880581 0.13908944
8.15403009 7.76417917 8.18953115 0.14045280
8.15398127 7.76053894 8.19026285 0.14183695
8.15393627 7.75687109 8.19100099 0.14324230
8.15389518 7.75317531 8.19174564 0.14466925
8.15385806 7.74945129 8.19249688 0.14611822
8.15382501 7.74569870 8.19325481 0.14758963
8.15379610 7.74191723 8.19401949 0.14908392
8.15377141 7.73810655 8.19479102 0.15060152
8.15375103 7.73426633 8.19556948 0.15214289
8.15373504 7.73039623 8.19635496 0.15370850
8.15372353 7.72649593 8.19714754 0.15529880
8.15371658 7.72256508 8.19794730 0.15691428
8.15371429 7.71860334 8.19875435 0.15855544
8.15371675 7.71461036 8.19956876 0.16022276
8.15372405 7.71058579 8.20039064 0.16191677
8.15373628 7.70652929 8.20122007 0.16363797
8.15375353 7.70244048 8.20205714 0.16538690
8.15377592 7.69831902 8.20290195 0.16716410
8.15380353 7.69416454 8.20375460 0.16897013
8.15383646 7.68997667 8.20461517 0.17080554
8.15387483 7.68575505 8.20548378 0.17267091
8.15391872 7.68149929 8.20636050 0.17456682
8.15396825 7.67720904 8.20724546 0.17649387
8.15402352 7.67288390 8.20813873 0.17845266
8.15408464 7.66852350 8.20904043 0.18044382
8.15415172 7.66412746 8.20995065 0.18246797
8.15422487 7.65969538 8.21086951 0.18452576
8.15430421 7.65522689 8.21179709 0.18661783
8.15438985 7.65072158 8.21273351 0.18874485
8.15448191 7.64617907 8.21367887 0.19090750
8.15458050 7.64159897 8.21463327 0.19310647
8.15468574 7.63698087 8.21559683 0.19534245
8.15479776 7.63232438 8.21656964 0.19761615
8.15491668 7.62762910 8.21755182 0.19992830
8.15504262 7.62289463 8.21854348 0.20227963
8.15517570 7.61812057 8.21954472 0.20467090
8.15531607 7.61330652 8.22055565 0.20710284
8.15546383 7.60845207 8.22157638 0.20957625
8.15561913 7.60355682 8.22260702 0.21209188
8.15578210 7.59862038 8.22364768 0.21465054
8.15595286 7.59364234 8.22469847 0.21725302
8.15613156 7.58862229 8.22575951 0.21990014
8.15631833 7.58355985 8.22683089 0.22259271
8.15651330 7.57845461 8.22791274 0.22533158
8.15671662 7.57330618 8.22900515 0.22811757
8.15692842 7.56811416 8.23010825 0.23095155
8.15714884 7.56287817 8.23122214 0.23383436
8.15737803 7.55759781 8.23234693 0.23676688
8.15761613 7.55227271 8.23348273 0.23974998
8.15786327 7.54690249 8.23462964 0.24278453
8.15811961 7.54148677 8.23578777 0.24587143
8.15838528 7.53602518 8.23695723 0.24901156
8.15866044 7.53051737 8.23813813 0.25220582
8.15894523 7.52496298 8.23933056 0.25545512
8.15923979 7.51936166 8.24053463 0.25876035
8.15954427 7.51371307 8.24175044 0.26212241
8.15985882 7.50801689 8.24297808 0.26554222
8.16018358 7.50227278 8.24421766 0.26902066
8.16051869 7.49648045 8.24546926 0.27255865
8.16086431 7.49063959 8.24673299 0.27615708
8.16122058 7.48474991 8.24800892 0.27981684
8.16158764 7.47881115 8.24929715 0.28353881
8.16196563 7.47282304 8.25059775 0.28732388
8.16235470 7.46678535 8.25191082 0.29117290
8.16275499 7.46069783 8.25323642 0.29508674
8.16316663 7.45456028 8.25457463 0.29906622
8.16358977 7.44837251 8.25592551 0.30311218
8.16402454 7.44213435 8.25728914 0.30722541
8.16447107 7.43584563 8.25866557 0.31140670
8.16492950 7.42950624 8.26005485 0.31565680
8.16539995 7.42311606 8.26145704 0.31997646
8.16588255 7.41667500 8.26287218 0.32436637
8.16637742 7.41018302 8.26430030 0.32882720
8.16688467 7.40364007 8.26574144 0.33335958
8.16740443 7.39704616 8.26719563 0.33796413
8.16793680 7.39040131 8.26866288 0.34264138
8.16848188 7.38370558 8.27014320 0.34739186
8.16903979 7.37695906 8.27163659 0.35221602
8.16961061 7.37016188 8.27314306 0.35711428
8.17019443 7.36331418 8.27466259 0.36208698
8.17079134 7.35641618 8.27619515 0.36713443
8.17140141 7.34946810 8.27774072 0.37225686
8.17202473 7.34247022 8.27929925 0.37745442
8.17266134 7.33542286 8.28087069 0.38272721
8.17331130 7.32832637 8.28245499 0.38807526
8.17397467 7.32118116 8.28405206 0.39349848
8.17465149 7.31398769 8.28566184 0.39899675
8.17534178 7.30674644 8.28728422 0.40456981
8.17604557 7.29945796 8.28891909 0.41021735
8.17676288 7.29212286 8.29056634 0.41593894
8.17749369 7.28474178 8.29222583 0.42173405
8.17823802 7.27731542 8.29389743 0.42760205
8.17899583 7.26984455 8.29558098 0.43354222
8.17976711 7.26232996 8.29727629 0.43955369
8.18055180 7.25477253 8.29898319 0.44563550
8.18134987 7.24717319 8.30070148 0.45178657
8.18216124 7.23953293 8.30243095 0.45800568
8.18298584 7.23185277 8.30417135 0.46429151
8.18382357 7.22413384 8.30592246 0.47064258
8.18467435 7.21637730 8.30768401 0.47705732
8.18553804 7.20858437 8.30945572 0.48353399
8.18641453 7.20075635 8.31123732 0.49007074
8.18730366 7.19289458 8.31302848 0.49666557
8.18820528 7.18500048 8.31482889 0.50331634
8.18911923 7.17707553 8.31663822 0.51002079
8.19004530 7.16912126 8.31845610 0.51677652
8.19098332 7.16113926 8.32028218 0.52358097
8.19193305 7.15313121 8.32211606 0.53043148
8.19289427 7.14509881 8.32395735 0.53732524
8.19386673 7.13704384 8.32580564 0.54425930
8.19485018 7.12896815 8.32766050 0.55123060
8.19584435 7.12087361 8.32952148 0.55823594
8.19684895 7.11276218 8.33138812 0.56527202
8.19786367 7.10463585 8.33325996 0.57233540
8.19888820 7.09649667 8.33513652 0.57942255
8.19992222 7.08834674 8.33701728 0.58652983
8.20096539 7.08018819 8.33890175 0.59365350
8.20201733 7.07202322 8.34078941 0.60078974
8.20307770 7.06385404 8.34267972 0.60793464
8.20414612 7.05568292 8.34457214 0.61508422
8.20522218 7.04751215 8.34646612 0.62223443
8.20630550 7.03934406 8.34836110 0.62938119
8.20739566 7.03118100 8.35025652 0.63652034
8.20849223 7.02302534 8.35215180 0.64364772
8.20959479 7.01487947 8.35404637 0.65075913
8.21070291 7.00674581 8.35593964 0.65785035
8.21181613 6.99862677 8.35783101 0.66491717
8.21293400 6.99052477 8.35971991 0.67195540
8.21405606 6.98244225 8.36160574 0.67896086
8.21518186 6.97438162 8.36348790 0.68592939
8.21631092 6.96634531 8.36536581 0.69285691
8.21744277 6.95833571 8.36723887 0.69973936
8.21857694 6.95035522 8.36910650 0.70657277
8.21971296 6.94240622 8.37096811 0.71335325
8.22085034 6.93449104 8.37282313 0.72007698
8.22198862 6.92661201 8.37467097 0.72674026
8.22312731 6.91877141 8.37651108 0.73333947
8.22426596 6.91097149 8.37834288 0.73987115
8.22540407 6.90321446 8.38016584 0.74633194
8.22654121 6.89550249 8.38197942 0.75271860
8.22767689 6.88783768 8.38378307 0.75902807
8.22881067 6.88022210 8.38557630 0.76525742
8.22994209 6.87265777 8.38735858 0.77140386
8.23107072 6.86514663 8.38912944 0.77746479
8.23219611 6.85769057 8.39088838 0.78343775
8.23331785 6.85029142 8.39263496 0.78932046
8.23443552 6.84295094 8.39436871 0.79511082
8.23554870 6.83567083 8.39608921 0.80080688
8.23665700 6.82845270 8.39779605 0.80640689
8.23776004 6.82129811 8.39948882 0.81190926
8.23885743 6.81420854 8.40116715 0.81731259
8.23994882 6.80718538 8.40283066 0.82261563
8.24103386 6.80022997 8.40447902 0.82781733
8.24211219 6.79334355 8.40611190 0.83291680
8.24318350 6.78652731 8.40772898 0.83791332
8.24424748 6.77978233 8.40932999 0.84280633
8.24530382 6.77310964 8.41091464 0.84759544
8.24635223 6.76651018 8.41248268 0.85228042
8.24739245 6.75998482 8.41403389 0.85686118
8.24842421 6.75353434 8.41556803 0.86133779
8.24944727 6.74715947 8.41708492 0.86571046
8.25046139 6.74086084 8.41858437 0.86997952
8.25146635 6.73463902 8.42006622 0.87414546
8.25246195 6.72849450 8.42153033 0.87820887
8.25344800 6.72242771 8.42297657 0.88217046
8.25442432 6.71643900 8.42440482 0.88603107
8.25539074 6.71052865 8.42581500 0.88979161
8.25634710 6.70469690 8.42720703 0.89345313
8.25729328 6.69894390 8.42858085 0.89701674
8.25822913 6.69326973 8.42993640 0.90048364
8.25915455 6.68767444 8.43127366 0.90385512
8.26006943 6.68215800 8.43259261 0.90713252
8.26097368 6.67672033 8.43389324 0.91031728
8.26186722 6.67136129 8.43517558 0.91341085
8.26274998 6.66608071 8.43643963 0.91641478
8.26362189 6.66087834 8.43768544 0.91933063
8.26448292 6.65575390 8.43891305 0.92216003
8.26533302 6.65070706 8.44012252 0.92490463
8.26617216 6.64573745 8.44131392 0.92756610
8.26700033 6.64084466 8.44248733 0.93014616
8.26781751 6.63602823 8.44364284 0.93264654
8.26862369 6.63128769 8.44478055 0.93506897
8.26941890 6.62662249 8.44590057 0.93741521
8.27020313 6.62203210 8.44700301 0.93968702
8.27097641 6.61751591 8.44808799 0.94188617
8.27173877 6.61307333 8.44915566 0.94401442
8.27249024 6.60870370 8.45020614 0.94607353
8.27323087 6.60440636 8.45123958 0.94806526
8.27396070 6.60018063 8.45225613 0.94999134
8.27467979 6.59602579 8.45325594 0.95185351
8.27538818 6.59194111 8.45423919 0.95365348
8.27608596 6.58792586 8.45520602 0.95539296
8.27677318 6.58397925 8.45615662 0.95707361
8.27744992 6.58010053 8.45709116 0.95869711
8.27811626 6.57628889 8.45800981 0.96026507
8.27877228 6.57254353 8.45891275 0.96177912
8.27941805 6.56886365 8.45980018 0.96324084
8.28005368 6.56524842 8.46067227 0.96465177
8.28067925 6.56169702 8.46152921 0.96601346
8.28129485 6.55820860 8.46237119 0.96732740
8.28190059 6.55478234 8.46319841 0.96859506
8.28249655 6.55141737 8.46401106 0.96981787
8.28308285 6.54811287 8.46480933 0.97099726
8.28365959 6.54486797 8.46559341 0.97213459
8.28422687 6.54168182 8.46636351 0.97323122
8.28478479 6.53855358 8.46711982 0.97428844
8.28533347 6.53548240 8.46786253 0.97530756
8.28587302 6.53246741 8.46859185 0.97628980
8.28640354 6.52950778 8.46930796 0.97723641
8.28692515 6.52660266 8.47001107 0.97814855
8.28743796 6.52375121 8.47070136 0.97902739
8.28794208 6.52095259 8.47137905 0.97987405
8.28843763 6.51820597 8.47204431 0.98068962
8.28892472 6.51551051 8.47269734 0.98147516
8.28940346 6.51286540 8.47333833 0.98223170
8.28987396 6.51026981 8.47396748 0.98296025
8.29033635 6.50772294 8.47458498 0.98366178
8.29079073 6.50522399 8.47519100 0.98433723
8.29123721 6.50277214 8.47578575 0.98498751
8.29167592 6.50036662 8.47636939 0.98561351
8.29210696 6.49800664 8.47694213 0.98621609
8.29253045 6.49569143 8.47750413 0.98679608
8.29294650 6.49342023 8.47805558 0.98735429
8.29335522 6.49119226 8.47859666 0.98789150
8.29375671 6.48900679 8.47912754 0.98840846
8.29415110 6.48686307 8.47964840 0.98890591
8.29453849 6.48476038 8.48015941 0.98938454
8.29491899 6.48269798 8.48066074 0.98984505
8.29529270 6.48067517 8.48115256 0.99028810
8.29565974 6.47869125 8.48163503 0.99071431
8.29602021 6.47674551 8.48210832 0.99112432
8.29637421 6.47483727 8.48257260 0.99151871
8.29672185 6.47296586 8.48302801 0.99189807
8.29706323 6.47113061 8.48347472 0.99226294
8.29739845 6.46933086 8.48391288 0.99261386
8.29772762 6.46756597 8.48434266 0.99295136
8.29805083 6.46583530 8.48476419 0.99327593
8.29836818 6.46413821 8.48517763 0.99358805
8.29867976 6.46247410 8.48558312 0.99388819
8.29898569 6.46084234 8.48598081 0.99417679
8.29928604 6.45924235 8.48637084 0.99445430
8.29958092 6.45767353 8.48675336 0.99472113
8.29987041 6.45613530 8.48712849 0.99497768
8.30015462 6.45462709 8.48749638 0.99522433
8.30043362 6.45314834 8.48785716 0.99546147
8.30070750 6.45169848 8.48821096 0.99568945
8.30097636 6.45027699 8.48855791 0.99590862
8.30124029 6.44888332 8.48889814 0.99611932
8.30149936 6.44751695 8.48923177 0.99632186
8.30175366 6.44617736 8.48955893 0.99651655
8.30200328 6.44486404 8.48987974 0.99670371
8.30224829 6.44357649 8.49019431 0.99688361
8.30248878 6.44231423 8.49050277 0.99705652
8.30272483 6.44107676 8.49080524 0.99722273
8.30295651 6.43986362 8.49110181 0.99738248
8.30318390 6.43867434 8.49139261 0.99753603
8.30340708 6.43750846 8.49167774 0.99768360
8.30362612 6.43636553 8.49195731 0.99782544
8.30384109 6.43524511 8.49223143 0.99796176
8.30405208 6.43414676 8.49250021 0.99809277
8.30425914 6.43307007 8.49276373 0.99821868
8.30446236 6.43201461 8.49302211 0.99833968
8.30466179 6.43097997 8.49327544 0.99845596
8.30485751 6.42996575 8.49352381 0.99856772
8.30504958 6.42897156 8.49376733 0.99867511
8.30523807 6.42799700 8.49400609 0.99877831
8.30542304 6.42704169 8.49424017 0.99887749
8.30560457 6.42610526 8.49446967 0.99897279
8.30578270 6.42518734 8.49469468 0.99906437
8.30595750 6.42428758 8.49491528 0.99915238
8.30612903 6.42340561 8.49513155 0.99923694
8.30629736 6.42254109 8.49534359 0.99931820
8.30646253 6.42169368 8.49555147 0.99939628
8.30662461 6.42086305 8.49575527 0.99947131
8.30678366 6.42004886 8.49595507 0.99954340
8.30693972 6.41925080 8.49615095 0.99961267
8.30709286 6.41846854 8.49634299 0.99967923
8.30724313 6.41770179 8.49653126 0.99974319
8.30739057 6.41695023 8.49671583 0.99980464
8.30753525 6.41621357 8.49689677 0.99986368
8.30767721 6.41549152 8.49707416 0.99992041
8.30781650 6.41478378 8.49724806 0.99997492
8.30795318 6.41409008 8.49741854 1.00002729
8.30808728 6.41341014 8.49758568 1.00007761
8.30821887 6.41274369 8.49774952 1.00012596
8.30834797 6.41209047 8.49791015 1.00017242
8.30847465 6.41145021 8.49806761 1.00021705
8.30859894 6.41082265 8.49822198 1.00025993
8.30872089 6.41020756 8.49837331 1.00030113
8.30884055 6.40960468 8.49852166 1.00034071
8.30895794 6.40901377 8.49866709 1.00037874
8.30907313 6.40843459 8.49880966 1.00041528
8.30918614 6.40786692 8.49894942 1.00045038
8.30929703 6.40731052 8.49908643 1.00048411
8.30940582 6.40676518 8.49922074 1.00051651
8.30951255 6.40623068 8.49935241 1.00054764
8.30961728 6.40570679 8.49948148 1.00057755
8.30972002 6.40519332 8.49960801 1.00060629
8.30982083 6.40469005 8.49973205 1.00063389
8.30991973 6.40419678 8.49985364 1.00066042
8.31001676 6.40371332 8.49997283 1.00068590
8.31011196 6.40323947 8.50008968 1.00071038
8.31020536 6.40277504 8.50020423 1.00073389
8.31029699 6.40231985 8.50031651 1.00075649
8.31038690 6.40187371 8.50042658 1.00077819
8.31047510 6.40143643 8.50053449 1.00079905
8.31056163 6.40100786 8.50064026 1.00081908
8.31064653 6.40058781 8.50074395 1.00083833
8.31072981 6.40017611 8.50084559 1.00085682
8.31081153 6.39977261 8.50094523 1.00087458
8.31089169 6.39937713 8.50104291 1.00089165
8.31097034 6.39898952 8.50113865 1.00090805
8.31104750 6.39860962 8.50123251 1.00092380
8.31112320 6.39823727 8.50132452 1.00093893
8.31119746 6.39787234 8.50141471 1.00095347
8.31127032 6.39751467 8.50150312 1.00096743
8.31134179 6.39716411 8.50158979 1.00098085
8.31141192 6.39682054 8.50167475 1.00099374
8.31148071 6.39648379 8.50175803 1.00100612
8.31154820 6.39615375 8.50183967 1.00101801
8.31161441 6.39583028 8.50191969 1.00102944
8.31167936 6.39551325 8.50199814 1.00104042
8.31174308 6.39520253 8.50207504 1.00105097
8.31180559 6.39489799 8.50215042 1.00106110
8.31186692 6.39459951 8.50222431 1.00107083
8.31192709 6.39430698 8.50229675 1.00108018
8.31198611 6.39402027 8.50236775 1.00108916
8.31204401 6.39373927 8.50243735 1.00109779
8.31210081 6.39346386 8.50250558 1.00110608
8.31215654 6.39319393 8.50257246 1.00111405
8.31221121 6.39292938 8.50263802 1.00112170
8.31226484 6.39267009 8.50270229 1.00112905
8.31231745 6.39241597 8.50276529 1.00113611
8.31236906 6.39216691 8.50282704 1.00114289
8.31241969 6.39192280 8.50288757 1.00114941
8.31246936 6.39168356 8.50294691 1.00115567
8.31251809 6.39144908 8.50300508 1.00116168
8.31256589 6.39121927 8.50306210 1.00116746
8.31261278 6.39099404 8.50311799 1.00117301
8.31265879 6.39077329 8.50317278 1.00117834
8.31270391 6.39055694 8.50322648 1.00118346
8.31274818 6.39034489 8.50327913 1.00118838
8.31279161 6.39013707 8.50333073 1.00119311
8.31283422 6.38993339 8.50338132 1.00119765
8.31287601 6.38973376 8.50343091 1.00120201
8.31291701 6.38953811 8.50347952 1.00120620
8.31295723 6.38934635 8.50352716 1.00121022
8.31299668 6.38915842 8.50357387 1.00121409
8.31303539 6.38897422 8.50361965 1.00121781
8.31307336 6.38879370 8.50366453 1.00122138
8.31311060 6.38861677 8.50370853 1.00122480
8.31314714 6.38844337 8.50375165 1.00122810
8.31318298 6.38827341 8.50379392 1.00123126
8.31321815 6.38810685 8.50383536 1.00123430
8.31325264 6.38794360 8.50387598 1.00123722
8.31328647 6.38778360 8.50391579 1.00124002
8.31331967 6.38762679 8.50395482 1.00124272
8.31335223 6.38747311 8.50399308 1.00124531
8.31338417 6.38732248 8.50403058 1.00124779
8.31341550 6.38717485 8.50406734 1.00125018
8.31344624 6.38703017 8.50410338 1.00125248
8.31347639 6.38688837 8.50413870 1.00125468
8.31350597 6.38674939 8.50417332 1.00125680
8.31353498 6.38661318 8.50420727 1.00125883
8.31356345 6.38647968 8.50424054 1.00126079
8.31359137 6.38634884 8.50427315 1.00126266
8.31361876 6.38622061 8.50430512 1.00126447
8.31364562 6.38609493 8.50433645 1.00126620
8.31367198 6.38597176 8.50436717 1.00126787
8.31369783 6.38585104 8.50439728 1.00126946
8.31372319 6.38573273 8.50442680 1.00127100
8.31374807 6.38561677 8.50445573 1.00127248
8.31377248 6.38550312 8.50448409 1.00127389
8.31379642 6.38539173 8.50451189 1.00127525
8.31381990 6.38528257 8.50453914 1.00127656
8.31384294 6.38517558 8.50456586 1.00127782
8.31386554 6.38507072 8.50459204 1.00127903
8.31388770 6.38496795 8.50461771 1.00128019
8.31390945 6.38486722 8.50464287 1.00128130
8.31393078 6.38476851 8.50466753 1.00128237
8.31395170 6.38467176 8.50469171 1.00128340
8.31397223 6.38457693 8.50471541 1.00128438
8.31399236 6.38448400 8.50473864 1.00128533
8.31401211 6.38439292 8.50476141 1.00128624
8.31403149 6.38430365 8.50478373 1.00128712
8.31405049 6.38421616 8.50480561 1.00128796
8.31406913 6.38413041 8.50482705 1.00128877
8.31408742 6.38404637 8.50484808 1.00128955
8.31410536 6.38396401 8.50486869 1.00129029
8.31412296 6.38388328 8.50488889 1.00129101
8.31414022 6.38380417 8.50490869 1.00129169
8.31415715 6.38372663 8.50492810 1.00129236
8.31417376 6.38365063 8.50494712 1.00129299
8.31419005 6.38357615 8.50496577 1.00129360
8.31420603 6.38350316 8.50498406 1.00129419
8.31422171 6.38343161 8.50500198 1.00129475
8.31423709 6.38336150 8.50501954 1.00129529
8.31425217 6.38329277 8.50503676 1.00129581
8.31426697 6.38322542 8.50505364 1.00129631
8.31428148 6.38315941 8.50507019 1.00129679
8.31429572 6.38309472 8.50508641 1.00129725
8.31430969 6.38303131 8.50510230 1.00129769
8.31432339 6.38296917 8.50511789 1.00129812
8.31433683 6.38290826 8.50513316 1.00129852
8.31435001 6.38284857 8.50514814 1.00129892
8.31436294 6.38279007 8.50516282 1.00129929
8.31437562 6.38273273 8.50517720 1.00129965
8.31438807 6.38267654 8.50519131 1.00130000
8.31440027 6.38262147 8.50520513 1.00130034
8.31441224 6.38256749 8.50521868 1.00130066
8.31442399 6.38251458 8.50523197 1.00130097
8.31443551 6.38246274 8.50524499 1.00130126
8.31444681 6.38241192 8.50525775 1.00130155
8.31445789 6.38236212 8.50527026 1.00130182
8.31446876 6.38231331 8.50528253 1.00130208
8.31447943 6.38226547 8.50529455 1.00130233
8.31448989 6.38221858 8.50530633 1.00130258
8.31450015 6.38217263 8.50531789 1.00130281
8.31451022 6.38212760 8.50532921 1.00130303
8.31452009 6.38208346 8.50534031 1.00130325
8.31452978 6.38204020 8.50535119 1.00130345
8.31453928 6.38199780 8.50536185 1.00130365
8.31454859 6.38195625 8.50537231 1.00130384
8.31455774 6.38191552 8.50538255 1.00130402
8.31456670 6.38187561 8.50539260 1.00130420
8.31457550 6.38183649 8.50540245 1.00130437
8.31458412 6.38179815 8.50541210 1.00130453
8.31459259 6.38176057 8.50542156 1.00130469
8.31460089 6.38172375 8.50543083 1.00130484
8.31460903 6.38168765 8.50543992 1.00130498
8.31461702 6.38165228 8.50544884 1.00130512
8.31462485 6.38161761 8.50545757 1.00130525
8.31463254 6.38158363 8.50546613 1.00130538
8.31464008 6.38155033 8.50547453 1.00130550
8.31464747 6.38151769 8.50548275 1.00130562
8.31465472 6.38148570 8.50549082 1.00130573
8.31466184 6.38145435 8.50549872 1.00130584
8.31466882 6.38142363 8.50550647 1.00130594
8.31467566 6.38139351 8.50551407 1.00130604
8.31468238 6.38136400 8.50552151 1.00130614
8.31468896 6.38133507 8.50552881 1.00130623
8.31469542 6.38130672 8.50553597 1.00130632
8.31470176 6.38127894 8.50554298 1.00130641
8.31470798 6.38125170 8.50554986 1.00130649
8.31471407 6.38122502 8.50555659 1.00130657
8.31472005 6.38119886 8.50556320 1.00130664
8.31472592 6.38117322 8.50556967 1.00130672
8.31473168 6.38114810 8.50557602 1.00130679
8.31473732 6.38112347 8.50558224 1.00130685
8.31474286 6.38109934 8.50558834 1.00130692
8.31474829 6.38107568 8.50559432 1.00130698
8.31475361 6.38105250 8.50560018 1.00130704
8.31475884 6.38102978 8.50560592 1.00130710
8.31476397 6.38100751 8.50561155 1.00130715
8.31476899 6.38098569 8.50561707 1.00130720
8.31477392 6.38096430 8.50562248 1.00130725
8.31477876 6.38094334 8.50562779 1.00130730
8.31478351 6.38092279 8.50563298 1.00130735
8.31478816 6.38090265 8.50563808 1.00130739
8.31479272 6.38088292 8.50564307 1.00130744
8.31479720 6.38086358 8.50564797 1.00130748
8.31480159 6.38084462 8.50565277 1.00130752
8.31480590 6.38082604 8.50565747 1.00130756
8.31481013 6.38080783 8.50566209 1.00130759
8.31481427 6.38078998 8.50566661 1.00130763
8.31481834 6.38077249 8.50567104 1.00130766
8.31482233 6.38075535 8.50567538 1.00130769
8.31482624 6.38073855 8.50567964 1.00130773
8.31483008 6.38072208 8.50568381 1.00130776
8.31483384 6.38070595 8.50568790 1.00130778
8.31483753 6.38069013 8.50569191 1.00130781
8.31484115 6.38067463 8.50569584 1.00130784
8.31484470 6.38065944 8.50569970 1.00130786
8.31484819 6.38064455 8.50570347 1.00130789
8.31485161 6.38062995 8.50570718 1.00130791
8.31485496 6.38061565 8.50571081 1.00130794
8.31485825 6.38060163 8.50571436 1.00130796
8.31486147 6.38058789 8.50571785 1.00130798
8.31486463 6.38057443 8.50572127 1.00130800
8.31486774 6.38056123 8.50572462 1.00130802
8.31487078 6.38054830 8.50572790 1.00130804
8.31487377 6.38053562 8.50573112 1.00130805
8.31487669 6.38052320 8.50573428 1.00130807
8.31487957 6.38051102 8.50573737 1.00130809
8.31488238 6.38049909 8.50574041 1.00130810
8.31488515 6.38048739 8.50574338 1.00130812
8.31488786 6.38047593 8.50574629 1.00130813
8.31489052 6.38046470 8.50574915 1.00130815
8.31489312 6.38045369 8.50575195 1.00130816
8.31489568 6.38044290 8.50575469 1.00130817
8.31489819 6.38043232 8.50575738 1.00130819
8.31490065 6.38042195 8.50576002 1.00130820
8.31490307 6.38041180 8.50576260 1.00130821
8.31490543 6.38040184 8.50576514 1.00130822
8.31490776 6.38039208 8.50576762 1.00130823
8.31491003 6.38038252 8.50577006 1.00130824
