7.84655548 1.87123481 7.23779064 0.23486456
7.84159699 1.87171352 7.23544499 0.23791060
7.83659206 1.87219594 7.23307679 0.24101414
7.83154034 1.87268210 7.23068588 0.24417614
7.82644148 1.87317205 7.22827211 0.24739760
7.82129514 1.87366583 7.22583532 0.25067948
7.81610099 1.87416348 7.22337535 0.25402278
7.81085871 1.87466503 7.22089207 0.25742847
7.80556800 1.87517053 7.21838533 0.26089752
7.80022854 1.87568000 7.21585500 0.26443091
7.79484006 1.87619348 7.21330094 0.26802962
7.78940228 1.87671101 7.21072302 0.27169460
7.78391493 1.87723262 7.20812114 0.27542680
7.77837777 1.87775834 7.20549517 0.27922717
7.77279057 1.87828819 7.20284502 0.28309665
7.76715311 1.87882222 7.20017059 0.28703613
7.76146519 1.87936044 7.19747179 0.29104653
7.75572663 1.87990289 7.19474854 0.29512871
7.74993728 1.88044957 7.19200077 0.29928353
7.74409699 1.88100052 7.18922842 0.30351183
7.73820566 1.88155576 7.18643145 0.30781441
7.73226318 1.88211529 7.18360981 0.31219203
7.72626949 1.88267914 7.18076349 0.31664543
7.72022456 1.88324732 7.17789246 0.32117531
7.71412835 1.88381984 7.17499672 0.32578233
7.70798090 1.88439670 7.17207630 0.33046711
7.70178225 1.88497790 7.16913121 0.33523020
7.69553247 1.88556346 7.16616151 0.34007213
7.68923167 1.88615337 7.16316725 0.34499335
7.68288001 1.88674762 7.16014850 0.34999426
7.67647766 1.88734620 7.15710536 0.35507519
7.67002484 1.88794910 7.15403794 0.36023641
7.66352181 1.88855631 7.15094638 0.36547812
7.65696887 1.88916781 7.14783080 0.37080042
7.65036636 1.88978357 7.14469140 0.37620337
7.64371467 1.89040357 7.14152835 0.38168689
7.63701424 1.89102777 7.13834187 0.38725087
7.63026553 1.89165613 7.13513219 0.39289505
7.62346907 1.89228862 7.13189956 0.39861910
7.61662545 1.89292520 7.12864428 0.40442259
7.60973529 1.89356580 7.12536664 0.41030497
7.60279926 1.89421038 7.12206697 0.41626557
7.59581811 1.89485887 7.11874562 0.42230362
7.58879262 1.89551122 7.11540299 0.42841822
7.58172364 1.89616734 7.11203947 0.43460835
7.57461206 1.89682716 7.10865550 0.44087286
7.56745885 1.89749060 7.10525155 0.44721045
7.56026504 1.89815758 7.10182810 0.45361972
7.55303169 1.89882800 7.09838567 0.46009910
7.54575995 1.89950176 7.09492482 0.46664690
7.53845101 1.90017876 7.09144611 0.47326127
7.53110615 1.90085889 7.08795015 0.47994023
7.52372668 1.90154203 7.08443759 0.48668165
7.51631399 1.90222807 7.08090908 0.49348323
7.50886953 1.90291686 7.07736531 0.50034257
7.50139480 1.90360829 7.07380702 0.50725707
7.49389137 1.90430221 7.07023494 0.51422403
7.48636088 1.90499848 7.06664987 0.52124058
7.47880500 1.90569694 7.06305260 0.52830370
7.47122550 1.90639744 7.05944399 0.53541026
7.46362416 1.90709983 7.05582488 0.54255696
7.45600286 1.90780393 7.05219616 0.54974038
7.44836349 1.90850958 7.04855876 0.55695699
7.44070804 1.90921659 7.04491361 0.56420312
7.43303851 1.90992478 7.04126168 0.57147497
7.42535696 1.91063398 7.03760395 0.57876866
7.41766551 1.91134399 7.03394143 0.58608020
7.40996630 1.91205462 7.03027514 0.59340548
7.40226152 1.91276566 7.02660613 0.60074034
7.39455340 1.91347692 7.02293547 0.60808053
7.38684419 1.91418820 7.01926422 0.61542173
7.37913618 1.91489929 7.01559350 0.62275958
7.37143169 1.91560997 7.01192439 0.63008965
7.36373305 1.91632005 7.00825801 0.63740750
7.35604261 1.91702929 7.00459550 0.64470867
7.34836274 1.91773749 7.00093797 0.65198867
7.34069581 1.91844444 6.99728656 0.65924303
7.33304422 1.91914991 6.99364241 0.66646730
7.32541034 1.91985370 6.99000665 0.67365704
7.31779655 1.92055557 6.98638043 0.68080786
7.31020523 1.92125533 6.98276487 0.68791543
7.30263873 1.92195274 6.97916110 0.69497547
7.29509940 1.92264761 6.97557024 0.70198379
7.28758956 1.92333972 6.97199339 0.70893628
7.28011151 1.92402885 6.96843166 0.71582894
7.27266752 1.92471481 6.96488612 0.72265787
7.26525983 1.92539738 6.96135785 0.72941929
7.25789064 1.92607637 6.95784788 0.73610956
7.25056209 1.92675159 6.95435726 0.74272518
7.24327630 1.92742283 6.95088698 0.74926279
7.23603534 1.92808991 6.94743804 0.75571919
7.22884122 1.92875265 6.94401138 0.76209134
7.22169589 1.92941087 6.94060794 0.76837637
7.21460125 1.93006439 6.93722863 0.77457159
7.20755913 1.93071305 6.93387433 0.78067449
7.20057131 1.93135669 6.93054587 0.78668272
7.19363949 1.93199514 6.92724408 0.79259414
7.18676532 1.93262827 6.92396973 0.79840679
7.17995036 1.93325592 6.92072357 0.80411889
7.17319611 1.93387797 6.91750631 0.80972886
7.16650400 1.93449427 6.91431865 0.81523530
7.15987536 1.93510472 6.91116121 0.82063700
7.15331149 1.93570918 6.90803460 0.82593293
7.14681357 1.93630756 6.90493941 0.83112224
7.14038274 1.93689974 6.90187617 0.83620426
7.13402004 1.93748564 6.89884536 0.84117851
7.12772645 1.93806516 6.89584747 0.84604466
7.12150285 1.93863822 6.89288292 0.85080256
7.11535007 1.93920475 6.88995209 0.85545220
7.10926886 1.93976468 6.88705534 0.85999373
7.10325989 1.94031795 6.88419300 0.86442747
7.09732375 1.94086451 6.88136535 0.86875386
7.09146098 1.94140430 6.87857264 0.87297347
7.08567204 1.94193728 6.87581510 0.87708702
7.07995730 1.94246343 6.87309289 0.88109532
7.07431710 1.94298270 6.87040619 0.88499933
7.06875169 1.94349508 6.86775511 0.88880008
7.06326125 1.94400056 6.86513974 0.89249873
7.05784593 1.94449911 6.86256014 0.89609650
7.05250578 1.94499073 6.86001636 0.89959473
7.04724082 1.94547543 6.85750838 0.90299481
7.04205101 1.94595320 6.85503620 0.90629821
7.03693625 1.94642406 6.85259977 0.90950647
7.03189638 1.94688802 6.85019901 0.91262118
7.02693120 1.94734509 6.84783383 0.91564399
7.02204048 1.94779531 6.84550410 0.91857658
7.01722391 1.94823870 6.84320971 0.92142068
7.01248115 1.94867529 6.84095047 0.92417804
7.00781185 1.94910511 6.83872622 0.92685046
7.00321556 1.94952821 6.83653675 0.92943975
6.99869185 1.94994462 6.83438185 0.93194773
6.99424023 1.95035440 6.83226128 0.93437625
6.98986017 1.95075758 6.83017481 0.93672715
6.98555113 1.95115423 6.82812216 0.93900227
6.98131253 1.95154439 6.82610307 0.94120349
6.97714376 1.95192811 6.82411724 0.94333263
6.97304419 1.95230547 6.82216437 0.94539155
6.96901316 1.95267651 6.82024416 0.94738207
6.96505002 1.95304130 6.81835627 0.94930602
6.96115405 1.95339991 6.81650039 0.95116519
6.95732455 1.95375239 6.81467617 0.95296136
6.95356079 1.95409882 6.81288327 0.95469631
6.94986203 1.95443927 6.81112132 0.95637176
6.94622751 1.95477380 6.80938998 0.95798944
6.94265646 1.95510249 6.80768887 0.95955104
6.93914812 1.95542541 6.80601764 0.96105821
6.93570169 1.95574262 6.80437589 0.96251259
6.93231637 1.95605421 6.80276325 0.96391579
6.92899138 1.95636024 6.80117935 0.96526938
6.92572589 1.95666080 6.79962380 0.96657490
6.92251910 1.95695595 6.79809621 0.96783385
6.91937020 1.95724577 6.79659619 0.96904772
6.91627837 1.95753034 6.79512336 0.97021795
6.91324279 1.95780973 6.79367732 0.97134594
6.91026265 1.95808402 6.79225769 0.97243308
6.90733712 1.95835328 6.79086408 0.97348070
6.90446539 1.95861758 6.78949609 0.97449012
6.90164664 1.95887701 6.78815335 0.97546260
6.89888007 1.95913163 6.78683545 0.97639938
6.89616486 1.95938153 6.78554203 0.97730169
6.89350020 1.95962677 6.78427268 0.97817068
6.89088530 1.95986744 6.78302704 0.97900750
6.88831935 1.96010359 6.78180472 0.97981326
6.88580157 1.96033532 6.78060534 0.98058904
6.88333117 1.96056268 6.77942853 0.98133588
6.88090737 1.96078575 6.77827391 0.98205479
6.87852939 1.96100460 6.77714113 0.98274676
6.87619647 1.96121931 6.77602981 0.98341274
6.87390785 1.96142994 6.77493960 0.98405366
6.87166278 1.96163656 6.77387012 0.98467041
6.86946051 1.96183924 6.77282104 0.98526385
6.86730030 1.96203804 6.77179199 0.98583484
6.86518142 1.96223305 6.77078264 0.98638417
6.86310317 1.96242431 6.76979263 0.98691263
6.86106481 1.96261190 6.76882163 0.98742099
6.85906566 1.96279589 6.76786930 0.98790997
6.85710502 1.96297633 6.76693532 0.98838029
6.85518219 1.96315328 6.76601935 0.98883264
6.85329651 1.96332682 6.76512108 0.98926767
6.85144730 1.96349700 6.76424018 0.98968604
6.84963391 1.96366389 6.76337635 0.99008834
6.84785569 1.96382754 6.76252927 0.99047519
6.84611199 1.96398801 6.76169863 0.99084716
6.84440220 1.96414536 6.76088414 0.99120480
6.84272568 1.96429964 6.76008551 0.99154865
6.84108182 1.96445092 6.75930243 0.99187923
6.83947002 1.96459925 6.75853462 0.99219704
6.83788968 1.96474469 6.75778181 0.99250256
6.83634023 1.96488728 6.75704370 0.99279626
6.83482108 1.96502708 6.75632003 0.99307857
6.83333167 1.96516415 6.75561053 0.99334994
6.83187144 1.96529853 6.75491493 0.99361078
6.83043984 1.96543027 6.75423296 0.99386148
6.82903634 1.96555943 6.75356438 0.99410245
6.82766040 1.96568605 6.75290893 0.99433403
6.82631149 1.96581019 6.75226636 0.99455661
6.82498912 1.96593188 6.75163643 0.99477051
6.82369277 1.96605118 6.75101889 0.99497608
6.82242194 1.96616812 6.75041351 0.99517363
6.82117616 1.96628277 6.74982006 0.99536347
6.81995493 1.96639515 6.74923831 0.99554590
6.81875780 1.96650531 6.74866804 0.99572120
6.81758429 1.96661330 6.74810902 0.99588965
6.81643396 1.96671916 6.74756104 0.99605151
6.81530636 1.96682293 6.74702389 0.99620704
6.81420104 1.96692464 6.74649735 0.99635647
6.81311758 1.96702435 6.74598123 0.99650006
6.81205556 1.96712208 6.74547532 0.99663802
6.81101456 1.96721787 6.74497942 0.99677057
6.80999417 1.96731177 6.74449335 0.99689793
6.80899399 1.96740381 6.74401690 0.99702029
6.80801364 1.96749402 6.74354989 0.99713784
6.80705272 1.96758245 6.74309214 0.99725078
6.80611085 1.96766912 6.74264346 0.99735929
6.80518767 1.96775407 6.74220369 0.99746353
6.80428280 1.96783734 6.74177265 0.99756368
6.80339590 1.96791895 6.74135016 0.99765989
6.80252661 1.96799895 6.74093606 0.99775232
6.80167458 1.96807735 6.74053018 0.99784111
6.80083948 1.96815420 6.74013237 0.99792641
6.80002098 1.96822951 6.73974246 0.99800835
6.79921874 1.96830334 6.73936030 0.99808707
6.79843246 1.96837569 6.73898574 0.99816269
6.79766181 1.96844661 6.73861863 0.99823533
6.79690649 1.96851611 6.73825882 0.99830511
6.79616619 1.96858423 6.73790617 0.99837214
6.79544063 1.96865100 6.73756054 0.99843653
6.79472951 1.96871643 6.73722178 0.99849838
6.79403254 1.96878057 6.73688977 0.99855779
6.79334945 1.96884342 6.73656437 0.99861486
6.79267997 1.96890503 6.73624545 0.99866968
6.79202382 1.96896541 6.73593288 0.99872234
6.79138074 1.96902458 6.73562654 0.99877292
6.79075047 1.96908258 6.73532631 0.99882151
6.79013276 1.96913942 6.73503205 0.99886818
6.78952736 1.96919512 6.73474366 0.99891300
6.78893403 1.96924972 6.73446102 0.99895606
6.78835253 1.96930323 6.73418401 0.99899742
6.78778262 1.96935567 6.73391252 0.99903714
6.78722408 1.96940706 6.73364645 0.99907530
6.78667667 1.96945744 6.73338569 0.99911195
6.78614018 1.96950680 6.73313012 0.99914715
6.78561439 1.96955518 6.73287965 0.99918096
6.78509909 1.96960260 6.73263418 0.99921344
6.78459408 1.96964907 6.73239361 0.99924463
6.78409913 1.96969461 6.73215784 0.99927459
6.78361407 1.96973924 6.73192677 0.99930337
6.78313868 1.96978299 6.73170031 0.99933101
6.78267279 1.96982586 6.73147837 0.99935756
6.78221619 1.96986787 6.73126086 0.99938306
6.78176870 1.96990904 6.73104770 0.99940755
6.78133015 1.96994940 6.73083879 0.99943107
6.78090035 1.96998894 6.73063405 0.99945366
6.78047914 1.97002770 6.73043340 0.99947536
6.78006633 1.97006569 6.73023675 0.99949621
6.77966177 1.97010291 6.73004403 0.99951622
6.77926529 1.97013939 6.72985516 0.99953545
6.77887672 1.97017515 6.72967006 0.99955392
6.77849592 1.97021019 6.72948866 0.99957165
6.77812272 1.97024453 6.72931088 0.99958869
6.77775697 1.97027818 6.72913665 0.99960505
6.77739854 1.97031116 6.72896590 0.99962076
6.77704726 1.97034348 6.72879856 0.99963585
6.77670299 1.97037516 6.72863457 0.99965035
6.77636561 1.97040620 6.72847385 0.99966427
6.77603497 1.97043662 6.72831634 0.99967764
6.77571093 1.97046644 6.72816198 0.99969048
6.77539336 1.97049566 6.72801071 0.99970282
6.77508214 1.97052430 6.72786245 0.99971466
6.77477714 1.97055236 6.72771716 0.99972604
6.77447824 1.97057986 6.72757477 0.99973697
6.77418531 1.97060681 6.72743523 0.99974746
6.77389823 1.97063323 6.72729848 0.99975754
6.77361689 1.97065912 6.72716445 0.99976722
6.77334117 1.97068448 6.72703311 0.99977652
6.77307096 1.97070935 6.72690439 0.99978545
6.77280615 1.97073371 6.72677825 0.99979403
6.77254663 1.97075759 6.72665462 0.99980226
6.77229230 1.97078099 6.72653347 0.99981018
6.77204306 1.97080392 6.72641474 0.99981777
6.77179879 1.97082640 6.72629838 0.99982507
6.77155941 1.97084842 6.72618435 0.99983208
6.77132482 1.97087001 6.72607259 0.99983881
6.77109491 1.97089116 6.72596307 0.99984527
6.77086960 1.97091189 6.72585574 0.99985148
6.77064879 1.97093221 6.72575056 0.99985745
6.77043240 1.97095212 6.72564747 0.99986317
6.77022033 1.97097163 6.72554645 0.99986867
6.77001250 1.97099075 6.72544745 0.99987396
6.76980883 1.97100949 6.72535043 0.99987903
6.76960923 1.97102786 6.72525534 0.99988390
6.76941361 1.97104586 6.72516216 0.99988858
6.76922191 1.97106349 6.72507084 0.99989308
6.76903405 1.97108078 6.72498135 0.99989739
6.76884993 1.97109772 6.72489364 0.99990154
6.76866950 1.97111432 6.72480769 0.99990552
6.76849268 1.97113059 6.72472346 0.99990935
6.76831939 1.97114653 6.72464091 0.99991302
6.76814957 1.97116216 6.72456001 0.99991655
6.76798314 1.97117747 6.72448073 0.99991993
6.76782004 1.97119248 6.72440304 0.99992319
6.76766020 1.97120718 6.72432690 0.99992631
6.76750355 1.97122159 6.72425228 0.99992931
6.76735004 1.97123572 6.72417915 0.99993219
6.76719960 1.97124956 6.72410748 0.99993496
6.76705217 1.97126312 6.72403725 0.99993762
6.76690768 1.97127642 6.72396842 0.99994017
6.76676608 1.97128945 6.72390097 0.99994263
6.76662732 1.97130221 6.72383487 0.99994498
6.76649133 1.97131473 6.72377009 0.99994724
6.76635805 1.97132699 6.72370660 0.99994942
6.76622745 1.97133900 6.72364438 0.99995150
6.76609945 1.97135078 6.72358341 0.99995351
6.76597401 1.97136232 6.72352366 0.99995543
6.76585109 1.97137363 6.72346510 0.99995728
6.76573062 1.97138471 6.72340771 0.99995905
6.76561256 1.97139558 6.72335147 0.99996076
6.76549686 1.97140622 6.72329636 0.99996239
6.76538347 1.97141665 6.72324234 0.99996397
6.76527235 1.97142688 6.72318941 0.99996548
6.76516345 1.97143689 6.72313753 0.99996693
6.76505674 1.97144671 6.72308670 0.99996832
6.76495215 1.97145634 6.72303688 0.99996966
6.76484966 1.97146577 6.72298805 0.99997094
6.76474921 1.97147501 6.72294020 0.99997218
6.76465078 1.97148406 6.72289331 0.99997336
6.76455431 1.97149294 6.72284736 0.99997450
6.76445977 1.97150164 6.72280233 0.99997559
6.76436712 1.97151016 6.72275819 0.99997664
6.76427633 1.97151851 6.72271494 0.99997765
6.76418735 1.97152670 6.72267255 0.99997862
6.76410015 1.97153472 6.72263101 0.99997955
6.76401469 1.97154258 6.72259031 0.99998044
6.76393095 1.97155029 6.72255041 0.99998130
6.76384888 1.97155784 6.72251132 0.99998212
6.76376844 1.97156524 6.72247300 0.99998292
6.76368962 1.97157249 6.72243545 0.99998368
6.76361238 1.97157960 6.72239866 0.99998441
6.76353667 1.97158656 6.72236259 0.99998511
6.76346249 1.97159339 6.72232725 0.99998578
6.76338978 1.97160008 6.72229262 0.99998643
6.76331853 1.97160663 6.72225868 0.99998705
6.76324871 1.97161305 6.72222542 0.99998764
6.76318028 1.97161935 6.72219282 0.99998822
6.76311322 1.97162552 6.72216088 0.99998877
6.76304750 1.97163157 6.72212957 0.99998929
6.76298309 1.97163749 6.72209889 0.99998980
6.76291998 1.97164330 6.72206882 0.99999029
6.76285812 1.97164899 6.72203936 0.99999076
6.76279751 1.97165456 6.72201048 0.99999121
6.76273810 1.97166003 6.72198218 0.99999164
6.76267988 1.97166539 6.72195445 0.99999205
6.76262283 1.97167063 6.72192727 0.99999245
6.76256692 1.97167578 6.72190064 0.99999283
6.76251212 1.97168082 6.72187454 0.99999320
6.76245842 1.97168576 6.72184896 0.99999355
6.76240580 1.97169060 6.72182389 0.99999389
6.76235423 1.97169535 6.72179932 0.99999422
6.76230369 1.97170000 6.72177524 0.99999453
6.76225416 1.97170455 6.72175165 0.99999483
6.76220562 1.97170902 6.72172853 0.99999512
6.76215805 1.97171339 6.72170587 0.99999539
6.76211143 1.97171768 6.72168366 0.99999566
6.76206575 1.97172188 6.72166190 0.99999591
6.76202098 1.97172600 6.72164057 0.99999616
6.76197710 1.97173004 6.72161967 0.99999640
6.76193410 1.97173400 6.72159919 0.99999662
6.76189196 1.97173787 6.72157911 0.99999684
6.76185067 1.97174167 6.72155944 0.99999705
6.76181020 1.97174539 6.72154016 0.99999725
6.76177054 1.97174904 6.72152127 0.99999744
6.76173167 1.97175262 6.72150276 0.99999762
6.76169358 1.97175612 6.72148461 0.99999780
6.76165625 1.97175956 6.72146683 0.99999797
6.76161967 1.97176292 6.72144940 0.99999814
6.76158382 1.97176622 6.72143233 0.99999829
6.76154869 1.97176945 6.72141559 0.99999844
6.76151426 1.97177262 6.72139919 0.99999859
6.76148051 1.97177572 6.72138311 0.99999873
6.76144745 1.97177877 6.72136736 0.99999886
6.76141504 1.97178175 6.72135193 0.99999899
6.76138328 1.97178467 6.72133680 0.99999911
6.76135216 1.97178753 6.72132197 0.99999923
6.76132166 1.97179034 6.72130744 0.99999935
6.76129177 1.97179309 6.72129320 0.99999946
6.76126248 1.97179578 6.72127925 0.99999956
6.76123377 1.97179842 6.72126557 0.99999966
6.76120564 1.97180101 6.72125217 0.99999976
6.76117807 1.97180355 6.72123904 0.99999985
6.76115105 1.97180603 6.72122617 0.99999994
6.76112457 1.97180847 6.72121356 1.00000003
6.76109862 1.97181086 6.72120120 1.00000011
6.76107319 1.97181319 6.72118908 1.00000019
6.76104827 1.97181549 6.72117721 1.00000026
6.76102385 1.97181773 6.72116558 1.00000034
6.76099991 1.97181994 6.72115417 1.00000041
6.76097646 1.97182209 6.72114300 1.00000047
6.76095347 1.97182421 6.72113205 1.00000054
6.76093094 1.97182628 6.72112132 1.00000060
6.76090887 1.97182831 6.72111080 1.00000066
6.76088723 1.97183030 6.72110050 1.00000072
6.76086603 1.97183225 6.72109040 1.00000077
6.76084525 1.97183416 6.72108050 1.00000082
6.76082489 1.97183604 6.72107080 1.00000088
6.76080493 1.97183787 6.72106129 1.00000092
6.76078538 1.97183967 6.72105198 1.00000097
6.76076621 1.97184143 6.72104285 1.00000102
6.76074743 1.97184316 6.72103390 1.00000106
6.76072902 1.97184485 6.72102513 1.00000110
6.76071099 1.97184651 6.72101654 1.00000114
6.76069331 1.97184814 6.72100812 1.00000118
6.76067599 1.97184973 6.72099987 1.00000122
6.76065901 1.97185130 6.72099178 1.00000125
6.76064237 1.97185283 6.72098385 1.00000128
6.76062606 1.97185433 6.72097609 1.00000132
6.76061009 1.97185580 6.72096847 1.00000135
6.76059443 1.97185724 6.72096102 1.00000138
6.76057908 1.97185865 6.72095370 1.00000141
6.76056404 1.97186003 6.72094654 1.00000143
6.76054930 1.97186139 6.72093952 1.00000146
6.76053486 1.97186272 6.72093264 1.00000149
6.76052070 1.97186402 6.72092590 1.00000151
6.76050683 1.97186529 6.72091929 1.00000153
6.76049324 1.97186654 6.72091281 1.00000156
6.76047991 1.97186777 6.72090647 1.00000158
6.76046686 1.97186897 6.72090025 1.00000160
6.76045406 1.97187015 6.72089415 1.00000162
6.76044152 1.97187130 6.72088818 1.00000164
6.76042923 1.97187243 6.72088232 1.00000166
6.76041719 1.97187354 6.72087659 1.00000168
6.76040539 1.97187463 6.72087097 1.00000169
6.76039382 1.97187569 6.72086546 1.00000171
6.76038249 1.97187673 6.72086006 1.00000172
6.76037138 1.97187775 6.72085477 1.00000174
6.76036050 1.97187876 6.72084958 1.00000175
6.76034983 1.97187974 6.72084450 1.00000177
6.76033937 1.97188070 6.72083952 1.00000178
6.76032913 1.97188164 6.72083464 1.00000179
6.76031909 1.97188256 6.72082985 1.00000181
6.76030925 1.97188347 6.72082517 1.00000182
6.76029960 1.97188436 6.72082057 1.00000183
6.76029015 1.97188523 6.72081607 1.00000184
6.76028089 1.97188608 6.72081166 1.00000185
6.76027182 1.97188691 6.72080734 1.00000186
