5.16068586 1.15865612 6.23489756 0.00508799
5.16062212 1.15867466 6.23467339 0.00509346
5.16055832 1.15869320 6.23444902 0.00509894
5.16049445 1.15871177 6.23422442 0.00510443
5.16043053 1.15873036 6.23399960 0.00510993
5.16036654 1.15874896 6.23377457 0.00511544
5.16030249 1.15876758 6.23354931 0.00512096
5.16023838 1.15878622 6.23332384 0.00512650
5.16017421 1.15880488 6.23309814 0.00513204
5.16010997 1.15882355 6.23287222 0.00513759
5.16004567 1.15884224 6.23264608 0.00514316
5.15998131 1.15886096 6.23241972 0.00514873
5.15991688 1.15887969 6.23219314 0.00515432
5.15985239 1.15889844 6.23196634 0.00515992
5.15978784 1.15891720 6.23173931 0.00516553
5.15972322 1.15893599 6.23151206 0.00517115
5.15965854 1.15895479 6.23128458 0.00517678
5.15959380 1.15897361 6.23105688 0.00518242
5.15952899 1.15899246 6.23082896 0.00518807
5.15946412 1.15901131 6.23060081 0.00519374
5.15939919 1.15903019 6.23037243 0.00519941
5.15933419 1.15904909 6.23014383 0.00520510
5.15926912 1.15906800 6.22991500 0.00521080
5.15920400 1.15908694 6.22968595 0.00521651
5.15913880 1.15910589 6.22945667 0.00522223
5.15907355 1.15912486 6.22922716 0.00522796
5.15900822 1.15914385 6.22899742 0.00523370
5.15894284 1.15916286 6.22876746 0.00523946
5.15887739 1.15918189 6.22853726 0.00524523
5.15881187 1.15920094 6.22830684 0.00525100
5.15874629 1.15922000 6.22807619 0.00525679
5.15868064 1.15923909 6.22784530 0.00526259
5.15861493 1.15925819 6.22761419 0.00526841
5.15854915 1.15927731 6.22738284 0.00527423
5.15848331 1.15929646 6.22715127 0.00528007
5.15841740 1.15931562 6.22691946 0.00528591
5.15835142 1.15933480 6.22668742 0.00529177
5.15828538 1.15935400 6.22645514 0.00529764
5.15821927 1.15937322 6.22622264 0.00530353
5.15815310 1.15939245 6.22598990 0.00530942
5.15808686 1.15941171 6.22575692 0.00531533
5.15802055 1.15943099 6.22552371 0.00532125
5.15795418 1.15945028 6.22529027 0.00532718
5.15788774 1.15946960 6.22505659 0.00533312
5.15782123 1.15948893 6.22482267 0.00533907
5.15775466 1.15950829 6.22458852 0.00534504
5.15768802 1.15952766 6.22435413 0.00535102
5.15762131 1.15954706 6.22411951 0.00535701
5.15755453 1.15956647 6.22388464 0.00536301
5.15748769 1.15958590 6.22364954 0.00536903
5.15742077 1.15960535 6.22341420 0.00537505
5.15735380 1.15962482 6.22317862 0.00538109
5.15728675 1.15964432 6.22294281 0.00538715
5.15721963 1.15966383 6.22270675 0.00539321
5.15715245 1.15968336 6.22247045 0.00539929
5.15708520 1.15970291 6.22223391 0.00540537
5.15701788 1.15972248 6.22199713 0.00541148
5.15695049 1.15974207 6.22176011 0.00541759
5.15688303 1.15976168 6.22152284 0.00542372
5.15681550 1.15978131 6.22128533 0.00542985
5.15674790 1.15980096 6.22104758 0.00543601
5.15668024 1.15982064 6.22080959 0.00544217
5.15661251 1.15984033 6.22057135 0.00544835
5.15654470 1.15986004 6.22033287 0.00545453
5.15647683 1.15987977 6.22009414 0.00546074
5.15640889 1.15989952 6.21985517 0.00546695
5.15634087 1.15991929 6.21961595 0.00547318
5.15627279 1.15993909 6.21937648 0.00547942
5.15620464 1.15995890 6.21913677 0.00548567
5.15613641 1.15997873 6.21889681 0.00549194
5.15606812 1.15999859 6.21865660 0.00549822
5.15599976 1.16001846 6.21841615 0.00550451
5.15593132 1.16003835 6.21817544 0.00551081
5.15586282 1.16005827 6.21793449 0.00551713
5.15579424 1.16007820 6.21769328 0.00552346
5.15572559 1.16009816 6.21745183 0.00552981
5.15565688 1.16011814 6.21721012 0.00553617
5.15558809 1.16013813 6.21696817 0.00554254
5.15551922 1.16015815 6.21672596 0.00554892
5.15545029 1.16017819 6.21648350 0.00555532
5.15538129 1.16019825 6.21624078 0.00556173
5.15531221 1.16021833 6.21599782 0.00556815
5.15524306 1.16023844 6.21575460 0.00557459
5.15517384 1.16025856 6.21551112 0.00558104
5.15510455 1.16027870 6.21526739 0.00558751
5.15503518 1.16029887 6.21502341 0.00559398
5.15496575 1.16031905 6.21477917 0.00560048
5.15489624 1.16033926 6.21453468 0.00560698
5.15482665 1.16035949 6.21428992 0.00561350
5.15475700 1.16037974 6.21404491 0.00562003
5.15468727 1.16040001 6.21379965 0.00562658
5.15461746 1.16042030 6.21355412 0.00563314
5.15454759 1.16044061 6.21330833 0.00563971
5.15447764 1.16046095 6.21306229 0.00564630
5.15440761 1.16048130 6.21281599 0.00565290
5.15433752 1.16050168 6.21256942 0.00565952
5.15426735 1.16052208 6.21232260 0.00566615
5.15419710 1.16054250 6.21207551 0.00567279
5.15412678 1.16056294 6.21182817 0.00567945
5.15405639 1.16058341 6.21158056 0.00568612
5.15398592 1.16060389 6.21133268 0.00569281
5.15391537 1.16062440 6.21108455 0.00569951
5.15384476 1.16064493 6.21083615 0.00570622
5.15377406 1.16066548 6.21058748 0.00571295
5.15370329 1.16068605 6.21033855 0.00571970
5.15363245 1.16070664 6.21008936 0.00572645
5.15356153 1.16072726 6.20983990 0.00573323
5.15349053 1.16074790 6.20959017 0.00574001
5.15341946 1.16076856 6.20934017 0.00574681
5.15334832 1.16078924 6.20908991 0.00575363
5.15327709 1.16080995 6.20883938 0.00576046
5.15320579 1.16083067 6.20858858 0.00576730
5.15313442 1.16085142 6.20833751 0.00577416
5.15306296 1.16087219 6.20808618 0.00578104
5.15299144 1.16089298 6.20783457 0.00578793
5.15291983 1.16091380 6.20758269 0.00579483
5.15284815 1.16093464 6.20733054 0.00580175
5.15277639 1.16095550 6.20707812 0.00580868
5.15270455 1.16097638 6.20682542 0.00581563
5.15263263 1.16099729 6.20657245 0.00582260
5.15256064 1.16101821 6.20631921 0.00582958
5.15248857 1.16103917 6.20606570 0.00583657
5.15241642 1.16106014 6.20581191 0.00584358
5.15234420 1.16108113 6.20555784 0.00585060
5.15227189 1.16110215 6.20530350 0.00585764
5.15219951 1.16112319 6.20504888 0.00586470
5.15212705 1.16114426 6.20479399 0.00587177
5.15205450 1.16116535 6.20453882 0.00587886
5.15198189 1.16118646 6.20428336 0.00588596
5.15190919 1.16120759 6.20402764 0.00589307
5.15183641 1.16122874 6.20377163 0.00590021
5.15176355 1.16124992 6.20351534 0.00590735
5.15169061 1.16127113 6.20325877 0.00591452
5.15161760 1.16129235 6.20300192 0.00592170
5.15154450 1.16131360 6.20274479 0.00592889
5.15147132 1.16133487 6.20248738 0.00593610
5.15139807 1.16135617 6.20222968 0.00594333
5.15132473 1.16137748 6.20197171 0.00595057
5.15125131 1.16139883 6.20171344 0.00595783
5.15117781 1.16142019 6.20145490 0.00596510
5.15110424 1.16144158 6.20119607 0.00597239
5.15103058 1.16146299 6.20093695 0.00597970
5.15095683 1.16148443 6.20067755 0.00598702
5.15088301 1.16150589 6.20041786 0.00599436
5.15080911 1.16152737 6.20015788 0.00600172
5.15073512 1.16154888 6.19989761 0.00600909
5.15066105 1.16157041 6.19963706 0.00601648
5.15058690 1.16159196 6.19937622 0.00602388
5.15051267 1.16161354 6.19911508 0.00603130
5.15043835 1.16163514 6.19885366 0.00603874
5.15036396 1.16165677 6.19859195 0.00604619
5.15028948 1.16167842 6.19832994 0.00605366
5.15021491 1.16170010 6.19806764 0.00606115
5.15014027 1.16172179 6.19780505 0.00606866
5.15006554 1.16174352 6.19754217 0.00607618
5.14999073 1.16176526 6.19727899 0.00608371
5.14991583 1.16178703 6.19701552 0.00609127
5.14984085 1.16180883 6.19675175 0.00609884
5.14976578 1.16183065 6.19648769 0.00610643
5.14969064 1.16185249 6.19622333 0.00611403
5.14961540 1.16187436 6.19595867 0.00612166
5.14954009 1.16189626 6.19569372 0.00612929
5.14946468 1.16191818 6.19542847 0.00613695
5.14938920 1.16194012 6.19516291 0.00614463
5.14931363 1.16196209 6.19489706 0.00615232
5.14923797 1.16198408 6.19463091 0.00616003
5.14916223 1.16200609 6.19436446 0.00616775
5.14908640 1.16202814 6.19409771 0.00617550
5.14901049 1.16205020 6.19383065 0.00618326
5.14893449 1.16207229 6.19356329 0.00619104
5.14885840 1.16209441 6.19329563 0.00619883
5.14878223 1.16211655 6.19302766 0.00620665
5.14870597 1.16213872 6.19275939 0.00621448
5.14862963 1.16216091 6.19249082 0.00622233
5.14855319 1.16218313 6.19222194 0.00623020
5.14847667 1.16220537 6.19195275 0.00623808
5.14840007 1.16222764 6.19168325 0.00624599
5.14832338 1.16224993 6.19141345 0.00625391
5.14824659 1.16227225 6.19114334 0.00626185
5.14816973 1.16229459 6.19087291 0.00626981
5.14809277 1.16231696 6.19060218 0.00627778
5.14801572 1.16233936 6.19033114 0.00628578
5.14793859 1.16236178 6.19005979 0.00629379
5.14786137 1.16238423 6.18978812 0.00630182
5.14778406 1.16240670 6.18951615 0.00630987
5.14770666 1.16242920 6.18924385 0.00631794
5.14762917 1.16245172 6.18897125 0.00632603
5.14755159 1.16247427 6.18869833 0.00633413
5.14747392 1.16249685 6.18842510 0.00634226
5.14739617 1.16251945 6.18815155 0.00635040
5.14731832 1.16254208 6.18787768 0.00635856
5.14724038 1.16256473 6.18760349 0.00636674
5.14716236 1.16258741 6.18732899 0.00637494
5.14708424 1.16261012 6.18705417 0.00638316
5.14700603 1.16263285 6.18677903 0.00639140
5.14692773 1.16265561 6.18650357 0.00639966
5.14684934 1.16267840 6.18622779 0.00640794
5.14677086 1.16270121 6.18595168 0.00641623
5.14669229 1.16272405 6.18567526 0.00642455
5.14661362 1.16274692 6.18539851 0.00643288
5.14653487 1.16276981 6.18512144 0.00644124
5.14645602 1.16279273 6.18484404 0.00644961
5.14637708 1.16281567 6.18456632 0.00645800
5.14629804 1.16283865 6.18428828 0.00646642
5.14621892 1.16286165 6.18400990 0.00647485
5.14613970 1.16288467 6.18373120 0.00648330
5.14606039 1.16290773 6.18345218 0.00649178
5.14598098 1.16293081 6.18317282 0.00650027
5.14590149 1.16295391 6.18289313 0.00650878
5.14582189 1.16297705 6.18261312 0.00651732
5.14574221 1.16300021 6.18233277 0.00652587
5.14566243 1.16302340 6.18205209 0.00653444
5.14558255 1.16304662 6.18177108 0.00654304
5.14550259 1.16306986 6.18148974 0.00655165
5.14542252 1.16309313 6.18120806 0.00656028
5.14534236 1.16311643 6.18092605 0.00656894
5.14526211 1.16313976 6.18064371 0.00657761
5.14518176 1.16316312 6.18036103 0.00658631
5.14510132 1.16318650 6.18007801 0.00659503
5.14502078 1.16320991 6.17979465 0.00660377
5.14494014 1.16323335 6.17951096 0.00661252
5.14485941 1.16325681 6.17922692 0.00662130
5.14477858 1.16328031 6.17894255 0.00663010
5.14469765 1.16330383 6.17865784 0.00663893
5.14461663 1.16332738 6.17837278 0.00664777
5.14453551 1.16335096 6.17808739 0.00665663
5.14445430 1.16337456 6.17780165 0.00666552
5.14437298 1.16339820 6.17751557 0.00667442
5.14429157 1.16342186 6.17722914 0.00668335
5.14421006 1.16344556 6.17694237 0.00669230
5.14412845 1.16346928 6.17665525 0.00670127
5.14404675 1.16349302 6.17636779 0.00671027
5.14396494 1.16351680 6.17607997 0.00671928
5.14388304 1.16354061 6.17579182 0.00672832
5.14380104 1.16356444 6.17550331 0.00673738
5.14371894 1.16358831 6.17521445 0.00674646
5.14363674 1.16361220 6.17492524 0.00675556
5.14355443 1.16363612 6.17463568 0.00676468
5.14347203 1.16366007 6.17434577 0.00677383
5.14338953 1.16368405 6.17405550 0.00678300
5.14330693 1.16370806 6.17376489 0.00679219
5.14322423 1.16373210 6.17347391 0.00680141
5.14314143 1.16375617 6.17318258 0.00681064
5.14305852 1.16378027 6.17289090 0.00681990
5.14297552 1.16380439 6.17259886 0.00682918
5.14289241 1.16382855 6.17230646 0.00683849
5.14280920 1.16385273 6.17201370 0.00684781
5.14272589 1.16387695 6.17172059 0.00685716
5.14264248 1.16390119 6.17142711 0.00686654
5.14255896 1.16392547 6.17113327 0.00687593
5.14247535 1.16394977 6.17083907 0.00688535
5.14239163 1.16397411 6.17054451 0.00689480
5.14230780 1.16399847 6.17024958 0.00690426
5.14222388 1.16402286 6.16995429 0.00691375
5.14213984 1.16404729 6.16965864 0.00692326
5.14205571 1.16407174 6.16936262 0.00693280
5.14197147 1.16409623 6.16906623 0.00694236
5.14188713 1.16412074 6.16876947 0.00695194
5.14180268 1.16414529 6.16847235 0.00696155
5.14171813 1.16416986 6.16817486 0.00697118
5.14163347 1.16419447 6.16787699 0.00698084
5.14154871 1.16421911 6.16757876 0.00699052
5.14146384 1.16424377 6.16728015 0.00700022
5.14137886 1.16426847 6.16698117 0.00700995
5.14129378 1.16429320 6.16668181 0.00701970
5.14120859 1.16431796 6.16638209 0.00702948
5.14112330 1.16434275 6.16608198 0.00703928
5.14103790 1.16436757 6.16578150 0.00704911
5.14095239 1.16439243 6.16548065 0.00705896
5.14086678 1.16441731 6.16517941 0.00706883
5.14078106 1.16444223 6.16487780 0.00707873
5.14069523 1.16446717 6.16457580 0.00708866
5.14060929 1.16449215 6.16427343 0.00709861
5.14052324 1.16451716 6.16397067 0.00710858
5.14043709 1.16454220 6.16366753 0.00711858
5.14035082 1.16456728 6.16336401 0.00712861
5.14026445 1.16459238 6.16306010 0.00713866
5.14017797 1.16461752 6.16275581 0.00714874
5.14009137 1.16464268 6.16245113 0.00715884
5.14000467 1.16466788 6.16214606 0.00716897
5.13991786 1.16469312 6.16184061 0.00717912
5.13983094 1.16471838 6.16153477 0.00718930
5.13974390 1.16474368 6.16122853 0.00719951
5.13965676 1.16476901 6.16092191 0.00720974
5.13956951 1.16479437 6.16061490 0.00722000
5.13948214 1.16481976 6.16030749 0.00723028
5.13939466 1.16484518 6.15999969 0.00724059
5.13930707 1.16487064 6.15969149 0.00725093
5.13921937 1.16489613 6.15938290 0.00726129
5.13913155 1.16492166 6.15907391 0.00727169
5.13904362 1.16494721 6.15876453 0.00728210
5.13895558 1.16497280 6.15845475 0.00729255
5.13886743 1.16499842 6.15814456 0.00730302
5.13877916 1.16502408 6.15783398 0.00731351
5.13869078 1.16504977 6.15752300 0.00732404
5.13860228 1.16507549 6.15721161 0.00733459
5.13851367 1.16510124 6.15689982 0.00734517
5.13842495 1.16512703 6.15658763 0.00735578
5.13833611 1.16515285 6.15627503 0.00736641
5.13824715 1.16517870 6.15596203 0.00737708
5.13815808 1.16520459 6.15564862 0.00738777
5.13806890 1.16523051 6.15533480 0.00739848
5.13797960 1.16525647 6.15502057 0.00740923
5.13789018 1.16528246 6.15470593 0.00742000
5.13780064 1.16530848 6.15439088 0.00743081
5.13771099 1.16533454 6.15407542 0.00744164
5.13762122 1.16536063 6.15375955 0.00745249
5.13753133 1.16538675 6.15344326 0.00746338
5.13744133 1.16541291 6.15312655 0.00747430
5.13735120 1.16543911 6.15280943 0.00748524
5.13726096 1.16546534 6.15249190 0.00749621
5.13717060 1.16549160 6.15217394 0.00750722
5.13708012 1.16551789 6.15185557 0.00751825
5.13698952 1.16554423 6.15153678 0.00752931
5.13689881 1.16557059 6.15121756 0.00754040
5.13680797 1.16559699 6.15089793 0.00755152
5.13671701 1.16562343 6.15057787 0.00756267
5.13662593 1.16564990 6.15025738 0.00757384
5.13653473 1.16567641 6.14993647 0.00758505
5.13644341 1.16570295 6.14961514 0.00759629
5.13635197 1.16572952 6.14929337 0.00760756
5.13626041 1.16575614 6.14897118 0.00761885
5.13616873 1.16578278 6.14864856 0.00763018
5.13607692 1.16580947 6.14832551 0.00764154
5.13598499 1.16583618 6.14800203 0.00765293
5.13589294 1.16586294 6.14767811 0.00766435
5.13580076 1.16588973 6.14735376 0.00767580
5.13570846 1.16591655 6.14702897 0.00768728
5.13561604 1.16594342 6.14670375 0.00769879
5.13552349 1.16597031 6.14637810 0.00771033
5.13543082 1.16599725 6.14605200 0.00772190
5.13533803 1.16602422 6.14572546 0.00773351
5.13524511 1.16605122 6.14539849 0.00774514
5.13515206 1.16607827 6.14507107 0.00775681
5.13505889 1.16610534 6.14474321 0.00776851
5.13496559 1.16613246 6.14441491 0.00778024
5.13487217 1.16615961 6.14408616 0.00779200
5.13477862 1.16618680 6.14375697 0.00780379
5.13468494 1.16621403 6.14342733 0.00781562
5.13459114 1.16624129 6.14309724 0.00782748
5.13449720 1.16626859 6.14276670 0.00783937
5.13440314 1.16629593 6.14243571 0.00785129
5.13430896 1.16632330 6.14210427 0.00786325
5.13421464 1.16635071 6.14177237 0.00787523
5.13412019 1.16637816 6.14144003 0.00788726
5.13402562 1.16640565 6.14110722 0.00789931
5.13393092 1.16643317 6.14077397 0.00791140
5.13383608 1.16646073 6.14044025 0.00792352
5.13374112 1.16648833 6.14010608 0.00793567
5.13364602 1.16651597 6.13977144 0.00794786
5.13355080 1.16654365 6.13943635 0.00796008
5.13345544 1.16657136 6.13910079 0.00797233
5.13335996 1.16659911 6.13876477 0.00798462
5.13326434 1.16662690 6.13842828 0.00799694
5.13316858 1.16665473 6.13809133 0.00800930
5.13307270 1.16668260 6.13775392 0.00802169
5.13297668 1.16671050 6.13741603 0.00803411
5.13288053 1.16673845 6.13707768 0.00804657
5.13278425 1.16676643 6.13673885 0.00805907
5.13268783 1.16679445 6.13639956 0.00807160
5.13259128 1.16682251 6.13605979 0.00808416
5.13249459 1.16685061 6.13571954 0.00809676
5.13239777 1.16687875 6.13537882 0.00810940
5.13230081 1.16690693 6.13503763 0.00812207
5.13220372 1.16693515 6.13469596 0.00813477
5.13210649 1.16696340 6.13435380 0.00814751
5.13200913 1.16699170 6.13401117 0.00816029
5.13191163 1.16702004 6.13366806 0.00817310
5.13181399 1.16704841 6.13332446 0.00818595
5.13171621 1.16707683 6.13298038 0.00819883
5.13161830 1.16710529 6.13263581 0.00821176
5.13152025 1.16713378 6.13229076 0.00822471
5.13142206 1.16716232 6.13194522 0.00823771
5.13132373 1.16719090 6.13159919 0.00825074
5.13122526 1.16721951 6.13125267 0.00826381
5.13112665 1.16724817 6.13090566 0.00827691
5.13102791 1.16727687 6.13055815 0.00829006
5.13092902 1.16730561 6.13021015 0.00830324
5.13082999 1.16733439 6.12986166 0.00831645
5.13073082 1.16736321 6.12951266 0.00832971
5.13063151 1.16739207 6.12916317 0.00834300
5.13053206 1.16742098 6.12881318 0.00835634
5.13043246 1.16744992 6.12846269 0.00836970
5.13033272 1.16747891 6.12811170 0.00838311
5.13023284 1.16750793 6.12776020 0.00839656
5.13013282 1.16753700 6.12740820 0.00841004
5.13003265 1.16756611 6.12705569 0.00842357
5.12993234 1.16759527 6.12670268 0.00843713
5.12983188 1.16762446 6.12634915 0.00845073
5.12973128 1.16765370 6.12599512 0.00846438
5.12963054 1.16768298 6.12564057 0.00847806
5.12952965 1.16771230 6.12528551 0.00849178
5.12942861 1.16774166 6.12492993 0.00850554
5.12932742 1.16777107 6.12457384 0.00851934
5.12922609 1.16780052 6.12421724 0.00853318
5.12912461 1.16783001 6.12386011 0.00854706
5.12902299 1.16785954 6.12350246 0.00856098
5.12892121 1.16788912 6.12314430 0.00857494
5.12881929 1.16791874 6.12278561 0.00858894
5.12871722 1.16794841 6.12242639 0.00860299
5.12861500 1.16797811 6.12206665 0.00861707
5.12851263 1.16800786 6.12170638 0.00863120
5.12841011 1.16803766 6.12134559 0.00864537
5.12830744 1.16806750 6.12098426 0.00865958
5.12820462 1.16809738 6.12062240 0.00867383
5.12810165 1.16812730 6.12026001 0.00868812
5.12799852 1.16815727 6.11989709 0.00870246
5.12789524 1.16818729 6.11953363 0.00871683
5.12779182 1.16821735 6.11916963 0.00873125
5.12768823 1.16824745 6.11880509 0.00874572
5.12758450 1.16827759 6.11844001 0.00876022
5.12748061 1.16830779 6.11807439 0.00877477
5.12737657 1.16833802 6.11770823 0.00878936
5.12727237 1.16836830 6.11734153 0.00880400
5.12716802 1.16839863 6.11697427 0.00881868
5.12706351 1.16842900 6.11660647 0.00883340
5.12695884 1.16845942 6.11623812 0.00884817
5.12685402 1.16848988 6.11586922 0.00886298
5.12674905 1.16852039 6.11549977 0.00887784
5.12664391 1.16855094 6.11512976 0.00889274
5.12653862 1.16858154 6.11475920 0.00890768
5.12643317 1.16861219 6.11438808 0.00892267
5.12632756 1.16864288 6.11401640 0.00893771
5.12622179 1.16867362 6.11364416 0.00895279
5.12611587 1.16870440 6.11327136 0.00896791
5.12600978 1.16873523 6.11289800 0.00898309
5.12590353 1.16876611 6.11252407 0.00899830
5.12579713 1.16879703 6.11214958 0.00901357
5.12569056 1.16882800 6.11177452 0.00902888
5.12558383 1.16885902 6.11139889 0.00904423
5.12547693 1.16889008 6.11102269 0.00905964
5.12536988 1.16892119 6.11064591 0.00907509
5.12526266 1.16895235 6.11026856 0.00909059
5.12515528 1.16898356 6.10989064 0.00910613
5.12504773 1.16901481 6.10951213 0.00912172
5.12494002 1.16904611 6.10913305 0.00913736
5.12483215 1.16907746 6.10875339 0.00915305
5.12472411 1.16910886 6.10837314 0.00916879
5.12461590 1.16914031 6.10799231 0.00918457
5.12450753 1.16917180 6.10761090 0.00920041
5.12439899 1.16920334 6.10722889 0.00921629
5.12429028 1.16923493 6.10684630 0.00923222
5.12418141 1.16926657 6.10646312 0.00924820
5.12407237 1.16929826 6.10607934 0.00926423
5.12396315 1.16933000 6.10569497 0.00928031
5.12385377 1.16936179 6.10531001 0.00929644
5.12374422 1.16939362 6.10492444 0.00931262
5.12363450 1.16942551 6.10453828 0.00932885
5.12352461 1.16945744 6.10415152 0.00934513
5.12341455 1.16948943 6.10376415 0.00936147
5.12330432 1.16952146 6.10337618 0.00937785
5.12319391 1.16955355 6.10298760 0.00939428
5.12308334 1.16958568 6.10259841 0.00941077
5.12297258 1.16961786 6.10220862 0.00942731
5.12286166 1.16965010 6.10181821 0.00944389
5.12275056 1.16968239 6.10142719 0.00946054
5.12263929 1.16971472 6.10103555 0.00947723
5.12252784 1.16974711 6.10064330 0.00949398
5.12241621 1.16977955 6.10025042 0.00951078
5.12230441 1.16981204 6.09985693 0.00952763
5.12219244 1.16984458 6.09946281 0.00954453
5.12208028 1.16987717 6.09906808 0.00956149
5.12196795 1.16990981 6.09867271 0.00957851
5.12185544 1.16994251 6.09827672 0.00959557
5.12174275 1.16997526 6.09788009 0.00961270
5.12162988 1.17000806 6.09748284 0.00962987
5.12151683 1.17004091 6.09708495 0.00964710
5.12140361 1.17007381 6.09668642 0.00966439
5.12129020 1.17010677 6.09628726 0.00968173
5.12117661 1.17013978 6.09588746 0.00969913
5.12106283 1.17017284 6.09548702 0.00971658
5.12094888 1.17020596 6.09508594 0.00973409
5.12083474 1.17023913 6.09468421 0.00975166
5.12072042 1.17027235 6.09428183 0.00976928
5.12060591 1.17030562 6.09387881 0.00978696
5.12049122 1.17033895 6.09347513 0.00980469
5.12037634 1.17037234 6.09307080 0.00982249
5.12026128 1.17040577 6.09266582 0.00984034
5.12014604 1.17043926 6.09226018 0.00985825
5.12003060 1.17047281 6.09185388 0.00987622
5.11991498 1.17050641 6.09144693 0.00989424
5.11979917 1.17054006 6.09103931 0.00991233
5.11968317 1.17057377 6.09063102 0.00993047
5.11956698 1.17060754 6.09022207 0.00994867
5.11945060 1.17064135 6.08981245 0.00996693
5.11933404 1.17067523 6.08940216 0.00998526
5.11921728 1.17070916 6.08899120 0.01000364
5.11910033 1.17074314 6.08857956 0.01002208
5.11898318 1.17077718 6.08816725 0.01004059
5.11886585 1.17081128 6.08775425 0.01005915
5.11874832 1.17084543 6.08734058 0.01007778
5.11863060 1.17087964 6.08692623 0.01009646
5.11851268 1.17091391 6.08651118 0.01011521
5.11839457 1.17094823 6.08609546 0.01013402
5.11827626 1.17098261 6.08567904 0.01015290
5.11815776 1.17101705 6.08526193 0.01017183
5.11803906 1.17105154 6.08484413 0.01019083
5.11792016 1.17108609 6.08442563 0.01020990
5.11780107 1.17112070 6.08400644 0.01022902
5.11768177 1.17115537 6.08358655 0.01024821
5.11756228 1.17119009 6.08316595 0.01026747
5.11744259 1.17122487 6.08274465 0.01028679
5.11732269 1.17125971 6.08232264 0.01030617
5.11720260 1.17129461 6.08189993 0.01032562
5.11708230 1.17132957 6.08147651 0.01034514
5.11696180 1.17136458 6.08105237 0.01036472
5.11684110 1.17139966 6.08062751 0.01038436
5.11672020 1.17143479 6.08020194 0.01040408
5.11659909 1.17146999 6.07977565 0.01042385
5.11647777 1.17150524 6.07934864 0.01044370
5.11635625 1.17154055 6.07892091 0.01046362
5.11623453 1.17157592 6.07849245 0.01048360
5.11611260 1.17161136 6.07806326 0.01050365
5.11599045 1.17164685 6.07763333 0.01052377
5.11586811 1.17168240 6.07720268 0.01054395
5.11574555 1.17171802 6.07677129 0.01056421
5.11562278 1.17175369 6.07633916 0.01058453
5.11549981 1.17178943 6.07590629 0.01060493
5.11537662 1.17182522 6.07547268 0.01062539
5.11525322 1.17186108 6.07503833 0.01064593
5.11512961 1.17189700 6.07460323 0.01066653
5.11500579 1.17193298 6.07416738 0.01068721
5.11488175 1.17196902 6.07373077 0.01070796
5.11475750 1.17200513 6.07329341 0.01072878
5.11463303 1.17204130 6.07285530 0.01074967
5.11450835 1.17207753 6.07241643 0.01077064
5.11438345 1.17211382 6.07197679 0.01079168
5.11425834 1.17215018 6.07153639 0.01081279
5.11413301 1.17218660 6.07109522 0.01083397
5.11400746 1.17222308 6.07065329 0.01085523
5.11388169 1.17225963 6.07021058 0.01087656
5.11375570 1.17229624 6.06976710 0.01089797
5.11362949 1.17233291 6.06932285 0.01091945
5.11350306 1.17236965 6.06887781 0.01094101
5.11337641 1.17240645 6.06843199 0.01096265
5.11324954 1.17244332 6.06798539 0.01098436
5.11312244 1.17248025 6.06753801 0.01100614
5.11299512 1.17251725 6.06708983 0.01102801
5.11286757 1.17255431 6.06664086 0.01104995
5.11273980 1.17259144 6.06619110 0.01107196
5.11261180 1.17262864 6.06574054 0.01109406
5.11248358 1.17266590 6.06528918 0.01111624
5.11235512 1.17270322 6.06483702 0.01113849
5.11222644 1.17274062 6.06438405 0.01116082
5.11209753 1.17277807 6.06393028 0.01118324
5.11196839 1.17281560 6.06347570 0.01120573
5.11183902 1.17285319 6.06302030 0.01122830
5.11170942 1.17289085 6.06256409 0.01125096
5.11157958 1.17292858 6.06210706 0.01127369
5.11144952 1.17296637 6.06164921 0.01129651
5.11131922 1.17300424 6.06119054 0.01131941
5.11118868 1.17304217 6.06073104 0.01134239
5.11105791 1.17308017 6.06027071 0.01136546
5.11092690 1.17311824 6.05980955 0.01138861
5.11079566 1.17315637 6.05934756 0.01141184
5.11066418 1.17319458 6.05888473 0.01143516
5.11053246 1.17323285 6.05842106 0.01145856
5.11040050 1.17327120 6.05795654 0.01148205
5.11026830 1.17330961 6.05749118 0.01150562
5.11013586 1.17334810 6.05702498 0.01152928
5.11000318 1.17338665 6.05655792 0.01155302
5.10987026 1.17342527 6.05609000 0.01157686
5.10973709 1.17346397 6.05562123 0.01160078
5.10960368 1.17350274 6.05515160 0.01162478
5.10947002 1.17354157 6.05468111 0.01164888
5.10933612 1.17358048 6.05420975 0.01167306
5.10920197 1.17361946 6.05373752 0.01169734
5.10906758 1.17365851 6.05326442 0.01172170
5.10893293 1.17369764 6.05279044 0.01174616
5.10879804 1.17373683 6.05231559 0.01177070
5.10866289 1.17377610 6.05183986 0.01179534
5.10852750 1.17381545 6.05136324 0.01182006
5.10839185 1.17385486 6.05088574 0.01184488
5.10825596 1.17389435 6.05040734 0.01186979
5.10811980 1.17393391 6.04992806 0.01189480
5.10798340 1.17397355 6.04944787 0.01191990
5.10784674 1.17401326 6.04896679 0.01194509
5.10770982 1.17405304 6.04848481 0.01197038
5.10757265 1.17409290 6.04800192 0.01199576
5.10743521 1.17413284 6.04751813 0.01202124
5.10729752 1.17417284 6.04703342 0.01204681
5.10715957 1.17421293 6.04654780 0.01207248
5.10702136 1.17425309 6.04606126 0.01209825
5.10688289 1.17429333 6.04557379 0.01212412
5.10674416 1.17433364 6.04508541 0.01215008
5.10660516 1.17437403 6.04459610 0.01217614
5.10646590 1.17441449 6.04410585 0.01220231
5.10632637 1.17445503 6.04361467 0.01222857
5.10618658 1.17449565 6.04312256 0.01225493
5.10604652 1.17453635 6.04262950 0.01228139
5.10590619 1.17457713 6.04213551 0.01230796
5.10576559 1.17461798 6.04164056 0.01233462
5.10562472 1.17465891 6.04114466 0.01236139
5.10548359 1.17469992 6.04064781 0.01238826
5.10534218 1.17474101 6.04015001 0.01241524
5.10520050 1.17478218 6.03965124 0.01244232
5.10505854 1.17482343 6.03915150 0.01246950
5.10491631 1.17486475 6.03865081 0.01249679
5.10477381 1.17490616 6.03814913 0.01252419
5.10463103 1.17494765 6.03764649 0.01255169
5.10448797 1.17498922 6.03714287 0.01257930
5.10434463 1.17503087 6.03663826 0.01260702
5.10420101 1.17507260 6.03613267 0.01263485
5.10405711 1.17511441 6.03562610 0.01266278
5.10391293 1.17515630 6.03511853 0.01269083
5.10376847 1.17519828 6.03460996 0.01271898
5.10362372 1.17524034 6.03410040 0.01274725
5.10347869 1.17528248 6.03358983 0.01277562
5.10333338 1.17532470 6.03307826 0.01280411
5.10318778 1.17536701 6.03256568 0.01283271
5.10304189 1.17540940 6.03205208 0.01286143
5.10289571 1.17545187 6.03153747 0.01289026
5.10274924 1.17549443 6.03102183 0.01291920
5.10260248 1.17553708 6.03050517 0.01294826
5.10245543 1.17557980 6.02998748 0.01297743
5.10230808 1.17562262 6.02946876 0.01300672
5.10216044 1.17566551 6.02894901 0.01303613
5.10201251 1.17570850 6.02842821 0.01306566
5.10186428 1.17575157 6.02790637 0.01309530
5.10171575 1.17579473 6.02738348 0.01312506
5.10156692 1.17583797 6.02685955 0.01315495
5.10141780 1.17588130 6.02633455 0.01318495
5.10126837 1.17592472 6.02580850 0.01321507
5.10111864 1.17596822 6.02528138 0.01324532
5.10096861 1.17601182 6.02475320 0.01327569
5.10081828 1.17605550 6.02422394 0.01330618
5.10066764 1.17609927 6.02369361 0.01333680
5.10051669 1.17614313 6.02316220 0.01336754
5.10036544 1.17618707 6.02262971 0.01339841
5.10021388 1.17623111 6.02209613 0.01342940
5.10006200 1.17627524 6.02156146 0.01346052
5.09990982 1.17631946 6.02102570 0.01349177
5.09975733 1.17636377 6.02048883 0.01352315
5.09960452 1.17640817 6.01995087 0.01355465
5.09945140 1.17645266 6.01941179 0.01358629
5.09929796 1.17649724 6.01887160 0.01361805
5.09914420 1.17654192 6.01833030 0.01364995
5.09899013 1.17658668 6.01778787 0.01368198
5.09883574 1.17663154 6.01724432 0.01371414
5.09868103 1.17667650 6.01669965 0.01374644
5.09852599 1.17672154 6.01615384 0.01377887
5.09837063 1.17676668 6.01560689 0.01381144
5.09821495 1.17681192 6.01505880 0.01384414
5.09805895 1.17685725 6.01450956 0.01387698
5.09790261 1.17690267 6.01395917 0.01390996
5.09774595 1.17694819 6.01340763 0.01394308
5.09758896 1.17699380 6.01285493 0.01397633
5.09743164 1.17703951 6.01230106 0.01400973
5.09727399 1.17708532 6.01174603 0.01404326
5.09711600 1.17713122 6.01118982 0.01407694
5.09695768 1.17717722 6.01063244 0.01411076
5.09679903 1.17722332 6.01007387 0.01414473
5.09664004 1.17726952 6.00951411 0.01417884
5.09648071 1.17731581 6.00895317 0.01421310
5.09632104 1.17736220 6.00839103 0.01424750
5.09616103 1.17740870 6.00782769 0.01428205
5.09600068 1.17745529 6.00726314 0.01431674
5.09583998 1.17750198 6.00669738 0.01435159
5.09567894 1.17754877 6.00613041 0.01438658
5.09551755 1.17759566 6.00556222 0.01442173
5.09535582 1.17764265 6.00499280 0.01445703
5.09519374 1.17768975 6.00442216 0.01449248
5.09503130 1.17773694 6.00385028 0.01452808
5.09486852 1.17778424 6.00327716 0.01456384
5.09470538 1.17783164 6.00270279 0.01459976
5.09454189 1.17787914 6.00212718 0.01463583
5.09437804 1.17792675 6.00155032 0.01467206
5.09421383 1.17797446 6.00097219 0.01470844
5.09404927 1.17802227 6.00039281 0.01474499
5.09388434 1.17807019 5.99981215 0.01478169
5.09371905 1.17811822 5.99923022 0.01481856
5.09355340 1.17816635 5.99864701 0.01485559
5.09338739 1.17821458 5.99806251 0.01489278
5.09322101 1.17826292 5.99747673 0.01493014
5.09305426 1.17831137 5.99688965 0.01496766
5.09288714 1.17835993 5.99630127 0.01500535
5.09271966 1.17840859 5.99571159 0.01504321
5.09255180 1.17845736 5.99512059 0.01508124
5.09238357 1.17850624 5.99452828 0.01511943
5.09221496 1.17855523 5.99393465 0.01515780
5.09204597 1.17860433 5.99333969 0.01519633
5.09187661 1.17865354 5.99274340 0.01523504
5.09170687 1.17870285 5.99214577 0.01527393
5.09153675 1.17875228 5.99154680 0.01531299
5.09136624 1.17880182 5.99094648 0.01535222
5.09119535 1.17885147 5.99034481 0.01539163
5.09102407 1.17890124 5.98974177 0.01543123
5.09085241 1.17895112 5.98913737 0.01547100
5.09068036 1.17900110 5.98853161 0.01551095
5.09050791 1.17905121 5.98792446 0.01555108
5.09033508 1.17910142 5.98731593 0.01559140
5.09016185 1.17915176 5.98670601 0.01563190
5.08998822 1.17920220 5.98609470 0.01567258
5.08981420 1.17925276 5.98548199 0.01571345
5.08963977 1.17930344 5.98486788 0.01575451
5.08946495 1.17935423 5.98425235 0.01579576
5.08928973 1.17940514 5.98363541 0.01583720
5.08911410 1.17945617 5.98301704 0.01587883
5.08893806 1.17950732 5.98239724 0.01592066
5.08876162 1.17955858 5.98177601 0.01596267
5.08858477 1.17960997 5.98115333 0.01600489
5.08840751 1.17966147 5.98052921 0.01604730
5.08822983 1.17971309 5.97990364 0.01608990
5.08805174 1.17976483 5.97927660 0.01613271
5.08787324 1.17981670 5.97864810 0.01617572
5.08769432 1.17986868 5.97801813 0.01621893
5.08751497 1.17992079 5.97738667 0.01626234
5.08733521 1.17997302 5.97675373 0.01630596
5.08715502 1.18002537 5.97611931 0.01634978
5.08697441 1.18007784 5.97548338 0.01639381
5.08679337 1.18013044 5.97484595 0.01643805
5.08661190 1.18018317 5.97420701 0.01648250
5.08643000 1.18023602 5.97356655 0.01652716
5.08624767 1.18028899 5.97292456 0.01657203
5.08606490 1.18034209 5.97228105 0.01661712
5.08588170 1.18039532 5.97163600 0.01666242
5.08569806 1.18044868 5.97098940 0.01670794
5.08551397 1.18050216 5.97034126 0.01675368
5.08532945 1.18055577 5.96969155 0.01679964
5.08514448 1.18060951 5.96904029 0.01684582
5.08495907 1.18066338 5.96838745 0.01689222
5.08477321 1.18071738 5.96773303 0.01693885
5.08458690 1.18077151 5.96707703 0.01698570
5.08440014 1.18082577 5.96641944 0.01703279
5.08421292 1.18088016 5.96576025 0.01708010
5.08402525 1.18093469 5.96509945 0.01712764
5.08383712 1.18098935 5.96443703 0.01717542
5.08364852 1.18104414 5.96377300 0.01722343
5.08345947 1.18109907 5.96310734 0.01727167
5.08326996 1.18115413 5.96244005 0.01732015
5.08307997 1.18120933 5.96177111 0.01736888
5.08288952 1.18126466 5.96110052 0.01741784
5.08269860 1.18132013 5.96042828 0.01746704
5.08250721 1.18137574 5.95975437 0.01751649
5.08231534 1.18143148 5.95907879 0.01756619
5.08212299 1.18148736 5.95840153 0.01761613
5.08193017 1.18154339 5.95772259 0.01766632
5.08173686 1.18159955 5.95704194 0.01771676
5.08154308 1.18165585 5.95635960 0.01776746
5.08134880 1.18171229 5.95567555 0.01781841
5.08115404 1.18176888 5.95498977 0.01786961
5.08095879 1.18182561 5.95430227 0.01792108
5.08076304 1.18188248 5.95361304 0.01797280
5.08056681 1.18193949 5.95292207 0.01802479
5.08037007 1.18199665 5.95222934 0.01807704
5.08017284 1.18205395 5.95153486 0.01812955
5.07997510 1.18211140 5.95083861 0.01818234
5.07977687 1.18216899 5.95014059 0.01823539
5.07957812 1.18222674 5.94944079 0.01828871
5.07937887 1.18228462 5.94873919 0.01834231
5.07917910 1.18234266 5.94803580 0.01839618
5.07897883 1.18240085 5.94733060 0.01845033
5.07877804 1.18245918 5.94662358 0.01850476
5.07857673 1.18251767 5.94591474 0.01855947
5.07837490 1.18257631 5.94520406 0.01861447
5.07817254 1.18263510 5.94449155 0.01866975
5.07796967 1.18269404 5.94377718 0.01872532
5.07776626 1.18275314 5.94306096 0.01878117
5.07756233 1.18281239 5.94234286 0.01883732
5.07735786 1.18287179 5.94162289 0.01889376
5.07715285 1.18293135 5.94090104 0.01895050
5.07694731 1.18299107 5.94017729 0.01900754
5.07674123 1.18305094 5.93945164 0.01906488
5.07653461 1.18311097 5.93872407 0.01912252
5.07632744 1.18317116 5.93799458 0.01918047
5.07611972 1.18323151 5.93726316 0.01923872
5.07591145 1.18329201 5.93652981 0.01929728
5.07570263 1.18335268 5.93579450 0.01935616
5.07549325 1.18341351 5.93505723 0.01941535
5.07528331 1.18347450 5.93431799 0.01947485
5.07507282 1.18353566 5.93357678 0.01953468
5.07486175 1.18359698 5.93283358 0.01959482
5.07465012 1.18365846 5.93208838 0.01965529
5.07443792 1.18372011 5.93134117 0.01971609
5.07422515 1.18378193 5.93059195 0.01977722
5.07401181 1.18384391 5.92984070 0.01983867
5.07379788 1.18390606 5.92908742 0.01990046
5.07358337 1.18396838 5.92833208 0.01996259
5.07336828 1.18403087 5.92757469 0.02002506
5.07315261 1.18409353 5.92681524 0.02008786
5.07293634 1.18415636 5.92605370 0.02015101
5.07271948 1.18421936 5.92529008 0.02021451
5.07250203 1.18428254 5.92452436 0.02027836
5.07228398 1.18434589 5.92375654 0.02034256
5.07206532 1.18440941 5.92298659 0.02040712
5.07184606 1.18447311 5.92221451 0.02047203
5.07162620 1.18453699 5.92144030 0.02053730
5.07140572 1.18460104 5.92066393 0.02060294
5.07118463 1.18466528 5.91988541 0.02066894
5.07096293 1.18472969 5.91910470 0.02073532
5.07074060 1.18479428 5.91832182 0.02080206
5.07051765 1.18485905 5.91753674 0.02086918
5.07029407 1.18492400 5.91674946 0.02093668
5.07006987 1.18498914 5.91595996 0.02100455
5.06984503 1.18505446 5.91516823 0.02107282
5.06961956 1.18511996 5.91437426 0.02114146
5.06939345 1.18518565 5.91357804 0.02121050
5.06916669 1.18525153 5.91277955 0.02127993
5.06893929 1.18531760 5.91197880 0.02134976
5.06871125 1.18538385 5.91117575 0.02141999
5.06848254 1.18545029 5.91037041 0.02149062
5.06825319 1.18551692 5.90956276 0.02156166
5.06802317 1.18558375 5.90875279 0.02163310
5.06779250 1.18565076 5.90794048 0.02170496
5.06756115 1.18571797 5.90712583 0.02177723
5.06732914 1.18578538 5.90630882 0.02184993
5.06709645 1.18585298 5.90548944 0.02192304
5.06686309 1.18592077 5.90466768 0.02199659
5.06662905 1.18598877 5.90384352 0.02207056
5.06639432 1.18605696 5.90301695 0.02214496
5.06615891 1.18612535 5.90218796 0.02221980
5.06592281 1.18619395 5.90135654 0.02229508
5.06568601 1.18626274 5.90052268 0.02237081
5.06544851 1.18633174 5.89968635 0.02244698
5.06521031 1.18640094 5.89884755 0.02252361
5.06497141 1.18647034 5.89800626 0.02260069
5.06473180 1.18653995 5.89716248 0.02267823
5.06449147 1.18660977 5.89631618 0.02275623
5.06425043 1.18667980 5.89546736 0.02283470
5.06400866 1.18675004 5.89461600 0.02291363
5.06376617 1.18682048 5.89376208 0.02299305
5.06352296 1.18689114 5.89290560 0.02307294
5.06327901 1.18696201 5.89204653 0.02315331
5.06303432 1.18703310 5.89118487 0.02323417
5.06278889 1.18710440 5.89032061 0.02331552
5.06254272 1.18717592 5.88945371 0.02339737
5.06229580 1.18724765 5.88858418 0.02347971
5.06204813 1.18731960 5.88771200 0.02356256
5.06179970 1.18739178 5.88683716 0.02364592
5.06155050 1.18746417 5.88595963 0.02372979
5.06130055 1.18753679 5.88507940 0.02381417
5.06104982 1.18760963 5.88419646 0.02389908
5.06079832 1.18768269 5.88331080 0.02398451
5.06054604 1.18775598 5.88242239 0.02407047
5.06029298 1.18782950 5.88153123 0.02415696
5.06003913 1.18790324 5.88063730 0.02424400
5.05978449 1.18797722 5.87974058 0.02433158
5.05952906 1.18805143 5.87884105 0.02441971
5.05927282 1.18812587 5.87793871 0.02450839
5.05901578 1.18820054 5.87703353 0.02459763
5.05875793 1.18827545 5.87612550 0.02468743
5.05849927 1.18835059 5.87521460 0.02477780
5.05823979 1.18842598 5.87430082 0.02486875
5.05797948 1.18850160 5.87338414 0.02496027
5.05771835 1.18857746 5.87246455 0.02505238
5.05745639 1.18865356 5.87154202 0.02514507
5.05719359 1.18872991 5.87061654 0.02523836
5.05692994 1.18880650 5.86968809 0.02533225
5.05666545 1.18888334 5.86875666 0.02542674
5.05640011 1.18896042 5.86782223 0.02552185
5.05613391 1.18903776 5.86688478 0.02561757
5.05586685 1.18911534 5.86594430 0.02571391
5.05559892 1.18919318 5.86500076 0.02581088
5.05533012 1.18927127 5.86405415 0.02590848
5.05506044 1.18934961 5.86310445 0.02600672
5.05478988 1.18942821 5.86215164 0.02610560
5.05451843 1.18950707 5.86119571 0.02620514
5.05424609 1.18958619 5.86023663 0.02630533
5.05397286 1.18966556 5.85927439 0.02640618
5.05369872 1.18974520 5.85830897 0.02650770
5.05342367 1.18982511 5.85734035 0.02660990
5.05314771 1.18990528 5.85636851 0.02671277
5.05287083 1.18998571 5.85539344 0.02681634
5.05259302 1.19006642 5.85441510 0.02692059
5.05231429 1.19014739 5.85343349 0.02702555
5.05203461 1.19022864 5.85244858 0.02713122
5.05175400 1.19031016 5.85146035 0.02723759
5.05147244 1.19039195 5.85046879 0.02734469
5.05118993 1.19047402 5.84947387 0.02745251
5.05090646 1.19055638 5.84847557 0.02756107
5.05062202 1.19063901 5.84747387 0.02767037
5.05033661 1.19072192 5.84646876 0.02778042
5.05005023 1.19080511 5.84546021 0.02789122
5.04976286 1.19088860 5.84444819 0.02800278
5.04947451 1.19097236 5.84343270 0.02811511
5.04918516 1.19105642 5.84241370 0.02822822
5.04889481 1.19114077 5.84139118 0.02834212
5.04860346 1.19122541 5.84036511 0.02845680
5.04831109 1.19131034 5.83933547 0.02857229
5.04801770 1.19139557 5.83830225 0.02868858
5.04772329 1.19148110 5.83726541 0.02880569
5.04742785 1.19156693 5.83622493 0.02892362
5.04713137 1.19165306 5.83518080 0.02904238
5.04683384 1.19173949 5.83413298 0.02916199
5.04653526 1.19182623 5.83308146 0.02928244
5.04623562 1.19191327 5.83202621 0.02940374
5.04593492 1.19200063 5.83096722 0.02952591
5.04563314 1.19208830 5.82990444 0.02964896
5.04533029 1.19217627 5.82883787 0.02977288
5.04502636 1.19226457 5.82776747 0.02989770
5.04472133 1.19235318 5.82669323 0.03002341
5.04441520 1.19244211 5.82561511 0.03015004
5.04410796 1.19253136 5.82453310 0.03027758
5.04379961 1.19262094 5.82344717 0.03040605
5.04349014 1.19271084 5.82235728 0.03053545
5.04317955 1.19280107 5.82126343 0.03066580
5.04286782 1.19289163 5.82016557 0.03079711
5.04255494 1.19298252 5.81906369 0.03092938
5.04224092 1.19307374 5.81795776 0.03106263
5.04192573 1.19316530 5.81684775 0.03119686
5.04160939 1.19325720 5.81573364 0.03133209
5.04129187 1.19334944 5.81461539 0.03146832
5.04097317 1.19344202 5.81349299 0.03160557
5.04065328 1.19353495 5.81236640 0.03174384
5.04033219 1.19362823 5.81123559 0.03188316
5.04000991 1.19372185 5.81010055 0.03202352
5.03968640 1.19381583 5.80896123 0.03216493
5.03936168 1.19391016 5.80781761 0.03230742
5.03903573 1.19400485 5.80666967 0.03245099
5.03870855 1.19409989 5.80551737 0.03259566
5.03838012 1.19419530 5.80436069 0.03274142
5.03805043 1.19429108 5.80319958 0.03288830
5.03771949 1.19438722 5.80203404 0.03303632
5.03738727 1.19448372 5.80086402 0.03318547
5.03705377 1.19458060 5.79968949 0.03333577
5.03671899 1.19467786 5.79851042 0.03348723
5.03638291 1.19477549 5.79732679 0.03363988
5.03604552 1.19487350 5.79613856 0.03379371
5.03570682 1.19497189 5.79494569 0.03394874
5.03536680 1.19507067 5.79374817 0.03410499
5.03502544 1.19516983 5.79254594 0.03426247
5.03468274 1.19526938 5.79133899 0.03442119
5.03433869 1.19536933 5.79012728 0.03458117
5.03399328 1.19546967 5.78891078 0.03474241
5.03364650 1.19557041 5.78768945 0.03490494
5.03329834 1.19567154 5.78646326 0.03506877
5.03294878 1.19577309 5.78523217 0.03523390
5.03259783 1.19587504 5.78399615 0.03540037
5.03224547 1.19597740 5.78275517 0.03556817
5.03189170 1.19608017 5.78150918 0.03573733
5.03153649 1.19618335 5.78025816 0.03590786
5.03117984 1.19628696 5.77900207 0.03607978
5.03082174 1.19639098 5.77774088 0.03625310
5.03046218 1.19649543 5.77647453 0.03642784
5.03010115 1.19660031 5.77520301 0.03660401
5.02973864 1.19670562 5.77392626 0.03678163
5.02937464 1.19681136 5.77264427 0.03696072
5.02900913 1.19691753 5.77135697 0.03714130
5.02864211 1.19702415 5.77006434 0.03732337
5.02827357 1.19713121 5.76876634 0.03750696
5.02790349 1.19723872 5.76746293 0.03769209
5.02753186 1.19734667 5.76615407 0.03787877
5.02715867 1.19745508 5.76483971 0.03806701
5.02678392 1.19756394 5.76351983 0.03825685
5.02640758 1.19767327 5.76219437 0.03844830
5.02602965 1.19778305 5.76086330 0.03864137
5.02565011 1.19789331 5.75952657 0.03883609
5.02526895 1.19800403 5.75818414 0.03903248
5.02488617 1.19811522 5.75683597 0.03923054
5.02450174 1.19822690 5.75548202 0.03943032
5.02411566 1.19833905 5.75412225 0.03963181
5.02372791 1.19845169 5.75275660 0.03983506
5.02333849 1.19856481 5.75138503 0.04004007
5.02294737 1.19867843 5.75000750 0.04024686
5.02255454 1.19879254 5.74862397 0.04045547
5.02216000 1.19890715 5.74723439 0.04066590
5.02176373 1.19902226 5.74583870 0.04087819
5.02136571 1.19913788 5.74443687 0.04109235
5.02096594 1.19925401 5.74302885 0.04130841
5.02056439 1.19937066 5.74161459 0.04152639
5.02016106 1.19948782 5.74019404 0.04174632
5.01975593 1.19960551 5.73876716 0.04196821
5.01934898 1.19972372 5.73733388 0.04219210
5.01894021 1.19984246 5.73589417 0.04241800
5.01852960 1.19996174 5.73444797 0.04264595
5.01811713 1.20008156 5.73299523 0.04287596
5.01770279 1.20020192 5.73153590 0.04310807
5.01728657 1.20032283 5.73006993 0.04334229
5.01686844 1.20044429 5.72859727 0.04357867
5.01644840 1.20056631 5.72711786 0.04381721
5.01602643 1.20068888 5.72563164 0.04405796
5.01560251 1.20081203 5.72413857 0.04430093
5.01517663 1.20093574 5.72263859 0.04454616
5.01474878 1.20106003 5.72113164 0.04479368
5.01431893 1.20118489 5.71961766 0.04504351
5.01388707 1.20131034 5.71809661 0.04529569
5.01345318 1.20143638 5.71656841 0.04555023
5.01301725 1.20156301 5.71503302 0.04580719
5.01257926 1.20169024 5.71349038 0.04606658
5.01213919 1.20181808 5.71194042 0.04632844
5.01169703 1.20194652 5.71038309 0.04659280
5.01125276 1.20207557 5.70881832 0.04685969
5.01080637 1.20220524 5.70724605 0.04712914
5.01035782 1.20233554 5.70566622 0.04740120
5.00990711 1.20246646 5.70407877 0.04767589
5.00945422 1.20259802 5.70248364 0.04795325
5.00899914 1.20273022 5.70088076 0.04823331
5.00854183 1.20286306 5.69927005 0.04851612
5.00808228 1.20299655 5.69765147 0.04880170
5.00762048 1.20313070 5.69602494 0.04909009
5.00715640 1.20326550 5.69439040 0.04938134
5.00669003 1.20340098 5.69274777 0.04967547
5.00622135 1.20353712 5.69109699 0.04997254
5.00575033 1.20367395 5.68943798 0.05027257
5.00527695 1.20381145 5.68777068 0.05057562
5.00480120 1.20394965 5.68609502 0.05088171
5.00432306 1.20408854 5.68441092 0.05119090
5.00384250 1.20422814 5.68271831 0.05150323
5.00335951 1.20436844 5.68101712 0.05181873
5.00287405 1.20450945 5.67930727 0.05213746
5.00238612 1.20465119 5.67758868 0.05245945
5.00189569 1.20479365 5.67586129 0.05278475
5.00140273 1.20493685 5.67412500 0.05311342
5.00090723 1.20508078 5.67237975 0.05344549
5.00040916 1.20522546 5.67062545 0.05378102
4.99990850 1.20537090 5.66886202 0.05412005
4.99940522 1.20551709 5.66708939 0.05446263
4.99889931 1.20566405 5.66530747 0.05480882
4.99839074 1.20581178 5.66351617 0.05515866
4.99787948 1.20596029 5.66171541 0.05551221
4.99736551 1.20610959 5.65990511 0.05586953
4.99684881 1.20625968 5.65808518 0.05623065
4.99632935 1.20641057 5.65625553 0.05659565
4.99580711 1.20656227 5.65441608 0.05696457
4.99528206 1.20671479 5.65256673 0.05733748
4.99475417 1.20686813 5.65070740 0.05771443
4.99422343 1.20702230 5.64883799 0.05809548
4.99368979 1.20717731 5.64695840 0.05848069
4.99315324 1.20733317 5.64506856 0.05887012
4.99261375 1.20748988 5.64316835 0.05926384
4.99207130 1.20764745 5.64125768 0.05966191
4.99152584 1.20780590 5.63933646 0.06006439
4.99097737 1.20796522 5.63740459 0.06047135
4.99042584 1.20812543 5.63546196 0.06088286
4.98987123 1.20828653 5.63350848 0.06129899
4.98931350 1.20844854 5.63154405 0.06171980
4.98875264 1.20861145 5.62956855 0.06214537
4.98818861 1.20877529 5.62758188 0.06257577
4.98762138 1.20894006 5.62558394 0.06301107
4.98705092 1.20910577 5.62357462 0.06345135
4.98647720 1.20927242 5.62155381 0.06389669
4.98590018 1.20944003 5.61952140 0.06434715
4.98531984 1.20960861 5.61747727 0.06480283
4.98473614 1.20977816 5.61542132 0.06526381
4.98414905 1.20994870 5.61335343 0.06573016
4.98355854 1.21012023 5.61127348 0.06620196
4.98296457 1.21029276 5.60918135 0.06667932
4.98236711 1.21046631 5.60707693 0.06716231
4.98176613 1.21064088 5.60496008 0.06765102
4.98116158 1.21081649 5.60283070 0.06814554
4.98055345 1.21099314 5.60068866 0.06864597
4.97994168 1.21117084 5.59853383 0.06915239
4.97932624 1.21134961 5.59636607 0.06966492
4.97870710 1.21152946 5.59418528 0.07018363
4.97808422 1.21171039 5.59199130 0.07070864
4.97745757 1.21189242 5.58978401 0.07124005
4.97682709 1.21207556 5.58756328 0.07177796
4.97619276 1.21225982 5.58532897 0.07232247
4.97555454 1.21244520 5.58308095 0.07287369
4.97491238 1.21263174 5.58081906 0.07343174
4.97426625 1.21281942 5.57854317 0.07399673
4.97361611 1.21300827 5.57625314 0.07456877
4.97296190 1.21319830 5.57394883 0.07514797
4.97230360 1.21338952 5.57163007 0.07573446
4.97164116 1.21358194 5.56929674 0.07632836
4.97097454 1.21377558 5.56694866 0.07692980
4.97030369 1.21397045 5.56458570 0.07753889
4.96962857 1.21416655 5.56220769 0.07815577
4.96894913 1.21436391 5.55981448 0.07878057
4.96826534 1.21456254 5.55740590 0.07941343
4.96757713 1.21476244 5.55498181 0.08005448
4.96688448 1.21496364 5.55254202 0.08070386
4.96618732 1.21516615 5.55008639 0.08136172
4.96548562 1.21536997 5.54761473 0.08202819
4.96477931 1.21557514 5.54512688 0.08270344
4.96406837 1.21578165 5.54262266 0.08338761
4.96335273 1.21598952 5.54010190 0.08408086
4.96263234 1.21619878 5.53756443 0.08478334
4.96190715 1.21640942 5.53501005 0.08549522
4.96117712 1.21662148 5.53243860 0.08621666
4.96044218 1.21683496 5.52984988 0.08694783
4.95970230 1.21704988 5.52724371 0.08768891
4.95895740 1.21726625 5.52461990 0.08844006
4.95820744 1.21748409 5.52197825 0.08920147
4.95745236 1.21770342 5.51931857 0.08997332
4.95669211 1.21792425 5.51664066 0.09075579
4.95592662 1.21814661 5.51394432 0.09154909
4.95515585 1.21837049 5.51122935 0.09235339
4.95437973 1.21859594 5.50849554 0.09316891
4.95359820 1.21882295 5.50574269 0.09399584
4.95281121 1.21905155 5.50297057 0.09483440
4.95201868 1.21928175 5.50017899 0.09568479
4.95122057 1.21951358 5.49736771 0.09654723
4.95041681 1.21974705 5.49453652 0.09742195
4.94960733 1.21998218 5.49168520 0.09830916
4.94879207 1.22021899 5.48881351 0.09920910
4.94797096 1.22045750 5.48592124 0.10012201
4.94714395 1.22069773 5.48300814 0.10104813
4.94631095 1.22093969 5.48007398 0.10198769
4.94547191 1.22118340 5.47711852 0.10294096
4.94462676 1.22142890 5.47414153 0.10390819
4.94377542 1.22167619 5.47114275 0.10488964
4.94291782 1.22192529 5.46812193 0.10588559
4.94205390 1.22217624 5.46507883 0.10689629
4.94118358 1.22242904 5.46201319 0.10792204
4.94030679 1.22268372 5.45892474 0.10896313
4.93942345 1.22294030 5.45581323 0.11001983
4.93853349 1.22319881 5.45267840 0.11109246
4.93763683 1.22345926 5.44951996 0.11218131
4.93673340 1.22372169 5.44633766 0.11328669
4.93582310 1.22398610 5.44313120 0.11440894
4.93490588 1.22425252 5.43990032 0.11554836
4.93398164 1.22452099 5.43664473 0.11670530
4.93305030 1.22479151 5.43336414 0.11788009
4.93211179 1.22506412 5.43005826 0.11907309
4.93116601 1.22533884 5.42672680 0.12028463
4.93021288 1.22561570 5.42336945 0.12151510
4.92925232 1.22589471 5.41998592 0.12276485
4.92828424 1.22617591 5.41657589 0.12403427
4.92730856 1.22645931 5.41313907 0.12532374
4.92632517 1.22674496 5.40967513 0.12663365
4.92533400 1.22703286 5.40618375 0.12796442
4.92433495 1.22732306 5.40266462 0.12931645
4.92332793 1.22761556 5.39911741 0.13069016
4.92231284 1.22791042 5.39554179 0.13208599
4.92128959 1.22820764 5.39193742 0.13350437
4.92025809 1.22850726 5.38830397 0.13494575
4.91921823 1.22880930 5.38464110 0.13641059
4.91816993 1.22911380 5.38094846 0.13789935
4.91711307 1.22942078 5.37722571 0.13941253
4.91604757 1.22973028 5.37347248 0.14095059
4.91497331 1.23004232 5.36968843 0.14251405
4.91389020 1.23035692 5.36587319 0.14410341
4.91279813 1.23067413 5.36202639 0.14571919
4.91169701 1.23099398 5.35814768 0.14736192
4.91058671 1.23131648 5.35423666 0.14903214
4.90946714 1.23164168 5.35029298 0.15073041
4.90833819 1.23196961 5.34631624 0.15245728
4.90719974 1.23230029 5.34230607 0.15421334
4.90605170 1.23263376 5.33826208 0.15599917
4.90489394 1.23297005 5.33418388 0.15781536
4.90372635 1.23330919 5.33007106 0.15966254
4.90254883 1.23365122 5.32592324 0.16154131
4.90136126 1.23399617 5.32174001 0.16345233
4.90016353 1.23434408 5.31752097 0.16539622
4.89895551 1.23469497 5.31326571 0.16737366
4.89773709 1.23504888 5.30897382 0.16938532
4.89650815 1.23540584 5.30464488 0.17143187
4.89526859 1.23576589 5.30027848 0.17351402
4.89401826 1.23612907 5.29587420 0.17563248
4.89275707 1.23649541 5.29143162 0.17778796
4.89148488 1.23686493 5.28695031 0.17998121
4.89020158 1.23723769 5.28242985 0.18221297
4.88890704 1.23761371 5.27786981 0.18448401
4.88760114 1.23799303 5.27326976 0.18679509
4.88628377 1.23837568 5.26862927 0.18914701
4.88495479 1.23876171 5.26394790 0.19154056
4.88361408 1.23915114 5.25922523 0.19397655
4.88226153 1.23954401 5.25446081 0.19645581
4.88089700 1.23994036 5.24965422 0.19897918
4.87952037 1.24034022 5.24480502 0.20154750
4.87813153 1.24074363 5.23991278 0.20416163
4.87673035 1.24115063 5.23497706 0.20682244
4.87531670 1.24156125 5.22999742 0.20953082
4.87389046 1.24197552 5.22497345 0.21228766
4.87245151 1.24239348 5.21990470 0.21509386
4.87099973 1.24281518 5.21479075 0.21795034
4.86953500 1.24324063 5.20963119 0.22085801
4.86805720 1.24366988 5.20442557 0.22381782
4.86656621 1.24410296 5.19917350 0.22683069
4.86506192 1.24453991 5.19387456 0.22989758
4.86354420 1.24498075 5.18852833 0.23301944
4.86201295 1.24542553 5.18313442 0.23619722
4.86046804 1.24587427 5.17769243 0.23943190
4.85890938 1.24632700 5.17220197 0.24272443
4.85733685 1.24678377 5.16666267 0.24607580
4.85575035 1.24724459 5.16107414 0.24948697
4.85414978 1.24770950 5.15543603 0.25295891
4.85253502 1.24817853 5.14974798 0.25649260
4.85090600 1.24865171 5.14400965 0.26008900
4.84926260 1.24912906 5.13822070 0.26374908
4.84760475 1.24961060 5.13238083 0.26747380
4.84593236 1.25009637 5.12648973 0.27126411
4.84424534 1.25058639 5.12054711 0.27512094
4.84254362 1.25108068 5.11455269 0.27904524
4.84082712 1.25157927 5.10850623 0.28303791
4.83909577 1.25208216 5.10240747 0.28709986
4.83734953 1.25258938 5.09625621 0.29123197
4.83558832 1.25310095 5.09005225 0.29543509
4.83381210 1.25361688 5.08379540 0.29971007
4.83202082 1.25413718 5.07748553 0.30405772
4.83021446 1.25466187 5.07112249 0.30847882
4.82839297 1.25519095 5.06470619 0.31297412
4.82655634 1.25572442 5.05823654 0.31754433
4.82470456 1.25626230 5.05171352 0.32219012
4.82283762 1.25680458 5.04513709 0.32691213
4.82095552 1.25735126 5.03850728 0.33171095
4.81905828 1.25790234 5.03182412 0.33658710
4.81714592 1.25845781 5.02508772 0.34154108
4.81521848 1.25901766 5.01829818 0.34657330
4.81327601 1.25958188 5.01145567 0.35168413
4.81131855 1.26015046 5.00456038 0.35687386
4.80934617 1.26072336 4.99761255 0.36214272
4.80735896 1.26130057 4.99061246 0.36749087
4.80535701 1.26188207 4.98356045 0.37291837
4.80334043 1.26246781 4.97645688 0.37842521
4.80130932 1.26305777 4.96930218 0.38401129
4.79926384 1.26365191 4.96209681 0.38967643
4.79720412 1.26425019 4.95484130 0.39542032
4.79513033 1.26485255 4.94753622 0.40124258
4.79304265 1.26545894 4.94018221 0.40714272
4.79094127 1.26606932 4.93277993 0.41312011
4.78882640 1.26668361 4.92533015 0.41917405
4.78669827 1.26730176 4.91783364 0.42530368
4.78455712 1.26792368 4.91029128 0.43150804
4.78240322 1.26854932 4.90270398 0.43778604
4.78023683 1.26917857 4.89507273 0.44413646
4.77805827 1.26981136 4.88739857 0.45055793
4.77586784 1.27044761 4.87968260 0.45704897
4.77366587 1.27108720 4.87192600 0.46360794
4.77145272 1.27173004 4.86413001 0.47023306
4.76922876 1.27237601 4.85629594 0.47692242
4.76699438 1.27302502 4.84842514 0.48367395
4.76474998 1.27367694 4.84051906 0.49048544
4.76249599 1.27433164 4.83257919 0.49735453
4.76023285 1.27498900 4.82460710 0.50427872
4.75796103 1.27564888 4.81660444 0.51125535
4.75568101 1.27631114 4.80857288 0.51828163
4.75339329 1.27697564 4.80051420 0.52535462
4.75109839 1.27764223 4.79243021 0.53247124
4.74879684 1.27831075 4.78432280 0.53962826
4.74648919 1.27898103 4.77619392 0.54682234
4.74417602 1.27965292 4.76804557 0.55404999
4.74185790 1.28032625 4.75987981 0.56130761
4.73953544 1.28100084 4.75169876 0.56859146
4.73720926 1.28167651 4.74350458 0.57589772
4.73487997 1.28235308 4.73529948 0.58322244
4.73254823 1.28303037 4.72708574 0.59056159
4.73021470 1.28370818 4.71886564 0.59791103
4.72788002 1.28438631 4.71064155 0.60526656
4.72554489 1.28506459 4.70241584 0.61262390
4.72320998 1.28574279 4.69419093 0.61997873
4.72087599 1.28642073 4.68596925 0.62732666
4.71854362 1.28709820 4.67775329 0.63466328
4.71621359 1.28777499 4.66954553 0.64198413
4.71388659 1.28845089 4.66134848 0.64928477
4.71156335 1.28912571 4.65316466 0.65656073
4.70924458 1.28979923 4.64499659 0.66380757
4.70693100 1.29047124 4.63684680 0.67102086
4.70462333 1.29114153 4.62871783 0.67819622
4.70232228 1.29180990 4.62061220 0.68532930
4.70002857 1.29247614 4.61253241 0.69241583
4.69774291 1.29314004 4.60448096 0.69945161
4.69546600 1.29380140 4.59646034 0.70643250
4.69319853 1.29446001 4.58847299 0.71335449
4.69094119 1.29511569 4.58052132 0.72021365
4.68869467 1.29576822 4.57260774 0.72700618
4.68645962 1.29641742 4.56473459 0.73372841
4.68423671 1.29706309 4.55690417 0.74037680
4.68202656 1.29770506 4.54911875 0.74694795
4.67982982 1.29834313 4.54138054 0.75343863
4.67764710 1.29897713 4.53369169 0.75984575
4.67547898 1.29960689 4.52605430 0.76616640
4.67332605 1.30023224 4.51847041 0.77239784
4.67118887 1.30085301 4.51094200 0.77853750
4.66906797 1.30146905 4.50347096 0.78458300
4.66696389 1.30208021 4.49605915 0.79053214
4.66487712 1.30268634 4.48870832 0.79638291
4.66280815 1.30328730 4.48142017 0.80213347
4.66075743 1.30388296 4.47419631 0.80778219
4.65872539 1.30447319 4.46703829 0.81332761
4.65671246 1.30505787 4.45994756 0.81876848
4.65471903 1.30563689 4.45292552 0.82410370
4.65274546 1.30621014 4.44597345 0.82933239
4.65079211 1.30677752 4.43909259 0.83445382
4.64885929 1.30733893 4.43228407 0.83946745
4.64694731 1.30789429 4.42554895 0.84437291
4.64505645 1.30844351 4.41888822 0.84916999
4.64318696 1.30898653 4.41230276 0.85385865
4.64133907 1.30952328 4.40579341 0.85843899
4.63951300 1.31005368 4.39936089 0.86291129
4.63770892 1.31057770 4.39300588 0.86727595
4.63592702 1.31109528 4.38672895 0.87153349
4.63416742 1.31160638 4.38053062 0.87568461
4.63243026 1.31211096 4.37441133 0.87973008
4.63071565 1.31260899 4.36837143 0.88367081
4.62902365 1.31310045 4.36241122 0.88750783
4.62735434 1.31358532 4.35653092 0.89124226
4.62570776 1.31406359 4.35073070 0.89487529
4.62408394 1.31453525 4.34501064 0.89840824
4.62248289 1.31500030 4.33937078 0.90184248
4.62090459 1.31545874 4.33381109 0.90517947
4.61934903 1.31591057 4.32833147 0.90842071
4.61781615 1.31635582 4.32293179 0.91156780
4.61630592 1.31679448 4.31761185 0.91462236
4.61481825 1.31722660 4.31237139 0.91758606
4.61335306 1.31765218 4.30721012 0.92046063
4.61191025 1.31807126 4.30212770 0.92324782
4.61048971 1.31848387 4.29712374 0.92594941
4.60909133 1.31889005 4.29219780 0.92856720
4.60771496 1.31928984 4.28734942 0.93110303
4.60636047 1.31968327 4.28257809 0.93355872
4.60502769 1.32007039 4.27788325 0.93593613
4.60371646 1.32045125 4.27326435 0.93823711
4.60242662 1.32082591 4.26872076 0.94046351
4.60115798 1.32119440 4.26425185 0.94261719
4.59991035 1.32155679 4.25985695 0.94469999
4.59868353 1.32191313 4.25553538 0.94671375
4.59747733 1.32226349 4.25128643 0.94866029
4.59629153 1.32260792 4.24710935 0.95054143
4.59512593 1.32294649 4.24300340 0.95235894
4.59398030 1.32327925 4.23896781 0.95411462
4.59285442 1.32360628 4.23500179 0.95581019
4.59174806 1.32392763 4.23110453 0.95744740
4.59066099 1.32424339 4.22727522 0.95902793
4.58959297 1.32455361 4.22351305 0.96055347
4.58854378 1.32485836 4.21981716 0.96202566
4.58751316 1.32515771 4.21618672 0.96344611
4.58650088 1.32545174 4.21262088 0.96481640
4.58550670 1.32574052 4.20911877 0.96613809
4.58453036 1.32602411 4.20567953 0.96741271
4.58357162 1.32630259 4.20230230 0.96864173
4.58263025 1.32657602 4.19898620 0.96982662
4.58170597 1.32684449 4.19573037 0.97096879
4.58079856 1.32710806 4.19253393 0.97206963
4.57990776 1.32736680 4.18939601 0.97313051
4.57903333 1.32762079 4.18631574 0.97415272
4.57817502 1.32787010 4.18329225 0.97513758
4.57733257 1.32811480 4.18032466 0.97608631
4.57650576 1.32835496 4.17741212 0.97700016
4.57569432 1.32859065 4.17455377 0.97788029
4.57489802 1.32882195 4.17174874 0.97872787
4.57411662 1.32904891 4.16899619 0.97954401
4.57334988 1.32927162 4.16629527 0.98032980
4.57259756 1.32949015 4.16364513 0.98108630
4.57185941 1.32970455 4.16104495 0.98181453
4.57113522 1.32991490 4.15849390 0.98251549
4.57042473 1.33012127 4.15599116 0.98319014
4.56972773 1.33032372 4.15353591 0.98383941
4.56904399 1.33052233 4.15112736 0.98446422
4.56837327 1.33071714 4.14876469 0.98506542
4.56771536 1.33090824 4.14644713 0.98564389
4.56707003 1.33109569 4.14417390 0.98620042
4.56643706 1.33127954 4.14194422 0.98673583
4.56581624 1.33145987 4.13975733 0.98725087
4.56520736 1.33163672 4.13761248 0.98774630
4.56461020 1.33181018 4.13550892 0.98822283
4.56402455 1.33198029 4.13344592 0.98868115
4.56345021 1.33214711 4.13142277 0.98912193
4.56288698 1.33231071 4.12943873 0.98954583
4.56233465 1.33247114 4.12749311 0.98995346
4.56179304 1.33262846 4.12558520 0.99034544
4.56126193 1.33278273 4.12371434 0.99072235
4.56074115 1.33293399 4.12187983 0.99108474
4.56023049 1.33308232 4.12008101 0.99143316
4.55972979 1.33322776 4.11831723 0.99176814
4.55923885 1.33337036 4.11658783 0.99209019
4.55875748 1.33351017 4.11489219 0.99239978
4.55828553 1.33364726 4.11322968 0.99269739
4.55782280 1.33378167 4.11159967 0.99298347
4.55736913 1.33391344 4.11000157 0.99325847
4.55692434 1.33404264 4.10843477 0.99352279
4.55648827 1.33416930 4.10689869 0.99377685
4.55606076 1.33429347 4.10539274 0.99402103
4.55564165 1.33441521 4.10391636 0.99425572
4.55523076 1.33453456 4.10246900 0.99448127
4.55482796 1.33465156 4.10105009 0.99469805
4.55443309 1.33476625 4.09965910 0.99490637
4.55404598 1.33487869 4.09829549 0.99510657
4.55366651 1.33498891 4.09695876 0.99529895
4.55329451 1.33509697 4.09564837 0.99548383
4.55292985 1.33520289 4.09436383 0.99566148
4.55257239 1.33530671 4.09310463 0.99583219
4.55222199 1.33540849 4.09187030 0.99599623
4.55187851 1.33550826 4.09066036 0.99615385
4.55154182 1.33560606 4.08947433 0.99630529
4.55121178 1.33570192 4.08831175 0.99645081
4.55088827 1.33579589 4.08717217 0.99659063
4.55057117 1.33588800 4.08605515 0.99672496
4.55026035 1.33597828 4.08496024 0.99685403
4.54995568 1.33606677 4.08388702 0.99697803
4.54965705 1.33615351 4.08283507 0.99709717
4.54936434 1.33623854 4.08180396 0.99721163
4.54907743 1.33632187 4.08079331 0.99732160
4.54879622 1.33640355 4.07980270 0.99742725
4.54852058 1.33648362 4.07883175 0.99752874
4.54825042 1.33656209 4.07788007 0.99762625
4.54798562 1.33663900 4.07694728 0.99771992
4.54772607 1.33671439 4.07603302 0.99780991
4.54747169 1.33678828 4.07513693 0.99789636
4.54722236 1.33686070 4.07425864 0.99797941
4.54697798 1.33693168 4.07339781 0.99805918
4.54673847 1.33700125 4.07255409 0.99813582
4.54650371 1.33706944 4.07172715 0.99820944
4.54627363 1.33713627 4.07091666 0.99828016
4.54604812 1.33720177 4.07012229 0.99834809
4.54582711 1.33726597 4.06934373 0.99841335
4.54561048 1.33732889 4.06858067 0.99847604
4.54539818 1.33739056 4.06783279 0.99853625
4.54519010 1.33745100 4.06709981 0.99859409
4.54498616 1.33751023 4.06638142 0.99864965
4.54478628 1.33756829 4.06567734 0.99870302
4.54459039 1.33762519 4.06498729 0.99875428
4.54439840 1.33768096 4.06431098 0.99880352
4.54421024 1.33773561 4.06364815 0.99885082
4.54402582 1.33778918 4.06299854 0.99889625
4.54384508 1.33784168 4.06236187 0.99893989
4.54366795 1.33789313 4.06173789 0.99898180
4.54349434 1.33794355 4.06112635 0.99902206
4.54332420 1.33799297 4.06052701 0.99906073
4.54315745 1.33804141 4.05993962 0.99909788
4.54299403 1.33808888 4.05936394 0.99913355
4.54283386 1.33813540 4.05879975 0.99916782
4.54267689 1.33818099 4.05824681 0.99920073
4.54252306 1.33822567 4.05770491 0.99923235
4.54237229 1.33826947 4.05717382 0.99926271
4.54222453 1.33831239 4.05665332 0.99929188
4.54207972 1.33835445 4.05614321 0.99931989
4.54193780 1.33839567 4.05564329 0.99934680
4.54179871 1.33843607 4.05515334 0.99937264
4.54166240 1.33847566 4.05467317 0.99939746
4.54152881 1.33851447 4.05420259 0.99942130
4.54139789 1.33855249 4.05374140 0.99944420
4.54126958 1.33858976 4.05328942 0.99946619
4.54114383 1.33862629 4.05284647 0.99948731
4.54102060 1.33866208 4.05241236 0.99950760
4.54089982 1.33869716 4.05198692 0.99952708
4.54078146 1.33873154 4.05156998 0.99954580
4.54066546 1.33876524 4.05116136 0.99956377
4.54055178 1.33879826 4.05076090 0.99958104
4.54044037 1.33883062 4.05036845 0.99959762
4.54033118 1.33886233 4.04998383 0.99961354
4.54022418 1.33889341 4.04960690 0.99962884
4.54011931 1.33892387 4.04923749 0.99964353
4.54001654 1.33895372 4.04887547 0.99965764
4.53991582 1.33898298 4.04852068 0.99967119
4.53981712 1.33901165 4.04817298 0.99968420
4.53972038 1.33903975 4.04783222 0.99969670
4.53962558 1.33906728 4.04749828 0.99970871
4.53953267 1.33909427 4.04717101 0.99972024
4.53944162 1.33912072 4.04685027 0.99973131
4.53935239 1.33914663 4.04653595 0.99974195
4.53926495 1.33917204 4.04622791 0.99975216
4.53917925 1.33919693 4.04592602 0.99976197
4.53909526 1.33922132 4.04563017 0.99977140
4.53901295 1.33924523 4.04534023 0.99978045
4.53893229 1.33926866 4.04505608 0.99978914
4.53885323 1.33929162 4.04477762 0.99979748
4.53877576 1.33931412 4.04450472 0.99980550
4.53869984 1.33933618 4.04423727 0.99981320
4.53862544 1.33935779 4.04397518 0.99982060
4.53855252 1.33937897 4.04371832 0.99982770
4.53848106 1.33939973 4.04346659 0.99983452
4.53841103 1.33942007 4.04321990 0.99984107
4.53834239 1.33944000 4.04297813 0.99984736
4.53827513 1.33945954 4.04274121 0.99985341
4.53820922 1.33947868 4.04250901 0.99985921
4.53814462 1.33949745 4.04228146 0.99986479
4.53808132 1.33951584 4.04205846 0.99987014
4.53801927 1.33953386 4.04183992 0.99987528
4.53795847 1.33955152 4.04162574 0.99988022
4.53789889 1.33956882 4.04141585 0.99988496
4.53784050 1.33958578 4.04121015 0.99988952
4.53778327 1.33960241 4.04100857 0.99989389
4.53772719 1.33961870 4.04081102 0.99989809
4.53767223 1.33963466 4.04061742 0.99990213
4.53761837 1.33965031 4.04042768 0.99990600
4.53756558 1.33966564 4.04024174 0.99990972
4.53751385 1.33968066 4.04005952 0.99991330
4.53746316 1.33969539 4.03988095 0.99991673
4.53741348 1.33970982 4.03970594 0.99992003
4.53736479 1.33972396 4.03953443 0.99992320
4.53731708 1.33973782 4.03936635 0.99992624
4.53727032 1.33975140 4.03920164 0.99992916
4.53722449 1.33976471 4.03904021 0.99993196
4.53717958 1.33977776 4.03888202 0.99993466
4.53713557 1.33979054 4.03872698 0.99993724
4.53709244 1.33980307 4.03857505 0.99993973
4.53705017 1.33981535 4.03842616 0.99994212
4.53700875 1.33982738 4.03828024 0.99994441
4.53696815 1.33983917 4.03813724 0.99994661
4.53692837 1.33985072 4.03799710 0.99994872
4.53688938 1.33986205 4.03785976 0.99995075
4.53685117 1.33987315 4.03772517 0.99995270
4.53681373 1.33988402 4.03759327 0.99995458
4.53677703 1.33989468 4.03746401 0.99995638
4.53674107 1.33990513 4.03733733 0.99995810
4.53670583 1.33991536 4.03721319 0.99995976
4.53667129 1.33992539 4.03709153 0.99996136
4.53663745 1.33993523 4.03697230 0.99996289
4.53660428 1.33994486 4.03685545 0.99996436
4.53657177 1.33995430 4.03674095 0.99996577
4.53653991 1.33996356 4.03662873 0.99996712
4.53650869 1.33997262 4.03651875 0.99996842
4.53647810 1.33998151 4.03641098 0.99996968
4.53644812 1.33999022 4.03630536 0.99997088
4.53641873 1.33999875 4.03620185 0.99997203
4.53638994 1.34000712 4.03610042 0.99997314
4.53636172 1.34001532 4.03600101 0.99997420
4.53633406 1.34002335 4.03590359 0.99997522
4.53630696 1.34003122 4.03580812 0.99997620
4.53628040 1.34003894 4.03571455 0.99997715
4.53625437 1.34004650 4.03562286 0.99997805
4.53622886 1.34005391 4.03553301 0.99997892
4.53620386 1.34006117 4.03544494 0.99997976
4.53617936 1.34006828 4.03535864 0.99998056
4.53615535 1.34007526 4.03527407 0.99998133
4.53613182 1.34008209 4.03519119 0.99998207
4.53610876 1.34008879 4.03510996 0.99998278
4.53608617 1.34009535 4.03503036 0.99998346
4.53606402 1.34010178 4.03495235 0.99998411
4.53604232 1.34010809 4.03487591 0.99998474
4.53602105 1.34011427 4.03480099 0.99998535
4.53600021 1.34012032 4.03472757 0.99998593
4.53597978 1.34012625 4.03465561 0.99998649
4.53595976 1.34013207 4.03458510 0.99998702
4.53594015 1.34013777 4.03451600 0.99998753
4.53592092 1.34014335 4.03444827 0.99998803
4.53590208 1.34014882 4.03438191 0.99998850
4.53588362 1.34015419 4.03431687 0.99998896
4.53586552 1.34015944 4.03425313 0.99998940
4.53584779 1.34016459 4.03419066 0.99998982
4.53583041 1.34016964 4.03412945 0.99999022
4.53581338 1.34017459 4.03406946 0.99999061
4.53579669 1.34017943 4.03401067 0.99999098
4.53578034 1.34018418 4.03395305 0.99999134
4.53576431 1.34018884 4.03389659 0.99999168
4.53574860 1.34019340 4.03384125 0.99999201
4.53573321 1.34019787 4.03378703 0.99999232
4.53571812 1.34020226 4.03373388 0.99999263
4.53570334 1.34020655 4.03368180 0.99999292
4.53568885 1.34021076 4.03363077 0.99999320
4.53567465 1.34021488 4.03358075 0.99999347
4.53566073 1.34021893 4.03353173 0.99999373
4.53564710 1.34022289 4.03348369 0.99999398
4.53563373 1.34022677 4.03343662 0.99999422
4.53562064 1.34023057 4.03339048 0.99999445
4.53560780 1.34023430 4.03334527 0.99999467
4.53559522 1.34023795 4.03330096 0.99999488
4.53558290 1.34024153 4.03325754 0.99999508
4.53557082 1.34024504 4.03321499 0.99999527
4.53555898 1.34024848 4.03317329 0.99999546
4.53554738 1.34025185 4.03313242 0.99999564
4.53553601 1.34025515 4.03309237 0.99999581
4.53552486 1.34025839 4.03305312 0.99999598
4.53551394 1.34026156 4.03301465 0.99999614
4.53550324 1.34026467 4.03297696 0.99999629
4.53549276 1.34026772 4.03294002 0.99999644
4.53548248 1.34027070 4.03290381 0.99999658
4.53547241 1.34027363 4.03286833 0.99999672
4.53546254 1.34027649 4.03283357 0.99999685
4.53545286 1.34027930 4.03279949 0.99999697
4.53544338 1.34028206 4.03276610 0.99999709
4.53543409 1.34028476 4.03273337 0.99999721
4.53542499 1.34028740 4.03270130 0.99999732
4.53541607 1.34028999 4.03266988 0.99999742
4.53540732 1.34029253 4.03263908 0.99999753
4.53539876 1.34029502 4.03260889 0.99999762
4.53539036 1.34029746 4.03257931 0.99999772
4.53538213 1.34029985 4.03255032 0.99999781
4.53537406 1.34030219 4.03252191 0.99999790
4.53536616 1.34030449 4.03249407 0.99999798
4.53535842 1.34030674 4.03246679 0.99999806
4.53535083 1.34030894 4.03244005 0.99999814
4.53534339 1.34031110 4.03241385 0.99999821
4.53533610 1.34031322 4.03238817 0.99999828
4.53532895 1.34031530 4.03236300 0.99999835
4.53532195 1.34031733 4.03233834 0.99999841
4.53531509 1.34031932 4.03231417 0.99999848
4.53530837 1.34032127 4.03229048 0.99999854
4.53530178 1.34032319 4.03226727 0.99999860
4.53529532 1.34032506 4.03224452 0.99999865
4.53528899 1.34032690 4.03222223 0.99999870
4.53528279 1.34032870 4.03220038 0.99999876
4.53527671 1.34033047 4.03217897 0.99999881
4.53527075 1.34033220 4.03215799 0.99999885
4.53526492 1.34033390 4.03213743 0.99999890
4.53525920 1.34033556 4.03211728 0.99999894
4.53525359 1.34033719 4.03209753 0.99999898
4.53524810 1.34033878 4.03207818 0.99999902
4.53524271 1.34034034 4.03205921 0.99999906
4.53523744 1.34034188 4.03204062 0.99999910
4.53523226 1.34034338 4.03202241 0.99999914
4.53522720 1.34034485 4.03200456 0.99999917
4.53522223 1.34034629 4.03198706 0.99999920
4.53521736 1.34034771 4.03196992 0.99999923
4.53521259 1.34034909 4.03195312 0.99999927
4.53520792 1.34035045 4.03193666 0.99999929
4.53520334 1.34035178 4.03192052 0.99999932
4.53519885 1.34035308 4.03190471 0.99999935
4.53519445 1.34035436 4.03188921 0.99999938
4.53519014 1.34035561 4.03187402 0.99999940
4.53518592 1.34035684 4.03185914 0.99999942
4.53518177 1.34035804 4.03184455 0.99999945
4.53517772 1.34035922 4.03183026 0.99999947
4.53517374 1.34036038 4.03181625 0.99999949
4.53516984 1.34036151 4.03180253 0.99999951
4.53516602 1.34036262 4.03178907 0.99999953
4.53516228 1.34036371 4.03177589 0.99999955
4.53515861 1.34036477 4.03176297 0.99999957
4.53515502 1.34036582 4.03175031 0.99999958
4.53515150 1.34036684 4.03173790 0.99999960
4.53514804 1.34036784 4.03172574 0.99999962
4.53514466 1.34036882 4.03171382 0.99999963
4.53514135 1.34036979 4.03170214 0.99999965
4.53513810 1.34037073 4.03169070 0.99999966
4.53513491 1.34037166 4.03167948 0.99999967
4.53513179 1.34037256 4.03166849 0.99999969
4.53512873 1.34037345 4.03165771 0.99999970
4.53512574 1.34037432 4.03164716 0.99999971
4.53512280 1.34037517 4.03163681 0.99999972
4.53511992 1.34037601 4.03162667 0.99999973
4.53511710 1.34037683 4.03161674 0.99999974
4.53511434 1.34037763 4.03160700 0.99999975
