6.53310118 9.00001834 6.21952037 0.14524477
6.53445524 8.99821014 6.21609850 0.14693329
6.53582129 8.99638645 6.21264688 0.14865131
6.53719950 8.99454706 6.20916514 0.15039945
6.53859001 8.99269179 6.20565291 0.15217836
6.53999300 8.99082044 6.20210979 0.15398870
6.54140861 8.98893282 6.19853541 0.15583113
6.54283701 8.98702874 6.19492938 0.15770635
6.54427836 8.98510798 6.19129130 0.15961506
6.54573284 8.98317036 6.18762078 0.16155797
6.54720061 8.98121566 6.18391740 0.16353582
6.54868183 8.97924368 6.18018077 0.16554935
6.55017669 8.97725421 6.17641047 0.16759933
6.55168536 8.97524705 6.17260610 0.16968655
6.55320801 8.97322198 6.16876722 0.17181180
6.55474482 8.97117879 6.16489342 0.17397589
6.55629598 8.96911727 6.16098427 0.17617965
6.55786166 8.96703720 6.15703935 0.17842394
6.55944204 8.96493835 6.15305821 0.18070962
6.56103732 8.96282053 6.14904042 0.18303758
6.56264767 8.96068349 6.14498555 0.18540870
6.56427330 8.95852704 6.14089314 0.18782392
6.56591438 8.95635093 6.13676276 0.19028416
6.56757111 8.95415495 6.13259395 0.19279038
6.56924368 8.95193887 6.12838627 0.19534355
6.57093229 8.94970248 6.12413926 0.19794466
6.57263714 8.94744554 6.11985247 0.20059471
6.57435841 8.94516783 6.11552544 0.20329472
6.57609631 8.94286912 6.11115771 0.20604575
6.57785103 8.94054919 6.10674883 0.20884883
6.57962278 8.93820782 6.10229834 0.21170505
6.58141175 8.93584478 6.09780577 0.21461550
6.58321815 8.93345984 6.09327067 0.21758129
6.58504218 8.93105279 6.08869259 0.22060354
6.58688403 8.92862340 6.08407105 0.22368338
6.58874392 8.92617145 6.07940561 0.22682196
6.59062204 8.92369672 6.07469582 0.23002047
6.59251859 8.92119899 6.06994121 0.23328007
6.59443377 8.91867806 6.06514135 0.23660196
6.59636779 8.91613371 6.06029579 0.23998735
6.59832084 8.91356573 6.05540409 0.24343745
6.60029312 8.91097392 6.05046581 0.24695348
6.60228483 8.90835807 6.04548053 0.25053669
6.60429616 8.90571800 6.04044782 0.25418831
6.60632731 8.90305350 6.03536727 0.25790959
6.60837846 8.90036440 6.03023847 0.26170178
6.61044980 8.89765051 6.02506102 0.26556614
6.61254152 8.89491165 6.01983454 0.26950392
6.61465379 8.89214767 6.01455865 0.27351638
6.61678680 8.88935839 6.00923298 0.27760477
6.61894072 8.88654367 6.00385718 0.28177033
6.62111572 8.88370337 5.99843093 0.28601430
6.62331196 8.88083735 5.99295388 0.29033791
6.62552960 8.87794548 5.98742575 0.29474238
6.62776880 8.87502765 5.98184625 0.29922889
6.63002969 8.87208376 5.97621509 0.30379863
6.63231242 8.86911373 5.97053205 0.30845276
6.63461712 8.86611746 5.96479689 0.31319239
6.63694391 8.86309491 5.95900942 0.31801863
6.63929290 8.86004601 5.95316945 0.32293254
6.64166422 8.85697074 5.94727685 0.32793515
6.64405794 8.85386909 5.94133148 0.33302743
6.64647415 8.85074104 5.93533325 0.33821033
6.64891293 8.84758662 5.92928212 0.34348472
6.65137435 8.84440586 5.92317805 0.34885142
6.65385844 8.84119883 5.91702105 0.35431121
6.65636525 8.83796560 5.91081117 0.35986476
6.65889480 8.83470627 5.90454850 0.36551270
6.66144710 8.83142097 5.89823315 0.37125556
6.66402214 8.82810984 5.89186532 0.37709381
6.66661989 8.82477306 5.88544520 0.38302779
6.66924032 8.82141082 5.87897306 0.38905777
6.67188336 8.81802336 5.87244920 0.39518392
6.67454895 8.81461093 5.86587400 0.40140626
6.67723698 8.81117380 5.85924786 0.40772475
6.67994733 8.80771231 5.85257126 0.41413916
6.68267988 8.80422678 5.84584471 0.42064919
6.68543445 8.80071761 5.83906880 0.42725435
6.68821088 8.79718520 5.83224418 0.43395405
6.69100895 8.79362999 5.82537154 0.44074753
6.69382844 8.79005247 5.81845166 0.44763385
6.69666909 8.78645316 5.81148537 0.45461195
6.69953063 8.78283260 5.80447358 0.46168057
6.70241276 8.77919140 5.79741724 0.46883829
6.70531514 8.77553016 5.79031740 0.47608351
6.70823742 8.77184957 5.78317517 0.48341442
6.71117922 8.76815032 5.77599173 0.49082907
6.71414013 8.76443317 5.76876834 0.49832527
6.71711970 8.76069890 5.76150631 0.50590066
6.72011747 8.75694832 5.75420704 0.51355267
6.72313294 8.75318231 5.74687202 0.52127855
6.72616560 8.74940178 5.73950279 0.52907531
6.72921488 8.74560765 5.73210096 0.53693980
6.73228021 8.74180092 5.72466824 0.54486865
6.73536098 8.73798261 5.71720639 0.55285828
6.73845656 8.73415377 5.70971725 0.56090494
6.74156626 8.73031551 5.70220273 0.56900465
6.74468941 8.72646895 5.69466481 0.57715328
6.74782529 8.72261527 5.68710554 0.58534650
6.75097315 8.71875567 5.67952701 0.59357979
6.75413221 8.71489139 5.67193142 0.60184848
6.75730169 8.71102369 5.66432099 0.61014773
6.76048076 8.70715388 5.65669801 0.61847256
6.76366859 8.70328326 5.64906483 0.62681785
6.76686432 8.69941321 5.64142385 0.63517833
6.77006706 8.69554508 5.63377751 0.64354864
6.77327591 8.69168028 5.62612829 0.65192332
6.77648996 8.68782022 5.61847872 0.66029682
6.77970827 8.68396633 5.61083135 0.66866352
6.78292991 8.68012005 5.60318878 0.67701773
6.78615391 8.67628285 5.59555362 0.68535375
6.78937931 8.67245618 5.58792849 0.69366584
6.79260513 8.66864151 5.58031605 0.70194828
6.79583040 8.66484031 5.57271894 0.71019535
6.79905413 8.66105406 5.56513983 0.71840137
6.80227534 8.65728422 5.55758137 0.72656070
6.80549303 8.65353225 5.55004620 0.73466780
6.80870624 8.64979959 5.54253696 0.74271718
6.81191397 8.64608769 5.53505626 0.75070349
6.81511526 8.64239796 5.52760669 0.75862148
6.81830914 8.63873181 5.52019082 0.76646606
6.82149467 8.63509061 5.51281116 0.77423228
6.82467090 8.63147571 5.50547020 0.78191536
6.82783691 8.62788845 5.49817037 0.78951070
6.83099179 8.62433012 5.49091406 0.79701392
6.83413465 8.62080199 5.48370361 0.80442082
6.83726462 8.61730527 5.47654128 0.81172743
6.84038086 8.61384117 5.46942928 0.81893002
6.84348253 8.61041083 5.46236975 0.82602507
6.84656884 8.60701536 5.45536475 0.83300933
6.84963902 8.60365584 5.44841628 0.83987978
6.85269231 8.60033328 5.44152625 0.84663366
6.85572800 8.59704866 5.43469651 0.85326848
6.85874541 8.59380290 5.42792878 0.85978197
6.86174387 8.59059690 5.42122475 0.86617215
6.86472275 8.58743147 5.41458599 0.87243728
6.86768147 8.58430741 5.40801399 0.87857590
6.87061945 8.58122545 5.40151016 0.88458676
6.87353617 8.57818626 5.39507579 0.89046890
6.87643113 8.57519047 5.38871212 0.89622156
6.87930386 8.57223867 5.38242028 0.90184426
6.88215393 8.56933139 5.37620129 0.90733671
6.88498094 8.56646910 5.37005613 0.91269886
6.88778453 8.56365223 5.36398563 0.91793087
6.89056436 8.56088117 5.35799059 0.92303311
6.89332013 8.55815625 5.35207167 0.92800614
6.89605157 8.55547774 5.34622949 0.93285070
6.89875844 8.55284590 5.34046456 0.93756771
6.90144053 8.55026091 5.33477731 0.94215825
6.90409766 8.54772292 5.32916809 0.94662356
6.90672968 8.54523204 5.32363719 0.95096503
6.90933647 8.54278834 5.31818480 0.95518417
6.91191795 8.54039184 5.31281105 0.95928261
6.91447403 8.53804251 5.30751599 0.96326212
6.91700468 8.53574033 5.30229962 0.96712453
6.91950989 8.53348519 5.29716185 0.97087180
6.92198966 8.53127697 5.29210255 0.97450595
6.92444402 8.52911552 5.28712150 0.97802909
6.92687302 8.52700066 5.28221847 0.98144337
6.92927674 8.52493217 5.27739312 0.98475102
6.93165526 8.52290980 5.27264509 0.98795430
6.93400871 8.52093329 5.26797398 0.99105551
6.93633722 8.51900234 5.26337931 0.99405700
6.93864092 8.51711664 5.25886059 0.99696111
6.94091998 8.51527583 5.25441726 0.99977022
6.94317459 8.51347957 5.25004875 1.00248672
6.94540492 8.51172748 5.24575442 1.00511300
6.94761120 8.51001914 5.24153363 1.00765143
6.94979363 8.50835415 5.23738570 1.01010440
6.95195245 8.50673209 5.23330990 1.01247429
6.95408789 8.50515250 5.22930549 1.01476343
6.95620020 8.50361493 5.22537172 1.01697416
6.95828965 8.50211891 5.22150779 1.01910880
6.96035650 8.50066396 5.21771289 1.02116961
6.96240101 8.49924960 5.21398621 1.02315885
6.96442348 8.49787533 5.21032690 1.02507873
6.96642419 8.49654065 5.20673410 1.02693144
6.96840343 8.49524505 5.20320695 1.02871911
6.97036150 8.49398802 5.19974457 1.03044385
6.97229869 8.49276903 5.19634607 1.03210773
6.97421531 8.49158756 5.19301056 1.03371276
6.97611167 8.49044309 5.18973713 1.03526091
6.97798808 8.48933509 5.18652487 1.03675412
6.97984484 8.48826303 5.18337288 1.03819427
6.98168227 8.48722639 5.18028025 1.03958321
6.98350068 8.48622462 5.17724605 1.04092272
6.98530040 8.48525720 5.17426938 1.04221455
6.98708172 8.48432361 5.17134932 1.04346041
6.98884496 8.48342331 5.16848496 1.04466194
6.99059044 8.48255577 5.16567539 1.04582076
6.99231848 8.48172049 5.16291970 1.04693842
6.99402937 8.48091692 5.16021700 1.04801644
6.99572343 8.48014456 5.15756638 1.04905629
6.99740098 8.47940290 5.15496696 1.05005940
6.99906231 8.47869142 5.15241785 1.05102715
7.00070772 8.47800961 5.14991817 1.05196087
7.00233753 8.47735697 5.14746705 1.05286186
7.00395202 8.47673302 5.14506363 1.05373138
7.00555150 8.47613724 5.14270705 1.05457063
7.00713626 8.47556916 5.14039648 1.05538080
7.00870659 8.47502829 5.13813106 1.05616300
7.01026277 8.47451415 5.13590997 1.05691834
7.01180509 8.47402628 5.13373240 1.05764788
7.01333382 8.47356421 5.13159754 1.05835262
7.01484925 8.47312747 5.12950458 1.05903356
7.01635164 8.47271561 5.12745274 1.05969165
7.01784127 8.47232818 5.12544125 1.06032780
7.01931840 8.47196474 5.12346932 1.06094289
7.02078329 8.47162486 5.12153621 1.06153777
7.02223620 8.47130809 5.11964118 1.06211327
7.02367738 8.47101402 5.11778348 1.06267017
7.02510708 8.47074222 5.11596239 1.06320923
7.02652554 8.47049229 5.11417720 1.06373118
7.02793301 8.47026381 5.11242721 1.06423673
7.02932972 8.47005639 5.11071172 1.06472655
7.03071592 8.46986963 5.10903006 1.06520130
7.03209181 8.46970315 5.10738156 1.06566160
7.03345763 8.46955655 5.10576555 1.06610806
7.03481361 8.46942946 5.10418140 1.06654125
7.03615995 8.46932152 5.10262846 1.06696173
7.03749687 8.46923236 5.10110611 1.06737003
7.03882457 8.46916162 5.09961374 1.06776668
7.04014327 8.46910894 5.09815074 1.06815216
7.04145316 8.46907398 5.09671652 1.06852694
7.04275444 8.46905640 5.09531050 1.06889149
7.04404729 8.46905587 5.09393210 1.06924624
7.04533191 8.46907204 5.09258076 1.06959161
7.04660849 8.46910460 5.09125594 1.06992800
7.04787720 8.46915324 5.08995708 1.07025580
7.04913821 8.46921762 5.08868366 1.07057538
7.05039171 8.46929746 5.08743515 1.07088710
7.05163786 8.46939243 5.08621105 1.07119129
7.05287683 8.46950225 5.08501085 1.07148829
7.05410877 8.46962663 5.08383406 1.07177841
7.05533385 8.46976527 5.08268020 1.07206194
7.05655222 8.46991789 5.08154879 1.07233918
7.05776403 8.47008421 5.08043936 1.07261041
7.05896942 8.47026397 5.07935147 1.07287588
7.06016855 8.47045689 5.07828466 1.07313586
7.06136155 8.47066271 5.07723850 1.07339058
7.06254857 8.47088116 5.07621256 1.07364028
7.06372972 8.47111201 5.07520641 1.07388519
7.06490514 8.47135499 5.07421965 1.07412550
7.06607497 8.47160985 5.07325186 1.07436144
7.06723932 8.47187637 5.07230266 1.07459319
7.06839832 8.47215429 5.07137164 1.07482094
7.06955208 8.47244340 5.07045845 1.07504488
7.07070071 8.47274345 5.06956269 1.07526516
7.07184434 8.47305422 5.06868400 1.07548197
7.07298306 8.47337550 5.06782204 1.07569544
7.07411699 8.47370705 5.06697643 1.07590574
7.07524623 8.47404868 5.06614685 1.07611301
7.07637087 8.47440017 5.06533296 1.07631738
7.07749101 8.47476131 5.06453442 1.07651899
7.07860676 8.47513190 5.06375091 1.07671795
7.07971819 8.47551175 5.06298211 1.07691440
7.08082541 8.47590065 5.06222773 1.07710844
7.08192849 8.47629841 5.06148744 1.07730018
7.08302753 8.47670484 5.06076097 1.07748973
7.08412260 8.47711977 5.06004800 1.07767718
7.08521378 8.47754299 5.05934827 1.07786264
7.08630115 8.47797434 5.05866149 1.07804618
7.08738479 8.47841364 5.05798739 1.07822790
7.08846476 8.47886071 5.05732569 1.07840788
7.08954115 8.47931539 5.05667615 1.07858620
7.09061400 8.47977749 5.05603849 1.07876293
7.09168340 8.48024687 5.05541248 1.07893814
7.09274940 8.48072335 5.05479787 1.07911190
7.09381206 8.48120678 5.05419441 1.07928427
7.09487145 8.48169700 5.05360187 1.07945532
7.09592763 8.48219386 5.05302002 1.07962510
7.09698064 8.48269719 5.05244863 1.07979367
7.09803054 8.48320686 5.05188749 1.07996108
7.09907738 8.48372271 5.05133637 1.08012738
7.10012122 8.48424461 5.05079508 1.08029261
7.10116209 8.48477240 5.05026339 1.08045683
7.10220005 8.48530595 5.04974110 1.08062008
7.10323514 8.48584511 5.04922803 1.08078238
7.10426740 8.48638977 5.04872397 1.08094379
7.10529688 8.48693977 5.04822873 1.08110434
7.10632361 8.48749499 5.04774213 1.08126406
7.10734763 8.48805530 5.04726399 1.08142298
7.10836897 8.48862057 5.04679413 1.08158114
7.10938767 8.48919067 5.04633237 1.08173855
7.11040377 8.48976549 5.04587855 1.08189526
7.11141730 8.49034490 5.04543249 1.08205128
7.11242827 8.49092878 5.04499404 1.08220664
7.11343673 8.49151701 5.04456304 1.08236136
7.11444270 8.49210948 5.04413933 1.08251546
7.11544621 8.49270607 5.04372275 1.08266896
7.11644728 8.49330667 5.04331316 1.08282188
7.11744593 8.49391117 5.04291041 1.08297424
7.11844219 8.49451946 5.04251436 1.08312604
7.11943607 8.49513142 5.04212486 1.08327731
7.12042760 8.49574697 5.04174179 1.08342806
7.12141680 8.49636598 5.04136501 1.08357830
7.12240367 8.49698837 5.04099438 1.08372804
7.12338824 8.49761402 5.04062978 1.08387729
7.12437053 8.49824283 5.04027108 1.08402607
7.12535054 8.49887471 5.03991816 1.08417438
7.12632829 8.49950957 5.03957091 1.08432223
7.12730379 8.50014730 5.03922919 1.08446962
7.12827706 8.50078781 5.03889291 1.08461657
7.12924809 8.50143100 5.03856194 1.08476307
7.13021691 8.50207680 5.03823618 1.08490914
7.13118351 8.50272509 5.03791551 1.08505478
7.13214791 8.50337581 5.03759984 1.08519999
7.13311012 8.50402885 5.03728906 1.08534477
7.13407012 8.50468414 5.03698307 1.08548913
7.13502795 8.50534158 5.03668178 1.08563307
7.13598358 8.50600110 5.03638508 1.08577658
7.13693704 8.50666260 5.03609288 1.08591968
7.13788831 8.50732602 5.03580509 1.08606237
7.13883741 8.50799126 5.03552163 1.08620463
7.13978433 8.50865825 5.03524239 1.08634648
7.14072908 8.50932691 5.03496730 1.08648790
7.14167165 8.50999716 5.03469628 1.08662891
7.14261203 8.51066893 5.03442923 1.08676950
7.14355024 8.51134213 5.03416609 1.08690966
7.14448627 8.51201671 5.03390676 1.08704940
7.14542011 8.51269257 5.03365118 1.08718871
7.14635176 8.51336966 5.03339927 1.08732759
7.14728122 8.51404790 5.03315096 1.08746603
7.14820849 8.51472722 5.03290617 1.08760404
7.14913354 8.51540754 5.03266483 1.08774162
7.15005639 8.51608881 5.03242688 1.08787875
7.15097703 8.51677096 5.03219224 1.08801543
7.15189544 8.51745391 5.03196086 1.08815166
7.15281163 8.51813761 5.03173266 1.08828744
7.15372558 8.51882198 5.03150759 1.08842275
7.15463729 8.51950697 5.03128558 1.08855761
7.15554674 8.52019251 5.03106658 1.08869199
7.15645394 8.52087855 5.03085052 1.08882591
7.15735886 8.52156501 5.03063735 1.08895934
7.15826151 8.52225183 5.03042701 1.08909230
7.15916187 8.52293897 5.03021944 1.08922476
7.16005994 8.52362636 5.03001460 1.08935674
7.16095569 8.52431394 5.02981243 1.08948821
7.16184913 8.52500165 5.02961287 1.08961919
7.16274024 8.52568945 5.02941589 1.08974965
7.16362901 8.52637727 5.02922142 1.08987961
7.16451542 8.52706505 5.02902943 1.09000904
7.16539948 8.52775276 5.02883986 1.09013795
7.16628116 8.52844032 5.02865267 1.09026633
7.16716045 8.52912770 5.02846782 1.09039418
7.16803735 8.52981483 5.02828525 1.09052149
7.16891184 8.53050167 5.02810493 1.09064825
7.16978390 8.53118816 5.02792682 1.09077446
7.17065353 8.53187427 5.02775088 1.09090012
7.17152071 8.53255993 5.02757706 1.09102521
7.17238544 8.53324510 5.02740532 1.09114974
7.17324769 8.53392974 5.02723563 1.09127369
7.17410745 8.53461379 5.02706796 1.09139707
7.17496472 8.53529722 5.02690225 1.09151987
7.17581947 8.53597996 5.02673849 1.09164208
7.17667170 8.53666199 5.02657663 1.09176369
7.17752139 8.53734326 5.02641664 1.09188471
7.17836853 8.53802372 5.02625848 1.09200513
7.17921311 8.53870333 5.02610213 1.09212494
7.18005511 8.53938205 5.02594755 1.09224414
7.18089452 8.54005983 5.02579471 1.09236272
7.18173132 8.54073664 5.02564358 1.09248068
7.18256551 8.54141244 5.02549412 1.09259801
7.18339707 8.54208719 5.02534632 1.09271472
7.18422598 8.54276084 5.02520015 1.09283078
7.18505223 8.54343337 5.02505556 1.09294621
7.18587582 8.54410472 5.02491255 1.09306100
7.18669672 8.54477487 5.02477107 1.09317513
7.18751493 8.54544378 5.02463111 1.09328862
7.18833043 8.54611141 5.02449264 1.09340145
7.18914321 8.54677773 5.02435564 1.09351362
7.18995325 8.54744271 5.02422007 1.09362513
7.19076054 8.54810630 5.02408592 1.09373597
7.19156508 8.54876848 5.02395316 1.09384614
7.19236684 8.54942921 5.02382178 1.09395563
7.19316582 8.55008846 5.02369174 1.09406445
7.19396199 8.55074619 5.02356303 1.09417259
7.19475537 8.55140239 5.02343563 1.09428004
7.19554591 8.55205701 5.02330951 1.09438681
7.19633363 8.55271003 5.02318465 1.09449289
7.19711850 8.55336141 5.02306104 1.09459828
7.19790052 8.55401113 5.02293865 1.09470297
7.19867966 8.55465916 5.02281747 1.09480696
7.19945593 8.55530548 5.02269748 1.09491026
7.20022930 8.55595004 5.02257866 1.09501285
7.20099978 8.55659283 5.02246098 1.09511474
7.20176734 8.55723383 5.02234445 1.09521593
7.20253198 8.55787299 5.02222903 1.09531640
7.20329369 8.55851031 5.02211471 1.09541617
7.20405245 8.55914575 5.02200147 1.09551522
7.20480825 8.55977929 5.02188930 1.09561356
7.20556110 8.56041090 5.02177819 1.09571119
7.20631097 8.56104057 5.02166811 1.09580810
7.20705786 8.56166827 5.02155906 1.09590430
7.20780175 8.56229397 5.02145102 1.09599977
7.20854264 8.56291766 5.02134396 1.09609453
7.20928053 8.56353931 5.02123789 1.09618857
7.21001539 8.56415891 5.02113279 1.09628188
7.21074723 8.56477643 5.02102864 1.09637448
7.21147603 8.56539185 5.02092543 1.09646635
7.21220178 8.56600515 5.02082314 1.09655750
7.21292449 8.56661632 5.02072177 1.09664793
7.21364413 8.56722533 5.02062130 1.09673764
7.21436071 8.56783217 5.02052173 1.09682663
7.21507421 8.56843682 5.02042303 1.09691489
7.21578463 8.56903926 5.02032520 1.09700243
7.21649197 8.56963948 5.02022822 1.09708924
7.21719621 8.57023745 5.02013209 1.09717534
7.21789735 8.57083317 5.02003680 1.09726072
7.21859538 8.57142661 5.01994232 1.09734537
7.21929030 8.57201777 5.01984866 1.09742931
7.21998210 8.57260662 5.01975581 1.09751252
7.22067078 8.57319316 5.01966374 1.09759502
7.22135633 8.57377736 5.01957246 1.09767680
7.22203875 8.57435922 5.01948196 1.09775787
7.22271803 8.57493873 5.01939221 1.09783822
7.22339416 8.57551586 5.01930323 1.09791786
7.22406716 8.57609061 5.01921499 1.09799679
7.22473700 8.57666297 5.01912748 1.09807500
7.22540368 8.57723293 5.01904071 1.09815251
7.22606721 8.57780046 5.01895466 1.09822931
7.22672758 8.57836557 5.01886932 1.09830541
7.22738478 8.57892824 5.01878468 1.09838080
7.22803882 8.57948847 5.01870074 1.09845549
7.22868969 8.58004623 5.01861749 1.09852948
7.22933739 8.58060153 5.01853492 1.09860278
7.22998191 8.58115436 5.01845302 1.09867538
7.23062326 8.58170470 5.01837178 1.09874728
7.23126144 8.58225255 5.01829121 1.09881850
7.23189643 8.58279790 5.01821129 1.09888903
7.23252825 8.58334075 5.01813201 1.09895888
7.23315688 8.58388108 5.01805337 1.09902804
7.23378234 8.58441889 5.01797536 1.09909652
7.23440462 8.58495417 5.01789798 1.09916433
7.23502371 8.58548692 5.01782121 1.09923146
7.23563963 8.58601714 5.01774505 1.09929792
7.23625236 8.58654481 5.01766950 1.09936371
7.23686192 8.58706992 5.01759455 1.09942883
7.23746829 8.58759249 5.01752020 1.09949330
7.23807149 8.58811250 5.01744643 1.09955710
7.23867151 8.58862994 5.01737324 1.09962025
7.23926835 8.58914482 5.01730063 1.09968275
7.23986202 8.58965713 5.01722858 1.09974460
7.24045252 8.59016686 5.01715711 1.09980580
7.24103985 8.59067402 5.01708619 1.09986636
7.24162401 8.59117860 5.01701583 1.09992628
7.24220501 8.59168060 5.01694601 1.09998556
7.24278284 8.59218002 5.01687674 1.10004422
7.24335751 8.59267685 5.01680801 1.10010224
7.24392903 8.59317110 5.01673981 1.10015964
7.24449739 8.59366276 5.01667214 1.10021642
7.24506261 8.59415183 5.01660499 1.10027258
7.24562468 8.59463831 5.01653836 1.10032813
7.24618360 8.59512220 5.01647225 1.10038307
7.24673939 8.59560350 5.01640665 1.10043741
7.24729204 8.59608221 5.01634155 1.10049114
7.24784157 8.59655833 5.01627696 1.10054428
7.24838797 8.59703187 5.01621286 1.10059682
7.24893125 8.59750281 5.01614925 1.10064877
7.24947142 8.59797117 5.01608613 1.10070014
7.25000848 8.59843694 5.01602349 1.10075092
7.25054243 8.59890013 5.01596134 1.10080113
7.25107329 8.59936074 5.01589966 1.10085076
7.25160105 8.59981876 5.01583845 1.10089983
7.25212573 8.60027421 5.01577771 1.10094833
7.25264733 8.60072708 5.01571743 1.10099627
7.25316585 8.60117737 5.01565761 1.10104365
7.25368130 8.60162510 5.01559825 1.10109048
7.25419370 8.60207026 5.01553934 1.10113676
7.25470304 8.60251285 5.01548088 1.10118250
7.25520933 8.60295289 5.01542286 1.10122770
7.25571258 8.60339036 5.01536529 1.10127236
7.25621280 8.60382529 5.01530815 1.10131649
7.25671000 8.60425766 5.01525145 1.10136010
7.25720417 8.60468749 5.01519518 1.10140318
7.25769534 8.60511477 5.01513934 1.10144575
7.25818350 8.60553952 5.01508392 1.10148780
7.25866867 8.60596174 5.01502892 1.10152934
7.25915086 8.60638143 5.01497434 1.10157037
7.25963006 8.60679860 5.01492017 1.10161091
7.26010630 8.60721326 5.01486641 1.10165095
7.26057957 8.60762540 5.01481306 1.10169050
7.26104989 8.60803504 5.01476012 1.10172956
7.26151727 8.60844217 5.01470758 1.10176813
7.26198171 8.60884682 5.01465543 1.10180623
7.26244323 8.60924897 5.01460368 1.10184385
7.26290183 8.60964865 5.01455233 1.10188100
7.26335752 8.61004585 5.01450136 1.10191769
7.26381032 8.61044057 5.01445078 1.10195391
7.26426022 8.61083284 5.01440058 1.10198968
7.26470725 8.61122265 5.01435077 1.10202499
7.26515141 8.61161001 5.01430133 1.10205986
7.26559271 8.61199494 5.01425226 1.10209428
7.26603116 8.61237742 5.01420357 1.10212826
7.26646677 8.61275748 5.01415525 1.10216181
7.26689955 8.61313512 5.01410730 1.10219492
7.26732951 8.61351034 5.01405971 1.10222761
7.26775666 8.61388316 5.01401248 1.10225987
7.26818102 8.61425358 5.01396561 1.10229171
7.26860258 8.61462162 5.01391909 1.10232314
7.26902137 8.61498727 5.01387293 1.10235416
7.26943739 8.61535055 5.01382712 1.10238478
7.26985066 8.61571146 5.01378166 1.10241499
7.27026118 8.61607001 5.01373655 1.10244480
7.27066897 8.61642622 5.01369178 1.10247422
7.27107403 8.61678008 5.01364735 1.10250325
7.27147638 8.61713162 5.01360325 1.10253190
7.27187603 8.61748083 5.01355950 1.10256016
7.27227299 8.61782772 5.01351607 1.10258804
7.27266727 8.61817231 5.01347298 1.10261556
7.27305888 8.61851460 5.01343022 1.10264270
7.27344783 8.61885460 5.01338778 1.10266948
7.27383415 8.61919233 5.01334567 1.10269590
7.27421782 8.61952778 5.01330388 1.10272196
7.27459888 8.61986097 5.01326241 1.10274766
7.27497733 8.62019191 5.01322126 1.10277302
7.27535317 8.62052061 5.01318042 1.10279803
7.27572643 8.62084707 5.01313989 1.10282270
7.27609712 8.62117131 5.01309968 1.10284703
7.27646524 8.62149333 5.01305977 1.10287103
7.27683081 8.62181315 5.01302017 1.10289470
7.27719384 8.62213078 5.01298087 1.10291804
7.27755435 8.62244621 5.01294188 1.10294105
7.27791233 8.62275948 5.01290318 1.10296375
7.27826782 8.62307057 5.01286479 1.10298614
7.27862081 8.62337951 5.01282669 1.10300821
7.27897132 8.62368630 5.01278888 1.10302997
7.27931936 8.62399096 5.01275136 1.10305143
7.27966495 8.62429349 5.01271413 1.10307259
7.28000810 8.62459390 5.01267719 1.10309346
7.28034881 8.62489220 5.01264053 1.10311402
7.28068710 8.62518841 5.01260416 1.10313430
7.28102299 8.62548253 5.01256807 1.10315429
7.28135648 8.62577457 5.01253226 1.10317400
7.28168759 8.62606455 5.01249672 1.10319343
7.28201633 8.62635247 5.01246146 1.10321258
7.28234272 8.62663834 5.01242647 1.10323146
7.28266675 8.62692217 5.01239176 1.10325007
7.28298846 8.62720398 5.01235731 1.10326842
7.28330784 8.62748378 5.01232313 1.10328650
7.28362491 8.62776157 5.01228922 1.10330432
7.28393969 8.62803736 5.01225557 1.10332188
7.28425218 8.62831117 5.01222218 1.10333919
7.28456240 8.62858300 5.01218906 1.10335625
7.28487037 8.62885287 5.01215619 1.10337307
7.28517608 8.62912079 5.01212358 1.10338964
7.28547956 8.62938676 5.01209122 1.10340597
7.28578082 8.62965080 5.01205911 1.10342206
7.28607987 8.62991291 5.01202726 1.10343791
7.28637672 8.63017312 5.01199565 1.10345354
7.28667138 8.63043142 5.01196429 1.10346893
7.28696387 8.63068783 5.01193318 1.10348411
7.28725420 8.63094235 5.01190231 1.10349905
7.28754239 8.63119501 5.01187169 1.10351378
7.28782843 8.63144581 5.01184130 1.10352829
7.28811236 8.63169475 5.01181115 1.10354259
7.28839417 8.63194186 5.01178124 1.10355667
7.28867388 8.63218714 5.01175157 1.10357055
7.28895151 8.63243060 5.01172213 1.10358422
7.28922706 8.63267225 5.01169292 1.10359769
7.28950054 8.63291210 5.01166394 1.10361095
7.28977198 8.63315017 5.01163519 1.10362402
7.29004138 8.63338645 5.01160667 1.10363690
7.29030876 8.63362097 5.01157837 1.10364958
7.29057412 8.63385374 5.01155029 1.10366207
7.29083748 8.63408476 5.01152244 1.10367437
7.29109885 8.63431404 5.01149481 1.10368649
7.29135824 8.63454159 5.01146740 1.10369843
7.29161566 8.63476743 5.01144020 1.10371018
7.29187114 8.63499157 5.01141322 1.10372176
7.29212467 8.63521401 5.01138646 1.10373317
7.29237627 8.63543477 5.01135991 1.10374440
7.29262596 8.63565385 5.01133357 1.10375546
7.29287374 8.63587127 5.01130743 1.10376635
7.29311962 8.63608704 5.01128151 1.10377708
7.29336363 8.63630116 5.01125579 1.10378764
7.29360576 8.63651364 5.01123028 1.10379805
7.29384604 8.63672451 5.01120498 1.10380829
7.29408447 8.63693376 5.01117987 1.10381838
7.29432107 8.63714141 5.01115497 1.10382831
7.29455584 8.63734746 5.01113026 1.10383809
7.29478880 8.63755194 5.01110575 1.10384772
7.29501997 8.63775484 5.01108144 1.10385721
7.29524934 8.63795617 5.01105732 1.10386654
7.29547694 8.63815596 5.01103340 1.10387574
7.29570277 8.63835420 5.01100967 1.10388479
7.29592685 8.63855090 5.01098613 1.10389370
7.29614919 8.63874609 5.01096278 1.10390247
7.29636980 8.63893976 5.01093962 1.10391111
7.29658869 8.63913193 5.01091664 1.10391961
7.29680587 8.63932260 5.01089385 1.10392799
7.29702136 8.63951179 5.01087124 1.10393623
7.29723516 8.63969950 5.01084882 1.10394434
7.29744729 8.63988575 5.01082657 1.10395233
7.29765775 8.64007055 5.01080451 1.10396019
7.29786656 8.64025390 5.01078262 1.10396793
7.29807374 8.64043581 5.01076091 1.10397555
7.29827928 8.64061630 5.01073938 1.10398305
7.29848320 8.64079537 5.01071802 1.10399043
7.29868552 8.64097304 5.01069683 1.10399769
7.29888624 8.64114930 5.01067582 1.10400484
7.29908538 8.64132418 5.01065497 1.10401188
7.29928294 8.64149768 5.01063430 1.10401881
7.29947893 8.64166981 5.01061379 1.10402563
7.29967338 8.64184058 5.01059345 1.10403234
7.29986628 8.64201000 5.01057328 1.10403895
7.30005765 8.64217808 5.01055327 1.10404545
7.30024749 8.64234482 5.01053342 1.10405185
7.30043583 8.64251024 5.01051374 1.10405815
7.30062267 8.64267435 5.01049421 1.10406434
7.30080801 8.64283715 5.01047485 1.10407044
7.30099188 8.64299866 5.01045564 1.10407644
7.30117428 8.64315887 5.01043659 1.10408235
7.30135522 8.64331781 5.01041770 1.10408816
7.30153471 8.64347549 5.01039896 1.10409388
7.30171276 8.64363190 5.01038037 1.10409951
7.30188939 8.64378706 5.01036194 1.10410505
7.30206460 8.64394097 5.01034366 1.10411050
7.30223840 8.64409366 5.01032552 1.10411586
7.30241080 8.64424512 5.01030754 1.10412114
7.30258181 8.64439536 5.01028970 1.10412633
7.30275145 8.64454439 5.01027201 1.10413144
7.30291972 8.64469222 5.01025447 1.10413647
7.30308663 8.64483887 5.01023707 1.10414142
7.30325219 8.64498433 5.01021981 1.10414628
7.30341641 8.64512862 5.01020270 1.10415107
7.30357931 8.64527174 5.01018573 1.10415578
7.30374088 8.64541371 5.01016889 1.10416042
7.30390115 8.64555452 5.01015220 1.10416498
7.30406011 8.64569420 5.01013564 1.10416947
7.30421779 8.64583275 5.01011922 1.10417388
7.30437418 8.64597017 5.01010294 1.10417823
7.30452930 8.64610647 5.01008679 1.10418250
7.30468316 8.64624167 5.01007077 1.10418670
7.30483577 8.64637577 5.01005489 1.10419084
7.30498713 8.64650878 5.01003914 1.10419491
7.30513725 8.64664070 5.01002352 1.10419891
7.30528615 8.64677155 5.01000803 1.10420285
7.30543384 8.64690133 5.00999267 1.10420672
7.30558031 8.64703005 5.00997743 1.10421053
7.30572559 8.64715772 5.00996232 1.10421428
7.30586968 8.64728435 5.00994734 1.10421796
7.30601259 8.64740994 5.00993248 1.10422159
7.30615432 8.64753450 5.00991774 1.10422516
7.30629489 8.64765804 5.00990313 1.10422867
7.30643431 8.64778057 5.00988864 1.10423212
7.30657258 8.64790209 5.00987427 1.10423551
7.30670971 8.64802262 5.00986002 1.10423885
7.30684572 8.64814215 5.00984589 1.10424214
7.30698060 8.64826070 5.00983188 1.10424537
7.30711437 8.64837827 5.00981798 1.10424855
7.30724704 8.64849488 5.00980420 1.10425167
7.30737861 8.64861052 5.00979054 1.10425475
7.30750910 8.64872521 5.00977698 1.10425777
7.30763851 8.64883896 5.00976355 1.10426075
7.30776685 8.64895176 5.00975022 1.10426367
7.30789412 8.64906363 5.00973701 1.10426655
7.30802035 8.64917458 5.00972391 1.10426938
7.30814552 8.64928461 5.00971091 1.10427216
7.30826966 8.64939372 5.00969803 1.10427490
7.30839277 8.64950194 5.00968525 1.10427759
7.30851485 8.64960925 5.00967259 1.10428024
7.30863593 8.64971568 5.00966002 1.10428284
7.30875599 8.64982122 5.00964757 1.10428540
7.30887506 8.64992588 5.00963521 1.10428792
7.30899313 8.65002968 5.00962297 1.10429039
7.30911023 8.65013261 5.00961082 1.10429283
7.30922634 8.65023468 5.00959878 1.10429522
7.30934149 8.65033591 5.00958684 1.10429758
7.30945568 8.65043629 5.00957500 1.10429989
7.30956892 8.65053583 5.00956325 1.10430217
7.30968120 8.65063454 5.00955161 1.10430441
7.30979256 8.65073243 5.00954007 1.10430661
7.30990298 8.65082950 5.00952862 1.10430878
7.31001247 8.65092576 5.00951727 1.10431091
7.31012105 8.65102122 5.00950602 1.10431300
7.31022872 8.65111587 5.00949486 1.10431506
7.31033549 8.65120974 5.00948379 1.10431709
7.31044136 8.65130281 5.00947282 1.10431908
7.31054635 8.65139511 5.00946194 1.10432103
7.31065045 8.65148664 5.00945116 1.10432296
7.31075368 8.65157739 5.00944046 1.10432485
7.31085604 8.65166738 5.00942986 1.10432671
7.31095754 8.65175662 5.00941934 1.10432854
7.31105819 8.65184511 5.00940892 1.10433034
7.31115799 8.65193286 5.00939858 1.10433211
7.31125695 8.65201986 5.00938833 1.10433385
7.31135508 8.65210614 5.00937817 1.10433556
7.31145238 8.65219168 5.00936809 1.10433724
7.31154886 8.65227651 5.00935810 1.10433890
7.31164453 8.65236062 5.00934820 1.10434052
7.31173939 8.65244402 5.00933838 1.10434212
7.31183345 8.65252672 5.00932864 1.10434369
7.31192671 8.65260872 5.00931898 1.10434524
7.31201919 8.65269003 5.00930941 1.10434676
7.31211088 8.65277065 5.00929992 1.10434825
7.31220180 8.65285059 5.00929051 1.10434972
7.31229195 8.65292986 5.00928118 1.10435116
7.31238134 8.65300845 5.00927193 1.10435258
7.31246996 8.65308638 5.00926275 1.10435398
7.31255784 8.65316365 5.00925366 1.10435535
7.31264498 8.65324026 5.00924464 1.10435670
7.31273137 8.65331623 5.00923570 1.10435802
7.31281703 8.65339155 5.00922684 1.10435932
7.31290196 8.65346623 5.00921805 1.10436061
7.31298618 8.65354028 5.00920934 1.10436187
7.31306967 8.65361370 5.00920070 1.10436310
7.31315246 8.65368649 5.00919214 1.10436432
7.31323455 8.65375867 5.00918365 1.10436552
7.31331593 8.65383023 5.00917523 1.10436669
7.31339663 8.65390119 5.00916688 1.10436785
7.31347663 8.65397154 5.00915861 1.10436899
7.31355596 8.65404129 5.00915040 1.10437011
7.31363461 8.65411045 5.00914227 1.10437121
7.31371259 8.65417902 5.00913420 1.10437229
7.31378990 8.65424701 5.00912621 1.10437335
7.31386656 8.65431441 5.00911828 1.10437439
7.31394256 8.65438124 5.00911042 1.10437542
7.31401791 8.65444751 5.00910263 1.10437643
7.31409262 8.65451320 5.00909491 1.10437742
7.31416669 8.65457834 5.00908725 1.10437839
7.31424013 8.65464291 5.00907966 1.10437935
7.31431294 8.65470694 5.00907213 1.10438029
7.31438513 8.65477042 5.00906467 1.10438122
7.31445670 8.65483336 5.00905727 1.10438213
7.31452765 8.65489576 5.00904993 1.10438302
7.31459801 8.65495762 5.00904266 1.10438390
7.31466775 8.65501896 5.00903545 1.10438476
7.31473690 8.65507977 5.00902830 1.10438561
7.31480546 8.65514006 5.00902122 1.10438645
7.31487343 8.65519983 5.00901419 1.10438727
7.31494082 8.65525909 5.00900723 1.10438808
7.31500763 8.65531785 5.00900032 1.10438887
7.31507387 8.65537609 5.00899348 1.10438965
7.31513954 8.65543384 5.00898669 1.10439041
7.31520464 8.65549110 5.00897996 1.10439117
7.31526919 8.65554786 5.00897329 1.10439191
7.31533318 8.65560414 5.00896668 1.10439264
7.31539662 8.65565993 5.00896013 1.10439335
7.31545952 8.65571524 5.00895363 1.10439405
7.31552188 8.65577008 5.00894718 1.10439474
7.31558369 8.65582444 5.00894080 1.10439542
7.31564498 8.65587834 5.00893447 1.10439609
7.31570574 8.65593177 5.00892819 1.10439675
7.31576598 8.65598475 5.00892197 1.10439739
7.31582570 8.65603727 5.00891580 1.10439802
7.31588490 8.65608933 5.00890968 1.10439865
7.31594360 8.65614095 5.00890362 1.10439926
7.31600178 8.65619213 5.00889761 1.10439986
7.31605947 8.65624286 5.00889165 1.10440045
7.31611666 8.65629315 5.00888574 1.10440103
7.31617336 8.65634301 5.00887989 1.10440160
7.31622956 8.65639245 5.00887408 1.10440216
7.31628528 8.65644145 5.00886832 1.10440272
7.31634053 8.65649003 5.00886262 1.10440326
7.31639529 8.65653819 5.00885696 1.10440379
7.31644958 8.65658594 5.00885136 1.10440431
7.31650340 8.65663328 5.00884580 1.10440483
7.31655676 8.65668020 5.00884029 1.10440533
7.31660965 8.65672672 5.00883483 1.10440583
7.31666209 8.65677284 5.00882941 1.10440632
7.31671408 8.65681856 5.00882404 1.10440680
7.31676561 8.65686388 5.00881872 1.10440727
7.31681670 8.65690881 5.00881345 1.10440774
7.31686735 8.65695336 5.00880822 1.10440819
7.31691756 8.65699752 5.00880303 1.10440864
7.31696733 8.65704129 5.00879789 1.10440908
7.31701667 8.65708469 5.00879280 1.10440951
7.31706559 8.65712771 5.00878775 1.10440994
7.31711408 8.65717036 5.00878274 1.10441035
7.31716215 8.65721263 5.00877778 1.10441076
7.31720981 8.65725455 5.00877286 1.10441117
7.31725705 8.65729610 5.00876798 1.10441156
7.31730388 8.65733728 5.00876315 1.10441195
7.31735031 8.65737811 5.00875835 1.10441234
7.31739633 8.65741859 5.00875360 1.10441271
7.31744195 8.65745872 5.00874889 1.10441308
7.31748718 8.65749850 5.00874422 1.10441345
7.31753201 8.65753793 5.00873959 1.10441380
7.31757646 8.65757702 5.00873501 1.10441415
7.31762052 8.65761577 5.00873046 1.10441450
7.31766420 8.65765418 5.00872595 1.10441484
7.31770749 8.65769226 5.00872148 1.10441517
7.31775041 8.65773001 5.00871705 1.10441550
7.31779296 8.65776743 5.00871266 1.10441582
7.31783514 8.65780453 5.00870831 1.10441614
7.31787695 8.65784130 5.00870399 1.10441645
7.31791840 8.65787776 5.00869971 1.10441675
7.31795948 8.65791389 5.00869547 1.10441705
7.31800021 8.65794972 5.00869127 1.10441735
7.31804059 8.65798523 5.00868710 1.10441764
7.31808061 8.65802043 5.00868297 1.10441792
7.31812029 8.65805532 5.00867888 1.10441820
7.31815962 8.65808992 5.00867482 1.10441847
7.31819860 8.65812421 5.00867079 1.10441874
7.31823725 8.65815820 5.00866680 1.10441901
7.31827556 8.65819189 5.00866285 1.10441927
7.31831354 8.65822529 5.00865893 1.10441953
7.31835118 8.65825841 5.00865505 1.10441978
7.31838850 8.65829123 5.00865120 1.10442003
7.31842549 8.65832376 5.00864738 1.10442027
7.31846216 8.65835602 5.00864359 1.10442051
7.31849851 8.65838799 5.00863984 1.10442074
7.31853455 8.65841968 5.00863613 1.10442097
7.31857026 8.65845109 5.00863244 1.10442120
7.31860567 8.65848224 5.00862879 1.10442142
7.31864077 8.65851311 5.00862516 1.10442164
7.31867556 8.65854371 5.00862157 1.10442186
7.31871005 8.65857404 5.00861802 1.10442207
7.31874423 8.65860411 5.00861449 1.10442228
7.31877812 8.65863391 5.00861099 1.10442248
7.31881171 8.65866346 5.00860753 1.10442268
7.31884501 8.65869275 5.00860409 1.10442288
7.31887802 8.65872178 5.00860068 1.10442307
7.31891073 8.65875056 5.00859731 1.10442326
7.31894317 8.65877908 5.00859396 1.10442345
7.31897532 8.65880736 5.00859065 1.10442363
7.31900718 8.65883539 5.00858736 1.10442381
7.31903877 8.65886317 5.00858410 1.10442399
7.31907009 8.65889072 5.00858087 1.10442416
7.31910113 8.65891802 5.00857767 1.10442433
7.31913189 8.65894508 5.00857449 1.10442450
7.31916239 8.65897190 5.00857135 1.10442467
7.31919262 8.65899849 5.00856823 1.10442483
7.31922259 8.65902485 5.00856513 1.10442499
7.31925230 8.65905098 5.00856207 1.10442515
7.31928174 8.65907688 5.00855903 1.10442530
7.31931093 8.65910255 5.00855602 1.10442545
7.31933986 8.65912800 5.00855304 1.10442560
7.31936854 8.65915322 5.00855008 1.10442575
7.31939696 8.65917822 5.00854715 1.10442589
7.31942514 8.65920301 5.00854424 1.10442603
7.31945307 8.65922757 5.00854136 1.10442617
7.31948076 8.65925193 5.00853850 1.10442631
7.31950820 8.65927606 5.00853567 1.10442644
7.31953540 8.65929999 5.00853286 1.10442657
7.31956237 8.65932371 5.00853008 1.10442670
7.31958910 8.65934722 5.00852733 1.10442683
7.31961559 8.65937052 5.00852459 1.10442695
7.31964185 8.65939362 5.00852188 1.10442707
7.31966788 8.65941652 5.00851920 1.10442719
7.31969368 8.65943921 5.00851654 1.10442731
7.31971926 8.65946171 5.00851390 1.10442743
7.31974461 8.65948401 5.00851128 1.10442754
7.31976974 8.65950611 5.00850869 1.10442766
7.31979465 8.65952802 5.00850612 1.10442777
7.31981934 8.65954974 5.00850358 1.10442787
7.31984381 8.65957126 5.00850105 1.10442798
7.31986807 8.65959260 5.00849855 1.10442809
7.31989212 8.65961375 5.00849607 1.10442819
7.31991595 8.65963471 5.00849361 1.10442829
7.31993958 8.65965549 5.00849117 1.10442839
7.31996299 8.65967609 5.00848876 1.10442849
7.31998621 8.65969651 5.00848636 1.10442858
7.32000921 8.65971675 5.00848399 1.10442868
7.32003202 8.65973681 5.00848164 1.10442877
7.32005462 8.65975669 5.00847931 1.10442886
7.32007703 8.65977640 5.00847700 1.10442895
7.32009924 8.65979593 5.00847471 1.10442904
7.32012126 8.65981530 5.00847244 1.10442912
7.32014308 8.65983449 5.00847019 1.10442921
7.32016471 8.65985351 5.00846795 1.10442929
7.32018615 8.65987237 5.00846574 1.10442937
7.32020740 8.65989106 5.00846355 1.10442945
7.32022846 8.65990959 5.00846138 1.10442953
7.32024934 8.65992796 5.00845923 1.10442961
7.32027003 8.65994616 5.00845709 1.10442968
7.32029055 8.65996420 5.00845498 1.10442976
7.32031088 8.65998209 5.00845288 1.10442983
7.32033103 8.65999981 5.00845080 1.10442990
7.32035101 8.66001738 5.00844874 1.10442997
7.32037081 8.66003480 5.00844670 1.10443004
7.32039043 8.66005206 5.00844467 1.10443011
7.32040989 8.66006917 5.00844267 1.10443018
7.32042917 8.66008613 5.00844068 1.10443025
7.32044828 8.66010295 5.00843871 1.10443031
7.32046723 8.66011961 5.00843675 1.10443037
7.32048600 8.66013612 5.00843482 1.10443044
7.32050461 8.66015250 5.00843290 1.10443050
7.32052306 8.66016872 5.00843100 1.10443056
7.32054135 8.66018481 5.00842911 1.10443062
7.32055947 8.66020075 5.00842724 1.10443068
7.32057744 8.66021655 5.00842539 1.10443073
7.32059524 8.66023221 5.00842355 1.10443079
7.32061289 8.66024774 5.00842173 1.10443085
7.32063039 8.66026313 5.00841993 1.10443090
7.32064773 8.66027838 5.00841814 1.10443095
7.32066492 8.66029350 5.00841637 1.10443101
7.32068195 8.66030848 5.00841461 1.10443106
7.32069884 8.66032333 5.00841287 1.10443111
7.32071557 8.66033805 5.00841114 1.10443116
7.32073216 8.66035265 5.00840943 1.10443121
7.32074861 8.66036711 5.00840774 1.10443125
7.32076490 8.66038145 5.00840606 1.10443130
7.32078106 8.66039566 5.00840439 1.10443135
7.32079707 8.66040974 5.00840274 1.10443139
7.32081294 8.66042370 5.00840110 1.10443144
7.32082867 8.66043754 5.00839948 1.10443148
7.32084426 8.66045125 5.00839787 1.10443153
7.32085972 8.66046484 5.00839628 1.10443157
7.32087504 8.66047832 5.00839470 1.10443161
7.32089022 8.66049167 5.00839313 1.10443165
7.32090527 8.66050491 5.00839158 1.10443169
7.32092018 8.66051803 5.00839004 1.10443173
7.32093497 8.66053104 5.00838852 1.10443177
7.32094962 8.66054393 5.00838701 1.10443181
7.32096415 8.66055670 5.00838551 1.10443185
7.32097854 8.66056937 5.00838403 1.10443188
7.32099281 8.66058192 5.00838255 1.10443192
7.32100696 8.66059436 5.00838110 1.10443195
7.32102098 8.66060669 5.00837965 1.10443199
7.32103487 8.66061891 5.00837822 1.10443202
7.32104864 8.66063103 5.00837680 1.10443206
7.32106229 8.66064303 5.00837539 1.10443209
7.32107583 8.66065493 5.00837399 1.10443212
7.32108924 8.66066673 5.00837261 1.10443215
7.32110253 8.66067842 5.00837124 1.10443219
7.32111570 8.66069001 5.00836988 1.10443222
7.32112876 8.66070150 5.00836854 1.10443225
7.32114171 8.66071288 5.00836720 1.10443228
7.32115453 8.66072417 5.00836588 1.10443231
7.32116725 8.66073535 5.00836457 1.10443233
7.32117985 8.66074644 5.00836327 1.10443236
7.32119235 8.66075743 5.00836198 1.10443239
7.32120473 8.66076832 5.00836070 1.10443242
7.32121700 8.66077911 5.00835944 1.10443244
7.32122916 8.66078981 5.00835818 1.10443247
7.32124122 8.66080042 5.00835694 1.10443250
7.32125317 8.66081093 5.00835571 1.10443252
7.32126501 8.66082135 5.00835449 1.10443255
7.32127675 8.66083167 5.00835328 1.10443257
7.32128839 8.66084191 5.00835208 1.10443260
7.32129992 8.66085205 5.00835089 1.10443262
7.32131135 8.66086211 5.00834971 1.10443264
7.32132268 8.66087207 5.00834854 1.10443266
7.32133391 8.66088195 5.00834738 1.10443269
7.32134504 8.66089174 5.00834623 1.10443271
7.32135608 8.66090145 5.00834510 1.10443273
7.32136701 8.66091106 5.00834397 1.10443275
7.32137785 8.66092060 5.00834285 1.10443277
7.32138859 8.66093005 5.00834174 1.10443279
7.32139924 8.66093941 5.00834065 1.10443281
7.32140979 8.66094869 5.00833956 1.10443283
7.32142025 8.66095789 5.00833848 1.10443285
7.32143062 8.66096701 5.00833741 1.10443287
7.32144089 8.66097605 5.00833635 1.10443289
7.32145108 8.66098501 5.00833530 1.10443291
7.32146117 8.66099389 5.00833426 1.10443293
7.32147118 8.66100269 5.00833323 1.10443295
7.32148109 8.66101141 5.00833221 1.10443296
7.32149092 8.66102006 5.00833119 1.10443298
7.32150066 8.66102863 5.00833019 1.10443300
7.32151032 8.66103712 5.00832919 1.10443301
7.32151989 8.66104554 5.00832821 1.10443303
7.32152938 8.66105388 5.00832723 1.10443305
7.32153878 8.66106215 5.00832626 1.10443306
7.32154810 8.66107035 5.00832530 1.10443308
7.32155733 8.66107847 5.00832435 1.10443309
7.32156649 8.66108653 5.00832340 1.10443311
7.32157556 8.66109451 5.00832247 1.10443312
7.32158455 8.66110242 5.00832154 1.10443314
7.32159347 8.66111026 5.00832062 1.10443315
7.32160230 8.66111803 5.00831971 1.10443316
7.32161106 8.66112573 5.00831881 1.10443318
7.32161974 8.66113337 5.00831791 1.10443319
7.32162834 8.66114093 5.00831702 1.10443320
7.32163686 8.66114843 5.00831615 1.10443322
7.32164531 8.66115587 5.00831527 1.10443323
7.32165369 8.66116323 5.00831441 1.10443324
7.32166199 8.66117054 5.00831356 1.10443325
7.32167022 8.66117777 5.00831271 1.10443327
7.32167837 8.66118495 5.00831187 1.10443328
7.32168646 8.66119206 5.00831103 1.10443329
7.32169447 8.66119910 5.00831021 1.10443330
7.32170241 8.66120609 5.00830939 1.10443331
7.32171028 8.66121301 5.00830858 1.10443332
7.32171808 8.66121987 5.00830777 1.10443333
7.32172581 8.66122667 5.00830698 1.10443334
7.32173347 8.66123341 5.00830619 1.10443335
7.32174107 8.66124009 5.00830540 1.10443337
7.32174860 8.66124671 5.00830463 1.10443338
