1.34249365 9.51860462 2.94307513 0.75142417
1.34175885 9.51485395 2.95017312 0.75790224
1.34102851 9.51112736 2.95722514 0.76429588
1.34030281 9.50742583 2.96422930 0.77060225
1.33958193 9.50375034 2.97118375 0.77681871
1.33886604 9.50010182 2.97808672 0.78294276
1.33815532 9.49648117 2.98493651 0.78897212
1.33744992 9.49288924 2.99173146 0.79490468
1.33675001 9.48932688 2.99846999 0.80073851
1.33605573 9.48579488 3.00515059 0.80647187
1.33536723 9.48229399 3.01177181 0.81210320
1.33468463 9.47882493 3.01833229 0.81763114
1.33400807 9.47538839 3.02483071 0.82305451
1.33333767 9.47198501 3.03126586 0.82837231
1.33267354 9.46861540 3.03763659 0.83358371
1.33201579 9.46528012 3.04394180 0.83868807
1.33136452 9.46197970 3.05018050 0.84368492
1.33071981 9.45871462 3.05635175 0.84857396
1.33008175 9.45548535 3.06245469 0.85335504
1.32945042 9.45229229 3.06848855 0.85802818
1.32882589 9.44913581 3.07445260 0.86259355
1.32820822 9.44601625 3.08034620 0.86705147
1.32759746 9.44293391 3.08616879 0.87140238
1.32699366 9.43988906 3.09191986 0.87564687
1.32639688 9.43688191 3.09759898 0.87978565
1.32580713 9.43391267 3.10320579 0.88381956
1.32522446 9.43098148 3.10873997 0.88774952
1.32464888 9.42808848 3.11420130 0.89157659
1.32408041 9.42523375 3.11958960 0.89530190
1.32351906 9.42241736 3.12490475 0.89892670
1.32296484 9.41963934 3.13014669 0.90245229
1.32241775 9.41689969 3.13531542 0.90588007
1.32187779 9.41419838 3.14041099 0.90921149
1.32134494 9.41153536 3.14543351 0.91244809
1.32081918 9.40891054 3.15038313 0.91559144
1.32030051 9.40632383 3.15526006 0.91864317
1.31978890 9.40377509 3.16006452 0.92160495
1.31928431 9.40126417 3.16479683 0.92447849
1.31878672 9.39879090 3.16945731 0.92726554
1.31829609 9.39635508 3.17404633 0.92996787
1.31781239 9.39395651 3.17856430 0.93258727
1.31733556 9.39159494 3.18301167 0.93512555
1.31686557 9.38927013 3.18738891 0.93758452
1.31640237 9.38698181 3.19169653 0.93996602
1.31594591 9.38472971 3.19593507 0.94227188
1.31549613 9.38251352 3.20010509 0.94450393
1.31505298 9.38033295 3.20420718 0.94666400
1.31461640 9.37818766 3.20824196 0.94875390
1.31418632 9.37607733 3.21221006 0.95077546
1.31376270 9.37400162 3.21611214 0.95273046
1.31334546 9.37196017 3.21994887 0.95462070
1.31293454 9.36995263 3.22372095 0.95644792
1.31252988 9.36797861 3.22742908 0.95821389
1.31213140 9.36603776 3.23107398 0.95992031
1.31173904 9.36412968 3.23465639 0.96156888
1.31135273 9.36225400 3.23817705 0.96316129
1.31097240 9.36041030 3.24163670 0.96469916
1.31059798 9.35859821 3.24503613 0.96618412
1.31022939 9.35681731 3.24837609 0.96761776
1.30986656 9.35506721 3.25165736 0.96900163
1.30950943 9.35334749 3.25488072 0.97033726
1.30915791 9.35165775 3.25804695 0.97162613
1.30881194 9.34999758 3.26115685 0.97286972
1.30847144 9.34836657 3.26421120 0.97406945
1.30813634 9.34676430 3.26721080 0.97522672
1.30780656 9.34519036 3.27015644 0.97634289
1.30748204 9.34364434 3.27304890 0.97741929
1.30716269 9.34212583 3.27588898 0.97845722
1.30684846 9.34063441 3.27867746 0.97945794
1.30653926 9.33916969 3.28141514 0.98042269
1.30623501 9.33773125 3.28410279 0.98135265
1.30593567 9.33631869 3.28674119 0.98224900
1.30564113 9.33493160 3.28933112 0.98311287
1.30535135 9.33356958 3.29187335 0.98394535
1.30506625 9.33223224 3.29436864 0.98474753
1.30478575 9.33091918 3.29681775 0.98552043
1.30450980 9.32963001 3.29922144 0.98626507
1.30423831 9.32836434 3.30158045 0.98698243
1.30397123 9.32712178 3.30389553 0.98767344
1.30370848 9.32590196 3.30616740 0.98833904
1.30345000 9.32470449 3.30839679 0.98898011
1.30319573 9.32352900 3.31058443 0.98959752
1.30294559 9.32237512 3.31273103 0.99019210
1.30269953 9.32124249 3.31483728 0.99076467
1.30245747 9.32013074 3.31690388 0.99131600
1.30221937 9.31903952 3.31893153 0.99184685
1.30198514 9.31796846 3.32092090 0.99235797
1.30175475 9.31691724 3.32287265 0.99285005
1.30152811 9.31588549 3.32478746 0.99332378
1.30130518 9.31487288 3.32666598 0.99377983
1.30108589 9.31387908 3.32850884 0.99421883
1.30087018 9.31290375 3.33031670 0.99464141
1.30065801 9.31194657 3.33209016 0.99504817
1.30044930 9.31100722 3.33382986 0.99543968
1.30024402 9.31008538 3.33553640 0.99581649
1.30004209 9.30918073 3.33721037 0.99617916
1.29984347 9.30829298 3.33885239 0.99652819
1.29964810 9.30742181 3.34046301 0.99686409
1.29945593 9.30656693 3.34204283 0.99718734
1.29926692 9.30572805 3.34359240 0.99749842
1.29908099 9.30490487 3.34511228 0.99779776
1.29889812 9.30409711 3.34660301 0.99808581
1.29871824 9.30330449 3.34806515 0.99836299
1.29854131 9.30252673 3.34949920 0.99862969
1.29836729 9.30176357 3.35090571 0.99888631
1.29819611 9.30101474 3.35228517 0.99913323
1.29802775 9.30027997 3.35363810 0.99937080
1.29786214 9.29955900 3.35496499 0.99959938
1.29769925 9.29885159 3.35626632 0.99981930
1.29753903 9.29815748 3.35754259 1.00003089
1.29738144 9.29747642 3.35879425 1.00023446
1.29722643 9.29680818 3.36002177 1.00043030
1.29707396 9.29615252 3.36122561 1.00061871
1.29692400 9.29550921 3.36240621 1.00079998
1.29677650 9.29487801 3.36356401 1.00097436
1.29663141 9.29425870 3.36469945 1.00114211
1.29648871 9.29365106 3.36581295 1.00130350
1.29634834 9.29305488 3.36690493 1.00145875
1.29621028 9.29246993 3.36797579 1.00160810
1.29607449 9.29189602 3.36902593 1.00175177
1.29594092 9.29133292 3.37005576 1.00188997
1.29580954 9.29078045 3.37106565 1.00202292
1.29568032 9.29023841 3.37205600 1.00215081
1.29555322 9.28970659 3.37302717 1.00227383
1.29542820 9.28918480 3.37397953 1.00239217
1.29530523 9.28867287 3.37491343 1.00250601
1.29518429 9.28817060 3.37582925 1.00261550
1.29506532 9.28767781 3.37672731 1.00272083
1.29494831 9.28719432 3.37760797 1.00282215
1.29483322 9.28671996 3.37847155 1.00291961
1.29472002 9.28625456 3.37931838 1.00301335
1.29460867 9.28579795 3.38014880 1.00310352
1.29449915 9.28534997 3.38096310 1.00319026
1.29439143 9.28491044 3.38176161 1.00327369
1.29428548 9.28447922 3.38254462 1.00335394
1.29418127 9.28405614 3.38331245 1.00343113
1.29407876 9.28364105 3.38406537 1.00350538
1.29397794 9.28323381 3.38480367 1.00357679
1.29387878 9.28283425 3.38552765 1.00364549
1.29378124 9.28244225 3.38623757 1.00371156
1.29368531 9.28205765 3.38693371 1.00377512
1.29359095 9.28168032 3.38761633 1.00383625
1.29349814 9.28131011 3.38828570 1.00389505
1.29340685 9.28094690 3.38894206 1.00395161
1.29331707 9.28059055 3.38958569 1.00400601
1.29322875 9.28024094 3.39021681 1.00405833
1.29314189 9.27989793 3.39083567 1.00410866
1.29305646 9.27956140 3.39144252 1.00415707
1.29297243 9.27923122 3.39203757 1.00420364
1.29288979 9.27890729 3.39262107 1.00424842
1.29280850 9.27858947 3.39319323 1.00429150
1.29272855 9.27827766 3.39375428 1.00433294
1.29264991 9.27797173 3.39430443 1.00437280
1.29257256 9.27767159 3.39484389 1.00441113
1.29249649 9.27737712 3.39537287 1.00444801
1.29242167 9.27708820 3.39589157 1.00448347
1.29234808 9.27680475 3.39640020 1.00451759
1.29227570 9.27652665 3.39689894 1.00455040
1.29220452 9.27625380 3.39738799 1.00458196
1.29213450 9.27598610 3.39786754 1.00461232
1.29206564 9.27572346 3.39833777 1.00464152
1.29199791 9.27546578 3.39879887 1.00466961
1.29193130 9.27521296 3.39925101 1.00469662
1.29186578 9.27496492 3.39969436 1.00472261
1.29180135 9.27472157 3.40012910 1.00474760
1.29173797 9.27448280 3.40055539 1.00477165
1.29167564 9.27424855 3.40097340 1.00479477
1.29161434 9.27401872 3.40138329 1.00481701
1.29155405 9.27379323 3.40178522 1.00483841
1.29149476 9.27357199 3.40217933 1.00485899
1.29143644 9.27335493 3.40256579 1.00487878
1.29137908 9.27314197 3.40294474 1.00489782
1.29132268 9.27293303 3.40331633 1.00491613
1.29126720 9.27272803 3.40368070 1.00493375
1.29121264 9.27252690 3.40403799 1.00495069
1.29115898 9.27232957 3.40438834 1.00496699
1.29110621 9.27213596 3.40473189 1.00498267
1.29105431 9.27194600 3.40506876 1.00499775
1.29100326 9.27175963 3.40539909 1.00501225
1.29095307 9.27157678 3.40572300 1.00502620
1.29090370 9.27139737 3.40604062 1.00503962
1.29085515 9.27122135 3.40635206 1.00505253
1.29080740 9.27104866 3.40665746 1.00506495
1.29076044 9.27087922 3.40695693 1.00507689
1.29071426 9.27071297 3.40725058 1.00508838
1.29066885 9.27054987 3.40753853 1.00509943
1.29062418 9.27038984 3.40782089 1.00511006
1.29058026 9.27023283 3.40809776 1.00512029
1.29053707 9.27007878 3.40836926 1.00513012
1.29049459 9.26992763 3.40863548 1.00513958
1.29045282 9.26977934 3.40889653 1.00514868
1.29041174 9.26963384 3.40915252 1.00515744
1.29037134 9.26949109 3.40940353 1.00516586
1.29033161 9.26935103 3.40964967 1.00517396
1.29029254 9.26921361 3.40989103 1.00518175
1.29025412 9.26907878 3.41012770 1.00518924
1.29021634 9.26894649 3.41035978 1.00519645
1.29017919 9.26881670 3.41058735 1.00520338
1.29014265 9.26868935 3.41081051 1.00521005
1.29010672 9.26856441 3.41102933 1.00521647
1.29007139 9.26844182 3.41124391 1.00522264
1.29003665 9.26832154 3.41145432 1.00522858
1.29000249 9.26820353 3.41166064 1.00523429
1.28996889 9.26808775 3.41186296 1.00523978
1.28993586 9.26797414 3.41206135 1.00524507
1.28990337 9.26786268 3.41225589 1.00525015
1.28987143 9.26775332 3.41244666 1.00525504
1.28984002 9.26764602 3.41263372 1.00525974
1.28980913 9.26754074 3.41281716 1.00526427
1.28977876 9.26743745 3.41299703 1.00526862
1.28974890 9.26733610 3.41317341 1.00527281
1.28971953 9.26723667 3.41334637 1.00527684
1.28969065 9.26713910 3.41351597 1.00528071
1.28966226 9.26704338 3.41368228 1.00528444
1.28963434 9.26694946 3.41384537 1.00528802
1.28960689 9.26685731 3.41400529 1.00529147
1.28957989 9.26676689 3.41416211 1.00529479
1.28955335 9.26667818 3.41431588 1.00529798
1.28952725 9.26659114 3.41446667 1.00530105
1.28950159 9.26650574 3.41461454 1.00530400
1.28947636 9.26642195 3.41475953 1.00530684
1.28945155 9.26633974 3.41490172 1.00530957
1.28942716 9.26625908 3.41504114 1.00531220
1.28940318 9.26617993 3.41517787 1.00531473
1.28937959 9.26610228 3.41531193 1.00531716
1.28935641 9.26602609 3.41544340 1.00531950
1.28933361 9.26595133 3.41557232 1.00532176
1.28931119 9.26587799 3.41569874 1.00532392
1.28928916 9.26580602 3.41582271 1.00532600
1.28926749 9.26573541 3.41594427 1.00532801
1.28924618 9.26566613 3.41606347 1.00532994
1.28922523 9.26559816 3.41618036 1.00533179
1.28920464 9.26553146 3.41629499 1.00533357
1.28918439 9.26546602 3.41640739 1.00533529
1.28916448 9.26540182 3.41651761 1.00533694
1.28914491 9.26533882 3.41662570 1.00533853
1.28912567 9.26527701 3.41673169 1.00534006
1.28910675 9.26521636 3.41683562 1.00534153
1.28908815 9.26515686 3.41693754 1.00534294
1.28906986 9.26509847 3.41703748 1.00534430
1.28905188 9.26504119 3.41713549 1.00534561
1.28903420 9.26498498 3.41723159 1.00534687
1.28901683 9.26492984 3.41732584 1.00534808
1.28899974 9.26487573 3.41741825 1.00534924
1.28898294 9.26482264 3.41750887 1.00535036
1.28896643 9.26477055 3.41759774 1.00535144
1.28895020 9.26471944 3.41768488 1.00535248
1.28893424 9.26466929 3.41777034 1.00535347
1.28891855 9.26462009 3.41785414 1.00535443
1.28890312 9.26457181 3.41793631 1.00535536
1.28888796 9.26452444 3.41801689 1.00535625
1.28887305 9.26447797 3.41809591 1.00535710
1.28885840 9.26443237 3.41817340 1.00535792
1.28884399 9.26438763 3.41824938 1.00535871
1.28882982 9.26434373 3.41832390 1.00535947
1.28881590 9.26430065 3.41839696 1.00536020
1.28880221 9.26425839 3.41846862 1.00536091
1.28878876 9.26421692 3.41853888 1.00536159
1.28877553 9.26417624 3.41860778 1.00536224
1.28876253 9.26413632 3.41867535 1.00536286
1.28874974 9.26409715 3.41874161 1.00536347
1.28873718 9.26405872 3.41880658 1.00536405
1.28872483 9.26402101 3.41887030 1.00536460
1.28871268 9.26398401 3.41893278 1.00536514
1.28870075 9.26394771 3.41899405 1.00536566
1.28868901 9.26391209 3.41905413 1.00536616
1.28867748 9.26387715 3.41911305 1.00536663
1.28866614 9.26384286 3.41917083 1.00536709
1.28865500 9.26380921 3.41922749 1.00536754
1.28864404 9.26377620 3.41928305 1.00536796
1.28863327 9.26374381 3.41933753 1.00536837
1.28862268 9.26371203 3.41939096 1.00536876
1.28861228 9.26368085 3.41944335 1.00536914
1.28860205 9.26365026 3.41949473 1.00536951
1.28859200 9.26362024 3.41954511 1.00536986
1.28858211 9.26359079 3.41959452 1.00537020
1.28857240 9.26356189 3.41964297 1.00537052
1.28856285 9.26353353 3.41969048 1.00537083
1.28855346 9.26350571 3.41973707 1.00537113
1.28854424 9.26347841 3.41978276 1.00537142
1.28853517 9.26345163 3.41982757 1.00537170
1.28852626 9.26342535 3.41987150 1.00537197
1.28851750 9.26339956 3.41991459 1.00537222
1.28850889 9.26337426 3.41995684 1.00537247
1.28850042 9.26334944 3.41999827 1.00537271
1.28849210 9.26332509 3.42003890 1.00537294
1.28848392 9.26330119 3.42007875 1.00537316
1.28847589 9.26327774 3.42011782 1.00537337
1.28846799 9.26325473 3.42015613 1.00537358
1.28846022 9.26323216 3.42019371 1.00537377
1.28845259 9.26321001 3.42023055 1.00537396
1.28844509 9.26318828 3.42026669 1.00537414
1.28843772 9.26316696 3.42030212 1.00537432
1.28843047 9.26314604 3.42033687 1.00537449
1.28842335 9.26312551 3.42037094 1.00537465
1.28841635 9.26310537 3.42040435 1.00537480
1.28840947 9.26308560 3.42043712 1.00537495
1.28840271 9.26306621 3.42046925 1.00537510
1.28839606 9.26304719 3.42050076 1.00537523
1.28838953 9.26302852 3.42053166 1.00537537
1.28838311 9.26301021 3.42056197 1.00537550
1.28837680 9.26299224 3.42059168 1.00537562
1.28837060 9.26297460 3.42062082 1.00537574
1.28836451 9.26295730 3.42064940 1.00537585
1.28835852 9.26294033 3.42067742 1.00537596
1.28835263 9.26292367 3.42070490 1.00537607
1.28834685 9.26290733 3.42073185 1.00537617
1.28834116 9.26289129 3.42075828 1.00537627
1.28833557 9.26287556 3.42078420 1.00537636
1.28833008 9.26286013 3.42080961 1.00537645
1.28832469 9.26284498 3.42083453 1.00537654
1.28831938 9.26283012 3.42085897 1.00537662
1.28831417 9.26281554 3.42088294 1.00537670
1.28830905 9.26280123 3.42090644 1.00537678
1.28830401 9.26278719 3.42092949 1.00537686
1.28829906 9.26277342 3.42095209 1.00537693
1.28829420 9.26275991 3.42097426 1.00537700
1.28828942 9.26274665 3.42099599 1.00537706
1.28828473 9.26273364 3.42101731 1.00537713
1.28828011 9.26272087 3.42103821 1.00537719
1.28827558 9.26270835 3.42105871 1.00537725
1.28827112 9.26269606 3.42107881 1.00537731
1.28826674 9.26268400 3.42109852 1.00537736
1.28826244 9.26267217 3.42111785 1.00537741
1.28825821 9.26266056 3.42113681 1.00537746
1.28825405 9.26264917 3.42115540 1.00537751
1.28824997 9.26263799 3.42117363 1.00537756
1.28824595 9.26262703 3.42119150 1.00537760
1.28824201 9.26261627 3.42120904 1.00537765
1.28823813 9.26260572 3.42122623 1.00537769
1.28823432 9.26259536 3.42124309 1.00537773
1.28823058 9.26258520 3.42125962 1.00537777
1.28822690 9.26257522 3.42127584 1.00537781
1.28822328 9.26256544 3.42129174 1.00537784
1.28821973 9.26255584 3.42130733 1.00537788
1.28821624 9.26254642 3.42132262 1.00537791
1.28821281 9.26253718 3.42133761 1.00537794
1.28820944 9.26252811 3.42135232 1.00537797
1.28820613 9.26251922 3.42136674 1.00537800
1.28820287 9.26251049 3.42138088 1.00537803
1.28819968 9.26250192 3.42139475 1.00537806
1.28819653 9.26249352 3.42140835 1.00537808
1.28819345 9.26248527 3.42142168 1.00537811
1.28819041 9.26247718 3.42143476 1.00537813
1.28818743 9.26246925 3.42144759 1.00537816
1.28818450 9.26246146 3.42146017 1.00537818
1.28818162 9.26245382 3.42147250 1.00537820
1.28817879 9.26244632 3.42148460 1.00537822
1.28817601 9.26243896 3.42149646 1.00537824
1.28817328 9.26243174 3.42150809 1.00537826
1.28817060 9.26242466 3.42151950 1.00537828
1.28816796 9.26241771 3.42153068 1.00537830
1.28816537 9.26241089 3.42154165 1.00537831
1.28816282 9.26240420 3.42155241 1.00537833
1.28816032 9.26239764 3.42156296 1.00537835
1.28815786 9.26239120 3.42157331 1.00537836
1.28815545 9.26238488 3.42158345 1.00537838
1.28815307 9.26237868 3.42159340 1.00537839
1.28815074 9.26237260 3.42160316 1.00537840
1.28814845 9.26236663 3.42161273 1.00537842
1.28814620 9.26236077 3.42162211 1.00537843
1.28814399 9.26235502 3.42163132 1.00537844
1.28814181 9.26234939 3.42164034 1.00537845
1.28813968 9.26234385 3.42164919 1.00537847
1.28813758 9.26233843 3.42165787 1.00537848
1.28813552 9.26233310 3.42166638 1.00537849
1.28813349 9.26232787 3.42167473 1.00537850
