9.95000420 0.12083668 2.88599377 0.29097375
9.94828958 0.12777246 2.88817799 0.29659367
9.94654996 0.13480107 2.89039916 0.30236935
9.94478484 0.14192404 2.89265813 0.30830569
9.94299373 0.14914295 2.89495573 0.31440773
9.94117612 0.15645935 2.89729286 0.32068068
9.93933149 0.16387479 2.89967038 0.32712983
9.93745933 0.17139086 2.90208921 0.33376063
9.93555911 0.17900909 2.90455027 0.34057868
9.93363030 0.18673106 2.90705449 0.34758966
9.93167236 0.19455830 2.90960282 0.35479942
9.92968475 0.20249234 2.91219624 0.36221389
9.92766694 0.21053470 2.91483571 0.36983914
9.92561836 0.21868685 2.91752222 0.37768132
9.92353848 0.22695027 2.92025679 0.38574669
9.92142675 0.23532638 2.92304041 0.39404159
9.91928261 0.24381657 2.92587413 0.40257242
9.91710552 0.25242217 2.92875895 0.41134566
9.91489493 0.26114448 2.93169592 0.42036781
9.91265030 0.26998473 2.93468607 0.42964540
9.91037110 0.27894406 2.93773045 0.43918495
9.90805680 0.28802357 2.94083008 0.44899298
9.90570687 0.29722425 2.94398601 0.45907593
9.90332082 0.30654700 2.94719925 0.46944021
9.90089814 0.31599261 2.95047083 0.48009206
9.89843836 0.32556177 2.95380175 0.49103762
9.89594101 0.33525502 2.95719299 0.50228284
9.89340567 0.34507276 2.96064552 0.51383342
9.89083191 0.35501527 2.96416027 0.52569483
9.88821933 0.36508262 2.96773815 0.53787218
9.88556759 0.37527473 2.97138003 0.55037025
9.88287636 0.38559132 2.97508673 0.56319335
9.88014533 0.39603189 2.97885905 0.57634535
9.87737427 0.40659574 2.98269769 0.58982953
9.87456297 0.41728191 2.98660334 0.60364858
9.87171126 0.42808921 2.99057658 0.61780450
9.86881904 0.43901616 2.99461795 0.63229855
9.86588626 0.45006101 2.99872789 0.64713115
9.86291292 0.46122171 3.00290674 0.66230183
9.85989910 0.47249590 3.00715477 0.67780915
9.85684493 0.48388089 3.01147213 0.69365060
9.85375064 0.49537365 3.01585885 0.70982259
9.85061651 0.50697080 3.02031484 0.72632031
9.84744291 0.51866859 3.02483990 0.74313771
9.84423029 0.53046290 3.02943368 0.76026740
9.84097921 0.54234924 3.03409566 0.77770063
9.83769029 0.55432272 3.03882521 0.79542721
9.83436426 0.56637806 3.04362151 0.81343549
9.83100195 0.57850957 3.04848358 0.83171233
9.82760430 0.59071121 3.05341027 0.85024305
9.82417231 0.60297649 3.05840025 0.86901145
9.82070714 0.61529858 3.06345202 0.88799982
9.81721001 0.62767026 3.06856386 0.90718894
9.81368226 0.64008395 3.07373390 0.92655817
9.81012533 0.65253171 3.07896007 0.94608542
9.80654076 0.66500529 3.08424009 0.96574731
9.80293019 0.67749613 3.08957152 0.98551921
9.79929536 0.68999538 3.09495172 1.00537538
9.79563810 0.70249396 3.10037787 1.02528907
9.79196033 0.71498256 3.10584699 1.04523269
9.78826403 0.72745171 3.11135592 1.06517793
9.78455130 0.73989176 3.11690135 1.08509598
9.78082426 0.75229299 3.12247982 1.10495766
9.77708512 0.76464562 3.12808773 1.12473366
9.77333615 0.77693985 3.13372138 1.14439469
9.76957964 0.78916589 3.13937693 1.16391174
9.76581793 0.80131407 3.14505048 1.18325620
9.76205338 0.81337480 3.15073805 1.20240014
9.75828837 0.82533868 3.15643558 1.22131645
9.75452529 0.83719652 3.16213899 1.23997902
9.75076652 0.84893937 3.16784419 1.25836295
9.74701442 0.86055859 3.17354706 1.27644470
9.74327134 0.87204586 3.17924351 1.29420218
9.73953958 0.88339324 3.18492949 1.31161493
9.73582142 0.89459318 3.19060098 1.32866422
9.73211907 0.90563855 3.19625405 1.34533308
9.72843470 0.91652269 3.20188483 1.36160643
9.72477040 0.92723939 3.20748958 1.37747107
9.72112818 0.93778295 3.21306465 1.39291571
9.71751000 0.94814815 3.21860650 1.40793099
9.71391770 0.95833030 3.22411177 1.42250942
9.71035307 0.96832519 3.22957720 1.43664539
9.70681778 0.97812916 3.23499972 1.45033507
9.70331341 0.98773903 3.24037639 1.46357637
9.69984145 0.99715214 3.24570446 1.47636885
9.69640329 1.00636632 3.25098135 1.48871362
9.69300023 1.01537987 3.25620464 1.50061324
9.68963344 1.02419157 3.26137210 1.51207164
9.68630403 1.03280063 3.26648166 1.52309396
9.68301298 1.04120671 3.27153144 1.53368649
9.67976120 1.04940987 3.27651973 1.54385652
9.67654949 1.05741055 3.28144498 1.55361223
9.67337857 1.06520956 3.28630583 1.56296259
9.67024905 1.07280804 3.29110105 1.57191725
9.66716148 1.08020748 3.29582959 1.58048643
9.66411631 1.08740961 3.30049056 1.58868080
9.66111392 1.09441649 3.30508319 1.59651143
9.65815462 1.10123037 3.30960687 1.60398967
9.65523862 1.10785376 3.31406112 1.61112707
9.65236610 1.11428936 3.31844557 1.61793533
9.64953715 1.12054005 3.32276000 1.62442620
9.64675181 1.12660886 3.32700428 1.63061142
9.64401007 1.13249898 3.33117839 1.63650269
9.64131184 1.13821368 3.33528241 1.64211160
9.63865702 1.14375639 3.33931651 1.64744958
9.63604543 1.14913056 3.34328096 1.65252791
9.63347687 1.15433977 3.34717610 1.65735760
9.63095109 1.15938761 3.35100232 1.66194945
9.62846781 1.16427773 3.35476012 1.66631397
9.62602670 1.16901380 3.35845003 1.67046140
9.62362744 1.17359953 3.36207265 1.67440167
9.62126963 1.17803860 3.36562863 1.67814438
9.61895290 1.18233471 3.36911864 1.68169883
9.61667681 1.18649154 3.37254343 1.68507397
9.61444093 1.19051275 3.37590377 1.68827844
9.61224481 1.19440196 3.37920044 1.69132055
9.61008797 1.19816278 3.38243429 1.69420825
9.60796993 1.20179877 3.38560616 1.69694920
9.60589019 1.20531342 3.38871693 1.69955072
9.60384825 1.20871021 3.39176748 1.70201980
9.60184359 1.21199253 3.39475872 1.70436316
9.59987569 1.21516374 3.39769157 1.70658717
9.59794403 1.21822713 3.40056695 1.70869794
9.59604807 1.22118591 3.40338580 1.71070127
9.59418727 1.22404325 3.40614906 1.71260272
9.59236111 1.22680225 3.40885765 1.71440754
9.59056903 1.22946593 3.41151254 1.71612075
9.58881052 1.23203725 3.41411465 1.71774711
9.58708501 1.23451910 3.41666492 1.71929116
9.58539199 1.23691430 3.41916429 1.72075718
9.58373092 1.23922559 3.42161368 1.72214927
9.58210125 1.24145567 3.42401403 1.72347129
9.58050247 1.24360713 3.42636624 1.72472691
9.57893404 1.24568253 3.42867123 1.72591962
9.57739545 1.24768433 3.43092989 1.72705271
9.57588618 1.24961494 3.43314311 1.72812932
9.57440571 1.25147671 3.43531178 1.72915240
9.57295354 1.25327189 3.43743676 1.73012475
9.57152917 1.25500270 3.43951890 1.73104904
9.57013209 1.25667129 3.44155906 1.73192778
9.56876183 1.25827972 3.44355806 1.73276335
9.56741788 1.25983003 3.44551674 1.73355800
9.56609978 1.26132417 3.44743589 1.73431385
9.56480705 1.26276404 3.44931632 1.73503294
9.56353922 1.26415147 3.45115880 1.73571717
9.56229585 1.26548827 3.45296411 1.73636833
9.56107646 1.26677614 3.45473301 1.73698815
9.55988062 1.26801677 3.45646623 1.73757824
9.55870789 1.26921178 3.45816451 1.73814012
9.55755783 1.27036274 3.45982856 1.73867525
9.55643003 1.27147118 3.46145910 1.73918499
9.55532405 1.27253855 3.46305680 1.73967064
9.55423949 1.27356630 3.46462236 1.74013342
9.55317593 1.27455579 3.46615642 1.74057449
9.55213300 1.27550836 3.46765965 1.74099495
9.55111028 1.27642530 3.46913269 1.74139584
9.55010739 1.27730786 3.47057616 1.74177814
9.54912396 1.27815725 3.47199067 1.74214278
9.54815961 1.27897462 3.47337684 1.74249065
9.54721397 1.27976112 3.47473523 1.74282257
9.54628669 1.28051782 3.47606645 1.74313933
9.54537742 1.28124579 3.47737104 1.74344169
9.54448579 1.28194605 3.47864957 1.74373035
9.54361149 1.28261957 3.47990258 1.74400598
9.54275416 1.28326730 3.48113059 1.74426921
9.54191349 1.28389018 3.48233414 1.74452066
9.54108914 1.28448908 3.48351372 1.74476089
9.54028081 1.28506486 3.48466985 1.74499044
9.53948817 1.28561836 3.48580299 1.74520983
9.53871094 1.28615036 3.48691364 1.74541953
9.53794880 1.28666166 3.48800226 1.74562002
9.53720146 1.28715298 3.48906931 1.74581173
9.53646864 1.28762506 3.49011524 1.74599507
9.53575005 1.28807858 3.49114047 1.74617045
9.53504541 1.28851423 3.49214546 1.74633822
9.53435446 1.28893264 3.49313060 1.74649875
9.53367692 1.28933445 3.49409632 1.74665238
9.53301254 1.28972026 3.49504301 1.74679942
9.53236105 1.29009065 3.49597107 1.74694018
9.53172220 1.29044619 3.49688088 1.74707494
9.53109576 1.29078742 3.49777283 1.74720399
9.53048146 1.29111487 3.49864727 1.74732758
9.52987909 1.29142904 3.49950456 1.74744596
9.52928839 1.29173042 3.50034507 1.74755936
9.52870916 1.29201948 3.50116913 1.74766802
9.52814115 1.29229668 3.50197708 1.74777214
9.52758415 1.29256245 3.50276926 1.74787192
9.52703795 1.29281723 3.50354598 1.74796756
9.52650233 1.29306141 3.50430756 1.74805925
9.52597709 1.29329540 3.50505431 1.74814715
9.52546202 1.29351957 3.50578653 1.74823143
9.52495692 1.29373429 3.50650452 1.74831226
9.52446160 1.29393991 3.50720857 1.74838979
9.52397587 1.29413678 3.50789897 1.74846415
9.52349954 1.29432522 3.50857598 1.74853548
9.52303242 1.29450556 3.50923988 1.74860392
9.52257433 1.29467809 3.50989093 1.74866959
9.52212510 1.29484312 3.51052941 1.74873261
9.52168456 1.29500092 3.51115555 1.74879310
9.52125253 1.29515178 3.51176961 1.74885115
9.52082884 1.29529595 3.51237183 1.74890688
9.52041334 1.29543370 3.51296245 1.74896038
9.52000586 1.29556527 3.51354170 1.74901174
9.51960624 1.29569089 3.51410982 1.74906107
9.51921434 1.29581080 3.51466702 1.74910843
9.51883000 1.29592521 3.51521352 1.74915392
9.51845307 1.29603434 3.51574954 1.74919761
9.51808340 1.29613839 3.51627529 1.74923958
9.51772087 1.29623757 3.51679097 1.74927989
9.51736531 1.29633205 3.51729678 1.74931862
9.51701661 1.29642203 3.51779292 1.74935584
9.51667462 1.29650767 3.51827958 1.74939159
9.51633922 1.29658916 3.51875695 1.74942595
9.51601027 1.29666665 3.51922521 1.74945897
9.51568765 1.29674031 3.51968455 1.74949071
9.51537123 1.29681028 3.52013514 1.74952121
9.51506090 1.29687671 3.52057715 1.74955053
9.51475654 1.29693975 3.52101075 1.74957871
9.51445802 1.29699953 3.52143611 1.74960581
9.51416524 1.29705617 3.52185339 1.74963186
9.51387808 1.29710982 3.52226275 1.74965690
9.51359643 1.29716058 3.52266435 1.74968099
9.51332019 1.29720858 3.52305833 1.74970414
9.51304924 1.29725393 3.52344485 1.74972641
9.51278350 1.29729674 3.52382405 1.74974783
9.51252285 1.29733711 3.52419608 1.74976843
9.51226719 1.29737514 3.52456107 1.74978824
9.51201644 1.29741094 3.52491917 1.74980729
9.51177048 1.29744458 3.52527051 1.74982562
9.51152924 1.29747617 3.52561521 1.74984325
9.51129262 1.29750580 3.52595342 1.74986021
9.51106052 1.29753353 3.52628525 1.74987653
9.51083286 1.29755946 3.52661082 1.74989223
9.51060956 1.29758366 3.52693027 1.74990733
9.51039052 1.29760621 3.52724371 1.74992186
9.51017568 1.29762717 3.52755125 1.74993585
9.50996493 1.29764662 3.52785301 1.74994930
9.50975822 1.29766461 3.52814910 1.74996225
9.50955545 1.29768123 3.52843964 1.74997471
9.50935655 1.29769652 3.52872471 1.74998670
9.50916144 1.29771055 3.52900445 1.74999824
9.50897006 1.29772337 3.52927893 1.75000935
9.50878233 1.29773503 3.52954828 1.75002004
9.50859817 1.29774559 3.52981258 1.75003033
9.50841753 1.29775511 3.53007193 1.75004023
9.50824032 1.29776362 3.53032643 1.75004977
9.50806649 1.29777117 3.53057617 1.75005894
9.50789598 1.29777781 3.53082123 1.75006778
9.50772870 1.29778358 3.53106172 1.75007628
9.50756461 1.29778853 3.53129772 1.75008447
9.50740364 1.29779269 3.53152931 1.75009235
9.50724573 1.29779610 3.53175658 1.75009994
9.50709083 1.29779880 3.53197961 1.75010724
9.50693887 1.29780082 3.53219848 1.75011428
9.50678979 1.29780219 3.53241328 1.75012105
9.50664355 1.29780295 3.53262407 1.75012757
9.50650008 1.29780314 3.53283093 1.75013385
9.50635933 1.29780277 3.53303394 1.75013989
9.50622126 1.29780188 3.53323317 1.75014571
9.50608581 1.29780050 3.53342870 1.75015132
9.50595292 1.29779865 3.53362059 1.75015672
9.50582255 1.29779635 3.53380892 1.75016191
9.50569466 1.29779364 3.53399374 1.75016692
9.50556919 1.29779053 3.53417513 1.75017174
9.50544609 1.29778705 3.53435315 1.75017638
9.50532533 1.29778322 3.53452787 1.75018085
9.50520685 1.29777906 3.53469934 1.75018516
9.50509061 1.29777458 3.53486763 1.75018930
9.50497657 1.29776982 3.53503280 1.75019330
9.50486469 1.29776478 3.53519491 1.75019714
9.50475493 1.29775948 3.53535402 1.75020085
9.50464724 1.29775394 3.53551017 1.75020441
9.50454158 1.29774818 3.53566343 1.75020785
9.50443792 1.29774221 3.53581386 1.75021116
9.50433622 1.29773604 3.53596150 1.75021435
9.50423644 1.29772969 3.53610640 1.75021742
9.50413854 1.29772318 3.53624863 1.75022038
9.50404249 1.29771651 3.53638822 1.75022323
9.50394825 1.29770970 3.53652523 1.75022597
9.50385579 1.29770275 3.53665971 1.75022861
9.50376508 1.29769569 3.53679170 1.75023116
9.50367607 1.29768852 3.53692125 1.75023361
9.50358874 1.29768124 3.53704841 1.75023598
9.50350305 1.29767388 3.53717322 1.75023825
9.50341898 1.29766644 3.53729572 1.75024044
9.50333650 1.29765892 3.53741597 1.75024256
9.50325556 1.29765135 3.53753399 1.75024459
9.50317615 1.29764371 3.53764983 1.75024655
9.50309823 1.29763603 3.53776354 1.75024844
9.50302178 1.29762831 3.53787515 1.75025026
9.50294677 1.29762056 3.53798470 1.75025201
9.50287316 1.29761277 3.53809223 1.75025370
9.50280094 1.29760497 3.53819778 1.75025533
9.50273008 1.29759715 3.53830138 1.75025689
9.50266055 1.29758933 3.53840307 1.75025840
9.50259232 1.29758149 3.53850289 1.75025986
9.50252538 1.29757366 3.53860087 1.75026126
9.50245969 1.29756584 3.53869704 1.75026261
9.50239524 1.29755803 3.53879145 1.75026391
9.50233199 1.29755023 3.53888411 1.75026516
9.50226993 1.29754245 3.53897507 1.75026637
9.50220904 1.29753469 3.53906435 1.75026753
9.50214928 1.29752696 3.53915199 1.75026865
9.50209065 1.29751926 3.53923802 1.75026973
9.50203312 1.29751159 3.53932247 1.75027077
9.50197666 1.29750396 3.53940536 1.75027178
9.50192126 1.29749636 3.53948673 1.75027274
9.50186690 1.29748881 3.53956660 1.75027367
9.50181356 1.29748131 3.53964500 1.75027457
9.50176121 1.29747385 3.53972196 1.75027543
9.50170985 1.29746643 3.53979750 1.75027626
9.50165944 1.29745907 3.53987166 1.75027707
9.50160998 1.29745177 3.53994445 1.75027784
9.50156145 1.29744451 3.54001591 1.75027858
9.50151382 1.29743732 3.54008605 1.75027930
9.50146708 1.29743018 3.54015490 1.75027999
9.50142122 1.29742310 3.54022249 1.75028066
9.50137621 1.29741608 3.54028884 1.75028130
9.50133205 1.29740912 3.54035397 1.75028192
9.50128870 1.29740223 3.54041790 1.75028251
9.50124617 1.29739540 3.54048066 1.75028309
9.50120444 1.29738864 3.54054227 1.75028364
9.50116348 1.29738194 3.54060274 1.75028417
9.50112329 1.29737531 3.54066211 1.75028469
9.50108384 1.29736874 3.54072039 1.75028518
9.50104513 1.29736224 3.54077759 1.75028566
9.50100715 1.29735582 3.54083375 1.75028612
9.50096987 1.29734946 3.54088888 1.75028656
9.50093329 1.29734317 3.54094299 1.75028699
9.50089739 1.29733694 3.54099611 1.75028740
9.50086216 1.29733079 3.54104826 1.75028780
9.50082759 1.29732471 3.54109945 1.75028818
9.50079366 1.29731870 3.54114970 1.75028855
9.50076036 1.29731276 3.54119903 1.75028890
9.50072768 1.29730689 3.54124746 1.75028924
9.50069561 1.29730109 3.54129499 1.75028957
9.50066414 1.29729537 3.54134166 1.75028989
9.50063325 1.29728971 3.54138747 1.75029019
9.50060294 1.29728412 3.54143244 1.75029049
9.50057319 1.29727860 3.54147658 1.75029077
9.50054400 1.29727315 3.54151992 1.75029105
9.50051535 1.29726777 3.54156246 1.75029131
9.50048723 1.29726246 3.54160423 1.75029156
9.50045964 1.29725722 3.54164522 1.75029181
9.50043256 1.29725205 3.54168547 1.75029204
9.50040598 1.29724695 3.54172498 1.75029227
9.50037989 1.29724192 3.54176376 1.75029249
9.50035429 1.29723695 3.54180183 1.75029270
9.50032917 1.29723205 3.54183921 1.75029290
9.50030451 1.29722722 3.54187590 1.75029310
9.50028031 1.29722245 3.54191192 1.75029329
9.50025656 1.29721775 3.54194728 1.75029347
9.50023326 1.29721311 3.54198199 1.75029365
9.50021038 1.29720854 3.54201607 1.75029381
9.50018793 1.29720404 3.54204952 1.75029398
9.50016589 1.29719960 3.54208236 1.75029413
9.50014427 1.29719522 3.54211459 1.75029429
9.50012305 1.29719090 3.54214624 1.75029443
9.50010221 1.29718665 3.54217731 1.75029457
9.50008177 1.29718246 3.54220780 1.75029471
9.50006171 1.29717833 3.54223774 1.75029484
9.50004201 1.29717426 3.54226714 1.75029496
9.50002269 1.29717025 3.54229599 1.75029508
9.50000372 1.29716629 3.54232431 1.75029520
9.49998510 1.29716240 3.54235212 1.75029531
9.49996683 1.29715857 3.54237942 1.75029542
9.49994889 1.29715479 3.54240621 1.75029553
9.49993129 1.29715107 3.54243252 1.75029563
9.49991401 1.29714741 3.54245835 1.75029572
9.49989706 1.29714380 3.54248370 1.75029582
9.49988042 1.29714025 3.54250859 1.75029591
9.49986408 1.29713675 3.54253302 1.75029599
9.49984805 1.29713330 3.54255701 1.75029608
9.49983232 1.29712991 3.54258055 1.75029616
9.49981688 1.29712657 3.54260367 1.75029624
9.49980172 1.29712329 3.54262636 1.75029631
9.49978684 1.29712005 3.54264864 1.75029638
9.49977224 1.29711686 3.54267051 1.75029645
9.49975791 1.29711373 3.54269198 1.75029652
9.49974385 1.29711064 3.54271305 1.75029658
9.49973004 1.29710760 3.54273374 1.75029665
9.49971649 1.29710461 3.54275406 1.75029671
9.49970319 1.29710167 3.54277400 1.75029676
9.49969014 1.29709877 3.54279357 1.75029682
9.49967732 1.29709592 3.54281279 1.75029687
9.49966475 1.29709312 3.54283165 1.75029693
9.49965241 1.29709036 3.54285017 1.75029697
9.49964029 1.29708765 3.54286835 1.75029702
9.49962840 1.29708498 3.54288620 1.75029707
9.49961673 1.29708235 3.54290373 1.75029711
9.49960527 1.29707976 3.54292093 1.75029716
9.49959403 1.29707722 3.54293781 1.75029720
9.49958299 1.29707472 3.54295439 1.75029724
9.49957216 1.29707226 3.54297067 1.75029728
9.49956153 1.29706984 3.54298664 1.75029731
9.49955109 1.29706745 3.54300233 1.75029735
9.49954085 1.29706511 3.54301772 1.75029738
9.49953079 1.29706281 3.54303284 1.75029742
9.49952093 1.29706054 3.54304768 1.75029745
9.49951124 1.29705831 3.54306225 1.75029748
9.49950173 1.29705612 3.54307655 1.75029751
9.49949240 1.29705397 3.54309059 1.75029754
9.49948324 1.29705185 3.54310437 1.75029757
9.49947425 1.29704976 3.54311790 1.75029759
9.49946543 1.29704771 3.54313118 1.75029762
9.49945676 1.29704570 3.54314422 1.75029764
9.49944826 1.29704372 3.54315702 1.75029767
9.49943992 1.29704177 3.54316959 1.75029769
9.49943172 1.29703985 3.54318193 1.75029771
9.49942368 1.29703797 3.54319404 1.75029773
9.49941579 1.29703612 3.54320593 1.75029775
9.49940805 1.29703430 3.54321760 1.75029777
9.49940044 1.29703251 3.54322906 1.75029779
9.49939298 1.29703075 3.54324031 1.75029781
9.49938565 1.29702902 3.54325135 1.75029783
9.49937846 1.29702732 3.54326220 1.75029785
9.49937140 1.29702565 3.54327284 1.75029786
9.49936448 1.29702400 3.54328329 1.75029788
9.49935768 1.29702239 3.54329354 1.75029789
9.49935100 1.29702080 3.54330361 1.75029791
9.49934445 1.29701924 3.54331350 1.75029792
9.49933802 1.29701770 3.54332320 1.75029794
9.49933170 1.29701620 3.54333273 1.75029795
9.49932551 1.29701472 3.54334208 1.75029796
9.49931942 1.29701326 3.54335127 1.75029797
9.49931345 1.29701183 3.54336028 1.75029799
9.49930759 1.29701042 3.54336913 1.75029800
9.49930184 1.29700904 3.54337782 1.75029801
9.49929619 1.29700768 3.54338635 1.75029802
9.49929065 1.29700634 3.54339472 1.75029803
