1.82577996 0.90631540 0.62307409 0.28265209
1.83093947 0.90649140 0.62390949 0.28539730
1.83614103 0.90665179 0.62473433 0.28818401
1.84138506 0.90679630 0.62554842 0.29101304
1.84667198 0.90692466 0.62635151 0.29388522
1.85200219 0.90703662 0.62714338 0.29680140
1.85737610 0.90713189 0.62792383 0.29976243
1.86279413 0.90721022 0.62869261 0.30276919
1.86825668 0.90727134 0.62944951 0.30582256
1.87376414 0.90731499 0.63019430 0.30892342
1.87931691 0.90734089 0.63092677 0.31207267
1.88491539 0.90734879 0.63164668 0.31527124
1.89055994 0.90733843 0.63235381 0.31852002
1.89625096 0.90730954 0.63304795 0.32181996
1.90198881 0.90726187 0.63372887 0.32517198
1.90777385 0.90719516 0.63439635 0.32857701
1.91360643 0.90710916 0.63505017 0.33203600
1.91948689 0.90700361 0.63569012 0.33554989
1.92541556 0.90687828 0.63631597 0.33911962
1.93139277 0.90673291 0.63692752 0.34274613
1.93741880 0.90656727 0.63752455 0.34643038
1.94349397 0.90638113 0.63810685 0.35017329
1.94961853 0.90617424 0.63867422 0.35397579
1.95579275 0.90594639 0.63922645 0.35783882
1.96201687 0.90569737 0.63976334 0.36176327
1.96829111 0.90542694 0.64028469 0.36575007
1.97461568 0.90513492 0.64079032 0.36980008
1.98099075 0.90482109 0.64128003 0.37391418
1.98741648 0.90448527 0.64175363 0.37809322
1.99389301 0.90412727 0.64221095 0.38233802
2.00042044 0.90374692 0.64265181 0.38664939
2.00699886 0.90334405 0.64307604 0.39102808
2.01362831 0.90291851 0.64348347 0.39547485
2.02030882 0.90247013 0.64387396 0.39999038
2.02704037 0.90199880 0.64424734 0.40457535
2.03382293 0.90150438 0.64460346 0.40923035
2.04065642 0.90098677 0.64494221 0.41395598
2.04754072 0.90044585 0.64526343 0.41875273
2.05447567 0.89988154 0.64556701 0.42362108
2.06146108 0.89929376 0.64585283 0.42856142
2.06849672 0.89868246 0.64612079 0.43357409
2.07558231 0.89804759 0.64637078 0.43865935
2.08271752 0.89738912 0.64660273 0.44381740
2.08990198 0.89670702 0.64681654 0.44904835
2.09713527 0.89600130 0.64701215 0.45435223
2.10441692 0.89527198 0.64718951 0.45972899
2.11174642 0.89451910 0.64734855 0.46517848
2.11912317 0.89374269 0.64748925 0.47070044
2.12654657 0.89294284 0.64761157 0.47629453
2.13401590 0.89211964 0.64771551 0.48196030
2.14153045 0.89127319 0.64780105 0.48769717
2.14908939 0.89040361 0.64786821 0.49350447
2.15669186 0.88951107 0.64791700 0.49938139
2.16433695 0.88859573 0.64794746 0.50532701
2.17202366 0.88765777 0.64795964 0.51134027
2.17975094 0.88669741 0.64795359 0.51742000
2.18751768 0.88571489 0.64792938 0.52356488
2.19532269 0.88471045 0.64788711 0.52977344
2.20316473 0.88368437 0.64782686 0.53604411
2.21104248 0.88263695 0.64774876 0.54237514
2.21895458 0.88156852 0.64765293 0.54876466
2.22689957 0.88047941 0.64753950 0.55521064
2.23487595 0.87936998 0.64740863 0.56171093
2.24288214 0.87824064 0.64726049 0.56826321
2.25091650 0.87709177 0.64709527 0.57486503
2.25897733 0.87592382 0.64691314 0.58151379
2.26706287 0.87473724 0.64671433 0.58820676
2.27517128 0.87353250 0.64649905 0.59494106
2.28330068 0.87231009 0.64626755 0.60171367
2.29144912 0.87107053 0.64602006 0.60852147
2.29961459 0.86981435 0.64575684 0.61536118
2.30779505 0.86854211 0.64547818 0.62222942
2.31598838 0.86725438 0.64518436 0.62912267
2.32419243 0.86595175 0.64487567 0.63603733
2.33240498 0.86463482 0.64455243 0.64296968
2.34062380 0.86330423 0.64421495 0.64991592
2.34884659 0.86196060 0.64386356 0.65687215
2.35707103 0.86060459 0.64349861 0.66383440
2.36529476 0.85923687 0.64312044 0.67079865
2.37351540 0.85785812 0.64272941 0.67776080
2.38173054 0.85646902 0.64232590 0.68471672
2.38993774 0.85507027 0.64191027 0.69166225
2.39813455 0.85366259 0.64148291 0.69859318
2.40631853 0.85224669 0.64104421 0.70550533
2.41448719 0.85082330 0.64059457 0.71239450
2.42263807 0.84939312 0.64013437 0.71925650
2.43076870 0.84795691 0.63966404 0.72608716
2.43887662 0.84651539 0.63918397 0.73288237
2.44695937 0.84506930 0.63869458 0.73963806
2.45501453 0.84361936 0.63819628 0.74635020
2.46303967 0.84216631 0.63768949 0.75301487
2.47103241 0.84071088 0.63717462 0.75962819
2.47899038 0.83925380 0.63665209 0.76618642
2.48691127 0.83779577 0.63612232 0.77268589
2.49479278 0.83633752 0.63558572 0.77912305
2.50263266 0.83487974 0.63504271 0.78549449
2.51042872 0.83342312 0.63449369 0.79179692
2.51817880 0.83196836 0.63393908 0.79802719
2.52588081 0.83051613 0.63337927 0.80418229
2.53353271 0.82906707 0.63281467 0.81025938
2.54113253 0.82762185 0.63224568 0.81625576
2.54867834 0.82618108 0.63167267 0.82216892
2.55616830 0.82474539 0.63109603 0.82799648
2.56360062 0.82331537 0.63051615 0.83373627
2.57097359 0.82189161 0.62993338 0.83938626
2.57828559 0.82047466 0.62934810 0.84494462
2.58553503 0.81906508 0.62876066 0.85040968
2.59272044 0.81766340 0.62817139 0.85577995
2.59984040 0.81627012 0.62758065 0.86105412
2.60689357 0.81488573 0.62698876 0.86623103
2.61387871 0.81351069 0.62639603 0.87130974
2.62079464 0.81214547 0.62580279 0.87628942
2.62764025 0.81079048 0.62520933 0.88116945
2.63441454 0.80944614 0.62461595 0.88594935
2.64111656 0.80811282 0.62402293 0.89062880
2.64774544 0.80679090 0.62343054 0.89520765
2.65430041 0.80548072 0.62283904 0.89968586
2.66078075 0.80418261 0.62224869 0.90406356
2.66718584 0.80289687 0.62165973 0.90834101
2.67351511 0.80162379 0.62107239 0.91251861
2.67976809 0.80036363 0.62048691 0.91659686
2.68594435 0.79911663 0.61990348 0.92057639
2.69204356 0.79788302 0.61932233 0.92445795
2.69806543 0.79666302 0.61874363 0.92824238
2.70400976 0.79545679 0.61816758 0.93193061
2.70987641 0.79426453 0.61759436 0.93552369
2.71566528 0.79308637 0.61702413 0.93902272
2.72137636 0.79192246 0.61645704 0.94242891
2.72700967 0.79077291 0.61589326 0.94574351
2.73256532 0.78963783 0.61533291 0.94896785
2.73804344 0.78851730 0.61477614 0.95210332
2.74344422 0.78741139 0.61422306 0.95515137
2.74876791 0.78632016 0.61367380 0.95811347
2.75401480 0.78524366 0.61312846 0.96099115
2.75918523 0.78418190 0.61258714 0.96378598
2.76427956 0.78313492 0.61204994 0.96649956
2.76929822 0.78210271 0.61151694 0.96913348
2.77424166 0.78108526 0.61098823 0.97168941
2.77911037 0.78008255 0.61046388 0.97416898
2.78390487 0.77909456 0.60994395 0.97657388
2.78862572 0.77812125 0.60942851 0.97890576
2.79327349 0.77716255 0.60891761 0.98116632
2.79784880 0.77621842 0.60841131 0.98335723
2.80235229 0.77528879 0.60790964 0.98548017
2.80678461 0.77437358 0.60741265 0.98753680
2.81114645 0.77347270 0.60692038 0.98952879
2.81543850 0.77258607 0.60643284 0.99145779
2.81966148 0.77171358 0.60595007 0.99332543
2.82381613 0.77085514 0.60547209 0.99513334
2.82790320 0.77001063 0.60499892 0.99688313
2.83192344 0.76917993 0.60453056 0.99857636
2.83587764 0.76836292 0.60406703 1.00021461
2.83976659 0.76755949 0.60360834 1.00179941
2.84359106 0.76676949 0.60315448 1.00333228
2.84735187 0.76599280 0.60270545 1.00481471
2.85104983 0.76522927 0.60226126 1.00624815
2.85468574 0.76447877 0.60182189 1.00763406
2.85826044 0.76374115 0.60138734 1.00897383
2.86177473 0.76301627 0.60095760 1.01026885
2.86522944 0.76230397 0.60053265 1.01152046
2.86862540 0.76160410 0.60011247 1.01272999
2.87196344 0.76091652 0.59969705 1.01389873
2.87524437 0.76024106 0.59928637 1.01502795
2.87846903 0.75957758 0.59888041 1.01611887
2.88163824 0.75892590 0.59847913 1.01717270
2.88475281 0.75828589 0.59808252 1.01819061
2.88781356 0.75765737 0.59769056 1.01917374
2.89082131 0.75704018 0.59730320 1.02012321
2.89377687 0.75643418 0.59692043 1.02104011
2.89668103 0.75583919 0.59654221 1.02192548
2.89953461 0.75525506 0.59616851 1.02278035
2.90233838 0.75468163 0.59579930 1.02360573
2.90509314 0.75411874 0.59543455 1.02440257
2.90779967 0.75356623 0.59507421 1.02517183
2.91045874 0.75302394 0.59471826 1.02591442
2.91307111 0.75249171 0.59436667 1.02663122
2.91563756 0.75196939 0.59401938 1.02732310
2.91815882 0.75145682 0.59367637 1.02799089
2.92063563 0.75095385 0.59333760 1.02863541
2.92306875 0.75046032 0.59300303 1.02925744
2.92545888 0.74997607 0.59267262 1.02985774
2.92780676 0.74950096 0.59234634 1.03043706
2.93011308 0.74903484 0.59202414 1.03099610
2.93237856 0.74857756 0.59170598 1.03153556
2.93460387 0.74812896 0.59139184 1.03205610
2.93678971 0.74768891 0.59108166 1.03255839
2.93893674 0.74725725 0.59077540 1.03304305
2.94104564 0.74683385 0.59047303 1.03351068
2.94311706 0.74641856 0.59017451 1.03396188
2.94515164 0.74601124 0.58987980 1.03439721
2.94715002 0.74561175 0.58958885 1.03481723
2.94911283 0.74521996 0.58930162 1.03522246
2.95104069 0.74483574 0.58901809 1.03561342
2.95293421 0.74445893 0.58873820 1.03599061
2.95479398 0.74408943 0.58846192 1.03635451
2.95662061 0.74372709 0.58818920 1.03670558
2.95841466 0.74337179 0.58792002 1.03704428
2.96017672 0.74302340 0.58765432 1.03737103
2.96190735 0.74268179 0.58739207 1.03768625
2.96360710 0.74234685 0.58713323 1.03799035
2.96527653 0.74201845 0.58687776 1.03828373
2.96691616 0.74169647 0.58662562 1.03856675
2.96852652 0.74138080 0.58637678 1.03883978
2.97010815 0.74107131 0.58613119 1.03910318
2.97166154 0.74076790 0.58588882 1.03935728
2.97318720 0.74047045 0.58564963 1.03960241
2.97468563 0.74017885 0.58541358 1.03983889
2.97615731 0.73989299 0.58518064 1.04006702
2.97760272 0.73961277 0.58495077 1.04028710
2.97902233 0.73933807 0.58472393 1.04049942
2.98041660 0.73906880 0.58450008 1.04070424
2.98178600 0.73880486 0.58427919 1.04090183
2.98313095 0.73854613 0.58406123 1.04109246
2.98445191 0.73829253 0.58384616 1.04127635
2.98574930 0.73804396 0.58363394 1.04145377
2.98702354 0.73780031 0.58342453 1.04162492
2.98827506 0.73756151 0.58321792 1.04179004
2.98950426 0.73732745 0.58301405 1.04194934
2.99071154 0.73709804 0.58281289 1.04210302
2.99189730 0.73687320 0.58261442 1.04225129
2.99306193 0.73665283 0.58241860 1.04239433
2.99420580 0.73643686 0.58222540 1.04253234
2.99532929 0.73622519 0.58203478 1.04266548
2.99643277 0.73601774 0.58184671 1.04279394
2.99751659 0.73581444 0.58166116 1.04291787
2.99858112 0.73561520 0.58147810 1.04303744
2.99962670 0.73541994 0.58129749 1.04315281
3.00065367 0.73522859 0.58111932 1.04326412
3.00166237 0.73504107 0.58094353 1.04337151
3.00265312 0.73485730 0.58077012 1.04347513
3.00362626 0.73467721 0.58059904 1.04357510
3.00458210 0.73450074 0.58043026 1.04367156
3.00552094 0.73432780 0.58026376 1.04376464
3.00644310 0.73415834 0.58009951 1.04385444
3.00734888 0.73399227 0.57993748 1.04394110
3.00823857 0.73382955 0.57977764 1.04402471
3.00911247 0.73367009 0.57961996 1.04410539
3.00997085 0.73351384 0.57946442 1.04418323
3.01081400 0.73336073 0.57931098 1.04425835
3.01164220 0.73321070 0.57915963 1.04433084
3.01245570 0.73306370 0.57901033 1.04440078
3.01325478 0.73291965 0.57886305 1.04446828
3.01403969 0.73277851 0.57871778 1.04453341
3.01481070 0.73264021 0.57857449 1.04459626
3.01556805 0.73250470 0.57843314 1.04465691
3.01631198 0.73237192 0.57829372 1.04471544
3.01704274 0.73224182 0.57815620 1.04477192
3.01776057 0.73211435 0.57802056 1.04482643
3.01846569 0.73198946 0.57788676 1.04487903
3.01915834 0.73186708 0.57775480 1.04492980
3.01983874 0.73174718 0.57762463 1.04497879
3.02050711 0.73162970 0.57749625 1.04502607
3.02116367 0.73151460 0.57736962 1.04507170
3.02180862 0.73140183 0.57724473 1.04511574
3.02244218 0.73129134 0.57712154 1.04515824
3.02306455 0.73118308 0.57700005 1.04519925
3.02367594 0.73107702 0.57688022 1.04523884
3.02427653 0.73097310 0.57676204 1.04527705
3.02486652 0.73087129 0.57664548 1.04531393
3.02544611 0.73077154 0.57653052 1.04534952
3.02601547 0.73067382 0.57641715 1.04538388
3.02657479 0.73057808 0.57630533 1.04541703
3.02712426 0.73048427 0.57619505 1.04544904
3.02766404 0.73039237 0.57608629 1.04547993
3.02819432 0.73030234 0.57597903 1.04550975
3.02871525 0.73021413 0.57587326 1.04553852
3.02922702 0.73012772 0.57576894 1.04556630
3.02972977 0.73004305 0.57566606 1.04559312
3.03022368 0.72996011 0.57556460 1.04561900
3.03070889 0.72987886 0.57546455 1.04564399
3.03118558 0.72979925 0.57536588 1.04566810
3.03165388 0.72972126 0.57526857 1.04569138
3.03211394 0.72964486 0.57517261 1.04571386
3.03256593 0.72957001 0.57507799 1.04573555
3.03300996 0.72949669 0.57498467 1.04575649
3.03344620 0.72942486 0.57489265 1.04577670
3.03387478 0.72935448 0.57480191 1.04579622
3.03429583 0.72928554 0.57471242 1.04581506
3.03470950 0.72921801 0.57462418 1.04583324
3.03511590 0.72915185 0.57453717 1.04585080
3.03551517 0.72908704 0.57445137 1.04586775
3.03590744 0.72902354 0.57436676 1.04588411
3.03629282 0.72896134 0.57428333 1.04589991
3.03667145 0.72890041 0.57420107 1.04591516
3.03704345 0.72884072 0.57411995 1.04592988
3.03740892 0.72878225 0.57403996 1.04594409
3.03776799 0.72872497 0.57396109 1.04595782
3.03812077 0.72866886 0.57388332 1.04597107
3.03846738 0.72861389 0.57380664 1.04598386
3.03880791 0.72856005 0.57373103 1.04599621
3.03914248 0.72850730 0.57365647 1.04600813
3.03947120 0.72845563 0.57358296 1.04601964
3.03979416 0.72840502 0.57351048 1.04603076
3.04011148 0.72835544 0.57343902 1.04604149
3.04042324 0.72830687 0.57336855 1.04605185
3.04072956 0.72825929 0.57329908 1.04606185
3.04103051 0.72821269 0.57323058 1.04607151
3.04132621 0.72816704 0.57316304 1.04608084
3.04161674 0.72812232 0.57309645 1.04608984
3.04190219 0.72807852 0.57303080 1.04609854
3.04218265 0.72803561 0.57296607 1.04610693
3.04245822 0.72799358 0.57290225 1.04611504
3.04272897 0.72795240 0.57283933 1.04612287
3.04299500 0.72791207 0.57277729 1.04613043
3.04325638 0.72787257 0.57271613 1.04613772
3.04351320 0.72783388 0.57265583 1.04614477
3.04376554 0.72779597 0.57259638 1.04615158
3.04401348 0.72775884 0.57253777 1.04615815
3.04425709 0.72772248 0.57247999 1.04616449
3.04449645 0.72768686 0.57242303 1.04617062
3.04473164 0.72765196 0.57236686 1.04617654
3.04496272 0.72761779 0.57231150 1.04618225
3.04518978 0.72758431 0.57225691 1.04618777
3.04541289 0.72755152 0.57220310 1.04619310
3.04563210 0.72751940 0.57215005 1.04619824
3.04584750 0.72748794 0.57209776 1.04620321
3.04605914 0.72745712 0.57204620 1.04620801
3.04626709 0.72742694 0.57199538 1.04621264
3.04647143 0.72739737 0.57194527 1.04621712
3.04667221 0.72736841 0.57189588 1.04622144
3.04686949 0.72734005 0.57184719 1.04622561
3.04706334 0.72731227 0.57179919 1.04622964
3.04725381 0.72728506 0.57175187 1.04623353
3.04744097 0.72725841 0.57170523 1.04623729
3.04762487 0.72723230 0.57165925 1.04624092
3.04780558 0.72720673 0.57161392 1.04624443
3.04798314 0.72718169 0.57156924 1.04624781
3.04815761 0.72715716 0.57152519 1.04625108
3.04832905 0.72713313 0.57148178 1.04625424
3.04849751 0.72710960 0.57143898 1.04625729
3.04866304 0.72708655 0.57139679 1.04626024
3.04882569 0.72706398 0.57135521 1.04626308
3.04898552 0.72704187 0.57131422 1.04626583
3.04914256 0.72702021 0.57127381 1.04626848
3.04929688 0.72699900 0.57123399 1.04627104
3.04944852 0.72697823 0.57119473 1.04627352
3.04959753 0.72695788 0.57115603 1.04627591
3.04974395 0.72693795 0.57111789 1.04627822
3.04988782 0.72691844 0.57108029 1.04628045
3.05002920 0.72689932 0.57104323 1.04628260
3.05016812 0.72688060 0.57100671 1.04628468
3.05030463 0.72686226 0.57097070 1.04628669
3.05043877 0.72684430 0.57093522 1.04628863
3.05057059 0.72682672 0.57090024 1.04629051
3.05070011 0.72680949 0.57086576 1.04629232
3.05082739 0.72679262 0.57083178 1.04629407
3.05095246 0.72677610 0.57079829 1.04629576
3.05107537 0.72675991 0.57076528 1.04629739
3.05119614 0.72674406 0.57073274 1.04629896
3.05131481 0.72672854 0.57070068 1.04630049
3.05143143 0.72671334 0.57066907 1.04630196
3.05154602 0.72669845 0.57063792 1.04630338
3.05165863 0.72668387 0.57060722 1.04630475
3.05176929 0.72666959 0.57057696 1.04630607
3.05187803 0.72665561 0.57054713 1.04630735
3.05198488 0.72664191 0.57051774 1.04630859
3.05208988 0.72662850 0.57048877 1.04630978
3.05219307 0.72661536 0.57046022 1.04631094
3.05229446 0.72660249 0.57043208 1.04631205
3.05239410 0.72658989 0.57040435 1.04631313
3.05249201 0.72657756 0.57037701 1.04631417
3.05258823 0.72656547 0.57035008 1.04631517
3.05268278 0.72655364 0.57032353 1.04631614
3.05277569 0.72654205 0.57029737 1.04631708
3.05286700 0.72653070 0.57027158 1.04631798
3.05295672 0.72651958 0.57024617 1.04631886
3.05304489 0.72650870 0.57022113 1.04631970
3.05313153 0.72649804 0.57019645 1.04632052
3.05321668 0.72648760 0.57017213 1.04632131
3.05330035 0.72647738 0.57014816 1.04632207
3.05338257 0.72646737 0.57012454 1.04632280
3.05346337 0.72645756 0.57010126 1.04632351
3.05354277 0.72644796 0.57007832 1.04632420
3.05362080 0.72643856 0.57005571 1.04632486
3.05369748 0.72642935 0.57003343 1.04632550
3.05377283 0.72642034 0.57001148 1.04632612
3.05384688 0.72641151 0.56998984 1.04632672
3.05391964 0.72640286 0.56996852 1.04632730
3.05399115 0.72639439 0.56994751 1.04632786
3.05406142 0.72638610 0.56992680 1.04632839
3.05413048 0.72637798 0.56990640 1.04632891
3.05419834 0.72637003 0.56988629 1.04632942
3.05426503 0.72636225 0.56986648 1.04632990
3.05433057 0.72635462 0.56984696 1.04633037
3.05439498 0.72634716 0.56982772 1.04633083
3.05445827 0.72633985 0.56980876 1.04633126
3.05452046 0.72633269 0.56979008 1.04633169
3.05458159 0.72632568 0.56977167 1.04633210
3.05464165 0.72631882 0.56975353 1.04633249
3.05470068 0.72631210 0.56973565 1.04633287
3.05475869 0.72630551 0.56971804 1.04633324
3.05481569 0.72629907 0.56970068 1.04633360
3.05487172 0.72629276 0.56968358 1.04633394
3.05492677 0.72628658 0.56966673 1.04633427
3.05498087 0.72628053 0.56965012 1.04633460
3.05503404 0.72627460 0.56963376 1.04633491
3.05508629 0.72626880 0.56961764 1.04633521
3.05513764 0.72626312 0.56960175 1.04633550
3.05518810 0.72625756 0.56958610 1.04633578
3.05523769 0.72625211 0.56957067 1.04633605
3.05528642 0.72624678 0.56955547 1.04633631
3.05533431 0.72624156 0.56954050 1.04633656
3.05538138 0.72623645 0.56952574 1.04633680
3.05542763 0.72623144 0.56951121 1.04633704
3.05547309 0.72622654 0.56949688 1.04633727
3.05551776 0.72622174 0.56948277 1.04633749
3.05556166 0.72621704 0.56946886 1.04633770
3.05560480 0.72621244 0.56945516 1.04633790
3.05564719 0.72620793 0.56944166 1.04633810
3.05568886 0.72620352 0.56942835 1.04633829
3.05572981 0.72619920 0.56941525 1.04633848
3.05577005 0.72619498 0.56940233 1.04633866
3.05580959 0.72619084 0.56938961 1.04633883
3.05584846 0.72618678 0.56937707 1.04633900
3.05588665 0.72618281 0.56936472 1.04633916
3.05592418 0.72617893 0.56935255 1.04633931
3.05596107 0.72617512 0.56934056 1.04633947
3.05599732 0.72617140 0.56932875 1.04633961
3.05603295 0.72616775 0.56931711 1.04633975
3.05606796 0.72616418 0.56930565 1.04633989
3.05610237 0.72616069 0.56929435 1.04634002
3.05613618 0.72615727 0.56928322 1.04634015
3.05616941 0.72615391 0.56927225 1.04634027
3.05620207 0.72615063 0.56926145 1.04634039
3.05623417 0.72614742 0.56925080 1.04634050
3.05626571 0.72614428 0.56924031 1.04634061
3.05629671 0.72614120 0.56922998 1.04634072
3.05632717 0.72613819 0.56921980 1.04634082
3.05635711 0.72613524 0.56920977 1.04634092
3.05638653 0.72613235 0.56919989 1.04634102
3.05641545 0.72612952 0.56919016 1.04634111
3.05644386 0.72612675 0.56918057 1.04634120
3.05647179 0.72612404 0.56917112 1.04634129
3.05649924 0.72612139 0.56916182 1.04634137
3.05652621 0.72611879 0.56915265 1.04634145
3.05655272 0.72611625 0.56914361 1.04634153
3.05657877 0.72611376 0.56913471 1.04634161
3.05660438 0.72611132 0.56912595 1.04634168
3.05662954 0.72610894 0.56911731 1.04634175
3.05665427 0.72610660 0.56910880 1.04634182
3.05667857 0.72610432 0.56910042 1.04634188
3.05670246 0.72610208 0.56909216 1.04634195
3.05672593 0.72609989 0.56908402 1.04634201
3.05674900 0.72609775 0.56907601 1.04634207
3.05677167 0.72609565 0.56906811 1.04634213
3.05679395 0.72609359 0.56906034 1.04634218
3.05681585 0.72609158 0.56905267 1.04634224
3.05683737 0.72608961 0.56904513 1.04634229
3.05685852 0.72608768 0.56903769 1.04634234
3.05687930 0.72608580 0.56903037 1.04634239
3.05689973 0.72608395 0.56902315 1.04634243
3.05691981 0.72608214 0.56901604 1.04634248
3.05693954 0.72608037 0.56900904 1.04634252
3.05695893 0.72607864 0.56900214 1.04634257
3.05697798 0.72607695 0.56899535 1.04634261
3.05699671 0.72607529 0.56898865 1.04634265
3.05701512 0.72607366 0.56898206 1.04634268
3.05703321 0.72607207 0.56897556 1.04634272
3.05705099 0.72607052 0.56896916 1.04634276
3.05706846 0.72606899 0.56896286 1.04634279
3.05708563 0.72606750 0.56895665 1.04634282
3.05710251 0.72606604 0.56895053 1.04634286
3.05711909 0.72606461 0.56894451 1.04634289
3.05713540 0.72606322 0.56893858 1.04634292
3.05715142 0.72606185 0.56893273 1.04634295
3.05716716 0.72606051 0.56892697 1.04634297
3.05718263 0.72605920 0.56892130 1.04634300
3.05719784 0.72605791 0.56891571 1.04634303
3.05721279 0.72605666 0.56891021 1.04634305
3.05722748 0.72605543 0.56890478 1.04634308
3.05724191 0.72605423 0.56889944 1.04634310
3.05725610 0.72605305 0.56889418 1.04634312
3.05727004 0.72605190 0.56888900 1.04634315
3.05728375 0.72605077 0.56888390 1.04634317
3.05729722 0.72604967 0.56887887 1.04634319
3.05731045 0.72604859 0.56887392 1.04634321
3.05732346 0.72604753 0.56886904 1.04634323
3.05733625 0.72604650 0.56886424 1.04634325
3.05734881 0.72604548 0.56885950 1.04634326
3.05736116 0.72604449 0.56885484 1.04634328
3.05737330 0.72604353 0.56885025 1.04634330
3.05738523 0.72604258 0.56884573 1.04634331
3.05739695 0.72604165 0.56884127 1.04634333
3.05740847 0.72604074 0.56883688 1.04634335
3.05741980 0.72603985 0.56883256 1.04634336
3.05743093 0.72603898 0.56882831 1.04634337
3.05744187 0.72603813 0.56882411 1.04634339
3.05745262 0.72603730 0.56881998 1.04634340
3.05746318 0.72603648 0.56881591 1.04634341
3.05747356 0.72603568 0.56881191 1.04634343
3.05748377 0.72603490 0.56880796 1.04634344
3.05749380 0.72603414 0.56880407 1.04634345
3.05750366 0.72603339 0.56880025 1.04634346
3.05751335 0.72603266 0.56879647 1.04634347
3.05752287 0.72603194 0.56879276 1.04634348
3.05753222 0.72603124 0.56878910 1.04634349
