9.62545434 7.18543751 2.35949815 0.81889996
9.62800544 7.17857981 2.35953637 0.82422746
9.63053212 7.17178996 2.35957347 0.82944976
9.63303389 7.16506913 2.35960948 0.83456610
9.63551033 7.15841845 2.35964443 0.83957589
9.63796099 7.15183896 2.35967835 0.84447871
9.64038551 7.14533163 2.35971127 0.84927432
9.64278351 7.13889732 2.35974320 0.85396261
9.64515466 7.13253686 2.35977418 0.85854365
9.64749867 7.12625097 2.35980422 0.86301765
9.64981527 7.12004030 2.35983336 0.86738497
9.65210420 7.11390545 2.35986163 0.87164610
9.65436525 7.10784691 2.35988904 0.87580165
9.65659823 7.10186513 2.35991562 0.87985237
9.65880297 7.09596046 2.35994139 0.88379912
9.66097935 7.09013322 2.35996639 0.88764287
9.66312725 7.08438362 2.35999063 0.89138469
9.66524658 7.07871184 2.36001413 0.89502574
9.66733729 7.07311797 2.36003692 0.89856729
9.66939932 7.06760207 2.36005903 0.90201065
9.67143267 7.06216412 2.36008047 0.90535725
9.67343734 7.05680403 2.36010126 0.90860855
9.67541335 7.05152169 2.36012143 0.91176610
9.67736076 7.04631692 2.36014100 0.91483148
9.67927963 7.04118948 2.36015998 0.91780634
9.68117004 7.03613910 2.36017840 0.92069235
9.68303209 7.03116546 2.36019628 0.92349124
9.68486591 7.02626818 2.36021363 0.92620475
9.68667163 7.02144687 2.36023047 0.92883465
9.68844939 7.01670106 2.36024683 0.93138275
9.69019937 7.01203029 2.36026271 0.93385084
9.69192173 7.00743402 2.36027814 0.93624076
9.69361668 7.00291171 2.36029312 0.93855432
9.69528442 6.99846278 2.36030769 0.94079336
9.69692514 6.99408661 2.36032184 0.94295970
9.69853910 6.98978258 2.36033560 0.94505518
9.70012650 6.98555001 2.36034899 0.94708160
9.70168761 6.98138822 2.36036201 0.94904078
9.70322267 6.97729650 2.36037467 0.95093449
9.70473194 6.97327414 2.36038700 0.95276453
9.70621569 6.96932039 2.36039900 0.95453264
9.70767418 6.96543448 2.36041069 0.95624056
9.70910771 6.96161565 2.36042207 0.95789001
9.71051654 6.95786311 2.36043317 0.95948267
9.71190098 6.95417606 2.36044398 0.96102019
9.71326131 6.95055370 2.36045453 0.96250423
9.71459784 6.94699520 2.36046481 0.96393638
9.71591085 6.94349975 2.36047485 0.96531823
9.71720065 6.94006650 2.36048464 0.96665131
9.71846756 6.93669464 2.36049420 0.96793714
9.71971187 6.93338332 2.36050355 0.96917720
9.72093389 6.93013169 2.36051267 0.97037295
9.72213393 6.92693891 2.36052159 0.97152579
9.72331231 6.92380414 2.36053031 0.97263713
9.72446933 6.92072652 2.36053884 0.97370830
9.72560530 6.91770522 2.36054719 0.97474062
9.72672054 6.91473939 2.36055535 0.97573538
9.72781535 6.91182819 2.36056335 0.97669384
9.72889004 6.90897077 2.36057118 0.97761720
9.72994493 6.90616631 2.36057886 0.97850665
9.73098031 6.90341397 2.36058638 0.97936335
9.73199650 6.90071292 2.36059375 0.98018841
9.73299379 6.89806233 2.36060098 0.98098293
9.73397249 6.89546141 2.36060808 0.98174796
9.73493290 6.89290932 2.36061504 0.98248452
9.73587532 6.89040528 2.36062187 0.98319362
9.73680004 6.88794847 2.36062858 0.98387622
9.73770735 6.88553811 2.36063518 0.98453325
9.73859755 6.88317343 2.36064165 0.98516562
9.73947092 6.88085363 2.36064802 0.98577421
9.74032775 6.87857796 2.36065428 0.98635986
9.74116832 6.87634565 2.36066043 0.98692342
9.74199291 6.87415596 2.36066649 0.98746566
9.74280179 6.87200814 2.36067244 0.98798737
9.74359524 6.86990146 2.36067830 0.98848928
9.74437352 6.86783519 2.36068408 0.98897212
9.74513691 6.86580862 2.36068976 0.98943659
9.74588566 6.86382105 2.36069536 0.98988335
9.74662003 6.86187177 2.36070087 0.99031307
9.74734029 6.85996010 2.36070630 0.99072637
9.74804667 6.85808537 2.36071166 0.99112386
9.74873944 6.85624689 2.36071693 0.99150612
9.74941884 6.85444402 2.36072214 0.99187371
9.75008511 6.85267611 2.36072727 0.99222720
9.75073848 6.85094250 2.36073233 0.99256710
9.75137920 6.84924258 2.36073733 0.99289392
9.75200750 6.84757573 2.36074225 0.99320815
9.75262360 6.84594132 2.36074712 0.99351027
9.75322773 6.84433876 2.36075192 0.99380073
9.75382011 6.84276746 2.36075665 0.99407997
9.75440095 6.84122683 2.36076133 0.99434841
9.75497048 6.83971630 2.36076595 0.99460648
9.75552891 6.83823531 2.36077051 0.99485455
9.75607643 6.83678329 2.36077501 0.99509301
9.75661327 6.83535971 2.36077946 0.99532222
9.75713961 6.83396403 2.36078386 0.99554254
9.75765565 6.83259571 2.36078820 0.99575430
9.75816159 6.83125424 2.36079249 0.99595784
9.75865762 6.82993911 2.36079673 0.99615346
9.75914393 6.82864981 2.36080092 0.99634147
9.75962071 6.82738586 2.36080506 0.99652217
9.76008812 6.82614677 2.36080915 0.99669583
9.76054636 6.82493206 2.36081320 0.99686272
9.76099560 6.82374127 2.36081720 0.99702311
9.76143600 6.82257393 2.36082116 0.99717724
9.76186775 6.82142960 2.36082506 0.99732536
9.76229100 6.82030783 2.36082893 0.99746769
9.76270592 6.81920819 2.36083275 0.99760447
9.76311266 6.81813024 2.36083653 0.99773590
9.76351140 6.81707358 2.36084027 0.99786220
9.76390227 6.81603778 2.36084396 0.99798355
9.76428543 6.81502245 2.36084762 0.99810016
9.76466104 6.81402718 2.36085123 0.99821221
9.76502923 6.81305158 2.36085481 0.99831987
9.76539016 6.81209528 2.36085834 0.99842332
9.76574396 6.81115790 2.36086184 0.99852271
9.76609077 6.81023907 2.36086529 0.99861821
9.76643072 6.80933842 2.36086871 0.99870997
9.76676396 6.80845561 2.36087210 0.99879813
9.76709061 6.80759027 2.36087544 0.99888283
9.76741079 6.80674208 2.36087875 0.99896422
9.76772465 6.80591070 2.36088202 0.99904240
9.76803229 6.80509580 2.36088526 0.99911753
9.76833384 6.80429704 2.36088846 0.99918970
9.76862942 6.80351413 2.36089163 0.99925904
9.76891915 6.80274674 2.36089476 0.99932565
9.76920314 6.80199458 2.36089785 0.99938965
9.76948150 6.80125733 2.36090092 0.99945114
9.76975434 6.80053472 2.36090395 0.99951021
9.77002178 6.79982645 2.36090694 0.99956696
9.77028392 6.79913224 2.36090991 0.99962148
9.77054086 6.79845181 2.36091284 0.99967385
9.77079270 6.79778489 2.36091573 0.99972417
9.77103955 6.79713121 2.36091860 0.99977251
9.77128150 6.79649052 2.36092143 0.99981895
9.77151865 6.79586256 2.36092424 0.99986356
9.77175109 6.79524707 2.36092701 0.99990641
9.77197892 6.79464381 2.36092975 0.99994758
9.77220223 6.79405254 2.36093246 0.99998713
9.77242111 6.79347303 2.36093514 1.00002513
9.77263564 6.79290503 2.36093779 1.00006163
9.77284590 6.79234832 2.36094041 1.00009669
9.77305200 6.79180269 2.36094300 1.00013037
9.77325400 6.79126790 2.36094556 1.00016273
9.77345198 6.79074374 2.36094809 1.00019381
9.77364604 6.79023001 2.36095059 1.00022367
9.77383623 6.78972650 2.36095306 1.00025235
9.77402265 6.78923300 2.36095551 1.00027990
9.77420536 6.78874932 2.36095793 1.00030637
9.77438444 6.78827526 2.36096032 1.00033180
9.77455997 6.78781064 2.36096268 1.00035622
9.77473200 6.78735525 2.36096501 1.00037968
9.77490061 6.78690893 2.36096732 1.00040222
9.77506587 6.78647149 2.36096960 1.00042387
9.77522785 6.78604276 2.36097185 1.00044467
9.77538660 6.78562256 2.36097408 1.00046464
9.77554220 6.78521072 2.36097628 1.00048383
9.77569470 6.78480708 2.36097846 1.00050227
9.77584417 6.78441148 2.36098061 1.00051997
9.77599066 6.78402374 2.36098273 1.00053698
9.77613424 6.78364373 2.36098483 1.00055332
9.77627497 6.78327129 2.36098690 1.00056901
9.77641290 6.78290625 2.36098895 1.00058409
9.77654808 6.78254849 2.36099098 1.00059857
9.77668057 6.78219785 2.36099298 1.00061248
9.77681042 6.78185419 2.36099495 1.00062585
9.77693770 6.78151738 2.36099690 1.00063868
9.77706244 6.78118727 2.36099883 1.00065101
9.77718469 6.78086373 2.36100073 1.00066285
9.77730452 6.78054664 2.36100261 1.00067423
9.77742196 6.78023586 2.36100447 1.00068516
9.77753706 6.77993128 2.36100631 1.00069566
9.77764987 6.77963276 2.36100812 1.00070574
9.77776043 6.77934018 2.36100991 1.00071542
9.77786880 6.77905343 2.36101167 1.00072473
9.77797501 6.77877240 2.36101342 1.00073366
9.77807910 6.77849696 2.36101514 1.00074225
9.77818112 6.77822701 2.36101684 1.00075049
9.77828111 6.77796243 2.36101852 1.00075841
9.77837911 6.77770313 2.36102018 1.00076602
9.77847516 6.77744899 2.36102182 1.00077333
9.77856929 6.77719991 2.36102344 1.00078035
9.77866156 6.77695580 2.36102503 1.00078709
9.77875198 6.77671654 2.36102661 1.00079357
9.77884060 6.77648206 2.36102817 1.00079979
9.77892746 6.77625225 2.36102970 1.00080577
9.77901259 6.77602701 2.36103122 1.00081151
9.77909603 6.77580626 2.36103271 1.00081702
9.77917780 6.77558991 2.36103419 1.00082232
9.77925795 6.77537787 2.36103565 1.00082740
9.77933650 6.77517006 2.36103709 1.00083229
9.77941348 6.77496639 2.36103851 1.00083699
9.77948893 6.77476677 2.36103991 1.00084149
9.77956288 6.77457113 2.36104129 1.00084582
9.77963536 6.77437939 2.36104266 1.00084998
9.77970639 6.77419147 2.36104400 1.00085398
9.77977601 6.77400729 2.36104533 1.00085782
9.77984424 6.77382679 2.36104664 1.00086151
9.77991111 6.77364988 2.36104794 1.00086505
9.77997665 6.77347649 2.36104921 1.00086845
9.78004089 6.77330657 2.36105047 1.00087172
9.78010384 6.77314002 2.36105171 1.00087486
9.78016555 6.77297680 2.36105294 1.00087787
9.78022602 6.77281682 2.36105415 1.00088077
9.78028529 6.77266004 2.36105534 1.00088355
9.78034338 6.77250638 2.36105652 1.00088622
9.78040031 6.77235578 2.36105768 1.00088879
9.78045610 6.77220818 2.36105882 1.00089125
9.78051079 6.77206353 2.36105995 1.00089362
9.78056438 6.77192175 2.36106107 1.00089589
9.78061691 6.77178281 2.36106217 1.00089808
9.78066839 6.77164663 2.36106325 1.00090018
9.78071885 6.77151316 2.36106432 1.00090219
9.78076830 6.77138235 2.36106537 1.00090413
9.78081677 6.77125415 2.36106641 1.00090599
9.78086427 6.77112851 2.36106743 1.00090777
9.78091082 6.77100537 2.36106845 1.00090949
9.78095645 6.77088468 2.36106944 1.00091114
9.78100117 6.77076640 2.36107042 1.00091272
9.78104499 6.77065048 2.36107139 1.00091424
9.78108795 6.77053686 2.36107235 1.00091570
9.78113005 6.77042551 2.36107329 1.00091711
9.78117131 6.77031638 2.36107422 1.00091845
9.78121174 6.77020942 2.36107513 1.00091975
9.78125137 6.77010460 2.36107604 1.00092099
9.78129022 6.77000186 2.36107693 1.00092219
9.78132829 6.76990117 2.36107780 1.00092333
9.78136560 6.76980249 2.36107867 1.00092444
9.78140216 6.76970578 2.36107952 1.00092549
9.78143800 6.76961099 2.36108036 1.00092651
9.78147312 6.76951809 2.36108119 1.00092749
9.78150755 6.76942704 2.36108200 1.00092843
9.78154129 6.76933781 2.36108281 1.00092933
9.78157435 6.76925035 2.36108360 1.00093019
9.78160676 6.76916464 2.36108438 1.00093102
9.78163852 6.76908064 2.36108515 1.00093182
9.78166965 6.76899831 2.36108591 1.00093259
9.78170016 6.76891762 2.36108666 1.00093333
9.78173006 6.76883854 2.36108740 1.00093403
9.78175937 6.76876104 2.36108812 1.00093471
9.78178809 6.76868508 2.36108884 1.00093537
9.78181624 6.76861063 2.36108954 1.00093599
9.78184383 6.76853767 2.36109024 1.00093660
9.78187086 6.76846616 2.36109092 1.00093717
9.78189736 6.76839607 2.36109160 1.00093773
9.78192334 6.76832739 2.36109226 1.00093826
9.78194879 6.76826007 2.36109292 1.00093878
9.78197374 6.76819409 2.36109356 1.00093927
9.78199819 6.76812943 2.36109420 1.00093974
9.78202215 6.76806606 2.36109482 1.00094020
9.78204564 6.76800395 2.36109544 1.00094063
9.78206865 6.76794308 2.36109605 1.00094105
9.78209121 6.76788342 2.36109665 1.00094146
9.78211332 6.76782495 2.36109724 1.00094184
9.78213499 6.76776765 2.36109782 1.00094222
9.78215623 6.76771148 2.36109839 1.00094257
9.78217704 6.76765644 2.36109896 1.00094291
9.78219744 6.76760249 2.36109951 1.00094324
9.78221743 6.76754962 2.36110006 1.00094356
9.78223703 6.76749781 2.36110060 1.00094386
9.78225623 6.76744702 2.36110113 1.00094416
9.78227505 6.76739725 2.36110165 1.00094444
9.78229350 6.76734847 2.36110217 1.00094471
9.78231158 6.76730066 2.36110267 1.00094496
9.78232930 6.76725380 2.36110317 1.00094521
9.78234666 6.76720788 2.36110367 1.00094545
9.78236368 6.76716288 2.36110415 1.00094568
9.78238036 6.76711877 2.36110463 1.00094590
9.78239671 6.76707554 2.36110510 1.00094611
9.78241273 6.76703317 2.36110556 1.00094632
9.78242844 6.76699164 2.36110602 1.00094651
9.78244383 6.76695094 2.36110646 1.00094670
9.78245891 6.76691106 2.36110691 1.00094688
9.78247369 6.76687197 2.36110734 1.00094705
9.78248818 6.76683366 2.36110777 1.00094722
9.78250238 6.76679611 2.36110819 1.00094738
9.78251630 6.76675931 2.36110861 1.00094753
9.78252994 6.76672324 2.36110902 1.00094768
9.78254330 6.76668789 2.36110942 1.00094782
9.78255640 6.76665325 2.36110981 1.00094795
9.78256924 6.76661930 2.36111020 1.00094809
9.78258183 6.76658602 2.36111059 1.00094821
9.78259416 6.76655341 2.36111097 1.00094833
9.78260625 6.76652144 2.36111134 1.00094845
9.78261810 6.76649012 2.36111171 1.00094856
9.78262971 6.76645942 2.36111207 1.00094866
9.78264109 6.76642933 2.36111242 1.00094877
9.78265224 6.76639984 2.36111277 1.00094887
9.78266317 6.76637093 2.36111312 1.00094896
9.78267388 6.76634261 2.36111345 1.00094905
9.78268438 6.76631484 2.36111379 1.00094914
9.78269467 6.76628764 2.36111412 1.00094922
9.78270476 6.76626097 2.36111444 1.00094930
9.78271464 6.76623483 2.36111476 1.00094938
9.78272433 6.76620922 2.36111507 1.00094945
9.78273382 6.76618412 2.36111538 1.00094953
9.78274313 6.76615951 2.36111568 1.00094959
9.78275225 6.76613540 2.36111598 1.00094966
9.78276118 6.76611177 2.36111628 1.00094972
9.78276994 6.76608861 2.36111656 1.00094978
9.78277853 6.76606591 2.36111685 1.00094984
9.78278694 6.76604366 2.36111713 1.00094990
9.78279519 6.76602185 2.36111741 1.00094995
9.78280327 6.76600048 2.36111768 1.00095000
9.78281119 6.76597954 2.36111794 1.00095005
9.78281895 6.76595901 2.36111821 1.00095010
9.78282656 6.76593890 2.36111847 1.00095015
9.78283402 6.76591918 2.36111872 1.00095019
9.78284133 6.76589986 2.36111897 1.00095023
9.78284849 6.76588092 2.36111922 1.00095027
9.78285551 6.76586236 2.36111946 1.00095031
9.78286239 6.76584417 2.36111970 1.00095035
9.78286913 6.76582634 2.36111993 1.00095039
9.78287574 6.76580887 2.36112016 1.00095042
9.78288222 6.76579174 2.36112039 1.00095045
9.78288856 6.76577496 2.36112061 1.00095049
9.78289479 6.76575851 2.36112083 1.00095052
9.78290088 6.76574239 2.36112105 1.00095055
9.78290686 6.76572659 2.36112126 1.00095057
9.78291272 6.76571110 2.36112147 1.00095060
9.78291846 6.76569593 2.36112168 1.00095063
9.78292408 6.76568105 2.36112188 1.00095065
9.78292959 6.76566647 2.36112208 1.00095068
9.78293500 6.76565219 2.36112228 1.00095070
9.78294029 6.76563819 2.36112247 1.00095072
9.78294548 6.76562446 2.36112266 1.00095074
9.78295057 6.76561101 2.36112285 1.00095076
9.78295556 6.76559783 2.36112303 1.00095078
9.78296044 6.76558491 2.36112322 1.00095080
9.78296523 6.76557225 2.36112339 1.00095082
9.78296993 6.76555984 2.36112357 1.00095084
9.78297453 6.76554768 2.36112374 1.00095085
9.78297903 6.76553576 2.36112391 1.00095087
9.78298345 6.76552408 2.36112408 1.00095089
9.78298778 6.76551263 2.36112424 1.00095090
9.78299203 6.76550141 2.36112440 1.00095091
9.78299619 6.76549041 2.36112456 1.00095093
9.78300026 6.76547963 2.36112472 1.00095094
9.78300426 6.76546907 2.36112487 1.00095095
9.78300817 6.76545872 2.36112502 1.00095097
9.78301201 6.76544857 2.36112517 1.00095098
9.78301577 6.76543862 2.36112532 1.00095099
9.78301946 6.76542888 2.36112546 1.00095100
9.78302307 6.76541933 2.36112560 1.00095101
