5.87439617 1.80016594 5.72247377 0.30092708
5.87401117 1.79886415 5.72663917 0.30285371
5.87365017 1.79753834 5.73083428 0.30480990
5.87331348 1.79618821 5.73505950 0.30679647
5.87300137 1.79481346 5.73931524 0.30881424
5.87271414 1.79341381 5.74360190 0.31086406
5.87245206 1.79198895 5.74791989 0.31294679
5.87221543 1.79053858 5.75226962 0.31506332
5.87200451 1.78906242 5.75665150 0.31721455
5.87181959 1.78756016 5.76106594 0.31940139
5.87166094 1.78603152 5.76551334 0.32162477
5.87152884 1.78447621 5.76999411 0.32388564
5.87142356 1.78289392 5.77450867 0.32618497
5.87134535 1.78128438 5.77905742 0.32852374
5.87129448 1.77964729 5.78364077 0.33090294
5.87127122 1.77798237 5.78825911 0.33332359
5.87127581 1.77628934 5.79291285 0.33578670
5.87130850 1.77456792 5.79760238 0.33829331
5.87136954 1.77281784 5.80232810 0.34084447
5.87145916 1.77103882 5.80709040 0.34344124
5.87157761 1.76923061 5.81188964 0.34608468
5.87172510 1.76739292 5.81672622 0.34877588
5.87190186 1.76552552 5.82160050 0.35151593
5.87210810 1.76362815 5.82651284 0.35430591
5.87234403 1.76170057 5.83146359 0.35714692
5.87260985 1.75974253 5.83645310 0.36004006
5.87290576 1.75775381 5.84148170 0.36298644
5.87323192 1.75573419 5.84654971 0.36598715
5.87358853 1.75368345 5.85165744 0.36904331
5.87397574 1.75160139 5.85680520 0.37215601
5.87439371 1.74948780 5.86199326 0.37532633
5.87484259 1.74734252 5.86722189 0.37855537
5.87532251 1.74516535 5.87249134 0.38184419
5.87583359 1.74295615 5.87780185 0.38519385
5.87637596 1.74071475 5.88315364 0.38860540
5.87694970 1.73844103 5.88854689 0.39207987
5.87755491 1.73613486 5.89398179 0.39561824
5.87819166 1.73379613 5.89945849 0.39922151
5.87886001 1.73142474 5.90497712 0.40289062
5.87956002 1.72902062 5.91053779 0.40662649
5.88029170 1.72658371 5.91614058 0.41043000
5.88105508 1.72411396 5.92178553 0.41430200
5.88185017 1.72161135 5.92747267 0.41824328
5.88267694 1.71907588 5.93320199 0.42225460
5.88353536 1.71650754 5.93897347 0.42633666
5.88442539 1.71390640 5.94478701 0.43049011
5.88534696 1.71127248 5.95064253 0.43471554
5.88629998 1.70860589 5.95653988 0.43901347
5.88728435 1.70590671 5.96247888 0.44338436
5.88829995 1.70317508 5.96845931 0.44782859
5.88934663 1.70041115 5.97448091 0.45234647
5.89042423 1.69761509 5.98054340 0.45693822
5.89153257 1.69478710 5.98664642 0.46160398
5.89267143 1.69192743 5.99278959 0.46634380
5.89384061 1.68903632 5.99897248 0.47115761
5.89503984 1.68611406 6.00519461 0.47604528
5.89626885 1.68316098 6.01145546 0.48100654
5.89752735 1.68017741 6.01775445 0.48604104
5.89881503 1.67716374 6.02409095 0.49114828
5.90013154 1.67412038 6.03046430 0.49632768
5.90147652 1.67104776 6.03687376 0.50157851
5.90284959 1.66794636 6.04331855 0.50689992
5.90425032 1.66481668 6.04979783 0.51229095
5.90567830 1.66165928 6.05631072 0.51775049
5.90713305 1.65847470 6.06285628 0.52327730
5.90861410 1.65526357 6.06943349 0.52887000
5.91012094 1.65202652 6.07604131 0.53452707
5.91165303 1.64876423 6.08267862 0.54024686
5.91320983 1.64547740 6.08934426 0.54602756
5.91479076 1.64216678 6.09603701 0.55186723
5.91639521 1.63883313 6.10275558 0.55776378
5.91802257 1.63547727 6.10949864 0.56371499
5.91967218 1.63210004 6.11626481 0.56971849
5.92134338 1.62870231 6.12305264 0.57577175
5.92303548 1.62528498 6.12986064 0.58187214
5.92474777 1.62184899 6.13668726 0.58801687
5.92647951 1.61839531 6.14353091 0.59420303
5.92822997 1.61492492 6.15038995 0.60042757
5.92999837 1.61143887 6.15726268 0.60668732
5.93178392 1.60793818 6.16414737 0.61297900
5.93358583 1.60442395 6.17104224 0.61929922
5.93540327 1.60089726 6.17794548 0.62564448
5.93723541 1.59735926 6.18485521 0.63201117
5.93908141 1.59381107 6.19176957 0.63839562
5.94094041 1.59025388 6.19868661 0.64479405
5.94281153 1.58668886 6.20560438 0.65120263
5.94469390 1.58311721 6.21252091 0.65761745
5.94658663 1.57954015 6.21943418 0.66403455
5.94848883 1.57595891 6.22634218 0.67044994
5.95039958 1.57237472 6.23324285 0.67685959
5.95231800 1.56878884 6.24013416 0.68325944
5.95424316 1.56520251 6.24701403 0.68964544
5.95617416 1.56161700 6.25388038 0.69601352
5.95811009 1.55803357 6.26073116 0.70235963
5.96005003 1.55445348 6.26756429 0.70867976
5.96199310 1.55087798 6.27437771 0.71496992
5.96393837 1.54730833 6.28116936 0.72122616
5.96588496 1.54374578 6.28793719 0.72744460
5.96783197 1.54019156 6.29467919 0.73362143
5.96977854 1.53664690 6.30139335 0.73975291
5.97172378 1.53311303 6.30807769 0.74583539
5.97366684 1.52959113 6.31473025 0.75186533
5.97560688 1.52608238 6.32134912 0.75783928
5.97754306 1.52258795 6.32793241 0.76375391
5.97947457 1.51910899 6.33447827 0.76960604
5.98140060 1.51564660 6.34098490 0.77539259
5.98332038 1.51220189 6.34745053 0.78111062
5.98523314 1.50877591 6.35387344 0.78675736
5.98713813 1.50536972 6.36025197 0.79233017
5.98903463 1.50198431 6.36658450 0.79782657
5.99092194 1.49862067 6.37286948 0.80324423
5.99279938 1.49527974 6.37910539 0.80858099
5.99466627 1.49196244 6.38529079 0.81383486
5.99652200 1.48866965 6.39142429 0.81900400
5.99836595 1.48540222 6.39750457 0.82408674
6.00019752 1.48216095 6.40353035 0.82908159
6.00201616 1.47894662 6.40950045 0.83398721
6.00382132 1.47575997 6.41541371 0.83880242
6.00561249 1.47260169 6.42126907 0.84352623
6.00738919 1.46947245 6.42706552 0.84815779
6.00915094 1.46637287 6.43280212 0.85269640
6.01089731 1.46330354 6.43847799 0.85714153
6.01262788 1.46026502 6.44409232 0.86149280
6.01434227 1.45725780 6.44964436 0.86574997
6.01604010 1.45428237 6.45513342 0.86991295
6.01772105 1.45133916 6.46055889 0.87398176
6.01938480 1.44842858 6.46592022 0.87795659
6.02103105 1.44555098 6.47121690 0.88183773
6.02265953 1.44270671 6.47644851 0.88562559
6.02427001 1.43989605 6.48161467 0.88932071
6.02586226 1.43711926 6.48671506 0.89292372
6.02743608 1.43437657 6.49174943 0.89643536
6.02899129 1.43166817 6.49671758 0.89985646
6.03052773 1.42899424 6.50161935 0.90318795
6.03204527 1.42635489 6.50645466 0.90643084
6.03354379 1.42375022 6.51122346 0.90958620
6.03502320 1.42118032 6.51592575 0.91265518
6.03648341 1.41864523 6.52056158 0.91563902
6.03792436 1.41614495 6.52513106 0.91853898
6.03934602 1.41367948 6.52963432 0.92135639
6.04074834 1.41124880 6.53407156 0.92409264
6.04213133 1.40885283 6.53844299 0.92674913
6.04349499 1.40649149 6.54274887 0.92932733
6.04483933 1.40416469 6.54698951 0.93182873
6.04616439 1.40187230 6.55116524 0.93425485
6.04747021 1.39961417 6.55527643 0.93660721
6.04875686 1.39739014 6.55932348 0.93888738
6.05002440 1.39520003 6.56330681 0.94109692
6.05127293 1.39304364 6.56722687 0.94323742
6.05250252 1.39092075 6.57108416 0.94531047
6.05371329 1.38883114 6.57487918 0.94731764
6.05490534 1.38677456 6.57861244 0.94926055
6.05607881 1.38475075 6.58228452 0.95114076
6.05723382 1.38275945 6.58589597 0.95295985
6.05837051 1.38080037 6.58944738 0.95471941
6.05948902 1.37887322 6.59293935 0.95642099
6.06058951 1.37697771 6.59637251 0.95806613
6.06167214 1.37511352 6.59974749 0.95965636
6.06273707 1.37328032 6.60306493 0.96119320
6.06378447 1.37147781 6.60632549 0.96267814
6.06481452 1.36970563 6.60952984 0.96411266
6.06582739 1.36796346 6.61267866 0.96549820
6.06682328 1.36625095 6.61577262 0.96683620
6.06780237 1.36456774 6.61881243 0.96812805
6.06876484 1.36291349 6.62179877 0.96937514
6.06971090 1.36128784 6.62473235 0.97057882
6.07064074 1.35969042 6.62761387 0.97174041
6.07155455 1.35812087 6.63044405 0.97286121
6.07245255 1.35657882 6.63322358 0.97394250
6.07333492 1.35506391 6.63595320 0.97498552
6.07420189 1.35357577 6.63863360 0.97599148
6.07505364 1.35211402 6.64126551 0.97696156
6.07589038 1.35067830 6.64384963 0.97789693
6.07671233 1.34926824 6.64638667 0.97879872
6.07751968 1.34788345 6.64887735 0.97966802
6.07831265 1.34652359 6.65132236 0.98050592
6.07909144 1.34518826 6.65372242 0.98131344
6.07985626 1.34387712 6.65607823 0.98209161
6.08060731 1.34258978 6.65839047 0.98284142
6.08134480 1.34132589 6.66065985 0.98356382
6.08206894 1.34008507 6.66288705 0.98425976
6.08277992 1.33886698 6.66507275 0.98493013
6.08347795 1.33767125 6.66721763 0.98557582
6.08416324 1.33649752 6.66932236 0.98619768
6.08483598 1.33534545 6.67138761 0.98679654
6.08549637 1.33421467 6.67341403 0.98737321
6.08614461 1.33310485 6.67540228 0.98792846
6.08678090 1.33201563 6.67735300 0.98846304
6.08740543 1.33094668 6.67926684 0.98897769
6.08801839 1.32989765 6.68114442 0.98947312
6.08861997 1.32886822 6.68298638 0.98995001
6.08921037 1.32785806 6.68479332 0.99040903
6.08978977 1.32686683 6.68656586 0.99085081
6.09035835 1.32589421 6.68830460 0.99127599
6.09091630 1.32493988 6.69001014 0.99168515
6.09146380 1.32400352 6.69168307 0.99207888
6.09200103 1.32308484 6.69332395 0.99245774
6.09252816 1.32218350 6.69493337 0.99282228
6.09304537 1.32129922 6.69651189 0.99317301
6.09355284 1.32043169 6.69806007 0.99351044
6.09405073 1.31958061 6.69957845 0.99383507
6.09453920 1.31874570 6.70106757 0.99414736
6.09501843 1.31792667 6.70252797 0.99444777
6.09548859 1.31712322 6.70396017 0.99473674
6.09594982 1.31633509 6.70536468 0.99501469
6.09640229 1.31556199 6.70674202 0.99528204
6.09684616 1.31480366 6.70809269 0.99553917
6.09728157 1.31405983 6.70941718 0.99578647
6.09770870 1.31333023 6.71071597 0.99602431
6.09812767 1.31261460 6.71198954 0.99625304
6.09853864 1.31191269 6.71323836 0.99647301
6.09894176 1.31122425 6.71446289 0.99668453
6.09933717 1.31054903 6.71566360 0.99688794
6.09972501 1.30988679 6.71684092 0.99708353
6.10010541 1.30923728 6.71799529 0.99727160
6.10047852 1.30860027 6.71912715 0.99745243
6.10084447 1.30797553 6.72023692 0.99762630
6.10120339 1.30736284 6.72132502 0.99779348
6.10155541 1.30676196 6.72239185 0.99795421
6.10190066 1.30617267 6.72343784 0.99810875
6.10223926 1.30559477 6.72446336 0.99825731
6.10257134 1.30502803 6.72546881 0.99840015
6.10289703 1.30447225 6.72645457 0.99853746
6.10321643 1.30392722 6.72742102 0.99866947
6.10352967 1.30339274 6.72836853 0.99879638
6.10383686 1.30286861 6.72929745 0.99891837
6.10413811 1.30235464 6.73020816 0.99903565
6.10443355 1.30185063 6.73110099 0.99914838
6.10472327 1.30135639 6.73197628 0.99925674
6.10500738 1.30087173 6.73283439 0.99936091
6.10528600 1.30039649 6.73367564 0.99946104
6.10555922 1.29993047 6.73450035 0.99955728
6.10582714 1.29947351 6.73530884 0.99964979
6.10608987 1.29902543 6.73610143 0.99973871
6.10634751 1.29858605 6.73687842 0.99982418
6.10660015 1.29815522 6.73764012 0.99990633
6.10684789 1.29773278 6.73838682 0.99998529
6.10709082 1.29731855 6.73911882 1.00006118
6.10732903 1.29691239 6.73983640 1.00013412
6.10756261 1.29651413 6.74053984 1.00020422
6.10779166 1.29612363 6.74122941 1.00027160
6.10801625 1.29574074 6.74190538 1.00033636
6.10823647 1.29536532 6.74256803 1.00039859
6.10845241 1.29499721 6.74321760 1.00045841
6.10866415 1.29463628 6.74385436 1.00051589
6.10887177 1.29428239 6.74447856 1.00057114
6.10907534 1.29393540 6.74509043 1.00062424
6.10927495 1.29359518 6.74569023 1.00067526
6.10947068 1.29326161 6.74627818 1.00072430
6.10966259 1.29293454 6.74685452 1.00077143
6.10985076 1.29261387 6.74741947 1.00081672
6.11003526 1.29229945 6.74797327 1.00086025
6.11021616 1.29199118 6.74851612 1.00090208
6.11039354 1.29168893 6.74904824 1.00094227
6.11056745 1.29139259 6.74956984 1.00098090
6.11073798 1.29110204 6.75008114 1.00101803
6.11090517 1.29081717 6.75058232 1.00105370
6.11106910 1.29053787 6.75107359 1.00108798
6.11122984 1.29026403 6.75155515 1.00112093
6.11138743 1.28999554 6.75202718 1.00115259
6.11154195 1.28973231 6.75248988 1.00118301
6.11169345 1.28947423 6.75294342 1.00121224
6.11184199 1.28922120 6.75338799 1.00124034
6.11198762 1.28897312 6.75382375 1.00126733
6.11213041 1.28872989 6.75425090 1.00129327
6.11227041 1.28849143 6.75466959 1.00131820
6.11240768 1.28825763 6.75507999 1.00134216
6.11254226 1.28802841 6.75548227 1.00136517
6.11267421 1.28780368 6.75587658 1.00138729
6.11280358 1.28758335 6.75626308 1.00140855
6.11293042 1.28736734 6.75664193 1.00142897
6.11305478 1.28715556 6.75701328 1.00144860
6.11317670 1.28694792 6.75737727 1.00146746
6.11329625 1.28674436 6.75773406 1.00148558
6.11341345 1.28654478 6.75808377 1.00150299
6.11352836 1.28634911 6.75842656 1.00151973
6.11364102 1.28615728 6.75876255 1.00153580
6.11375147 1.28596921 6.75909189 1.00155125
6.11385976 1.28578482 6.75941471 1.00156610
6.11396594 1.28560405 6.75973112 1.00158036
6.11407003 1.28542682 6.76004127 1.00159407
6.11417209 1.28525307 6.76034527 1.00160724
6.11427215 1.28508272 6.76064324 1.00161990
6.11437024 1.28491571 6.76093531 1.00163206
6.11446642 1.28475198 6.76122159 1.00164374
6.11456072 1.28459146 6.76150219 1.00165497
6.11465316 1.28443409 6.76177723 1.00166576
6.11474380 1.28427980 6.76204682 1.00167612
6.11483266 1.28412854 6.76231107 1.00168608
6.11491978 1.28398025 6.76257007 1.00169566
6.11500519 1.28383486 6.76282394 1.00170485
6.11508893 1.28369233 6.76307278 1.00171369
6.11517103 1.28355259 6.76331668 1.00172218
6.11525152 1.28341560 6.76355574 1.00173034
6.11533043 1.28328129 6.76379007 1.00173818
6.11540779 1.28314962 6.76401975 1.00174571
6.11548364 1.28302053 6.76424487 1.00175295
6.11555800 1.28289398 6.76446553 1.00175990
6.11563091 1.28276991 6.76468181 1.00176658
6.11570238 1.28264827 6.76489380 1.00177300
6.11577245 1.28252902 6.76510159 1.00177917
6.11584115 1.28241211 6.76530525 1.00178510
6.11590851 1.28229750 6.76550488 1.00179080
6.11597454 1.28218513 6.76570054 1.00179627
6.11603928 1.28207498 6.76589233 1.00180153
6.11610274 1.28196698 6.76608031 1.00180658
6.11616497 1.28186110 6.76626456 1.00181143
6.11622597 1.28175731 6.76644515 1.00181610
6.11628578 1.28165555 6.76662217 1.00182058
6.11634441 1.28155578 6.76679567 1.00182489
6.11640189 1.28145798 6.76696573 1.00182902
6.11645825 1.28136210 6.76713241 1.00183300
6.11651350 1.28126810 6.76729579 1.00183682
6.11656767 1.28117594 6.76745593 1.00184049
6.11662077 1.28108559 6.76761289 1.00184402
6.11667283 1.28099702 6.76776673 1.00184740
6.11672387 1.28091019 6.76791752 1.00185066
6.11677391 1.28082506 6.76806532 1.00185379
6.11682297 1.28074161 6.76821019 1.00185679
6.11687107 1.28065979 6.76835218 1.00185968
6.11691822 1.28057958 6.76849136 1.00186246
6.11696445 1.28050095 6.76862777 1.00186512
6.11700976 1.28042386 6.76876148 1.00186768
6.11705420 1.28034828 6.76889253 1.00187015
6.11709775 1.28027419 6.76902098 1.00187251
6.11714046 1.28020155 6.76914688 1.00187478
6.11718232 1.28013034 6.76927029 1.00187697
6.11722337 1.28006053 6.76939124 1.00187907
6.11726360 1.27999209 6.76950980 1.00188108
6.11730305 1.27992499 6.76962600 1.00188302
6.11734173 1.27985922 6.76973990 1.00188488
6.11737964 1.27979473 6.76985153 1.00188667
6.11741681 1.27973151 6.76996095 1.00188838
6.11745326 1.27966953 6.77006820 1.00189003
6.11748898 1.27960877 6.77017332 1.00189162
6.11752401 1.27954921 6.77027635 1.00189314
6.11755835 1.27949081 6.77037734 1.00189461
6.11759201 1.27943356 6.77047633 1.00189602
6.11762501 1.27937744 6.77057334 1.00189737
6.11765737 1.27932242 6.77066844 1.00189867
6.11768909 1.27926848 6.77076164 1.00189991
6.11772018 1.27921560 6.77085300 1.00190111
6.11775067 1.27916375 6.77094254 1.00190226
6.11778056 1.27911293 6.77103031 1.00190337
6.11780986 1.27906311 6.77111633 1.00190444
6.11783859 1.27901426 6.77120065 1.00190546
6.11786675 1.27896637 6.77128329 1.00190644
6.11789436 1.27891943 6.77136430 1.00190738
6.11792142 1.27887340 6.77144369 1.00190829
6.11794796 1.27882829 6.77152151 1.00190916
6.11797397 1.27878405 6.77159778 1.00191000
6.11799948 1.27874069 6.77167254 1.00191080
6.11802448 1.27869818 6.77174582 1.00191157
6.11804899 1.27865650 6.77181764 1.00191231
6.11807302 1.27861565 6.77188803 1.00191303
6.11809658 1.27857559 6.77195703 1.00191371
6.11811968 1.27853632 6.77202466 1.00191437
6.11814232 1.27849783 6.77209095 1.00191500
6.11816452 1.27846009 6.77215592 1.00191561
6.11818628 1.27842309 6.77221960 1.00191620
6.11820762 1.27838682 6.77228202 1.00191676
6.11822854 1.27835126 6.77234319 1.00191730
6.11824904 1.27831641 6.77240316 1.00191781
6.11826914 1.27828223 6.77246193 1.00191831
6.11828885 1.27824873 6.77251954 1.00191879
6.11830817 1.27821588 6.77257600 1.00191925
6.11832711 1.27818369 6.77263134 1.00191969
6.11834568 1.27815212 6.77268558 1.00192011
6.11836389 1.27812117 6.77273875 1.00192052
6.11838174 1.27809084 6.77279086 1.00192091
6.11839923 1.27806110 6.77284194 1.00192129
6.11841639 1.27803194 6.77289200 1.00192165
6.11843320 1.27800335 6.77294107 1.00192200
6.11844969 1.27797533 6.77298916 1.00192233
6.11846585 1.27794786 6.77303630 1.00192265
6.11848169 1.27792093 6.77308251 1.00192296
6.11849723 1.27789453 6.77312779 1.00192326
6.11851246 1.27786864 6.77317218 1.00192354
6.11852739 1.27784327 6.77321569 1.00192381
6.11854202 1.27781839 6.77325833 1.00192408
6.11855637 1.27779401 6.77330013 1.00192433
6.11857044 1.27777010 6.77334109 1.00192457
6.11858423 1.27774666 6.77338125 1.00192480
6.11859775 1.27772368 6.77342060 1.00192503
6.11861100 1.27770116 6.77345918 1.00192524
6.11862400 1.27767907 6.77349699 1.00192545
6.11863673 1.27765743 6.77353404 1.00192565
6.11864922 1.27763620 6.77357037 1.00192584
6.11866147 1.27761540 6.77360597 1.00192602
6.11867347 1.27759500 6.77364086 1.00192620
6.11868524 1.27757500 6.77367507 1.00192637
6.11869677 1.27755540 6.77370859 1.00192653
6.11870808 1.27753618 6.77374145 1.00192669
6.11871917 1.27751734 6.77377365 1.00192684
6.11873004 1.27749887 6.77380522 1.00192698
6.11874069 1.27748076 6.77383616 1.00192712
6.11875114 1.27746301 6.77386648 1.00192725
6.11876138 1.27744561 6.77389621 1.00192738
6.11877142 1.27742855 6.77392534 1.00192750
6.11878126 1.27741182 6.77395389 1.00192762
6.11879091 1.27739543 6.77398188 1.00192773
6.11880037 1.27737935 6.77400931 1.00192784
6.11880964 1.27736359 6.77403620 1.00192795
6.11881874 1.27734815 6.77406255 1.00192805
6.11882765 1.27733300 6.77408838 1.00192814
6.11883639 1.27731815 6.77411370 1.00192824
6.11884495 1.27730360 6.77413852 1.00192833
6.11885335 1.27728933 6.77416284 1.00192841
6.11886159 1.27727534 6.77418668 1.00192849
6.11886966 1.27726163 6.77421005 1.00192857
6.11887757 1.27724818 6.77423295 1.00192865
6.11888533 1.27723500 6.77425540 1.00192872
6.11889293 1.27722208 6.77427740 1.00192879
6.11890039 1.27720942 6.77429896 1.00192886
6.11890770 1.27719700 6.77432010 1.00192892
6.11891486 1.27718482 6.77434082 1.00192899
6.11892189 1.27717289 6.77436112 1.00192905
6.11892877 1.27716119 6.77438103 1.00192910
6.11893552 1.27714972 6.77440053 1.00192916
6.11894214 1.27713848 6.77441966 1.00192921
6.11894863 1.27712745 6.77443840 1.00192926
6.11895499 1.27711665 6.77445677 1.00192931
6.11896123 1.27710605 6.77447477 1.00192936
6.11896734 1.27709567 6.77449242 1.00192940
6.11897334 1.27708548 6.77450971 1.00192945
6.11897921 1.27707550 6.77452667 1.00192949
6.11898497 1.27706572 6.77454328 1.00192953
6.11899062 1.27705612 6.77455957 1.00192957
6.11899616 1.27704672 6.77457553 1.00192961
6.11900158 1.27703750 6.77459118 1.00192964
6.11900690 1.27702846 6.77460651 1.00192968
6.11901212 1.27701960 6.77462155 1.00192971
6.11901723 1.27701091 6.77463628 1.00192974
6.11902225 1.27700240 6.77465072 1.00192977
6.11902716 1.27699405 6.77466487 1.00192980
6.11903198 1.27698586 6.77467874 1.00192983
6.11903671 1.27697784 6.77469234 1.00192985
6.11904134 1.27696997 6.77470567 1.00192988
6.11904588 1.27696226 6.77471873 1.00192990
6.11905033 1.27695470 6.77473154 1.00192993
6.11905469 1.27694729 6.77474408 1.00192995
6.11905897 1.27694003 6.77475638 1.00192997
6.11906316 1.27693290 6.77476844 1.00192999
6.11906727 1.27692592 6.77478026 1.00193002
6.11907130 1.27691908 6.77479184 1.00193003
6.11907525 1.27691237 6.77480319 1.00193005
6.11907913 1.27690579 6.77481432 1.00193007
6.11908292 1.27689934 6.77482522 1.00193009
6.11908665 1.27689302 6.77483591 1.00193011
6.11909030 1.27688682 6.77484639 1.00193012
6.11909387 1.27688074 6.77485666 1.00193014
6.11909738 1.27687478 6.77486672 1.00193015
6.11910082 1.27686894 6.77487659 1.00193017
6.11910419 1.27686322 6.77488626 1.00193018
6.11910749 1.27685761 6.77489574 1.00193019
6.11911073 1.27685210 6.77490502 1.00193021
6.11911391 1.27684671 6.77491413 1.00193022
6.11911702 1.27684142 6.77492305 1.00193023
6.11912008 1.27683624 6.77493180 1.00193024
6.11912307 1.27683116 6.77494037 1.00193025
6.11912600 1.27682617 6.77494878 1.00193026
