7.07780670 1.55036826 4.28098558 0.16073808
7.07584878 1.54742640 4.27992821 0.16210506
7.07387142 1.54445841 4.27885875 0.16349788
7.07187431 1.54146386 4.27777693 0.16491720
7.06985716 1.53844234 4.27668249 0.16636373
7.06781963 1.53539339 4.27557514 0.16783819
7.06576141 1.53231657 4.27445461 0.16934132
7.06368216 1.52921143 4.27332060 0.17087390
7.06158155 1.52607748 4.27217281 0.17243673
7.05945923 1.52291426 4.27101093 0.17403063
7.05731484 1.51972127 4.26983465 0.17565645
7.05514803 1.51649800 4.26864363 0.17731506
7.05295843 1.51324396 4.26743755 0.17900739
7.05074565 1.50995860 4.26621607 0.18073438
7.04850932 1.50664140 4.26497882 0.18249699
7.04624903 1.50329181 4.26372546 0.18429625
7.04396439 1.49990926 4.26245560 0.18613318
7.04165498 1.49649318 4.26116888 0.18800888
7.03932039 1.49304299 4.25986488 0.18992446
7.03696017 1.48955808 4.25854322 0.19188107
7.03457389 1.48603783 4.25720348 0.19387993
7.03216110 1.48248162 4.25584523 0.19592227
7.02972134 1.47888880 4.25446804 0.19800938
7.02725413 1.47525871 4.25307146 0.20014259
7.02475899 1.47159068 4.25165502 0.20232329
7.02223542 1.46788402 4.25021826 0.20455291
7.01968293 1.46413802 4.24876069 0.20683294
7.01710099 1.46035196 4.24728180 0.20916491
7.01448907 1.45652509 4.24578109 0.21155043
7.01184663 1.45265667 4.24425802 0.21399114
7.00917312 1.44874590 4.24271205 0.21648878
7.00646796 1.44479201 4.24114263 0.21904511
7.00373058 1.44079417 4.23954917 0.22166200
7.00096039 1.43675155 4.23793110 0.22434137
6.99815676 1.43266331 4.23628780 0.22708520
6.99531909 1.42852856 4.23461866 0.22989556
6.99244673 1.42434642 4.23292303 0.23277461
6.98953902 1.42011597 4.23120025 0.23572457
6.98659531 1.41583629 4.22944966 0.23874777
6.98361490 1.41150640 4.22767054 0.24184660
6.98059709 1.40712533 4.22586221 0.24502356
6.97754118 1.40269208 4.22402391 0.24828125
6.97444642 1.39820563 4.22215490 0.25162237
6.97131206 1.39366492 4.22025440 0.25504971
6.96813734 1.38906888 4.21832161 0.25856619
6.96492146 1.38441641 4.21635573 0.26217483
6.96166364 1.37970639 4.21435592 0.26587876
6.95836304 1.37493768 4.21232130 0.26968127
6.95501881 1.37010910 4.21025101 0.27358572
6.95163011 1.36521944 4.20814412 0.27759566
6.94819605 1.36026749 4.20599971 0.28171473
6.94471574 1.35525199 4.20381683 0.28594675
6.94118825 1.35017167 4.20159450 0.29029567
6.93761264 1.34502521 4.19933170 0.29476558
6.93398796 1.33981129 4.19702740 0.29936076
6.93031322 1.33452856 4.19468056 0.30408564
6.92658744 1.32917561 4.19229009 0.30894480
6.92280958 1.32375105 4.18985487 0.31394304
6.91897861 1.31825343 4.18737377 0.31908529
6.91509347 1.31268130 4.18484564 0.32437671
6.91115307 1.30703315 4.18226927 0.32982262
6.90715633 1.30130749 4.17964345 0.33542857
6.90310212 1.29550276 4.17696694 0.34120028
6.89898930 1.28961742 4.17423847 0.34714369
6.89481673 1.28364987 4.17145675 0.35326497
6.89058321 1.27759852 4.16862044 0.35957047
6.88628758 1.27146173 4.16572820 0.36606681
6.88192861 1.26523788 4.16277866 0.37276077
6.87750509 1.25892530 4.15977043 0.37965942
6.87301580 1.25252233 4.15670208 0.38677001
6.86845947 1.24602729 4.15357216 0.39410004
6.86383487 1.23943850 4.15037923 0.40165723
6.85914072 1.23275425 4.14712180 0.40944953
6.85437577 1.22597287 4.14379837 0.41748512
6.84953873 1.21909267 4.14040742 0.42577238
6.84462835 1.21211196 4.13694744 0.43431991
6.83964335 1.20502908 4.13341689 0.44313650
6.83458248 1.19784240 4.12981424 0.45223116
6.82944449 1.19055029 4.12613793 0.46161304
6.82422814 1.18315116 4.12238642 0.47129147
6.81893223 1.17564346 4.11855819 0.48127591
6.81355556 1.16802571 4.11465171 0.49157593
6.80809699 1.16029646 4.11066546 0.50220119
6.80255539 1.15245434 4.10659797 0.51316140
6.79692970 1.14449804 4.10244777 0.52446627
6.79121889 1.13642638 4.09821344 0.53612549
6.78542202 1.12823824 4.09389360 0.54814867
6.77953818 1.11993263 4.08948693 0.56054527
6.77356659 1.11150870 4.08499215 0.57332458
6.76750651 1.10296574 4.08040808 0.58649559
6.76135734 1.09430317 4.07573360 0.60006695
6.75511856 1.08552064 4.07096769 0.61404691
6.74878981 1.07661795 4.06610943 0.62844316
6.74237082 1.06759514 4.06115801 0.64326281
6.73586152 1.05845247 4.05611278 0.65851222
6.72926198 1.04919045 4.05097321 0.67419692
6.72257244 1.03980987 4.04573892 0.69032147
6.71579336 1.03031183 4.04040972 0.70688936
6.70892539 1.02069771 4.03498561 0.72390283
6.70196942 1.01096925 4.02946679 0.74136278
6.69492657 1.00112854 4.02385367 0.75926861
6.68779821 0.99117805 4.01814691 0.77761806
6.68058599 0.98112066 4.01234742 0.79640709
6.67329185 0.97095965 4.00645637 0.81562971
6.66591803 0.96069874 4.00047521 0.83527790
6.65846706 0.95034210 3.99440571 0.85534141
6.65094181 0.93989437 3.98824992 0.87580770
6.64334549 0.92936065 3.98201021 0.89666180
6.63568164 0.91874653 3.97568931 0.91788624
6.62795414 0.90805810 3.96929025 0.93946099
6.62016724 0.89730192 3.96281644 0.96136341
6.61232551 0.88648503 3.95627160 0.98356824
6.60443390 0.87561497 3.94965984 1.00604762
6.59649768 0.86469971 3.94298557 1.02877117
6.58852245 0.85374768 3.93625357 1.05170602
6.58051415 0.84276774 3.92946893 1.07481701
6.57247899 0.83176912 3.92263708 1.09806682
6.56442348 0.82076141 3.91576372 1.12141617
6.55635439 0.80975453 3.90885485 1.14482409
6.54827871 0.79875865 3.90191672 1.16824820
6.54020362 0.78778417 3.89495581 1.19164499
6.53213647 0.77684166 3.88797878 1.21497021
6.52408472 0.76594180 3.88099249 1.23817920
6.51605593 0.75509530 3.87400389 1.26122729
6.50805769 0.74431289 3.86702005 1.28407017
6.50009759 0.73360520 3.86004806 1.30666431
6.49218318 0.72298273 3.85309504 1.32896732
6.48432190 0.71245576 3.84616809 1.35093837
6.47652108 0.70203434 3.83927419 1.37253847
6.46878786 0.69172816 3.83242026 1.39373088
6.46112917 0.68154655 3.82561304 1.41448134
6.45355167 0.67149841 3.81885909 1.43475836
6.44606176 0.66159217 3.81216472 1.45453342
6.43866550 0.65183572 3.80553603 1.47378114
6.43136860 0.64223642 3.79897880 1.49247938
6.42417640 0.63280105 3.79249850 1.51060935
6.41709385 0.62353576 3.78610029 1.52815559
6.41012550 0.61444611 3.77978896 1.54510600
6.40327546 0.60553701 3.77356895 1.56145172
6.39654745 0.59681277 3.76744432 1.57718708
6.38994472 0.58827703 3.76141875 1.59230943
6.38347014 0.57993283 3.75549554 1.60681903
6.37712611 0.57178261 3.74967762 1.62071880
6.37091466 0.56382819 3.74396752 1.63401415
6.36483739 0.55607084 3.73836743 1.64671279
6.35889553 0.54851129 3.73287914 1.65882446
6.35308991 0.54114973 3.72750414 1.67036071
6.34742103 0.53398587 3.72224355 1.68133469
6.34188906 0.52701897 3.71709818 1.69176094
6.33649381 0.52024786 3.71206854 1.70165511
6.33123485 0.51367096 3.70715485 1.71103382
6.32611145 0.50728636 3.70235707 1.71991444
6.32112261 0.50109181 3.69767489 1.72831487
6.31626713 0.49508474 3.69310781 1.73625343
6.31154359 0.48926236 3.68865508 1.74374867
6.30695036 0.48362163 3.68431576 1.75081924
6.30248568 0.47815928 3.68008875 1.75748375
6.29814761 0.47287191 3.67597279 1.76376069
6.29393409 0.46775594 3.67196645 1.76966829
6.28984293 0.46280767 3.66806822 1.77522449
6.28587186 0.45802331 3.66427645 1.78044682
6.28201854 0.45339897 3.66058938 1.78535236
6.27828052 0.44893074 3.65700519 1.78995773
6.27465533 0.44461461 3.65352199 1.79427898
6.27114045 0.44044660 3.65013783 1.79833160
6.26773332 0.43642269 3.64685068 1.80213053
6.26443137 0.43253887 3.64365853 1.80569007
6.26123201 0.42879114 3.64055929 1.80902396
6.25813266 0.42517555 3.63755087 1.81214529
6.25513074 0.42168816 3.63463117 1.81506658
6.25222367 0.41832509 3.63179808 1.81779974
6.24940890 0.41508250 3.62904950 1.82035609
6.24668391 0.41195664 3.62638332 1.82274638
6.24404618 0.40894378 3.62379744 1.82498079
6.24149326 0.40604029 3.62128980 1.82706898
6.23902272 0.40324262 3.61885834 1.82902005
6.23663215 0.40054726 3.61650103 1.83084262
6.23431922 0.39795082 3.61421586 1.83254481
6.23208162 0.39544997 3.61200085 1.83413428
6.22991708 0.39304147 3.60985407 1.83561825
6.22782339 0.39072214 3.60777359 1.83700350
6.22579840 0.38848893 3.60575755 1.83829640
6.22383998 0.38633883 3.60380410 1.83950296
6.22194608 0.38426894 3.60191143 1.84062881
6.22011468 0.38227644 3.60007778 1.84167921
6.21834381 0.38035859 3.59830143 1.84265914
6.21663157 0.37851273 3.59658068 1.84357323
6.21497610 0.37673629 3.59491389 1.84442583
6.21337558 0.37502678 3.59329945 1.84522101
6.21182826 0.37338177 3.59173578 1.84596260
6.21033242 0.37179894 3.59022137 1.84665415
6.20888640 0.37027601 3.58875471 1.84729901
6.20748859 0.36881081 3.58733436 1.84790030
6.20613741 0.36740122 3.58595891 1.84846094
6.20483135 0.36604520 3.58462697 1.84898365
6.20356893 0.36474076 3.58333722 1.84947098
6.20234872 0.36348602 3.58208834 1.84992531
6.20116933 0.36227912 3.58087908 1.85034887
6.20002941 0.36111829 3.57970821 1.85074373
6.19892767 0.36000182 3.57857453 1.85111183
6.19786284 0.35892805 3.57747689 1.85145497
6.19683370 0.35789539 3.57641416 1.85177485
6.19583906 0.35690230 3.57538525 1.85207304
6.19487778 0.35594729 3.57438909 1.85235100
6.19394875 0.35502893 3.57342467 1.85261011
6.19305089 0.35414585 3.57249097 1.85285165
6.19218316 0.35329671 3.57158704 1.85307680
6.19134455 0.35248024 3.57071194 1.85328669
6.19053410 0.35169520 3.56986474 1.85348234
6.18975086 0.35094040 3.56904459 1.85366472
6.18899391 0.35021469 3.56825060 1.85383474
6.18826239 0.34951699 3.56748197 1.85399323
6.18755543 0.34884621 3.56673787 1.85414098
6.18687221 0.34820134 3.56601754 1.85427872
6.18621194 0.34758139 3.56532022 1.85440712
6.18557384 0.34698542 3.56464518 1.85452682
6.18495717 0.34641250 3.56399170 1.85463842
6.18436121 0.34586177 3.56335911 1.85474246
6.18378526 0.34533237 3.56274673 1.85483946
6.18322865 0.34482349 3.56215392 1.85492990
6.18269073 0.34433435 3.56158007 1.85501422
6.18217087 0.34386418 3.56102456 1.85509283
6.18166846 0.34341228 3.56048680 1.85516613
6.18118291 0.34297792 3.55996624 1.85523447
6.18071366 0.34256045 3.55946232 1.85529820
6.18026016 0.34215921 3.55897451 1.85535762
6.17982187 0.34177358 3.55850230 1.85541303
6.17939829 0.34140296 3.55804518 1.85546471
6.17898892 0.34104678 3.55760268 1.85551289
6.17859328 0.34070447 3.55717433 1.85555782
6.17821091 0.34037552 3.55675967 1.85559973
6.17784136 0.34005939 3.55635827 1.85563881
6.17748420 0.33975560 3.55596970 1.85567526
6.17713900 0.33946368 3.55559356 1.85570925
6.17680538 0.33918316 3.55522943 1.85574096
6.17648294 0.33891360 3.55487695 1.85577053
6.17617130 0.33865459 3.55453574 1.85579812
6.17587010 0.33840571 3.55420543 1.85582384
6.17557898 0.33816658 3.55388568 1.85584784
6.17529762 0.33793681 3.55357615 1.85587023
6.17502567 0.33771605 3.55327651 1.85589112
6.17476282 0.33750394 3.55298644 1.85591060
6.17450877 0.33730016 3.55270565 1.85592878
6.17426322 0.33710437 3.55243382 1.85594573
6.17402589 0.33691628 3.55217069 1.85596155
6.17379649 0.33673557 3.55191595 1.85597632
6.17357476 0.33656197 3.55166936 1.85599009
6.17336045 0.33639520 3.55143064 1.85600294
6.17315329 0.33623499 3.55119955 1.85601493
6.17295306 0.33608110 3.55097584 1.85602612
6.17275952 0.33593326 3.55075927 1.85603656
6.17257245 0.33579126 3.55054962 1.85604630
6.17239162 0.33565485 3.55034666 1.85605539
6.17221683 0.33552383 3.55015018 1.85606388
6.17204787 0.33539798 3.54995998 1.85607180
6.17188456 0.33527711 3.54977584 1.85607919
6.17172669 0.33516102 3.54959759 1.85608609
6.17157409 0.33504952 3.54942502 1.85609253
6.17142658 0.33494243 3.54925796 1.85609854
6.17128398 0.33483958 3.54909623 1.85610415
6.17114614 0.33474081 3.54893966 1.85610939
6.17101290 0.33464596 3.54878809 1.85611427
6.17088410 0.33455487 3.54864135 1.85611884
6.17075958 0.33446739 3.54849930 1.85612310
6.17063922 0.33438340 3.54836177 1.85612708
6.17052286 0.33430274 3.54822863 1.85613079
6.17041038 0.33422529 3.54809974 1.85613426
6.17030164 0.33415092 3.54797495 1.85613749
6.17019652 0.33407952 3.54785415 1.85614051
6.17009489 0.33401096 3.54773719 1.85614334
6.16999665 0.33394514 3.54762397 1.85614597
6.16990168 0.33388194 3.54751435 1.85614843
6.16980986 0.33382127 3.54740823 1.85615073
6.16972110 0.33376302 3.54730549 1.85615288
6.16963528 0.33370710 3.54720602 1.85615488
6.16955232 0.33365342 3.54710973 1.85615675
6.16947211 0.33360189 3.54701650 1.85615850
6.16939457 0.33355243 3.54692624 1.85616013
6.16931960 0.33350494 3.54683885 1.85616166
6.16924712 0.33345937 3.54675425 1.85616308
6.16917705 0.33341563 3.54667235 1.85616441
6.16910930 0.33337364 3.54659305 1.85616566
6.16904380 0.33333334 3.54651628 1.85616682
6.16898048 0.33329467 3.54644195 1.85616790
6.16891925 0.33325755 3.54636999 1.85616892
6.16886005 0.33322193 3.54630032 1.85616986
6.16880282 0.33318775 3.54623286 1.85617075
6.16874748 0.33315495 3.54616756 1.85617157
6.16869397 0.33312347 3.54610433 1.85617235
6.16864224 0.33309327 3.54604311 1.85617307
6.16859222 0.33306429 3.54598384 1.85617374
6.16854386 0.33303649 3.54592646 1.85617437
6.16849710 0.33300981 3.54587090 1.85617496
6.16845189 0.33298421 3.54581711 1.85617551
6.16840817 0.33295966 3.54576503 1.85617602
6.16836590 0.33293610 3.54571461 1.85617650
6.16832503 0.33291351 3.54566579 1.85617695
6.16828550 0.33289183 3.54561853 1.85617737
6.16824729 0.33287104 3.54557276 1.85617776
6.16821034 0.33285109 3.54552845 1.85617813
6.16817461 0.33283196 3.54548555 1.85617847
6.16814006 0.33281362 3.54544402 1.85617879
6.16810665 0.33279602 3.54540380 1.85617909
6.16807435 0.33277915 3.54536486 1.85617937
6.16804311 0.33276296 3.54532716 1.85617963
6.16801290 0.33274744 3.54529066 1.85617988
6.16798369 0.33273256 3.54525531 1.85618011
6.16795545 0.33271829 3.54522109 1.85618032
6.16792813 0.33270461 3.54518796 1.85618052
6.16790172 0.33269150 3.54515588 1.85618071
6.16787618 0.33267892 3.54512482 1.85618088
6.16785148 0.33266686 3.54509474 1.85618104
6.16782759 0.33265531 3.54506562 1.85618120
6.16780449 0.33264423 3.54503743 1.85618134
6.16778216 0.33263361 3.54501013 1.85618147
6.16776056 0.33262343 3.54498370 1.85618160
6.16773967 0.33261367 3.54495810 1.85618171
6.16771946 0.33260432 3.54493332 1.85618182
6.16769993 0.33259536 3.54490932 1.85618193
6.16768103 0.33258678 3.54488609 1.85618202
6.16766276 0.33257855 3.54486359 1.85618211
6.16764509 0.33257067 3.54484181 1.85618219
6.16762800 0.33256311 3.54482072 1.85618227
6.16761147 0.33255587 3.54480030 1.85618235
6.16759549 0.33254894 3.54478052 1.85618241
6.16758003 0.33254230 3.54476138 1.85618248
6.16756508 0.33253594 3.54474284 1.85618254
6.16755062 0.33252984 3.54472489 1.85618259
6.16753664 0.33252400 3.54470750 1.85618265
6.16752311 0.33251841 3.54469067 1.85618269
6.16751003 0.33251306 3.54467438 1.85618274
6.16749738 0.33250793 3.54465860 1.85618278
6.16748515 0.33250302 3.54464332 1.85618282
6.16747331 0.33249832 3.54462852 1.85618286
6.16746187 0.33249382 3.54461419 1.85618290
6.16745080 0.33248951 3.54460032 1.85618293
6.16744009 0.33248539 3.54458689 1.85618296
6.16742974 0.33248144 3.54457388 1.85618299
6.16741972 0.33247766 3.54456129 1.85618301
6.16741003 0.33247405 3.54454909 1.85618304
6.16740066 0.33247059 3.54453728 1.85618306
6.16739160 0.33246727 3.54452585 1.85618309
6.16738283 0.33246411 3.54451477 1.85618311
6.16737435 0.33246107 3.54450405 1.85618313
6.16736615 0.33245817 3.54449367 1.85618314
6.16735822 0.33245540 3.54448361 1.85618316
6.16735055 0.33245274 3.54447388 1.85618318
6.16734312 0.33245021 3.54446445 1.85618319
6.16733594 0.33244778 3.54445532 1.85618320
6.16732900 0.33244546 3.54444648 1.85618322
6.16732228 0.33244324 3.54443792 1.85618323
6.16731579 0.33244111 3.54442964 1.85618324
6.16730950 0.33243908 3.54442161 1.85618325
