5.05105253 7.25344032 5.34993015 0.18709921
5.04794344 7.25283385 5.35365821 0.18950435
5.04480588 7.25222049 5.35742515 0.19195754
5.04163945 7.25160012 5.36123148 0.19445993
5.03844374 7.25097263 5.36507777 0.19701270
5.03521836 7.25033789 5.36896456 0.19961707
5.03196289 7.24969578 5.37289240 0.20227427
5.02867692 7.24904620 5.37686185 0.20498558
5.02536002 7.24838900 5.38087350 0.20775229
5.02201178 7.24772406 5.38492789 0.21057575
5.01863177 7.24705126 5.38902562 0.21345731
5.01521955 7.24637046 5.39316727 0.21639836
5.01177469 7.24568153 5.39735343 0.21940033
5.00829675 7.24498433 5.40158468 0.22246468
5.00478529 7.24427874 5.40586163 0.22559288
5.00123986 7.24356460 5.41018487 0.22878648
4.99766000 7.24284178 5.41455501 0.23204700
4.99404528 7.24211014 5.41897265 0.23537605
4.99039523 7.24136953 5.42343841 0.23877523
4.98670940 7.24061981 5.42795290 0.24224619
4.98298733 7.23986082 5.43251673 0.24579061
4.97922856 7.23909241 5.43713051 0.24941020
4.97543262 7.23831444 5.44179487 0.25310671
4.97159907 7.23752675 5.44651041 0.25688190
4.96772743 7.23672918 5.45127775 0.26073758
4.96381726 7.23592157 5.45609751 0.26467557
4.95986808 7.23510377 5.46097030 0.26869773
4.95587943 7.23427561 5.46589672 0.27280596
4.95185088 7.23343694 5.47087738 0.27700215
4.94778196 7.23258758 5.47591287 0.28128825
4.94367222 7.23172738 5.48100380 0.28566620
4.93952122 7.23085617 5.48615075 0.29013800
4.93532852 7.22997379 5.49135429 0.29470562
4.93109370 7.22908005 5.49661500 0.29937110
4.92681631 7.22817481 5.50193344 0.30413644
4.92249596 7.22725789 5.50731015 0.30900369
4.91813222 7.22632911 5.51274566 0.31397489
4.91372471 7.22538832 5.51824050 0.31905209
4.90927303 7.22443535 5.52379516 0.32423734
4.90477682 7.22347001 5.52941013 0.32953269
4.90023571 7.22249216 5.53508588 0.33494016
4.89564936 7.22150162 5.54082284 0.34046180
4.89101745 7.22049822 5.54662145 0.34609959
4.88633967 7.21948181 5.55248207 0.35185554
4.88161572 7.21845222 5.55840510 0.35773159
4.87684535 7.21740928 5.56439085 0.36372966
4.87202831 7.21635285 5.57043964 0.36985163
4.86716438 7.21528277 5.57655173 0.37609932
4.86225336 7.21419888 5.58272736 0.38247451
4.85729511 7.21310104 5.58896671 0.38897890
4.85228948 7.21198911 5.59526993 0.39561413
4.84723638 7.21086294 5.60163714 0.40238173
4.84213574 7.20972240 5.60806839 0.40928316
4.83698754 7.20856736 5.61456369 0.41631978
4.83179179 7.20739771 5.62112298 0.42349284
4.82654854 7.20621331 5.62774618 0.43080343
4.82125789 7.20501407 5.63443311 0.43825256
4.81591999 7.20379987 5.64118355 0.44584106
4.81053502 7.20257064 5.64799722 0.45356960
4.80510322 7.20132628 5.65487376 0.46143870
4.79962490 7.20006671 5.66181274 0.46944869
4.79410041 7.19879187 5.66881365 0.47759970
4.78853014 7.19750171 5.67587592 0.48589166
4.78291458 7.19619618 5.68299889 0.49432427
4.77725425 7.19487525 5.69018181 0.50289702
4.77154974 7.19353889 5.69742386 0.51160914
4.76580171 7.19218711 5.70472412 0.52045959
4.76001090 7.19081990 5.71208159 0.52944709
4.75417810 7.18943729 5.71949515 0.53857007
4.74830418 7.18803932 5.72696361 0.54782665
4.74239009 7.18662602 5.73448569 0.55721468
4.73643685 7.18519748 5.74205999 0.56673167
4.73044554 7.18375377 5.74968500 0.57637484
4.72441735 7.18229498 5.75735915 0.58614105
4.71835353 7.18082125 5.76508074 0.59602685
4.71225539 7.17933270 5.77284795 0.60602845
4.70612436 7.17782948 5.78065889 0.61614171
4.69996191 7.17631177 5.78851156 0.62636216
4.69376961 7.17477975 5.79640384 0.63668496
4.68754910 7.17323363 5.80433352 0.64710496
4.68130210 7.17167364 5.81229829 0.65761665
4.67503040 7.17010002 5.82029575 0.66821418
4.66873588 7.16851304 5.82832338 0.67889141
4.66242047 7.16691298 5.83637861 0.68964184
4.65608619 7.16530015 5.84445873 0.70045870
4.64973510 7.16367486 5.85256098 0.71133491
4.64336936 7.16203745 5.86068251 0.72226311
4.63699115 7.16038828 5.86882039 0.73323571
4.63060274 7.15872772 5.87697162 0.74424487
4.62420643 7.15705616 5.88513314 0.75528253
4.61780458 7.15537401 5.89330183 0.76634046
4.61139959 7.15368169 5.90147451 0.77741024
4.60499389 7.15197964 5.90964797 0.78848335
4.59858995 7.15026830 5.91781895 0.79955114
4.59219027 7.14854815 5.92598415 0.81060490
4.58579736 7.14681965 5.93414027 0.82163585
4.57941374 7.14508329 5.94228399 0.83263524
4.57304197 7.14333957 5.95041197 0.84359430
4.56668458 7.14158898 5.95852090 0.85450434
4.56034410 7.13983205 5.96660744 0.86535674
4.55402306 7.13806929 5.97466831 0.87614302
4.54772397 7.13630122 5.98270023 0.88685482
4.54144931 7.13452837 5.99069997 0.89748400
4.53520154 7.13275127 5.99866433 0.90802258
4.52898308 7.13097046 6.00659020 0.91846287
4.52279631 7.12918645 6.01447447 0.92879741
4.51664356 7.12739979 6.02231415 0.93901905
4.51052711 7.12561099 6.03010630 0.94912094
4.50444918 7.12382060 6.03784805 0.95909659
4.49841193 7.12202912 6.04553666 0.96893982
4.49241745 7.12023707 6.05316943 0.97864486
4.48646777 7.11844496 6.06074379 0.98820629
4.48056483 7.11665329 6.06825727 0.99761911
4.47471051 7.11486256 6.07570751 1.00687870
4.46890658 7.11307324 6.08309224 1.01598086
4.46315475 7.11128582 6.09040932 1.02492180
4.45745664 7.10950076 6.09765674 1.03369813
4.45181377 7.10771850 6.10483259 1.04230688
4.44622760 7.10593950 6.11193508 1.05074550
4.44069946 7.10416417 6.11896255 1.05901181
4.43523063 7.10239293 6.12591346 1.06710405
4.42982226 7.10062619 6.13278639 1.07502084
4.42447543 7.09886434 6.13958005 1.08276118
4.41919114 7.09710774 6.14629326 1.09032441
4.41397029 7.09535677 6.15292497 1.09771023
4.40881367 7.09361177 6.15947423 1.10491869
4.40372201 7.09187307 6.16594023 1.11195014
4.39869596 7.09014100 6.17232225 1.11880523
4.39373606 7.08841585 6.17861970 1.12548490
4.38884279 7.08669793 6.18483209 1.13199037
4.38401654 7.08498750 6.19095904 1.13832309
4.37925762 7.08328484 6.19700025 1.14448476
4.37456628 7.08159020 6.20295555 1.15047728
4.36994269 7.07990380 6.20882484 1.15630275
4.36538695 7.07822589 6.21460812 1.16196346
4.36089908 7.07655666 6.22030547 1.16746186
4.35647908 7.07489632 6.22591706 1.17280053
4.35212684 7.07324506 6.23144314 1.17798221
4.34784222 7.07160305 6.23688401 1.18300972
4.34362502 7.06997046 6.24224008 1.18788601
4.33947499 7.06834743 6.24751178 1.19261410
4.33539183 7.06673412 6.25269965 1.19719707
4.33137520 7.06513065 6.25780426 1.20163810
4.32742471 7.06353714 6.26282622 1.20594037
4.32353992 7.06195371 6.26776623 1.21010712
4.31972038 7.06038046 6.27262501 1.21414161
4.31596559 7.05881749 6.27740332 1.21804712
4.31227501 7.05726487 6.28210198 1.22182692
4.30864809 7.05572268 6.28672182 1.22548430
4.30508423 7.05419100 6.29126374 1.22902251
4.30158283 7.05266988 6.29572863 1.23244481
4.29814324 7.05115938 6.30011742 1.23575441
4.29476483 7.04965954 6.30443109 1.23895451
4.29144690 7.04817040 6.30867060 1.24204827
4.28818878 7.04669199 6.31283696 1.24503879
4.28498976 7.04522435 6.31693118 1.24792915
4.28184913 7.04376750 6.32095428 1.25072237
4.27876615 7.04232144 6.32490732 1.25342142
4.27574009 7.04088619 6.32879132 1.25602920
4.27277022 7.03946175 6.33260737 1.25854859
4.26985577 7.03804813 6.33635650 1.26098236
4.26699599 7.03664533 6.34003980 1.26333326
4.26419013 7.03525332 6.34365832 1.26560396
4.26143742 7.03387210 6.34721314 1.26779707
4.25873711 7.03250165 6.35070533 1.26991514
4.25608842 7.03114196 6.35413595 1.27196065
4.25349059 7.02979299 6.35750606 1.27393601
4.25094287 7.02845472 6.36081671 1.27584358
4.24844449 7.02712713 6.36406898 1.27768564
4.24599471 7.02581016 6.36726388 1.27946442
4.24359276 7.02450380 6.37040248 1.28118207
4.24123789 7.02320800 6.37348579 1.28284070
4.23892938 7.02192271 6.37651483 1.28444233
4.23666647 7.02064790 6.37949062 1.28598894
4.23444844 7.01938352 6.38241417 1.28748244
4.23227456 7.01812951 6.38528644 1.28892468
4.23014411 7.01688584 6.38810844 1.29031745
4.22805638 7.01565243 6.39088112 1.29166249
4.22601068 7.01442925 6.39360544 1.29296148
4.22400630 7.01321623 6.39628233 1.29421605
4.22204255 7.01201332 6.39891274 1.29542776
4.22011876 7.01082046 6.40149757 1.29659814
4.21823426 7.00963758 6.40403774 1.29772865
4.21638837 7.00846463 6.40653412 1.29882072
4.21458046 7.00730153 6.40898760 1.29987570
4.21280988 7.00614824 6.41139903 1.30089493
4.21107598 7.00500467 6.41376927 1.30187969
4.20937815 7.00387077 6.41609915 1.30283120
4.20771577 7.00274646 6.41838949 1.30375066
4.20608822 7.00163168 6.42064110 1.30463921
4.20449492 7.00052636 6.42285477 1.30549796
4.20293527 6.99943043 6.42503128 1.30632799
4.20140868 6.99834382 6.42717139 1.30713032
4.19991460 6.99726645 6.42927587 1.30790595
4.19845246 6.99619826 6.43134544 1.30865583
4.19702170 6.99513916 6.43338082 1.30938089
4.19562179 6.99408910 6.43538274 1.31008203
4.19425219 6.99304800 6.43735189 1.31076009
4.19291237 6.99201577 6.43928895 1.31141591
4.19160181 6.99099235 6.44119459 1.31205029
4.19032002 6.98997767 6.44306948 1.31266399
4.18906649 6.98897164 6.44491426 1.31325776
4.18784072 6.98797420 6.44672955 1.31383232
4.18664225 6.98698526 6.44851599 1.31438834
4.18547060 6.98600476 6.45027418 1.31492649
4.18432530 6.98503261 6.45200471 1.31544741
4.18320589 6.98406874 6.45370818 1.31595173
4.18211193 6.98311308 6.45538514 1.31644002
4.18104299 6.98216555 6.45703617 1.31691286
4.17999861 6.98122607 6.45866182 1.31737081
4.17897839 6.98029458 6.46026261 1.31781439
4.17798191 6.97937098 6.46183909 1.31824412
4.17700875 6.97845521 6.46339175 1.31866049
4.17605852 6.97754719 6.46492112 1.31906396
4.17513083 6.97664685 6.46642769 1.31945501
4.17422527 6.97575410 6.46791194 1.31983407
4.17334149 6.97486889 6.46937434 1.32020156
4.17247910 6.97399112 6.47081536 1.32055789
4.17163773 6.97312073 6.47223546 1.32090347
4.17081704 6.97225763 6.47363508 1.32123866
4.17001667 6.97140177 6.47501466 1.32156384
4.16923626 6.97055305 6.47637462 1.32187935
4.16847549 6.96971141 6.47771539 1.32218554
4.16773403 6.96887678 6.47903737 1.32248273
4.16701153 6.96804907 6.48034097 1.32277124
4.16630769 6.96722823 6.48162657 1.32305138
4.16562219 6.96641416 6.48289456 1.32332344
4.16495473 6.96560681 6.48414532 1.32358770
4.16430499 6.96480610 6.48537921 1.32384443
4.16367269 6.96401196 6.48659659 1.32409389
4.16305752 6.96322431 6.48779782 1.32433635
4.16245921 6.96244309 6.48898324 1.32457204
4.16187748 6.96166822 6.49015319 1.32480120
4.16131205 6.96089963 6.49130800 1.32502405
4.16076265 6.96013726 6.49244799 1.32524082
4.16022901 6.95938103 6.49357348 1.32545171
4.15971087 6.95863087 6.49468478 1.32565694
4.15920799 6.95788672 6.49578219 1.32585669
4.15872011 6.95714851 6.49686601 1.32605116
4.15824698 6.95641617 6.49793653 1.32624053
4.15778836 6.95568963 6.49899403 1.32642497
4.15734402 6.95496882 6.50003879 1.32660465
4.15691372 6.95425368 6.50107109 1.32677975
4.15649725 6.95354414 6.50209119 1.32695041
4.15609436 6.95284013 6.50309935 1.32711679
4.15570485 6.95214160 6.50409583 1.32727904
4.15532850 6.95144847 6.50508088 1.32743730
4.15496509 6.95076068 6.50605474 1.32759170
4.15461443 6.95007816 6.50701765 1.32774239
4.15427631 6.94940086 6.50796984 1.32788948
4.15395052 6.94872871 6.50891155 1.32803310
4.15363687 6.94806164 6.50984300 1.32817337
4.15333518 6.94739960 6.51076441 1.32831041
4.15304524 6.94674252 6.51167600 1.32844432
4.15276688 6.94609035 6.51257798 1.32857522
4.15249992 6.94544301 6.51347054 1.32870320
4.15224417 6.94480046 6.51435391 1.32882837
4.15199946 6.94416263 6.51522826 1.32895083
4.15176562 6.94352945 6.51609380 1.32907066
4.15154248 6.94290088 6.51695072 1.32918796
4.15132988 6.94227686 6.51779920 1.32930281
4.15112764 6.94165732 6.51863943 1.32941530
4.15093562 6.94104221 6.51947157 1.32952551
4.15075366 6.94043147 6.52029582 1.32963352
4.15058160 6.93982505 6.52111233 1.32973940
4.15041929 6.93922289 6.52192127 1.32984323
4.15026658 6.93862494 6.52272282 1.32994508
4.15012333 6.93803113 6.52351712 1.33004501
4.14998940 6.93744142 6.52430434 1.33014310
4.14986464 6.93685575 6.52508463 1.33023940
4.14974891 6.93627406 6.52585814 1.33033399
4.14964209 6.93569632 6.52662501 1.33042691
4.14954404 6.93512245 6.52738540 1.33051823
4.14945463 6.93455242 6.52813945 1.33060800
4.14937373 6.93398616 6.52888729 1.33069628
4.14930121 6.93342363 6.52962905 1.33078312
4.14923696 6.93286478 6.53036488 1.33086856
4.14918085 6.93230955 6.53109490 1.33095267
4.14913276 6.93175790 6.53181924 1.33103548
4.14909257 6.93120978 6.53253803 1.33111705
4.14906018 6.93066514 6.53325139 1.33119741
4.14903547 6.93012393 6.53395943 1.33127661
4.14901832 6.92958610 6.53466228 1.33135469
4.14900863 6.92905161 6.53536006 1.33143169
4.14900629 6.92852041 6.53605287 1.33150765
4.14901120 6.92799245 6.53674082 1.33158261
4.14902326 6.92746768 6.53742403 1.33165660
4.14904235 6.92694607 6.53810260 1.33172967
4.14906840 6.92642756 6.53877664 1.33180183
4.14910129 6.92591212 6.53944625 1.33187313
4.14914093 6.92539969 6.54011152 1.33194360
4.14918723 6.92489023 6.54077256 1.33201327
4.14924009 6.92438371 6.54142946 1.33208217
4.14929943 6.92388007 6.54208232 1.33215033
4.14936515 6.92337928 6.54273123 1.33221778
4.14943717 6.92288129 6.54337628 1.33228454
4.14951540 6.92238606 6.54401756 1.33235063
4.14959975 6.92189355 6.54465516 1.33241610
4.14969016 6.92140372 6.54528916 1.33248096
4.14978652 6.92091653 6.54591965 1.33254523
4.14988877 6.92043195 6.54654671 1.33260894
4.14999682 6.91994992 6.54717042 1.33267211
4.15011059 6.91947041 6.54779085 1.33273477
4.15023002 6.91899338 6.54840809 1.33279693
4.15035502 6.91851880 6.54902222 1.33285861
4.15048552 6.91804663 6.54963330 1.33291984
4.15062146 6.91757683 6.55024142 1.33298063
4.15076275 6.91710935 6.55084663 1.33304101
4.15090934 6.91664418 6.55144902 1.33310099
4.15106115 6.91618126 6.55204865 1.33316058
4.15121811 6.91572056 6.55264559 1.33321982
4.15138016 6.91526206 6.55323991 1.33327870
4.15154724 6.91480571 6.55383167 1.33333725
4.15171927 6.91435147 6.55442094 1.33339549
4.15189620 6.91389932 6.55500777 1.33345343
4.15207797 6.91344923 6.55559224 1.33351109
4.15226452 6.91300114 6.55617439 1.33356847
4.15245578 6.91255505 6.55675430 1.33362559
4.15265170 6.91211090 6.55733201 1.33368247
4.15285223 6.91166867 6.55790759 1.33373913
4.15305729 6.91122833 6.55848109 1.33379556
4.15326685 6.91078984 6.55905257 1.33385179
4.15348084 6.91035317 6.55962208 1.33390782
4.15369921 6.90991830 6.56018968 1.33396367
4.15392191 6.90948519 6.56075541 1.33401935
4.15414889 6.90905381 6.56131933 1.33407488
4.15438010 6.90862413 6.56188149 1.33413025
4.15461548 6.90819613 6.56244193 1.33418549
4.15485499 6.90776976 6.56300071 1.33424060
4.15509858 6.90734501 6.56355787 1.33429558
4.15534620 6.90692185 6.56411346 1.33435047
4.15559781 6.90650024 6.56466753 1.33440525
4.15585335 6.90608016 6.56522012 1.33445994
4.15611280 6.90566157 6.56577127 1.33451455
4.15637609 6.90524447 6.56632103 1.33456908
4.15664319 6.90482881 6.56686944 1.33462356
4.15691405 6.90441456 6.56741654 1.33467797
4.15718864 6.90400171 6.56796238 1.33473234
4.15746691 6.90359023 6.56850699 1.33478666
4.15774882 6.90318009 6.56905041 1.33484096
4.15803433 6.90277127 6.56959269 1.33489522
4.15832340 6.90236373 6.57013385 1.33494947
4.15861599 6.90195746 6.57067395 1.33500370
4.15891207 6.90155243 6.57121301 1.33505793
4.15921160 6.90114862 6.57175107 1.33511216
4.15951454 6.90074600 6.57228817 1.33516640
4.15982085 6.90034454 6.57282434 1.33522065
4.16013051 6.89994424 6.57335961 1.33527492
4.16044347 6.89954505 6.57389403 1.33532922
4.16075970 6.89914696 6.57442762 1.33538355
4.16107917 6.89874995 6.57496042 1.33543791
4.16140184 6.89835399 6.57549245 1.33549232
4.16172768 6.89795907 6.57602375 1.33554678
4.16205667 6.89756515 6.57655436 1.33560128
4.16238876 6.89717222 6.57708429 1.33565585
4.16272393 6.89678026 6.57761359 1.33571048
4.16306215 6.89638924 6.57814227 1.33576518
4.16340338 6.89599914 6.57867038 1.33581995
4.16374761 6.89560995 6.57919793 1.33587479
4.16409479 6.89522165 6.57972495 1.33592972
4.16444490 6.89483420 6.58025148 1.33598474
4.16479791 6.89444760 6.58077754 1.33603984
4.16515380 6.89406182 6.58130316 1.33609504
4.16551254 6.89367685 6.58182836 1.33615034
4.16587410 6.89329266 6.58235316 1.33620574
4.16623846 6.89290924 6.58287760 1.33626125
4.16660558 6.89252657 6.58340169 1.33631686
4.16697545 6.89214462 6.58392547 1.33637259
4.16734804 6.89176339 6.58444895 1.33642844
4.16772332 6.89138284 6.58497216 1.33648441
4.16810127 6.89100298 6.58549513 1.33654051
4.16848187 6.89062377 6.58601786 1.33659673
4.16886510 6.89024519 6.58654040 1.33665309
4.16925092 6.88986725 6.58706275 1.33670958
4.16963933 6.88948990 6.58758495 1.33676621
4.17003029 6.88911315 6.58810701 1.33682298
4.17042378 6.88873697 6.58862895 1.33687989
4.17081979 6.88836134 6.58915079 1.33693695
4.17121828 6.88798625 6.58967256 1.33699416
4.17161925 6.88761169 6.59019427 1.33705153
4.17202267 6.88723764 6.59071594 1.33710905
4.17242852 6.88686408 6.59123760 1.33716673
4.17283678 6.88649099 6.59175925 1.33722457
4.17324743 6.88611837 6.59228092 1.33728257
4.17366046 6.88574620 6.59280264 1.33734074
4.17407583 6.88537446 6.59332440 1.33739908
4.17449354 6.88500313 6.59384624 1.33745759
4.17491356 6.88463221 6.59436817 1.33751628
4.17533589 6.88426168 6.59489021 1.33757514
4.17576049 6.88389153 6.59541237 1.33763418
4.17618735 6.88352173 6.59593467 1.33769340
4.17661646 6.88315229 6.59645713 1.33775280
4.17704780 6.88278317 6.59697976 1.33781239
4.17748135 6.88241438 6.59750258 1.33787217
4.17791709 6.88204590 6.59802560 1.33793214
4.17835501 6.88167772 6.59854884 1.33799230
4.17879510 6.88130981 6.59907231 1.33805265
4.17923733 6.88094218 6.59959603 1.33811320
4.17968169 6.88057480 6.60012001 1.33817395
4.18012817 6.88020767 6.60064427 1.33823490
4.18057675 6.87984077 6.60116881 1.33829605
4.18102742 6.87947409 6.60169366 1.33835740
4.18148016 6.87910762 6.60221883 1.33841896
4.18193496 6.87874135 6.60274433 1.33848073
4.18239179 6.87837527 6.60327017 1.33854270
4.18285066 6.87800936 6.60379636 1.33860489
4.18331155 6.87764361 6.60432293 1.33866729
4.18377443 6.87727802 6.60484987 1.33872990
4.18423930 6.87691257 6.60537721 1.33879273
4.18470615 6.87654725 6.60590495 1.33885577
4.18517496 6.87618205 6.60643310 1.33891904
4.18564572 6.87581696 6.60696168 1.33898252
4.18611841 6.87545197 6.60749070 1.33904623
4.18659303 6.87508707 6.60802017 1.33911016
4.18706956 6.87472226 6.60855010 1.33917432
4.18754799 6.87435751 6.60908050 1.33923870
4.18802830 6.87399282 6.60961137 1.33930331
4.18851049 6.87362819 6.61014274 1.33936815
4.18899455 6.87326359 6.61067461 1.33943322
4.18948045 6.87289903 6.61120699 1.33949852
4.18996820 6.87253450 6.61173989 1.33956406
4.19045777 6.87216997 6.61227332 1.33962983
4.19094916 6.87180546 6.61280729 1.33969583
4.19144236 6.87144094 6.61334181 1.33976207
4.19193735 6.87107641 6.61387688 1.33982855
4.19243413 6.87071186 6.61441252 1.33989527
4.19293268 6.87034728 6.61494873 1.33996223
4.19343299 6.86998267 6.61548552 1.34002943
4.19393506 6.86961801 6.61602291 1.34009688
4.19443887 6.86925330 6.61656089 1.34016456
4.19494441 6.86888853 6.61709948 1.34023250
4.19545167 6.86852369 6.61763868 1.34030067
4.19596065 6.86815878 6.61817850 1.34036910
4.19647133 6.86779378 6.61871895 1.34043777
4.19698370 6.86742870 6.61926004 1.34050669
4.19749775 6.86706352 6.61980177 1.34057586
4.19801348 6.86669823 6.62034415 1.34064528
4.19853087 6.86633284 6.62088719 1.34071495
4.19904991 6.86596733 6.62143088 1.34078488
4.19957060 6.86560169 6.62197525 1.34085506
4.20009292 6.86523592 6.62252030 1.34092549
4.20061687 6.86487002 6.62306602 1.34099617
4.20114243 6.86450397 6.62361243 1.34106712
4.20166960 6.86413778 6.62415954 1.34113831
4.20219837 6.86377143 6.62470734 1.34120977
4.20272873 6.86340491 6.62525585 1.34128148
4.20326067 6.86303823 6.62580507 1.34135345
4.20379419 6.86267138 6.62635500 1.34142568
4.20432926 6.86230435 6.62690566 1.34149817
4.20486589 6.86193714 6.62745703 1.34157092
4.20540407 6.86156973 6.62800914 1.34164393
4.20594378 6.86120213 6.62856198 1.34171720
4.20648502 6.86083433 6.62911556 1.34179073
4.20702778 6.86046633 6.62966988 1.34186452
4.20757206 6.86009812 6.63022495 1.34193858
4.20811783 6.85972969 6.63078077 1.34201290
4.20866511 6.85936105 6.63133735 1.34208748
4.20921386 6.85899218 6.63189468 1.34216233
4.20976410 6.85862308 6.63245278 1.34223745
4.21031580 6.85825375 6.63301164 1.34231282
4.21086897 6.85788418 6.63357127 1.34238846
4.21142359 6.85751437 6.63413167 1.34246437
4.21197966 6.85714432 6.63469285 1.34254055
4.21253716 6.85677402 6.63525481 1.34261699
4.21309610 6.85640346 6.63581755 1.34269369
4.21365645 6.85603265 6.63638107 1.34277066
4.21421821 6.85566158 6.63694538 1.34284790
4.21478139 6.85529024 6.63751048 1.34292541
4.21534595 6.85491864 6.63807636 1.34300318
4.21591191 6.85454677 6.63864305 1.34308122
4.21647925 6.85417462 6.63921052 1.34315952
4.21704796 6.85380220 6.63977880 1.34323810
4.21761803 6.85342949 6.64034787 1.34331694
4.21818946 6.85305650 6.64091774 1.34339605
4.21876224 6.85268323 6.64148842 1.34347542
4.21933636 6.85230967 6.64205990 1.34355506
4.21991181 6.85193582 6.64263218 1.34363497
4.22048859 6.85156167 6.64320527 1.34371515
4.22106669 6.85118723 6.64377916 1.34379559
4.22164609 6.85081249 6.64435387 1.34387630
4.22222679 6.85043744 6.64492938 1.34395727
4.22280879 6.85006210 6.64550570 1.34403851
4.22339207 6.84968645 6.64608283 1.34412002
4.22397663 6.84931049 6.64666077 1.34420179
4.22456246 6.84893423 6.64723951 1.34428383
4.22514954 6.84855765 6.64781907 1.34436614
4.22573788 6.84818076 6.64839944 1.34444870
4.22632747 6.84780356 6.64898062 1.34453154
4.22691829 6.84742605 6.64956261 1.34461463
4.22751034 6.84704821 6.65014540 1.34469799
4.22810361 6.84667006 6.65072901 1.34478161
4.22869809 6.84629159 6.65131342 1.34486550
4.22929377 6.84591280 6.65189864 1.34494964
4.22989065 6.84553369 6.65248467 1.34503405
4.23048872 6.84515426 6.65307150 1.34511872
4.23108796 6.84477450 6.65365913 1.34520364
4.23168838 6.84439442 6.65424757 1.34528883
4.23228996 6.84401402 6.65483681 1.34537427
4.23289269 6.84363329 6.65542685 1.34545998
4.23349657 6.84325224 6.65601768 1.34554594
4.23410159 6.84287086 6.65660932 1.34563215
4.23470773 6.84248915 6.65720174 1.34571863
4.23531500 6.84210712 6.65779496 1.34580535
4.23592337 6.84172477 6.65838897 1.34589233
4.23653285 6.84134209 6.65898376 1.34597956
4.23714343 6.84095908 6.65957935 1.34606705
4.23775509 6.84057574 6.66017571 1.34615478
4.23836782 6.84019208 6.66077285 1.34624277
4.23898163 6.83980810 6.66137078 1.34633100
4.23959649 6.83942379 6.66196947 1.34641948
4.24021241 6.83903916 6.66256894 1.34650821
4.24082937 6.83865420 6.66316918 1.34659718
4.24144735 6.83826892 6.66377018 1.34668640
4.24206637 6.83788332 6.66437194 1.34677585
4.24268640 6.83749740 6.66497446 1.34686555
4.24330743 6.83711116 6.66557773 1.34695549
4.24392946 6.83672460 6.66618176 1.34704567
4.24455248 6.83633772 6.66678653 1.34713609
4.24517647 6.83595053 6.66739204 1.34722674
4.24580144 6.83556302 6.66799829 1.34731763
4.24642736 6.83517520 6.66860528 1.34740875
4.24705424 6.83478706 6.66921300 1.34750010
4.24768205 6.83439862 6.66982144 1.34759168
4.24831080 6.83400987 6.67043060 1.34768349
4.24894046 6.83362081 6.67104048 1.34777553
4.24957104 6.83323144 6.67165107 1.34786779
4.25020252 6.83284177 6.67226237 1.34796027
4.25083489 6.83245180 6.67287436 1.34805298
4.25146815 6.83206153 6.67348705 1.34814591
4.25210228 6.83167097 6.67410044 1.34823905
4.25273727 6.83128011 6.67471450 1.34833241
4.25337311 6.83088896 6.67532925 1.34842598
4.25400979 6.83049752 6.67594467 1.34851977
4.25464731 6.83010579 6.67656076 1.34861377
4.25528565 6.82971378 6.67717751 1.34870797
4.25592480 6.82932148 6.67779491 1.34880238
4.25656475 6.82892891 6.67841297 1.34889700
4.25720549 6.82853606 6.67903167 1.34899181
4.25784701 6.82814294 6.67965100 1.34908683
4.25848931 6.82774955 6.68027097 1.34918205
4.25913236 6.82735589 6.68089155 1.34927746
4.25977616 6.82696197 6.68151276 1.34937306
4.26042070 6.82656779 6.68213457 1.34946885
4.26106596 6.82617335 6.68275699 1.34956483
4.26171194 6.82577866 6.68338000 1.34966100
4.26235863 6.82538371 6.68400360 1.34975735
4.26300601 6.82498852 6.68462778 1.34985389
4.26365407 6.82459309 6.68525254 1.34995060
4.26430280 6.82419742 6.68587786 1.35004748
4.26495220 6.82380152 6.68650374 1.35014454
4.26560224 6.82340538 6.68713017 1.35024178
4.26625292 6.82300902 6.68775714 1.35033918
4.26690423 6.82261243 6.68838464 1.35043674
4.26755615 6.82221563 6.68901267 1.35053447
4.26820867 6.82181861 6.68964122 1.35063236
4.26886179 6.82142138 6.69027028 1.35073040
4.26951549 6.82102394 6.69089984 1.35082860
4.27016975 6.82062630 6.69152989 1.35092695
4.27082457 6.82022847 6.69216042 1.35102545
4.27147993 6.81983044 6.69279143 1.35112410
4.27213583 6.81943223 6.69342290 1.35122289
4.27279224 6.81903383 6.69405483 1.35132182
4.27344916 6.81863526 6.69468720 1.35142088
4.27410658 6.81823651 6.69532002 1.35152008
4.27476448 6.81783759 6.69595326 1.35161941
4.27542285 6.81743851 6.69658692 1.35171886
4.27608168 6.81703928 6.69722099 1.35181844
4.27674095 6.81663989 6.69785546 1.35191814
4.27740066 6.81624035 6.69849032 1.35201796
4.27806079 6.81584067 6.69912556 1.35211789
4.27872132 6.81544085 6.69976117 1.35221794
4.27938225 6.81504091 6.70039714 1.35231809
4.28004356 6.81464083 6.70103345 1.35241834
4.28070524 6.81424064 6.70167011 1.35251870
4.28136728 6.81384033 6.70230709 1.35261915
4.28202966 6.81343992 6.70294440 1.35271969
4.28269236 6.81303940 6.70358201 1.35282033
4.28335539 6.81263878 6.70421991 1.35292105
4.28401872 6.81223807 6.70485810 1.35302186
4.28468233 6.81183728 6.70549657 1.35312275
4.28534623 6.81143641 6.70613530 1.35322371
4.28601038 6.81103547 6.70677428 1.35332474
4.28667479 6.81063446 6.70741351 1.35342584
4.28733943 6.81023338 6.70805296 1.35352701
4.28800430 6.80983226 6.70869263 1.35362824
4.28866937 6.80943108 6.70933251 1.35372952
4.28933463 6.80902987 6.70997259 1.35383086
4.29000008 6.80862862 6.71061284 1.35393224
4.29066570 6.80822734 6.71125327 1.35403368
4.29133146 6.80782604 6.71189387 1.35413515
4.29199737 6.80742473 6.71253460 1.35423666
4.29266340 6.80702340 6.71317548 1.35433821
4.29332954 6.80662208 6.71381648 1.35443978
4.29399578 6.80622076 6.71445759 1.35454139
4.29466210 6.80581945 6.71509880 1.35464301
4.29532849 6.80541816 6.71574009 1.35474465
4.29599493 6.80501689 6.71638147 1.35484630
4.29666142 6.80461566 6.71702290 1.35494797
4.29732792 6.80421447 6.71766439 1.35504964
4.29799444 6.80381333 6.71830591 1.35515131
4.29866095 6.80341224 6.71894745 1.35525298
4.29932745 6.80301121 6.71958901 1.35535464
4.29999391 6.80261025 6.72023057 1.35545629
4.30066032 6.80220937 6.72087211 1.35555792
4.30132667 6.80180857 6.72151362 1.35565954
4.30199295 6.80140786 6.72215510 1.35576113
4.30265913 6.80100725 6.72279652 1.35586269
4.30332520 6.80060674 6.72343787 1.35596422
4.30399115 6.80020635 6.72407915 1.35606572
4.30465697 6.79980608 6.72472033 1.35616717
4.30532263 6.79940593 6.72536140 1.35626858
4.30598813 6.79900593 6.72600236 1.35636994
4.30665345 6.79860606 6.72664318 1.35647124
4.30731857 6.79820635 6.72728385 1.35657249
4.30798348 6.79780679 6.72792437 1.35667367
4.30864816 6.79740741 6.72856471 1.35677479
4.30931260 6.79700819 6.72920486 1.35687584
4.30997678 6.79660916 6.72984481 1.35697681
4.31064069 6.79621032 6.73048454 1.35707770
4.31130431 6.79581168 6.73112405 1.35717850
4.31196764 6.79541325 6.73176331 1.35727922
4.31263064 6.79501502 6.73240232 1.35737985
4.31329331 6.79461702 6.73304105 1.35748037
4.31395563 6.79421925 6.73367950 1.35758080
4.31461759 6.79382172 6.73431765 1.35768112
4.31527917 6.79342443 6.73495549 1.35778132
4.31594036 6.79302740 6.73559300 1.35788142
4.31660114 6.79263063 6.73623017 1.35798139
4.31726149 6.79223413 6.73686699 1.35808124
4.31792140 6.79183791 6.73750343 1.35818096
4.31858086 6.79144197 6.73813949 1.35828055
4.31923985 6.79104633 6.73877515 1.35838000
4.31989835 6.79065100 6.73941040 1.35847931
4.32055635 6.79025597 6.74004523 1.35857847
4.32121383 6.78986126 6.74067961 1.35867749
4.32187079 6.78946688 6.74131354 1.35877635
4.32252719 6.78907284 6.74194700 1.35887505
4.32318304 6.78867914 6.74257998 1.35897359
4.32383830 6.78828579 6.74321245 1.35907196
4.32449297 6.78789280 6.74384442 1.35917015
4.32514704 6.78750018 6.74447586 1.35926818
4.32580048 6.78710794 6.74510676 1.35936602
4.32645328 6.78671608 6.74573710 1.35946367
4.32710543 6.78632462 6.74636687 1.35956114
4.32775691 6.78593356 6.74699606 1.35965842
4.32840770 6.78554291 6.74762465 1.35975549
4.32905780 6.78515267 6.74825263 1.35985237
4.32970718 6.78476287 6.74887998 1.35994904
4.33035583 6.78437350 6.74950669 1.36004550
4.33100373 6.78398457 6.75013274 1.36014174
4.33165088 6.78359609 6.75075812 1.36023777
4.33229725 6.78320807 6.75138282 1.36033357
4.33294283 6.78282052 6.75200682 1.36042915
4.33358760 6.78243345 6.75263011 1.36052449
4.33423156 6.78204686 6.75325267 1.36061961
4.33487468 6.78166076 6.75387449 1.36071448
4.33551695 6.78127516 6.75449555 1.36080911
4.33615836 6.78089008 6.75511584 1.36090349
4.33679888 6.78050551 6.75573535 1.36099763
4.33743852 6.78012146 6.75635406 1.36109150
4.33807724 6.77973795 6.75697196 1.36118512
4.33871504 6.77935498 6.75758903 1.36127848
4.33935191 6.77897256 6.75820526 1.36137157
4.33998782 6.77859070 6.75882064 1.36146439
4.34062276 6.77820940 6.75943515 1.36155694
4.34125673 6.77782868 6.76004878 1.36164921
4.34188969 6.77744853 6.76066151 1.36174120
4.34252165 6.77706898 6.76127333 1.36183290
4.34315258 6.77669003 6.76188423 1.36192432
4.34378248 6.77631168 6.76249419 1.36201544
4.34441132 6.77593395 6.76310319 1.36210627
4.34503909 6.77555684 6.76371124 1.36219679
4.34566579 6.77518035 6.76431831 1.36228702
4.34629139 6.77480451 6.76492438 1.36237694
4.34691588 6.77442931 6.76552945 1.36246655
4.34753925 6.77405476 6.76613350 1.36255584
4.34816148 6.77368087 6.76673652 1.36264482
4.34878257 6.77330766 6.76733849 1.36273349
4.34940249 6.77293511 6.76793940 1.36282182
4.35002123 6.77256325 6.76853925 1.36290983
4.35063879 6.77219209 6.76913800 1.36299752
4.35125514 6.77182162 6.76973566 1.36308487
4.35187027 6.77145186 6.77033221 1.36317188
4.35248417 6.77108281 6.77092764 1.36325856
4.35309684 6.77071448 6.77152193 1.36334489
4.35370824 6.77034688 6.77211507 1.36343088
4.35431838 6.76998002 6.77270705 1.36351652
4.35492724 6.76961390 6.77329785 1.36360181
4.35553480 6.76924853 6.77388746 1.36368675
4.35614105 6.76888392 6.77447588 1.36377133
4.35674599 6.76852007 6.77506309 1.36385556
4.35734959 6.76815699 6.77564907 1.36393942
4.35795185 6.76779470 6.77623381 1.36402292
4.35855276 6.76743319 6.77681731 1.36410605
4.35915229 6.76707247 6.77739954 1.36418882
4.35975044 6.76671255 6.77798051 1.36427121
4.36034721 6.76635344 6.77856019 1.36435322
4.36094256 6.76599515 6.77913857 1.36443487
4.36153651 6.76563767 6.77971565 1.36451613
4.36212902 6.76528102 6.78029140 1.36459701
4.36272009 6.76492520 6.78086583 1.36467751
4.36330972 6.76457023 6.78143892 1.36475762
4.36389788 6.76421610 6.78201065 1.36483734
4.36448457 6.76386282 6.78258102 1.36491668
4.36506978 6.76351040 6.78315001 1.36499562
4.36565349 6.76315885 6.78371762 1.36507417
4.36623569 6.76280817 6.78428382 1.36515233
4.36681638 6.76245837 6.78484863 1.36523008
4.36739554 6.76210946 6.78541201 1.36530744
4.36797316 6.76176143 6.78597396 1.36538439
4.36854923 6.76141430 6.78653448 1.36546095
4.36912375 6.76106808 6.78709354 1.36553709
4.36969670 6.76072276 6.78765115 1.36561284
4.37026807 6.76037836 6.78820729 1.36568817
4.37083785 6.76003488 6.78876194 1.36576310
4.37140603 6.75969232 6.78931511 1.36583761
4.37197260 6.75935069 6.78986678 1.36591171
4.37253756 6.75901001 6.79041693 1.36598540
4.37310089 6.75867026 6.79096557 1.36605867
4.37366258 6.75833146 6.79151268 1.36613153
4.37422263 6.75799362 6.79205826 1.36620397
4.37478102 6.75765673 6.79260229 1.36627599
4.37533775 6.75732081 6.79314476 1.36634759
4.37589281 6.75698586 6.79368567 1.36641877
4.37644618 6.75665188 6.79422500 1.36648953
4.37699787 6.75631889 6.79476275 1.36655987
4.37754786 6.75598687 6.79529892 1.36662978
4.37809614 6.75565585 6.79583348 1.36669927
4.37864271 6.75532582 6.79636644 1.36676833
4.37918756 6.75499678 6.79689778 1.36683697
4.37973068 6.75466876 6.79742749 1.36690518
4.38027206 6.75434173 6.79795558 1.36697297
4.38081169 6.75401573 6.79848203 1.36704032
4.38134957 6.75369073 6.79900683 1.36710725
4.38188569 6.75336676 6.79952997 1.36717375
4.38242004 6.75304382 6.80005146 1.36723982
4.38295262 6.75272190 6.80057127 1.36730546
4.38348342 6.75240102 6.80108941 1.36737067
4.38401243 6.75208118 6.80160587 1.36743545
4.38453964 6.75176238 6.80212063 1.36749980
4.38506506 6.75144462 6.80263370 1.36756372
4.38558866 6.75112792 6.80314506 1.36762721
4.38611045 6.75081227 6.80365472 1.36769026
4.38663042 6.75049767 6.80416265 1.36775289
4.38714857 6.75018414 6.80466887 1.36781508
4.38766488 6.74987167 6.80517335 1.36787685
4.38817935 6.74956027 6.80567610 1.36793818
4.38869198 6.74924994 6.80617711 1.36799908
4.38920277 6.74894069 6.80667637 1.36805956
4.38971169 6.74863251 6.80717388 1.36811960
4.39021876 6.74832541 6.80766963 1.36817921
4.39072396 6.74801940 6.80816362 1.36823839
4.39122730 6.74771448 6.80865584 1.36829715
4.39172876 6.74741064 6.80914629 1.36835547
4.39222834 6.74710790 6.80963496 1.36841337
4.39272603 6.74680625 6.81012184 1.36847083
4.39322184 6.74650571 6.81060694 1.36852787
4.39371576 6.74620626 6.81109024 1.36858449
4.39420778 6.74590792 6.81157174 1.36864068
4.39469790 6.74561068 6.81205145 1.36869644
4.39518612 6.74531455 6.81252935 1.36875178
4.39567242 6.74501954 6.81300544 1.36880669
4.39615682 6.74472563 6.81347971 1.36886118
4.39663930 6.74443284 6.81395217 1.36891525
4.39711987 6.74414117 6.81442280 1.36896889
4.39759851 6.74385062 6.81489162 1.36902212
4.39807523 6.74356119 6.81535860 1.36907492
4.39855002 6.74327288 6.81582375 1.36912731
4.39902288 6.74298570 6.81628707 1.36917928
4.39949381 6.74269964 6.81674854 1.36923083
4.39996280 6.74241472 6.81720818 1.36928197
4.40042985 6.74213092 6.81766598 1.36933269
4.40089497 6.74184826 6.81812192 1.36938300
4.40135814 6.74156672 6.81857602 1.36943289
4.40181937 6.74128633 6.81902827 1.36948238
4.40227865 6.74100706 6.81947867 1.36953146
4.40273598 6.74072894 6.81992721 1.36958012
4.40319136 6.74045195 6.82037389 1.36962838
4.40364480 6.74017611 6.82081871 1.36967624
4.40409628 6.73990140 6.82126167 1.36972369
4.40454580 6.73962783 6.82170276 1.36977074
4.40499337 6.73935541 6.82214200 1.36981738
4.40543899 6.73908413 6.82257936 1.36986363
4.40588264 6.73881399 6.82301486 1.36990947
4.40632434 6.73854499 6.82344849 1.36995492
4.40676408 6.73827715 6.82388025 1.36999998
4.40720187 6.73801044 6.82431013 1.37004464
4.40763769 6.73774488 6.82473815 1.37008891
4.40807155 6.73748047 6.82516429 1.37013278
4.40850345 6.73721721 6.82558856 1.37017627
4.40893340 6.73695509 6.82601096 1.37021937
4.40936138 6.73669412 6.82643148 1.37026209
4.40978740 6.73643429 6.82685013 1.37030442
4.41021146 6.73617561 6.82726691 1.37034637
4.41063356 6.73591808 6.82768180 1.37038794
4.41105371 6.73566170 6.82809483 1.37042913
4.41147189 6.73540646 6.82850598 1.37046994
4.41188812 6.73515237 6.82891525 1.37051038
4.41230239 6.73489943 6.82932265 1.37055044
4.41271470 6.73464763 6.82972818 1.37059013
4.41312506 6.73439698 6.83013184 1.37062946
4.41353347 6.73414747 6.83053362 1.37066841
4.41393992 6.73389911 6.83093353 1.37070700
4.41434442 6.73365189 6.83133157 1.37074523
4.41474697 6.73340582 6.83172774 1.37078310
4.41514757 6.73316089 6.83212204 1.37082060
4.41554623 6.73291710 6.83251448 1.37085775
4.41594294 6.73267445 6.83290505 1.37089454
4.41633771 6.73243294 6.83329375 1.37093098
4.41673053 6.73219257 6.83368059 1.37096706
4.41712142 6.73195334 6.83406557 1.37100280
4.41751037 6.73171525 6.83444869 1.37103819
4.41789738 6.73147829 6.83482995 1.37107323
4.41828247 6.73124247 6.83520936 1.37110793
4.41866562 6.73100778 6.83558691 1.37114229
4.41904684 6.73077423 6.83596260 1.37117630
4.41942614 6.73054181 6.83633645 1.37120999
4.41980352 6.73031051 6.83670845 1.37124333
4.42017897 6.73008035 6.83707860 1.37127634
4.42055251 6.72985131 6.83744692 1.37130903
4.42092414 6.72962340 6.83781338 1.37134138
4.42129385 6.72939661 6.83817802 1.37137340
4.42166166 6.72917095 6.83854081 1.37140511
4.42202756 6.72894640 6.83890177 1.37143649
4.42239156 6.72872298 6.83926091 1.37146755
4.42275366 6.72850067 6.83961821 1.37149829
4.42311387 6.72827947 6.83997369 1.37152871
4.42347218 6.72805939 6.84032735 1.37155882
4.42382861 6.72784043 6.84067920 1.37158863
4.42418316 6.72762257 6.84102922 1.37161812
4.42453582 6.72740582 6.84137744 1.37164730
4.42488661 6.72719017 6.84172385 1.37167618
4.42523553 6.72697563 6.84206845 1.37170476
4.42558258 6.72676219 6.84241125 1.37173303
4.42592776 6.72654985 6.84275226 1.37176101
4.42627108 6.72633861 6.84309147 1.37178869
4.42661255 6.72612846 6.84342889 1.37181608
4.42695216 6.72591941 6.84376452 1.37184318
4.42728993 6.72571144 6.84409838 1.37186999
4.42762586 6.72550456 6.84443045 1.37189651
4.42795994 6.72529877 6.84476075 1.37192274
4.42829219 6.72509406 6.84508928 1.37194869
4.42862262 6.72489043 6.84541604 1.37197436
4.42895121 6.72468788 6.84574104 1.37199976
4.42927799 6.72448641 6.84606428 1.37202488
4.42960295 6.72428600 6.84638577 1.37204972
4.42992610 6.72408667 6.84670551 1.37207429
4.43024745 6.72388841 6.84702350 1.37209859
4.43056699 6.72369121 6.84733976 1.37212263
4.43088474 6.72349507 6.84765427 1.37214640
4.43120070 6.72329999 6.84796706 1.37216990
4.43151487 6.72310596 6.84827812 1.37219315
4.43182726 6.72291299 6.84858746 1.37221614
4.43213787 6.72272107 6.84889508 1.37223887
4.43244672 6.72253020 6.84920099 1.37226134
4.43275380 6.72234038 6.84950520 1.37228357
4.43305912 6.72215159 6.84980770 1.37230554
4.43336269 6.72196385 6.85010850 1.37232727
4.43366451 6.72177714 6.85040761 1.37234875
4.43396458 6.72159146 6.85070504 1.37236999
4.43426292 6.72140681 6.85100078 1.37239098
4.43455952 6.72122319 6.85129484 1.37241174
4.43485440 6.72104059 6.85158723 1.37243226
4.43514756 6.72085902 6.85187796 1.37245255
4.43543901 6.72067846 6.85216703 1.37247260
4.43572874 6.72049891 6.85245444 1.37249242
4.43601677 6.72032037 6.85274019 1.37251201
4.43630311 6.72014285 6.85302431 1.37253138
4.43658775 6.71996632 6.85330678 1.37255052
4.43687070 6.71979080 6.85358762 1.37256944
4.43715198 6.71961627 6.85386683 1.37258814
4.43743158 6.71944274 6.85414442 1.37260662
4.43770952 6.71927020 6.85442039 1.37262488
4.43798579 6.71909865 6.85469475 1.37264293
4.43826041 6.71892808 6.85496750 1.37266077
4.43853337 6.71875849 6.85523866 1.37267840
4.43880470 6.71858988 6.85550821 1.37269581
4.43907438 6.71842224 6.85577618 1.37271303
4.43934244 6.71825557 6.85604257 1.37273004
4.43960887 6.71808987 6.85630738 1.37274684
4.43987368 6.71792514 6.85657061 1.37276345
4.44013688 6.71776136 6.85683228 1.37277986
4.44039847 6.71759854 6.85709240 1.37279607
4.44065847 6.71743667 6.85735095 1.37281208
4.44091687 6.71727575 6.85760796 1.37282791
4.44117368 6.71711577 6.85786343 1.37284354
4.44142891 6.71695674 6.85811736 1.37285899
4.44168257 6.71679864 6.85836976 1.37287424
4.44193466 6.71664148 6.85862064 1.37288932
4.44218519 6.71648525 6.85887000 1.37290421
4.44243416 6.71632995 6.85911785 1.37291891
4.44268159 6.71617557 6.85936420 1.37293344
4.44292747 6.71602211 6.85960904 1.37294779
4.44317182 6.71586957 6.85985239 1.37296197
4.44341464 6.71571794 6.86009425 1.37297597
4.44365593 6.71556721 6.86033464 1.37298980
4.44389571 6.71541740 6.86057355 1.37300346
4.44413399 6.71526848 6.86081098 1.37301695
4.44437076 6.71512046 6.86104696 1.37303028
4.44460603 6.71497334 6.86128148 1.37304344
4.44483981 6.71482710 6.86151455 1.37305643
4.44507211 6.71468176 6.86174618 1.37306926
4.44530294 6.71453729 6.86197637 1.37308194
4.44553230 6.71439370 6.86220513 1.37309445
4.44576019 6.71425099 6.86243247 1.37310681
4.44598663 6.71410915 6.86265838 1.37311902
4.44621161 6.71396818 6.86288289 1.37313107
4.44643516 6.71382807 6.86310599 1.37314297
4.44665727 6.71368882 6.86332769 1.37315472
4.44687795 6.71355042 6.86354799 1.37316632
4.44709720 6.71341288 6.86376691 1.37317778
4.44731504 6.71327618 6.86398445 1.37318909
4.44753148 6.71314033 6.86420062 1.37320025
4.44774651 6.71300532 6.86441541 1.37321128
4.44796014 6.71287115 6.86462885 1.37322216
4.44817238 6.71273781 6.86484093 1.37323291
4.44838324 6.71260530 6.86505166 1.37324352
4.44859273 6.71247362 6.86526105 1.37325399
4.44880085 6.71234275 6.86546911 1.37326433
4.44900760 6.71221271 6.86567583 1.37327454
4.44921300 6.71208347 6.86588123 1.37328461
4.44941705 6.71195505 6.86608532 1.37329456
4.44961976 6.71182744 6.86628810 1.37330438
4.44982113 6.71170062 6.86648957 1.37331407
4.45002117 6.71157461 6.86668974 1.37332363
4.45021989 6.71144938 6.86688862 1.37333307
4.45041730 6.71132495 6.86708622 1.37334239
4.45061340 6.71120131 6.86728254 1.37335159
4.45080819 6.71107845 6.86747758 1.37336067
4.45100169 6.71095637 6.86767137 1.37336963
4.45119390 6.71083506 6.86786389 1.37337847
4.45138483 6.71071453 6.86805516 1.37338720
4.45157448 6.71059476 6.86824518 1.37339582
4.45176287 6.71047576 6.86843396 1.37340432
4.45194999 6.71035752 6.86862151 1.37341271
4.45213586 6.71024003 6.86880783 1.37342099
4.45232048 6.71012330 6.86899293 1.37342916
4.45250385 6.71000731 6.86917681 1.37343722
4.45268599 6.70989207 6.86935948 1.37344517
4.45286690 6.70977757 6.86954096 1.37345302
4.45304659 6.70966381 6.86972123 1.37346077
4.45322507 6.70955078 6.86990032 1.37346842
4.45340233 6.70943848 6.87007822 1.37347596
4.45357839 6.70932691 6.87025495 1.37348340
4.45375326 6.70921606 6.87043050 1.37349075
4.45392693 6.70910593 6.87060489 1.37349799
4.45409942 6.70899651 6.87077812 1.37350514
4.45427074 6.70888780 6.87095020 1.37351220
4.45444089 6.70877980 6.87112113 1.37351916
4.45460987 6.70867251 6.87129092 1.37352602
4.45477769 6.70856591 6.87145958 1.37353280
4.45494437 6.70846001 6.87162711 1.37353948
4.45510989 6.70835480 6.87179352 1.37354607
4.45527429 6.70825028 6.87195881 1.37355258
4.45543755 6.70814645 6.87212300 1.37355900
4.45559968 6.70804329 6.87228608 1.37356533
4.45576070 6.70794082 6.87244806 1.37357157
4.45592060 6.70783902 6.87260895 1.37357773
4.45607940 6.70773788 6.87276876 1.37358381
4.45623709 6.70763742 6.87292749 1.37358981
4.45639370 6.70753761 6.87308515 1.37359572
4.45654922 6.70743847 6.87324174 1.37360155
4.45670365 6.70733998 6.87339727 1.37360731
4.45685701 6.70724215 6.87355174 1.37361298
4.45700931 6.70714496 6.87370517 1.37361858
4.45716054 6.70704841 6.87385755 1.37362410
4.45731071 6.70695251 6.87400890 1.37362955
4.45745984 6.70685725 6.87415921 1.37363492
4.45760792 6.70676261 6.87430850 1.37364022
4.45775496 6.70666861 6.87445678 1.37364545
4.45790098 6.70657524 6.87460403 1.37365060
4.45804596 6.70648249 6.87475028 1.37365569
4.45818993 6.70639036 6.87489553 1.37366070
4.45833289 6.70629884 6.87503979 1.37366565
4.45847483 6.70620794 6.87518305 1.37367052
4.45861578 6.70611765 6.87532533 1.37367533
4.45875573 6.70602796 6.87546663 1.37368008
4.45889470 6.70593887 6.87560696 1.37368475
4.45903268 6.70585039 6.87574632 1.37368937
4.45916968 6.70576250 6.87588473 1.37369392
4.45930571 6.70567520 6.87602217 1.37369840
4.45944077 6.70558849 6.87615867 1.37370283
4.45957488 6.70550236 6.87629422 1.37370719
4.45970803 6.70541682 6.87642883 1.37371149
4.45984024 6.70533185 6.87656251 1.37371573
4.45997150 6.70524746 6.87669527 1.37371991
4.46010183 6.70516364 6.87682710 1.37372404
4.46023123 6.70508038 6.87695801 1.37372811
4.46035970 6.70499770 6.87708802 1.37373212
4.46048725 6.70491557 6.87721712 1.37373607
4.46061389 6.70483400 6.87734532 1.37373997
4.46073962 6.70475299 6.87747262 1.37374381
4.46086445 6.70467253 6.87759904 1.37374760
4.46098838 6.70459261 6.87772457 1.37375134
4.46111143 6.70451324 6.87784923 1.37375503
4.46123359 6.70443442 6.87797301 1.37375866
4.46135486 6.70435613 6.87809593 1.37376224
4.46147527 6.70427837 6.87821799 1.37376577
4.46159481 6.70420115 6.87833918 1.37376925
4.46171348 6.70412445 6.87845953 1.37377269
4.46183129 6.70404829 6.87857903 1.37377607
4.46194826 6.70397264 6.87869769 1.37377941
4.46206437 6.70389751 6.87881552 1.37378270
4.46217965 6.70382290 6.87893251 1.37378594
4.46229409 6.70374880 6.87904868 1.37378914
4.46240770 6.70367521 6.87916403 1.37379229
4.46252048 6.70360213 6.87927857 1.37379539
4.46263245 6.70352955 6.87939230 1.37379846
4.46274360 6.70345747 6.87950522 1.37380148
4.46285394 6.70338589 6.87961734 1.37380445
4.46296347 6.70331480 6.87972867 1.37380739
4.46307221 6.70324421 6.87983921 1.37381028
4.46318015 6.70317410 6.87994896 1.37381313
4.46328731 6.70310447 6.88005794 1.37381594
4.46339368 6.70303533 6.88016614 1.37381871
4.46349927 6.70296667 6.88027357 1.37382144
4.46360409 6.70289848 6.88038023 1.37382413
4.46370815 6.70283077 6.88048614 1.37382679
4.46381143 6.70276352 6.88059129 1.37382940
4.46391397 6.70269675 6.88069570 1.37383198
4.46401574 6.70263043 6.88079935 1.37383452
4.46411677 6.70256458 6.88090227 1.37383703
4.46421706 6.70249919 6.88100445 1.37383949
4.46431661 6.70243425 6.88110590 1.37384193
4.46441542 6.70236977 6.88120663 1.37384433
4.46451351 6.70230573 6.88130663 1.37384669
4.46461087 6.70224214 6.88140592 1.37384902
4.46470751 6.70217900 6.88150449 1.37385131
4.46480344 6.70211630 6.88160236 1.37385358
4.46489866 6.70205403 6.88169953 1.37385581
4.46499318 6.70199220 6.88179599 1.37385801
4.46508699 6.70193080 6.88189177 1.37386017
4.46518011 6.70186984 6.88198685 1.37386231
4.46527254 6.70180930 6.88208125 1.37386441
4.46536428 6.70174918 6.88217497 1.37386649
4.46545535 6.70168949 6.88226801 1.37386853
4.46554573 6.70163022 6.88236039 1.37387054
4.46563545 6.70157136 6.88245209 1.37387253
4.46572449 6.70151291 6.88254314 1.37387449
4.46581288 6.70145488 6.88263352 1.37387641
4.46590060 6.70139726 6.88272326 1.37387831
4.46598767 6.70134004 6.88281234 1.37388019
4.46607409 6.70128322 6.88290078 1.37388203
4.46615987 6.70122680 6.88298858 1.37388385
4.46624501 6.70117079 6.88307574 1.37388564
4.46632951 6.70111516 6.88316227 1.37388741
4.46641337 6.70105993 6.88324818 1.37388915
4.46649661 6.70100509 6.88333346 1.37389086
4.46657923 6.70095064 6.88341812 1.37389255
4.46666123 6.70089657 6.88350216 1.37389422
4.46674261 6.70084289 6.88358559 1.37389586
4.46682338 6.70078958 6.88366842 1.37389747
4.46690355 6.70073666 6.88375064 1.37389907
4.46698311 6.70068410 6.88383227 1.37390064
4.46706207 6.70063192 6.88391330 1.37390218
4.46714045 6.70058011 6.88399374 1.37390371
4.46721823 6.70052867 6.88407359 1.37390521
4.46729542 6.70047759 6.88415286 1.37390669
4.46737204 6.70042688 6.88423155 1.37390815
4.46744808 6.70037652 6.88430967 1.37390958
4.46752354 6.70032653 6.88438722 1.37391100
4.46759843 6.70027689 6.88446419 1.37391239
4.46767276 6.70022760 6.88454061 1.37391377
4.46774653 6.70017866 6.88461647 1.37391512
4.46781974 6.70013007 6.88469177 1.37391645
4.46789240 6.70008183 6.88476651 1.37391777
4.46796450 6.70003393 6.88484072 1.37391906
4.46803606 6.69998637 6.88491437 1.37392034
4.46810708 6.69993916 6.88498749 1.37392160
4.46817756 6.69989228 6.88506007 1.37392284
4.46824750 6.69984573 6.88513211 1.37392406
4.46831692 6.69979952 6.88520363 1.37392526
4.46838581 6.69975363 6.88527462 1.37392644
4.46845417 6.69970808 6.88534509 1.37392761
4.46852202 6.69966285 6.88541504 1.37392876
4.46858934 6.69961794 6.88548448 1.37392989
4.46865616 6.69957336 6.88555340 1.37393101
4.46872247 6.69952909 6.88562182 1.37393211
4.46878827 6.69948514 6.88568973 1.37393319
4.46885357 6.69944151 6.88575714 1.37393426
4.46891838 6.69939819 6.88582406 1.37393531
4.46898269 6.69935518 6.88589048 1.37393635
4.46904651 6.69931248 6.88595641 1.37393737
4.46910984 6.69927008 6.88602185 1.37393837
4.46917269 6.69922799 6.88608681 1.37393936
4.46923506 6.69918620 6.88615129 1.37394034
4.46929695 6.69914472 6.88621529 1.37394130
4.46935837 6.69910353 6.88627882 1.37394225
4.46941931 6.69906263 6.88634188 1.37394318
4.46947979 6.69902203 6.88640447 1.37394410
4.46953981 6.69898173 6.88646660 1.37394500
4.46959937 6.69894171 6.88652827 1.37394590
4.46965847 6.69890198 6.88658948 1.37394677
4.46971712 6.69886254 6.88665024 1.37394764
4.46977532 6.69882338 6.88671054 1.37394849
4.46983307 6.69878450 6.88677040 1.37394933
4.46989038 6.69874590 6.88682982 1.37395016
4.46994725 6.69870759 6.88688879 1.37395097
4.47000368 6.69866954 6.88694732 1.37395178
4.47005967 6.69863178 6.88700542 1.37395257
4.47011524 6.69859428 6.88706309 1.37395335
4.47017038 6.69855706 6.88712033 1.37395411
4.47022509 6.69852010 6.88717714 1.37395487
4.47027938 6.69848342 6.88723353 1.37395562
4.47033326 6.69844699 6.88728951 1.37395635
4.47038672 6.69841084 6.88734506 1.37395707
4.47043976 6.69837494 6.88740020 1.37395778
4.47049240 6.69833930 6.88745493 1.37395848
4.47054463 6.69830392 6.88750925 1.37395917
4.47059646 6.69826880 6.88756316 1.37395985
4.47064788 6.69823393 6.88761668 1.37396052
4.47069891 6.69819931 6.88766979 1.37396118
4.47074955 6.69816494 6.88772251 1.37396183
4.47079979 6.69813083 6.88777483 1.37396247
4.47084964 6.69809696 6.88782677 1.37396310
4.47089911 6.69806333 6.88787831 1.37396373
4.47094820 6.69802995 6.88792947 1.37396434
4.47099690 6.69799681 6.88798025 1.37396494
4.47104523 6.69796392 6.88803065 1.37396553
4.47109318 6.69793126 6.88808067 1.37396612
4.47114076 6.69789884 6.88813031 1.37396669
4.47118798 6.69786665 6.88817959 1.37396726
4.47123482 6.69783470 6.88822849 1.37396782
4.47128130 6.69780298 6.88827703 1.37396837
4.47132742 6.69777149 6.88832521 1.37396891
4.47137319 6.69774023 6.88837302 1.37396945
4.47141859 6.69770919 6.88842048 1.37396997
4.47146365 6.69767839 6.88846758 1.37397049
4.47150835 6.69764780 6.88851433 1.37397100
4.47155270 6.69761744 6.88856072 1.37397150
4.47159671 6.69758730 6.88860677 1.37397200
4.47164038 6.69755738 6.88865247 1.37397248
4.47168371 6.69752768 6.88869783 1.37397296
4.47172670 6.69749819 6.88874285 1.37397344
4.47176935 6.69746892 6.88878753 1.37397390
4.47181167 6.69743986 6.88883188 1.37397436
4.47185367 6.69741102 6.88887589 1.37397481
4.47189533 6.69738238 6.88891957 1.37397526
4.47193667 6.69735395 6.88896292 1.37397569
4.47197769 6.69732573 6.88900594 1.37397613
4.47201838 6.69729772 6.88904865 1.37397655
4.47205876 6.69726991 6.88909103 1.37397697
4.47209882 6.69724230 6.88913309 1.37397738
4.47213857 6.69721490 6.88917483 1.37397779
4.47217801 6.69718769 6.88921626 1.37397819
4.47221714 6.69716069 6.88925738 1.37397858
4.47225596 6.69713388 6.88929819 1.37397897
4.47229448 6.69710727 6.88933869 1.37397935
4.47233270 6.69708085 6.88937888 1.37397972
4.47237062 6.69705462 6.88941877 1.37398010
4.47240824 6.69702859 6.88945836 1.37398046
4.47244556 6.69700274 6.88949766 1.37398082
4.47248260 6.69697709 6.88953665 1.37398117
4.47251934 6.69695162 6.88957535 1.37398152
4.47255580 6.69692634 6.88961376 1.37398186
4.47259197 6.69690125 6.88965188 1.37398220
4.47262785 6.69687633 6.88968971 1.37398253
4.47266345 6.69685161 6.88972726 1.37398286
4.47269878 6.69682706 6.88976452 1.37398318
4.47273382 6.69680269 6.88980150 1.37398350
4.47276860 6.69677850 6.88983820 1.37398382
4.47280309 6.69675448 6.88987462 1.37398412
4.47283732 6.69673065 6.88991077 1.37398443
4.47287128 6.69670699 6.88994664 1.37398473
4.47290497 6.69668350 6.88998225 1.37398502
4.47293839 6.69666018 6.89001758 1.37398531
4.47297155 6.69663703 6.89005264 1.37398560
4.47300445 6.69661406 6.89008744 1.37398588
4.47303709 6.69659125 6.89012198 1.37398615
4.47306948 6.69656861 6.89015625 1.37398643
4.47310160 6.69654613 6.89019027 1.37398669
4.47313348 6.69652382 6.89022403 1.37398696
4.47316510 6.69650168 6.89025753 1.37398722
4.47319648 6.69647970 6.89029078 1.37398748
4.47322761 6.69645787 6.89032377 1.37398773
4.47325849 6.69643621 6.89035652 1.37398798
4.47328912 6.69641471 6.89038902 1.37398822
4.47331952 6.69639336 6.89042127 1.37398846
4.47334968 6.69637218 6.89045327 1.37398870
4.47337959 6.69635114 6.89048504 1.37398893
4.47340927 6.69633027 6.89051656 1.37398916
4.47343872 6.69630954 6.89054784 1.37398939
4.47346793 6.69628897 6.89057889 1.37398961
4.47349692 6.69626855 6.89060970 1.37398983
4.47352567 6.69624828 6.89064027 1.37399005
4.47355420 6.69622816 6.89067061 1.37399026
4.47358250 6.69620818 6.89070073 1.37399047
4.47361057 6.69618835 6.89073061 1.37399068
4.47363843 6.69616867 6.89076027 1.37399088
4.47366606 6.69614914 6.89078970 1.37399108
4.47369347 6.69612974 6.89081891 1.37399128
4.47372067 6.69611049 6.89084789 1.37399147
4.47374765 6.69609138 6.89087666 1.37399167
4.47377442 6.69607242 6.89090520 1.37399185
4.47380097 6.69605359 6.89093353 1.37399204
4.47382732 6.69603490 6.89096165 1.37399222
4.47385345 6.69601635 6.89098955 1.37399240
4.47387938 6.69599793 6.89101723 1.37399258
4.47390510 6.69597965 6.89104471 1.37399275
4.47393062 6.69596150 6.89107198 1.37399293
4.47395594 6.69594349 6.89109904 1.37399309
4.47398105 6.69592561 6.89112589 1.37399326
4.47400597 6.69590786 6.89115254 1.37399342
4.47403068 6.69589025 6.89117899 1.37399359
4.47405520 6.69587276 6.89120523 1.37399375
4.47407953 6.69585540 6.89123128 1.37399390
4.47410366 6.69583817 6.89125712 1.37399406
4.47412760 6.69582107 6.89128277 1.37399421
4.47415135 6.69580409 6.89130823 1.37399436
4.47417491 6.69578724 6.89133349 1.37399450
4.47419828 6.69577051 6.89135855 1.37399465
4.47422147 6.69575391 6.89138343 1.37399479
4.47424447 6.69573742 6.89140812 1.37399493
4.47426729 6.69572106 6.89143262 1.37399507
4.47428993 6.69570482 6.89145693 1.37399521
4.47431239 6.69568870 6.89148105 1.37399534
4.47433466 6.69567270 6.89150499 1.37399547
4.47435677 6.69565682 6.89152875 1.37399560
4.47437869 6.69564105 6.89155233 1.37399573
4.47440044 6.69562540 6.89157573 1.37399586
4.47442202 6.69560987 6.89159895 1.37399598
4.47444342 6.69559445 6.89162199 1.37399610
4.47446465 6.69557914 6.89164485 1.37399622
4.47448572 6.69556395 6.89166755 1.37399634
4.47450661 6.69554886 6.89169006 1.37399646
4.47452734 6.69553390 6.89171241 1.37399657
4.47454790 6.69551904 6.89173458 1.37399669
4.47456830 6.69550429 6.89175659 1.37399680
4.47458854 6.69548965 6.89177843 1.37399691
4.47460861 6.69547511 6.89180010 1.37399702
4.47462853 6.69546069 6.89182160 1.37399712
4.47464828 6.69544637 6.89184294 1.37399723
4.47466788 6.69543215 6.89186412 1.37399733
4.47468732 6.69541805 6.89188514 1.37399743
4.47470660 6.69540404 6.89190599 1.37399753
4.47472573 6.69539014 6.89192669 1.37399763
4.47474471 6.69537634 6.89194722 1.37399773
4.47476354 6.69536265 6.89196760 1.37399782
4.47478221 6.69534905 6.89198783 1.37399792
4.47480074 6.69533556 6.89200790 1.37399801
4.47481911 6.69532216 6.89202781 1.37399810
4.47483734 6.69530887 6.89204758 1.37399819
4.47485543 6.69529567 6.89206719 1.37399828
4.47487336 6.69528257 6.89208665 1.37399836
4.47489116 6.69526957 6.89210597 1.37399845
4.47490881 6.69525666 6.89212513 1.37399853
4.47492632 6.69524385 6.89214415 1.37399862
4.47494369 6.69523113 6.89216302 1.37399870
4.47496092 6.69521851 6.89218175 1.37399878
4.47497802 6.69520598 6.89220034 1.37399886
4.47499497 6.69519354 6.89221878 1.37399894
4.47501179 6.69518119 6.89223708 1.37399901
4.47502848 6.69516894 6.89225524 1.37399909
4.47504503 6.69515678 6.89227326 1.37399916
4.47506145 6.69514470 6.89229115 1.37399924
4.47507773 6.69513272 6.89230889 1.37399931
4.47509389 6.69512082 6.89232651 1.37399938
4.47510991 6.69510901 6.89234398 1.37399945
4.47512581 6.69509729 6.89236132 1.37399952
4.47514158 6.69508566 6.89237853 1.37399959
4.47515722 6.69507411 6.89239561 1.37399965
4.47517274 6.69506265 6.89241256 1.37399972
4.47518813 6.69505127 6.89242937 1.37399978
4.47520340 6.69503998 6.89244606 1.37399985
4.47521855 6.69502877 6.89246262 1.37399991
4.47523357 6.69501764 6.89247905 1.37399997
4.47524847 6.69500660 6.89249536 1.37400003
4.47526326 6.69499563 6.89251154 1.37400009
4.47527792 6.69498475 6.89252760 1.37400015
4.47529247 6.69497395 6.89254354 1.37400021
4.47530689 6.69496323 6.89255935 1.37400026
4.47532121 6.69495259 6.89257504 1.37400032
4.47533541 6.69494202 6.89259061 1.37400038
4.47534949 6.69493154 6.89260606 1.37400043
4.47536346 6.69492113 6.89262139 1.37400048
4.47537732 6.69491080 6.89263661 1.37400054
4.47539106 6.69490054 6.89265171 1.37400059
4.47540470 6.69489036 6.89266669 1.37400064
4.47541822 6.69488026 6.89268156 1.37400069
4.47543164 6.69487023 6.89269631 1.37400074
4.47544494 6.69486028 6.89271095 1.37400079
4.47545814 6.69485040 6.89272548 1.37400084
4.47547124 6.69484059 6.89273989 1.37400088
4.47548423 6.69483085 6.89275420 1.37400093
4.47549711 6.69482119 6.89276839 1.37400098
4.47550989 6.69481160 6.89278248 1.37400102
4.47552257 6.69480208 6.89279646 1.37400107
4.47553514 6.69479263 6.89281033 1.37400111
4.47554761 6.69478325 6.89282409 1.37400115
4.47555999 6.69477394 6.89283775 1.37400120
4.47557226 6.69476470 6.89285131 1.37400124
4.47558443 6.69475552 6.89286476 1.37400128
4.47559651 6.69474642 6.89287810 1.37400132
4.47560848 6.69473738 6.89289135 1.37400136
4.47562036 6.69472841 6.89290449 1.37400140
4.47563215 6.69471950 6.89291753 1.37400144
4.47564384 6.69471066 6.89293047 1.37400148
4.47565543 6.69470189 6.89294331 1.37400151
4.47566693 6.69469318 6.89295606 1.37400155
4.47567834 6.69468454 6.89296870 1.37400159
4.47568966 6.69467596 6.89298125 1.37400162
4.47570088 6.69466744 6.89299370 1.37400166
4.47571201 6.69465899 6.89300606 1.37400169
4.47572306 6.69465059 6.89301832 1.37400173
4.47573401 6.69464227 6.89303048 1.37400176
4.47574488 6.69463400 6.89304256 1.37400179
4.47575565 6.69462579 6.89305454 1.37400183
4.47576634 6.69461765 6.89306642 1.37400186
4.47577695 6.69460956 6.89307822 1.37400189
4.47578746 6.69460154 6.89308993 1.37400192
4.47579790 6.69459357 6.89310154 1.37400195
4.47580824 6.69458566 6.89311307 1.37400198
4.47581851 6.69457781 6.89312451 1.37400201
4.47582869 6.69457002 6.89313586 1.37400204
4.47583879 6.69456229 6.89314712 1.37400207
4.47584881 6.69455461 6.89315830 1.37400210
4.47585874 6.69454700 6.89316939 1.37400212
4.47586860 6.69453943 6.89318039 1.37400215
4.47587837 6.69453193 6.89319131 1.37400218
4.47588807 6.69452448 6.89320215 1.37400221
4.47589768 6.69451708 6.89321290 1.37400223
4.47590722 6.69450974 6.89322357 1.37400226
4.47591669 6.69450245 6.89323416 1.37400228
4.47592607 6.69449522 6.89324467 1.37400231
4.47593538 6.69448804 6.89325509 1.37400233
4.47594461 6.69448091 6.89326544 1.37400236
4.47595377 6.69447384 6.89327571 1.37400238
4.47596286 6.69446682 6.89328589 1.37400240
4.47597187 6.69445985 6.89329600 1.37400243
4.47598080 6.69445293 6.89330603 1.37400245
4.47598967 6.69444607 6.89331599 1.37400247
4.47599846 6.69443925 6.89332587 1.37400249
4.47600718 6.69443249 6.89333567 1.37400252
4.47601583 6.69442577 6.89334539 1.37400254
4.47602441 6.69441911 6.89335504 1.37400256
4.47603292 6.69441249 6.89336462 1.37400258
4.47604136 6.69440592 6.89337412 1.37400260
4.47604974 6.69439941 6.89338355 1.37400262
4.47605804 6.69439294 6.89339291 1.37400264
4.47606628 6.69438651 6.89340220 1.37400266
4.47607445 6.69438014 6.89341141 1.37400268
4.47608255 6.69437381 6.89342055 1.37400270
4.47609059 6.69436753 6.89342963 1.37400272
4.47609856 6.69436130 6.89343863 1.37400273
4.47610647 6.69435511 6.89344756 1.37400275
4.47611431 6.69434897 6.89345643 1.37400277
4.47612209 6.69434287 6.89346522 1.37400279
4.47612981 6.69433682 6.89347395 1.37400280
4.47613746 6.69433081 6.89348261 1.37400282
4.47614505 6.69432485 6.89349121 1.37400284
4.47615258 6.69431893 6.89349974 1.37400285
4.47616005 6.69431305 6.89350820 1.37400287
4.47616746 6.69430722 6.89351660 1.37400289
4.47617480 6.69430143 6.89352493 1.37400290
4.47618209 6.69429569 6.89353320 1.37400292
4.47618932 6.69428999 6.89354141 1.37400293
4.47619649 6.69428433 6.89354955 1.37400295
4.47620360 6.69427871 6.89355763 1.37400296
4.47621065 6.69427313 6.89356565 1.37400298
4.47621764 6.69426759 6.89357360 1.37400299
4.47622458 6.69426210 6.89358150 1.37400300
4.47623146 6.69425664 6.89358933 1.37400302
4.47623829 6.69425123 6.89359710 1.37400303
4.47624506 6.69424586 6.89360482 1.37400305
4.47625177 6.69424052 6.89361247 1.37400306
4.47625843 6.69423523 6.89362007 1.37400307
4.47626503 6.69422997 6.89362760 1.37400308
4.47627159 6.69422476 6.89363508 1.37400310
4.47627808 6.69421958 6.89364250 1.37400311
4.47628453 6.69421444 6.89364987 1.37400312
4.47629092 6.69420934 6.89365717 1.37400313
4.47629726 6.69420427 6.89366442 1.37400315
4.47630355 6.69419924 6.89367162 1.37400316
4.47630979 6.69419426 6.89367876 1.37400317
4.47631597 6.69418930 6.89368584 1.37400318
4.47632211 6.69418439 6.89369287 1.37400319
4.47632819 6.69417951 6.89369985 1.37400320
4.47633423 6.69417466 6.89370677 1.37400321
4.47634021 6.69416986 6.89371364 1.37400322
4.47634615 6.69416508 6.89372046 1.37400323
4.47635204 6.69416035 6.89372722 1.37400324
4.47635788 6.69415564 6.89373393 1.37400325
