1.09140399 1.98195304 1.88446946 0.17808711
1.09463835 1.97834662 1.88542138 0.18053709
1.09790643 1.97470270 1.88638239 0.18303826
1.10120874 1.97102069 1.88735262 0.18559195
1.10454583 1.96730001 1.88833219 0.18819951
1.10791822 1.96354007 1.88932121 0.19086235
1.11132648 1.95974025 1.89031981 0.19358193
1.11477114 1.95589994 1.89132812 0.19635971
1.11825278 1.95201852 1.89234625 0.19919723
1.12177198 1.94809535 1.89337434 0.20209606
1.12532931 1.94412978 1.89441251 0.20505782
1.12892536 1.94012117 1.89546089 0.20808415
1.13256075 1.93606884 1.89651960 0.21117676
1.13623607 1.93197214 1.89758878 0.21433741
1.13995194 1.92783036 1.89866855 0.21756790
1.14370899 1.92364283 1.89975903 0.22087006
1.14750786 1.91940884 1.90086037 0.22424581
1.15134918 1.91512767 1.90197269 0.22769708
1.15523362 1.91079862 1.90309612 0.23122589
1.15916182 1.90642095 1.90423078 0.23483427
1.16313446 1.90199392 1.90537681 0.23852435
1.16715221 1.89751679 1.90653433 0.24229828
1.17121575 1.89298881 1.90770348 0.24615827
1.17532578 1.88840922 1.90888436 0.25010660
1.17948299 1.88377724 1.91007713 0.25414560
1.18368808 1.87909211 1.91128188 0.25827764
1.18794177 1.87435303 1.91249875 0.26250518
1.19224477 1.86955922 1.91372786 0.26683071
1.19659780 1.86470989 1.91496932 0.27125679
1.20100159 1.85980424 1.91622325 0.27578603
1.20545686 1.85484146 1.91748976 0.28042109
1.20996436 1.84982075 1.91876896 0.28516472
1.21452480 1.84474129 1.92006095 0.29001970
1.21913895 1.83960229 1.92136583 0.29498885
1.22380753 1.83440291 1.92268371 0.30007509
1.22853128 1.82914235 1.92401466 0.30528134
1.23331095 1.82381980 1.92535878 0.31061063
1.23814728 1.81843444 1.92671615 0.31606599
1.24304099 1.81298547 1.92808683 0.32165052
1.24799283 1.80747209 1.92947091 0.32736737
1.25300352 1.80189350 1.93086842 0.33321972
1.25807377 1.79624891 1.93227943 0.33921079
1.26320431 1.79053754 1.93370397 0.34534385
1.26839584 1.78475862 1.93514207 0.35162217
1.27364905 1.77891140 1.93659376 0.35804909
1.27896462 1.77299513 1.93805905 0.36462794
1.28434321 1.76700910 1.93953792 0.37136207
1.28978548 1.76095259 1.94103038 0.37825484
1.29529204 1.75482492 1.94253637 0.38530961
1.30086352 1.74862544 1.94405587 0.39252975
1.30650050 1.74235351 1.94558881 0.39991858
1.31220353 1.73600852 1.94713511 0.40747942
1.31797314 1.72958991 1.94869468 0.41521557
1.32380985 1.72309714 1.95026740 0.42313024
1.32971410 1.71652971 1.95185314 0.43122662
1.33568633 1.70988717 1.95345175 0.43950783
1.34172692 1.70316911 1.95506305 0.44797687
1.34783623 1.69637517 1.95668683 0.45663669
1.35401454 1.68950503 1.95832288 0.46549009
1.36026211 1.68255846 1.95997093 0.47453975
1.36657912 1.67553525 1.96163072 0.48378822
1.37296572 1.66843529 1.96330193 0.49323786
1.37942198 1.66125851 1.96498423 0.50289086
1.38594790 1.65400493 1.96667726 0.51274921
1.39254343 1.64667465 1.96838060 0.52281467
1.39920843 1.63926784 1.97009384 0.53308875
1.40594269 1.63178477 1.97181649 0.54357271
1.41274592 1.62422578 1.97354807 0.55426749
1.41961774 1.61659134 1.97528802 0.56517375
1.42655769 1.60888198 1.97703578 0.57629179
1.43356519 1.60109836 1.97879072 0.58762157
1.44063961 1.59324124 1.98055219 0.59916265
1.44778017 1.58531150 1.98231950 0.61091420
1.45498601 1.57731013 1.98409190 0.62287494
1.46225617 1.56923825 1.98586863 0.63504317
1.46958955 1.56109708 1.98764885 0.64741668
1.47698496 1.55288799 1.98943171 0.65999280
1.48444109 1.54461249 1.99121631 0.67276833
1.49195649 1.53627219 1.99300169 0.68573953
1.49952962 1.52786887 1.99478687 0.69890214
1.50715878 1.51940442 1.99657082 0.71225132
1.51484218 1.51088089 1.99835247 0.72578166
1.52257787 1.50230045 2.00013072 0.73948717
1.53036380 1.49366544 2.00190441 0.75336128
1.53819779 1.48497831 2.00367236 0.76739682
1.54607752 1.47624165 2.00543336 0.78158606
1.55400056 1.46745822 2.00718616 0.79592064
1.56196435 1.45863089 2.00892947 0.81039166
1.56996621 1.44976265 2.01066199 0.82498964
1.57800335 1.44085664 2.01238239 0.83970457
1.58607286 1.43191613 2.01408931 0.85452590
1.59417173 1.42294449 2.01578138 0.86944259
1.60229684 1.41394521 2.01745722 0.88444310
1.61044498 1.40492188 2.01911544 0.89951550
1.61861283 1.39587821 2.02075462 0.91464741
1.62679702 1.38681798 2.02237336 0.92982613
1.63499408 1.37774506 2.02397027 0.94503861
1.64320048 1.36866339 2.02554395 0.96027157
1.65141263 1.35957699 2.02709302 0.97551149
1.65962688 1.35048991 2.02861611 0.99074468
1.66783957 1.34140625 2.03011188 1.00595737
1.67604698 1.33233015 2.03157902 1.02113572
1.68424537 1.32326576 2.03301624 1.03626589
1.69243102 1.31421725 2.03442229 1.05133414
1.70060019 1.30518878 2.03579597 1.06632682
1.70874914 1.29618448 2.03713612 1.08123047
1.71687418 1.28720849 2.03844161 1.09603190
1.72497163 1.27826487 2.03971141 1.11071816
1.73303786 1.26935767 2.04094450 1.12527670
1.74106931 1.26049084 2.04213996 1.13969532
1.74906244 1.25166830 2.04329690 1.15396231
1.75701383 1.24289385 2.04441452 1.16806640
1.76492011 1.23417123 2.04549209 1.18199688
1.77277800 1.22550407 2.04652895 1.19574358
1.78058433 1.21689587 2.04752452 1.20929694
1.78833603 1.20835004 2.04847826 1.22264800
1.79603012 1.19986987 2.04938977 1.23578845
1.80366376 1.19145849 2.05025867 1.24871062
1.81123423 1.18311892 2.05108469 1.26140753
1.81873892 1.17485402 2.05186763 1.27387285
1.82617536 1.16666653 2.05260736 1.28610096
1.83354120 1.15855903 2.05330383 1.29808689
1.84083425 1.15053392 2.05395708 1.30982634
1.84805243 1.14259351 2.05456720 1.32131569
1.85519381 1.13473989 2.05513437 1.33255195
1.86225661 1.12697503 2.05565882 1.34353278
1.86923915 1.11930075 2.05614086 1.35425644
1.87613993 1.11171871 2.05658087 1.36472179
1.88295756 1.10423040 2.05697928 1.37492825
1.88969080 1.09683718 2.05733658 1.38487579
1.89633853 1.08954027 2.05765331 1.39456491
1.90289976 1.08234072 2.05793009 1.40399656
1.90937364 1.07523946 2.05816755 1.41317218
1.91575943 1.06823727 2.05836638 1.42209364
1.92205651 1.06133481 2.05852733 1.43076318
1.92826438 1.05453259 2.05865117 1.43918344
1.93438266 1.04783101 2.05873869 1.44735737
1.94041106 1.04123035 2.05879075 1.45528825
1.94634941 1.03473078 2.05880821 1.46297963
1.95219763 1.02833234 2.05879196 1.47043532
1.95795573 1.02203499 2.05874292 1.47765933
1.96362383 1.01583856 2.05866200 1.48465589
1.96920210 1.00974283 2.05855017 1.49142939
1.97469083 1.00374744 2.05840838 1.49798437
1.98009036 0.99785198 2.05823760 1.50432550
1.98540111 0.99205594 2.05803880 1.51045753
1.99062356 0.98635877 2.05781295 1.51638532
1.99575827 0.98075980 2.05756105 1.52211377
2.00080585 0.97525834 2.05728407 1.52764783
2.00576694 0.96985361 2.05698299 1.53299248
2.01064227 0.96454479 2.05665877 1.53815272
2.01543259 0.95933100 2.05631239 1.54313352
2.02013871 0.95421133 2.05594480 1.54793987
2.02476146 0.94918480 2.05555695 1.55257669
2.02930172 0.94425042 2.05514978 1.55704891
2.03376039 0.93940713 2.05472420 1.56136138
2.03813841 0.93465388 2.05428112 1.56551890
2.04243675 0.92998956 2.05382145 1.56952620
2.04665639 0.92541304 2.05334605 1.57338796
2.05079833 0.92092318 2.05285579 1.57710876
2.05486359 0.91651880 2.05235150 1.58069310
2.05885322 0.91219874 2.05183403 1.58414541
2.06276826 0.90796178 2.05130416 1.58747002
2.06660978 0.90380673 2.05076268 1.59067115
2.07037885 0.89973235 2.05021037 1.59375296
2.07407653 0.89573744 2.04964797 1.59671947
2.07770392 0.89182075 2.04907620 1.59957464
2.08126210 0.88798107 2.04849577 1.60232230
2.08475215 0.88421714 2.04790736 1.60496619
2.08817516 0.88052774 2.04731163 1.60750995
2.09153222 0.87691164 2.04670924 1.60995711
2.09482440 0.87336761 2.04610080 1.61231112
2.09805278 0.86989442 2.04548691 1.61457530
2.10121844 0.86649087 2.04486816 1.61675289
2.10432244 0.86315572 2.04424510 1.61884703
2.10736586 0.85988779 2.04361828 1.62086075
2.11034972 0.85668588 2.04298822 1.62279701
2.11327510 0.85354881 2.04235541 1.62465865
2.11614301 0.85047539 2.04172036 1.62644843
2.11895449 0.84746447 2.04108351 1.62816901
2.12171055 0.84451490 2.04044531 1.62982298
2.12441219 0.84162554 2.03980619 1.63141283
2.12706042 0.83879526 2.03916657 1.63294097
2.12965621 0.83602295 2.03852683 1.63440971
2.13220053 0.83330752 2.03788734 1.63582130
2.13469434 0.83064787 2.03724847 1.63717792
2.13713859 0.82804294 2.03661056 1.63848164
2.13953420 0.82549167 2.03597393 1.63973449
2.14188211 0.82299303 2.03533890 1.64093841
2.14418321 0.82054598 2.03470577 1.64209526
2.14643840 0.81814953 2.03407481 1.64320687
2.14864855 0.81580266 2.03344629 1.64427496
2.15081454 0.81350441 2.03282047 1.64530122
2.15293722 0.81125381 2.03219759 1.64628725
2.15501742 0.80904992 2.03157787 1.64723462
2.15705597 0.80689179 2.03096154 1.64814481
2.15905369 0.80477852 2.03034879 1.64901928
2.16101137 0.80270920 2.02973981 1.64985941
2.16292979 0.80068294 2.02913480 1.65066653
2.16480974 0.79869888 2.02853391 1.65144193
2.16665196 0.79675616 2.02793731 1.65218685
2.16845720 0.79485394 2.02734515 1.65290247
2.17022620 0.79299140 2.02675756 1.65358994
2.17195967 0.79116771 2.02617468 1.65425036
2.17365832 0.78938210 2.02559662 1.65488479
2.17532284 0.78763377 2.02502350 1.65549424
2.17695390 0.78592197 2.02445542 1.65607970
2.17855219 0.78424594 2.02389248 1.65664210
2.18011836 0.78260494 2.02333477 1.65718235
2.18165304 0.78099824 2.02278236 1.65770132
2.18315687 0.77942515 2.02223534 1.65819985
2.18463046 0.77788496 2.02169375 1.65867873
2.18607443 0.77637700 2.02115768 1.65913875
2.18748937 0.77490058 2.02062716 1.65958064
2.18887587 0.77345506 2.02010226 1.66000512
2.19023449 0.77203979 2.01958300 1.66041287
2.19156580 0.77065414 2.01906943 1.66080454
2.19287036 0.76929750 2.01856157 1.66118079
2.19414869 0.76796925 2.01805946 1.66154220
2.19540133 0.76666881 2.01756311 1.66188938
2.19662880 0.76539559 2.01707254 1.66222287
2.19783160 0.76414903 2.01658777 1.66254321
2.19901025 0.76292855 2.01610879 1.66285094
2.20016521 0.76173363 2.01563562 1.66314653
2.20129698 0.76056372 2.01516826 1.66343048
2.20240603 0.75941829 2.01470669 1.66370324
2.20349281 0.75829684 2.01425092 1.66396526
2.20455777 0.75719886 2.01380094 1.66421695
2.20560136 0.75612385 2.01335673 1.66445872
2.20662400 0.75507133 2.01291828 1.66469097
2.20762614 0.75404084 2.01248556 1.66491408
2.20860817 0.75303190 2.01205856 1.66512839
2.20957050 0.75204406 2.01163725 1.66533426
2.21051355 0.75107688 2.01122160 1.66553203
2.21143769 0.75012992 2.01081159 1.66572201
2.21234331 0.74920276 2.01040720 1.66590451
2.21323078 0.74829498 2.01000837 1.66607982
2.21410048 0.74740617 2.00961508 1.66624823
2.21495276 0.74653593 2.00922730 1.66641002
2.21578798 0.74568387 2.00884499 1.66656543
2.21660648 0.74484961 2.00846810 1.66671473
2.21740860 0.74403277 2.00809660 1.66685816
2.21819467 0.74323298 2.00773045 1.66699594
2.21896501 0.74244988 2.00736960 1.66712830
2.21971995 0.74168313 2.00701400 1.66725545
2.22045980 0.74093238 2.00666362 1.66737760
2.22118486 0.74019729 2.00631841 1.66749495
2.22189543 0.73947752 2.00597831 1.66760768
2.22259181 0.73877277 2.00564329 1.66771598
2.22327428 0.73808270 2.00531329 1.66782003
2.22394312 0.73740702 2.00498827 1.66791998
2.22459860 0.73674541 2.00466816 1.66801600
2.22524101 0.73609758 2.00435294 1.66810825
2.22587060 0.73546325 2.00404253 1.66819687
2.22648763 0.73484211 2.00373690 1.66828201
2.22709235 0.73423391 2.00343598 1.66836381
2.22768502 0.73363836 2.00313974 1.66844239
2.22826587 0.73305521 2.00284810 1.66851789
2.22883515 0.73248417 2.00256104 1.66859042
2.22939308 0.73192502 2.00227848 1.66866010
2.22993990 0.73137748 2.00200037 1.66872704
2.23047583 0.73084132 2.00172668 1.66879136
2.23100110 0.73031630 2.00145733 1.66885315
2.23151590 0.72980218 2.00119228 1.66891251
2.23202046 0.72929874 2.00093148 1.66896955
2.23251499 0.72880575 2.00067486 1.66902434
2.23299967 0.72832299 2.00042239 1.66907699
2.23347472 0.72785024 2.00017400 1.66912757
2.23394032 0.72738730 1.99992965 1.66917616
2.23439667 0.72693396 1.99968928 1.66922285
2.23484395 0.72649001 1.99945283 1.66926771
2.23528234 0.72605526 1.99922027 1.66931080
2.23571203 0.72562952 1.99899152 1.66935221
2.23613318 0.72521260 1.99876655 1.66939199
2.23654597 0.72480430 1.99854530 1.66943022
2.23695056 0.72440446 1.99832772 1.66946694
2.23734713 0.72401290 1.99811376 1.66950222
2.23773582 0.72362943 1.99790337 1.66953612
2.23811680 0.72325389 1.99769650 1.66956870
2.23849023 0.72288612 1.99749310 1.66959999
2.23885625 0.72252595 1.99729312 1.66963006
2.23921501 0.72217322 1.99709650 1.66965895
2.23956666 0.72182777 1.99690321 1.66968671
2.23991135 0.72148947 1.99671320 1.66971338
2.24024920 0.72115814 1.99652641 1.66973900
2.24058036 0.72083365 1.99634279 1.66976362
2.24090495 0.72051586 1.99616231 1.66978728
2.24122312 0.72020463 1.99598491 1.66981001
2.24153499 0.71989981 1.99581056 1.66983185
2.24184069 0.71960127 1.99563919 1.66985283
2.24214033 0.71930889 1.99547077 1.66987300
2.24243405 0.71902254 1.99530526 1.66989237
2.24272195 0.71874208 1.99514260 1.66991098
2.24300415 0.71846739 1.99498276 1.66992887
2.24328078 0.71819836 1.99482569 1.66994605
2.24355193 0.71793487 1.99467135 1.66996257
2.24381772 0.71767680 1.99451969 1.66997843
2.24407825 0.71742404 1.99437068 1.66999368
2.24433364 0.71717647 1.99422427 1.67000832
2.24458398 0.71693400 1.99408043 1.67002240
2.24482937 0.71669651 1.99393910 1.67003592
2.24506991 0.71646389 1.99380026 1.67004892
2.24530569 0.71623606 1.99366385 1.67006141
2.24553683 0.71601290 1.99352985 1.67007340
2.24576339 0.71579433 1.99339822 1.67008493
2.24598548 0.71558024 1.99326891 1.67009601
2.24620319 0.71537054 1.99314189 1.67010665
2.24641660 0.71516515 1.99301712 1.67011688
2.24662579 0.71496397 1.99289456 1.67012671
2.24683086 0.71476691 1.99277419 1.67013615
2.24703187 0.71457389 1.99265595 1.67014523
2.24722893 0.71438483 1.99253983 1.67015394
2.24742209 0.71419963 1.99242577 1.67016232
2.24761144 0.71401824 1.99231376 1.67017037
2.24779706 0.71384055 1.99220375 1.67017811
2.24797902 0.71366650 1.99209572 1.67018554
2.24815739 0.71349602 1.99198962 1.67019268
2.24833224 0.71332902 1.99188543 1.67019955
2.24850364 0.71316544 1.99178311 1.67020614
2.24867167 0.71300520 1.99168264 1.67021248
2.24883638 0.71284824 1.99158398 1.67021857
2.24899785 0.71269448 1.99148710 1.67022442
2.24915613 0.71254387 1.99139198 1.67023004
2.24931129 0.71239633 1.99129857 1.67023545
2.24946340 0.71225181 1.99120686 1.67024064
2.24961251 0.71211023 1.99111681 1.67024563
2.24975868 0.71197155 1.99102840 1.67025042
2.24990198 0.71183570 1.99094159 1.67025503
2.25004245 0.71170262 1.99085637 1.67025945
2.25018015 0.71157225 1.99077269 1.67026371
2.25031514 0.71144454 1.99069055 1.67026779
2.25044747 0.71131943 1.99060990 1.67027172
2.25057720 0.71119687 1.99053072 1.67027550
2.25070438 0.71107682 1.99045300 1.67027912
2.25082905 0.71095920 1.99037670 1.67028261
2.25095126 0.71084398 1.99030179 1.67028596
2.25107107 0.71073111 1.99022826 1.67028918
2.25118852 0.71062054 1.99015609 1.67029227
2.25130366 0.71051221 1.99008523 1.67029524
2.25141654 0.71040609 1.99001568 1.67029809
2.25152719 0.71030213 1.98994741 1.67030084
2.25163566 0.71020028 1.98988040 1.67030348
2.25174201 0.71010050 1.98981463 1.67030601
2.25184625 0.71000276 1.98975007 1.67030844
2.25194845 0.70990699 1.98968670 1.67031078
2.25204864 0.70981318 1.98962450 1.67031303
2.25214686 0.70972127 1.98956346 1.67031519
2.25224314 0.70963122 1.98950354 1.67031727
2.25233753 0.70954301 1.98944474 1.67031926
2.25243007 0.70945658 1.98938702 1.67032118
2.25252078 0.70937191 1.98933038 1.67032302
2.25260971 0.70928896 1.98927479 1.67032479
2.25269690 0.70920768 1.98922023 1.67032650
2.25278236 0.70912806 1.98916669 1.67032813
2.25286615 0.70905006 1.98911414 1.67032970
2.25294829 0.70897363 1.98906257 1.67033121
2.25302882 0.70889875 1.98901197 1.67033266
2.25310776 0.70882539 1.98896230 1.67033406
2.25318515 0.70875352 1.98891357 1.67033540
2.25326102 0.70868310 1.98886574 1.67033668
2.25333540 0.70861411 1.98881881 1.67033792
2.25340831 0.70854651 1.98877276 1.67033911
2.25347979 0.70848029 1.98872757 1.67034025
2.25354987 0.70841540 1.98868322 1.67034135
2.25361857 0.70835183 1.98863971 1.67034240
2.25368592 0.70828954 1.98859701 1.67034342
2.25375195 0.70822851 1.98855511 1.67034439
2.25381668 0.70816872 1.98851400 1.67034533
2.25388013 0.70811014 1.98847366 1.67034623
2.25394234 0.70805274 1.98843408 1.67034709
2.25400333 0.70799650 1.98839524 1.67034792
2.25406312 0.70794139 1.98835714 1.67034872
2.25412174 0.70788740 1.98831975 1.67034949
2.25417920 0.70783450 1.98828307 1.67035023
2.25423553 0.70778267 1.98824707 1.67035093
2.25429076 0.70773188 1.98821176 1.67035162
2.25434490 0.70768212 1.98817711 1.67035227
2.25439798 0.70763337 1.98814311 1.67035290
2.25445002 0.70758560 1.98810976 1.67035350
2.25450103 0.70753879 1.98807704 1.67035408
2.25455104 0.70749292 1.98804494 1.67035464
2.25460007 0.70744798 1.98801344 1.67035518
2.25464814 0.70740395 1.98798254 1.67035569
2.25469526 0.70736081 1.98795222 1.67035619
2.25474146 0.70731853 1.98792248 1.67035666
2.25478675 0.70727711 1.98789330 1.67035712
2.25483115 0.70723652 1.98786468 1.67035756
2.25487467 0.70719675 1.98783659 1.67035798
2.25491735 0.70715778 1.98780905 1.67035839
2.25495918 0.70711959 1.98778202 1.67035878
2.25500019 0.70708217 1.98775550 1.67035915
2.25504040 0.70704551 1.98772950 1.67035951
2.25507982 0.70700959 1.98770398 1.67035986
2.25511846 0.70697438 1.98767895 1.67036019
2.25515635 0.70693989 1.98765439 1.67036051
2.25519349 0.70690609 1.98763031 1.67036082
2.25522990 0.70687297 1.98760668 1.67036111
2.25526560 0.70684051 1.98758350 1.67036140
2.25530059 0.70680871 1.98756076 1.67036167
2.25533490 0.70677755 1.98753846 1.67036193
2.25536853 0.70674702 1.98751658 1.67036218
2.25540151 0.70671709 1.98749512 1.67036243
2.25543383 0.70668777 1.98747407 1.67036266
2.25546553 0.70665904 1.98745342 1.67036288
2.25549660 0.70663089 1.98743316 1.67036310
2.25552705 0.70660330 1.98741329 1.67036330
2.25555692 0.70657626 1.98739380 1.67036350
2.25558619 0.70654977 1.98737469 1.67036369
2.25561489 0.70652381 1.98735594 1.67036387
2.25564303 0.70649837 1.98733754 1.67036405
2.25567061 0.70647344 1.98731950 1.67036422
2.25569765 0.70644901 1.98730181 1.67036438
2.25572416 0.70642507 1.98728445 1.67036454
2.25575016 0.70640161 1.98726743 1.67036469
2.25577564 0.70637863 1.98725073 1.67036483
2.25580062 0.70635610 1.98723435 1.67036497
2.25582511 0.70633402 1.98721829 1.67036510
2.25584911 0.70631239 1.98720253 1.67036523
2.25587265 0.70629119 1.98718708 1.67036536
2.25589573 0.70627042 1.98717192 1.67036547
2.25591835 0.70625006 1.98715705 1.67036559
2.25594053 0.70623011 1.98714247 1.67036570
2.25596227 0.70621056 1.98712817 1.67036580
2.25598358 0.70619140 1.98711414 1.67036590
2.25600448 0.70617263 1.98710038 1.67036600
2.25602497 0.70615423 1.98708689 1.67036609
2.25604505 0.70613620 1.98707366 1.67036618
2.25606474 0.70611853 1.98706068 1.67036627
2.25608405 0.70610121 1.98704795 1.67036635
2.25610297 0.70608424 1.98703547 1.67036643
2.25612152 0.70606761 1.98702322 1.67036651
2.25613971 0.70605132 1.98701121 1.67036658
2.25615754 0.70603535 1.98699944 1.67036665
2.25617502 0.70601970 1.98698789 1.67036672
2.25619216 0.70600436 1.98697656 1.67036678
2.25620896 0.70598933 1.98696545 1.67036685
2.25622544 0.70597459 1.98695455 1.67036691
2.25624158 0.70596016 1.98694387 1.67036696
2.25625742 0.70594601 1.98693339 1.67036702
2.25627294 0.70593215 1.98692311 1.67036707
2.25628815 0.70591856 1.98691303 1.67036712
2.25630307 0.70590524 1.98690315 1.67036717
2.25631769 0.70589219 1.98689345 1.67036722
2.25633203 0.70587940 1.98688395 1.67036727
2.25634608 0.70586687 1.98687462 1.67036731
2.25635986 0.70585458 1.98686548 1.67036735
2.25637337 0.70584255 1.98685651 1.67036739
2.25638661 0.70583075 1.98684772 1.67036743
2.25639960 0.70581918 1.98683910 1.67036747
2.25641233 0.70580785 1.98683064 1.67036750
2.25642480 0.70579675 1.98682235 1.67036754
2.25643704 0.70578586 1.98681421 1.67036757
2.25644903 0.70577520 1.98680624 1.67036760
2.25646079 0.70576474 1.98679842 1.67036763
2.25647231 0.70575450 1.98679074 1.67036766
2.25648362 0.70574446 1.98678322 1.67036769
2.25649469 0.70573462 1.98677585 1.67036772
2.25650555 0.70572497 1.98676861 1.67036774
2.25651620 0.70571552 1.98676152 1.67036777
2.25652664 0.70570626 1.98675456 1.67036779
2.25653687 0.70569718 1.98674774 1.67036782
2.25654691 0.70568828 1.98674105 1.67036784
2.25655674 0.70567956 1.98673449 1.67036786
2.25656638 0.70567102 1.98672806 1.67036788
2.25657584 0.70566264 1.98672175 1.67036790
2.25658510 0.70565443 1.98671557 1.67036792
2.25659419 0.70564639 1.98670950 1.67036794
2.25660310 0.70563850 1.98670356 1.67036795
2.25661183 0.70563077 1.98669772 1.67036797
2.25662039 0.70562320 1.98669200 1.67036799
2.25662878 0.70561578 1.98668640 1.67036800
2.25663701 0.70560850 1.98668090 1.67036802
2.25664507 0.70560137 1.98667550 1.67036803
2.25665298 0.70559438 1.98667021 1.67036805
2.25666073 0.70558753 1.98666503 1.67036806
2.25666833 0.70558082 1.98665994 1.67036807
2.25667578 0.70557424 1.98665496 1.67036808
2.25668309 0.70556779 1.98665007 1.67036810
2.25669025 0.70556147 1.98664527 1.67036811
2.25669727 0.70555528 1.98664057 1.67036812
2.25670415 0.70554921 1.98663596 1.67036813
2.25671090 0.70554326 1.98663144 1.67036814
