2.74860045 2.97652412 6.13491694 0.10198658
2.74792171 2.97467611 6.13372644 0.10251701
2.74724327 2.97282184 6.13252661 0.10305197
2.74656515 2.97096127 6.13131734 0.10359151
2.74588739 2.96909438 6.13009852 0.10413570
2.74521000 2.96722111 6.12887004 0.10468460
2.74453301 2.96534144 6.12763179 0.10523828
2.74385647 2.96345532 6.12638365 0.10579680
2.74318039 2.96156271 6.12512552 0.10636023
2.74250481 2.95966359 6.12385727 0.10692864
2.74182975 2.95775789 6.12257878 0.10750210
2.74115526 2.95584560 6.12128993 0.10808068
2.74048136 2.95392666 6.11999061 0.10866447
2.73980808 2.95200103 6.11868068 0.10925352
2.73913545 2.95006867 6.11736002 0.10984792
2.73846352 2.94812954 6.11602850 0.11044776
2.73779231 2.94618360 6.11468600 0.11105310
2.73712185 2.94423080 6.11333238 0.11166403
2.73645219 2.94227110 6.11196750 0.11228063
2.73578336 2.94030445 6.11059124 0.11290300
2.73511539 2.93833080 6.10920346 0.11353121
2.73444832 2.93635012 6.10780402 0.11416536
2.73378219 2.93436235 6.10639277 0.11480554
2.73311703 2.93236745 6.10496957 0.11545184
2.73245289 2.93036537 6.10353428 0.11610435
2.73178979 2.92835606 6.10208675 0.11676318
2.73112779 2.92633946 6.10062683 0.11742842
2.73046692 2.92431554 6.09915437 0.11810018
2.72980722 2.92228424 6.09766921 0.11877856
2.72914874 2.92024550 6.09617120 0.11946366
2.72849150 2.91819928 6.09466018 0.12015560
2.72783557 2.91614552 6.09313599 0.12085448
2.72718097 2.91408417 6.09159847 0.12156042
2.72652776 2.91201518 6.09004744 0.12227354
2.72587598 2.90993848 6.08848275 0.12299396
2.72522567 2.90785402 6.08690422 0.12372179
2.72457688 2.90576174 6.08531168 0.12445717
2.72392965 2.90366159 6.08370495 0.12520021
2.72328403 2.90155351 6.08208386 0.12595106
2.72264007 2.89943743 6.08044822 0.12670984
2.72199782 2.89731329 6.07879785 0.12747669
2.72135732 2.89518104 6.07713257 0.12825175
2.72071863 2.89304061 6.07545219 0.12903516
2.72008180 2.89089194 6.07375651 0.12982707
2.71944687 2.88873496 6.07204534 0.13062764
2.71881390 2.88656960 6.07031848 0.13143700
2.71818294 2.88439580 6.06857573 0.13225533
2.71755405 2.88221349 6.06681690 0.13308278
2.71692727 2.88002261 6.06504177 0.13391952
2.71630267 2.87782307 6.06325014 0.13476571
2.71568029 2.87561481 6.06144178 0.13562153
2.71506020 2.87339776 6.05961650 0.13648715
2.71444245 2.87117184 6.05777407 0.13736276
2.71382709 2.86893698 6.05591426 0.13824854
2.71321420 2.86669310 6.05403686 0.13914468
2.71260382 2.86444012 6.05214163 0.14005138
2.71199601 2.86217797 6.05022835 0.14096884
2.71139084 2.85990656 6.04829678 0.14189725
2.71078837 2.85762582 6.04634668 0.14283684
2.71018866 2.85533566 6.04437781 0.14378781
2.70959178 2.85303599 6.04238992 0.14475038
2.70899778 2.85072673 6.04038277 0.14572478
2.70840673 2.84840780 6.03835611 0.14671124
2.70781871 2.84607910 6.03630967 0.14771000
2.70723376 2.84374054 6.03424321 0.14872130
2.70665197 2.84139204 6.03215645 0.14974538
2.70607340 2.83903349 6.03004913 0.15078250
2.70549812 2.83666481 6.02792098 0.15183292
2.70492619 2.83428590 6.02577172 0.15289691
2.70435770 2.83189666 6.02360108 0.15397474
2.70379270 2.82949699 6.02140878 0.15506669
2.70323128 2.82708679 6.01919452 0.15617305
2.70267351 2.82466595 6.01695802 0.15729411
2.70211945 2.82223438 6.01469898 0.15843018
2.70156919 2.81979196 6.01241711 0.15958156
2.70102280 2.81733859 6.01011210 0.16074857
2.70048035 2.81487415 6.00778365 0.16193154
2.69994194 2.81239854 6.00543145 0.16313080
2.69940762 2.80991164 6.00305518 0.16434668
2.69887749 2.80741333 6.00065452 0.16557955
2.69835162 2.80490349 5.99822915 0.16682975
2.69783009 2.80238202 5.99577874 0.16809766
2.69731299 2.79984877 5.99330296 0.16938365
2.69680040 2.79730364 5.99080147 0.17068811
2.69629239 2.79474650 5.98827394 0.17201142
2.69578907 2.79217721 5.98572001 0.17335400
2.69529051 2.78959564 5.98313935 0.17471626
2.69479679 2.78700168 5.98053159 0.17609863
2.69430801 2.78439517 5.97789637 0.17750153
2.69382425 2.78177599 5.97523334 0.17892543
2.69334560 2.77914399 5.97254213 0.18037076
2.69287216 2.77649904 5.96982236 0.18183800
2.69240400 2.77384098 5.96707367 0.18332764
2.69194123 2.77116969 5.96429566 0.18484015
2.69148393 2.76848501 5.96148796 0.18637604
2.69103220 2.76578678 5.95865017 0.18793583
2.69058613 2.76307486 5.95578191 0.18952005
2.69014582 2.76034910 5.95288278 0.19112922
2.68971136 2.75760933 5.94995236 0.19276391
2.68928284 2.75485541 5.94699027 0.19442468
2.68886037 2.75208716 5.94399608 0.19611211
2.68844404 2.74930442 5.94096938 0.19782678
2.68803395 2.74650703 5.93790976 0.19956930
2.68763020 2.74369483 5.93481679 0.20134030
2.68723288 2.74086763 5.93169004 0.20314040
2.68684210 2.73802528 5.92852909 0.20497026
2.68645797 2.73516759 5.92533349 0.20683052
2.68608057 2.73229439 5.92210282 0.20872188
2.68571001 2.72940549 5.91883663 0.21064501
2.68534640 2.72650073 5.91553448 0.21260063
2.68498984 2.72357991 5.91219591 0.21458946
2.68464043 2.72064286 5.90882048 0.21661223
2.68429827 2.71768938 5.90540773 0.21866970
2.68396348 2.71471928 5.90195721 0.22076263
2.68363615 2.71173238 5.89846845 0.22289181
2.68331640 2.70872849 5.89494100 0.22505802
2.68300431 2.70570740 5.89137439 0.22726210
2.68270002 2.70266893 5.88776815 0.22950487
2.68240361 2.69961288 5.88412181 0.23178716
2.68211519 2.69653904 5.88043492 0.23410986
2.68183488 2.69344722 5.87670699 0.23647382
2.68156278 2.69033723 5.87293756 0.23887995
2.68129899 2.68720884 5.86912615 0.24132916
2.68104362 2.68406188 5.86527229 0.24382236
2.68079678 2.68089612 5.86137552 0.24636049
2.68055857 2.67771137 5.85743535 0.24894451
2.68032911 2.67450742 5.85345133 0.25157538
2.68010849 2.67128407 5.84942298 0.25425409
2.67989683 2.66804112 5.84534983 0.25698163
2.67969422 2.66477835 5.84123143 0.25975902
2.67950078 2.66149557 5.83706730 0.26258726
2.67931660 2.65819257 5.83285701 0.26546739
2.67914179 2.65486916 5.82860008 0.26840046
2.67897646 2.65152513 5.82429607 0.27138753
2.67882070 2.64816028 5.81994454 0.27442966
2.67867462 2.64477441 5.81554506 0.27752791
2.67853831 2.64136734 5.81109718 0.28068338
2.67841188 2.63793886 5.80660050 0.28389715
2.67829542 2.63448880 5.80205459 0.28717031
2.67818902 2.63101696 5.79745905 0.29050397
2.67809279 2.62752317 5.79281348 0.29389922
2.67800682 2.62400724 5.78811750 0.29735717
2.67793119 2.62046900 5.78337073 0.30087891
2.67786600 2.61690830 5.77857282 0.30446555
2.67781134 2.61332495 5.77372342 0.30811818
2.67776728 2.60971882 5.76882220 0.31183789
2.67773392 2.60608975 5.76386884 0.31562576
2.67771133 2.60243760 5.75886305 0.31948286
2.67769959 2.59876224 5.75380454 0.32341025
2.67769878 2.59506355 5.74869305 0.32740897
2.67770897 2.59134140 5.74352835 0.33148004
2.67773023 2.58759570 5.73831021 0.33562447
2.67776263 2.58382634 5.73303844 0.33984322
2.67780622 2.58003326 5.72771287 0.34413725
2.67786107 2.57621638 5.72233335 0.34850748
2.67792724 2.57237563 5.71689978 0.35295479
2.67800477 2.56851098 5.71141206 0.35748002
2.67809371 2.56462241 5.70587013 0.36208397
2.67819411 2.56070988 5.70027398 0.36676740
2.67830600 2.55677342 5.69462360 0.37153102
2.67842942 2.55281303 5.68891905 0.37637547
2.67856440 2.54882876 5.68316040 0.38130134
2.67871096 2.54482066 5.67734778 0.38630916
2.67886912 2.54078881 5.67148134 0.39139938
2.67903889 2.53673331 5.66556128 0.39657239
2.67922029 2.53265428 5.65958786 0.40182849
2.67941330 2.52855186 5.65356135 0.40716790
2.67961794 2.52442621 5.64748210 0.41259075
2.67983417 2.52027753 5.64135050 0.41809708
2.68006200 2.51610604 5.63516697 0.42368682
2.68030139 2.51191197 5.62893200 0.42935980
2.68055231 2.50769559 5.62264613 0.43511576
2.68081473 2.50345721 5.61630997 0.44095428
2.68108859 2.49919715 5.60992415 0.44687487
2.68137385 2.49491576 5.60348938 0.45287688
2.68167045 2.49061344 5.59700644 0.45895954
2.68197831 2.48629061 5.59047614 0.46512195
2.68229736 2.48194771 5.58389938 0.47136307
2.68262751 2.47758524 5.57727710 0.47768172
2.68296867 2.47320370 5.57061032 0.48407656
2.68332073 2.46880366 5.56390011 0.49054611
2.68368360 2.46438569 5.55714762 0.49708873
2.68405715 2.45995042 5.55035405 0.50370264
2.68444124 2.45549850 5.54352067 0.51038587
2.68483575 2.45103063 5.53664883 0.51713631
2.68524053 2.44654754 5.52973991 0.52395169
2.68565543 2.44204999 5.52279539 0.53082958
2.68608028 2.43753877 5.51581681 0.53776736
2.68651491 2.43301472 5.50880576 0.54476229
2.68695914 2.42847872 5.50176391 0.55181143
2.68741278 2.42393166 5.49469298 0.55891171
2.68787563 2.41937448 5.48759475 0.56605988
2.68834749 2.41480815 5.48047108 0.57325256
2.68882814 2.41023369 5.47332386 0.58048620
2.68931735 2.40565212 5.46615508 0.58775713
2.68981490 2.40106452 5.45896673 0.59506152
2.69032055 2.39647198 5.45176089 0.60239543
2.69083405 2.39187562 5.44453969 0.60975478
2.69135514 2.38727660 5.43730528 0.61713538
2.69188357 2.38267610 5.43005989 0.62453295
2.69241906 2.37807531 5.42280576 0.63194308
2.69296134 2.37347546 5.41554518 0.63936131
2.69351013 2.36887780 5.40828048 0.64678308
2.69406514 2.36428358 5.40101401 0.65420378
2.69462609 2.35969409 5.39374815 0.66161874
2.69519266 2.35511060 5.38648531 0.66902326
2.69576457 2.35053443 5.37922790 0.67641262
2.69634150 2.34596689 5.37197836 0.68378206
2.69692316 2.34140929 5.36473913 0.69112685
2.69750921 2.33686295 5.35751266 0.69844227
2.69809936 2.33232920 5.35030139 0.70572362
2.69869329 2.32780936 5.34310777 0.71296625
2.69929067 2.32330475 5.33593424 0.72016555
2.69989119 2.31881668 5.32878320 0.72731701
2.70049453 2.31434645 5.32165705 0.73441618
2.70110037 2.30989535 5.31455819 0.74145871
2.70170839 2.30546467 5.30748894 0.74844036
2.70231828 2.30105566 5.30045163 0.75535700
2.70292972 2.29666957 5.29344854 0.76220466
2.70354239 2.29230762 5.28648191 0.76897949
2.70415599 2.28797100 5.27955393 0.77567778
2.70477022 2.28366089 5.27266674 0.78229601
2.70538476 2.27937844 5.26582244 0.78883081
2.70599932 2.27512476 5.25902306 0.79527899
2.70661360 2.27090093 5.25227059 0.80163754
2.70722732 2.26670800 5.24556693 0.80790364
2.70784020 2.26254698 5.23891393 0.81407467
2.70845194 2.25841887 5.23231339 0.82014821
2.70906229 2.25432459 5.22576701 0.82612201
2.70967099 2.25026504 5.21927643 0.83199405
2.71027776 2.24624110 5.21284323 0.83776250
2.71088236 2.24225358 5.20646889 0.84342575
2.71148456 2.23830326 5.20015484 0.84898235
2.71208410 2.23439088 5.19390241 0.85443109
2.71268077 2.23051712 5.18771286 0.85977094
2.71327435 2.22668265 5.18158738 0.86500106
2.71386463 2.22288807 5.17552707 0.87012080
2.71445140 2.21913394 5.16953296 0.87512971
2.71503447 2.21542078 5.16360599 0.88002749
2.71561365 2.21174908 5.15774705 0.88481404
2.71618876 2.20811926 5.15195690 0.88948943
2.71675965 2.20453172 5.14623628 0.89405386
2.71732614 2.20098681 5.14058583 0.89850773
2.71788809 2.19748484 5.13500611 0.90285153
2.71844535 2.19402608 5.12949761 0.90708595
2.71899779 2.19061075 5.12406076 0.91121177
2.71954528 2.18723904 5.11869591 0.91522991
2.72008771 2.18391112 5.11340335 0.91914141
2.72062496 2.18062708 5.10818329 0.92294741
2.72115693 2.17738701 5.10303589 0.92664915
2.72168353 2.17419096 5.09796124 0.93024797
2.72220467 2.17103894 5.09295938 0.93374530
2.72272028 2.16793091 5.08803028 0.93714264
2.72323027 2.16486684 5.08317386 0.94044155
2.72373459 2.16184663 5.07838999 0.94364369
2.72423318 2.15887018 5.07367848 0.94675073
2.72472599 2.15593733 5.06903909 0.94976442
2.72521296 2.15304794 5.06447156 0.95268654
2.72569408 2.15020180 5.05997555 0.95551893
2.72616929 2.14739870 5.05555070 0.95826342
2.72663858 2.14463840 5.05119660 0.96092190
2.72710192 2.14192065 5.04691281 0.96349626
2.72755930 2.13924516 5.04269886 0.96598842
2.72801072 2.13661164 5.03855422 0.96840031
2.72845615 2.13401976 5.03447835 0.97073383
2.72889561 2.13146920 5.03047070 0.97299094
2.72932910 2.12895961 5.02653064 0.97517354
2.72975662 2.12649063 5.02265757 0.97728356
2.73017819 2.12406188 5.01885083 0.97932290
2.73059383 2.12167296 5.01510975 0.98129346
2.73100355 2.11932349 5.01143365 0.98319712
2.73140738 2.11701305 5.00782182 0.98503573
2.73180534 2.11474123 5.00427354 0.98681113
2.73219747 2.11250759 5.00078807 0.98852515
2.73258379 2.11031169 4.99736466 0.99017955
2.73296435 2.10815311 4.99400256 0.99177611
2.73333918 2.10603138 4.99070098 0.99331655
2.73370832 2.10394605 4.98745915 0.99480259
2.73407182 2.10189668 4.98427628 0.99623588
2.73442972 2.09988278 4.98115157 0.99761806
2.73478206 2.09790391 4.97808423 0.99895074
2.73512890 2.09595958 4.97507346 1.00023550
2.73547028 2.09404934 4.97211844 1.00147385
2.73580627 2.09217271 4.96921837 1.00266732
2.73613690 2.09032922 4.96637243 1.00381735
2.73646223 2.08851839 4.96357983 1.00492538
2.73678233 2.08673975 4.96083974 1.00599281
2.73709725 2.08499284 4.95815136 1.00702098
2.73740703 2.08327718 4.95551389 1.00801124
2.73771176 2.08159229 4.95292652 1.00896485
2.73801147 2.07993773 4.95038845 1.00988308
2.73830623 2.07831301 4.94789888 1.01076714
2.73859611 2.07671767 4.94545703 1.01161821
2.73888116 2.07515126 4.94306210 1.01243745
2.73916144 2.07361332 4.94071332 1.01322596
2.73943702 2.07210339 4.93840992 1.01398483
2.73970795 2.07062101 4.93615111 1.01471511
2.73997430 2.06916576 4.93393615 1.01541782
2.74023613 2.06773717 4.93176428 1.01609394
2.74049350 2.06633482 4.92963475 1.01674442
2.74074647 2.06495826 4.92754682 1.01737019
2.74099511 2.06360706 4.92549975 1.01797215
2.74123948 2.06228081 4.92349284 1.01855115
2.74147964 2.06097907 4.92152535 1.01910804
2.74171564 2.05970144 4.91959659 1.01964363
2.74194755 2.05844749 4.91770586 1.02015870
2.74217544 2.05721682 4.91585246 1.02065401
2.74239935 2.05600904 4.91403572 1.02113028
2.74261936 2.05482373 4.91225496 1.02158823
2.74283552 2.05366052 4.91050953 1.02202854
2.74304789 2.05251901 4.90879877 1.02245185
2.74325652 2.05139882 4.90712205 1.02285882
2.74346149 2.05029958 4.90547871 1.02325005
2.74366283 2.04922091 4.90386814 1.02362613
2.74386062 2.04816245 4.90228973 1.02398764
2.74405491 2.04712384 4.90074287 1.02433513
2.74424575 2.04610473 4.89922696 1.02466912
2.74443321 2.04510475 4.89774141 1.02499013
2.74461732 2.04412357 4.89628565 1.02529866
2.74479816 2.04316086 4.89485910 1.02559517
2.74497577 2.04221626 4.89346121 1.02588012
2.74515021 2.04128946 4.89209143 1.02615397
2.74532153 2.04038014 4.89074922 1.02641712
2.74548977 2.03948796 4.88943404 1.02667000
2.74565500 2.03861263 4.88814537 1.02691300
2.74581726 2.03775382 4.88688269 1.02714649
2.74597661 2.03691124 4.88564550 1.02737085
2.74613309 2.03608459 4.88443331 1.02758642
2.74628675 2.03527357 4.88324562 1.02779355
2.74643763 2.03447790 4.88208196 1.02799255
2.74658580 2.03369729 4.88094185 1.02818375
2.74673128 2.03293146 4.87982484 1.02836745
2.74687414 2.03218014 4.87873046 1.02854394
2.74701441 2.03144306 4.87765827 1.02871350
2.74715214 2.03071996 4.87660784 1.02887639
2.74728738 2.03001056 4.87557872 1.02903288
2.74742016 2.02931463 4.87457051 1.02918322
2.74755053 2.02863190 4.87358279 1.02932764
2.74767853 2.02796212 4.87261514 1.02946638
2.74780421 2.02730507 4.87166717 1.02959966
2.74792761 2.02666049 4.87073849 1.02972769
2.74804875 2.02602815 4.86982871 1.02985067
2.74816770 2.02540783 4.86893746 1.02996881
2.74828447 2.02479930 4.86806437 1.03008230
2.74839912 2.02420233 4.86720906 1.03019131
2.74851168 2.02361671 4.86637120 1.03029602
2.74862218 2.02304222 4.86555042 1.03039660
2.74873067 2.02247866 4.86474638 1.03049321
2.74883718 2.02192581 4.86395875 1.03058601
2.74894175 2.02138348 4.86318720 1.03067515
2.74904440 2.02085147 4.86243140 1.03076077
2.74914518 2.02032958 4.86169104 1.03084301
2.74924412 2.01981762 4.86096581 1.03092200
2.74934125 2.01931540 4.86025539 1.03099787
2.74943660 2.01882274 4.85955950 1.03107074
2.74953021 2.01833945 4.85887784 1.03114073
2.74962211 2.01786536 4.85821011 1.03120796
2.74971233 2.01740030 4.85755605 1.03127253
2.74980089 2.01694409 4.85691537 1.03133455
2.74988784 2.01649656 4.85628780 1.03139412
2.74997319 2.01605755 4.85567308 1.03145133
2.75005698 2.01562690 4.85507094 1.03150628
2.75013924 2.01520445 4.85448114 1.03155906
2.75021999 2.01479004 4.85390341 1.03160975
2.75029926 2.01438353 4.85333752 1.03165844
2.75037708 2.01398475 4.85278323 1.03170520
2.75045347 2.01359356 4.85224029 1.03175011
2.75052847 2.01320983 4.85170848 1.03179324
2.75060209 2.01283340 4.85118758 1.03183467
2.75067436 2.01246413 4.85067735 1.03187446
2.75074531 2.01210190 4.85017759 1.03191268
2.75081496 2.01174656 4.84968808 1.03194938
2.75088333 2.01139799 4.84920861 1.03198463
2.75095045 2.01105606 4.84873897 1.03201849
2.75101635 2.01072063 4.84827898 1.03205100
2.75108103 2.01039159 4.84782842 1.03208223
2.75114453 2.01006882 4.84738711 1.03211223
2.75120687 2.00975219 4.84695485 1.03214104
2.75126807 2.00944158 4.84653148 1.03216870
2.75132814 2.00913689 4.84611679 1.03219528
2.75138712 2.00883800 4.84571062 1.03222080
2.75144502 2.00854480 4.84531279 1.03224531
2.75150185 2.00825718 4.84492313 1.03226885
2.75155765 2.00797503 4.84454148 1.03229146
2.75161243 2.00769825 4.84416767 1.03231317
2.75166620 2.00742674 4.84380153 1.03233403
2.75171899 2.00716040 4.84344292 1.03235406
2.75177081 2.00689913 4.84309168 1.03237330
2.75182169 2.00664282 4.84274766 1.03239178
2.75187163 2.00639139 4.84241071 1.03240952
2.75192067 2.00614475 4.84208069 1.03242656
2.75196880 2.00590280 4.84175745 1.03244293
2.75201606 2.00566545 4.84144085 1.03245865
2.75206245 2.00543261 4.84113077 1.03247375
2.75210800 2.00520421 4.84082706 1.03248826
2.75215271 2.00498015 4.84052960 1.03250218
2.75219661 2.00476035 4.84023825 1.03251556
2.75223971 2.00454473 4.83995290 1.03252841
2.75228202 2.00433321 4.83967342 1.03254075
2.75232355 2.00412571 4.83939968 1.03255260
2.75236433 2.00392215 4.83913158 1.03256398
2.75240437 2.00372247 4.83886900 1.03257492
2.75244368 2.00352658 4.83861181 1.03258542
2.75248226 2.00333442 4.83835992 1.03259550
2.75252015 2.00314591 4.83811322 1.03260519
2.75255735 2.00296098 4.83787159 1.03261449
2.75259386 2.00277957 4.83763494 1.03262342
2.75262972 2.00260160 4.83740315 1.03263201
2.75266492 2.00242702 4.83717614 1.03264025
2.75269947 2.00225575 4.83695380 1.03264816
2.75273340 2.00208773 4.83673604 1.03265577
2.75276672 2.00192291 4.83652276 1.03266307
2.75279942 2.00176122 4.83631388 1.03267008
2.75283154 2.00160260 4.83610929 1.03267682
2.75286306 2.00144699 4.83590892 1.03268329
2.75289402 2.00129434 4.83571268 1.03268951
2.75292441 2.00114459 4.83552048 1.03269547
2.75295425 2.00099768 4.83533224 1.03270121
2.75298355 2.00085356 4.83514787 1.03270671
2.75301232 2.00071218 4.83496731 1.03271200
2.75304057 2.00057348 4.83479046 1.03271708
2.75306830 2.00043741 4.83461726 1.03272196
2.75309553 2.00030392 4.83444762 1.03272665
2.75312227 2.00017297 4.83428149 1.03273115
2.75314852 2.00004451 4.83411877 1.03273547
2.75317430 1.99991848 4.83395941 1.03273962
2.75319961 1.99979484 4.83380334 1.03274361
2.75322446 1.99967355 4.83365048 1.03274744
2.75324886 1.99955456 4.83350077 1.03275112
2.75327282 1.99943783 4.83335415 1.03275466
2.75329635 1.99932331 4.83321055 1.03275805
2.75331945 1.99921096 4.83306991 1.03276131
2.75334214 1.99910075 4.83293217 1.03276444
2.75336441 1.99899262 4.83279727 1.03276745
2.75338628 1.99888655 4.83266515 1.03277034
2.75340776 1.99878248 4.83253576 1.03277312
2.75342885 1.99868039 4.83240904 1.03277578
2.75344956 1.99858023 4.83228493 1.03277834
2.75346990 1.99848198 4.83216338 1.03278080
2.75348987 1.99838558 4.83204433 1.03278317
2.75350947 1.99829101 4.83192775 1.03278544
2.75352873 1.99819824 4.83181357 1.03278761
2.75354764 1.99810722 4.83170174 1.03278971
2.75356621 1.99801793 4.83159222 1.03279172
2.75358444 1.99793032 4.83148496 1.03279365
2.75360235 1.99784438 4.83137992 1.03279551
2.75361994 1.99776007 4.83127704 1.03279729
2.75363720 1.99767735 4.83117628 1.03279900
2.75365416 1.99759620 4.83107761 1.03280065
2.75367082 1.99751659 4.83098097 1.03280222
2.75368717 1.99743848 4.83088633 1.03280374
2.75370323 1.99736185 4.83079364 1.03280520
2.75371900 1.99728668 4.83070286 1.03280660
2.75373449 1.99721292 4.83061396 1.03280794
2.75374971 1.99714057 4.83052689 1.03280924
2.75376465 1.99706958 4.83044162 1.03281048
2.75377932 1.99699993 4.83035811 1.03281167
2.75379373 1.99693161 4.83027633 1.03281281
2.75380788 1.99686458 4.83019623 1.03281391
2.75382178 1.99679881 4.83011779 1.03281497
2.75383543 1.99673429 4.83004097 1.03281598
2.75384883 1.99667099 4.82996574 1.03281696
2.75386200 1.99660889 4.82989206 1.03281790
2.75387493 1.99654796 4.82981990 1.03281880
2.75388763 1.99648819 4.82974924 1.03281966
2.75390010 1.99642954 4.82968003 1.03282049
2.75391235 1.99637201 4.82961225 1.03282129
2.75392438 1.99631556 4.82954588 1.03282205
2.75393620 1.99626018 4.82948088 1.03282279
2.75394780 1.99620584 4.82941721 1.03282350
2.75395920 1.99615254 4.82935487 1.03282418
2.75397040 1.99610024 4.82929381 1.03282483
2.75398140 1.99604893 4.82923402 1.03282545
2.75399220 1.99599859 4.82917546 1.03282606
2.75400281 1.99594920 4.82911811 1.03282663
2.75401323 1.99590075 4.82906195 1.03282719
2.75402347 1.99585321 4.82900695 1.03282772
2.75403352 1.99580656 4.82895309 1.03282824
2.75404339 1.99576080 4.82890034 1.03282873
2.75405309 1.99571591 4.82884868 1.03282920
2.75406262 1.99567186 4.82879809 1.03282966
2.75407198 1.99562864 4.82874855 1.03283009
2.75408117 1.99558624 4.82870003 1.03283051
2.75409020 1.99554464 4.82865251 1.03283091
2.75409907 1.99550383 4.82860598 1.03283130
2.75410778 1.99546378 4.82856041 1.03283167
2.75411634 1.99542450 4.82851579 1.03283203
2.75412475 1.99538595 4.82847208 1.03283237
2.75413300 1.99534813 4.82842928 1.03283270
2.75414112 1.99531103 4.82838737 1.03283302
2.75414909 1.99527462 4.82834633 1.03283333
2.75415691 1.99523891 4.82830613 1.03283362
2.75416460 1.99520386 4.82826677 1.03283390
2.75417216 1.99516948 4.82822822 1.03283417
2.75417958 1.99513575 4.82819047 1.03283443
2.75418686 1.99510265 4.82815350 1.03283468
2.75419403 1.99507018 4.82811729 1.03283492
2.75420106 1.99503832 4.82808184 1.03283515
2.75420797 1.99500706 4.82804712 1.03283537
2.75421476 1.99497639 4.82801312 1.03283558
2.75422143 1.99494630 4.82797982 1.03283578
2.75422798 1.99491677 4.82794721 1.03283598
2.75423442 1.99488780 4.82791528 1.03283617
2.75424074 1.99485938 4.82788401 1.03283635
2.75424695 1.99483150 4.82785339 1.03283652
2.75425306 1.99480414 4.82782340 1.03283669
2.75425905 1.99477729 4.82779404 1.03283685
2.75426494 1.99475095 4.82776528 1.03283700
2.75427073 1.99472511 4.82773712 1.03283715
2.75427641 1.99469976 4.82770954 1.03283729
2.75428200 1.99467488 4.82768253 1.03283743
2.75428749 1.99465047 4.82765608 1.03283756
2.75429288 1.99462652 4.82763019 1.03283769
2.75429818 1.99460302 4.82760482 1.03283781
2.75430338 1.99457997 4.82757999 1.03283792
2.75430849 1.99455735 4.82755567 1.03283804
2.75431352 1.99453515 4.82753185 1.03283814
2.75431845 1.99451337 4.82750853 1.03283825
2.75432330 1.99449201 4.82748569 1.03283834
2.75432807 1.99447104 4.82746333 1.03283844
2.75433275 1.99445047 4.82744143 1.03283853
2.75433735 1.99443029 4.82741998 1.03283862
2.75434187 1.99441048 4.82739898 1.03283870
2.75434631 1.99439105 4.82737841 1.03283879
2.75435067 1.99437199 4.82735827 1.03283886
2.75435496 1.99435328 4.82733855 1.03283894
2.75435917 1.99433493 4.82731924 1.03283901
2.75436331 1.99431692 4.82730033 1.03283908
2.75436738 1.99429925 4.82728181 1.03283915
2.75437138 1.99428191 4.82726367 1.03283921
2.75437530 1.99426490 4.82724592 1.03283927
2.75437916 1.99424821 4.82722853 1.03283933
2.75438295 1.99423183 4.82721150 1.03283939
2.75438668 1.99421576 4.82719483 1.03283944
2.75439034 1.99419999 4.82717850 1.03283949
2.75439393 1.99418452 4.82716251 1.03283954
2.75439747 1.99416934 4.82714685 1.03283959
2.75440094 1.99415445 4.82713152 1.03283964
2.75440436 1.99413983 4.82711651 1.03283968
2.75440771 1.99412549 4.82710181 1.03283973
2.75441100 1.99411142 4.82708741 1.03283977
2.75441424 1.99409761 4.82707331 1.03283981
2.75441743 1.99408407 4.82705951 1.03283985
2.75442055 1.99407077 4.82704599 1.03283988
2.75442363 1.99405773 4.82703276 1.03283992
2.75442665 1.99404493 4.82701980 1.03283995
2.75442961 1.99403238 4.82700711 1.03283998
2.75443253 1.99402006 4.82699468 1.03284001
2.75443540 1.99400797 4.82698251 1.03284004
2.75443821 1.99399610 4.82697060 1.03284007
2.75444098 1.99398446 4.82695893 1.03284010
2.75444370 1.99397304 4.82694750 1.03284013
2.75444637 1.99396183 4.82693632 1.03284015
2.75444900 1.99395084 4.82692536 1.03284018
2.75445158 1.99394005 4.82691463 1.03284020
2.75445412 1.99392946 4.82690413 1.03284022
2.75445661 1.99391907 4.82689384 1.03284025
2.75445906 1.99390887 4.82688377 1.03284027
2.75446147 1.99389887 4.82687391 1.03284029
2.75446384 1.99388906 4.82686426 1.03284031
2.75446616 1.99387943 4.82685480 1.03284032
2.75446845 1.99386997 4.82684554 1.03284034
2.75447070 1.99386070 4.82683648 1.03284036
2.75447290 1.99385160 4.82682760 1.03284038
2.75447507 1.99384267 4.82681891 1.03284039
2.75447721 1.99383391 4.82681040 1.03284041
2.75447930 1.99382532 4.82680206 1.03284042
2.75448136 1.99381688 4.82679390 1.03284044
2.75448339 1.99380860 4.82678591 1.03284045
2.75448538 1.99380048 4.82677809 1.03284046
2.75448733 1.99379251 4.82677043 1.03284047
2.75448926 1.99378469 4.82676293 1.03284049
2.75449115 1.99377702 4.82675558 1.03284050
2.75449300 1.99376948 4.82674839 1.03284051
2.75449483 1.99376210 4.82674135 1.03284052
2.75449662 1.99375484 4.82673446 1.03284053
