5.51557457 7.74153554 1.13392871 7.36581062 0.01064409
5.51542371 7.74126189 1.13397137 7.36610874 0.01066294
5.51527259 7.74098780 1.13401407 7.36640737 0.01068185
5.51512120 7.74071327 1.13405682 7.36670651 0.01070083
5.51496954 7.74043830 1.13409962 7.36700617 0.01071987
5.51481761 7.74016288 1.13414247 7.36730634 0.01073897
5.51466541 7.73988702 1.13418536 7.36760703 0.01075814
5.51451294 7.73961072 1.13422830 7.36790824 0.01077737
5.51436020 7.73933397 1.13427129 7.36820997 0.01079667
5.51420718 7.73905677 1.13431432 7.36851222 0.01081603
5.51405389 7.73877912 1.13435740 7.36881500 0.01083546
5.51390033 7.73850102 1.13440053 7.36911831 0.01085495
5.51374649 7.73822247 1.13444371 7.36942214 0.01087451
5.51359238 7.73794346 1.13448694 7.36972650 0.01089414
5.51343799 7.73766400 1.13453022 7.37003139 0.01091383
5.51328332 7.73738408 1.13457355 7.37033681 0.01093359
5.51312837 7.73710370 1.13461692 7.37064277 0.01095342
5.51297315 7.73682287 1.13466034 7.37094927 0.01097332
5.51281764 7.73654157 1.13470382 7.37125630 0.01099328
5.51266185 7.73625981 1.13474734 7.37156387 0.01101331
5.51250578 7.73597759 1.13479091 7.37187198 0.01103341
5.51234942 7.73569490 1.13483453 7.37218064 0.01105358
5.51219279 7.73541175 1.13487821 7.37248983 0.01107382
5.51203586 7.73512812 1.13492193 7.37279958 0.01109413
5.51187865 7.73484403 1.13496570 7.37310987 0.01111451
5.51172116 7.73455946 1.13500952 7.37342071 0.01113496
5.51156337 7.73427442 1.13505340 7.37373211 0.01115549
5.51140530 7.73398891 1.13509732 7.37404406 0.01117608
5.51124694 7.73370292 1.13514130 7.37435656 0.01119674
5.51108829 7.73341646 1.13518532 7.37466962 0.01121748
5.51092935 7.73312951 1.13522940 7.37498323 0.01123829
5.51077011 7.73284209 1.13527353 7.37529741 0.01125917
5.51061059 7.73255418 1.13531771 7.37561215 0.01128012
5.51045076 7.73226579 1.13536194 7.37592745 0.01130115
5.51029065 7.73197692 1.13540623 7.37624332 0.01132225
5.51013023 7.73168755 1.13545056 7.37655976 0.01134342
5.50996952 7.73139770 1.13549495 7.37687676 0.01136467
5.50980851 7.73110736 1.13553940 7.37719434 0.01138599
5.50964721 7.73081653 1.13558389 7.37751249 0.01140739
5.50948560 7.73052520 1.13562844 7.37783121 0.01142887
5.50932369 7.73023339 1.13567304 7.37815051 0.01145042
5.50916148 7.72994107 1.13571769 7.37847039 0.01147205
5.50899897 7.72964826 1.13576240 7.37879085 0.01149375
5.50883616 7.72935494 1.13580716 7.37911189 0.01151553
5.50867304 7.72906113 1.13585197 7.37943352 0.01153739
5.50850961 7.72876681 1.13589684 7.37975573 0.01155932
5.50834588 7.72847199 1.13594177 7.38007853 0.01158134
5.50818184 7.72817666 1.13598674 7.38040193 0.01160343
5.50801749 7.72788083 1.13603178 7.38072591 0.01162560
5.50785283 7.72758448 1.13607686 7.38105048 0.01164785
5.50768786 7.72728762 1.13612200 7.38137566 0.01167019
5.50752258 7.72699026 1.13616720 7.38170143 0.01169260
5.50735699 7.72669237 1.13621245 7.38202780 0.01171509
5.50719108 7.72639397 1.13625776 7.38235477 0.01173766
5.50702485 7.72609505 1.13630312 7.38268235 0.01176032
5.50685832 7.72579562 1.13634854 7.38301053 0.01178305
5.50669146 7.72549566 1.13639402 7.38333932 0.01180587
5.50652429 7.72519518 1.13643955 7.38366871 0.01182878
5.50635679 7.72489417 1.13648514 7.38399873 0.01185176
5.50618898 7.72459264 1.13653078 7.38432935 0.01187483
5.50602085 7.72429058 1.13657648 7.38466059 0.01189798
5.50585239 7.72398798 1.13662224 7.38499245 0.01192122
5.50568361 7.72368486 1.13666806 7.38532493 0.01194454
5.50551451 7.72338120 1.13671393 7.38565803 0.01196795
5.50534508 7.72307701 1.13675986 7.38599175 0.01199144
5.50517532 7.72277228 1.13680585 7.38632611 0.01201502
5.50500524 7.72246701 1.13685190 7.38666109 0.01203869
5.50483483 7.72216120 1.13689800 7.38699670 0.01206245
5.50466409 7.72185485 1.13694417 7.38733294 0.01208629
5.50449301 7.72154795 1.13699039 7.38766982 0.01211022
5.50432161 7.72124050 1.13703667 7.38800733 0.01213423
5.50414987 7.72093251 1.13708301 7.38834549 0.01215834
5.50397780 7.72062397 1.13712941 7.38868428 0.01218254
5.50380539 7.72031487 1.13717587 7.38902372 0.01220683
5.50363264 7.72000522 1.13722239 7.38936381 0.01223120
5.50345956 7.71969502 1.13726897 7.38970454 0.01225567
5.50328614 7.71938426 1.13731561 7.39004592 0.01228023
5.50311238 7.71907293 1.13736231 7.39038796 0.01230488
5.50293828 7.71876105 1.13740907 7.39073065 0.01232963
5.50276383 7.71844860 1.13745589 7.39107400 0.01235446
5.50258904 7.71813559 1.13750278 7.39141800 0.01237939
5.50241391 7.71782201 1.13754972 7.39176267 0.01240442
5.50223843 7.71750786 1.13759673 7.39210800 0.01242953
5.50206260 7.71719314 1.13764379 7.39245400 0.01245475
5.50188643 7.71687784 1.13769092 7.39280066 0.01248006
5.50170990 7.71656197 1.13773811 7.39314800 0.01250546
5.50153302 7.71624552 1.13778537 7.39349601 0.01253096
5.50135580 7.71592850 1.13783269 7.39384469 0.01255656
5.50117822 7.71561089 1.13788006 7.39419405 0.01258226
5.50100028 7.71529269 1.13792751 7.39454410 0.01260805
5.50082199 7.71497392 1.13797501 7.39489482 0.01263394
5.50064334 7.71465455 1.13802258 7.39524623 0.01265993
5.50046434 7.71433460 1.13807022 7.39559832 0.01268602
5.50028497 7.71401405 1.13811791 7.39595111 0.01271221
5.50010525 7.71369291 1.13816568 7.39630459 0.01273850
5.49992516 7.71337117 1.13821350 7.39665876 0.01276490
5.49974471 7.71304884 1.13826139 7.39701363 0.01279139
5.49956389 7.71272590 1.13830935 7.39736920 0.01281799
5.49938271 7.71240237 1.13835737 7.39772547 0.01284469
5.49920116 7.71207822 1.13840546 7.39808244 0.01287149
5.49901924 7.71175348 1.13845361 7.39844013 0.01289840
5.49883696 7.71142812 1.13850183 7.39879852 0.01292541
5.49865430 7.71110215 1.13855011 7.39915762 0.01295253
5.49847127 7.71077557 1.13859846 7.39951744 0.01297975
5.49828787 7.71044838 1.13864688 7.39987797 0.01300708
5.49810409 7.71012056 1.13869537 7.40023922 0.01303451
5.49791993 7.70979213 1.13874392 7.40060120 0.01306206
5.49773540 7.70946307 1.13879254 7.40096390 0.01308971
5.49755049 7.70913339 1.13884123 7.40132733 0.01311747
5.49736520 7.70880309 1.13888998 7.40169148 0.01314534
5.49717953 7.70847215 1.13893881 7.40205638 0.01317332
5.49699347 7.70814059 1.13898770 7.40242200 0.01320141
5.49680703 7.70780839 1.13903666 7.40278836 0.01322961
5.49662020 7.70747556 1.13908569 7.40315547 0.01325792
5.49643299 7.70714208 1.13913479 7.40352331 0.01328635
5.49624538 7.70680797 1.13918396 7.40389191 0.01331489
5.49605739 7.70647322 1.13923320 7.40426125 0.01334354
5.49586901 7.70613782 1.13928251 7.40463134 0.01337231
5.49568023 7.70580177 1.13933188 7.40500219 0.01340119
5.49549106 7.70546507 1.13938133 7.40537379 0.01343019
5.49530149 7.70512772 1.13943085 7.40574616 0.01345930
5.49511153 7.70478972 1.13948045 7.40611928 0.01348853
5.49492116 7.70445106 1.13953011 7.40649317 0.01351788
5.49473040 7.70411174 1.13957984 7.40686783 0.01354735
5.49453924 7.70377176 1.13962965 7.40724326 0.01357693
5.49434767 7.70343112 1.13967953 7.40761947 0.01360664
5.49415569 7.70308981 1.13972948 7.40799645 0.01363646
5.49396332 7.70274782 1.13977951 7.40837421 0.01366641
5.49377053 7.70240517 1.13982961 7.40875275 0.01369648
5.49357733 7.70206185 1.13987978 7.40913208 0.01372667
5.49338373 7.70171784 1.13993002 7.40951219 0.01375698
5.49318971 7.70137316 1.13998034 7.40989310 0.01378742
5.49299528 7.70102780 1.14003073 7.41027480 0.01381798
5.49280043 7.70068175 1.14008120 7.41065730 0.01384867
5.49260517 7.70033502 1.14013175 7.41104060 0.01387949
5.49240948 7.69998759 1.14018236 7.41142470 0.01391043
5.49221338 7.69963948 1.14023306 7.41180960 0.01394150
5.49201686 7.69929066 1.14028383 7.41219532 0.01397269
5.49181991 7.69894116 1.14033467 7.41258185 0.01400402
5.49162254 7.69859095 1.14038559 7.41296919 0.01403547
5.49142474 7.69824004 1.14043659 7.41335735 0.01406706
5.49122652 7.69788842 1.14048767 7.41374634 0.01409878
5.49102786 7.69753610 1.14053882 7.41413614 0.01413063
5.49082878 7.69718307 1.14059005 7.41452678 0.01416261
5.49062926 7.69682932 1.14064136 7.41491825 0.01419472
5.49042931 7.69647486 1.14069274 7.41531055 0.01422697
5.49022892 7.69611967 1.14074421 7.41570368 0.01425936
5.49002809 7.69576377 1.14079575 7.41609766 0.01429188
5.48982682 7.69540714 1.14084737 7.41649248 0.01432454
5.48962512 7.69504979 1.14089907 7.41688815 0.01435734
5.48942297 7.69469170 1.14095086 7.41728467 0.01439027
5.48922037 7.69433289 1.14100272 7.41768204 0.01442334
5.48901733 7.69397333 1.14105466 7.41808027 0.01445656
5.48881384 7.69361304 1.14110668 7.41847936 0.01448991
5.48860991 7.69325201 1.14115879 7.41887931 0.01452341
5.48840552 7.69289023 1.14121097 7.41928013 0.01455705
5.48820068 7.69252771 1.14126324 7.41968182 0.01459083
5.48799538 7.69216443 1.14131559 7.42008438 0.01462476
5.48778962 7.69180041 1.14136802 7.42048782 0.01465883
5.48758341 7.69143562 1.14142053 7.42089214 0.01469305
5.48737674 7.69107008 1.14147313 7.42129734 0.01472742
5.48716961 7.69070378 1.14152581 7.42170343 0.01476193
5.48696201 7.69033671 1.14157858 7.42211041 0.01479659
5.48675394 7.68996888 1.14163143 7.42251829 0.01483141
5.48654541 7.68960027 1.14168436 7.42292706 0.01486637
5.48633641 7.68923089 1.14173738 7.42333673 0.01490148
5.48612694 7.68886073 1.14179048 7.42374731 0.01493675
5.48591699 7.68848979 1.14184367 7.42415880 0.01497217
5.48570658 7.68811807 1.14189695 7.42457120 0.01500775
5.48549568 7.68774556 1.14195031 7.42498451 0.01504348
5.48528430 7.68737227 1.14200375 7.42539874 0.01507936
5.48507245 7.68699818 1.14205729 7.42581390 0.01511541
5.48486011 7.68662329 1.14211091 7.42622998 0.01515161
5.48464729 7.68624761 1.14216462 7.42664700 0.01518797
5.48443398 7.68587112 1.14221842 7.42706495 0.01522449
5.48422018 7.68549383 1.14227230 7.42748383 0.01526118
5.48400590 7.68511573 1.14232628 7.42790366 0.01529802
5.48379112 7.68473682 1.14238034 7.42832443 0.01533503
5.48357584 7.68435709 1.14243450 7.42874615 0.01537220
5.48336007 7.68397654 1.14248874 7.42916883 0.01540954
5.48314381 7.68359518 1.14254307 7.42959246 0.01544705
5.48292704 7.68321298 1.14259750 7.43001705 0.01548472
5.48270977 7.68282996 1.14265201 7.43044261 0.01552256
5.48249199 7.68244611 1.14270662 7.43086913 0.01556057
5.48227371 7.68206142 1.14276132 7.43129663 0.01559875
5.48205493 7.68167589 1.14281611 7.43172510 0.01563710
5.48183563 7.68128952 1.14287099 7.43215456 0.01567563
5.48161581 7.68090231 1.14292597 7.43258500 0.01571433
5.48139549 7.68051424 1.14298104 7.43301643 0.01575320
5.48117465 7.68012532 1.14303620 7.43344885 0.01579225
5.48095328 7.67973555 1.14309146 7.43388226 0.01583148
5.48073140 7.67934492 1.14314681 7.43431668 0.01587088
5.48050899 7.67895342 1.14320226 7.43475210 0.01591047
5.48028606 7.67856106 1.14325781 7.43518854 0.01595023
5.48006260 7.67816782 1.14331344 7.43562598 0.01599018
5.47983862 7.67777371 1.14336918 7.43606445 0.01603031
5.47961410 7.67737873 1.14342501 7.43650393 0.01607063
5.47938904 7.67698286 1.14348094 7.43694444 0.01611113
5.47916345 7.67658611 1.14353697 7.43738598 0.01615181
5.47893732 7.67618847 1.14359309 7.43782856 0.01619269
5.47871065 7.67578993 1.14364932 7.43827217 0.01623375
5.47848344 7.67539050 1.14370564 7.43871683 0.01627501
5.47825568 7.67499017 1.14376206 7.43916254 0.01631645
5.47802737 7.67458894 1.14381858 7.43960930 0.01635809
5.47779852 7.67418679 1.14387520 7.44005711 0.01639992
5.47756911 7.67378374 1.14393192 7.44050599 0.01644195
5.47733915 7.67337977 1.14398875 7.44095593 0.01648418
5.47710863 7.67297488 1.14404567 7.44140694 0.01652660
5.47687755 7.67256907 1.14410270 7.44185903 0.01656922
5.47664591 7.67216233 1.14415983 7.44231220 0.01661204
5.47641370 7.67175466 1.14421706 7.44276645 0.01665507
5.47618093 7.67134605 1.14427439 7.44322179 0.01669829
5.47594759 7.67093650 1.14433183 7.44367822 0.01674173
5.47571368 7.67052601 1.14438938 7.44413575 0.01678536
5.47547920 7.67011458 1.14444702 7.44459438 0.01682921
5.47524413 7.66970219 1.14450478 7.44505412 0.01687326
5.47500849 7.66928884 1.14456264 7.44551497 0.01691753
5.47477227 7.66887454 1.14462060 7.44597694 0.01696200
5.47453547 7.66845927 1.14467867 7.44644003 0.01700669
5.47429808 7.66804303 1.14473685 7.44690425 0.01705159
5.47406010 7.66762582 1.14479514 7.44736960 0.01709671
5.47382152 7.66720764 1.14485353 7.44783609 0.01714205
5.47358236 7.66678847 1.14491204 7.44830372 0.01718760
5.47334260 7.66636832 1.14497065 7.44877249 0.01723338
5.47310223 7.66594718 1.14502937 7.44924242 0.01727937
5.47286127 7.66552504 1.14508820 7.44971350 0.01732560
5.47261970 7.66510191 1.14514714 7.45018574 0.01737204
5.47237753 7.66467777 1.14520620 7.45065915 0.01741871
5.47213474 7.66425263 1.14526536 7.45113374 0.01746561
5.47189135 7.66382647 1.14532464 7.45160950 0.01751274
5.47164733 7.66339930 1.14538403 7.45208644 0.01756010
5.47140270 7.66297111 1.14544353 7.45256457 0.01760769
5.47115745 7.66254189 1.14550315 7.45304390 0.01765552
5.47091158 7.66211164 1.14556288 7.45352442 0.01770358
5.47066508 7.66168036 1.14562272 7.45400614 0.01775188
5.47041795 7.66124803 1.14568269 7.45448908 0.01780042
5.47017019 7.66081467 1.14574276 7.45497323 0.01784920
5.46992179 7.66038025 1.14580296 7.45545860 0.01789823
5.46967276 7.65994478 1.14586327 7.45594519 0.01794749
5.46942308 7.65950826 1.14592369 7.45643302 0.01799701
5.46917276 7.65907067 1.14598424 7.45692208 0.01804677
5.46892180 7.65863201 1.14604490 7.45741238 0.01809678
5.46867019 7.65819228 1.14610569 7.45790394 0.01814704
5.46841792 7.65775148 1.14616659 7.45839674 0.01819756
5.46816500 7.65730959 1.14622761 7.45889081 0.01824833
5.46791143 7.65686661 1.14628876 7.45938614 0.01829935
5.46765719 7.65642254 1.14635002 7.45988274 0.01835064
5.46740229 7.65597737 1.14641141 7.46038062 0.01840218
5.46714672 7.65553110 1.14647292 7.46087978 0.01845399
5.46689048 7.65508373 1.14653455 7.46138022 0.01850606
5.46663356 7.65463524 1.14659631 7.46188197 0.01855840
5.46637597 7.65418563 1.14665819 7.46238501 0.01861100
5.46611771 7.65373490 1.14672020 7.46288936 0.01866388
5.46585876 7.65328304 1.14678233 7.46339502 0.01871703
5.46559912 7.65283005 1.14684459 7.46390200 0.01877045
5.46533879 7.65237592 1.14690698 7.46441031 0.01882414
5.46507777 7.65192064 1.14696949 7.46491994 0.01887812
5.46481606 7.65146422 1.14703213 7.46543091 0.01893237
5.46455365 7.65100664 1.14709490 7.46594323 0.01898691
5.46429054 7.65054790 1.14715780 7.46645689 0.01904172
5.46402672 7.65008799 1.14722083 7.46697192 0.01909683
5.46376219 7.64962691 1.14728398 7.46748830 0.01915222
5.46349695 7.64916466 1.14734727 7.46800605 0.01920791
5.46323099 7.64870122 1.14741070 7.46852518 0.01926388
5.46296432 7.64823660 1.14747425 7.46904569 0.01932015
5.46269693 7.64777078 1.14753794 7.46956759 0.01937672
5.46242881 7.64730376 1.14760176 7.47009088 0.01943358
5.46215996 7.64683554 1.14766572 7.47061557 0.01949075
5.46189038 7.64636610 1.14772981 7.47114168 0.01954822
5.46162006 7.64589545 1.14779404 7.47166919 0.01960599
5.46134900 7.64542358 1.14785840 7.47219813 0.01966408
5.46107720 7.64495048 1.14792290 7.47272850 0.01972247
5.46080465 7.64447614 1.14798754 7.47326030 0.01978118
5.46053136 7.64400056 1.14805232 7.47379355 0.01984020
5.46025731 7.64352374 1.14811723 7.47432825 0.01989953
5.45998250 7.64304566 1.14818229 7.47486440 0.01995919
5.45970693 7.64256632 1.14824749 7.47540202 0.02001917
5.45943060 7.64208572 1.14831282 7.47594110 0.02007947
5.45915350 7.64160385 1.14837831 7.47648167 0.02014010
5.45887562 7.64112070 1.14844393 7.47702372 0.02020106
5.45859697 7.64063627 1.14850970 7.47756726 0.02026236
5.45831755 7.64015055 1.14857561 7.47811230 0.02032398
5.45803733 7.63966353 1.14864166 7.47865885 0.02038594
5.45775633 7.63917521 1.14870787 7.47920691 0.02044825
5.45747454 7.63868558 1.14877421 7.47975650 0.02051089
5.45719195 7.63819463 1.14884071 7.48030762 0.02057388
5.45690857 7.63770236 1.14890735 7.48086027 0.02063722
5.45662438 7.63720876 1.14897415 7.48141447 0.02070091
5.45633938 7.63671383 1.14904109 7.48197022 0.02076495
5.45605357 7.63621755 1.14910818 7.48252753 0.02082934
5.45576695 7.63571993 1.14917543 7.48308640 0.02089410
5.45547951 7.63522095 1.14924282 7.48364686 0.02095922
5.45519124 7.63472061 1.14931037 7.48420890 0.02102470
5.45490215 7.63421890 1.14937807 7.48477253 0.02109054
5.45461223 7.63371581 1.14944593 7.48533776 0.02115676
5.45432147 7.63321134 1.14951394 7.48590460 0.02122335
5.45402986 7.63270548 1.14958211 7.48647305 0.02129032
5.45373742 7.63219822 1.14965043 7.48704313 0.02135766
5.45344413 7.63168955 1.14971891 7.48761484 0.02142539
5.45314998 7.63117948 1.14978756 7.48818819 0.02149350
5.45285498 7.63066798 1.14985635 7.48876319 0.02156200
5.45255911 7.63015506 1.14992531 7.48933985 0.02163089
5.45226238 7.62964071 1.14999444 7.48991818 0.02170017
5.45196478 7.62912491 1.15006372 7.49049818 0.02176985
5.45166630 7.62860767 1.15013316 7.49107986 0.02183993
5.45136694 7.62808897 1.15020277 7.49166324 0.02191042
5.45106670 7.62756881 1.15027255 7.49224832 0.02198131
5.45076557 7.62704717 1.15034248 7.49283510 0.02205261
5.45046355 7.62652406 1.15041259 7.49342361 0.02212433
5.45016063 7.62599946 1.15048286 7.49401384 0.02219646
5.44985680 7.62547336 1.15055330 7.49460581 0.02226901
5.44955207 7.62494577 1.15062391 7.49519953 0.02234199
5.44924643 7.62441666 1.15069469 7.49579500 0.02241539
5.44893987 7.62388603 1.15076564 7.49639224 0.02248923
5.44863239 7.62335388 1.15083676 7.49699125 0.02256350
5.44832398 7.62282020 1.15090805 7.49759204 0.02263821
5.44801464 7.62228497 1.15097952 7.49819462 0.02271335
5.44770436 7.62174819 1.15105116 7.49879901 0.02278895
5.44739315 7.62120985 1.15112298 7.49940520 0.02286499
5.44708098 7.62066995 1.15119498 7.50001322 0.02294148
5.44676787 7.62012847 1.15126715 7.50062307 0.02301844
5.44645380 7.61958541 1.15133950 7.50123476 0.02309585
5.44613876 7.61904075 1.15141203 7.50184830 0.02317372
5.44582276 7.61849449 1.15148474 7.50246370 0.02325207
5.44550579 7.61794662 1.15155763 7.50308097 0.02333088
5.44518784 7.61739714 1.15163071 7.50370013 0.02341017
5.44486891 7.61684602 1.15170396 7.50432117 0.02348994
5.44454899 7.61629327 1.15177741 7.50494411 0.02357020
5.44422808 7.61573888 1.15185103 7.50556897 0.02365094
5.44390617 7.61518283 1.15192485 7.50619574 0.02373218
5.44358325 7.61462512 1.15199885 7.50682445 0.02381391
5.44325933 7.61406573 1.15207304 7.50745510 0.02389614
5.44293439 7.61350467 1.15214742 7.50808771 0.02397888
5.44260843 7.61294191 1.15222200 7.50872228 0.02406212
5.44228144 7.61237745 1.15229676 7.50935882 0.02414588
5.44195342 7.61181128 1.15237172 7.50999735 0.02423016
5.44162437 7.61124340 1.15244687 7.51063788 0.02431496
5.44129427 7.61067378 1.15252222 7.51128041 0.02440029
5.44096312 7.61010243 1.15259776 7.51192497 0.02448615
5.44063092 7.60952933 1.15267350 7.51257155 0.02457254
5.44029765 7.60895447 1.15274944 7.51322018 0.02465948
5.43996332 7.60837784 1.15282558 7.51387086 0.02474696
5.43962792 7.60779944 1.15290192 7.51452361 0.02483500
5.43929144 7.60721925 1.15297846 7.51517843 0.02492359
5.43895387 7.60663726 1.15305521 7.51583534 0.02501274
5.43861521 7.60605346 1.15313216 7.51649435 0.02510245
5.43827545 7.60546784 1.15320932 7.51715547 0.02519274
5.43793460 7.60488040 1.15328668 7.51781872 0.02528360
5.43759263 7.60429112 1.15336425 7.51848410 0.02537504
5.43724954 7.60369998 1.15344203 7.51915163 0.02546706
5.43690534 7.60310699 1.15352002 7.51982132 0.02555968
5.43656000 7.60251212 1.15359823 7.52049318 0.02565289
5.43621353 7.60191538 1.15367664 7.52116723 0.02574671
5.43586592 7.60131674 1.15375528 7.52184348 0.02584113
5.43551716 7.60071619 1.15383412 7.52252194 0.02593617
5.43516724 7.60011374 1.15391319 7.52320262 0.02603182
5.43481616 7.59950935 1.15399247 7.52388554 0.02612809
5.43446392 7.59890303 1.15407197 7.52457071 0.02622500
5.43411050 7.59829476 1.15415170 7.52525814 0.02632254
5.43375589 7.59768453 1.15423164 7.52594784 0.02642072
5.43340010 7.59707233 1.15431181 7.52663984 0.02651955
5.43304311 7.59645815 1.15439221 7.52733413 0.02661903
5.43268492 7.59584197 1.15447283 7.52803075 0.02671917
5.43232552 7.59522379 1.15455368 7.52872969 0.02681998
5.43196490 7.59460358 1.15463476 7.52943098 0.02692145
5.43160306 7.59398135 1.15471606 7.53013462 0.02702361
5.43123998 7.59335707 1.15479761 7.53084064 0.02712644
5.43087567 7.59273074 1.15487938 7.53154904 0.02722997
5.43051011 7.59210235 1.15496139 7.53225984 0.02733419
5.43014329 7.59147187 1.15504363 7.53297306 0.02743912
5.42977522 7.59083930 1.15512612 7.53368870 0.02754476
5.42940587 7.59020462 1.15520884 7.53440679 0.02765111
5.42903525 7.58956783 1.15529180 7.53512734 0.02775818
5.42866335 7.58892891 1.15537501 7.53585036 0.02786599
5.42829015 7.58828785 1.15545846 7.53657586 0.02797453
5.42791565 7.58764463 1.15554215 7.53730387 0.02808382
5.42753984 7.58699923 1.15562610 7.53803440 0.02819385
5.42716272 7.58635166 1.15571029 7.53876747 0.02830465
5.42678428 7.58570189 1.15579473 7.53950308 0.02841621
5.42640450 7.58504991 1.15587942 7.54024126 0.02852854
5.42602338 7.58439571 1.15596436 7.54098201 0.02864165
5.42564092 7.58373927 1.15604956 7.54172537 0.02875555
5.42525709 7.58308058 1.15613502 7.54247134 0.02887025
5.42487190 7.58241962 1.15622073 7.54321993 0.02898575
5.42448534 7.58175639 1.15630671 7.54397118 0.02910206
5.42409740 7.58109086 1.15639294 7.54472508 0.02921919
5.42370806 7.58042302 1.15647944 7.54548166 0.02933715
5.42331733 7.57975287 1.15656620 7.54624094 0.02945594
5.42292518 7.57908037 1.15665323 7.54700293 0.02957557
5.42253162 7.57840552 1.15674053 7.54776765 0.02969606
5.42213664 7.57772831 1.15682810 7.54853512 0.02981741
5.42174022 7.57704872 1.15691594 7.54930535 0.02993962
5.42134235 7.57636673 1.15700405 7.55007836 0.03006271
5.42094303 7.57568232 1.15709244 7.55085417 0.03018669
5.42054225 7.57499549 1.15718111 7.55163280 0.03031157
5.42014000 7.57430622 1.15727005 7.55241426 0.03043734
5.41973626 7.57361448 1.15735928 7.55319858 0.03056403
5.41933103 7.57292028 1.15744879 7.55398577 0.03069165
5.41892431 7.57222358 1.15753858 7.55477585 0.03082019
5.41851607 7.57152437 1.15762866 7.55556884 0.03094968
5.41810631 7.57082265 1.15771903 7.55636475 0.03108011
5.41769503 7.57011838 1.15780968 7.55716361 0.03121151
5.41728220 7.56941156 1.15790063 7.55796544 0.03134387
5.41686782 7.56870216 1.15799188 7.55877025 0.03147722
5.41645189 7.56799017 1.15808342 7.55957807 0.03161156
5.41603438 7.56727558 1.15817526 7.56038891 0.03174689
5.41561529 7.56655836 1.15826740 7.56120280 0.03188324
5.41519461 7.56583851 1.15835984 7.56201975 0.03202061
5.41477233 7.56511599 1.15845258 7.56283979 0.03215901
5.41434844 7.56439080 1.15854563 7.56366293 0.03229845
5.41392293 7.56366291 1.15863899 7.56448919 0.03243895
5.41349578 7.56293231 1.15873267 7.56531861 0.03258051
5.41306699 7.56219898 1.15882665 7.56615119 0.03272315
5.41263654 7.56146290 1.15892095 7.56698696 0.03286687
5.41220442 7.56072405 1.15901556 7.56782594 0.03301169
5.41177063 7.55998242 1.15911050 7.56866816 0.03315763
5.41133515 7.55923798 1.15920576 7.56951362 0.03330468
5.41089796 7.55849072 1.15930134 7.57036237 0.03345287
5.41045907 7.55774062 1.15939724 7.57121441 0.03360220
5.41001845 7.55698765 1.15949348 7.57206977 0.03375269
5.40957610 7.55623180 1.15959004 7.57292848 0.03390436
5.40913200 7.55547304 1.15968694 7.57379055 0.03405720
5.40868613 7.55471137 1.15978417 7.57465602 0.03421125
5.40823850 7.55394675 1.15988174 7.57552489 0.03436650
5.40778909 7.55317917 1.15997966 7.57639721 0.03452297
5.40733787 7.55240860 1.16007791 7.57727298 0.03468068
5.40688485 7.55163504 1.16017651 7.57815224 0.03483964
5.40643001 7.55085844 1.16027545 7.57903500 0.03499987
5.40597333 7.55007880 1.16037475 7.57992130 0.03516136
5.40551481 7.54929610 1.16047440 7.58081116 0.03532415
5.40505443 7.54851030 1.16057440 7.58170460 0.03548825
5.40459217 7.54772139 1.16067476 7.58260165 0.03565366
5.40412803 7.54692935 1.16077548 7.58350233 0.03582041
5.40366199 7.54613415 1.16087657 7.58440667 0.03598851
5.40319404 7.54533578 1.16097802 7.58531470 0.03615797
5.40272416 7.54453420 1.16107983 7.58622644 0.03632881
5.40225234 7.54372941 1.16118202 7.58714191 0.03650105
5.40177857 7.54292136 1.16128458 7.58806115 0.03667469
5.40130283 7.54211004 1.16138752 7.58898419 0.03684977
5.40082510 7.54129544 1.16149084 7.58991104 0.03702628
5.40034538 7.54047751 1.16159454 7.59084174 0.03720426
5.39986365 7.53965624 1.16169862 7.59177631 0.03738371
5.39937989 7.53883161 1.16180309 7.59271479 0.03756466
5.39889410 7.53800358 1.16190795 7.59365720 0.03774711
5.39840625 7.53717214 1.16201321 7.59460357 0.03793109
5.39791632 7.53633726 1.16211886 7.59555392 0.03811662
5.39742432 7.53549892 1.16222491 7.59650830 0.03830371
5.39693021 7.53465708 1.16233136 7.59746672 0.03849238
5.39643399 7.53381173 1.16243822 7.59842922 0.03868266
5.39593563 7.53296283 1.16254549 7.59939583 0.03887455
5.39543513 7.53211036 1.16265317 7.60036658 0.03906807
5.39493246 7.53125430 1.16276126 7.60134150 0.03926326
5.39442761 7.53039461 1.16286977 7.60232061 0.03946011
5.39392057 7.52953127 1.16297870 7.60330396 0.03965867
5.39341132 7.52866426 1.16308806 7.60429158 0.03985894
5.39289983 7.52779354 1.16319784 7.60528349 0.04006095
5.39238610 7.52691908 1.16330806 7.60627973 0.04026471
5.39187011 7.52604087 1.16341871 7.60728033 0.04047026
5.39135183 7.52515886 1.16352980 7.60828532 0.04067760
5.39083126 7.52427303 1.16364133 7.60929474 0.04088676
5.39030837 7.52338335 1.16375330 7.61030863 0.04109777
5.38978315 7.52248979 1.16386572 7.61132701 0.04131064
5.38925558 7.52159233 1.16397859 7.61234992 0.04152541
5.38872564 7.52069093 1.16409192 7.61337739 0.04174208
5.38819332 7.51978555 1.16420571 7.61440947 0.04196068
5.38765858 7.51887618 1.16431996 7.61544618 0.04218125
5.38712143 7.51796277 1.16443467 7.61648757 0.04240380
5.38658182 7.51704530 1.16454986 7.61753367 0.04262835
5.38603976 7.51612374 1.16466552 7.61858451 0.04285494
5.38549522 7.51519805 1.16478166 7.61964013 0.04308359
5.38494817 7.51426820 1.16489827 7.62070058 0.04331431
5.38439860 7.51333415 1.16501538 7.62176589 0.04354715
5.38384649 7.51239588 1.16513297 7.62283609 0.04378212
5.38329182 7.51145335 1.16525105 7.62391123 0.04401925
5.38273457 7.51050653 1.16536964 7.62499134 0.04425858
5.38217472 7.50955538 1.16548872 7.62607648 0.04450011
5.38161224 7.50859986 1.16560831 7.62716666 0.04474390
5.38104712 7.50763995 1.16572841 7.62826195 0.04498996
5.38047933 7.50667560 1.16584902 7.62936237 0.04523832
5.37990885 7.50570679 1.16597015 7.63046797 0.04548902
5.37933567 7.50473347 1.16609181 7.63157880 0.04574207
5.37875976 7.50375560 1.16621398 7.63269488 0.04599752
5.37818109 7.50277316 1.16633669 7.63381628 0.04625540
5.37759965 7.50178609 1.16645994 7.63494302 0.04651572
5.37701540 7.50079437 1.16658373 7.63607516 0.04677854
5.37642834 7.49979796 1.16670806 7.63721273 0.04704388
5.37583843 7.49879682 1.16683294 7.63835580 0.04731177
5.37524565 7.49779090 1.16695837 7.63950439 0.04758224
5.37464999 7.49678017 1.16708436 7.64065855 0.04785534
5.37405140 7.49576459 1.16721092 7.64181834 0.04813109
5.37344987 7.49474411 1.16733804 7.64298379 0.04840953
5.37284538 7.49371870 1.16746574 7.64415496 0.04869070
5.37223790 7.49268832 1.16759401 7.64533190 0.04897463
5.37162740 7.49165292 1.16772287 7.64651465 0.04926136
5.37101386 7.49061246 1.16785231 7.64770326 0.04955093
5.37039726 7.48956689 1.16798235 7.64889778 0.04984338
5.36977756 7.48851618 1.16811299 7.65009827 0.05013874
5.36915474 7.48746027 1.16824422 7.65130477 0.05043705
5.36852878 7.48639913 1.16837607 7.65251733 0.05073836
5.36789964 7.48533271 1.16850854 7.65373601 0.05104270
5.36726730 7.48426097 1.16864162 7.65496087 0.05135012
5.36663173 7.48318385 1.16877532 7.65619194 0.05166066
5.36599291 7.48210131 1.16890966 7.65742929 0.05197437
5.36535080 7.48101330 1.16904463 7.65867298 0.05229128
5.36470538 7.47991978 1.16918025 7.65992305 0.05261144
5.36405662 7.47882070 1.16931651 7.66117956 0.05293490
5.36340449 7.47771601 1.16945343 7.66244258 0.05326170
5.36274895 7.47660565 1.16959100 7.66371215 0.05359189
5.36208998 7.47548958 1.16972924 7.66498834 0.05392551
5.36142755 7.47436775 1.16986815 7.66627120 0.05426262
5.36076163 7.47324011 1.17000774 7.66756079 0.05460327
5.36009218 7.47210660 1.17014801 7.66885718 0.05494751
5.35941918 7.47096717 1.17028897 7.67016042 0.05529538
5.35874259 7.46982177 1.17043063 7.67147058 0.05564693
5.35806238 7.46867034 1.17057299 7.67278771 0.05600223
5.35737852 7.46751283 1.17071606 7.67411189 0.05636133
5.35669098 7.46634919 1.17085984 7.67544317 0.05672428
5.35599971 7.46517936 1.17100435 7.67678163 0.05709113
5.35530469 7.46400328 1.17114959 7.67812731 0.05746195
5.35460589 7.46282089 1.17129556 7.67948030 0.05783679
5.35390326 7.46163214 1.17144227 7.68084066 0.05821570
5.35319677 7.46043697 1.17158973 7.68220846 0.05859876
5.35248640 7.45923532 1.17173795 7.68358375 0.05898602
5.35177209 7.45802713 1.17188693 7.68496663 0.05937755
5.35105382 7.45681233 1.17203669 7.68635715 0.05977340
5.35033154 7.45559087 1.17218722 7.68775538 0.06017364
5.34960523 7.45436268 1.17233854 7.68916141 0.06057834
5.34887484 7.45312770 1.17249065 7.69057529 0.06098757
5.34814033 7.45188587 1.17264356 7.69199711 0.06140139
5.34740167 7.45063712 1.17279728 7.69342694 0.06181987
5.34665881 7.44938138 1.17295182 7.69486486 0.06224308
5.34591172 7.44811860 1.17310718 7.69631095 0.06267110
5.34516035 7.44684869 1.17326337 7.69776527 0.06310399
5.34440467 7.44557160 1.17342040 7.69922791 0.06354184
5.34364463 7.44428725 1.17357828 7.70069896 0.06398472
5.34288020 7.44299558 1.17373702 7.70217848 0.06443270
5.34211132 7.44169651 1.17389663 7.70366657 0.06488587
5.34133795 7.44038998 1.17405710 7.70516330 0.06534431
5.34056006 7.43907590 1.17421846 7.70666876 0.06580809
5.33977760 7.43775421 1.17438072 7.70818304 0.06627731
5.33899052 7.43642483 1.17454387 7.70970622 0.06675204
5.33819878 7.43508768 1.17470793 7.71123839 0.06723238
5.33740233 7.43374269 1.17487291 7.71277963 0.06771841
5.33660113 7.43238979 1.17503881 7.71433004 0.06821023
5.33579513 7.43102888 1.17520566 7.71588970 0.06870792
5.33498428 7.42965991 1.17537344 7.71745872 0.06921158
5.33416853 7.42828277 1.17554219 7.71903718 0.06972130
5.33334783 7.42689739 1.17571190 7.72062517 0.07023719
5.33252214 7.42550370 1.17588258 7.72222280 0.07075934
5.33169140 7.42410160 1.17605426 7.72383015 0.07128785
5.33085557 7.42269100 1.17622692 7.72544733 0.07182283
5.33001458 7.42127184 1.17640059 7.72707444 0.07236438
5.32916840 7.41984400 1.17657528 7.72871158 0.07291261
5.32831696 7.41840742 1.17675100 7.73035884 0.07346763
5.32746022 7.41696200 1.17692775 7.73201634 0.07402955
5.32659811 7.41550764 1.17710555 7.73368417 0.07459848
5.32573059 7.41404426 1.17728441 7.73536245 0.07517455
5.32485759 7.41257177 1.17746434 7.73705128 0.07575786
5.32397907 7.41109006 1.17764535 7.73875076 0.07634855
5.32309496 7.40959905 1.17782745 7.74046102 0.07694673
5.32220521 7.40809863 1.17801066 7.74218216 0.07755253
5.32130975 7.40658871 1.17819498 7.74391430 0.07816609
5.32040853 7.40506919 1.17838043 7.74565755 0.07878752
5.31950149 7.40353997 1.17856702 7.74741202 0.07941696
5.31858856 7.40200095 1.17875476 7.74917785 0.08005456
5.31766968 7.40045201 1.17894367 7.75095513 0.08070045
5.31674480 7.39889307 1.17913375 7.75274401 0.08135476
5.31581384 7.39732401 1.17932503 7.75454459 0.08201766
5.31487675 7.39574472 1.17951750 7.75635700 0.08268928
5.31393345 7.39415509 1.17971119 7.75818138 0.08336978
5.31298388 7.39255502 1.17990611 7.76001785 0.08405931
5.31202798 7.39094438 1.18010227 7.76186653 0.08475803
5.31106566 7.38932308 1.18029969 7.76372756 0.08546609
5.31009688 7.38769099 1.18049838 7.76560108 0.08618368
5.30912155 7.38604799 1.18069835 7.76748721 0.08691094
5.30813960 7.38439397 1.18089962 7.76938610 0.08764805
5.30715097 7.38272880 1.18110219 7.77129788 0.08839519
5.30615557 7.38105237 1.18130610 7.77322270 0.08915254
5.30515334 7.37936456 1.18151135 7.77516069 0.08992028
5.30414421 7.37766522 1.18171795 7.77711201 0.09069859
5.30312808 7.37595425 1.18192592 7.77907679 0.09148766
5.30210489 7.37423151 1.18213528 7.78105520 0.09228769
5.30107456 7.37249687 1.18234604 7.78304736 0.09309887
5.30003702 7.37075020 1.18255822 7.78505345 0.09392142
5.29899217 7.36899136 1.18277184 7.78707361 0.09475553
5.29793994 7.36722023 1.18298690 7.78910801 0.09560141
5.29688024 7.36543665 1.18320343 7.79115679 0.09645928
5.29581300 7.36364050 1.18342144 7.79322013 0.09732937
5.29473812 7.36183163 1.18364095 7.79529818 0.09821190
5.29365553 7.36000990 1.18386198 7.79739111 0.09910709
5.29256512 7.35817516 1.18408455 7.79949909 0.10001518
5.29146683 7.35632726 1.18430866 7.80162228 0.10093641
5.29036055 7.35446607 1.18453435 7.80376087 0.10187103
5.28924620 7.35259141 1.18476162 7.80591502 0.10281928
5.28812368 7.35070316 1.18499050 7.80808492 0.10378143
5.28699290 7.34880113 1.18522100 7.81027073 0.10475773
5.28585377 7.34688519 1.18545315 7.81247265 0.10574845
5.28470619 7.34495517 1.18568696 7.81469086 0.10675386
5.28355006 7.34301091 1.18592245 7.81692554 0.10777424
5.28238529 7.34105224 1.18615965 7.81917689 0.10880988
5.28121178 7.33907900 1.18639856 7.82144509 0.10986107
5.28002942 7.33709103 1.18663922 7.82373034 0.11092810
5.27883811 7.33508814 1.18688164 7.82603284 0.11201129
5.27763775 7.33307017 1.18712584 7.82835279 0.11311093
5.27642823 7.33103695 1.18737184 7.83069038 0.11422734
5.27520945 7.32898829 1.18761967 7.83304583 0.11536086
5.27398131 7.32692401 1.18786934 7.83541934 0.11651180
5.27274368 7.32484395 1.18812089 7.83781112 0.11768052
5.27149646 7.32274790 1.18837432 7.84022139 0.11886735
5.27023954 7.32063568 1.18862966 7.84265036 0.12007266
5.26897280 7.31850712 1.18888694 7.84509824 0.12129679
5.26769613 7.31636200 1.18914618 7.84756527 0.12254012
5.26640942 7.31420014 1.18940740 7.85005166 0.12380303
5.26511254 7.31202135 1.18967062 7.85255765 0.12508590
5.26380537 7.30982542 1.18993588 7.85508345 0.12638912
5.26248780 7.30761216 1.19020318 7.85762931 0.12771310
5.26115970 7.30538135 1.19047256 7.86019546 0.12905825
5.25982095 7.30313280 1.19074405 7.86278214 0.13042499
5.25847142 7.30086629 1.19101766 7.86538959 0.13181374
5.25711099 7.29858161 1.19129342 7.86801805 0.13322495
5.25573952 7.29627856 1.19157136 7.87066777 0.13465906
5.25435689 7.29395691 1.19185150 7.87333901 0.13611653
5.25296297 7.29161644 1.19213388 7.87603201 0.13759783
5.25155762 7.28925694 1.19241851 7.87874703 0.13910343
5.25014071 7.28687817 1.19270542 7.88148433 0.14063382
5.24871209 7.28447992 1.19299465 7.88424417 0.14218950
5.24727165 7.28206195 1.19328621 7.88702682 0.14377097
5.24581922 7.27962404 1.19358014 7.88983254 0.14537876
5.24435468 7.27716594 1.19387646 7.89266160 0.14701339
5.24287789 7.27468743 1.19417520 7.89551429 0.14867541
5.24138869 7.27218826 1.19447640 7.89839086 0.15036536
5.23988694 7.26966819 1.19478007 7.90129161 0.15208381
5.23837250 7.26712699 1.19508626 7.90421682 0.15383134
5.23684522 7.26456439 1.19539498 7.90716676 0.15560853
5.23530494 7.26198017 1.19570627 7.91014174 0.15741597
5.23375153 7.25937405 1.19602016 7.91314202 0.15925429
5.23218482 7.25674580 1.19633668 7.91616792 0.16112409
5.23060466 7.25409516 1.19665586 7.91921972 0.16302602
5.22901090 7.25142187 1.19697774 7.92229772 0.16496073
5.22740338 7.24872566 1.19730233 7.92540223 0.16692886
5.22578194 7.24600629 1.19762967 7.92853353 0.16893111
5.22414643 7.24326349 1.19795981 7.93169195 0.17096814
5.22249668 7.24049699 1.19829275 7.93487778 0.17304065
5.22083254 7.23770652 1.19862855 7.93809133 0.17514937
5.21915384 7.23489182 1.19896723 7.94133292 0.17729501
5.21746042 7.23205263 1.19930883 7.94460286 0.17947831
5.21575211 7.22918865 1.19965337 7.94790145 0.18170002
5.21402876 7.22629963 1.20000089 7.95122902 0.18396089
5.21229019 7.22338530 1.20035142 7.95458589 0.18626172
5.21053624 7.22044537 1.20070500 7.95797236 0.18860328
5.20876675 7.21747957 1.20106166 7.96138877 0.19098638
5.20698154 7.21448762 1.20142143 7.96483543 0.19341183
5.20518045 7.21146925 1.20178434 7.96831266 0.19588046
5.20336331 7.20842419 1.20215044 7.97182078 0.19839311
5.20152995 7.20535214 1.20251975 7.97536012 0.20095064
5.19968021 7.20225284 1.20289231 7.97893099 0.20355389
5.19781392 7.19912602 1.20326815 7.98253372 0.20620376
5.19593090 7.19597138 1.20364730 7.98616863 0.20890113
5.19403100 7.19278866 1.20402980 7.98983604 0.21164689
5.19211404 7.18957758 1.20441568 7.99353626 0.21444197
5.19017986 7.18633787 1.20480497 7.99726962 0.21728727
5.18822829 7.18306926 1.20519772 8.00103643 0.22018373
5.18625918 7.17977148 1.20559394 8.00483700 0.22313228
5.18427235 7.17644425 1.20599367 8.00867165 0.22613389
5.18226764 7.17308733 1.20639695 8.01254067 0.22918949
5.18024490 7.16970043 1.20680381 8.01644439 0.23230006
5.17820397 7.16628331 1.20721428 8.02038309 0.23546656
5.17614469 7.16283570 1.20762838 8.02435708 0.23868998
5.17406691 7.15935737 1.20804616 8.02836664 0.24197128
5.17197047 7.15584806 1.20846764 8.03241206 0.24531146
5.16985524 7.15230753 1.20889285 8.03649363 0.24871150
5.16772106 7.14873554 1.20932181 8.04061161 0.25217239
5.16556779 7.14513188 1.20975457 8.04476627 0.25569512
5.16339530 7.14149631 1.21019114 8.04895788 0.25928067
5.16120346 7.13782862 1.21063155 8.05318668 0.26293003
5.15899213 7.13412861 1.21107583 8.05745292 0.26664416
5.15676119 7.13039607 1.21152401 8.06175682 0.27042406
5.15451052 7.12663081 1.21197610 8.06609862 0.27427068
5.15224002 7.12283266 1.21243213 8.07047851 0.27818496
5.14994957 7.11900145 1.21289212 8.07489671 0.28216787
5.14763908 7.11513702 1.21335609 8.07935339 0.28622031
5.14530844 7.11123922 1.21382406 8.08384873 0.29034321
5.14295759 7.10730792 1.21429605 8.08838289 0.29453744
5.14058643 7.10334300 1.21477207 8.09295600 0.29880389
5.13819490 7.09934435 1.21525214 8.09756820 0.30314339
5.13578294 7.09531189 1.21573626 8.10221959 0.30755676
5.13335050 7.09124554 1.21622446 8.10691026 0.31204478
5.13089753 7.08714524 1.21671673 8.11164028 0.31660821
5.12842401 7.08301095 1.21721309 8.11640971 0.32124776
5.12592991 7.07884266 1.21771353 8.12121857 0.32596410
5.12341523 7.07464037 1.21821807 8.12606687 0.33075786
5.12087997 7.07040408 1.21872669 8.13095459 0.33562962
5.11832415 7.06613385 1.21923940 8.13588168 0.34057992
5.11574779 7.06182974 1.21975620 8.14084808 0.34560923
5.11315095 7.05749184 1.22027706 8.14585369 0.35071795
5.11053368 7.05312026 1.22080199 8.15089839 0.35590645
5.10789605 7.04871515 1.22133097 8.15598202 0.36117500
5.10523815 7.04427666 1.22186397 8.16110439 0.36652381
5.10256009 7.03980499 1.22240098 8.16626530 0.37195300
5.09986198 7.03530037 1.22294198 8.17146448 0.37746264
5.09714398 7.03076304 1.22348694 8.17670166 0.38305269
5.09440624 7.02619330 1.22403582 8.18197651 0.38872301
5.09164894 7.02159146 1.22458859 8.18728867 0.39447339
5.08887227 7.01695787 1.22514521 8.19263776 0.40030350
5.08607645 7.01229292 1.22570564 8.19802332 0.40621292
5.08326171 7.00759701 1.22626984 8.20344490 0.41220110
5.08042832 7.00287062 1.22683774 8.20890196 0.41826741
5.07757656 6.99811422 1.22740930 8.21439396 0.42441106
5.07470672 6.99332836 1.22798446 8.21992030 0.43063118
5.07181913 6.98851359 1.22856314 8.22548031 0.43692674
5.06891415 6.98367053 1.22914529 8.23107332 0.44329661
5.06599213 6.97879982 1.22973083 8.23669859 0.44973950
5.06305348 6.97390215 1.23031967 8.24235533 0.45625399
5.06009861 6.96897825 1.23091174 8.24804272 0.46283854
5.05712797 6.96402888 1.23150696 8.25375987 0.46949145
5.05414203 6.95905487 1.23210521 8.25950586 0.47621088
5.05114127 6.95405707 1.23270642 8.26527971 0.48299485
5.04812621 6.94903637 1.23331047 8.27108041 0.48984121
5.04509740 6.94399370 1.23391726 8.27690688 0.49674768
5.04205540 6.93893006 1.23452667 8.28275800 0.50371185
5.03900080 6.93384646 1.23513860 8.28863260 0.51073113
5.03593422 6.92874397 1.23575290 8.29452948 0.51780279
5.03285630 6.92362369 1.23636947 8.30044736 0.52492396
5.02976769 6.91848677 1.23698816 8.30638494 0.53209163
5.02666910 6.91333439 1.23760884 8.31234087 0.53930265
5.02356122 6.90816779 1.23823137 8.31831374 0.54655371
5.02044478 6.90298821 1.23885560 8.32430211 0.55384140
5.01732055 6.89779696 1.23948138 8.33030450 0.56116215
5.01418929 6.89259537 1.24010856 8.33631938 0.56851229
5.01105180 6.88738482 1.24073699 8.34234519 0.57588802
5.00790889 6.88216670 1.24136649 8.34838032 0.58328544
5.00476139 6.87694245 1.24199690 8.35442315 0.59070054
5.00161015 6.87171352 1.24262806 8.36047199 0.59812921
4.99845603 6.86648140 1.24325979 8.36652515 0.60556728
4.99529991 6.86124760 1.24389192 8.37258091 0.61301048
4.99214269 6.85601366 1.24452427 8.37863750 0.62045448
4.98898525 6.85078113 1.24515666 8.38469315 0.62789491
4.98582852 6.84555157 1.24578890 8.39074606 0.63532732
4.98267342 6.84032658 1.24642082 8.39679443 0.64274727
4.97952088 6.83510776 1.24705223 8.40283641 0.65015027
4.97637182 6.82989670 1.24768295 8.40887018 0.65753184
4.97322719 6.82469502 1.24831277 8.41489389 0.66488750
4.97008793 6.81950434 1.24894153 8.42090569 0.67221276
4.96695498 6.81432628 1.24956903 8.42690372 0.67950320
4.96382927 6.80916244 1.25019508 8.43288615 0.68675442
4.96071175 6.80401443 1.25081950 8.43885112 0.69396207
4.95760334 6.79888386 1.25144210 8.44479682 0.70112187
4.95450497 6.79377232 1.25206269 8.45072142 0.70822962
4.95141755 6.78868137 1.25268110 8.45662311 0.71528121
4.94834200 6.78361258 1.25329714 8.46250012 0.72227263
4.94527920 6.77856748 1.25391063 8.46835069 0.72919997
4.94223004 6.77354758 1.25452140 8.47417308 0.73605946
4.93919538 6.76855437 1.25512927 8.47996559 0.74284744
4.93617609 6.76358931 1.25573408 8.48572655 0.74956042
4.93317298 6.75865383 1.25633565 8.49145433 0.75619504
4.93018687 6.75374931 1.25693383 8.49714732 0.76274808
4.92721856 6.74887712 1.25752845 8.50280398 0.76921652
4.92426881 6.74403858 1.25811937 8.50842278 0.77559747
4.92133839 6.73923497 1.25870643 8.51400226 0.78188826
4.91842800 6.73446753 1.25928948 8.51954099 0.78808635
4.91553835 6.72973745 1.25986839 8.52503761 0.79418941
4.91267012 6.72504587 1.26044302 8.53049081 0.80019530
4.90982395 6.72039392 1.26101324 8.53589930 0.80610205
4.90700046 6.71578263 1.26157893 8.54126188 0.81190788
4.90420024 6.71121301 1.26213997 8.54657740 0.81761120
4.90142386 6.70668603 1.26269624 8.55184474 0.82321062
4.89867185 6.70220259 1.26324764 8.55706288 0.82870492
4.89594472 6.69776354 1.26379407 8.56223082 0.83409307
4.89324294 6.69336969 1.26433543 8.56734765 0.83937422
4.89056697 6.68902179 1.26487163 8.57241248 0.84454769
4.88791721 6.68472054 1.26540259 8.57742452 0.84961298
4.88529406 6.68046658 1.26592822 8.58238302 0.85456978
4.88269787 6.67626052 1.26644847 8.58728728 0.85941791
4.88012898 6.67210291 1.26696325 8.59213667 0.86415736
4.87758768 6.66799422 1.26747251 8.59693062 0.86878829
4.87507425 6.66393492 1.26797620 8.60166861 0.87331098
4.87258893 6.65992540 1.26847426 8.60635018 0.87772588
4.87013193 6.65596599 1.26896665 8.61097491 0.88203355
4.86770345 6.65205701 1.26945334 8.61554247 0.88623468
4.86530365 6.64819871 1.26993428 8.62005254 0.89033009
4.86293266 6.64439128 1.27040946 8.62450489 0.89432071
4.86059060 6.64063489 1.27087885 8.62889932 0.89820757
4.85827755 6.63692967 1.27134243 8.63323567 0.90199180
4.85599358 6.63327568 1.27180018 8.63751385 0.90567463
4.85373872 6.62967297 1.27225210 8.64173381 0.90925737
4.85151300 6.62612153 1.27269819 8.64589553 0.91274139
4.84931641 6.62262132 1.27313844 8.64999905 0.91612816
4.84714892 6.61917226 1.27357287 8.65404445 0.91941920
4.84501049 6.61577424 1.27400147 8.65803184 0.92261607
4.84290107 6.61242711 1.27442425 8.66196137 0.92572042
4.84082056 6.60913070 1.27484125 8.66583323 0.92873390
4.83876887 6.60588479 1.27525246 8.66964766 0.93165824
4.83674588 6.60268915 1.27565793 8.67340489 0.93449517
4.83475147 6.59954352 1.27605766 8.67710523 0.93724647
4.83278549 6.59644759 1.27645170 8.68074900 0.93991393
4.83084778 6.59340106 1.27684006 8.68433653 0.94249937
4.82893816 6.59040359 1.27722280 8.68786821 0.94500460
4.82705645 6.58745480 1.27759993 8.69134442 0.94743147
4.82520246 6.58455433 1.27797151 8.69476560 0.94978181
4.82337598 6.58170176 1.27833757 8.69813217 0.95205746
4.82157678 6.57889669 1.27869815 8.70144462 0.95426025
4.81980465 6.57613866 1.27905331 8.70470342 0.95639201
4.81805935 6.57342724 1.27940308 8.70790906 0.95845457
4.81634063 6.57076196 1.27974752 8.71106207 0.96044972
4.81464824 6.56814233 1.28008667 8.71416298 0.96237926
4.81298192 6.56556787 1.28042059 8.71721232 0.96424496
4.81134142 6.56303807 1.28074932 8.72021066 0.96604857
4.80972646 6.56055243 1.28107293 8.72315857 0.96779183
4.80813676 6.55811042 1.28139147 8.72605662 0.96947644
4.80657205 6.55571153 1.28170499 8.72890540 0.97110409
4.80503204 6.55335520 1.28201355 8.73170550 0.97267643
4.80351644 6.55104091 1.28231721 8.73445752 0.97419508
4.80202498 6.54876810 1.28261602 8.73716207 0.97566166
4.80055735 6.54653623 1.28291005 8.73981977 0.97707772
4.79911325 6.54434475 1.28319934 8.74243123 0.97844480
4.79769240 6.54219309 1.28348397 8.74499706 0.97976441
4.79629450 6.54008070 1.28376399 8.74751790 0.98103802
4.79491924 6.53800703 1.28403946 8.74999436 0.98226708
4.79356633 6.53597150 1.28431043 8.75242707 0.98345299
4.79223546 6.53397356 1.28457698 8.75481666 0.98459713
4.79092634 6.53201265 1.28483916 8.75716375 0.98570083
4.78963867 6.53008821 1.28509702 8.75946896 0.98676541
4.78837215 6.52819968 1.28535064 8.76173292 0.98779215
4.78712648 6.52634650 1.28560006 8.76395624 0.98878229
4.78590136 6.52452813 1.28584536 8.76613956 0.98973703
4.78469650 6.52274400 1.28608658 8.76828347 0.99065756
4.78351160 6.52099357 1.28632379 8.77038861 0.99154501
4.78234637 6.51927630 1.28655704 8.77245557 0.99240051
4.78120052 6.51759164 1.28678640 8.77448496 0.99322513
4.78007375 6.51593906 1.28701192 8.77647738 0.99401992
4.77896578 6.51431802 1.28723366 8.77843343 0.99478591
4.77787633 6.51272799 1.28745168 8.78035370 0.99552409
4.77680511 6.51116844 1.28766603 8.78223877 0.99623540
4.77575184 6.50963887 1.28787677 8.78408923 0.99692079
4.77471625 6.50813876 1.28808396 8.78590566 0.99758116
4.77369805 6.50666759 1.28828765 8.78768861 0.99821738
4.77269698 6.50522486 1.28848789 8.78943866 0.99883029
4.77171276 6.50381008 1.28868475 8.79115636 0.99942072
4.77074514 6.50242275 1.28887827 8.79284227 0.99998947
4.76979384 6.50106239 1.28906850 8.79449693 1.00053730
4.76885860 6.49972852 1.28925550 8.79612087 1.00106495
4.76793917 6.49842066 1.28943933 8.79771463 1.00157314
4.76703529 6.49713834 1.28962002 8.79927873 1.00206258
4.76614671 6.49588111 1.28979764 8.80081369 1.00253392
4.76527319 6.49464850 1.28997223 8.80232003 1.00298783
4.76441447 6.49344008 1.29014385 8.80379824 1.00342493
4.76357031 6.49225538 1.29031253 8.80524882 1.00384583
4.76274049 6.49109399 1.29047833 8.80667227 1.00425111
4.76192475 6.48995547 1.29064130 8.80806907 1.00464134
4.76112287 6.48883938 1.29080148 8.80943969 1.00501708
4.76033462 6.48774533 1.29095892 8.81078460 1.00537883
4.75955977 6.48667289 1.29111366 8.81210427 1.00572713
4.75879810 6.48562166 1.29126575 8.81339915 1.00606245
4.75804939 6.48459125 1.29141524 8.81466969 1.00638528
4.75731343 6.48358125 1.29156216 8.81591634 1.00669607
4.75659000 6.48259128 1.29170656 8.81713951 1.00699527
4.75587889 6.48162097 1.29184848 8.81833965 1.00728329
4.75517990 6.48066995 1.29198797 8.81951718 1.00756056
4.75449281 6.47973783 1.29212506 8.82067251 1.00782747
4.75381744 6.47882426 1.29225980 8.82180604 1.00808440
4.75315358 6.47792889 1.29239222 8.82291818 1.00833172
4.75250104 6.47705137 1.29252237 8.82400932 1.00856979
4.75185963 6.47619135 1.29265028 8.82507986 1.00879895
4.75122916 6.47534850 1.29277598 8.82613016 1.00901953
4.75060944 6.47452248 1.29289953 8.82716061 1.00923184
4.75000029 6.47371297 1.29302095 8.82817157 1.00943621
4.74940154 6.47291965 1.29314028 8.82916341 1.00963292
4.74881300 6.47214221 1.29325756 8.83013648 1.00982225
4.74823451 6.47138033 1.29337282 8.83109113 1.01000448
4.74766588 6.47063371 1.29348610 8.83202771 1.01017989
4.74710696 6.46990205 1.29359742 8.83294655 1.01034871
4.74655758 6.46918507 1.29370683 8.83384799 1.01051120
4.74601757 6.46848247 1.29381435 8.83473235 1.01066760
4.74548678 6.46779398 1.29392003 8.83559995 1.01081812
4.74496505 6.46711931 1.29402388 8.83645111 1.01096300
4.74445222 6.46645819 1.29412594 8.83728613 1.01110244
4.74394814 6.46581036 1.29422625 8.83810532 1.01123665
4.74345267 6.46517556 1.29432483 8.83890897 1.01136582
4.74296565 6.46455352 1.29442171 8.83969739 1.01149014
4.74248694 6.46394400 1.29451692 8.84047085 1.01160979
4.74201639 6.46334675 1.29461049 8.84122964 1.01172496
4.74155388 6.46276153 1.29470244 8.84197403 1.01183579
4.74109926 6.46218809 1.29479282 8.84270430 1.01194247
4.74065239 6.46162621 1.29488163 8.84342072 1.01204514
4.74021315 6.46107565 1.29496892 8.84412354 1.01214396
4.73978140 6.46053619 1.29505470 8.84481302 1.01223907
4.73935702 6.46000761 1.29513900 8.84548943 1.01233060
4.73893987 6.45948969 1.29522185 8.84615299 1.01241871
4.73852984 6.45898223 1.29530328 8.84680396 1.01250350
4.73812680 6.45848500 1.29538330 8.84744258 1.01258511
4.73773063 6.45799781 1.29546194 8.84806907 1.01266366
4.73734122 6.45752046 1.29553922 8.84868368 1.01273925
4.73695845 6.45705275 1.29561518 8.84928662 1.01281202
4.73658220 6.45659449 1.29568982 8.84987812 1.01288205
4.73621237 6.45614549 1.29576318 8.85045840 1.01294945
4.73584884 6.45570556 1.29583528 8.85102766 1.01301433
4.73549151 6.45527453 1.29590613 8.85158612 1.01307677
4.73514027 6.45485221 1.29597576 8.85213398 1.01313686
4.73479501 6.45443843 1.29604420 8.85267145 1.01319471
4.73445564 6.45403302 1.29611145 8.85319871 1.01325038
4.73412205 6.45363581 1.29617755 8.85371598 1.01330397
4.73379414 6.45324663 1.29624250 8.85422343 1.01335555
4.73347182 6.45286533 1.29630634 8.85472125 1.01340519
4.73315499 6.45249175 1.29636908 8.85520962 1.01345297
4.73284356 6.45212573 1.29643074 8.85568874 1.01349897
4.73253743 6.45176711 1.29649133 8.85615876 1.01354324
4.73223652 6.45141576 1.29655088 8.85661987 1.01358584
4.73194073 6.45107153 1.29660941 8.85707224 1.01362686
4.73164997 6.45073426 1.29666692 8.85751602 1.01366634
4.73136417 6.45040383 1.29672345 8.85795140 1.01370433
4.73108323 6.45008009 1.29677900 8.85837851 1.01374091
4.73080708 6.44976290 1.29683360 8.85879753 1.01377612
4.73053563 6.44945215 1.29688725 8.85920860 1.01381001
4.73026880 6.44914769 1.29693999 8.85961189 1.01384263
4.73000651 6.44884940 1.29699181 8.86000753 1.01387402
4.72974868 6.44855716 1.29704274 8.86039567 1.01390425
4.72949524 6.44827084 1.29709279 8.86077645 1.01393334
4.72924612 6.44799032 1.29714198 8.86115002 1.01396135
4.72900123 6.44771550 1.29719033 8.86151651 1.01398831
4.72876051 6.44744624 1.29723784 8.86187606 1.01401426
4.72852389 6.44718244 1.29728453 8.86222880 1.01403924
4.72829129 6.44692400 1.29733042 8.86257486 1.01406329
4.72806265 6.44667079 1.29737552 8.86291436 1.01408643
4.72783790 6.44642272 1.29741984 8.86324743 1.01410872
4.72761698 6.44617968 1.29746340 8.86357420 1.01413017
4.72739981 6.44594157 1.29750621 8.86389478 1.01415082
4.72718634 6.44570829 1.29754828 8.86420930 1.01417070
4.72697649 6.44547975 1.29758963 8.86451786 1.01418983
4.72677022 6.44525584 1.29763027 8.86482058 1.01420826
4.72656745 6.44503647 1.29767020 8.86511757 1.01422599
4.72636814 6.44482155 1.29770945 8.86540894 1.01424306
4.72617221 6.44461100 1.29774802 8.86569480 1.01425950
4.72597962 6.44440472 1.29778593 8.86597525 1.01427532
4.72579030 6.44420262 1.29782319 8.86625040 1.01429056
4.72560420 6.44400463 1.29785980 8.86652034 1.01430522
4.72542126 6.44381066 1.29789578 8.86678518 1.01431934
4.72524144 6.44362062 1.29793115 8.86704501 1.01433293
4.72506467 6.44343444 1.29796590 8.86729993 1.01434602
4.72489091 6.44325204 1.29800006 8.86755003 1.01435862
4.72472010 6.44307334 1.29803362 8.86779540 1.01437074
4.72455220 6.44289827 1.29806661 8.86803613 1.01438242
4.72438715 6.44272675 1.29809903 8.86827232 1.01439367
4.72422491 6.44255872 1.29813090 8.86850404 1.01440449
4.72406543 6.44239410 1.29816221 8.86873139 1.01441491
4.72390866 6.44223282 1.29819299 8.86895444 1.01442494
4.72375455 6.44207482 1.29822323 8.86917328 1.01443460
4.72360307 6.44192002 1.29825295 8.86938798 1.01444391
4.72345416 6.44176837 1.29828217 8.86959863 1.01445286
4.72330778 6.44161980 1.29831087 8.86980531 1.01446148
4.72316389 6.44147424 1.29833909 8.87000808 1.01446978
4.72302245 6.44133164 1.29836682 8.87020703 1.01447778
4.72288341 6.44119194 1.29839407 8.87040222 1.01448547
4.72274674 6.44105507 1.29842085 8.87059372 1.01449288
4.72261239 6.44092099 1.29844717 8.87078162 1.01450002
4.72248033 6.44078962 1.29847303 8.87096596 1.01450689
4.72235051 6.44066093 1.29849846 8.87114683 1.01451350
4.72222290 6.44053485 1.29852344 8.87132429 1.01451987
4.72209746 6.44041133 1.29854799 8.87149840 1.01452601
4.72197415 6.44029032 1.29857212 8.87166923 1.01453191
4.72185294 6.44017177 1.29859583 8.87183684 1.01453760
4.72173379 6.44005563 1.29861914 8.87200129 1.01454307
4.72161666 6.43994184 1.29864204 8.87216264 1.01454835
4.72150153 6.43983037 1.29866455 8.87232094 1.01455342
4.72138836 6.43972117 1.29868667 8.87247627 1.01455831
4.72127711 6.43961418 1.29870841 8.87262866 1.01456302
4.72116775 6.43950936 1.29872977 8.87277819 1.01456755
4.72106026 6.43940668 1.29875077 8.87292490 1.01457192
4.72095459 6.43930608 1.29877140 8.87306884 1.01457612
4.72085072 6.43920752 1.29879168 8.87321007 1.01458017
4.72074861 6.43911097 1.29881161 8.87334865 1.01458407
4.72064824 6.43901638 1.29883120 8.87348461 1.01458782
4.72054958 6.43892371 1.29885045 8.87361802 1.01459144
4.72045260 6.43883293 1.29886936 8.87374891 1.01459492
4.72035727 6.43874399 1.29888795 8.87387734 1.01459827
4.72026356 6.43865686 1.29890622 8.87400335 1.01460150
4.72017145 6.43857149 1.29892418 8.87412699 1.01460461
4.72008090 6.43848787 1.29894182 8.87424830 1.01460760
4.71999189 6.43840594 1.29895916 8.87436734 1.01461048
4.71990440 6.43832568 1.29897620 8.87448413 1.01461326
4.71981839 6.43824705 1.29899295 8.87459872 1.01461593
4.71973385 6.43817001 1.29900941 8.87471116 1.01461851
4.71965075 6.43809454 1.29902558 8.87482149 1.01462099
4.71956907 6.43802061 1.29904148 8.87492974 1.01462338
4.71948877 6.43794818 1.29905710 8.87503595 1.01462568
4.71940984 6.43787722 1.29907245 8.87514017 1.01462789
4.71933225 6.43780770 1.29908754 8.87524243 1.01463003
4.71925599 6.43773960 1.29910236 8.87534277 1.01463208
4.71918102 6.43767288 1.29911693 8.87544122 1.01463406
4.71910733 6.43760752 1.29913125 8.87553782 1.01463597
4.71903489 6.43754348 1.29914533 8.87563261 1.01463780
4.71896369 6.43748075 1.29915915 8.87572562 1.01463957
4.71889370 6.43741929 1.29917275 8.87581687 1.01464127
4.71882490 6.43735908 1.29918610 8.87590642 1.01464291
4.71875728 6.43730010 1.29919923 8.87599428 1.01464449
4.71869080 6.43724231 1.29921212 8.87608049 1.01464601
4.71862546 6.43718570 1.29922480 8.87616509 1.01464748
4.71856123 6.43713024 1.29923726 8.87624810 1.01464889
4.71849810 6.43707591 1.29924950 8.87632954 1.01465025
4.71843604 6.43702268 1.29926153 8.87640946 1.01465156
4.71837504 6.43697054 1.29927335 8.87648788 1.01465282
4.71831507 6.43691945 1.29928497 8.87656483 1.01465404
4.71825613 6.43686940 1.29929639 8.87664033 1.01465521
4.71819820 6.43682037 1.29930761 8.87671442 1.01465633
4.71814125 6.43677234 1.29931864 8.87678712 1.01465742
4.71808527 6.43672528 1.29932947 8.87685845 1.01465846
4.71803025 6.43667919 1.29934012 8.87692845 1.01465947
4.71797616 6.43663402 1.29935059 8.87699713 1.01466044
4.71792299 6.43658978 1.29936087 8.87706453 1.01466138
4.71787074 6.43654643 1.29937098 8.87713066 1.01466228
4.71781937 6.43650397 1.29938091 8.87719555 1.01466314
4.71776888 6.43646237 1.29939067 8.87725922 1.01466398
4.71771925 6.43642162 1.29940026 8.87732171 1.01466478
4.71767047 6.43638169 1.29940968 8.87738302 1.01466556
4.71762251 6.43634258 1.29941895 8.87744318 1.01466630
4.71757538 6.43630426 1.29942805 8.87750221 1.01466702
4.71752905 6.43626672 1.29943699 8.87756014 1.01466772
4.71748351 6.43622995 1.29944578 8.87761698 1.01466838
4.71743875 6.43619392 1.29945442 8.87767276 1.01466903
4.71739475 6.43615863 1.29946291 8.87772749 1.01466964
4.71735150 6.43612405 1.29947125 8.87778120 1.01467024
4.71730899 6.43609017 1.29947945 8.87783391 1.01467082
4.71726721 6.43605699 1.29948751 8.87788562 1.01467137
4.71722614 6.43602448 1.29949542 8.87793637 1.01467190
4.71718576 6.43599263 1.29950320 8.87798617 1.01467242
4.71714608 6.43596143 1.29951085 8.87803503 1.01467291
4.71710708 6.43593086 1.29951836 8.87808298 1.01467339
4.71706874 6.43590092 1.29952574 8.87813004 1.01467385
4.71703106 6.43587158 1.29953300 8.87817621 1.01467429
4.71699402 6.43584284 1.29954012 8.87822152 1.01467472
4.71695761 6.43581468 1.29954713 8.87826598 1.01467513
4.71692183 6.43578710 1.29955401 8.87830961 1.01467552
4.71688665 6.43576008 1.29956078 8.87835242 1.01467590
4.71685208 6.43573361 1.29956743 8.87839443 1.01467627
4.71681809 6.43570767 1.29957396 8.87843566 1.01467662
4.71678469 6.43568227 1.29958038 8.87847612 1.01467696
4.71675186 6.43565738 1.29958669 8.87851582 1.01467729
4.71671959 6.43563300 1.29959289 8.87855477 1.01467761
4.71668787 6.43560911 1.29959898 8.87859300 1.01467791
4.71665669 6.43558571 1.29960497 8.87863052 1.01467821
4.71662605 6.43556278 1.29961085 8.87866733 1.01467849
4.71659593 6.43554032 1.29961663 8.87870346 1.01467876
4.71656632 6.43551832 1.29962231 8.87873891 1.01467902
4.71653722 6.43549677 1.29962789 8.87877369 1.01467928
4.71650862 6.43547565 1.29963338 8.87880783 1.01467952
4.71648051 6.43545497 1.29963877 8.87884133 1.01467976
4.71645288 6.43543470 1.29964406 8.87887421 1.01467998
4.71642572 6.43541485 1.29964927 8.87890647 1.01468020
4.71639902 6.43539540 1.29965438 8.87893812 1.01468041
4.71637278 6.43537634 1.29965941 8.87896919 1.01468061
4.71634699 6.43535768 1.29966435 8.87899968 1.01468081
4.71632164 6.43533939 1.29966920 8.87902959 1.01468100
4.71629673 6.43532148 1.29967397 8.87905895 1.01468118
4.71627224 6.43530393 1.29967866 8.87908776 1.01468135
4.71624817 6.43528673 1.29968326 8.87911604 1.01468152
4.71622451 6.43526989 1.29968779 8.87914378 1.01468168
4.71620126 6.43525339 1.29969223 8.87917101 1.01468184
4.71617841 6.43523722 1.29969660 8.87919773 1.01468199
4.71615594 6.43522139 1.29970089 8.87922395 1.01468213
4.71613386 6.43520587 1.29970511 8.87924968 1.01468227
4.71611216 6.43519068 1.29970926 8.87927493 1.01468241
4.71609083 6.43517579 1.29971333 8.87929971 1.01468253
4.71606987 6.43516120 1.29971734 8.87932403 1.01468266
4.71604926 6.43514691 1.29972127 8.87934790 1.01468278
4.71602901 6.43513291 1.29972514 8.87937132 1.01468290
4.71600911 6.43511920 1.29972893 8.87939430 1.01468301
4.71598954 6.43510576 1.29973267 8.87941685 1.01468312
4.71597031 6.43509260 1.29973633 8.87943899 1.01468322
4.71595141 6.43507971 1.29973994 8.87946071 1.01468332
4.71593284 6.43506708 1.29974348 8.87948203 1.01468342
4.71591458 6.43505470 1.29974696 8.87950294 1.01468351
4.71589663 6.43504258 1.29975038 8.87952347 1.01468360
4.71587900 6.43503071 1.29975374 8.87954362 1.01468368
4.71586166 6.43501907 1.29975704 8.87956339 1.01468377
4.71584462 6.43500768 1.29976028 8.87958280 1.01468385
4.71582788 6.43499651 1.29976347 8.87960184 1.01468392
4.71581142 6.43498557 1.29976660 8.87962052 1.01468400
4.71579524 6.43497486 1.29976968 8.87963886 1.01468407
4.71577935 6.43496436 1.29977271 8.87965686 1.01468414
4.71576372 6.43495408 1.29977568 8.87967452 1.01468420
4.71574836 6.43494400 1.29977860 8.87969186 1.01468427
4.71573327 6.43493413 1.29978147 8.87970887 1.01468433
4.71571843 6.43492446 1.29978429 8.87972556 1.01468439
4.71570385 6.43491499 1.29978706 8.87974194 1.01468445
4.71568952 6.43490571 1.29978978 8.87975802 1.01468450
4.71567543 6.43489662 1.29979245 8.87977380 1.01468456
4.71566159 6.43488772 1.29979508 8.87978928 1.01468461
4.71564798 6.43487899 1.29979767 8.87980448 1.01468466
4.71563461 6.43487045 1.29980020 8.87981940 1.01468470
4.71562147 6.43486208 1.29980270 8.87983403 1.01468475
4.71560855 6.43485387 1.29980515 8.87984840 1.01468479
4.71559585 6.43484584 1.29980756 8.87986249 1.01468484
4.71558338 6.43483797 1.29980992 8.87987633 1.01468488
4.71557111 6.43483026 1.29981225 8.87988991 1.01468492
4.71555906 6.43482270 1.29981453 8.87990323 1.01468496
4.71554721 6.43481530 1.29981677 8.87991631 1.01468499
4.71553557 6.43480805 1.29981898 8.87992914 1.01468503
4.71552413 6.43480095 1.29982115 8.87994174 1.01468506
4.71551288 6.43479399 1.29982328 8.87995410 1.01468509
4.71550183 6.43478717 1.29982537 8.87996623 1.01468513
4.71549097 6.43478050 1.29982742 8.87997814 1.01468516
4.71548029 6.43477396 1.29982944 8.87998982 1.01468519
4.71546980 6.43476755 1.29983143 8.88000129 1.01468521
4.71545949 6.43476127 1.29983338 8.88001254 1.01468524
4.71544935 6.43475512 1.29983529 8.88002359 1.01468527
4.71543939 6.43474910 1.29983718 8.88003443 1.01468529
4.71542960 6.43474319 1.29983903 8.88004507 1.01468532
4.71541998 6.43473741 1.29984084 8.88005551 1.01468534
4.71541052 6.43473175 1.29984263 8.88006576 1.01468537
4.71540123 6.43472620 1.29984439 8.88007581 1.01468539
4.71539209 6.43472076 1.29984611 8.88008568 1.01468541
4.71538312 6.43471544 1.29984780 8.88009537 1.01468543
4.71537429 6.43471022 1.29984947 8.88010488 1.01468545
4.71536562 6.43470511 1.29985111 8.88011421 1.01468547
4.71535710 6.43470010 1.29985271 8.88012336 1.01468549
4.71534873 6.43469520 1.29985429 8.88013235 1.01468550
4.71534050 6.43469039 1.29985584 8.88014117 1.01468552
4.71533241 6.43468569 1.29985737 8.88014983 1.01468554
4.71532446 6.43468108 1.29985887 8.88015832 1.01468555
4.71531664 6.43467656 1.29986034 8.88016666 1.01468557
4.71530897 6.43467213 1.29986179 8.88017485 1.01468558
4.71530142 6.43466780 1.29986321 8.88018288 1.01468560
4.71529400 6.43466355 1.29986460 8.88019076 1.01468561
4.71528671 6.43465939 1.29986597 8.88019850 1.01468562
4.71527955 6.43465532 1.29986732 8.88020609 1.01468564
4.71527251 6.43465132 1.29986865 8.88021354 1.01468565
4.71526559 6.43464741 1.29986995 8.88022086 1.01468566
4.71525879 6.43464358 1.29987123 8.88022803 1.01468567
4.71525211 6.43463983 1.29987248 8.88023508 1.01468568
4.71524554 6.43463615 1.29987372 8.88024199 1.01468569
4.71523909 6.43463255 1.29987493 8.88024878 1.01468570
