7.58551157 2.07699901 1.34345275 2.44987628 0.14878282
7.58405445 2.07734828 1.34500222 2.45055668 0.14929414
7.58259520 2.07770224 1.34655342 2.45123840 0.14980712
7.58113383 2.07806093 1.34810632 2.45192145 0.15032177
7.57967035 2.07842435 1.34966092 2.45260582 0.15083808
7.57820478 2.07879253 1.35121721 2.45329150 0.15135607
7.57673711 2.07916547 1.35277517 2.45397850 0.15187572
7.57526736 2.07954320 1.35433479 2.45466680 0.15239704
7.57379554 2.07992574 1.35589606 2.45535640 0.15292002
7.57232167 2.08031309 1.35745897 2.45604730 0.15344468
7.57084574 2.08070528 1.35902350 2.45673949 0.15397100
7.56936778 2.08110231 1.36058965 2.45743297 0.15449899
7.56788779 2.08150421 1.36215739 2.45812774 0.15502865
7.56640579 2.08191099 1.36372672 2.45882378 0.15555997
7.56492178 2.08232266 1.36529762 2.45952110 0.15609296
7.56343579 2.08273924 1.36687008 2.46021969 0.15662761
7.56194781 2.08316074 1.36844409 2.46091954 0.15716393
7.56045787 2.08358718 1.37001962 2.46162065 0.15770191
7.55896598 2.08401856 1.37159668 2.46232301 0.15824155
7.55747214 2.08445491 1.37317524 2.46302662 0.15878285
7.55597638 2.08489623 1.37475528 2.46373147 0.15932581
7.55447870 2.08534253 1.37633681 2.46443756 0.15987042
7.55297912 2.08579384 1.37791979 2.46514488 0.16041669
7.55147766 2.08625015 1.37950422 2.46585342 0.16096461
7.54997432 2.08671149 1.38109008 2.46656318 0.16151417
7.54846912 2.08717786 1.38267735 2.46727415 0.16206539
7.54696207 2.08764927 1.38426602 2.46798633 0.16261825
7.54545320 2.08812573 1.38585608 2.46869971 0.16317275
7.54394251 2.08860726 1.38744751 2.46941428 0.16372889
7.54243003 2.08909386 1.38904029 2.47013003 0.16428666
7.54091575 2.08958554 1.39063440 2.47084697 0.16484606
7.53939972 2.09008231 1.39222984 2.47156507 0.16540709
7.53788192 2.09058418 1.39382658 2.47228434 0.16596975
7.53636240 2.09109116 1.39542461 2.47300477 0.16653402
7.53484115 2.09160325 1.39702390 2.47372635 0.16709991
7.53331820 2.09212046 1.39862445 2.47444907 0.16766741
7.53179357 2.09264280 1.40022624 2.47517292 0.16823651
7.53026727 2.09317028 1.40182925 2.47589791 0.16880722
7.52873932 2.09370289 1.40343345 2.47662401 0.16937951
7.52720974 2.09424066 1.40503884 2.47735122 0.16995340
7.52567855 2.09478357 1.40664540 2.47807954 0.17052888
7.52414576 2.09533164 1.40825310 2.47880895 0.17110593
7.52261139 2.09588487 1.40986193 2.47953945 0.17168455
7.52107547 2.09644326 1.41147187 2.48027102 0.17226474
7.51953801 2.09700683 1.41308291 2.48100367 0.17284648
7.51799903 2.09757556 1.41469501 2.48173738 0.17342978
7.51645856 2.09814946 1.41630817 2.48247213 0.17401462
7.51491661 2.09872854 1.41792236 2.48320793 0.17460100
7.51337320 2.09931280 1.41953756 2.48394476 0.17518891
7.51182835 2.09990223 1.42115376 2.48468262 0.17577834
7.51028210 2.10049684 1.42277094 2.48542149 0.17636928
7.50873444 2.10109663 1.42438906 2.48616137 0.17696173
7.50718542 2.10170159 1.42600812 2.48690224 0.17755567
7.50563505 2.10231173 1.42762809 2.48764409 0.17815110
7.50408335 2.10292705 1.42924896 2.48838692 0.17874800
7.50253035 2.10354754 1.43087069 2.48913072 0.17934638
7.50097607 2.10417320 1.43249328 2.48987547 0.17994621
7.49942053 2.10480403 1.43411669 2.49062116 0.18054748
7.49786376 2.10544002 1.43574091 2.49136778 0.18115020
7.49630578 2.10608117 1.43736591 2.49211533 0.18175433
7.49474661 2.10672748 1.43899168 2.49286379 0.18235989
7.49318629 2.10737894 1.44061818 2.49361315 0.18296684
7.49162483 2.10803554 1.44224540 2.49436340 0.18357519
7.49006225 2.10869729 1.44387332 2.49511453 0.18418492
7.48849860 2.10936416 1.44550191 2.49586652 0.18479601
7.48693388 2.11003617 1.44713114 2.49661937 0.18540846
7.48536814 2.11071329 1.44876101 2.49737307 0.18602225
7.48380139 2.11139551 1.45039147 2.49812759 0.18663736
7.48223366 2.11208284 1.45202251 2.49888293 0.18725379
7.48066498 2.11277527 1.45365410 2.49963908 0.18787152
7.47909537 2.11347277 1.45528623 2.50039602 0.18849054
7.47752487 2.11417534 1.45691886 2.50115375 0.18911082
7.47595351 2.11488298 1.45855196 2.50191225 0.18973236
7.47438130 2.11559566 1.46018553 2.50267150 0.19035515
7.47280828 2.11631338 1.46181952 2.50343150 0.19097915
7.47123449 2.11703612 1.46345392 2.50419222 0.19160437
7.46965994 2.11776387 1.46508870 2.50495367 0.19223078
7.46808467 2.11849662 1.46672383 2.50571582 0.19285836
7.46650871 2.11923435 1.46835930 2.50647866 0.19348710
7.46493210 2.11997705 1.46999506 2.50724218 0.19411699
7.46335485 2.12072470 1.47163110 2.50800637 0.19474799
7.46177700 2.12147728 1.47326739 2.50877120 0.19538011
7.46019859 2.12223478 1.47490390 2.50953667 0.19601331
7.45861964 2.12299719 1.47654060 2.51030277 0.19664757
7.45704019 2.12376448 1.47817748 2.51106947 0.19728289
7.45546027 2.12453663 1.47981449 2.51183676 0.19791924
7.45387992 2.12531363 1.48145162 2.51260463 0.19855660
7.45229916 2.12609545 1.48308884 2.51337307 0.19919494
7.45071803 2.12688208 1.48472612 2.51414206 0.19983426
7.44913656 2.12767349 1.48636342 2.51491159 0.20047452
7.44755479 2.12846967 1.48800073 2.51568163 0.20111571
7.44597276 2.12927059 1.48963801 2.51645218 0.20175781
7.44439049 2.13007623 1.49127523 2.51722322 0.20240079
7.44280802 2.13088656 1.49291238 2.51799473 0.20304464
7.44122539 2.13170157 1.49454941 2.51876671 0.20368932
7.43964264 2.13252122 1.49618629 2.51953912 0.20433482
7.43805980 2.13334550 1.49782301 2.52031197 0.20498111
7.43647690 2.13417437 1.49945953 2.52108523 0.20562817
7.43489398 2.13500782 1.50109581 2.52185888 0.20627597
7.43331108 2.13584580 1.50273184 2.52263292 0.20692450
7.43172824 2.13668831 1.50436757 2.52340731 0.20757372
7.43014550 2.13753530 1.50600299 2.52418206 0.20822361
7.42856289 2.13838676 1.50763805 2.52495714 0.20887415
7.42698045 2.13924265 1.50927274 2.52573254 0.20952531
7.42539821 2.14010294 1.51090701 2.52650823 0.21017707
7.42381623 2.14096760 1.51254084 2.52728421 0.21082939
7.42223453 2.14183660 1.51417420 2.52806046 0.21148226
7.42065316 2.14270992 1.51580705 2.52883695 0.21213564
7.41907216 2.14358751 1.51743937 2.52961368 0.21278951
7.41749156 2.14446935 1.51907112 2.53039062 0.21344384
7.41591141 2.14535540 1.52070228 2.53116776 0.21409860
7.41433175 2.14624563 1.52233280 2.53194509 0.21475377
7.41275261 2.14714001 1.52396266 2.53272258 0.21540931
7.41117404 2.14803850 1.52559184 2.53350021 0.21606520
7.40959609 2.14894106 1.52722028 2.53427798 0.21672141
7.40801878 2.14984767 1.52884797 2.53505586 0.21737790
7.40644217 2.15075828 1.53047487 2.53583384 0.21803466
7.40486629 2.15167286 1.53210095 2.53661189 0.21869165
7.40329119 2.15259136 1.53372618 2.53739001 0.21934884
7.40171691 2.15351377 1.53535052 2.53816816 0.22000619
7.40014350 2.15444002 1.53697394 2.53894635 0.22066369
7.39857099 2.15537010 1.53859641 2.53972454 0.22132129
7.39699943 2.15630394 1.54021790 2.54050273 0.22197898
7.39542886 2.15724153 1.54183837 2.54128089 0.22263670
7.39385933 2.15818281 1.54345779 2.54205900 0.22329445
7.39229088 2.15912776 1.54507614 2.54283705 0.22395217
7.39072355 2.16007631 1.54669336 2.54361502 0.22460985
7.38915739 2.16102844 1.54830944 2.54439290 0.22526744
7.38759245 2.16198410 1.54992434 2.54517065 0.22592492
7.38602876 2.16294325 1.55153803 2.54594828 0.22658226
7.38446638 2.16390585 1.55315047 2.54672575 0.22723942
7.38290535 2.16487185 1.55476163 2.54750306 0.22789636
7.38134571 2.16584121 1.55637148 2.54828018 0.22855306
7.37978750 2.16681388 1.55797998 2.54905709 0.22920948
7.37823078 2.16778982 1.55958710 2.54983379 0.22986559
7.37667560 2.16876899 1.56119281 2.55061024 0.23052136
7.37512199 2.16975134 1.56279708 2.55138644 0.23117675
7.37357000 2.17073682 1.56439987 2.55216236 0.23183172
7.37201968 2.17172539 1.56600115 2.55293799 0.23248625
7.37047107 2.17271700 1.56760088 2.55371331 0.23314030
7.36892423 2.17371161 1.56919904 2.55448830 0.23379383
7.36737919 2.17470916 1.57079558 2.55526295 0.23444682
7.36583601 2.17570961 1.57239049 2.55603723 0.23509922
7.36429473 2.17671291 1.57398372 2.55681114 0.23575101
7.36275540 2.17771902 1.57557523 2.55758464 0.23640215
7.36121806 2.17872787 1.57716501 2.55835774 0.23705260
7.35968277 2.17973944 1.57875301 2.55913040 0.23770232
7.35814957 2.18075366 1.58033921 2.55990261 0.23835130
7.35661850 2.18177048 1.58192357 2.56067436 0.23899948
7.35508962 2.18278986 1.58350605 2.56144562 0.23964684
7.35356298 2.18381175 1.58508664 2.56221638 0.24029334
7.35203861 2.18483609 1.58666528 2.56298663 0.24093895
7.35051657 2.18586283 1.58824196 2.56375635 0.24158363
7.34899691 2.18689193 1.58981663 2.56452551 0.24222735
7.34747967 2.18792333 1.59138927 2.56529411 0.24287007
7.34596490 2.18895699 1.59295985 2.56606213 0.24351176
7.34445266 2.18999284 1.59452834 2.56682955 0.24415239
7.34294297 2.19103084 1.59609469 2.56759635 0.24479191
7.34143591 2.19207093 1.59765889 2.56836253 0.24543030
7.33993150 2.19311307 1.59922090 2.56912806 0.24606752
7.33842981 2.19415720 1.60078068 2.56989292 0.24670354
7.33693088 2.19520327 1.60233822 2.57065711 0.24733832
7.33543475 2.19625122 1.60389347 2.57142061 0.24797183
7.33394148 2.19730100 1.60544641 2.57218340 0.24860404
7.33245111 2.19835257 1.60699701 2.57294547 0.24923491
7.33096369 2.19940585 1.60854524 2.57370680 0.24986441
7.32947927 2.20046082 1.61009106 2.57446738 0.25049250
7.32799790 2.20151740 1.61163445 2.57522720 0.25111916
7.32651962 2.20257554 1.61317538 2.57598623 0.25174434
7.32504448 2.20363520 1.61471381 2.57674447 0.25236802
7.32357253 2.20469632 1.61624973 2.57750191 0.25299017
7.32210382 2.20575884 1.61778310 2.57825852 0.25361075
7.32063840 2.20682271 1.61931389 2.57901429 0.25422972
7.31917631 2.20788788 1.62084208 2.57976922 0.25484707
7.31771760 2.20895429 1.62236764 2.58052329 0.25546275
7.31626231 2.21002189 1.62389053 2.58127649 0.25607673
7.31481051 2.21109062 1.62541074 2.58202880 0.25668899
7.31336222 2.21216043 1.62692823 2.58278021 0.25729949
7.31191751 2.21323128 1.62844299 2.58353071 0.25790820
7.31047641 2.21430309 1.62995497 2.58428029 0.25851509
7.30903898 2.21537582 1.63146416 2.58502894 0.25912013
7.30760526 2.21644942 1.63297054 2.58577665 0.25972330
7.30617530 2.21752383 1.63447406 2.58652340 0.26032456
7.30474914 2.21859899 1.63597472 2.58726919 0.26092388
7.30332683 2.21967486 1.63747249 2.58801400 0.26152123
7.30190842 2.22075138 1.63896733 2.58875783 0.26211659
7.30049396 2.22182850 1.64045923 2.58950066 0.26270992
7.29908348 2.22290615 1.64194817 2.59024249 0.26330121
7.29767705 2.22398430 1.64343411 2.59098331 0.26389042
7.29627469 2.22506288 1.64491705 2.59172310 0.26447752
7.29487647 2.22614185 1.64639695 2.59246187 0.26506249
7.29348242 2.22722114 1.64787379 2.59319960 0.26564530
7.29209259 2.22830071 1.64934755 2.59393629 0.26622593
7.29070703 2.22938050 1.65081821 2.59467192 0.26680434
7.28932577 2.23046046 1.65228575 2.59540649 0.26738053
7.28794888 2.23154055 1.65375015 2.59614000 0.26795445
7.28657638 2.23262069 1.65521139 2.59687244 0.26852609
7.28520834 2.23370086 1.65666945 2.59760379 0.26909542
7.28384478 2.23478098 1.65812430 2.59833407 0.26966242
7.28248576 2.23586101 1.65957594 2.59906326 0.27022707
7.28113132 2.23694090 1.66102434 2.59979135 0.27078933
7.27978150 2.23802060 1.66246948 2.60051835 0.27134920
7.27843635 2.23910006 1.66391135 2.60124425 0.27190665
7.27709591 2.24017921 1.66534993 2.60196904 0.27246166
7.27576023 2.24125803 1.66678521 2.60269273 0.27301420
7.27442935 2.24233644 1.66821716 2.60341531 0.27356426
7.27310332 2.24341441 1.66964578 2.60413677 0.27411181
7.27178217 2.24449189 1.67107104 2.60485712 0.27465685
7.27046594 2.24556881 1.67249293 2.60557636 0.27519934
7.26915470 2.24664515 1.67391145 2.60629448 0.27573927
7.26784846 2.24772083 1.67532657 2.60701149 0.27627662
7.26654729 2.24879582 1.67673828 2.60772737 0.27681138
7.26525122 2.24987007 1.67814657 2.60844215 0.27734352
7.26396029 2.25094353 1.67955143 2.60915581 0.27787304
7.26267454 2.25201616 1.68095285 2.60986835 0.27839991
7.26139402 2.25308789 1.68235081 2.61057979 0.27892412
7.26011877 2.25415869 1.68374531 2.61129012 0.27944566
7.25884883 2.25522851 1.68513634 2.61199934 0.27996450
7.25758425 2.25629730 1.68652388 2.61270746 0.28048064
7.25632505 2.25736502 1.68790793 2.61341448 0.28099407
7.25507130 2.25843162 1.68928847 2.61412040 0.28150476
7.25382301 2.25949705 1.69066551 2.61482524 0.28201271
7.25258025 2.26056127 1.69203904 2.61552900 0.28251791
7.25134304 2.26162423 1.69340904 2.61623168 0.28302034
7.25011143 2.26268590 1.69477552 2.61693328 0.28351999
7.24888546 2.26374621 1.69613846 2.61763383 0.28401686
7.24766516 2.26480514 1.69749787 2.61833331 0.28451093
7.24645059 2.26586264 1.69885373 2.61903175 0.28500220
7.24524178 2.26691865 1.70020605 2.61972915 0.28549064
7.24403876 2.26797315 1.70155483 2.62042553 0.28597627
7.24284159 2.26902609 1.70290005 2.62112088 0.28645906
7.24165029 2.27007742 1.70424172 2.62181522 0.28693902
7.24046491 2.27112711 1.70557984 2.62250856 0.28741613
7.23928549 2.27217510 1.70691440 2.62320092 0.28789039
7.23811207 2.27322137 1.70824541 2.62389230 0.28836180
7.23694469 2.27426587 1.70957287 2.62458273 0.28883034
7.23578338 2.27530857 1.71089677 2.62527220 0.28929602
7.23462818 2.27634941 1.71221713 2.62596074 0.28975883
7.23347915 2.27738836 1.71353394 2.62664836 0.29021876
7.23233630 2.27842538 1.71484721 2.62733507 0.29067581
7.23119969 2.27946044 1.71615694 2.62802090 0.29112999
7.23006935 2.28049350 1.71746313 2.62870586 0.29158129
7.22894532 2.28152451 1.71876579 2.62938996 0.29202970
7.22782763 2.28255344 1.72006493 2.63007322 0.29247523
7.22671634 2.28358025 1.72136055 2.63075567 0.29291788
7.22561147 2.28460491 1.72265266 2.63143732 0.29335764
7.22451307 2.28562737 1.72394127 2.63211818 0.29379452
7.22342118 2.28664762 1.72522639 2.63279829 0.29422852
7.22233582 2.28766559 1.72650802 2.63347767 0.29465964
7.22125705 2.28868128 1.72778617 2.63415633 0.29508789
7.22018490 2.28969463 1.72906086 2.63483429 0.29551325
7.21911941 2.29070561 1.73033210 2.63551159 0.29593575
7.21806061 2.29171419 1.73159989 2.63618823 0.29635538
7.21700855 2.29272034 1.73286426 2.63686426 0.29677214
7.21596327 2.29372403 1.73412521 2.63753970 0.29718605
7.21492481 2.29472521 1.73538276 2.63821456 0.29759710
7.21389319 2.29572386 1.73663692 2.63888889 0.29800530
7.21286847 2.29671995 1.73788771 2.63956269 0.29841067
7.21185068 2.29771344 1.73913514 2.64023602 0.29881319
7.21083987 2.29870431 1.74037923 2.64090888 0.29921290
7.20983606 2.29969252 1.74162000 2.64158132 0.29960978
7.20883931 2.30067804 1.74285747 2.64225336 0.30000385
7.20784964 2.30166084 1.74409165 2.64292504 0.30039512
7.20686711 2.30264090 1.74532257 2.64359638 0.30078360
7.20589175 2.30361818 1.74655024 2.64426743 0.30116929
7.20492359 2.30459265 1.74777469 2.64493821 0.30155221
7.20396269 2.30556429 1.74899593 2.64560876 0.30193237
7.20300908 2.30653307 1.75021400 2.64627912 0.30230978
7.20206280 2.30749896 1.75142891 2.64694931 0.30268446
7.20112389 2.30846194 1.75264068 2.64761939 0.30305640
7.20019239 2.30942197 1.75384935 2.64828938 0.30342564
7.19926836 2.31037902 1.75505493 2.64895933 0.30379217
7.19835182 2.31133309 1.75625746 2.64962927 0.30415602
7.19744281 2.31228413 1.75745696 2.65029925 0.30451719
7.19654139 2.31323212 1.75865345 2.65096931 0.30487571
7.19564760 2.31417704 1.75984698 2.65163949 0.30523159
7.19476147 2.31511886 1.76103755 2.65230983 0.30558485
7.19388305 2.31605755 1.76222522 2.65298039 0.30593549
7.19301238 2.31699311 1.76341000 2.65365119 0.30628355
7.19214951 2.31792549 1.76459193 2.65432229 0.30662903
7.19129449 2.31885467 1.76577104 2.65499375 0.30697195
7.19044735 2.31978064 1.76694736 2.65566559 0.30731234
7.18960814 2.32070337 1.76812093 2.65633788 0.30765020
7.18877690 2.32162284 1.76929178 2.65701067 0.30798557
7.18795370 2.32253902 1.77045995 2.65768400 0.30831846
7.18713856 2.32345190 1.77162547 2.65835793 0.30864889
7.18633153 2.32436145 1.77278839 2.65903251 0.30897688
7.18553267 2.32526765 1.77394873 2.65970779 0.30930246
7.18474202 2.32617048 1.77510654 2.66038383 0.30962564
7.18395963 2.32706992 1.77626186 2.66106069 0.30994645
7.18318555 2.32796594 1.77741473 2.66173842 0.31026492
7.18241983 2.32885854 1.77856519 2.66241709 0.31058106
7.18166251 2.32974768 1.77971328 2.66309674 0.31089490
7.18091366 2.33063336 1.78085904 2.66377745 0.31120647
7.18017331 2.33151554 1.78200252 2.66445927 0.31151579
7.17944152 2.33239422 1.78314376 2.66514226 0.31182289
7.17871835 2.33326937 1.78428282 2.66582650 0.31212779
7.17800385 2.33414097 1.78541972 2.66651204 0.31243052
7.17729806 2.33500900 1.78655453 2.66719895 0.31273112
7.17660105 2.33587346 1.78768729 2.66788730 0.31302960
7.17591287 2.33673431 1.78881805 2.66857716 0.31332600
7.17523358 2.33759155 1.78994686 2.66926859 0.31362035
7.17456323 2.33844515 1.79107377 2.66996168 0.31391268
7.17390188 2.33929510 1.79219884 2.67065648 0.31420302
7.17324959 2.34014138 1.79332211 2.67135308 0.31449140
7.17260642 2.34098398 1.79444363 2.67205155 0.31477785
7.17197242 2.34182287 1.79556347 2.67275197 0.31506242
7.17134766 2.34265805 1.79668168 2.67345440 0.31534512
7.17073220 2.34348948 1.79779832 2.67415894 0.31562600
7.17012610 2.34431717 1.79891344 2.67486567 0.31590510
7.16952943 2.34514110 1.80002710 2.67557465 0.31618244
7.16894225 2.34596124 1.80113936 2.67628598 0.31645807
7.16836462 2.34677758 1.80225028 2.67699975 0.31673202
7.16779662 2.34759011 1.80335993 2.67771603 0.31700434
7.16723830 2.34839882 1.80446836 2.67843491 0.31727506
7.16668974 2.34920368 1.80557564 2.67915649 0.31754422
7.16615101 2.35000468 1.80668184 2.67988085 0.31781187
7.16562218 2.35080182 1.80778701 2.68060808 0.31807804
7.16510331 2.35159506 1.80889123 2.68133828 0.31834279
7.16459448 2.35238441 1.80999456 2.68207155 0.31860614
7.16409577 2.35316984 1.81109708 2.68280797 0.31886816
7.16360724 2.35395134 1.81219884 2.68354765 0.31912888
7.16312899 2.35472889 1.81329993 2.68429068 0.31938836
7.16266107 2.35550249 1.81440041 2.68503718 0.31964664
7.16220358 2.35627212 1.81550036 2.68578723 0.31990377
7.16175659 2.35703776 1.81659985 2.68654094 0.32015980
7.16132018 2.35779940 1.81769896 2.68729843 0.32041478
7.16089443 2.35855703 1.81879776 2.68805979 0.32066877
7.16047944 2.35931064 1.81989633 2.68882515 0.32092181
7.16007527 2.36006020 1.82099475 2.68959460 0.32117398
7.15968203 2.36080571 1.82209310 2.69036826 0.32142531
7.15929979 2.36154715 1.82319146 2.69114625 0.32167588
7.15892865 2.36228451 1.82428991 2.69192869 0.32192573
7.15856870 2.36301777 1.82538854 2.69271568 0.32217493
7.15822003 2.36374693 1.82648743 2.69350736 0.32242355
7.15788273 2.36447196 1.82758666 2.69430385 0.32267164
7.15755690 2.36519286 1.82868633 2.69510526 0.32291928
7.15724263 2.36590961 1.82978653 2.69591174 0.32316652
7.15694003 2.36662220 1.83088733 2.69672339 0.32341344
7.15664920 2.36733061 1.83198884 2.69754036 0.32366010
7.15637023 2.36803483 1.83309114 2.69836278 0.32390659
7.15610322 2.36873485 1.83419433 2.69919079 0.32415296
7.15584829 2.36943066 1.83529850 2.70002451 0.32439930
7.15560555 2.37012223 1.83640375 2.70086409 0.32464569
7.15537509 2.37080956 1.83751019 2.70170966 0.32489221
7.15515703 2.37149262 1.83861789 2.70256138 0.32513893
7.15495148 2.37217142 1.83972698 2.70341939 0.32538594
7.15475855 2.37284593 1.84083754 2.70428384 0.32563332
7.15457837 2.37351614 1.84194969 2.70515486 0.32588117
7.15441104 2.37418203 1.84306352 2.70603263 0.32612957
7.15425669 2.37484360 1.84417914 2.70691729 0.32637861
7.15411544 2.37550082 1.84529667 2.70780900 0.32662840
7.15398742 2.37615368 1.84641620 2.70870792 0.32687903
7.15387274 2.37680217 1.84753785 2.70961421 0.32713059
7.15377153 2.37744627 1.84866174 2.71052804 0.32738319
7.15368394 2.37808596 1.84978796 2.71144957 0.32763694
7.15361007 2.37872124 1.85091665 2.71237898 0.32789195
7.15355008 2.37935208 1.85204792 2.71331643 0.32814831
7.15350409 2.37997847 1.85318188 2.71426210 0.32840616
7.15347225 2.38060040 1.85431865 2.71521618 0.32866561
7.15345469 2.38121784 1.85545836 2.71617882 0.32892677
7.15345156 2.38183078 1.85660113 2.71715024 0.32918977
7.15346299 2.38243921 1.85774708 2.71813060 0.32945474
7.15348915 2.38304311 1.85889634 2.71912009 0.32972181
7.15353017 2.38364246 1.86004904 2.72011892 0.32999112
7.15358621 2.38423724 1.86120530 2.72112727 0.33026279
7.15365742 2.38482744 1.86236527 2.72214534 0.33053697
7.15374396 2.38541304 1.86352906 2.72317333 0.33081381
7.15384598 2.38599402 1.86469682 2.72421145 0.33109346
7.15396365 2.38657036 1.86586868 2.72525989 0.33137608
7.15409714 2.38714204 1.86704478 2.72631888 0.33166181
7.15424660 2.38770905 1.86822526 2.72738862 0.33195082
7.15441220 2.38827136 1.86941026 2.72846934 0.33224328
7.15459412 2.38882896 1.87059993 2.72956124 0.33253937
7.15479253 2.38938183 1.87179440 2.73066455 0.33283925
7.15500761 2.38992994 1.87299384 2.73177950 0.33314311
7.15523953 2.39047327 1.87419838 2.73290632 0.33345114
7.15548848 2.39101181 1.87540817 2.73404524 0.33376353
7.15575463 2.39154553 1.87662338 2.73519649 0.33408047
7.15603818 2.39207441 1.87784414 2.73636032 0.33440218
7.15633932 2.39259843 1.87907063 2.73753697 0.33472885
7.15665823 2.39311757 1.88030300 2.73872667 0.33506071
7.15699512 2.39363179 1.88154140 2.73992970 0.33539797
7.15735017 2.39414109 1.88278601 2.74114629 0.33574086
7.15772359 2.39464543 1.88403698 2.74237670 0.33608962
7.15811558 2.39514479 1.88529447 2.74362120 0.33644449
7.15852635 2.39563915 1.88655867 2.74488005 0.33680571
7.15895610 2.39612848 1.88782973 2.74615352 0.33717354
7.15940505 2.39661275 1.88910783 2.74744188 0.33754824
7.15987341 2.39709194 1.89039315 2.74874541 0.33793008
7.16036139 2.39756602 1.89168585 2.75006438 0.33831933
7.16086923 2.39803496 1.89298612 2.75139908 0.33871629
7.16139712 2.39849875 1.89429413 2.75274980 0.33912124
7.16194532 2.39895733 1.89561007 2.75411683 0.33953447
7.16251403 2.39941070 1.89693412 2.75550047 0.33995632
7.16310349 2.39985882 1.89826646 2.75690101 0.34038708
7.16371394 2.40030165 1.89960728 2.75831875 0.34082709
7.16434561 2.40073917 1.90095677 2.75975401 0.34127668
7.16499873 2.40117135 1.90231513 2.76120710 0.34173620
7.16567356 2.40159816 1.90368254 2.76267833 0.34220601
7.16637033 2.40201955 1.90505920 2.76416803 0.34268646
7.16708930 2.40243551 1.90644531 2.76567651 0.34317794
7.16783071 2.40284599 1.90784106 2.76720410 0.34368082
7.16859481 2.40325096 1.90924665 2.76875114 0.34419551
7.16938187 2.40365038 1.91066229 2.77031797 0.34472241
7.17019213 2.40404423 1.91208819 2.77190492 0.34526194
7.17102585 2.40443245 1.91352454 2.77351233 0.34581454
7.17188331 2.40481503 1.91497156 2.77514057 0.34638063
7.17276477 2.40519191 1.91642945 2.77678997 0.34696067
7.17367049 2.40556306 1.91789842 2.77846091 0.34755513
7.17460074 2.40592844 1.91937870 2.78015373 0.34816449
7.17555580 2.40628800 1.92087048 2.78186880 0.34878923
7.17653594 2.40664172 1.92237400 2.78360650 0.34942986
7.17754144 2.40698955 1.92388946 2.78536720 0.35008690
7.17857258 2.40733143 1.92541708 2.78715127 0.35076086
7.17962963 2.40766734 1.92695709 2.78895911 0.35145231
7.18071289 2.40799723 1.92850970 2.79079108 0.35216179
7.18182263 2.40832105 1.93007515 2.79264758 0.35288987
7.18295915 2.40863876 1.93165364 2.79452901 0.35363715
7.18412273 2.40895030 1.93324542 2.79643577 0.35440422
7.18531366 2.40925565 1.93485070 2.79836825 0.35519169
7.18653224 2.40955473 1.93646972 2.80032686 0.35600021
7.18777875 2.40984752 1.93810269 2.80231200 0.35683040
7.18905350 2.41013395 1.93974986 2.80432410 0.35768294
7.19035677 2.41041398 1.94141144 2.80636355 0.35855850
7.19168886 2.41068755 1.94308768 2.80843080 0.35945777
7.19305008 2.41095462 1.94477880 2.81052624 0.36038146
7.19444071 2.41121513 1.94648503 2.81265032 0.36133031
7.19586106 2.41146903 1.94820660 2.81480345 0.36230504
7.19731142 2.41171625 1.94994376 2.81698607 0.36330641
7.19879209 2.41195676 1.95169672 2.81919861 0.36433521
7.20030337 2.41219049 1.95346572 2.82144151 0.36539222
7.20184556 2.41241738 1.95525100 2.82371520 0.36647824
7.20341895 2.41263739 1.95705277 2.82602013 0.36759411
7.20502385 2.41285044 1.95887128 2.82835673 0.36874067
7.20666054 2.41305647 1.96070676 2.83072546 0.36991876
7.20832933 2.41325544 1.96255942 2.83312674 0.37112927
7.21003050 2.41344728 1.96442951 2.83556104 0.37237309
7.21176434 2.41363192 1.96631724 2.83802880 0.37365112
7.21353114 2.41380931 1.96822284 2.84053046 0.37496429
7.21533120 2.41397938 1.97014653 2.84306647 0.37631353
7.21716478 2.41414207 1.97208854 2.84563728 0.37769980
7.21903218 2.41429732 1.97404908 2.84824335 0.37912408
7.22093366 2.41444505 1.97602837 2.85088510 0.38058734
7.22286951 2.41458521 1.97802662 2.85356300 0.38209059
7.22483998 2.41471772 1.98004404 2.85627749 0.38363483
7.22684535 2.41484253 1.98208084 2.85902900 0.38522111
7.22888587 2.41495956 1.98413722 2.86181799 0.38685046
7.23096179 2.41506875 1.98621338 2.86464487 0.38852393
7.23307337 2.41517003 1.98830952 2.86751010 0.39024260
7.23522084 2.41526333 1.99042582 2.87041410 0.39200752
7.23740444 2.41534859 1.99256248 2.87335730 0.39381980
7.23962439 2.41542573 1.99471967 2.87634011 0.39568052
7.24188092 2.41549468 1.99689757 2.87936296 0.39759079
7.24417423 2.41555539 1.99909634 2.88242626 0.39955172
7.24650452 2.41560777 2.00131616 2.88553040 0.40156443
7.24887199 2.41565176 2.00355716 2.88867579 0.40363003
7.25127682 2.41568729 2.00581951 2.89186281 0.40574964
7.25371918 2.41571430 2.00810335 2.89509184 0.40792440
7.25619924 2.41573270 2.01040880 2.89836325 0.41015542
7.25871713 2.41574245 2.01273599 2.90167740 0.41244383
7.26127300 2.41574346 2.01508503 2.90503465 0.41479075
7.26386697 2.41573568 2.01745604 2.90843532 0.41719728
7.26649914 2.41571903 2.01984911 2.91187974 0.41966453
7.26916961 2.41569345 2.02226431 2.91536823 0.42219359
7.27187847 2.41565888 2.02470174 2.91890108 0.42478555
7.27462577 2.41561525 2.02716145 2.92247856 0.42744148
7.27741156 2.41556250 2.02964349 2.92610096 0.43016241
7.28023586 2.41550058 2.03214791 2.92976850 0.43294939
7.28309870 2.41542942 2.03467472 2.93348143 0.43580341
7.28600006 2.41534896 2.03722394 2.93723994 0.43872546
7.28893992 2.41525914 2.03979557 2.94104424 0.44171649
7.29191823 2.41515993 2.04238960 2.94489449 0.44477741
7.29493491 2.41505125 2.04500599 2.94879083 0.44790911
7.29798988 2.41493307 2.04764469 2.95273339 0.45111243
7.30108303 2.41480534 2.05030564 2.95672225 0.45438817
7.30421421 2.41466801 2.05298877 2.96075750 0.45773709
7.30738327 2.41452104 2.05569397 2.96483918 0.46115990
7.31059002 2.41436439 2.05842114 2.96896729 0.46465724
7.31383424 2.41419803 2.06117012 2.97314183 0.46822970
7.31711571 2.41402193 2.06394079 2.97736275 0.47187783
7.32043415 2.41383605 2.06673295 2.98162997 0.47560208
7.32378926 2.41364038 2.06954642 2.98594338 0.47940286
7.32718074 2.41343489 2.07238100 2.99030284 0.48328048
7.33060822 2.41321957 2.07523643 2.99470816 0.48723518
7.33407133 2.41299440 2.07811248 2.99915913 0.49126714
7.33756965 2.41275939 2.08100886 3.00365550 0.49537641
7.34110273 2.41251453 2.08392527 3.00819696 0.49956300
7.34467012 2.41225982 2.08686139 3.01278318 0.50382678
7.34827128 2.41199527 2.08981689 3.01741380 0.50816755
7.35190570 2.41172089 2.09279138 3.02208838 0.51258499
7.35557278 2.41143672 2.09578448 3.02680647 0.51707869
7.35927194 2.41114277 2.09879578 3.03156757 0.52164811
7.36300252 2.41083907 2.10182482 3.03637112 0.52629262
7.36676385 2.41052568 2.10487116 3.04121653 0.53101146
7.37055522 2.41020262 2.10793430 3.04610316 0.53580374
7.37437590 2.40986997 2.11101374 3.05103031 0.54066846
7.37822509 2.40952777 2.11410892 3.05599726 0.54560450
7.38210200 2.40917609 2.11721929 3.06100321 0.55061061
7.38600577 2.40881501 2.12034427 3.06604733 0.55568539
7.38993552 2.40844462 2.12348325 3.07112874 0.56082733
7.39389035 2.40806499 2.12663558 3.07624650 0.56603478
7.39786929 2.40767623 2.12980062 3.08139964 0.57130597
7.40187138 2.40727845 2.13297768 3.08658713 0.57663899
7.40589560 2.40687176 2.13616606 3.09180788 0.58203178
7.40994089 2.40645627 2.13936503 3.09706077 0.58748217
7.41400620 2.40603213 2.14257384 3.10234463 0.59298785
7.41809040 2.40559947 2.14579172 3.10765822 0.59854639
7.42219237 2.40515843 2.14901789 3.11300029 0.60415521
7.42631094 2.40470917 2.15225153 3.11836951 0.60981165
7.43044492 2.40425185 2.15549181 3.12376453 0.61551287
7.43459309 2.40378664 2.15873789 3.12918394 0.62125597
7.43875422 2.40331372 2.16198890 3.13462629 0.62703790
7.44292702 2.40283328 2.16524396 3.14009009 0.63285552
7.44711023 2.40234551 2.16850217 3.14557383 0.63870559
7.45130253 2.40185061 2.17176263 3.15107593 0.64458476
7.45550259 2.40134880 2.17502441 3.15659479 0.65048961
7.45970908 2.40084028 2.17828658 3.16212879 0.65641663
7.46392064 2.40032528 2.18154819 3.16767625 0.66236224
7.46813590 2.39980403 2.18480829 3.17323548 0.66832278
7.47235347 2.39927677 2.18806594 3.17880476 0.67429455
7.47657198 2.39874373 2.19132015 3.18438235 0.68027380
7.48079003 2.39820517 2.19456996 3.18996648 0.68625674
7.48500621 2.39766133 2.19781440 3.19555537 0.69223955
7.48921913 2.39711249 2.20105250 3.20114720 0.69821838
7.49342738 2.39655889 2.20428329 3.20674019 0.70418938
7.49762956 2.39600080 2.20750579 3.21233248 0.71014872
7.50182428 2.39543850 2.21071905 3.21792227 0.71609254
7.50601015 2.39487226 2.21392209 3.22350772 0.72201703
7.51018579 2.39430236 2.21711398 3.22908698 0.72791841
7.51434983 2.39372907 2.22029376 3.23465824 0.73379293
7.51850091 2.39315267 2.22346050 3.24021966 0.73963689
7.52263770 2.39257346 2.22661328 3.24576943 0.74544666
7.52675888 2.39199170 2.22975119 3.25130574 0.75121868
7.53086313 2.39140768 2.23287334 3.25682680 0.75694946
7.53494919 2.39082170 2.23597885 3.26233085 0.76263560
7.53901579 2.39023402 2.23906686 3.26781613 0.76827381
7.54306171 2.38964493 2.24213652 3.27328092 0.77386088
7.54708574 2.38905471 2.24518703 3.27872351 0.77939373
7.55108670 2.38846365 2.24821757 3.28414224 0.78486939
7.55506346 2.38787201 2.25122738 3.28953548 0.79028502
7.55901490 2.38728007 2.25421569 3.29490160 0.79563789
7.56293994 2.38668809 2.25718179 3.30023906 0.80092543
7.56683754 2.38609636 2.26012496 3.30554632 0.80614520
7.57070670 2.38550511 2.26304454 3.31082190 0.81129490
7.57454644 2.38491462 2.26593986 3.31606436 0.81637238
7.57835583 2.38432514 2.26881032 3.32127229 0.82137563
7.58213399 2.38373691 2.27165531 3.32644435 0.82630279
7.58588005 2.38315017 2.27447427 3.33157923 0.83115216
7.58959321 2.38256517 2.27726667 3.33667569 0.83592220
7.59327269 2.38198212 2.28003199 3.34173251 0.84061150
7.59691776 2.38140126 2.28276977 3.34674855 0.84521880
7.60052774 2.38082280 2.28547955 3.35172271 0.84974302
7.60410197 2.38024695 2.28816092 3.35665394 0.85418320
7.60763985 2.37967391 2.29081348 3.36154124 0.85853854
7.61114081 2.37910388 2.29343689 3.36638369 0.86280836
7.61460433 2.37853706 2.29603080 3.37118039 0.86699216
7.61802993 2.37797361 2.29859493 3.37593052 0.87108954
7.62141716 2.37741372 2.30112900 3.38063330 0.87510025
7.62476562 2.37685754 2.30363278 3.38528799 0.87902416
7.62807495 2.37630525 2.30610604 3.38989394 0.88286128
7.63134482 2.37575699 2.30854859 3.39445053 0.88661172
7.63457494 2.37521291 2.31096030 3.39895719 0.89027572
7.63776507 2.37467314 2.31334101 3.40341341 0.89385360
7.64091500 2.37413782 2.31569062 3.40781873 0.89734583
7.64402455 2.37360705 2.31800905 3.41217273 0.90075294
7.64709358 2.37308097 2.32029625 3.41647504 0.90407556
7.65012197 2.37255967 2.32255218 3.42072537 0.90731443
7.65310966 2.37204325 2.32477683 3.42492342 0.91047035
7.65605660 2.37153182 2.32697022 3.42906899 0.91354419
7.65896278 2.37102545 2.32913238 3.43316189 0.91653691
7.66182821 2.37052422 2.33126336 3.43720198 0.91944953
7.66465295 2.37002821 2.33336324 3.44118917 0.92228313
7.66743706 2.36953748 2.33543212 3.44512340 0.92503883
7.67018064 2.36905209 2.33747010 3.44900466 0.92771782
7.67288382 2.36857210 2.33947731 3.45283298 0.93032134
7.67554675 2.36809755 2.34145391 3.45660840 0.93285064
7.67816960 2.36762849 2.34340005 3.46033101 0.93530703
7.68075255 2.36716495 2.34531591 3.46400096 0.93769185
7.68329583 2.36670696 2.34720169 3.46761838 0.94000644
7.68579967 2.36625456 2.34905758 3.47118348 0.94225221
7.68826432 2.36580775 2.35088382 3.47469645 0.94443054
7.69069005 2.36536655 2.35268061 3.47815756 0.94654285
7.69307714 2.36493098 2.35444822 3.48156706 0.94859058
7.69542589 2.36450104 2.35618688 3.48492526 0.95057515
7.69773663 2.36407674 2.35789686 3.48823246 0.95249801
7.70000968 2.36365807 2.35957842 3.49148901 0.95436059
7.70224538 2.36324503 2.36123186 3.49469526 0.95616434
7.70444408 2.36283760 2.36285744 3.49785160 0.95791069
7.70660615 2.36243578 2.36445548 3.50095842 0.95960107
7.70873196 2.36203954 2.36602625 3.50401614 0.96123691
7.71082190 2.36164887 2.36757007 3.50702518 0.96281961
7.71287634 2.36126375 2.36908725 3.50998599 0.96435058
7.71489570 2.36088414 2.37057811 3.51289903 0.96583119
7.71688037 2.36051003 2.37204295 3.51576477 0.96726281
7.71883077 2.36014137 2.37348211 3.51858368 0.96864681
7.72074730 2.35977815 2.37489591 3.52135626 0.96998450
7.72263040 2.35942031 2.37628468 3.52408301 0.97127720
7.72448048 2.35906783 2.37764874 3.52676443 0.97252621
7.72629797 2.35872066 2.37898844 3.52940105 0.97373279
7.72808329 2.35837876 2.38030410 3.53199339 0.97489819
7.72983689 2.35804209 2.38159606 3.53454197 0.97602364
7.73155920 2.35771060 2.38286465 3.53704734 0.97711034
7.73325065 2.35738425 2.38411021 3.53951002 0.97815946
7.73491167 2.35706299 2.38533308 3.54193057 0.97917215
7.73654270 2.35674677 2.38653358 3.54430952 0.98014955
7.73814418 2.35643554 2.38771206 3.54664742 0.98109276
7.73971654 2.35612925 2.38886885 3.54894483 0.98200285
7.74126022 2.35582785 2.39000427 3.55120228 0.98288087
7.74277565 2.35553129 2.39111867 3.55342035 0.98372785
7.74426326 2.35523950 2.39221237 3.55559956 0.98454479
7.74572348 2.35495244 2.39328569 3.55774049 0.98533266
7.74715673 2.35467006 2.39433897 3.55984366 0.98609242
7.74856345 2.35439229 2.39537253 3.56190964 0.98682498
7.74994405 2.35411908 2.39638668 3.56393897 0.98753125
7.75129896 2.35385038 2.39738175 3.56593219 0.98821211
7.75262859 2.35358613 2.39835805 3.56788984 0.98886841
7.75393334 2.35332627 2.39931589 3.56981247 0.98950096
7.75521364 2.35307075 2.40025559 3.57170061 0.99011058
7.75646989 2.35281950 2.40117745 3.57355480 0.99069805
7.75770249 2.35257248 2.40208177 3.57537556 0.99126412
7.75891183 2.35232962 2.40296886 3.57716341 0.99180953
7.76009832 2.35209088 2.40383901 3.57891889 0.99233499
7.76126234 2.35185618 2.40469252 3.58064250 0.99284119
7.76240427 2.35162548 2.40552967 3.58233476 0.99332881
7.76352450 2.35139871 2.40635076 3.58399617 0.99379848
7.76462341 2.35117583 2.40715607 3.58562724 0.99425085
7.76570136 2.35095678 2.40794587 3.58722847 0.99468652
7.76675872 2.35074149 2.40872045 3.58880035 0.99510608
7.76779586 2.35052992 2.40948007 3.59034336 0.99551009
7.76881314 2.35032202 2.41022501 3.59185799 0.99589912
7.76981090 2.35011771 2.41095552 3.59334472 0.99627370
7.77078949 2.34991696 2.41167188 3.59480400 0.99663435
7.77174927 2.34971971 2.41237433 3.59623632 0.99698155
7.77269056 2.34952589 2.41306314 3.59764213 0.99731581
7.77361371 2.34933547 2.41373855 3.59902188 0.99763758
7.77451904 2.34914839 2.41440080 3.60037602 0.99794731
7.77540687 2.34896460 2.41505015 3.60170499 0.99824545
7.77627753 2.34878403 2.41568683 3.60300923 0.99853242
7.77713133 2.34860666 2.41631107 3.60428918 0.99880861
7.77796858 2.34843241 2.41692311 3.60554524 0.99907443
7.77878958 2.34826125 2.41752317 3.60677785 0.99933025
7.77959464 2.34809312 2.41811149 3.60798741 0.99957644
7.78038405 2.34792797 2.41868827 3.60917434 0.99981336
7.78115811 2.34776576 2.41925374 3.61033902 1.00004134
7.78191709 2.34760644 2.41980810 3.61148187 1.00026071
7.78266129 2.34744995 2.42035158 3.61260326 1.00047179
7.78339097 2.34729626 2.42088437 3.61370357 1.00067490
7.78410641 2.34714532 2.42140668 3.61478320 1.00087032
7.78480787 2.34699708 2.42191871 3.61584250 1.00105833
7.78549563 2.34685150 2.42242065 3.61688185 1.00123923
7.78616994 2.34670853 2.42291270 3.61790160 1.00141326
7.78683106 2.34656813 2.42339505 3.61890211 1.00158068
7.78747923 2.34643026 2.42386788 3.61988373 1.00174175
7.78811470 2.34629487 2.42433137 3.62084680 1.00189670
7.78873771 2.34616191 2.42478570 3.62179166 1.00204575
7.78934851 2.34603136 2.42523106 3.62271864 1.00218914
7.78994731 2.34590317 2.42566761 3.62362806 1.00232706
7.79053436 2.34577729 2.42609552 3.62452026 1.00245973
7.79110988 2.34565370 2.42651496 3.62539554 1.00258735
7.79167409 2.34553234 2.42692610 3.62625421 1.00271009
7.79222720 2.34541318 2.42732909 3.62709659 1.00282816
7.79276943 2.34529619 2.42772410 3.62792297 1.00294172
7.79330099 2.34518132 2.42811127 3.62873364 1.00305094
7.79382209 2.34506854 2.42849077 3.62952891 1.00315599
7.79433292 2.34495782 2.42886273 3.63030905 1.00325702
7.79483369 2.34484910 2.42922732 3.63107434 1.00335419
7.79532458 2.34474237 2.42958466 3.63182506 1.00344765
7.79580580 2.34463759 2.42993491 3.63256148 1.00353752
7.79627753 2.34453472 2.43027820 3.63328387 1.00362396
7.79673995 2.34443372 2.43061467 3.63399249 1.00370709
7.79719324 2.34433458 2.43094445 3.63468759 1.00378703
7.79763758 2.34423724 2.43126768 3.63536943 1.00386391
7.79807315 2.34414169 2.43158447 3.63603826 1.00393784
7.79850011 2.34404788 2.43189496 3.63669431 1.00400893
7.79891864 2.34395580 2.43219928 3.63733784 1.00407730
7.79932890 2.34386540 2.43249753 3.63796907 1.00414305
7.79973104 2.34377666 2.43278985 3.63858823 1.00420627
7.80012523 2.34368955 2.43307635 3.63919556 1.00426707
7.80051162 2.34360404 2.43335714 3.63979127 1.00432553
7.80089037 2.34352010 2.43363234 3.64037558 1.00438174
7.80126163 2.34343770 2.43390205 3.64094871 1.00443580
7.80162554 2.34335681 2.43416639 3.64151087 1.00448777
7.80198224 2.34327742 2.43442546 3.64206227 1.00453775
7.80233188 2.34319948 2.43467936 3.64260310 1.00458581
7.80267459 2.34312299 2.43492820 3.64313358 1.00463202
7.80301052 2.34304790 2.43517208 3.64365388 1.00467645
7.80333979 2.34297419 2.43541110 3.64416422 1.00471918
7.80366253 2.34290184 2.43564534 3.64466477 1.00476025
7.80397888 2.34283083 2.43587491 3.64515572 1.00479975
7.80428896 2.34276113 2.43609990 3.64563726 1.00483773
7.80459289 2.34269271 2.43632040 3.64610955 1.00487425
7.80489080 2.34262556 2.43653650 3.64657279 1.00490936
7.80518280 2.34255965 2.43674828 3.64702713 1.00494311
7.80546900 2.34249495 2.43695584 3.64747276 1.00497557
7.80574953 2.34243146 2.43715925 3.64790982 1.00500678
7.80602449 2.34236913 2.43735860 3.64833849 1.00503678
7.80629400 2.34230796 2.43755397 3.64875893 1.00506563
7.80655816 2.34224792 2.43774543 3.64917130 1.00509337
7.80681708 2.34218899 2.43793307 3.64957574 1.00512003
7.80707086 2.34213116 2.43811696 3.64997240 1.00514567
7.80731960 2.34207439 2.43829717 3.65036145 1.00517032
7.80756340 2.34201868 2.43847379 3.65074302 1.00519402
7.80780236 2.34196399 2.43864687 3.65111725 1.00521681
7.80803658 2.34191032 2.43881650 3.65148428 1.00523871
7.80826615 2.34185765 2.43898273 3.65184426 1.00525978
7.80849115 2.34180595 2.43914564 3.65219731 1.00528003
7.80871169 2.34175522 2.43930530 3.65254357 1.00529949
7.80892785 2.34170542 2.43946176 3.65288317 1.00531821
7.80913971 2.34165655 2.43961509 3.65321624 1.00533621
7.80934736 2.34160858 2.43976536 3.65354289 1.00535351
7.80955089 2.34156151 2.43991262 3.65386326 1.00537014
7.80975037 2.34151531 2.44005694 3.65417747 1.00538613
7.80994589 2.34146997 2.44019837 3.65448562 1.00540150
7.81013753 2.34142547 2.44033697 3.65478785 1.00541628
7.81032535 2.34138179 2.44047280 3.65508425 1.00543049
7.81050945 2.34133893 2.44060591 3.65537495 1.00544415
7.81068988 2.34129687 2.44073636 3.65566005 1.00545729
7.81086673 2.34125558 2.44086420 3.65593965 1.00546991
7.81104006 2.34121507 2.44098948 3.65621388 1.00548205
7.81120994 2.34117531 2.44111226 3.65648282 1.00549372
7.81137645 2.34113629 2.44123257 3.65674658 1.00550494
7.81153965 2.34109799 2.44135049 3.65700526 1.00551572
7.81169960 2.34106041 2.44146604 3.65725895 1.00552609
7.81185637 2.34102353 2.44157927 3.65750775 1.00553606
7.81201003 2.34098733 2.44169025 3.65775177 1.00554564
7.81216063 2.34095181 2.44179900 3.65799107 1.00555486
7.81230823 2.34091695 2.44190557 3.65822577 1.00556371
7.81245290 2.34088274 2.44201001 3.65845594 1.00557223
7.81259469 2.34084916 2.44211236 3.65868168 1.00558041
7.81273366 2.34081621 2.44221266 3.65890306 1.00558828
7.81286987 2.34078388 2.44231096 3.65912018 1.00559585
7.81300336 2.34075215 2.44240728 3.65933311 1.00560312
7.81313421 2.34072100 2.44250168 3.65954193 1.00561011
7.81326244 2.34069044 2.44259419 3.65974673 1.00561684
7.81338813 2.34066045 2.44268485 3.65994758 1.00562330
7.81351132 2.34063102 2.44277369 3.66014455 1.00562951
7.81363206 2.34060214 2.44286075 3.66033773 1.00563548
7.81375039 2.34057380 2.44294607 3.66052718 1.00564122
7.81386637 2.34054598 2.44302968 3.66071298 1.00564674
7.81398005 2.34051868 2.44311161 3.66089519 1.00565205
7.81409146 2.34049190 2.44319191 3.66107389 1.00565715
7.81420065 2.34046561 2.44327060 3.66124914 1.00566205
7.81430767 2.34043981 2.44334771 3.66142101 1.00566677
7.81441256 2.34041450 2.44342327 3.66158956 1.00567130
7.81451537 2.34038965 2.44349733 3.66175487 1.00567565
7.81461613 2.34036527 2.44356990 3.66191698 1.00567984
7.81471488 2.34034135 2.44364102 3.66207596 1.00568387
7.81481167 2.34031787 2.44371071 3.66223188 1.00568774
7.81490653 2.34029483 2.44377901 3.66238479 1.00569146
7.81499951 2.34027223 2.44384594 3.66253475 1.00569504
7.81509063 2.34025004 2.44391153 3.66268181 1.00569848
7.81517994 2.34022827 2.44397580 3.66282604 1.00570178
7.81526748 2.34020690 2.44403879 3.66296748 1.00570496
7.81535327 2.34018593 2.44410052 3.66310619 1.00570801
7.81543735 2.34016536 2.44416100 3.66324223 1.00571095
7.81551976 2.34014517 2.44422028 3.66337564 1.00571377
7.81560053 2.34012536 2.44427837 3.66350647 1.00571649
7.81567969 2.34010591 2.44433530 3.66363478 1.00571910
7.81575728 2.34008684 2.44439109 3.66376061 1.00572161
7.81583332 2.34006811 2.44444576 3.66388402 1.00572402
7.81590785 2.34004974 2.44449933 3.66400504 1.00572634
7.81598090 2.34003171 2.44455183 3.66412372 1.00572856
7.81605249 2.34001402 2.44460328 3.66424011 1.00573071
7.81612265 2.33999666 2.44465370 3.66435426 1.00573277
7.81619142 2.33997962 2.44470311 3.66446620 1.00573474
7.81625882 2.33996290 2.44475152 3.66457598 1.00573665
7.81632488 2.33994650 2.44479897 3.66468365 1.00573848
7.81638963 2.33993040 2.44484547 3.66478923 1.00574024
7.81645308 2.33991460 2.44489104 3.66489277 1.00574193
7.81651527 2.33989910 2.44493569 3.66499432 1.00574355
7.81657623 2.33988388 2.44497945 3.66509390 1.00574511
7.81663597 2.33986896 2.44502233 3.66519156 1.00574662
7.81669452 2.33985431 2.44506435 3.66528734 1.00574806
7.81675190 2.33983993 2.44510553 3.66538126 1.00574945
7.81680815 2.33982583 2.44514589 3.66547338 1.00575078
7.81686327 2.33981198 2.44518543 3.66556371 1.00575207
7.81691729 2.33979840 2.44522419 3.66565230 1.00575330
7.81697025 2.33978507 2.44526217 3.66573917 1.00575448
7.81702214 2.33977199 2.44529938 3.66582437 1.00575562
7.81707300 2.33975916 2.44533586 3.66590793 1.00575672
7.81712285 2.33974657 2.44537160 3.66598987 1.00575777
7.81717171 2.33973421 2.44540662 3.66607023 1.00575878
7.81721960 2.33972208 2.44544094 3.66614903 1.00575976
7.81726653 2.33971018 2.44547458 3.66622632 1.00576069
7.81731253 2.33969850 2.44550754 3.66630211 1.00576159
7.81735761 2.33968704 2.44553984 3.66637644 1.00576246
7.81740179 2.33967580 2.44557149 3.66644933 1.00576329
7.81744510 2.33966477 2.44560251 3.66652081 1.00576409
7.81748754 2.33965394 2.44563291 3.66659091 1.00576486
7.81752914 2.33964331 2.44566269 3.66665966 1.00576559
7.81756991 2.33963289 2.44569189 3.66672708 1.00576630
7.81760986 2.33962266 2.44572049 3.66679320 1.00576699
7.81764902 2.33961262 2.44574852 3.66685804 1.00576764
7.81768741 2.33960277 2.44577599 3.66692163 1.00576827
7.81772502 2.33959310 2.44580292 3.66698399 1.00576888
7.81776189 2.33958362 2.44582930 3.66704515 1.00576946
7.81779803 2.33957431 2.44585515 3.66710512 1.00577002
7.81783344 2.33956518 2.44588048 3.66716394 1.00577056
7.81786815 2.33955621 2.44590531 3.66722162 1.00577108
7.81790217 2.33954742 2.44592964 3.66727818 1.00577158
7.81793551 2.33953879 2.44595348 3.66733365 1.00577206
7.81796819 2.33953032 2.44597684 3.66738805 1.00577252
7.81800022 2.33952201 2.44599974 3.66744140 1.00577296
7.81803161 2.33951386 2.44602217 3.66749372 1.00577338
7.81806237 2.33950586 2.44604416 3.66754503 1.00577379
7.81809252 2.33949801 2.44606571 3.66759535 1.00577418
7.81812208 2.33949030 2.44608682 3.66764469 1.00577456
7.81815104 2.33948274 2.44610751 3.66769308 1.00577492
7.81817943 2.33947533 2.44612779 3.66774054 1.00577527
7.81820725 2.33946805 2.44614766 3.66778708 1.00577561
7.81823451 2.33946091 2.44616713 3.66783272 1.00577593
7.81826124 2.33945390 2.44618621 3.66787748 1.00577624
7.81828743 2.33944702 2.44620491 3.66792137 1.00577654
7.81831310 2.33944027 2.44622323 3.66796441 1.00577683
7.81833826 2.33943365 2.44624119 3.66800663 1.00577710
7.81836292 2.33942715 2.44625879 3.66804803 1.00577737
7.81838709 2.33942078 2.44627603 3.66808862 1.00577762
7.81841077 2.33941452 2.44629293 3.66812844 1.00577787
7.81843399 2.33940838 2.44630949 3.66816748 1.00577810
7.81845674 2.33940236 2.44632572 3.66820577 1.00577833
7.81847904 2.33939644 2.44634162 3.66824332 1.00577854
7.81850090 2.33939064 2.44635720 3.66828015 1.00577875
7.81852232 2.33938495 2.44637248 3.66831626 1.00577895
7.81854331 2.33937937 2.44638744 3.66835168 1.00577915
7.81856389 2.33937389 2.44640211 3.66838641 1.00577933
7.81858405 2.33936851 2.44641648 3.66842047 1.00577951
7.81860382 2.33936323 2.44643056 3.66845387 1.00577968
7.81862319 2.33935806 2.44644436 3.66848662 1.00577985
7.81864217 2.33935298 2.44645789 3.66851875 1.00578001
7.81866078 2.33934799 2.44647114 3.66855025 1.00578016
7.81867902 2.33934310 2.44648413 3.66858114 1.00578030
7.81869689 2.33933830 2.44649685 3.66861144 1.00578045
7.81871441 2.33933359 2.44650933 3.66864115 1.00578058
7.81873158 2.33932897 2.44652155 3.66867029 1.00578071
7.81874841 2.33932443 2.44653353 3.66869886 1.00578084
7.81876490 2.33931998 2.44654526 3.66872688 1.00578096
7.81878106 2.33931561 2.44655676 3.66875436 1.00578107
7.81879690 2.33931133 2.44656804 3.66878131 1.00578118
7.81881243 2.33930712 2.44657908 3.66880774 1.00578129
7.81882765 2.33930300 2.44658991 3.66883366 1.00578139
7.81884256 2.33929895 2.44660051 3.66885908 1.00578149
7.81885718 2.33929498 2.44661091 3.66888400 1.00578159
7.81887151 2.33929108 2.44662109 3.66890845 1.00578168
7.81888555 2.33928726 2.44663107 3.66893242 1.00578177
7.81889931 2.33928350 2.44664086 3.66895593 1.00578185
7.81891279 2.33927982 2.44665044 3.66897898 1.00578193
7.81892601 2.33927621 2.44665983 3.66900159 1.00578201
7.81893897 2.33927266 2.44666904 3.66902376 1.00578208
7.81895167 2.33926918 2.44667806 3.66904550 1.00578216
7.81896411 2.33926577 2.44668690 3.66906683 1.00578223
7.81897631 2.33926242 2.44669556 3.66908774 1.00578229
7.81898826 2.33925913 2.44670405 3.66910824 1.00578236
7.81899998 2.33925591 2.44671237 3.66912835 1.00578242
7.81901146 2.33925274 2.44672052 3.66914808 1.00578248
7.81902272 2.33924964 2.44672851 3.66916742 1.00578253
7.81903375 2.33924659 2.44673634 3.66918638 1.00578259
7.81904456 2.33924360 2.44674401 3.66920498 1.00578264
7.81905515 2.33924067 2.44675153 3.66922323 1.00578269
7.81906554 2.33923779 2.44675889 3.66924111 1.00578274
7.81907571 2.33923496 2.44676611 3.66925866 1.00578279
7.81908569 2.33923219 2.44677319 3.66927586 1.00578283
7.81909547 2.33922947 2.44678012 3.66929273 1.00578287
7.81910505 2.33922680 2.44678691 3.66930928 1.00578292
7.81911444 2.33922418 2.44679357 3.66932550 1.00578296
7.81912364 2.33922161 2.44680009 3.66934141 1.00578299
7.81913266 2.33921909 2.44680649 3.66935702 1.00578303
7.81914150 2.33921662 2.44681275 3.66937232 1.00578307
7.81915017 2.33921419 2.44681889 3.66938733 1.00578310
7.81915866 2.33921181 2.44682491 3.66940204 1.00578313
7.81916699 2.33920947 2.44683080 3.66941647 1.00578316
7.81917514 2.33920718 2.44683658 3.66943063 1.00578319
7.81918314 2.33920493 2.44684224 3.66944451 1.00578322
7.81919097 2.33920272 2.44684779 3.66945812 1.00578325
7.81919865 2.33920055 2.44685322 3.66947147 1.00578328
7.81920618 2.33919843 2.44685855 3.66948456 1.00578330
7.81921356 2.33919634 2.44686377 3.66949740 1.00578333
7.81922079 2.33919429 2.44686889 3.66950999 1.00578335
7.81922788 2.33919228 2.44687390 3.66952233 1.00578338
7.81923482 2.33919031 2.44687882 3.66953444 1.00578340
7.81924163 2.33918838 2.44688363 3.66954631 1.00578342
7.81924830 2.33918648 2.44688835 3.66955796 1.00578344
7.81925484 2.33918462 2.44689297 3.66956938 1.00578346
7.81926125 2.33918279 2.44689750 3.66958057 1.00578348
7.81926753 2.33918100 2.44690194 3.66959156 1.00578350
7.81927368 2.33917924 2.44690629 3.66960233 1.00578351
7.81927972 2.33917751 2.44691056 3.66961289 1.00578353
7.81928563 2.33917582 2.44691474 3.66962324 1.00578355
7.81929143 2.33917416 2.44691883 3.66963340 1.00578356
7.81929711 2.33917253 2.44692284 3.66964336 1.00578358
7.81930267 2.33917093 2.44692677 3.66965313 1.00578359
7.81930813 2.33916936 2.44693063 3.66966271 1.00578361
7.81931348 2.33916782 2.44693440 3.66967210 1.00578362
7.81931872 2.33916631 2.44693810 3.66968132 1.00578363
7.81932385 2.33916482 2.44694173 3.66969035 1.00578364
7.81932889 2.33916337 2.44694528 3.66969921 1.00578366
7.81933382 2.33916194 2.44694876 3.66970790 1.00578367
7.81933866 2.33916054 2.44695217 3.66971642 1.00578368
7.81934340 2.33915916 2.44695552 3.66972478 1.00578369
7.81934804 2.33915781 2.44695880 3.66973297 1.00578370
