0.08216617 3.90008480 0.57123891 6.10219436 0.49405654
0.08591561 3.89499416 0.56603624 6.10353987 0.50095535
0.08967984 3.88988344 0.56081305 6.10489068 0.50790793
0.09345807 3.88475369 0.55557043 6.10624652 0.51491154
0.09724950 3.87960603 0.55030951 6.10760708 0.52196332
0.10105327 3.87444159 0.54503146 6.10897207 0.52906025
0.10486851 3.86926158 0.53973750 6.11034117 0.53619918
0.10869432 3.86406720 0.53442889 6.11171406 0.54337682
0.11252977 3.85885974 0.52910690 6.11309040 0.55058974
0.11637389 3.85364048 0.52377288 6.11446984 0.55783440
0.12022571 3.84841076 0.51842819 6.11585204 0.56510713
0.12408422 3.84317196 0.51307423 6.11723664 0.57240415
0.12794838 3.83792548 0.50771243 6.11862325 0.57972156
0.13181713 3.83267275 0.50234426 6.12001151 0.58705536
0.13568940 3.82741523 0.49697121 6.12140103 0.59440148
0.13956410 3.82215440 0.49159481 6.12279140 0.60175574
0.14344011 3.81689180 0.48621660 6.12418224 0.60911390
0.14731629 3.81162893 0.48083814 6.12557314 0.61647164
0.15119151 3.80636738 0.47546104 6.12696367 0.62382462
0.15506460 3.80110870 0.47008690 6.12835344 0.63116843
0.15893440 3.79585448 0.46471733 6.12974202 0.63849863
0.16279972 3.79060632 0.45935398 6.13112899 0.64581077
0.16665939 3.78536584 0.45399849 6.13251391 0.65310039
0.17051221 3.78013464 0.44865250 6.13389637 0.66036304
0.17435699 3.77491434 0.44331768 6.13527594 0.66759427
0.17819254 3.76970657 0.43799568 6.13665219 0.67478968
0.18201766 3.76451294 0.43268815 6.13802468 0.68194490
0.18583118 3.75933505 0.42739673 6.13939300 0.68905563
0.18963191 3.75417452 0.42212307 6.14075673 0.69611761
0.19341868 3.74903293 0.41686879 6.14211543 0.70312669
0.19719033 3.74391186 0.41163550 6.14346870 0.71007878
0.20094571 3.73881287 0.40642479 6.14481612 0.71696992
0.20468369 3.73373750 0.40123824 6.14615729 0.72379624
0.20840315 3.72868726 0.39607740 6.14749180 0.73055401
0.21210299 3.72366364 0.39094379 6.14881926 0.73723961
0.21578214 3.71866810 0.38583889 6.15013929 0.74384959
0.21943954 3.71370208 0.38076419 6.15145150 0.75038062
0.22307417 3.70876696 0.37572109 6.15275553 0.75682955
0.22668502 3.70386412 0.37071099 6.15405102 0.76319338
0.23027113 3.69899487 0.36573525 6.15533762 0.76946928
0.23383153 3.69416050 0.36079518 6.15661498 0.77565460
0.23736533 3.68936225 0.35589203 6.15788279 0.78174687
0.24087163 3.68460132 0.35102705 6.15914072 0.78774380
0.24434959 3.67987885 0.34620140 6.16038847 0.79364328
0.24779840 3.67519596 0.34141622 6.16162575 0.79944340
0.25121727 3.67055370 0.33667258 6.16285228 0.80514243
0.25460546 3.66595309 0.33197152 6.16406779 0.81073881
0.25796227 3.66139507 0.32731402 6.16527203 0.81623120
0.26128702 3.65688057 0.32270102 6.16646475 0.82161843
0.26457908 3.65241044 0.31813337 6.16764574 0.82689951
0.26783787 3.64798549 0.31361192 6.16881477 0.83207363
0.27106281 3.64360647 0.30913742 6.16997166 0.83714017
0.27425341 3.63927408 0.30471061 6.17111620 0.84209867
0.27740916 3.63498899 0.30033214 6.17224824 0.84694886
0.28052964 3.63075177 0.29600262 6.17336761 0.85169059
0.28361444 3.62656300 0.29172263 6.17447417 0.85632393
0.28666319 3.62242315 0.28749266 6.17556778 0.86084904
0.28967557 3.61833269 0.28331317 6.17664833 0.86526628
0.29265127 3.61429201 0.27918458 6.17771571 0.86957610
0.29559005 3.61030146 0.27510723 6.17876984 0.87377914
0.29849168 3.60636134 0.27108144 6.17981063 0.87787610
0.30135597 3.60247191 0.26710747 6.18083801 0.88186787
0.30418277 3.59863337 0.26318552 6.18185193 0.88575538
0.30697196 3.59484589 0.25931578 6.18285234 0.88953973
0.30972344 3.59110960 0.25549835 6.18383922 0.89322207
0.31243716 3.58742457 0.25173333 6.18481255 0.89680367
0.31511310 3.58379084 0.24802075 6.18577230 0.90028586
0.31775124 3.58020841 0.24436061 6.18671849 0.90367007
0.32035162 3.57667725 0.24075287 6.18765113 0.90695778
0.32291430 3.57319727 0.23719746 6.18857023 0.91015055
0.32543936 3.56976837 0.23369426 6.18947582 0.91324997
0.32792689 3.56639041 0.23024312 6.19036794 0.91625771
0.33037704 3.56306320 0.22684387 6.19124664 0.91917546
0.33278995 3.55978655 0.22349629 6.19211197 0.92200496
0.33516579 3.55656022 0.22020015 6.19296400 0.92474798
0.33750477 3.55338395 0.21695517 6.19380280 0.92740632
0.33980708 3.55025744 0.21376106 6.19462843 0.92998178
0.34207298 3.54718038 0.21061750 6.19544099 0.93247622
0.34430269 3.54415244 0.20752414 6.19624057 0.93489146
0.34649649 3.54117326 0.20448062 6.19702725 0.93722937
0.34865466 3.53824245 0.20148654 6.19780114 0.93949179
0.35077749 3.53535963 0.19854150 6.19856235 0.94168058
0.35286528 3.53252436 0.19564507 6.19931099 0.94379759
0.35491837 3.52973623 0.19279682 6.20004717 0.94584466
0.35693707 3.52699477 0.18999627 6.20077101 0.94782362
0.35892173 3.52429954 0.18724296 6.20148262 0.94973629
0.36087270 3.52165004 0.18453641 6.20218215 0.95158448
0.36279033 3.51904580 0.18187610 6.20286972 0.95336995
0.36467501 3.51648631 0.17926153 6.20354545 0.95509448
0.36652709 3.51397107 0.17669219 6.20420949 0.95675980
0.36834697 3.51149956 0.17416754 6.20486197 0.95836762
0.37013502 3.50907125 0.17168704 6.20550303 0.95991964
0.37189164 3.50668562 0.16925016 6.20613282 0.96141750
0.37361724 3.50434212 0.16685633 6.20675146 0.96286284
0.37531219 3.50204021 0.16450502 6.20735911 0.96425726
0.37697692 3.49977935 0.16219565 6.20795592 0.96560232
0.37861182 3.49755899 0.15992767 6.20854202 0.96689957
0.38021730 3.49537857 0.15770050 6.20911756 0.96815051
0.38179378 3.49323753 0.15551359 6.20968270 0.96935661
0.38334166 3.49113532 0.15336635 6.21023758 0.97051930
0.38486135 3.48907138 0.15125823 6.21078234 0.97164000
0.38635327 3.48704515 0.14918864 6.21131713 0.97272007
0.38781782 3.48505608 0.14715703 6.21184211 0.97376085
0.38925542 3.48310361 0.14516281 6.21235742 0.97476364
0.39066648 3.48118717 0.14320542 6.21286320 0.97572971
0.39205140 3.47930623 0.14128430 6.21335961 0.97666030
0.39341059 3.47746022 0.13939887 6.21384678 0.97755661
0.39474446 3.47564859 0.13754858 6.21432487 0.97841980
0.39605340 3.47387081 0.13573288 6.21479402 0.97925102
0.39733782 3.47212632 0.13395119 6.21525436 0.98005137
0.39859812 3.47041459 0.13220298 6.21570606 0.98082191
0.39983469 3.46873508 0.13048770 6.21614924 0.98156369
0.40104792 3.46708726 0.12880479 6.21658405 0.98227772
0.40223820 3.46547060 0.12715373 6.21701063 0.98296498
0.40340591 3.46388458 0.12553398 6.21742911 0.98362641
0.40455144 3.46232869 0.12394501 6.21783963 0.98426294
0.40567517 3.46080241 0.12238629 6.21824233 0.98487545
0.40677746 3.45930523 0.12085731 6.21863734 0.98546480
0.40785868 3.45783666 0.11935756 6.21902480 0.98603184
0.40891921 3.45639619 0.11788653 6.21940483 0.98657736
0.40995939 3.45498334 0.11644371 6.21977756 0.98710215
0.41097960 3.45359762 0.11502861 6.22014313 0.98760696
0.41198018 3.45223856 0.11364075 6.22050166 0.98809253
0.41296148 3.45090567 0.11227964 6.22085327 0.98855957
0.41392384 3.44959850 0.11094479 6.22119810 0.98900874
0.41486761 3.44831659 0.10963575 6.22153625 0.98944071
0.41579311 3.44705947 0.10835205 6.22186785 0.98985613
0.41670069 3.44582670 0.10709322 6.22219302 0.99025559
0.41759065 3.44461784 0.10585883 6.22251187 0.99063970
0.41846333 3.44343246 0.10464841 6.22282453 0.99100903
0.41931904 3.44227012 0.10346154 6.22313110 0.99136414
0.42015809 3.44113040 0.10229778 6.22343170 0.99170554
0.42098078 3.44001289 0.10115671 6.22372643 0.99203377
0.42178743 3.43891717 0.10003790 6.22401541 0.99234931
0.42257833 3.43784285 0.09894094 6.22429873 0.99265264
0.42335377 3.43678951 0.09786543 6.22457652 0.99294423
0.42411404 3.43575678 0.09681097 6.22484886 0.99322452
0.42485942 3.43474427 0.09577716 6.22511587 0.99349394
0.42559019 3.43375159 0.09476362 6.22537764 0.99375290
0.42630663 3.43277837 0.09376995 6.22563427 0.99400180
0.42700901 3.43182426 0.09279580 6.22588585 0.99424102
0.42769760 3.43088888 0.09184079 6.22613249 0.99447094
0.42837264 3.42997188 0.09090455 6.22637428 0.99469190
0.42903441 3.42907291 0.08998674 6.22661131 0.99490425
0.42968315 3.42819163 0.08908699 6.22684366 0.99510833
0.43031912 3.42732771 0.08820497 6.22707144 0.99530444
0.43094255 3.42648080 0.08734034 6.22729472 0.99549290
0.43155369 3.42565060 0.08649276 6.22751360 0.99567400
0.43215277 3.42483676 0.08566191 6.22772815 0.99584802
0.43274003 3.42403899 0.08484746 6.22793846 0.99601524
0.43331569 3.42325697 0.08404911 6.22814461 0.99617592
0.43387997 3.42249040 0.08326653 6.22834669 0.99633031
0.43443309 3.42173898 0.08249943 6.22854477 0.99647865
0.43497528 3.42100242 0.08174751 6.22873892 0.99662118
0.43550673 3.42028043 0.08101047 6.22892923 0.99675813
0.43602767 3.41957273 0.08028802 6.22911577 0.99688971
0.43653829 3.41887904 0.07957989 6.22929861 0.99701613
0.43703879 3.41819910 0.07888579 6.22947782 0.99713758
0.43752937 3.41753262 0.07820544 6.22965348 0.99725427
0.43801023 3.41687935 0.07753860 6.22982565 0.99736638
0.43848155 3.41623904 0.07688498 6.22999440 0.99747409
0.43894351 3.41561142 0.07624433 6.23015980 0.99757756
0.43939631 3.41499626 0.07561640 6.23032192 0.99767697
0.43984013 3.41439331 0.07500094 6.23048081 0.99777246
0.44027512 3.41380233 0.07439770 6.23063655 0.99786421
0.44070148 3.41322308 0.07380645 6.23078919 0.99795234
0.44111936 3.41265534 0.07322695 6.23093879 0.99803701
0.44152894 3.41209888 0.07265897 6.23108542 0.99811834
0.44193038 3.41155348 0.07210228 6.23122913 0.99819647
0.44232384 3.41101892 0.07155667 6.23136997 0.99827153
0.44270947 3.41049499 0.07102191 6.23150802 0.99834363
0.44308743 3.40998148 0.07049779 6.23164331 0.99841289
0.44345787 3.40947819 0.06998411 6.23177591 0.99847942
0.44382093 3.40898490 0.06948065 6.23190587 0.99854333
0.44417677 3.40850144 0.06898721 6.23203324 0.99860471
0.44452553 3.40802759 0.06850360 6.23215807 0.99866368
0.44486734 3.40756318 0.06802962 6.23228041 0.99872033
0.44520234 3.40710802 0.06756509 6.23240031 0.99877474
0.44553067 3.40666192 0.06710981 6.23251783 0.99882700
0.44585246 3.40622470 0.06666360 6.23263299 0.99887720
0.44616784 3.40579620 0.06622628 6.23274587 0.99892542
0.44647693 3.40537623 0.06579769 6.23285648 0.99897174
0.44677986 3.40496463 0.06537764 6.23296490 0.99901623
0.44707675 3.40456123 0.06496596 6.23307115 0.99905896
0.44736773 3.40416587 0.06456250 6.23317527 0.99910001
0.44765290 3.40377840 0.06416708 6.23327732 0.99913944
0.44793238 3.40339865 0.06377954 6.23337734 0.99917731
0.44820629 3.40302647 0.06339974 6.23347535 0.99921368
0.44847474 3.40266171 0.06302752 6.23357141 0.99924862
0.44873783 3.40230422 0.06266273 6.23366555 0.99928217
0.44899568 3.40195387 0.06230521 6.23375781 0.99931441
0.44924837 3.40161050 0.06195483 6.23384823 0.99934536
0.44949603 3.40127399 0.06161144 6.23393684 0.99937510
0.44973874 3.40094418 0.06127491 6.23402368 0.99940366
0.44997661 3.40062096 0.06094509 6.23410879 0.99943109
0.45020974 3.40030419 0.06062187 6.23419219 0.99945744
0.45043820 3.39999374 0.06030509 6.23427393 0.99948274
0.45066211 3.39968948 0.05999464 6.23435404 0.99950705
0.45088155 3.39939130 0.05969039 6.23443254 0.99953039
0.45109661 3.39909907 0.05939221 6.23450948 0.99955281
0.45130737 3.39881267 0.05909999 6.23458488 0.99957435
0.45151392 3.39853199 0.05881361 6.23465877 0.99959503
0.45171635 3.39825691 0.05853295 6.23473118 0.99961490
0.45191474 3.39798733 0.05825789 6.23480215 0.99963398
0.45210916 3.39772313 0.05798833 6.23487169 0.99965230
0.45229970 3.39746420 0.05772416 6.23493985 0.99966990
0.45248644 3.39721044 0.05746526 6.23500664 0.99968681
0.45266944 3.39696175 0.05721154 6.23507210 0.99970304
0.45284879 3.39671803 0.05696288 6.23513625 0.99971864
0.45302456 3.39647917 0.05671920 6.23519911 0.99973361
0.45319682 3.39624509 0.05648038 6.23526072 0.99974800
0.45336563 3.39601568 0.05624634 6.23532110 0.99976181
0.45353107 3.39579085 0.05601697 6.23538027 0.99977508
0.45369320 3.39557052 0.05579219 6.23543825 0.99978783
0.45385210 3.39535458 0.05557190 6.23549508 0.99980007
0.45400782 3.39514296 0.05535601 6.23555077 0.99981182
0.45416043 3.39493557 0.05514444 6.23560534 0.99982311
0.45430999 3.39473232 0.05493710 6.23565883 0.99983396
0.45445656 3.39453313 0.05473390 6.23571124 0.99984437
0.45460020 3.39433792 0.05453477 6.23576260 0.99985437
0.45474097 3.39414661 0.05433961 6.23581294 0.99986398
0.45487892 3.39395912 0.05414836 6.23586227 0.99987320
0.45501412 3.39377538 0.05396093 6.23591061 0.99988207
0.45514662 3.39359531 0.05377725 6.23595799 0.99989058
0.45527647 3.39341884 0.05359724 6.23600441 0.99989875
0.45540372 3.39324589 0.05342083 6.23604991 0.99990660
0.45552843 3.39307640 0.05324795 6.23609450 0.99991414
0.45565065 3.39291030 0.05307852 6.23613820 0.99992138
0.45577042 3.39274752 0.05291248 6.23618102 0.99992834
0.45588780 3.39258799 0.05274976 6.23622298 0.99993501
0.45600284 3.39243165 0.05259030 6.23626411 0.99994143
0.45611557 3.39227843 0.05243402 6.23630441 0.99994759
0.45622605 3.39212827 0.05228087 6.23634390 0.99995351
0.45633432 3.39198112 0.05213078 6.23638261 0.99995919
0.45644043 3.39183691 0.05198369 6.23642054 0.99996465
0.45654441 3.39169558 0.05183955 6.23645771 0.99996989
0.45664632 3.39155707 0.05169828 6.23649414 0.99997492
0.45674619 3.39142133 0.05155984 6.23652983 0.99997976
0.45684406 3.39128831 0.05142417 6.23656482 0.99998440
0.45693998 3.39115794 0.05129122 6.23659910 0.99998886
0.45703397 3.39103018 0.05116092 6.23663270 0.99999315
0.45712609 3.39090497 0.05103323 6.23666562 0.99999726
0.45721637 3.39078227 0.05090809 6.23669789 1.00000121
0.45730484 3.39066202 0.05078545 6.23672951 1.00000500
0.45739154 3.39054417 0.05066527 6.23676050 1.00000865
0.45747651 3.39042868 0.05054749 6.23679086 1.00001215
0.45755978 3.39031550 0.05043207 6.23682062 1.00001551
0.45764139 3.39020458 0.05031895 6.23684978 1.00001874
0.45772136 3.39009587 0.05020810 6.23687836 1.00002184
0.45779974 3.38998934 0.05009947 6.23690637 1.00002482
0.45787654 3.38988494 0.04999300 6.23693382 1.00002768
0.45795181 3.38978263 0.04988867 6.23696071 1.00003042
0.45802558 3.38968236 0.04978643 6.23698707 1.00003306
0.45809787 3.38958410 0.04968623 6.23701290 1.00003559
0.45816872 3.38948780 0.04958803 6.23703822 1.00003803
0.45823815 3.38939342 0.04949180 6.23706302 1.00004036
0.45830619 3.38930094 0.04939749 6.23708733 1.00004261
0.45837287 3.38921030 0.04930507 6.23711116 1.00004476
0.45843821 3.38912147 0.04921449 6.23713451 1.00004683
0.45850225 3.38903442 0.04912573 6.23715739 1.00004882
0.45856501 3.38894911 0.04903875 6.23717981 1.00005073
0.45862651 3.38886550 0.04895350 6.23720178 1.00005256
0.45868679 3.38878357 0.04886996 6.23722331 1.00005432
0.45874586 3.38870327 0.04878809 6.23724441 1.00005602
0.45880374 3.38862458 0.04870786 6.23726509 1.00005764
0.45886047 3.38854746 0.04862924 6.23728536 1.00005920
0.45891607 3.38847189 0.04855218 6.23730522 1.00006070
0.45897055 3.38839782 0.04847667 6.23732468 1.00006214
0.45902395 3.38832524 0.04840267 6.23734375 1.00006352
0.45907627 3.38825411 0.04833015 6.23736244 1.00006485
0.45912755 3.38818440 0.04825907 6.23738076 1.00006612
0.45917781 3.38811608 0.04818943 6.23739871 1.00006735
0.45922706 3.38804913 0.04812117 6.23741630 1.00006852
0.45927532 3.38798352 0.04805428 6.23743354 1.00006965
0.45932262 3.38791921 0.04798873 6.23745043 1.00007074
0.45936897 3.38785620 0.04792449 6.23746699 1.00007178
0.45941440 3.38779444 0.04786153 6.23748321 1.00007278
0.45945892 3.38773392 0.04779983 6.23749911 1.00007374
0.45950254 3.38767461 0.04773937 6.23751469 1.00007466
0.45954530 3.38761649 0.04768012 6.23752996 1.00007555
0.45958720 3.38755952 0.04762205 6.23754492 1.00007640
0.45962826 3.38750370 0.04756514 6.23755958 1.00007721
0.45966850 3.38744899 0.04750938 6.23757395 1.00007800
0.45970794 3.38739538 0.04745472 6.23758803 1.00007875
0.45974659 3.38734284 0.04740117 6.23760183 1.00007948
0.45978446 3.38729134 0.04734868 6.23761536 1.00008017
0.45982158 3.38724088 0.04729724 6.23762861 1.00008084
0.45985795 3.38719143 0.04724683 6.23764160 1.00008148
0.45989360 3.38714296 0.04719743 6.23765433 1.00008210
0.45992853 3.38709547 0.04714902 6.23766680 1.00008269
0.45996277 3.38704892 0.04710158 6.23767902 1.00008326
0.45999632 3.38700331 0.04705508 6.23769100 1.00008380
0.46002920 3.38695860 0.04700952 6.23770274 1.00008433
0.46006142 3.38691479 0.04696487 6.23771424 1.00008483
0.46009300 3.38687186 0.04692111 6.23772551 1.00008531
0.46012395 3.38682979 0.04687822 6.23773656 1.00008578
0.46015427 3.38678855 0.04683620 6.23774739 1.00008622
0.46018399 3.38674814 0.04679501 6.23775800 1.00008665
0.46021312 3.38670854 0.04675465 6.23776839 1.00008706
0.46024166 3.38666973 0.04671510 6.23777858 1.00008746
0.46026964 3.38663170 0.04667634 6.23778857 1.00008784
0.46029705 3.38659442 0.04663835 6.23779835 1.00008820
0.46032392 3.38655790 0.04660112 6.23780794 1.00008855
0.46035024 3.38652210 0.04656464 6.23781734 1.00008889
0.46037604 3.38648702 0.04652889 6.23782655 1.00008921
0.46040133 3.38645264 0.04649385 6.23783557 1.00008952
0.46042611 3.38641894 0.04645951 6.23784442 1.00008982
0.46045039 3.38638592 0.04642586 6.23785308 1.00009010
0.46047419 3.38635356 0.04639289 6.23786158 1.00009038
0.46049752 3.38632185 0.04636057 6.23786990 1.00009064
0.46052037 3.38629077 0.04632890 6.23787806 1.00009090
0.46054277 3.38626032 0.04629786 6.23788605 1.00009114
0.46056472 3.38623047 0.04626745 6.23789388 1.00009137
0.46058623 3.38620122 0.04623764 6.23790156 1.00009160
0.46060731 3.38617255 0.04620843 6.23790908 1.00009181
0.46062797 3.38614446 0.04617981 6.23791645 1.00009202
0.46064822 3.38611693 0.04615175 6.23792368 1.00009222
0.46066806 3.38608995 0.04612426 6.23793076 1.00009241
0.46068751 3.38606350 0.04609732 6.23793770 1.00009259
0.46070656 3.38603759 0.04607091 6.23794449 1.00009277
0.46072524 3.38601220 0.04604504 6.23795116 1.00009294
0.46074354 3.38598731 0.04601968 6.23795769 1.00009310
0.46076148 3.38596292 0.04599483 6.23796409 1.00009325
0.46077905 3.38593902 0.04597048 6.23797036 1.00009340
0.46079628 3.38591559 0.04594661 6.23797650 1.00009355
0.46081316 3.38589264 0.04592322 6.23798252 1.00009369
0.46082970 3.38587014 0.04590030 6.23798843 1.00009382
0.46084592 3.38584810 0.04587784 6.23799421 1.00009395
0.46086180 3.38582649 0.04585583 6.23799988 1.00009407
0.46087737 3.38580532 0.04583425 6.23800543 1.00009419
0.46089263 3.38578457 0.04581311 6.23801087 1.00009430
0.46090759 3.38576423 0.04579240 6.23801621 1.00009441
0.46092224 3.38574430 0.04577209 6.23802143 1.00009451
0.46093660 3.38572477 0.04575220 6.23802656 1.00009461
0.46095068 3.38570563 0.04573270 6.23803158 1.00009471
0.46096447 3.38568687 0.04571359 6.23803650 1.00009480
0.46097799 3.38566849 0.04569486 6.23804132 1.00009489
0.46099123 3.38565048 0.04567651 6.23804604 1.00009497
0.46100421 3.38563282 0.04565852 6.23805067 1.00009506
0.46101694 3.38561552 0.04564090 6.23805521 1.00009513
0.46102940 3.38559856 0.04562363 6.23805966 1.00009521
0.46104162 3.38558195 0.04560670 6.23806401 1.00009528
0.46105360 3.38556566 0.04559011 6.23806828 1.00009535
0.46106533 3.38554970 0.04557385 6.23807247 1.00009542
0.46107683 3.38553406 0.04555792 6.23807657 1.00009548
0.46108810 3.38551874 0.04554231 6.23808059 1.00009554
0.46109914 3.38550372 0.04552701 6.23808452 1.00009560
0.46110997 3.38548900 0.04551202 6.23808838 1.00009566
0.46112057 3.38547457 0.04549732 6.23809217 1.00009571
0.46113097 3.38546043 0.04548292 6.23809587 1.00009577
0.46114116 3.38544658 0.04546881 6.23809950 1.00009582
0.46115114 3.38543300 0.04545498 6.23810306 1.00009586
0.46116092 3.38541969 0.04544143 6.23810655 1.00009591
0.46117051 3.38540665 0.04542814 6.23810997 1.00009596
0.46117991 3.38539387 0.04541513 6.23811332 1.00009600
0.46118912 3.38538135 0.04540237 6.23811660 1.00009604
0.46119814 3.38536908 0.04538987 6.23811982 1.00009608
0.46120698 3.38535705 0.04537762 6.23812297 1.00009612
0.46121565 3.38534526 0.04536562 6.23812606 1.00009615
0.46122414 3.38533371 0.04535385 6.23812909 1.00009619
0.46123247 3.38532239 0.04534232 6.23813206 1.00009622
0.46124062 3.38531129 0.04533102 6.23813496 1.00009625
0.46124862 3.38530042 0.04531995 6.23813781 1.00009629
0.46125645 3.38528976 0.04530910 6.23814061 1.00009632
0.46126413 3.38527932 0.04529846 6.23814334 1.00009634
0.46127165 3.38526909 0.04528804 6.23814602 1.00009637
0.46127902 3.38525906 0.04527783 6.23814865 1.00009640
0.46128625 3.38524923 0.04526782 6.23815123 1.00009642
0.46129333 3.38523960 0.04525801 6.23815375 1.00009645
0.46130027 3.38523016 0.04524840 6.23815622 1.00009647
0.46130707 3.38522091 0.04523898 6.23815865 1.00009649
0.46131374 3.38521184 0.04522974 6.23816102 1.00009651
0.46132027 3.38520296 0.04522070 6.23816335 1.00009653
0.46132667 3.38519425 0.04521183 6.23816563 1.00009655
0.46133294 3.38518572 0.04520314 6.23816787 1.00009657
0.46133909 3.38517736 0.04519463 6.23817006 1.00009659
0.46134511 3.38516916 0.04518628 6.23817220 1.00009661
0.46135102 3.38516113 0.04517811 6.23817431 1.00009663
0.46135680 3.38515326 0.04517009 6.23817637 1.00009664
0.46136247 3.38514555 0.04516224 6.23817839 1.00009666
0.46136803 3.38513799 0.04515454 6.23818037 1.00009667
0.46137348 3.38513058 0.04514700 6.23818231 1.00009669
0.46137881 3.38512332 0.04513961 6.23818421 1.00009670
0.46138404 3.38511621 0.04513236 6.23818607 1.00009671
0.46138917 3.38510923 0.04512526 6.23818790 1.00009673
0.46139419 3.38510240 0.04511831 6.23818969 1.00009674
0.46139911 3.38509571 0.04511149 6.23819144 1.00009675
0.46140394 3.38508914 0.04510481 6.23819316 1.00009676
0.46140867 3.38508271 0.04509826 6.23819485 1.00009677
0.46141330 3.38507641 0.04509184 6.23819650 1.00009678
