2.94369362 1.97979665 8.03163937 0.39221419 0.10957590
2.94187567 1.97785938 8.03337993 0.39216354 0.11058876
2.94004349 1.97590805 8.03513431 0.39211253 0.11161720
2.93819690 1.97394250 8.03690265 0.39206116 0.11266150
2.93633574 1.97196257 8.03868512 0.39200944 0.11372197
2.93445986 1.96996808 8.04048186 0.39195735 0.11479892
2.93256908 1.96795887 8.04229303 0.39190488 0.11589267
2.93066325 1.96593475 8.04411881 0.39185205 0.11700354
2.92874218 1.96389555 8.04595935 0.39179883 0.11813187
2.92680572 1.96184108 8.04781481 0.39174524 0.11927800
2.92485368 1.95977118 8.04968537 0.39169125 0.12044227
2.92288589 1.95768564 8.05157119 0.39163687 0.12162503
2.92090216 1.95558429 8.05347244 0.39158210 0.12282665
2.91890233 1.95346694 8.05538931 0.39152692 0.12404750
2.91688620 1.95133339 8.05732196 0.39147133 0.12528796
2.91485360 1.94918345 8.05927057 0.39141533 0.12654840
2.91280432 1.94701693 8.06123533 0.39135892 0.12782923
2.91073819 1.94483362 8.06321642 0.39130208 0.12913085
2.90865501 1.94263332 8.06521402 0.39124482 0.13045366
2.90655459 1.94041583 8.06722832 0.39118712 0.13179810
2.90443673 1.93818095 8.06925951 0.39112899 0.13316458
2.90230123 1.93592846 8.07130778 0.39107041 0.13455355
2.90014788 1.93365815 8.07337333 0.39101138 0.13596546
2.89797650 1.93136981 8.07545635 0.39095190 0.13740076
2.89578686 1.92906323 8.07755704 0.39089196 0.13885992
2.89357876 1.92673818 8.07967560 0.39083156 0.14034342
2.89135199 1.92439444 8.08181223 0.39077068 0.14185174
2.88910633 1.92203179 8.08396714 0.39070933 0.14338538
2.88684157 1.91965001 8.08614054 0.39064750 0.14494486
2.88455750 1.91724886 8.08833264 0.39058518 0.14653068
2.88225388 1.91482811 8.09054364 0.39052237 0.14814339
2.87993051 1.91238753 8.09277377 0.39045905 0.14978351
2.87758715 1.90992689 8.09502324 0.39039523 0.15145160
2.87522357 1.90744594 8.09729226 0.39033091 0.15314823
2.87283955 1.90494444 8.09958107 0.39026606 0.15487397
2.87043485 1.90242216 8.10188988 0.39020069 0.15662940
2.86800925 1.89987884 8.10421891 0.39013479 0.15841513
2.86556250 1.89731424 8.10656839 0.39006835 0.16023176
2.86309437 1.89472811 8.10893856 0.39000137 0.16207991
2.86060462 1.89212020 8.11132964 0.38993385 0.16396023
2.85809300 1.88949025 8.11374187 0.38986577 0.16587335
2.85555927 1.88683800 8.11617548 0.38979712 0.16781994
2.85300318 1.88416320 8.11863071 0.38972791 0.16980066
2.85042450 1.88146559 8.12110779 0.38965813 0.17181620
2.84782296 1.87874491 8.12360696 0.38958776 0.17386727
2.84519831 1.87600089 8.12612847 0.38951681 0.17595456
2.84255032 1.87323327 8.12867256 0.38944526 0.17807881
2.83987871 1.87044178 8.13123948 0.38937312 0.18024074
2.83718324 1.86762615 8.13382946 0.38930037 0.18244111
2.83446364 1.86478612 8.13644275 0.38922700 0.18468067
2.83171967 1.86192140 8.13907961 0.38915301 0.18696021
2.82895105 1.85903174 8.14174028 0.38907840 0.18928051
2.82615755 1.85611686 8.14442500 0.38900315 0.19164237
2.82333888 1.85317648 8.14713404 0.38892726 0.19404660
2.82049479 1.85021034 8.14986763 0.38885072 0.19649403
2.81762503 1.84721815 8.15262604 0.38877353 0.19898549
2.81472933 1.84419964 8.15540950 0.38869568 0.20152184
2.81180742 1.84115454 8.15821828 0.38861717 0.20410395
2.80885906 1.83808258 8.16105262 0.38853798 0.20673267
2.80588397 1.83498347 8.16391277 0.38845810 0.20940890
2.80288190 1.83185695 8.16679897 0.38837755 0.21213354
2.79985259 1.82870275 8.16971149 0.38829629 0.21490749
2.79679578 1.82552059 8.17265056 0.38821434 0.21773167
2.79371121 1.82231021 8.17561643 0.38813168 0.22060701
2.79059864 1.81907133 8.17860935 0.38804831 0.22353444
2.78745781 1.81580369 8.18162954 0.38796423 0.22651491
2.78428847 1.81250704 8.18467727 0.38787941 0.22954938
2.78109038 1.80918110 8.18775275 0.38779387 0.23263879
2.77786328 1.80582563 8.19085623 0.38770759 0.23578413
2.77460695 1.80244037 8.19398792 0.38762056 0.23898635
2.77132114 1.79902506 8.19714807 0.38753279 0.24224645
2.76800562 1.79557948 8.20033689 0.38744426 0.24556539
2.76466017 1.79210337 8.20355459 0.38735498 0.24894417
2.76128456 1.78859650 8.20680139 0.38726493 0.25238376
2.75787858 1.78505865 8.21007750 0.38717411 0.25588515
2.75444202 1.78148959 8.21338311 0.38708252 0.25944933
2.75097467 1.77788912 8.21671842 0.38699015 0.26307726
2.74747634 1.77425701 8.22008361 0.38689700 0.26676992
2.74394685 1.77059308 8.22347886 0.38680306 0.27052829
2.74038601 1.76689713 8.22690434 0.38670833 0.27435332
2.73679366 1.76316899 8.23036022 0.38661281 0.27824596
2.73316963 1.75940848 8.23384663 0.38651649 0.28220715
2.72951378 1.75561544 8.23736374 0.38641937 0.28623781
2.72582596 1.75178974 8.24091166 0.38632145 0.29033884
2.72210605 1.74793122 8.24449051 0.38622273 0.29451114
2.71835394 1.74403977 8.24810040 0.38612320 0.29875556
2.71456953 1.74011529 8.25174143 0.38602287 0.30307294
2.71075273 1.73615768 8.25541366 0.38592173 0.30746410
2.70690347 1.73216686 8.25911718 0.38581978 0.31192981
2.70302169 1.72814276 8.26285202 0.38571703 0.31647083
2.69910736 1.72408536 8.26661823 0.38561347 0.32108786
2.69516045 1.71999461 8.27041580 0.38550910 0.32578158
2.69118097 1.71587052 8.27424476 0.38540394 0.33055260
2.68716893 1.71171310 8.27810506 0.38529797 0.33540151
2.68312436 1.70752238 8.28199668 0.38519121 0.34032883
2.67904733 1.70329842 8.28591955 0.38508366 0.34533503
2.67493792 1.69904130 8.28987359 0.38497532 0.35042053
2.67079623 1.69475112 8.29385869 0.38486619 0.35558567
2.66662239 1.69042802 8.29787472 0.38475630 0.36083073
2.66241655 1.68607216 8.30192153 0.38464563 0.36615592
2.65817890 1.68168370 8.30599895 0.38453420 0.37156137
2.65390964 1.67726287 8.31010676 0.38442203 0.37704712
2.64960900 1.67280990 8.31424473 0.38430911 0.38261315
2.64527725 1.66832507 8.31841260 0.38419546 0.38825932
2.64091468 1.66380867 8.32261008 0.38408109 0.39398541
2.63652162 1.65926105 8.32683686 0.38396601 0.39979111
2.63209843 1.65468256 8.33109258 0.38385024 0.40567598
2.62764548 1.65007361 8.33537685 0.38373379 0.41163950
2.62316322 1.64543464 8.33968927 0.38361668 0.41768102
2.61865208 1.64076611 8.34402937 0.38349893 0.42379977
2.61411258 1.63606854 8.34839669 0.38338055 0.42999488
2.60954522 1.63134246 8.35279070 0.38326156 0.43626534
2.60495059 1.62658847 8.35721085 0.38314198 0.44261000
2.60032928 1.62180719 8.36165654 0.38302183 0.44902760
2.59568193 1.61699927 8.36612716 0.38290114 0.45551674
2.59100921 1.61216543 8.37062203 0.38277994 0.46207588
2.58631186 1.60730639 8.37514046 0.38265824 0.46870332
2.58159061 1.60242295 8.37968171 0.38253608 0.47539725
2.57684627 1.59751592 8.38424499 0.38241347 0.48215569
2.57207967 1.59258617 8.38882950 0.38229046 0.48897653
2.56729168 1.58763461 8.39343438 0.38216707 0.49585750
2.56248321 1.58266218 8.39805873 0.38204333 0.50279620
2.55765522 1.57766986 8.40270164 0.38191929 0.50979006
2.55280870 1.57265868 8.40736212 0.38179496 0.51683639
2.54794466 1.56762971 8.41203918 0.38167039 0.52393233
2.54306419 1.56258406 8.41673177 0.38154562 0.53107490
2.53816837 1.55752286 8.42143883 0.38142068 0.53826097
2.53325836 1.55244730 8.42615922 0.38129562 0.54548726
2.52833532 1.54735859 8.43089181 0.38117047 0.55275039
2.52340045 1.54225800 8.43563542 0.38104528 0.56004683
2.51845501 1.53714681 8.44038883 0.38092009 0.56737293
2.51350027 1.53202633 8.44515080 0.38079495 0.57472492
2.50853752 1.52689793 8.44992006 0.38066990 0.58209894
2.50356809 1.52176298 8.45469530 0.38054498 0.58949101
2.49859334 1.51662289 8.45947521 0.38042026 0.59689707
2.49361466 1.51147910 8.46425843 0.38029576 0.60431297
2.48863345 1.50633307 8.46904359 0.38017156 0.61173448
2.48365113 1.50118628 8.47382929 0.38004768 0.61915731
2.47866914 1.49604022 8.47861413 0.37992420 0.62657712
2.47368894 1.49089642 8.48339667 0.37980115 0.63398952
2.46871201 1.48575640 8.48817549 0.37967859 0.64139008
2.46373983 1.48062171 8.49294912 0.37955658 0.64877438
2.45877389 1.47549389 8.49771612 0.37943516 0.65613796
2.45381568 1.47037451 8.50247501 0.37931439 0.66347636
2.44886671 1.46526512 8.50722432 0.37919432 0.67078518
2.44392848 1.46016729 8.51196260 0.37907502 0.67805999
2.43900248 1.45508257 8.51668837 0.37895652 0.68529644
2.43409020 1.45001252 8.52140017 0.37883889 0.69249022
2.42919314 1.44495868 8.52609655 0.37872218 0.69963708
2.42431276 1.43992259 8.53077607 0.37860645 0.70673286
2.41945053 1.43490577 8.53543730 0.37849174 0.71377348
2.41460789 1.42990971 8.54007881 0.37837811 0.72075495
2.40978625 1.42493590 8.54469923 0.37826562 0.72767341
2.40498703 1.41998581 8.54929716 0.37815431 0.73452510
2.40021161 1.41506087 8.55387127 0.37804423 0.74130640
2.39546134 1.41016248 8.55842022 0.37793544 0.74801383
2.39073753 1.40529204 8.56294272 0.37782798 0.75464405
2.38604149 1.40045087 8.56743750 0.37772190 0.76119388
2.38137448 1.39564031 8.57190333 0.37761726 0.76766029
2.37673771 1.39086161 8.57633900 0.37751409 0.77404043
2.37213237 1.38611603 8.58074334 0.37741243 0.78033162
2.36755962 1.38140475 8.58511524 0.37731235 0.78653135
2.36302056 1.37672894 8.58945361 0.37721386 0.79263728
2.35851627 1.37208970 8.59375739 0.37711702 0.79864728
2.35404775 1.36748811 8.59802558 0.37702187 0.80455939
2.34961600 1.36292518 8.60225722 0.37692843 0.81037182
2.34522195 1.35840188 8.60645139 0.37683675 0.81608299
2.34086648 1.35391916 8.61060723 0.37674687 0.82169150
2.33655045 1.34947787 8.61472389 0.37665880 0.82719610
2.33227464 1.34507886 8.61880061 0.37657258 0.83259578
2.32803981 1.34072291 8.62283664 0.37648825 0.83788966
2.32384666 1.33641074 8.62683130 0.37640582 0.84307706
2.31969583 1.33214303 8.63078395 0.37632533 0.84815746
2.31558794 1.32792043 8.63469399 0.37624679 0.85313051
2.31152355 1.32374350 8.63856087 0.37617022 0.85799603
2.30750317 1.31961278 8.64238410 0.37609565 0.86275399
2.30352725 1.31552877 8.64616321 0.37602309 0.86740451
2.29959623 1.31149188 8.64989779 0.37595255 0.87194786
2.29571048 1.30750253 8.65358748 0.37588405 0.87638445
2.29187033 1.30356103 8.65723196 0.37581760 0.88071481
2.28807606 1.29966771 8.66083095 0.37575321 0.88493961
2.28432792 1.29582279 8.66438421 0.37569089 0.88905963
2.28062611 1.29202651 8.66789154 0.37563063 0.89307576
2.27697080 1.28827901 8.67135280 0.37557245 0.89698901
2.27336210 1.28458043 8.67476785 0.37551635 0.90080047
2.26980010 1.28093086 8.67813664 0.37546233 0.90451133
2.26628485 1.27733033 8.68145910 0.37541038 0.90812287
2.26281636 1.27377885 8.68473525 0.37536050 0.91163642
2.25939460 1.27027641 8.68796510 0.37531269 0.91505341
2.25601953 1.26682293 8.69114871 0.37526694 0.91837532
2.25269105 1.26341833 8.69428619 0.37522324 0.92160369
2.24940904 1.26006246 8.69737765 0.37518159 0.92474010
2.24617337 1.25675518 8.70042324 0.37514197 0.92778620
2.24298384 1.25349630 8.70342316 0.37510436 0.93074366
2.23984028 1.25028561 8.70637759 0.37506877 0.93361418
2.23674243 1.24712285 8.70928677 0.37503516 0.93639949
2.23369007 1.24400777 8.71215097 0.37500352 0.93910136
2.23068291 1.24094007 8.71497045 0.37497385 0.94172156
2.22772067 1.23791945 8.71774551 0.37494611 0.94426188
2.22480303 1.23494557 8.72047648 0.37492029 0.94672412
2.22192966 1.23201807 8.72316368 0.37489636 0.94911008
2.21910021 1.22913659 8.72580748 0.37487432 0.95142156
2.21631432 1.22630074 8.72840825 0.37485412 0.95366037
2.21357160 1.22351012 8.73096637 0.37483576 0.95582830
2.21087168 1.22076430 8.73348223 0.37481920 0.95792714
2.20821413 1.21806286 8.73595627 0.37480442 0.95995866
2.20559854 1.21540535 8.73838888 0.37479140 0.96192463
2.20302448 1.21279131 8.74078053 0.37478010 0.96382679
2.20049153 1.21022029 8.74313164 0.37477051 0.96566686
2.19799922 1.20769179 8.74544268 0.37476259 0.96744656
2.19554710 1.20520535 8.74771410 0.37475632 0.96916755
2.19313472 1.20276047 8.74994638 0.37475166 0.97083150
2.19076160 1.20035666 8.75213999 0.37474859 0.97244004
2.18842728 1.19799340 8.75429541 0.37474709 0.97399477
2.18613127 1.19567019 8.75641313 0.37474711 0.97549727
2.18387309 1.19338653 8.75849364 0.37474863 0.97694909
2.18165227 1.19114189 8.76053743 0.37475162 0.97835173
2.17946830 1.18893575 8.76254499 0.37475605 0.97970670
2.17732071 1.18676760 8.76451684 0.37476189 0.98101545
2.17520900 1.18463691 8.76645346 0.37476911 0.98227939
2.17313269 1.18254316 8.76835535 0.37477768 0.98349992
2.17109127 1.18048583 8.77022302 0.37478757 0.98467840
2.16908426 1.17846440 8.77205697 0.37479874 0.98581615
2.16711117 1.17647833 8.77385769 0.37481116 0.98691448
2.16517150 1.17452712 8.77562569 0.37482482 0.98797465
2.16326478 1.17261024 8.77736146 0.37483966 0.98899788
2.16139051 1.17072717 8.77906550 0.37485567 0.98998537
2.15954822 1.16887740 8.78073830 0.37487282 0.99093830
2.15773741 1.16706042 8.78238036 0.37489106 0.99185779
2.15595761 1.16527572 8.78399215 0.37491038 0.99274496
2.15420834 1.16352278 8.78557417 0.37493074 0.99360086
2.15248914 1.16180112 8.78712690 0.37495212 0.99442656
2.15079954 1.16011022 8.78865081 0.37497448 0.99522305
2.14913906 1.15844960 8.79014638 0.37499779 0.99599133
2.14750726 1.15681876 8.79161408 0.37502203 0.99673235
2.14590366 1.15521722 8.79305437 0.37504716 0.99744703
2.14432783 1.15364449 8.79446771 0.37507317 0.99813627
2.14277931 1.15210011 8.79585457 0.37510001 0.99880094
2.14125767 1.15058360 8.79721538 0.37512766 0.99944189
2.13976245 1.14909449 8.79855060 0.37515610 1.00005994
2.13829324 1.14763233 8.79986067 0.37518530 1.00065587
2.13684960 1.14619665 8.80114603 0.37521522 1.00123046
2.13543112 1.14478701 8.80240710 0.37524585 1.00178444
2.13403736 1.14340296 8.80364431 0.37527716 1.00231854
2.13266793 1.14204407 8.80485808 0.37530912 1.00283345
2.13132240 1.14070990 8.80604883 0.37534171 1.00332984
2.13000039 1.13940002 8.80721696 0.37537489 1.00380836
2.12870150 1.13811401 8.80836289 0.37540866 1.00426965
2.12742532 1.13685146 8.80948700 0.37544297 1.00471432
2.12617149 1.13561196 8.81058969 0.37547781 1.00514294
2.12493962 1.13439509 8.81167134 0.37551316 1.00555609
2.12372932 1.13320047 8.81273235 0.37554900 1.00595432
2.12254024 1.13202770 8.81377307 0.37558529 1.00633816
2.12137202 1.13087639 8.81479389 0.37562201 1.00670812
2.12022428 1.12974617 8.81579517 0.37565916 1.00706470
2.11909668 1.12863665 8.81677726 0.37569670 1.00740838
2.11798887 1.12754747 8.81774053 0.37573461 1.00773961
2.11690051 1.12647826 8.81868531 0.37577287 1.00805885
2.11583126 1.12542866 8.81961195 0.37581147 1.00836652
2.11478079 1.12439833 8.82052078 0.37585038 1.00866304
2.11374877 1.12338692 8.82141215 0.37588958 1.00894881
2.11273488 1.12239408 8.82228636 0.37592906 1.00922422
2.11173881 1.12141948 8.82314375 0.37596879 1.00948963
2.11076024 1.12046279 8.82398463 0.37600876 1.00974542
2.10979886 1.11952369 8.82480930 0.37604895 1.00999193
2.10885438 1.11860185 8.82561808 0.37608935 1.01022949
2.10792650 1.11769696 8.82641126 0.37612993 1.01045844
2.10701493 1.11680871 8.82718913 0.37617068 1.01067907
2.10611938 1.11593681 8.82795199 0.37621158 1.01089169
2.10523957 1.11508094 8.82870012 0.37625262 1.01109659
2.10437522 1.11424083 8.82943380 0.37629379 1.01129405
2.10352606 1.11341617 8.83015330 0.37633506 1.01148434
2.10269182 1.11260669 8.83085889 0.37637642 1.01166772
2.10187225 1.11181211 8.83155084 0.37641787 1.01184445
2.10106707 1.11103215 8.83222941 0.37645938 1.01201475
2.10027604 1.11026656 8.83289485 0.37650094 1.01217888
2.09949890 1.10951505 8.83354741 0.37654253 1.01233704
2.09873542 1.10877738 8.83418735 0.37658416 1.01248946
2.09798534 1.10805329 8.83481489 0.37662580 1.01263635
2.09724844 1.10734252 8.83543028 0.37666744 1.01277791
2.09652448 1.10664484 8.83603375 0.37670907 1.01291433
2.09581322 1.10596000 8.83662553 0.37675067 1.01304580
2.09511445 1.10528777 8.83720585 0.37679225 1.01317249
2.09442795 1.10462791 8.83777492 0.37683378 1.01329459
2.09375349 1.10398019 8.83833296 0.37687526 1.01341226
2.09309086 1.10334440 8.83888019 0.37691667 1.01352566
2.09243986 1.10272030 8.83941681 0.37695801 1.01363495
2.09180028 1.10210769 8.83994303 0.37699927 1.01374027
2.09117191 1.10150634 8.84045904 0.37704043 1.01384178
2.09055455 1.10091606 8.84096505 0.37708149 1.01393960
2.08994802 1.10033664 8.84146124 0.37712245 1.01403388
2.08935212 1.09976788 8.84194782 0.37716328 1.01412475
2.08876666 1.09920957 8.84242495 0.37720400 1.01421232
2.08819146 1.09866153 8.84289284 0.37724457 1.01429672
2.08762633 1.09812357 8.84335165 0.37728501 1.01437806
2.08707110 1.09759549 8.84380155 0.37732529 1.01445645
2.08652559 1.09707713 8.84424274 0.37736543 1.01453201
2.08598963 1.09656828 8.84467536 0.37740540 1.01460483
2.08546305 1.09606879 8.84509959 0.37744520 1.01467502
2.08494568 1.09557848 8.84551560 0.37748483 1.01474267
2.08443736 1.09509717 8.84592353 0.37752427 1.01480787
2.08393793 1.09462470 8.84632355 0.37756353 1.01487071
2.08344724 1.09416090 8.84671581 0.37760260 1.01493128
2.08296512 1.09370563 8.84710047 0.37764147 1.01498966
2.08249143 1.09325871 8.84747766 0.37768014 1.01504593
2.08202602 1.09281999 8.84784754 0.37771861 1.01510017
2.08156874 1.09238932 8.84821024 0.37775686 1.01515245
2.08111945 1.09196655 8.84856591 0.37779490 1.01520284
2.08067800 1.09155154 8.84891468 0.37783271 1.01525141
2.08024426 1.09114414 8.84925669 0.37787031 1.01529823
2.07981810 1.09074421 8.84959206 0.37790767 1.01534336
2.07939937 1.09035162 8.84992093 0.37794480 1.01538686
2.07898795 1.08996622 8.85024343 0.37798170 1.01542879
2.07858370 1.08958788 8.85055967 0.37801836 1.01546921
2.07818651 1.08921648 8.85086978 0.37805478 1.01550817
2.07779624 1.08885188 8.85117388 0.37809095 1.01554573
2.07741278 1.08849395 8.85147209 0.37812688 1.01558194
2.07703601 1.08814258 8.85176451 0.37816256 1.01561684
2.07666579 1.08779765 8.85205127 0.37819798 1.01565048
2.07630203 1.08745903 8.85233247 0.37823315 1.01568291
2.07594461 1.08712661 8.85260822 0.37826807 1.01571418
2.07559342 1.08680027 8.85287863 0.37830272 1.01574432
2.07524834 1.08647990 8.85314380 0.37833712 1.01577337
2.07490926 1.08616539 8.85340383 0.37837125 1.01580138
2.07457609 1.08585663 8.85365883 0.37840512 1.01582839
2.07424872 1.08555352 8.85390888 0.37843872 1.01585442
2.07392705 1.08525595 8.85415410 0.37847206 1.01587952
2.07361097 1.08496381 8.85439456 0.37850513 1.01590371
2.07330039 1.08467702 8.85463037 0.37853793 1.01592704
2.07299522 1.08439547 8.85486161 0.37857046 1.01594952
2.07269535 1.08411906 8.85508837 0.37860272 1.01597121
2.07240069 1.08384769 8.85531075 0.37863471 1.01599211
2.07211116 1.08358128 8.85552882 0.37866643 1.01601226
2.07182666 1.08331974 8.85574267 0.37869787 1.01603169
2.07154710 1.08306297 8.85595238 0.37872904 1.01605042
2.07127240 1.08281088 8.85615804 0.37875994 1.01606848
2.07100247 1.08256340 8.85635971 0.37879056 1.01608590
2.07073723 1.08232043 8.85655749 0.37882091 1.01610268
2.07047660 1.08208189 8.85675144 0.37885098 1.01611887
2.07022049 1.08184770 8.85694163 0.37888078 1.01613448
2.06996883 1.08161778 8.85712815 0.37891031 1.01614953
2.06972154 1.08139205 8.85731107 0.37893956 1.01616404
2.06947854 1.08117043 8.85749044 0.37896854 1.01617803
2.06923976 1.08095286 8.85766635 0.37899725 1.01619152
2.06900512 1.08073924 8.85783886 0.37902568 1.01620452
2.06877455 1.08052952 8.85800803 0.37905385 1.01621707
2.06854798 1.08032362 8.85817394 0.37908174 1.01622916
2.06832534 1.08012146 8.85833664 0.37910935 1.01624082
2.06810656 1.07992299 8.85849619 0.37913670 1.01625206
2.06789157 1.07972813 8.85865267 0.37916378 1.01626291
2.06768031 1.07953681 8.85880612 0.37919059 1.01627336
2.06747272 1.07934898 8.85895661 0.37921713 1.01628344
2.06726872 1.07916456 8.85910419 0.37924340 1.01629316
2.06706825 1.07898350 8.85924892 0.37926941 1.01630254
2.06687126 1.07880573 8.85939086 0.37929515 1.01631158
2.06667769 1.07863119 8.85953006 0.37932063 1.01632029
2.06648747 1.07845982 8.85966657 0.37934584 1.01632870
2.06630054 1.07829157 8.85980044 0.37937080 1.01633681
2.06611685 1.07812638 8.85993174 0.37939549 1.01634462
2.06593634 1.07796418 8.86006050 0.37941992 1.01635216
2.06575896 1.07780494 8.86018677 0.37944409 1.01635943
2.06558464 1.07764859 8.86031061 0.37946801 1.01636644
2.06541335 1.07749507 8.86043207 0.37949167 1.01637320
2.06524502 1.07734434 8.86055118 0.37951507 1.01637972
2.06507961 1.07719635 8.86066799 0.37953823 1.01638601
2.06491706 1.07705105 8.86078255 0.37956113 1.01639207
2.06475732 1.07690838 8.86089490 0.37958378 1.01639792
2.06460034 1.07676830 8.86100509 0.37960618 1.01640356
2.06444608 1.07663077 8.86111316 0.37962833 1.01640900
2.06429449 1.07649572 8.86121914 0.37965024 1.01641424
2.06414552 1.07636313 8.86132308 0.37967191 1.01641930
2.06399913 1.07623294 8.86142501 0.37969333 1.01642418
2.06385528 1.07610511 8.86152499 0.37971451 1.01642889
2.06371390 1.07597960 8.86162304 0.37973546 1.01643342
2.06357498 1.07585637 8.86171920 0.37975616 1.01643780
2.06343846 1.07573536 8.86181350 0.37977663 1.01644202
2.06330429 1.07561655 8.86190600 0.37979687 1.01644609
2.06317245 1.07549989 8.86199671 0.37981687 1.01645002
2.06304289 1.07538535 8.86208568 0.37983664 1.01645381
2.06291556 1.07527288 8.86217293 0.37985619 1.01645746
2.06279044 1.07516244 8.86225850 0.37987550 1.01646098
2.06266748 1.07505401 8.86234243 0.37989459 1.01646438
2.06254664 1.07494754 8.86242475 0.37991346 1.01646766
2.06242789 1.07484299 8.86250548 0.37993210 1.01647082
2.06231120 1.07474034 8.86258466 0.37995053 1.01647387
2.06219652 1.07463955 8.86266231 0.37996873 1.01647681
2.06208382 1.07454057 8.86273848 0.37998672 1.01647964
2.06197307 1.07444339 8.86281317 0.38000450 1.01648238
2.06186424 1.07434797 8.86288644 0.38002206 1.01648502
2.06175728 1.07425427 8.86295829 0.38003941 1.01648756
2.06165217 1.07416227 8.86302876 0.38005655 1.01649002
2.06154888 1.07407193 8.86309788 0.38007348 1.01649239
2.06144737 1.07398322 8.86316567 0.38009021 1.01649467
2.06134761 1.07389612 8.86323216 0.38010674 1.01649688
2.06124958 1.07381059 8.86329738 0.38012306 1.01649900
2.06115324 1.07372661 8.86336134 0.38013918 1.01650105
2.06105856 1.07364414 8.86342407 0.38015510 1.01650303
2.06096552 1.07356316 8.86348559 0.38017083 1.01650494
2.06087409 1.07348365 8.86354594 0.38018636 1.01650678
2.06078423 1.07340557 8.86360513 0.38020170 1.01650855
2.06069593 1.07332890 8.86366318 0.38021685 1.01651026
2.06060915 1.07325362 8.86372011 0.38023181 1.01651191
2.06052387 1.07317969 8.86377596 0.38024658 1.01651351
2.06044006 1.07310710 8.86383073 0.38026117 1.01651504
2.06035770 1.07303582 8.86388445 0.38027557 1.01651653
2.06027675 1.07296583 8.86393715 0.38028979 1.01651796
2.06019721 1.07289710 8.86398883 0.38030383 1.01651934
2.06011904 1.07282961 8.86403952 0.38031769 1.01652067
2.06004222 1.07276333 8.86408924 0.38033138 1.01652195
2.05996672 1.07269825 8.86413800 0.38034489 1.01652319
2.05989253 1.07263435 8.86418583 0.38035823 1.01652438
2.05981962 1.07257160 8.86423275 0.38037139 1.01652554
2.05974797 1.07250998 8.86427876 0.38038439 1.01652665
2.05967755 1.07244947 8.86432389 0.38039722 1.01652772
2.05960835 1.07239005 8.86436816 0.38040988 1.01652876
2.05954034 1.07233170 8.86441158 0.38042238 1.01652975
2.05947351 1.07227440 8.86445417 0.38043472 1.01653072
2.05940783 1.07221814 8.86449594 0.38044690 1.01653165
2.05934328 1.07216289 8.86453692 0.38045892 1.01653254
2.05927985 1.07210864 8.86457711 0.38047078 1.01653341
2.05921751 1.07205536 8.86461652 0.38048248 1.01653424
2.05915625 1.07200304 8.86465519 0.38049403 1.01653504
2.05909604 1.07195166 8.86469311 0.38050543 1.01653582
2.05903688 1.07190121 8.86473031 0.38051668 1.01653657
2.05897873 1.07185167 8.86476680 0.38052778 1.01653729
2.05892159 1.07180302 8.86480259 0.38053873 1.01653799
2.05886543 1.07175525 8.86483769 0.38054954 1.01653866
2.05881024 1.07170833 8.86487212 0.38056021 1.01653931
2.05875601 1.07166226 8.86490590 0.38057073 1.01653994
2.05870271 1.07161702 8.86493903 0.38058111 1.01654054
2.05865033 1.07157260 8.86497152 0.38059135 1.01654112
2.05859885 1.07152897 8.86500339 0.38060145 1.01654169
2.05854826 1.07148613 8.86503466 0.38061142 1.01654223
2.05849854 1.07144405 8.86506533 0.38062126 1.01654275
2.05844969 1.07140274 8.86509541 0.38063096 1.01654326
2.05840167 1.07136217 8.86512491 0.38064053 1.01654374
2.05835448 1.07132232 8.86515385 0.38064997 1.01654421
2.05830811 1.07128320 8.86518224 0.38065928 1.01654467
2.05826254 1.07124477 8.86521009 0.38066847 1.01654510
2.05821775 1.07120704 8.86523740 0.38067753 1.01654553
2.05817373 1.07116999 8.86526420 0.38068646 1.01654593
2.05813048 1.07113360 8.86529048 0.38069528 1.01654633
2.05808797 1.07109786 8.86531626 0.38070397 1.01654670
2.05804620 1.07106277 8.86534155 0.38071255 1.01654707
2.05800514 1.07102831 8.86536635 0.38072101 1.01654742
2.05796479 1.07099447 8.86539068 0.38072935 1.01654776
2.05792514 1.07096123 8.86541455 0.38073757 1.01654809
2.05788618 1.07092860 8.86543796 0.38074568 1.01654841
2.05784788 1.07089655 8.86546093 0.38075368 1.01654871
2.05781025 1.07086507 8.86548345 0.38076157 1.01654901
2.05777326 1.07083416 8.86550555 0.38076935 1.01654929
2.05773691 1.07080381 8.86552723 0.38077702 1.01654957
2.05770119 1.07077399 8.86554849 0.38078459 1.01654983
2.05766609 1.07074472 8.86556935 0.38079205 1.01655009
2.05763159 1.07071597 8.86558981 0.38079940 1.01655034
2.05759769 1.07068774 8.86560988 0.38080665 1.01655057
2.05756437 1.07066001 8.86562956 0.38081380 1.01655080
2.05753163 1.07063278 8.86564887 0.38082085 1.01655103
2.05749945 1.07060604 8.86566782 0.38082781 1.01655124
2.05746783 1.07057978 8.86568640 0.38083466 1.01655145
2.05743675 1.07055399 8.86570463 0.38084142 1.01655164
2.05740620 1.07052866 8.86572251 0.38084808 1.01655184
2.05737619 1.07050379 8.86574005 0.38085464 1.01655202
2.05734669 1.07047936 8.86575726 0.38086112 1.01655220
2.05731770 1.07045537 8.86577414 0.38086750 1.01655237
2.05728922 1.07043181 8.86579070 0.38087379 1.01655254
2.05726122 1.07040868 8.86580694 0.38088000 1.01655270
2.05723370 1.07038596 8.86582287 0.38088611 1.01655286
2.05720666 1.07036364 8.86583850 0.38089214 1.01655301
2.05718009 1.07034173 8.86585384 0.38089808 1.01655315
2.05715398 1.07032021 8.86586888 0.38090394 1.01655329
2.05712831 1.07029907 8.86588363 0.38090971 1.01655342
2.05710309 1.07027832 8.86589811 0.38091540 1.01655355
2.05707831 1.07025793 8.86591231 0.38092101 1.01655368
2.05705395 1.07023791 8.86592623 0.38092653 1.01655380
2.05703001 1.07021825 8.86593990 0.38093198 1.01655392
2.05700648 1.07019894 8.86595330 0.38093735 1.01655403
2.05698336 1.07017998 8.86596645 0.38094265 1.01655414
2.05696064 1.07016136 8.86597935 0.38094786 1.01655424
2.05693831 1.07014307 8.86599201 0.38095300 1.01655434
2.05691637 1.07012511 8.86600442 0.38095807 1.01655444
2.05689481 1.07010747 8.86601660 0.38096306 1.01655453
2.05687361 1.07009014 8.86602854 0.38096798 1.01655463
2.05685279 1.07007313 8.86604026 0.38097283 1.01655471
2.05683232 1.07005642 8.86605176 0.38097761 1.01655480
2.05681220 1.07004001 8.86606304 0.38098232 1.01655488
2.05679244 1.07002389 8.86607410 0.38098696 1.01655496
2.05677301 1.07000806 8.86608496 0.38099154 1.01655503
2.05675392 1.06999252 8.86609561 0.38099604 1.01655511
2.05673516 1.06997725 8.86610605 0.38100048 1.01655518
2.05671672 1.06996226 8.86611630 0.38100486 1.01655525
2.05669860 1.06994753 8.86612635 0.38100917 1.01655531
2.05668079 1.06993307 8.86613622 0.38101342 1.01655538
2.05666329 1.06991887 8.86614589 0.38101761 1.01655544
2.05664609 1.06990492 8.86615538 0.38102173 1.01655550
2.05662919 1.06989122 8.86616469 0.38102579 1.01655555
2.05661258 1.06987777 8.86617383 0.38102980 1.01655561
2.05659626 1.06986455 8.86618279 0.38103374 1.01655566
2.05658022 1.06985157 8.86619158 0.38103763 1.01655571
2.05656445 1.06983883 8.86620021 0.38104146 1.01655576
2.05654896 1.06982631 8.86620867 0.38104523 1.01655581
2.05653373 1.06981402 8.86621697 0.38104895 1.01655586
2.05651877 1.06980194 8.86622511 0.38105261 1.01655590
2.05650407 1.06979009 8.86623310 0.38105622 1.01655594
2.05648962 1.06977844 8.86624094 0.38105978 1.01655599
2.05647542 1.06976700 8.86624863 0.38106328 1.01655603
2.05646146 1.06975577 8.86625618 0.38106673 1.01655606
2.05644775 1.06974474 8.86626358 0.38107013 1.01655610
2.05643427 1.06973390 8.86627084 0.38107347 1.01655614
2.05642102 1.06972326 8.86627796 0.38107677 1.01655617
2.05640800 1.06971281 8.86628495 0.38108002 1.01655621
2.05639521 1.06970254 8.86629181 0.38108322 1.01655624
2.05638264 1.06969246 8.86629853 0.38108637 1.01655627
2.05637029 1.06968256 8.86630513 0.38108948 1.01655630
2.05635814 1.06967284 8.86631160 0.38109254 1.01655633
2.05634621 1.06966328 8.86631796 0.38109555 1.01655636
2.05633449 1.06965390 8.86632419 0.38109852 1.01655638
2.05632296 1.06964469 8.86633030 0.38110144 1.01655641
2.05631164 1.06963564 8.86633630 0.38110432 1.01655644
2.05630051 1.06962676 8.86634218 0.38110716 1.01655646
2.05628957 1.06961803 8.86634796 0.38110995 1.01655648
2.05627882 1.06960946 8.86635362 0.38111270 1.01655651
2.05626826 1.06960104 8.86635918 0.38111541 1.01655653
2.05625788 1.06959277 8.86636463 0.38111808 1.01655655
2.05624768 1.06958465 8.86636998 0.38112071 1.01655657
2.05623766 1.06957667 8.86637522 0.38112330 1.01655659
2.05622780 1.06956884 8.86638037 0.38112585 1.01655661
2.05621812 1.06956114 8.86638542 0.38112836 1.01655663
2.05620861 1.06955359 8.86639038 0.38113083 1.01655664
2.05619926 1.06954616 8.86639524 0.38113327 1.01655666
2.05619007 1.06953887 8.86640001 0.38113567 1.01655668
2.05618104 1.06953171 8.86640469 0.38113803 1.01655669
2.05617216 1.06952468 8.86640928 0.38114036 1.01655671
2.05616344 1.06951778 8.86641379 0.38114265 1.01655672
2.05615487 1.06951099 8.86641821 0.38114490 1.01655674
2.05614645 1.06950433 8.86642254 0.38114712 1.01655675
2.05613817 1.06949779 8.86642680 0.38114931 1.01655676
2.05613004 1.06949136 8.86643097 0.38115147 1.01655678
2.05612204 1.06948505 8.86643507 0.38115359 1.01655679
2.05611419 1.06947885 8.86643909 0.38115568 1.01655680
2.05610647 1.06947276 8.86644303 0.38115774 1.01655681
2.05609888 1.06946678 8.86644690 0.38115976 1.01655682
2.05609143 1.06946091 8.86645069 0.38116176 1.01655684
2.05608410 1.06945514 8.86645442 0.38116372 1.01655685
2.05607690 1.06944947 8.86645807 0.38116566 1.01655686
