5.76375388 6.81869223 3.85144991 3.43280131 0.21910575
5.75901084 6.81947853 3.85342324 3.43381458 0.22192150
5.75422727 6.82027433 3.85541471 3.43483631 0.22478649
5.74940282 6.82107978 3.85742450 3.43586657 0.22770161
5.74453713 6.82189502 3.85945277 3.43690541 0.23066774
5.73962986 6.82272021 3.86149970 3.43795290 0.23368577
5.73468065 6.82355551 3.86356548 3.43900909 0.23675663
5.72968917 6.82440107 3.86565028 3.44007406 0.23988121
5.72465508 6.82525705 3.86775426 3.44114784 0.24306043
5.71957805 6.82612360 3.86987760 3.44223050 0.24629522
5.71445777 6.82700089 3.87202047 3.44332209 0.24958650
5.70929391 6.82788908 3.87418302 3.44442266 0.25293519
5.70408618 6.82878833 3.87636544 3.44553226 0.25634222
5.69883426 6.82969881 3.87856786 3.44665093 0.25980852
5.69353788 6.83062068 3.88079046 3.44777873 0.26333502
5.68819674 6.83155411 3.88303339 3.44891569 0.26692265
5.68281060 6.83249927 3.88529678 3.45006184 0.27057233
5.67737918 6.83345632 3.88758080 3.45121723 0.27428498
5.67190224 6.83442544 3.88988557 3.45238188 0.27806150
5.66637955 6.83540679 3.89221124 3.45355583 0.28190280
5.66081090 6.83640055 3.89455793 3.45473910 0.28580978
5.65519608 6.83740689 3.89692577 3.45593170 0.28978330
5.64953491 6.83842597 3.89931487 3.45713367 0.29382425
5.64382722 6.83945797 3.90172534 3.45834500 0.29793346
5.63807286 6.84050306 3.90415729 3.45956570 0.30211177
5.63227169 6.84156141 3.90661082 3.46079579 0.30636000
5.62642361 6.84263319 3.90908601 3.46203526 0.31067891
5.62052853 6.84371856 3.91158294 3.46328409 0.31506929
5.61458638 6.84481770 3.91410168 3.46454229 0.31953186
5.60859711 6.84593076 3.91664229 3.46580982 0.32406731
5.60256071 6.84705792 3.91920483 3.46708668 0.32867632
5.59647719 6.84819933 3.92178932 3.46837281 0.33335951
5.59034658 6.84935516 3.92439580 3.46966820 0.33811747
5.58416895 6.85052556 3.92702429 3.47097279 0.34295074
5.57794438 6.85171069 3.92967479 3.47228653 0.34785981
5.57167301 6.85291069 3.93234728 3.47360937 0.35284513
5.56535499 6.85412571 3.93504175 3.47494124 0.35790708
5.55899051 6.85535590 3.93775815 3.47628207 0.36304600
5.55257981 6.85660140 3.94049644 3.47763177 0.36826215
5.54612314 6.85786233 3.94325655 3.47899026 0.37355572
5.53962081 6.85913883 3.94603838 3.48035743 0.37892684
5.53307317 6.86043102 3.94884185 3.48173319 0.38437558
5.52648058 6.86173902 3.95166682 3.48311740 0.38990189
5.51984348 6.86306293 3.95451317 3.48450995 0.39550568
5.51316234 6.86440286 3.95738073 3.48591069 0.40118675
5.50643766 6.86575890 3.96026932 3.48731950 0.40694481
5.49967002 6.86713114 3.96317876 3.48873619 0.41277947
5.49286000 6.86851965 3.96610883 3.49016062 0.41869025
5.48600827 6.86992452 3.96905928 3.49159260 0.42467658
5.47911554 6.87134578 3.97202987 3.49303195 0.43073774
5.47218255 6.87278350 3.97502029 3.49447847 0.43687295
5.46521011 6.87423771 3.97803025 3.49593194 0.44308127
5.45819908 6.87570843 3.98105942 3.49739215 0.44936167
5.45115038 6.87719569 3.98410745 3.49885886 0.45571299
5.44406496 6.87869948 3.98717396 3.50033183 0.46213394
5.43694386 6.88021979 3.99025854 3.50181081 0.46862311
5.42978814 6.88175660 3.99336076 3.50329553 0.47517896
5.42259893 6.88330987 3.99648019 3.50478570 0.48179981
5.41537744 6.88487954 3.99961633 3.50628105 0.48848385
5.40812489 6.88646555 4.00276868 3.50778127 0.49522913
5.40084259 6.88806780 4.00593671 3.50928604 0.50203358
5.39353190 6.88968622 4.00911986 3.51079504 0.50889497
5.38619424 6.89132066 4.01231756 3.51230794 0.51581094
5.37883105 6.89297100 4.01552919 3.51382440 0.52277900
5.37144389 6.89463710 4.01875411 3.51534405 0.52979652
5.36403431 6.89631877 4.02199167 3.51686652 0.53686073
5.35660394 6.89801583 4.02524118 3.51839145 0.54396874
5.34915449 6.89972808 4.02850193 3.51991844 0.55111751
5.34168766 6.90145529 4.03177318 3.52144709 0.55830390
5.33420526 6.90319722 4.03505418 3.52297701 0.56552461
5.32670910 6.90495360 4.03834414 3.52450777 0.57277626
5.31920108 6.90672416 4.04164225 3.52603896 0.58005534
5.31168309 6.90850858 4.04494770 3.52757015 0.58735822
5.30415712 6.91030656 4.04825962 3.52910089 0.59468119
5.29662515 6.91211775 4.05157715 3.53063075 0.60202043
5.28908923 6.91394180 4.05489940 3.53215927 0.60937204
5.28155143 6.91577832 4.05822547 3.53368601 0.61673205
5.27401385 6.91762691 4.06155444 3.53521050 0.62409639
5.26647861 6.91948718 4.06488536 3.53673229 0.63146096
5.25894788 6.92135867 4.06821729 3.53825091 0.63882160
5.25142383 6.92324095 4.07154926 3.53976589 0.64617409
5.24390865 6.92513353 4.07488030 3.54127676 0.65351421
5.23640455 6.92703595 4.07820942 3.54278306 0.66083770
5.22891375 6.92894770 4.08153563 3.54428432 0.66814029
5.22143847 6.93086825 4.08485794 3.54578008 0.67541772
5.21398093 6.93279709 4.08817534 3.54726986 0.68266573
5.20654336 6.93473366 4.09148682 3.54875321 0.68988010
5.19912798 6.93667741 4.09479138 3.55022967 0.69705663
5.19173701 6.93862778 4.09808802 3.55169879 0.70419119
5.18437263 6.94058416 4.10137572 3.55316011 0.71127967
5.17703703 6.94254599 4.10465350 3.55461321 0.71831808
5.16973236 6.94451265 4.10792037 3.55605764 0.72530246
5.16246077 6.94648354 4.11117533 3.55749299 0.73222897
5.15522436 6.94845804 4.11441741 3.55891882 0.73909387
5.14802519 6.95043553 4.11764566 3.56033474 0.74589351
5.14086530 6.95241538 4.12085912 3.56174035 0.75262438
5.13374670 6.95439696 4.12405686 3.56313526 0.75928308
5.12667134 6.95637963 4.12723796 3.56451909 0.76586637
5.11964111 6.95836278 4.13040153 3.56589149 0.77237113
5.11265789 6.96034575 4.13354668 3.56725210 0.77879439
5.10572347 6.96232791 4.13667255 3.56860058 0.78513335
5.09883962 6.96430863 4.13977831 3.56993662 0.79138537
5.09200802 6.96628729 4.14286314 3.57125990 0.79754795
5.08523030 6.96826325 4.14592627 3.57257012 0.80361879
5.07850805 6.97023590 4.14896691 3.57386702 0.80959574
5.07184276 6.97220463 4.15198435 3.57515031 0.81547684
5.06523589 6.97416882 4.15497787 3.57641975 0.82126028
5.05868882 6.97612788 4.15794679 3.57767511 0.82694447
5.05220284 6.97808123 4.16089046 3.57891617 0.83252794
5.04577921 6.98002828 4.16380826 3.58014272 0.83800944
5.03941909 6.98196846 4.16669960 3.58135457 0.84338788
5.03312359 6.98390123 4.16956392 3.58255156 0.84866233
5.02689373 6.98582604 4.17240070 3.58373352 0.85383204
5.02073048 6.98774235 4.17520943 3.58490032 0.85889642
5.01463472 6.98964966 4.17798965 3.58605183 0.86385506
5.00860728 6.99154746 4.18074092 3.58718793 0.86870768
5.00264889 6.99343527 4.18346285 3.58830854 0.87345418
4.99676025 6.99531261 4.18615505 3.58941358 0.87809459
4.99094195 6.99717904 4.18881719 3.59050296 0.88262908
4.98519455 6.99903410 4.19144896 3.59157666 0.88705797
4.97951852 7.00087739 4.19405007 3.59263462 0.89138172
4.97391427 7.00270848 4.19662028 3.59367682 0.89560089
4.96838214 7.00452701 4.19915936 3.59470325 0.89971617
4.96292242 7.00633259 4.20166712 3.59571392 0.90372838
4.95753533 7.00812487 4.20414341 3.59670882 0.90763840
4.95222103 7.00990352 4.20658807 3.59768800 0.91144727
4.94697962 7.01166821 4.20900101 3.59865149 0.91515607
4.94181116 7.01341865 4.21138214 3.59959932 0.91876599
4.93671563 7.01515454 4.21373140 3.60053158 0.92227831
4.93169298 7.01687562 4.21604876 3.60144831 0.92569436
4.92674310 7.01858165 4.21833420 3.60234960 0.92901554
4.92186583 7.02027238 4.22058776 3.60323554 0.93224333
4.91706096 7.02194759 4.22280945 3.60410622 0.93537924
4.91232825 7.02360710 4.22499934 3.60496175 0.93842485
4.90766739 7.02525070 4.22715751 3.60580224 0.94138177
4.90307807 7.02687823 4.22928404 3.60662780 0.94425165
4.89855991 7.02848955 4.23137907 3.60743857 0.94703616
4.89411249 7.03008449 4.23344272 3.60823467 0.94973703
4.88973538 7.03166295 4.23547515 3.60901625 0.95235597
4.88542811 7.03322482 4.23747652 3.60978345 0.95489475
4.88119015 7.03476998 4.23944702 3.61053641 0.95735511
4.87702099 7.03629837 4.24138683 3.61127530 0.95973883
4.87292005 7.03780991 4.24329618 3.61200027 0.96204769
4.86888676 7.03930455 4.24517529 3.61271148 0.96428345
4.86492049 7.04078223 4.24702438 3.61340909 0.96644790
4.86102061 7.04224293 4.24884372 3.61409328 0.96854280
4.85718647 7.04368663 4.25063355 3.61476422 0.97056992
4.85341741 7.04511331 4.25239415 3.61542209 0.97253099
4.84971272 7.04652297 4.25412578 3.61606705 0.97442775
4.84607172 7.04791562 4.25582873 3.61669929 0.97626193
4.84249367 7.04929129 4.25750330 3.61731898 0.97803522
4.83897784 7.05065000 4.25914978 3.61792632 0.97974931
4.83552351 7.05199179 4.26076848 3.61852147 0.98140584
4.83212991 7.05331670 4.26235971 3.61910463 0.98300646
4.82879628 7.05462479 4.26392379 3.61967598 0.98455278
4.82552185 7.05591613 4.26546103 3.62023571 0.98604636
4.82230586 7.05719077 4.26697175 3.62078399 0.98748878
4.81914751 7.05844880 4.26845630 3.62132101 0.98888156
4.81604604 7.05969031 4.26991500 3.62184695 0.99022619
4.81300064 7.06091537 4.27134818 3.62236201 0.99152415
4.81001054 7.06212408 4.27275617 3.62286636 0.99277687
4.80707493 7.06331655 4.27413932 3.62336018 0.99398575
4.80419303 7.06449288 4.27549797 3.62384366 0.99515218
4.80136405 7.06565318 4.27683245 3.62431698 0.99627750
4.79858719 7.06679756 4.27814311 3.62478031 0.99736301
4.79586168 7.06792615 4.27943028 3.62523384 0.99841000
4.79318671 7.06903906 4.28069430 3.62567773 0.99941972
4.79056150 7.07013643 4.28193552 3.62611217 1.00039338
4.78798529 7.07121839 4.28315428 3.62653733 1.00133217
4.78545728 7.07228506 4.28435090 3.62695338 1.00223724
4.78297671 7.07333659 4.28552574 3.62736049 1.00310971
4.78054282 7.07437311 4.28667912 3.62775883 1.00395069
4.77815483 7.07539476 4.28781137 3.62814856 1.00476122
4.77581200 7.07640169 4.28892284 3.62852986 1.00554235
4.77351357 7.07739404 4.29001384 3.62890287 1.00629506
4.77125880 7.07837197 4.29108471 3.62926776 1.00702034
4.76904696 7.07933561 4.29213577 3.62962470 1.00771914
4.76687731 7.08028513 4.29316735 3.62997383 1.00839235
4.76474914 7.08122067 4.29417975 3.63031530 1.00904088
4.76266173 7.08214237 4.29517331 3.63064928 1.00966558
4.76061437 7.08305041 4.29614833 3.63097591 1.01026729
4.75860637 7.08394493 4.29710513 3.63129534 1.01084681
4.75663703 7.08482608 4.29804400 3.63160771 1.01140494
4.75470568 7.08569403 4.29896526 3.63191317 1.01194242
4.75281163 7.08654892 4.29986921 3.63221185 1.01245999
4.75095423 7.08739091 4.30075614 3.63250390 1.01295835
4.74913282 7.08822016 4.30162634 3.63278945 1.01343821
4.74734675 7.08903683 4.30248012 3.63306863 1.01390021
4.74559537 7.08984106 4.30331775 3.63334158 1.01434501
4.74387807 7.09063302 4.30413951 3.63360842 1.01477322
4.74219423 7.09141286 4.30494569 3.63386929 1.01518545
4.74054321 7.09218073 4.30573657 3.63412430 1.01558226
4.73892444 7.09293679 4.30651240 3.63437359 1.01596423
4.73733730 7.09368119 4.30727347 3.63461726 1.01633189
4.73578122 7.09441409 4.30802004 3.63485545 1.01668577
4.73425562 7.09513563 4.30875236 3.63508826 1.01702637
4.73275993 7.09584597 4.30947070 3.63531580 1.01735418
4.73129359 7.09654525 4.31017530 3.63553820 1.01766966
4.72985606 7.09723363 4.31086643 3.63575556 1.01797328
4.72844678 7.09791126 4.31154431 3.63596799 1.01826546
4.72706524 7.09857828 4.31220920 3.63617560 1.01854664
4.72571090 7.09923483 4.31286133 3.63637848 1.01881721
4.72438325 7.09988107 4.31350093 3.63657674 1.01907758
4.72308178 7.10051714 4.31412825 3.63677048 1.01932811
4.72180600 7.10114318 4.31474350 3.63695980 1.01956918
4.72055541 7.10175934 4.31534691 3.63714479 1.01980114
4.71932954 7.10236574 4.31593869 3.63732555 1.02002432
4.71812791 7.10296254 4.31651907 3.63750217 1.02023906
4.71695006 7.10354986 4.31708826 3.63767474 1.02044567
4.71579553 7.10412785 4.31764646 3.63784335 1.02064446
4.71466386 7.10469665 4.31819388 3.63800809 1.02083571
4.71355463 7.10525637 4.31873073 3.63816903 1.02101971
4.71246739 7.10580717 4.31925720 3.63832627 1.02119674
4.71140173 7.10634916 4.31977348 3.63847988 1.02136704
4.71035722 7.10688248 4.32027978 3.63862994 1.02153089
4.70933345 7.10740726 4.32077628 3.63877654 1.02168851
4.70833002 7.10792362 4.32126316 3.63891975 1.02184015
4.70734654 7.10843169 4.32174060 3.63905964 1.02198603
4.70638261 7.10893159 4.32220879 3.63919630 1.02212636
4.70543785 7.10942344 4.32266791 3.63932978 1.02226136
4.70451190 7.10990737 4.32311811 3.63946016 1.02239123
4.70360438 7.11038349 4.32355958 3.63958751 1.02251616
4.70271493 7.11085193 4.32399248 3.63971190 1.02263633
4.70184320 7.11131280 4.32441697 3.63983339 1.02275194
4.70098884 7.11176621 4.32483322 3.63995205 1.02286315
4.70015151 7.11221228 4.32524138 3.64006794 1.02297012
4.69933087 7.11265112 4.32564161 3.64018112 1.02307302
4.69852661 7.11308284 4.32603405 3.64029165 1.02317201
4.69773838 7.11350755 4.32641887 3.64039960 1.02326723
4.69696589 7.11392536 4.32679619 3.64050502 1.02335882
4.69620881 7.11433638 4.32716618 3.64060797 1.02344692
4.69546685 7.11474071 4.32752897 3.64070850 1.02353167
4.69473971 7.11513845 4.32788470 3.64080667 1.02361319
4.69402709 7.11552971 4.32823350 3.64090253 1.02369161
4.69332871 7.11591459 4.32857551 3.64099613 1.02376703
4.69264428 7.11629318 4.32891087 3.64108753 1.02383959
4.69197353 7.11666559 4.32923969 3.64117677 1.02390938
4.69131619 7.11703191 4.32956210 3.64126391 1.02397651
4.69067199 7.11739225 4.32987823 3.64134898 1.02404108
4.69004068 7.11774668 4.33018821 3.64143204 1.02410320
4.68942199 7.11809531 4.33049214 3.64151314 1.02416294
4.68881567 7.11843823 4.33079015 3.64159231 1.02422041
4.68822149 7.11877552 4.33108235 3.64166960 1.02427569
4.68763920 7.11910728 4.33136885 3.64174506 1.02432887
4.68706856 7.11943360 4.33164977 3.64181872 1.02438002
4.68650934 7.11975455 4.33192522 3.64189063 1.02442922
4.68596132 7.12007023 4.33219529 3.64196083 1.02447654
4.68542426 7.12038072 4.33246009 3.64202935 1.02452207
4.68489797 7.12068611 4.33271973 3.64209624 1.02456585
4.68438221 7.12098646 4.33297431 3.64216152 1.02460797
4.68387678 7.12128187 4.33322392 3.64222525 1.02464849
4.68338147 7.12157242 4.33346867 3.64228745 1.02468746
4.68289609 7.12185817 4.33370864 3.64234815 1.02472495
4.68242043 7.12213922 4.33394393 3.64240740 1.02476101
4.68195430 7.12241562 4.33417463 3.64246523 1.02479570
4.68149751 7.12268747 4.33440083 3.64252166 1.02482907
4.68104988 7.12295482 4.33462261 3.64257674 1.02486116
4.68061121 7.12321777 4.33484007 3.64263049 1.02489204
4.68018134 7.12347636 4.33505329 3.64268294 1.02492174
4.67976009 7.12373068 4.33526235 3.64273412 1.02495031
4.67934728 7.12398080 4.33546733 3.64278407 1.02497779
4.67894274 7.12422678 4.33566831 3.64283280 1.02500422
4.67854632 7.12446868 4.33586537 3.64288036 1.02502965
4.67815784 7.12470659 4.33605859 3.64292676 1.02505412
4.67777715 7.12494055 4.33624804 3.64297203 1.02507765
4.67740410 7.12517063 4.33643379 3.64301620 1.02510029
4.67703853 7.12539691 4.33661592 3.64305930 1.02512206
4.67668029 7.12561943 4.33679450 3.64310134 1.02514301
4.67632924 7.12583826 4.33696959 3.64314236 1.02516316
4.67598522 7.12605347 4.33714127 3.64318237 1.02518255
4.67564811 7.12626510 4.33730960 3.64322140 1.02520119
4.67531776 7.12647322 4.33747465 3.64325948 1.02521913
4.67499404 7.12667788 4.33763648 3.64329662 1.02523639
4.67467681 7.12687915 4.33779515 3.64333285 1.02525299
4.67436595 7.12707707 4.33795073 3.64336819 1.02526897
4.67406132 7.12727170 4.33810327 3.64340266 1.02528433
4.67376280 7.12746310 4.33825285 3.64343628 1.02529911
4.67347028 7.12765132 4.33839950 3.64346906 1.02531333
4.67318362 7.12783640 4.33854329 3.64350104 1.02532701
4.67290272 7.12801841 4.33868429 3.64353222 1.02534017
4.67262745 7.12819739 4.33882253 3.64356263 1.02535284
4.67235771 7.12837339 4.33895808 3.64359229 1.02536502
4.67209338 7.12854646 4.33909098 3.64362120 1.02537674
4.67183435 7.12871665 4.33922130 3.64364940 1.02538801
4.67158053 7.12888401 4.33934908 3.64367689 1.02539886
4.67133179 7.12904857 4.33947436 3.64370370 1.02540929
4.67108805 7.12921040 4.33959721 3.64372983 1.02541933
4.67084921 7.12936953 4.33971766 3.64375531 1.02542899
4.67061515 7.12952601 4.33983577 3.64378015 1.02543829
4.67038580 7.12967988 4.33995157 3.64380437 1.02544723
4.67016105 7.12983118 4.34006512 3.64382797 1.02545583
4.66994081 7.12997996 4.34017646 3.64385099 1.02546411
4.66972499 7.13012626 4.34028562 3.64387342 1.02547207
4.66951350 7.13027011 4.34039267 3.64389528 1.02547973
4.66930626 7.13041157 4.34049762 3.64391659 1.02548710
4.66910318 7.13055067 4.34060054 3.64393735 1.02549420
4.66890418 7.13068744 4.34070145 3.64395759 1.02550102
4.66870917 7.13082193 4.34080039 3.64397732 1.02550759
4.66851808 7.13095418 4.34089741 3.64399654 1.02551391
4.66833082 7.13108421 4.34099255 3.64401527 1.02551998
4.66814733 7.13121208 4.34108583 3.64403352 1.02552583
4.66796752 7.13133781 4.34117729 3.64405130 1.02553146
4.66779131 7.13146144 4.34126698 3.64406863 1.02553688
4.66761865 7.13158300 4.34135492 3.64408551 1.02554209
4.66744945 7.13170253 4.34144115 3.64410195 1.02554710
4.66728365 7.13182006 4.34152570 3.64411797 1.02555193
4.66712118 7.13193563 4.34160861 3.64413357 1.02555657
4.66696198 7.13204926 4.34168990 3.64414877 1.02556104
4.66680596 7.13216100 4.34176962 3.64416358 1.02556533
4.66665309 7.13227086 4.34184778 3.64417800 1.02556947
4.66650328 7.13237889 4.34192442 3.64419204 1.02557345
4.66635648 7.13248511 4.34199958 3.64420572 1.02557728
4.66621262 7.13258955 4.34207327 3.64421904 1.02558097
4.66607166 7.13269225 4.34214553 3.64423201 1.02558451
4.66593353 7.13279322 4.34221639 3.64424463 1.02558793
4.66579817 7.13289251 4.34228587 3.64425693 1.02559121
4.66566553 7.13299013 4.34235400 3.64426890 1.02559437
4.66553555 7.13308612 4.34242081 3.64428055 1.02559741
4.66540819 7.13318051 4.34248632 3.64429189 1.02560034
4.66528338 7.13327331 4.34255056 3.64430294 1.02560316
4.66516108 7.13336456 4.34261354 3.64431368 1.02560587
4.66504123 7.13345428 4.34267531 3.64432414 1.02560847
4.66492379 7.13354249 4.34273588 3.64433432 1.02561099
4.66480871 7.13362923 4.34279527 3.64434423 1.02561340
4.66469595 7.13371452 4.34285351 3.64435387 1.02561573
4.66458544 7.13379837 4.34291062 3.64436325 1.02561796
4.66447716 7.13388083 4.34296662 3.64437238 1.02562012
4.66437105 7.13396189 4.34302153 3.64438126 1.02562219
4.66426707 7.13404160 4.34307538 3.64438989 1.02562419
4.66416518 7.13411998 4.34312818 3.64439830 1.02562611
4.66406534 7.13419704 4.34317996 3.64440647 1.02562795
4.66396750 7.13427281 4.34323074 3.64441442 1.02562973
4.66387163 7.13434731 4.34328053 3.64442215 1.02563144
4.66377768 7.13442055 4.34332935 3.64442966 1.02563309
4.66368562 7.13449257 4.34337723 3.64443697 1.02563468
4.66359541 7.13456339 4.34342418 3.64444408 1.02563620
4.66350701 7.13463301 4.34347022 3.64445099 1.02563767
4.66342039 7.13470147 4.34351537 3.64445771 1.02563909
4.66333551 7.13476878 4.34355964 3.64446424 1.02564045
4.66325233 7.13483495 4.34360306 3.64447058 1.02564176
4.66317082 7.13490002 4.34364563 3.64447675 1.02564302
4.66309095 7.13496400 4.34368738 3.64448274 1.02564423
4.66301269 7.13502690 4.34372832 3.64448857 1.02564540
4.66293599 7.13508875 4.34376847 3.64449422 1.02564652
4.66286084 7.13514956 4.34380784 3.64449972 1.02564761
4.66278720 7.13520935 4.34384645 3.64450506 1.02564865
4.66271504 7.13526813 4.34388431 3.64451025 1.02564965
4.66264432 7.13532593 4.34392144 3.64451528 1.02565061
4.66257503 7.13538276 4.34395785 3.64452018 1.02565154
4.66250713 7.13543863 4.34399356 3.64452493 1.02565244
4.66244059 7.13549357 4.34402858 3.64452954 1.02565330
4.66237539 7.13554758 4.34406291 3.64453401 1.02565413
4.66231150 7.13560069 4.34409659 3.64453836 1.02565493
4.66224890 7.13565290 4.34412961 3.64454258 1.02565569
4.66218755 7.13570424 4.34416200 3.64454667 1.02565643
4.66212743 7.13575472 4.34419375 3.64455064 1.02565715
4.66206852 7.13580435 4.34422490 3.64455449 1.02565783
4.66201080 7.13585314 4.34425544 3.64455823 1.02565849
4.66195423 7.13590111 4.34428539 3.64456185 1.02565913
4.66189880 7.13594828 4.34431477 3.64456537 1.02565974
4.66184449 7.13599466 4.34434357 3.64456878 1.02566033
4.66179126 7.13604025 4.34437182 3.64457208 1.02566089
4.66173911 7.13608509 4.34439953 3.64457529 1.02566144
4.66168800 7.13612916 4.34442670 3.64457839 1.02566196
4.66163792 7.13617250 4.34445334 3.64458140 1.02566247
4.66158885 7.13621511 4.34447947 3.64458432 1.02566296
4.66154076 7.13625700 4.34450510 3.64458714 1.02566342
4.66149364 7.13629819 4.34453023 3.64458988 1.02566388
4.66144747 7.13633868 4.34455487 3.64459253 1.02566431
4.66140222 7.13637850 4.34457904 3.64459510 1.02566473
4.66135788 7.13641765 4.34460275 3.64459758 1.02566513
4.66131443 7.13645613 4.34462600 3.64459998 1.02566552
4.66127186 7.13649398 4.34464880 3.64460231 1.02566589
4.66123014 7.13653118 4.34467115 3.64460456 1.02566625
4.66118926 7.13656776 4.34469308 3.64460674 1.02566660
4.66114920 7.13660373 4.34471459 3.64460885 1.02566693
4.66110995 7.13663908 4.34473568 3.64461088 1.02566725
4.66107149 7.13667385 4.34475636 3.64461285 1.02566756
4.66103379 7.13670803 4.34477665 3.64461476 1.02566786
4.66099686 7.13674164 4.34479655 3.64461660 1.02566815
4.66096067 7.13677468 4.34481606 3.64461837 1.02566842
4.66092520 7.13680716 4.34483519 3.64462009 1.02566869
4.66089045 7.13683910 4.34485396 3.64462175 1.02566894
4.66085640 7.13687050 4.34487237 3.64462335 1.02566919
4.66082303 7.13690138 4.34489042 3.64462489 1.02566943
4.66079033 7.13693173 4.34490813 3.64462638 1.02566966
4.66075829 7.13696158 4.34492549 3.64462782 1.02566988
4.66072689 7.13699092 4.34494252 3.64462920 1.02567009
4.66069612 7.13701977 4.34495922 3.64463054 1.02567029
4.66066597 7.13704813 4.34497560 3.64463183 1.02567049
4.66063643 7.13707602 4.34499167 3.64463307 1.02567068
4.66060748 7.13710343 4.34500742 3.64463426 1.02567086
4.66057911 7.13713039 4.34502288 3.64463541 1.02567104
4.66055132 7.13715689 4.34503803 3.64463652 1.02567120
4.66052408 7.13718295 4.34505290 3.64463758 1.02567137
4.66049739 7.13720856 4.34506748 3.64463860 1.02567152
4.66047123 7.13723375 4.34508178 3.64463959 1.02567168
4.66044560 7.13725851 4.34509580 3.64464053 1.02567182
4.66042049 7.13728286 4.34510956 3.64464144 1.02567196
4.66039588 7.13730680 4.34512305 3.64464231 1.02567210
4.66037177 7.13733033 4.34513628 3.64464314 1.02567223
4.66034814 7.13735347 4.34514926 3.64464394 1.02567235
4.66032498 7.13737622 4.34516199 3.64464471 1.02567247
4.66030229 7.13739858 4.34517448 3.64464544 1.02567259
4.66028006 7.13742057 4.34518672 3.64464615 1.02567270
4.66025827 7.13744219 4.34519873 3.64464682 1.02567281
4.66023692 7.13746345 4.34521051 3.64464746 1.02567291
4.66021600 7.13748435 4.34522206 3.64464808 1.02567301
4.66019551 7.13750489 4.34523340 3.64464866 1.02567311
4.66017542 7.13752509 4.34524451 3.64464922 1.02567320
4.66015574 7.13754495 4.34525541 3.64464975 1.02567329
4.66013645 7.13756448 4.34526610 3.64465026 1.02567337
4.66011755 7.13758367 4.34527659 3.64465074 1.02567346
4.66009903 7.13760255 4.34528688 3.64465120 1.02567354
4.66008088 7.13762111 4.34529697 3.64465164 1.02567361
4.66006310 7.13763935 4.34530687 3.64465205 1.02567369
4.66004567 7.13765729 4.34531657 3.64465244 1.02567376
4.66002860 7.13767492 4.34532609 3.64465281 1.02567383
4.66001187 7.13769226 4.34533543 3.64465316 1.02567389
4.65999547 7.13770931 4.34534459 3.64465349 1.02567396
4.65997941 7.13772606 4.34535358 3.64465380 1.02567402
4.65996366 7.13774254 4.34536239 3.64465409 1.02567408
4.65994824 7.13775874 4.34537103 3.64465436 1.02567414
4.65993312 7.13777467 4.34537951 3.64465461 1.02567419
4.65991831 7.13779033 4.34538783 3.64465485 1.02567424
4.65990380 7.13780572 4.34539598 3.64465507 1.02567429
4.65988957 7.13782086 4.34540398 3.64465528 1.02567434
4.65987564 7.13783574 4.34541183 3.64465547 1.02567439
4.65986198 7.13785037 4.34541953 3.64465564 1.02567444
4.65984860 7.13786475 4.34542708 3.64465581 1.02567448
4.65983548 7.13787889 4.34543449 3.64465595 1.02567452
4.65982264 7.13789280 4.34544175 3.64465609 1.02567456
4.65981004 7.13790647 4.34544888 3.64465621 1.02567460
4.65979771 7.13791991 4.34545587 3.64465632 1.02567464
4.65978562 7.13793312 4.34546273 3.64465641 1.02567468
4.65977377 7.13794611 4.34546945 3.64465650 1.02567471
4.65976216 7.13795888 4.34547605 3.64465657 1.02567475
4.65975079 7.13797144 4.34548252 3.64465663 1.02567478
4.65973964 7.13798378 4.34548887 3.64465668 1.02567481
4.65972872 7.13799592 4.34549510 3.64465672 1.02567484
4.65971802 7.13800785 4.34550120 3.64465675 1.02567487
4.65970753 7.13801959 4.34550720 3.64465678 1.02567490
4.65969725 7.13803112 4.34551307 3.64465679 1.02567492
4.65968718 7.13804246 4.34551884 3.64465679 1.02567495
4.65967732 7.13805361 4.34552449 3.64465679 1.02567497
4.65966765 7.13806457 4.34553004 3.64465678 1.02567500
4.65965817 7.13807535 4.34553548 3.64465676 1.02567502
4.65964889 7.13808594 4.34554082 3.64465673 1.02567504
4.65963979 7.13809636 4.34554606 3.64465669 1.02567507
4.65963088 7.13810660 4.34555119 3.64465665 1.02567509
4.65962214 7.13811667 4.34555623 3.64465660 1.02567511
4.65961358 7.13812657 4.34556117 3.64465655 1.02567513
4.65960520 7.13813630 4.34556602 3.64465648 1.02567515
4.65959698 7.13814587 4.34557078 3.64465642 1.02567516
4.65958893 7.13815527 4.34557545 3.64465634 1.02567518
4.65958103 7.13816452 4.34558002 3.64465626 1.02567520
4.65957330 7.13817362 4.34558451 3.64465618 1.02567521
4.65956572 7.13818256 4.34558892 3.64465609 1.02567523
4.65955830 7.13819135 4.34559324 3.64465600 1.02567524
4.65955102 7.13819999 4.34559748 3.64465590 1.02567526
4.65954390 7.13820848 4.34560163 3.64465580 1.02567527
4.65953691 7.13821683 4.34560571 3.64465569 1.02567529
4.65953007 7.13822505 4.34560971 3.64465558 1.02567530
4.65952336 7.13823312 4.34561364 3.64465546 1.02567531
4.65951679 7.13824106 4.34561749 3.64465535 1.02567532
4.65951035 7.13824886 4.34562127 3.64465522 1.02567533
4.65950403 7.13825653 4.34562497 3.64465510 1.02567535
4.65949785 7.13826407 4.34562861 3.64465497 1.02567536
4.65949179 7.13827149 4.34563217 3.64465484 1.02567537
