2.17137288 3.05138067 4.32360709 2.57358672 0.03661798
2.17192229 3.05066273 4.32399658 2.57298034 0.03675194
2.17247409 3.04994163 4.32438782 2.57237133 0.03688708
2.17302830 3.04921733 4.32478081 2.57175967 0.03702342
2.17358495 3.04848982 4.32517558 2.57114534 0.03716096
2.17414405 3.04775908 4.32557212 2.57052833 0.03729971
2.17470560 3.04702509 4.32597045 2.56990862 0.03743970
2.17526964 3.04628782 4.32637058 2.56928620 0.03758094
2.17583616 3.04554725 4.32677252 2.56866104 0.03772343
2.17640520 3.04480337 4.32717628 2.56803313 0.03786720
2.17697677 3.04405614 4.32758188 2.56740246 0.03801225
2.17755088 3.04330556 4.32798931 2.56676900 0.03815860
2.17812755 3.04255158 4.32839861 2.56613274 0.03830627
2.17870680 3.04179420 4.32880977 2.56549366 0.03845527
2.17928864 3.04103340 4.32922282 2.56485174 0.03860561
2.17987309 3.04026913 4.32963775 2.56420696 0.03875731
2.18046017 3.03950139 4.33005458 2.56355931 0.03891039
2.18104990 3.03873015 4.33047333 2.56290877 0.03906485
2.18164229 3.03795539 4.33089401 2.56225532 0.03922072
2.18223736 3.03717708 4.33131662 2.56159893 0.03937801
2.18283514 3.03639520 4.33174119 2.56093960 0.03953673
2.18343563 3.03560973 4.33216772 2.56027730 0.03969691
2.18403886 3.03482063 4.33259622 2.55961201 0.03985856
2.18464484 3.03402789 4.33302672 2.55894372 0.04002169
2.18525360 3.03323147 4.33345921 2.55827240 0.04018633
2.18586515 3.03243136 4.33389372 2.55759803 0.04035248
2.18647951 3.03162753 4.33433026 2.55692059 0.04052018
2.18709671 3.03081996 4.33476884 2.55624007 0.04068943
2.18771675 3.03000861 4.33520947 2.55555644 0.04086025
2.18833967 3.02919345 4.33565217 2.55486969 0.04103266
2.18896548 3.02837448 4.33609694 2.55417978 0.04120668
2.18959419 3.02755164 4.33654382 2.55348671 0.04138233
2.19022584 3.02672493 4.33699280 2.55279044 0.04155962
2.19086045 3.02589431 4.33744390 2.55209096 0.04173858
2.19149802 3.02505975 4.33789714 2.55138825 0.04191923
2.19213859 3.02422123 4.33835254 2.55068228 0.04210158
2.19278217 3.02337872 4.33881009 2.54997303 0.04228565
2.19342879 3.02253218 4.33926983 2.54926048 0.04247148
2.19407847 3.02168160 4.33973176 2.54854461 0.04265906
2.19473123 3.02082693 4.34019589 2.54782539 0.04284844
2.19538709 3.01996816 4.34066226 2.54710280 0.04303962
2.19604607 3.01910524 4.34113086 2.54637682 0.04323263
2.19670820 3.01823816 4.34160171 2.54564742 0.04342749
2.19737350 3.01736687 4.34207484 2.54491459 0.04362423
2.19804199 3.01649136 4.34255025 2.54417829 0.04382286
2.19871370 3.01561158 4.34302796 2.54343850 0.04402342
2.19938865 3.01472751 4.34350799 2.54269520 0.04422591
2.20006686 3.01383912 4.34399035 2.54194836 0.04443037
2.20074836 3.01294637 4.34447506 2.54119796 0.04463682
2.20143317 3.01204922 4.34496214 2.54044398 0.04484528
2.20212132 3.01114766 4.34545160 2.53968638 0.04505579
2.20281283 3.01024163 4.34594345 2.53892514 0.04526835
2.20350772 3.00933112 4.34643773 2.53816024 0.04548301
2.20420603 3.00841608 4.34693443 2.53739165 0.04569978
2.20490777 3.00749649 4.34743359 2.53661934 0.04591869
2.20561297 3.00657230 4.34793521 2.53584329 0.04613976
2.20632167 3.00564348 4.34843932 2.53506346 0.04636304
2.20703388 3.00471000 4.34894594 2.53427984 0.04658853
2.20774963 3.00377182 4.34945507 2.53349239 0.04681627
2.20846895 3.00282890 4.34996675 2.53270109 0.04704630
2.20919187 3.00188122 4.35048098 2.53190590 0.04727862
2.20991841 3.00092872 4.35099779 2.53110681 0.04751329
2.21064861 2.99997137 4.35151719 2.53030377 0.04775032
2.21138248 2.99900914 4.35203921 2.52949677 0.04798974
2.21212007 2.99804198 4.35256386 2.52868576 0.04823159
2.21286139 2.99706986 4.35309116 2.52787073 0.04847590
2.21360648 2.99609274 4.35362114 2.52705164 0.04872270
2.21435537 2.99511058 4.35415381 2.52622846 0.04897202
2.21510808 2.99412334 4.35468919 2.52540116 0.04922389
2.21586465 2.99313097 4.35522730 2.52456972 0.04947835
2.21662511 2.99213345 4.35576817 2.52373408 0.04973542
2.21738949 2.99113071 4.35631181 2.52289424 0.04999515
2.21815781 2.99012273 4.35685825 2.52205015 0.05025757
2.21893012 2.98910946 4.35740750 2.52120178 0.05052272
2.21970644 2.98809086 4.35795959 2.52034910 0.05079062
2.22048681 2.98706688 4.35851454 2.51949207 0.05106132
2.22127125 2.98603748 4.35907237 2.51863067 0.05133486
2.22205981 2.98500262 4.35963311 2.51776486 0.05161126
2.22285251 2.98396224 4.36019677 2.51689459 0.05189057
2.22364939 2.98291631 4.36076337 2.51601985 0.05217284
2.22445048 2.98186479 4.36133295 2.51514059 0.05245809
2.22525582 2.98080761 4.36190553 2.51425678 0.05274636
2.22606544 2.97974473 4.36248112 2.51336839 0.05303771
2.22687938 2.97867612 4.36305975 2.51247537 0.05333217
2.22769768 2.97760171 4.36364145 2.51157769 0.05362978
2.22852036 2.97652146 4.36422624 2.51067531 0.05393058
2.22934748 2.97543533 4.36481414 2.50976820 0.05423463
2.23017905 2.97434325 4.36540518 2.50885631 0.05454196
2.23101513 2.97324518 4.36599939 2.50793962 0.05485261
2.23185575 2.97214107 4.36659679 2.50701807 0.05516665
2.23270094 2.97103087 4.36719740 2.50609164 0.05548410
2.23355076 2.96991452 4.36780125 2.50516027 0.05580502
2.23440523 2.96879197 4.36840837 2.50422394 0.05612946
2.23526439 2.96766317 4.36901878 2.50328260 0.05645747
2.23612830 2.96652806 4.36963251 2.50233621 0.05678909
2.23699698 2.96538658 4.37024960 2.50138473 0.05712439
2.23787048 2.96423869 4.37087005 2.50042811 0.05746340
2.23874885 2.96308432 4.37149392 2.49946632 0.05780618
2.23963211 2.96192342 4.37212121 2.49849931 0.05815279
2.24052033 2.96075593 4.37275196 2.49752703 0.05850328
2.24141353 2.95958179 4.37338620 2.49654945 0.05885771
2.24231177 2.95840094 4.37402396 2.49556652 0.05921613
2.24321508 2.95721332 4.37466527 2.49457819 0.05957859
2.24412352 2.95601887 4.37531015 2.49358442 0.05994517
2.24503713 2.95481753 4.37595864 2.49258516 0.06031592
2.24595596 2.95360923 4.37661077 2.49158036 0.06069089
2.24688004 2.95239392 4.37726657 2.49056999 0.06107016
2.24780944 2.95117152 4.37792607 2.48955399 0.06145378
2.24874419 2.94994198 4.37858931 2.48853231 0.06184182
2.24968435 2.94870523 4.37925630 2.48750490 0.06223434
2.25062997 2.94746119 4.37992710 2.48647172 0.06263141
2.25158109 2.94620981 4.38060172 2.48543271 0.06303309
2.25253776 2.94495102 4.38128021 2.48438782 0.06343946
2.25350004 2.94368475 4.38196259 2.48333701 0.06385059
2.25446798 2.94241092 4.38264890 2.48228022 0.06426655
2.25544163 2.94112946 4.38333918 2.48121739 0.06468740
2.25642105 2.93984031 4.38403346 2.48014848 0.06511323
2.25740628 2.93854339 4.38473177 2.47907344 0.06554411
2.25839738 2.93723863 4.38543416 2.47799219 0.06598011
2.25939441 2.93592595 4.38614065 2.47690471 0.06642132
2.26039742 2.93460527 4.38685129 2.47581091 0.06686781
2.26140648 2.93327653 4.38756610 2.47471076 0.06731967
2.26242162 2.93193964 4.38828514 2.47360419 0.06777697
2.26344293 2.93059452 4.38900844 2.47249114 0.06823981
2.26447044 2.92924110 4.38973602 2.47137157 0.06870826
2.26550423 2.92787928 4.39046795 2.47024539 0.06918242
2.26654435 2.92650900 4.39120425 2.46911257 0.06966238
2.26759086 2.92513017 4.39194496 2.46797303 0.07014822
2.26864383 2.92374270 4.39269013 2.46682672 0.07064003
2.26970332 2.92234651 4.39343979 2.46567357 0.07113793
2.27076939 2.92094151 4.39419399 2.46451353 0.07164199
2.27184211 2.91952762 4.39495276 2.46334652 0.07215231
2.27292154 2.91810474 4.39571616 2.46217248 0.07266901
2.27400774 2.91667279 4.39648423 2.46099135 0.07319217
2.27510079 2.91523168 4.39725700 2.45980306 0.07372191
2.27620076 2.91378130 4.39803453 2.45860754 0.07425832
2.27730770 2.91232158 4.39881685 2.45740473 0.07480152
2.27842170 2.91085240 4.39960401 2.45619456 0.07535162
2.27954281 2.90937369 4.40039607 2.45497696 0.07590873
2.28067113 2.90788534 4.40119306 2.45375185 0.07647296
2.28180670 2.90638724 4.40199503 2.45251918 0.07704443
2.28294962 2.90487931 4.40280203 2.45127886 0.07762326
2.28409994 2.90336144 4.40361411 2.45003082 0.07820957
2.28525776 2.90183352 4.40443131 2.44877499 0.07880349
2.28642314 2.90029546 4.40525370 2.44751129 0.07940514
2.28759617 2.89874714 4.40608131 2.44623965 0.08001465
2.28877692 2.89718846 4.40691420 2.44495999 0.08063216
2.28996547 2.89561931 4.40775241 2.44367224 0.08125778
2.29116190 2.89403958 4.40859601 2.44237631 0.08189168
2.29236630 2.89244915 4.40944504 2.44107213 0.08253397
2.29357874 2.89084792 4.41029956 2.43975961 0.08318481
2.29479931 2.88923577 4.41115962 2.43843868 0.08384435
2.29602810 2.88761258 4.41202528 2.43710925 0.08451272
2.29726520 2.88597823 4.41289659 2.43577124 0.08519008
2.29851068 2.88433261 4.41377361 2.43442456 0.08587659
2.29976464 2.88267559 4.41465639 2.43306913 0.08657240
2.30102717 2.88100705 4.41554500 2.43170485 0.08727767
2.30229837 2.87932686 4.41643949 2.43033165 0.08799258
2.30357831 2.87763489 4.41733992 2.42894944 0.08871728
2.30486710 2.87593102 4.41824635 2.42755812 0.08945195
2.30616484 2.87421512 4.41915884 2.42615760 0.09019676
2.30747161 2.87248706 4.42007746 2.42474779 0.09095189
2.30878752 2.87074669 4.42100226 2.42332860 0.09171753
2.31011267 2.86899389 4.42193331 2.42189993 0.09249385
2.31144715 2.86722851 4.42287068 2.42046169 0.09328105
2.31279107 2.86545042 4.42381442 2.41901378 0.09407933
2.31414453 2.86365947 4.42476460 2.41755610 0.09488888
2.31550763 2.86185552 4.42572130 2.41608855 0.09570990
2.31688049 2.86003843 4.42668457 2.41461104 0.09654260
2.31826321 2.85820803 4.42765448 2.41312345 0.09738719
2.31965590 2.85636419 4.42863111 2.41162569 0.09824388
2.32105867 2.85450676 4.42961453 2.41011766 0.09911290
2.32247162 2.85263556 4.43060480 2.40859924 0.09999447
2.32389489 2.85075046 4.43160200 2.40707033 0.10088883
2.32532857 2.84885129 4.43260619 2.40553082 0.10179619
2.32677280 2.84693788 4.43361746 2.40398060 0.10271681
2.32822768 2.84501008 4.43463588 2.40241957 0.10365092
2.32969334 2.84306772 4.43566152 2.40084760 0.10459879
2.33116989 2.84111063 4.43669445 2.39926459 0.10556065
2.33265747 2.83913863 4.43773477 2.39767042 0.10653678
2.33415619 2.83715156 4.43878254 2.39606498 0.10752744
2.33566619 2.83514924 4.43983784 2.39444814 0.10853290
2.33718760 2.83313148 4.44090076 2.39281979 0.10955343
2.33872053 2.83109812 4.44197137 2.39117981 0.11058933
2.34026514 2.82904896 4.44304976 2.38952808 0.11164088
2.34182154 2.82698382 4.44413601 2.38786447 0.11270838
2.34338988 2.82490251 4.44523020 2.38618886 0.11379213
2.34497029 2.82280484 4.44633242 2.38450112 0.11489244
2.34656291 2.82069061 4.44744276 2.38280112 0.11600963
2.34816790 2.81855963 4.44856131 2.38108874 0.11714401
2.34978537 2.81641169 4.44968814 2.37936385 0.11829592
2.35141550 2.81424660 4.45082336 2.37762631 0.11946570
2.35305841 2.81206415 4.45196705 2.37587600 0.12065369
2.35471427 2.80986413 4.45311930 2.37411277 0.12186023
2.35638321 2.80764633 4.45428020 2.37233649 0.12308570
2.35806541 2.80541053 4.45544985 2.37054703 0.12433045
2.35976100 2.80315651 4.45662835 2.36874424 0.12559487
2.36147015 2.80088407 4.45781578 2.36692798 0.12687933
2.36319301 2.79859296 4.45901225 2.36509812 0.12818422
2.36492976 2.79628297 4.46021786 2.36325451 0.12950995
2.36668055 2.79395387 4.46143269 2.36139701 0.13085693
2.36844554 2.79160543 4.46265686 2.35952547 0.13222557
2.37022491 2.78923740 4.46389045 2.35763973 0.13361629
2.37201883 2.78684955 4.46513359 2.35573967 0.13502954
2.37382746 2.78444164 4.46638635 2.35382511 0.13646575
2.37565099 2.78201342 4.46764886 2.35189592 0.13792538
2.37748958 2.77956464 4.46892122 2.34995194 0.13940890
2.37934342 2.77709506 4.47020352 2.34799302 0.14091678
2.38121269 2.77460441 4.47149589 2.34601900 0.14244950
2.38309756 2.77209243 4.47279842 2.34402973 0.14400755
2.38499823 2.76955888 4.47411122 2.34202504 0.14559145
2.38691488 2.76700347 4.47543441 2.34000478 0.14720170
2.38884770 2.76442594 4.47676810 2.33796880 0.14883883
2.39079688 2.76182602 4.47811239 2.33591692 0.15050337
2.39276262 2.75920344 4.47946741 2.33384898 0.15219588
2.39474511 2.75655791 4.48083325 2.33176484 0.15391691
2.39674455 2.75388916 4.48221005 2.32966431 0.15566704
2.39876114 2.75119690 4.48359790 2.32754723 0.15744684
2.40079507 2.74848083 4.48499694 2.32541345 0.15925690
2.40284656 2.74574067 4.48640727 2.32326279 0.16109784
2.40491581 2.74297613 4.48782901 2.32109509 0.16297027
2.40700303 2.74018690 4.48926228 2.31891017 0.16487482
2.40910842 2.73737269 4.49070720 2.31670788 0.16681214
2.41123221 2.73453318 4.49216388 2.31448804 0.16878287
2.41337460 2.73166807 4.49363245 2.31225048 0.17078768
2.41553581 2.72877705 4.49511303 2.30999503 0.17282725
2.41771605 2.72585980 4.49660574 2.30772153 0.17490228
2.41991555 2.72291601 4.49811070 2.30542981 0.17701347
2.42213452 2.71994536 4.49962802 2.30311968 0.17916154
2.42437320 2.71694752 4.50115783 2.30079100 0.18134722
2.42663179 2.71392217 4.50270026 2.29844358 0.18357125
2.42891054 2.71086897 4.50425542 2.29607726 0.18583439
2.43120965 2.70778761 4.50582343 2.29369187 0.18813741
2.43352938 2.70467773 4.50740442 2.29128725 0.19048109
2.43586993 2.70153901 4.50899851 2.28886322 0.19286624
2.43823154 2.69837111 4.51060581 2.28641963 0.19529365
2.44061445 2.69517368 4.51222645 2.28395630 0.19776415
2.44301888 2.69194639 4.51386055 2.28147308 0.20027857
2.44544506 2.68868888 4.51550823 2.27896981 0.20283777
2.44789324 2.68540082 4.51716960 2.27644632 0.20544259
2.45036364 2.68208185 4.51884478 2.27390247 0.20809392
2.45285650 2.67873162 4.52053388 2.27133809 0.21079262
2.45537206 2.67534978 4.52223703 2.26875303 0.21353961
2.45791053 2.67193599 4.52395434 2.26614715 0.21633579
2.46047217 2.66848988 4.52568591 2.26352030 0.21918206
2.46305720 2.66501110 4.52743186 2.26087234 0.22207936
2.46566585 2.66149931 4.52919230 2.25820313 0.22502863
2.46829836 2.65795415 4.53096733 2.25551253 0.22803081
2.47095495 2.65437526 4.53275706 2.25280041 0.23108685
2.47363585 2.65076230 4.53456158 2.25006666 0.23419773
2.47634129 2.64711491 4.53638099 2.24731115 0.23736440
2.47907150 2.64343274 4.53821540 2.24453376 0.24058785
2.48182670 2.63971545 4.54006489 2.24173439 0.24386906
2.48460710 2.63596268 4.54192955 2.23891293 0.24720901
2.48741292 2.63217411 4.54380947 2.23606929 0.25060870
2.49024437 2.62834938 4.54570473 2.23320338 0.25406912
2.49310168 2.62448815 4.54761539 2.23031511 0.25759127
2.49598503 2.62059011 4.54954155 2.22740442 0.26117613
2.49889463 2.61665491 4.55148325 2.22447125 0.26482471
2.50183067 2.61268224 4.55344057 2.22151552 0.26853799
2.50479336 2.60867178 4.55541356 2.21853721 0.27231696
2.50778286 2.60462322 4.55740226 2.21553628 0.27616261
2.51079936 2.60053625 4.55940673 2.21251269 0.28007589
2.51384303 2.59641057 4.56142700 2.20946644 0.28405778
2.51691402 2.59224590 4.56346310 2.20639752 0.28810922
2.52001251 2.58804197 4.56551505 2.20330595 0.29223116
2.52313863 2.58379849 4.56758287 2.20019175 0.29642450
2.52629253 2.57951521 4.56966656 2.19705497 0.30069016
2.52947432 2.57519187 4.57176612 2.19389564 0.30502900
2.53268413 2.57082826 4.57388153 2.19071384 0.30944190
2.53592206 2.56642413 4.57601279 2.18750966 0.31392966
2.53918822 2.56197929 4.57815985 2.18428319 0.31849311
2.54248267 2.55749353 4.58032267 2.18103455 0.32313299
2.54580550 2.55296668 4.58250120 2.17776388 0.32785004
2.54915675 2.54839857 4.58469538 2.17447133 0.33264495
2.55253647 2.54378906 4.58690512 2.17115708 0.33751837
2.55594468 2.53913803 4.58913035 2.16782133 0.34247090
2.55938140 2.53444536 4.59137095 2.16446427 0.34750308
2.56284661 2.52971097 4.59362681 2.16108617 0.35261543
2.56634029 2.52493480 4.59589780 2.15768727 0.35780836
2.56986240 2.52011681 4.59818378 2.15426785 0.36308226
2.57341287 2.51525698 4.60048459 2.15082823 0.36843745
2.57699163 2.51035531 4.60280005 2.14736874 0.37387415
2.58059856 2.50541185 4.60512997 2.14388973 0.37939254
2.58423354 2.50042666 4.60747414 2.14039160 0.38499270
2.58789643 2.49539982 4.60983234 2.13687474 0.39067463
2.59158705 2.49033146 4.61220432 2.13333961 0.39643824
2.59530520 2.48522174 4.61458983 2.12978666 0.40228337
2.59905067 2.48007083 4.61698859 2.12621640 0.40820972
2.60282320 2.47487896 4.61940029 2.12262934 0.41421693
2.60662253 2.46964637 4.62182463 2.11902605 0.42030451
2.61044835 2.46437337 4.62426126 2.11540711 0.42647188
2.61430033 2.45906027 4.62670983 2.11177313 0.43271832
2.61817812 2.45370744 4.62916997 2.10812477 0.43904300
2.62208132 2.44831528 4.63164126 2.10446271 0.44544500
2.62600952 2.44288424 4.63412331 2.10078765 0.45192322
2.62996227 2.43741480 4.63661566 2.09710035 0.45847648
2.63393908 2.43190748 4.63911786 2.09340157 0.46510343
2.63793946 2.42636286 4.64162942 2.08969213 0.47180261
2.64196284 2.42078155 4.64414984 2.08597286 0.47857242
2.64600866 2.41516421 4.64667861 2.08224464 0.48541110
2.65007631 2.40951153 4.64921517 2.07850838 0.49231677
2.65416513 2.40382427 4.65175895 2.07476501 0.49928739
2.65827447 2.39810322 4.65430937 2.07101550 0.50632080
2.66240360 2.39234921 4.65686582 2.06726084 0.51341466
2.66655178 2.38656314 4.65942768 2.06350207 0.52056652
2.67071823 2.38074594 4.66199429 2.05974024 0.52777377
2.67490216 2.37489859 4.66456498 2.05597644 0.53503365
2.67910270 2.36902211 4.66713907 2.05221177 0.54234327
2.68331900 2.36311757 4.66971586 2.04844738 0.54969960
2.68755014 2.35718609 4.67229461 2.04468443 0.55709947
2.69179519 2.35122884 4.67487459 2.04092412 0.56453959
2.69605317 2.34524702 4.67745504 2.03716763 0.57201652
2.70032309 2.33924189 4.68003520 2.03341622 0.57952672
2.70460393 2.33321474 4.68261427 2.02967112 0.58706652
2.70889462 2.32716690 4.68519145 2.02593360 0.59463214
2.71319409 2.32109975 4.68776594 2.02220495 0.60221971
2.71750124 2.31501471 4.69033691 2.01848645 0.60982524
2.72181492 2.30891323 4.69290354 2.01477941 0.61744468
2.72613400 2.30279679 4.69546497 2.01108515 0.62507387
2.73045729 2.29666693 4.69802038 2.00740498 0.63270862
2.73478360 2.29052519 4.70056889 2.00374023 0.64034463
2.73911174 2.28437315 4.70310966 2.00009223 0.64797760
2.74344046 2.27821244 4.70564184 1.99646229 0.65560316
2.74776853 2.27204469 4.70816455 1.99285174 0.66321692
2.75209471 2.26587155 4.71067695 1.98926190 0.67081447
2.75641772 2.25969470 4.71317817 1.98569407 0.67839141
2.76073632 2.25351585 4.71566737 1.98214956 0.68594332
2.76504921 2.24733670 4.71814370 1.97862963 0.69346583
2.76935514 2.24115898 4.72060631 1.97513556 0.70095458
2.77365282 2.23498442 4.72305439 1.97166860 0.70840524
2.77794098 2.22881475 4.72548711 1.96822997 0.71581357
2.78221835 2.22265172 4.72790366 1.96482087 0.72317537
2.78648366 2.21649707 4.73030325 1.96144248 0.73048651
2.79073566 2.21035254 4.73268510 1.95809595 0.73774298
2.79497310 2.20421986 4.73504845 1.95478239 0.74494083
2.79919476 2.19810075 4.73739256 1.95150289 0.75207624
2.80339941 2.19199693 4.73971670 1.94825849 0.75914550
2.80758585 2.18591008 4.74202017 1.94505022 0.76614503
2.81175290 2.17984190 4.74430229 1.94187903 0.77307139
2.81589940 2.17379403 4.74656239 1.93874587 0.77992127
2.82002421 2.16776812 4.74879986 1.93565162 0.78669152
2.82412621 2.16176578 4.75101407 1.93259713 0.79337914
2.82820433 2.15578858 4.75320445 1.92958321 0.79998129
2.83225750 2.14983808 4.75537044 1.92661061 0.80649530
2.83628469 2.14391579 4.75751151 1.92368004 0.81291868
2.84028491 2.13802321 4.75962717 1.92079217 0.81924909
2.84425718 2.13216177 4.76171695 1.91794761 0.82548439
2.84820058 2.12633289 4.76378040 1.91514692 0.83162260
2.85211420 2.12053793 4.76581711 1.91239062 0.83766193
2.85599719 2.11477822 4.76782671 1.90967919 0.84360077
2.85984871 2.10905504 4.76980884 1.90701303 0.84943767
2.86366797 2.10336963 4.77176318 1.90439252 0.85517138
2.86745423 2.09772317 4.77368944 1.90181799 0.86080082
2.87120677 2.09211682 4.77558736 1.89928970 0.86632506
2.87492491 2.08655166 4.77745672 1.89680788 0.87174338
2.87860801 2.08102876 4.77929730 1.89437271 0.87705519
2.88225547 2.07554910 4.78110894 1.89198431 0.88226008
2.88586674 2.07011363 4.78289150 1.88964279 0.88735779
2.88944129 2.06472327 4.78464486 1.88734817 0.89234821
2.89297864 2.05937885 4.78636894 1.88510045 0.89723140
2.89647835 2.05408118 4.78806367 1.88289960 0.90200753
2.89993999 2.04883101 4.78972903 1.88074553 0.90667692
2.90336322 2.04362905 4.79136500 1.87863810 0.91124002
2.90674768 2.03847594 4.79297160 1.87657717 0.91569740
2.91009309 2.03337229 4.79454889 1.87456253 0.92004976
2.91339918 2.02831867 4.79609692 1.87259393 0.92429788
2.91666573 2.02331557 4.79761577 1.87067113 0.92844267
2.91989253 2.01836347 4.79910558 1.86879380 0.93248512
2.92307944 2.01346278 4.80056645 1.86696162 0.93642634
2.92622633 2.00861388 4.80199855 1.86517423 0.94026748
2.92933309 2.00381710 4.80340205 1.86343124 0.94400980
2.93239967 1.99907272 4.80477712 1.86173222 0.94765462
2.93542603 1.99438099 4.80612399 1.86007674 0.95120332
2.93841215 1.98974211 4.80744287 1.85846434 0.95465734
2.94135806 1.98515626 4.80873400 1.85689452 0.95801819
2.94426381 1.98062356 4.80999763 1.85536678 0.96128740
2.94712946 1.97614410 4.81123402 1.85388061 0.96446656
2.94995512 1.97171794 4.81244346 1.85243544 0.96755728
2.95274090 1.96734509 4.81362623 1.85103073 0.97056122
2.95548694 1.96302556 4.81478263 1.84966591 0.97348005
2.95819342 1.95875928 4.81591298 1.84834039 0.97631548
2.96086050 1.95454619 4.81701759 1.84705357 0.97906920
2.96348839 1.95038618 4.81809680 1.84580485 0.98174295
2.96607731 1.94627913 4.81915093 1.84459361 0.98433847
2.96862751 1.94222487 4.82018033 1.84341923 0.98685748
2.97113923 1.93822321 4.82118535 1.84228108 0.98930174
2.97361274 1.93427396 4.82216635 1.84117852 0.99167297
2.97604833 1.93037687 4.82312368 1.84011092 0.99397292
2.97844630 1.92653169 4.82405771 1.83907762 0.99620331
2.98080694 1.92273815 4.82496879 1.83807798 0.99836584
2.98313059 1.91899595 4.82585732 1.83711136 1.00046222
2.98541758 1.91530479 4.82672364 1.83617710 1.00249414
2.98766824 1.91166432 4.82756815 1.83527456 1.00446327
2.98988293 1.90807420 4.82839121 1.83440308 1.00637124
2.99206201 1.90453408 4.82919319 1.83356203 1.00821970
2.99420584 1.90104356 4.82997448 1.83275076 1.01001024
2.99631480 1.89760227 4.83073546 1.83196863 1.01174445
2.99838927 1.89420979 4.83147649 1.83121499 1.01342388
3.00042964 1.89086572 4.83219795 1.83048922 1.01505007
3.00243629 1.88756963 4.83290021 1.82979069 1.01662451
3.00440962 1.88432108 4.83358365 1.82911878 1.01814869
3.00635004 1.88111964 4.83424863 1.82847286 1.01962404
3.00825794 1.87796484 4.83489552 1.82785233 1.02105200
3.01013374 1.87485623 4.83552469 1.82725657 1.02243395
3.01197783 1.87179334 4.83613649 1.82668500 1.02377124
3.01379062 1.86877570 4.83673129 1.82613702 1.02506522
3.01557254 1.86580283 4.83730944 1.82561205 1.02631717
3.01732399 1.86287425 4.83787129 1.82510950 1.02752838
3.01904538 1.85998946 4.83841719 1.82462882 1.02870007
3.02073713 1.85714799 4.83894749 1.82416944 1.02983346
3.02239964 1.85434934 4.83946252 1.82373081 1.03092973
3.02403334 1.85159301 4.83996261 1.82331239 1.03199002
3.02563863 1.84887850 4.84044811 1.82291364 1.03301547
3.02721592 1.84620531 4.84091934 1.82253403 1.03400715
3.02876562 1.84357295 4.84137662 1.82217306 1.03496614
3.03028814 1.84098091 4.84182026 1.82183020 1.03589346
3.03178388 1.83842869 4.84225059 1.82150496 1.03679012
3.03325324 1.83591578 4.84266791 1.82119686 1.03765709
3.03469663 1.83344170 4.84307252 1.82090540 1.03849534
3.03611445 1.83100593 4.84346472 1.82063013 1.03930577
3.03750708 1.82860798 4.84384481 1.82037056 1.04008929
3.03887492 1.82624736 4.84421308 1.82012626 1.04084677
3.04021836 1.82392356 4.84456981 1.81989678 1.04157905
3.04153778 1.82163609 4.84491527 1.81968167 1.04228696
3.04283356 1.81938447 4.84524975 1.81948052 1.04297128
3.04410609 1.81716820 4.84557351 1.81929291 1.04363279
3.04535574 1.81498680 4.84588682 1.81911842 1.04427224
3.04658288 1.81283978 4.84618994 1.81895666 1.04489035
3.04778788 1.81072667 4.84648311 1.81880723 1.04548783
3.04897110 1.80864699 4.84676660 1.81866976 1.04606536
3.05013289 1.80660026 4.84704064 1.81854387 1.04662360
3.05127362 1.80458602 4.84730548 1.81842918 1.04716319
3.05239364 1.80260380 4.84756135 1.81832536 1.04768474
3.05349329 1.80065314 4.84780848 1.81823204 1.04818887
3.05457292 1.79873358 4.84804710 1.81814888 1.04867614
3.05563285 1.79684467 4.84827743 1.81807556 1.04914712
3.05667344 1.79498597 4.84849968 1.81801175 1.04960236
3.05769501 1.79315701 4.84871406 1.81795713 1.05004238
3.05869787 1.79135738 4.84892080 1.81791139 1.05046769
3.05968237 1.78958662 4.84912008 1.81787423 1.05087879
3.06064880 1.78784431 4.84931210 1.81784536 1.05127614
3.06159748 1.78613002 4.84949707 1.81782448 1.05166022
3.06252873 1.78444333 4.84967516 1.81781132 1.05203147
3.06344284 1.78278382 4.84984657 1.81780562 1.05239033
3.06434012 1.78115108 4.85001148 1.81780709 1.05273719
3.06522086 1.77954470 4.85017007 1.81781548 1.05307249
3.06608534 1.77796428 4.85032251 1.81783055 1.05339659
3.06693386 1.77640942 4.85046896 1.81785204 1.05370988
3.06776670 1.77487973 4.85060960 1.81787971 1.05401272
3.06858414 1.77337482 4.85074459 1.81791334 1.05430548
3.06938644 1.77189430 4.85087408 1.81795270 1.05458847
3.07017389 1.77043779 4.85099823 1.81799756 1.05486205
3.07094673 1.76900493 4.85111719 1.81804771 1.05512651
3.07170524 1.76759534 4.85123111 1.81810295 1.05538218
3.07244967 1.76620866 4.85134013 1.81816307 1.05562935
3.07318028 1.76484453 4.85144439 1.81822787 1.05586830
3.07389731 1.76350259 4.85154404 1.81829716 1.05609932
3.07460101 1.76218249 4.85163919 1.81837076 1.05632266
3.07529161 1.76088390 4.85172999 1.81844848 1.05653860
3.07596936 1.75960646 4.85181656 1.81853015 1.05674738
3.07663449 1.75834985 4.85189903 1.81861559 1.05694923
3.07728722 1.75711372 4.85197751 1.81870465 1.05714441
3.07792779 1.75589776 4.85205212 1.81879715 1.05733312
3.07855641 1.75470165 4.85212299 1.81889295 1.05751559
3.07917330 1.75352506 4.85219022 1.81899188 1.05769203
3.07977867 1.75236769 4.85225392 1.81909381 1.05786264
3.08037275 1.75122922 4.85231420 1.81919859 1.05802762
3.08095572 1.75010935 4.85237116 1.81930608 1.05818716
3.08152780 1.74900778 4.85242490 1.81941614 1.05834144
3.08208919 1.74792422 4.85247553 1.81952864 1.05849064
3.08264008 1.74685838 4.85252314 1.81964347 1.05863493
3.08318067 1.74580997 4.85256783 1.81976048 1.05877447
3.08371114 1.74477871 4.85260968 1.81987957 1.05890943
3.08423168 1.74376432 4.85264878 1.82000062 1.05903995
3.08474248 1.74276653 4.85268523 1.82012352 1.05916619
3.08524371 1.74178506 4.85271910 1.82024815 1.05928829
3.08573556 1.74081966 4.85275048 1.82037441 1.05940639
3.08621819 1.73987007 4.85277945 1.82050221 1.05952063
3.08669178 1.73893601 4.85280609 1.82063143 1.05963112
3.08715649 1.73801725 4.85283047 1.82076199 1.05973801
3.08761248 1.73711353 4.85285267 1.82089380 1.05984140
3.08805993 1.73622460 4.85287275 1.82102676 1.05994142
3.08849899 1.73535023 4.85289080 1.82116078 1.06003818
3.08892981 1.73449018 4.85290688 1.82129579 1.06013178
3.08935255 1.73364421 4.85292105 1.82143170 1.06022234
3.08976736 1.73281209 4.85293338 1.82156843 1.06030995
3.09017439 1.73199359 4.85294394 1.82170591 1.06039471
3.09057377 1.73118850 4.85295277 1.82184407 1.06047672
3.09096567 1.73039659 4.85295996 1.82198283 1.06055606
3.09135020 1.72961764 4.85296554 1.82212212 1.06063284
3.09172752 1.72885145 4.85296958 1.82226189 1.06070712
3.09209775 1.72809779 4.85297214 1.82240206 1.06077900
3.09246103 1.72735648 4.85297326 1.82254257 1.06084856
3.09281749 1.72662730 4.85297300 1.82268337 1.06091586
3.09316725 1.72591005 4.85297141 1.82282439 1.06098100
3.09351045 1.72520454 4.85296854 1.82296559 1.06104403
3.09384719 1.72451057 4.85296443 1.82310691 1.06110503
3.09417762 1.72382795 4.85295914 1.82324829 1.06116406
3.09450184 1.72315651 4.85295270 1.82338969 1.06122119
3.09481997 1.72249604 4.85294517 1.82353106 1.06127648
3.09513212 1.72184638 4.85293658 1.82367236 1.06133000
3.09543841 1.72120734 4.85292697 1.82381353 1.06138180
3.09573894 1.72057874 4.85291639 1.82395455 1.06143194
3.09603383 1.71996042 4.85290488 1.82409536 1.06148046
3.09632318 1.71935221 4.85289246 1.82423592 1.06152744
3.09660710 1.71875393 4.85287919 1.82437621 1.06157291
3.09688568 1.71816543 4.85286509 1.82451618 1.06161692
3.09715903 1.71758655 4.85285020 1.82465581 1.06165953
3.09742724 1.71701711 4.85283455 1.82479504 1.06170078
3.09769041 1.71645698 4.85281818 1.82493386 1.06174071
3.09794865 1.71590598 4.85280112 1.82507224 1.06177937
3.09820203 1.71536398 4.85278340 1.82521013 1.06181680
3.09845065 1.71483083 4.85276505 1.82534753 1.06185303
3.09869460 1.71430637 4.85274609 1.82548439 1.06188812
3.09893397 1.71379046 4.85272656 1.82562069 1.06192208
3.09916885 1.71328297 4.85270648 1.82575641 1.06195497
3.09939931 1.71278375 4.85268589 1.82589153 1.06198682
3.09962545 1.71229267 4.85266480 1.82602602 1.06201765
3.09984734 1.71180959 4.85264324 1.82615986 1.06204751
3.10006506 1.71133437 4.85262123 1.82629303 1.06207642
3.10027870 1.71086690 4.85259881 1.82642551 1.06210442
3.10048832 1.71040704 4.85257598 1.82655728 1.06213153
3.10069402 1.70995466 4.85255278 1.82668833 1.06215779
3.10089585 1.70950965 4.85252922 1.82681864 1.06218321
3.10109389 1.70907187 4.85250533 1.82694819 1.06220784
3.10128821 1.70864122 4.85248112 1.82707697 1.06223169
3.10147889 1.70821756 4.85245662 1.82720496 1.06225479
3.10166599 1.70780080 4.85243184 1.82733215 1.06227716
3.10184958 1.70739080 4.85240680 1.82745853 1.06229882
3.10202973 1.70698747 4.85238152 1.82758409 1.06231981
3.10220650 1.70659068 4.85235602 1.82770881 1.06234014
3.10237995 1.70620034 4.85233031 1.82783268 1.06235983
3.10255015 1.70581633 4.85230440 1.82795570 1.06237890
3.10271716 1.70543855 4.85227833 1.82807786 1.06239737
3.10288103 1.70506691 4.85225209 1.82819914 1.06241527
3.10304184 1.70470128 4.85222570 1.82831954 1.06243260
3.10319963 1.70434159 4.85219918 1.82843906 1.06244939
3.10335446 1.70398772 4.85217255 1.82855768 1.06246566
3.10350639 1.70363959 4.85214580 1.82867539 1.06248142
3.10365548 1.70329709 4.85211897 1.82879220 1.06249669
3.10380177 1.70296014 4.85209205 1.82890810 1.06251148
3.10394532 1.70262864 4.85206506 1.82902309 1.06252582
3.10408618 1.70230251 4.85203801 1.82913715 1.06253970
3.10422440 1.70198165 4.85201092 1.82925029 1.06255315
3.10436004 1.70166598 4.85198379 1.82936250 1.06256619
3.10449313 1.70135541 4.85195663 1.82947378 1.06257882
3.10462374 1.70104985 4.85192946 1.82958413 1.06259105
3.10475190 1.70074924 4.85190228 1.82969354 1.06260291
3.10487766 1.70045347 4.85187510 1.82980202 1.06261440
3.10500107 1.70016249 4.85184793 1.82990956 1.06262553
3.10512217 1.69987619 4.85182078 1.83001616 1.06263632
3.10524100 1.69959452 4.85179365 1.83012182 1.06264678
3.10535761 1.69931738 4.85176656 1.83022655 1.06265691
3.10547204 1.69904472 4.85173952 1.83033033 1.06266672
3.10558433 1.69877644 4.85171252 1.83043318 1.06267624
3.10569453 1.69851249 4.85168558 1.83053508 1.06268546
3.10580266 1.69825279 4.85165870 1.83063605 1.06269439
3.10590877 1.69799727 4.85163190 1.83073609 1.06270305
3.10601290 1.69774586 4.85160517 1.83083519 1.06271145
3.10611508 1.69749849 4.85157852 1.83093336 1.06271958
3.10621536 1.69725510 4.85155195 1.83103059 1.06272746
3.10631376 1.69701562 4.85152549 1.83112690 1.06273510
3.10641033 1.69677999 4.85149912 1.83122229 1.06274251
3.10650509 1.69654815 4.85147285 1.83131675 1.06274969
3.10659809 1.69632003 4.85144669 1.83141029 1.06275665
3.10668935 1.69609556 4.85142064 1.83150291 1.06276339
3.10677890 1.69587470 4.85139471 1.83159462 1.06276993
3.10686679 1.69565739 4.85136890 1.83168542 1.06277627
3.10695303 1.69544355 4.85134322 1.83177532 1.06278241
3.10703767 1.69523315 4.85131766 1.83186431 1.06278836
3.10712073 1.69502611 4.85129224 1.83195240 1.06279414
3.10720224 1.69482239 4.85126695 1.83203960 1.06279973
3.10728224 1.69462193 4.85124180 1.83212591 1.06280515
3.10736074 1.69442468 4.85121679 1.83221133 1.06281041
3.10743778 1.69423058 4.85119193 1.83229587 1.06281551
3.10751338 1.69403959 4.85116721 1.83237953 1.06282045
3.10758758 1.69385165 4.85114265 1.83246232 1.06282524
3.10766040 1.69366672 4.85111824 1.83254425 1.06282989
3.10773186 1.69348473 4.85109398 1.83262531 1.06283439
3.10780199 1.69330566 4.85106988 1.83270552 1.06283876
3.10787081 1.69312944 4.85104594 1.83278487 1.06284299
3.10793836 1.69295604 4.85102217 1.83286338 1.06284710
3.10800465 1.69278539 4.85099855 1.83294104 1.06285108
3.10806970 1.69261747 4.85097510 1.83301788 1.06285494
3.10813355 1.69245223 4.85095182 1.83309388 1.06285868
3.10819621 1.69228962 4.85092870 1.83316905 1.06286230
3.10825770 1.69212960 4.85090576 1.83324341 1.06286582
3.10831806 1.69197213 4.85088298 1.83331695 1.06286923
3.10837729 1.69181716 4.85086038 1.83338969 1.06287254
3.10843542 1.69166466 4.85083795 1.83346163 1.06287575
3.10849247 1.69151458 4.85081569 1.83353277 1.06287885
3.10854847 1.69136689 4.85079361 1.83360312 1.06288187
3.10860342 1.69122154 4.85077170 1.83367268 1.06288479
3.10865735 1.69107850 4.85074997 1.83374147 1.06288763
3.10871029 1.69093774 4.85072841 1.83380949 1.06289038
3.10876224 1.69079921 4.85070704 1.83387674 1.06289305
3.10881323 1.69066288 4.85068584 1.83394323 1.06289563
3.10886327 1.69052870 4.85066482 1.83400897 1.06289814
3.10891239 1.69039666 4.85064397 1.83407396 1.06290057
3.10896059 1.69026671 4.85062331 1.83413821 1.06290293
3.10900790 1.69013882 4.85060283 1.83420172 1.06290522
3.10905434 1.69001295 4.85058252 1.83426451 1.06290744
3.10909992 1.68988908 4.85056239 1.83432657 1.06290959
3.10914465 1.68976716 4.85054244 1.83438792 1.06291167
3.10918855 1.68964718 4.85052267 1.83444855 1.06291370
3.10923164 1.68952909 4.85050308 1.83450849 1.06291566
3.10927394 1.68941287 4.85048367 1.83456772 1.06291756
3.10931545 1.68929849 4.85046444 1.83462626 1.06291941
3.10935620 1.68918591 4.85044538 1.83468412 1.06292120
3.10939619 1.68907511 4.85042651 1.83474130 1.06292294
3.10943544 1.68896606 4.85040781 1.83479781 1.06292462
3.10947397 1.68885873 4.85038928 1.83485365 1.06292626
3.10951178 1.68875309 4.85037094 1.83490883 1.06292784
3.10954890 1.68864912 4.85035277 1.83496336 1.06292938
3.10958533 1.68854678 4.85033477 1.83501723 1.06293087
3.10962109 1.68844606 4.85031695 1.83507047 1.06293232
3.10965619 1.68834693 4.85029931 1.83512307 1.06293372
3.10969064 1.68824935 4.85028184 1.83517504 1.06293508
3.10972445 1.68815331 4.85026454 1.83522639 1.06293640
3.10975764 1.68805879 4.85024741 1.83527712 1.06293768
3.10979022 1.68796574 4.85023046 1.83532724 1.06293892
3.10982220 1.68787417 4.85021367 1.83537675 1.06294013
3.10985359 1.68778403 4.85019706 1.83542567 1.06294130
3.10988440 1.68769530 4.85018061 1.83547399 1.06294243
3.10991465 1.68760797 4.85016434 1.83552172 1.06294353
3.10994433 1.68752201 4.85014823 1.83556887 1.06294460
3.10997347 1.68743740 4.85013228 1.83561545 1.06294563
3.11000208 1.68735412 4.85011651 1.83566146 1.06294664
3.11003015 1.68727214 4.85010089 1.83570690 1.06294761
3.11005772 1.68719145 4.85008545 1.83575179 1.06294856
3.11008477 1.68711202 4.85007016 1.83579612 1.06294948
3.11011133 1.68703384 4.85005504 1.83583991 1.06295037
3.11013739 1.68695688 4.85004007 1.83588316 1.06295123
3.11016298 1.68688113 4.85002527 1.83592587 1.06295207
3.11018810 1.68680656 4.85001063 1.83596806 1.06295288
3.11021276 1.68673315 4.84999614 1.83600972 1.06295367
3.11023696 1.68666090 4.84998181 1.83605086 1.06295443
3.11026072 1.68658977 4.84996764 1.83609149 1.06295517
3.11028405 1.68651976 4.84995361 1.83613161 1.06295589
3.11030694 1.68645084 4.84993975 1.83617123 1.06295659
3.11032942 1.68638299 4.84992603 1.83621036 1.06295727
3.11035148 1.68631621 4.84991247 1.83624900 1.06295793
3.11037314 1.68625046 4.84989906 1.83628715 1.06295856
3.11039441 1.68618575 4.84988579 1.83632482 1.06295918
3.11041528 1.68612204 4.84987268 1.83636201 1.06295978
3.11043577 1.68605932 4.84985971 1.83639874 1.06296037
3.11045588 1.68599758 4.84984688 1.83643500 1.06296093
3.11047563 1.68593681 4.84983420 1.83647080 1.06296148
3.11049502 1.68587698 4.84982167 1.83650615 1.06296201
3.11051405 1.68581808 4.84980927 1.83654106 1.06296253
3.11053273 1.68576009 4.84979702 1.83657551 1.06296303
3.11055107 1.68570301 4.84978490 1.83660953 1.06296352
3.11056907 1.68564682 4.84977293 1.83664312 1.06296399
3.11058675 1.68559150 4.84976109 1.83667628 1.06296444
3.11060410 1.68553704 4.84974939 1.83670901 1.06296489
3.11062114 1.68548343 4.84973782 1.83674132 1.06296532
3.11063786 1.68543065 4.84972639 1.83677322 1.06296574
3.11065428 1.68537869 4.84971509 1.83680471 1.06296614
3.11067040 1.68532753 4.84970392 1.83683580 1.06296654
3.11068623 1.68527717 4.84969288 1.83686649 1.06296692
3.11070176 1.68522759 4.84968197 1.83689678 1.06296729
3.11071701 1.68517878 4.84967118 1.83692668 1.06296765
3.11073199 1.68513072 4.84966053 1.83695619 1.06296800
3.11074669 1.68508341 4.84965000 1.83698532 1.06296834
3.11076112 1.68503683 4.84963959 1.83701408 1.06296867
3.11077529 1.68499097 4.84962931 1.83704246 1.06296899
3.11078921 1.68494583 4.84961915 1.83707048 1.06296930
3.11080287 1.68490138 4.84960911 1.83709813 1.06296960
3.11081628 1.68485762 4.84959919 1.83712542 1.06296989
3.11082944 1.68481453 4.84958939 1.83715235 1.06297017
3.11084237 1.68477212 4.84957971 1.83717894 1.06297045
3.11085506 1.68473035 4.84957014 1.83720517 1.06297071
3.11086752 1.68468924 4.84956069 1.83723107 1.06297097
3.11087976 1.68464875 4.84955135 1.83725663 1.06297122
3.11089177 1.68460890 4.84954213 1.83728185 1.06297147
3.11090356 1.68456965 4.84953301 1.83730674 1.06297170
3.11091514 1.68453102 4.84952401 1.83733130 1.06297193
3.11092651 1.68449298 4.84951512 1.83735554 1.06297215
3.11093767 1.68445552 4.84950633 1.83737947 1.06297237
3.11094863 1.68441865 4.84949766 1.83740308 1.06297258
3.11095939 1.68438234 4.84948908 1.83742637 1.06297278
3.11096996 1.68434659 4.84948062 1.83744936 1.06297298
3.11098033 1.68431139 4.84947226 1.83747205 1.06297317
3.11099052 1.68427673 4.84946400 1.83749444 1.06297336
3.11100052 1.68424261 4.84945584 1.83751653 1.06297354
3.11101034 1.68420901 4.84944778 1.83753833 1.06297371
3.11101998 1.68417593 4.84943983 1.83755984 1.06297388
3.11102945 1.68414336 4.84943197 1.83758106 1.06297405
3.11103875 1.68411129 4.84942421 1.83760200 1.06297421
3.11104787 1.68407971 4.84941654 1.83762267 1.06297437
3.11105684 1.68404862 4.84940897 1.83764306 1.06297452
3.11106564 1.68401800 4.84940150 1.83766318 1.06297466
3.11107428 1.68398785 4.84939412 1.83768303 1.06297480
3.11108277 1.68395817 4.84938683 1.83770261 1.06297494
3.11109110 1.68392894 4.84937963 1.83772194 1.06297508
3.11109928 1.68390016 4.84937253 1.83774101 1.06297521
3.11110731 1.68387183 4.84936551 1.83775982 1.06297533
3.11111520 1.68384392 4.84935858 1.83777838 1.06297546
3.11112295 1.68381645 4.84935174 1.83779669 1.06297557
3.11113055 1.68378939 4.84934498 1.83781476 1.06297569
3.11113802 1.68376275 4.84933831 1.83783258 1.06297580
3.11114536 1.68373652 4.84933173 1.83785017 1.06297591
3.11115256 1.68371069 4.84932523 1.83786751 1.06297602
3.11115963 1.68368525 4.84931881 1.83788463 1.06297612
3.11116658 1.68366021 4.84931247 1.83790152 1.06297622
3.11117340 1.68363555 4.84930622 1.83791817 1.06297631
3.11118009 1.68361126 4.84930004 1.83793461 1.06297641
3.11118667 1.68358735 4.84929394 1.83795082 1.06297650
3.11119313 1.68356380 4.84928792 1.83796682 1.06297659
3.11119947 1.68354061 4.84928198 1.83798259 1.06297667
3.11120570 1.68351777 4.84927612 1.83799816 1.06297675
3.11121181 1.68349529 4.84927033 1.83801351 1.06297684
3.11121782 1.68347315 4.84926461 1.83802866 1.06297691
3.11122372 1.68345134 4.84925897 1.83804360 1.06297699
3.11122951 1.68342987 4.84925340 1.83805834 1.06297706
3.11123520 1.68340873 4.84924790 1.83807288 1.06297713
3.11124078 1.68338791 4.84924248 1.83808722 1.06297720
3.11124627 1.68336740 4.84923712 1.83810137 1.06297727
3.11125165 1.68334721 4.84923183 1.83811533 1.06297734
3.11125695 1.68332733 4.84922661 1.83812909 1.06297740
3.11126214 1.68330775 4.84922146 1.83814267 1.06297746
3.11126724 1.68328846 4.84921638 1.83815607 1.06297752
3.11127225 1.68326947 4.84921136 1.83816928 1.06297758
3.11127718 1.68325078 4.84920641 1.83818231 1.06297764
3.11128201 1.68323236 4.84920153 1.83819516 1.06297769
3.11128675 1.68321423 4.84919670 1.83820784 1.06297774
3.11129142 1.68319637 4.84919194 1.83822035 1.06297780
3.11129599 1.68317878 4.84918725 1.83823268 1.06297785
3.11130049 1.68316146 4.84918261 1.83824485 1.06297790
3.11130491 1.68314440 4.84917803 1.83825685 1.06297794
3.11130924 1.68312761 4.84917352 1.83826868 1.06297799
3.11131350 1.68311106 4.84916906 1.83828036 1.06297803
3.11131768 1.68309477 4.84916467 1.83829187 1.06297808
3.11132179 1.68307873 4.84916033 1.83830323 1.06297812
3.11132583 1.68306293 4.84915604 1.83831443 1.06297816
3.11132979 1.68304737 4.84915182 1.83832547 1.06297820
3.11133368 1.68303205 4.84914765 1.83833637 1.06297824
3.11133751 1.68301695 4.84914354 1.83834712 1.06297827
3.11134126 1.68300209 4.84913948 1.83835771 1.06297831
3.11134495 1.68298746 4.84913547 1.83836816 1.06297834
3.11134857 1.68297304 4.84913152 1.83837847 1.06297838
3.11135213 1.68295884 4.84912762 1.83838864 1.06297841
3.11135562 1.68294486 4.84912377 1.83839867 1.06297844
3.11135905 1.68293109 4.84911997 1.83840855 1.06297847
3.11136242 1.68291753 4.84911622 1.83841831 1.06297850
3.11136573 1.68290418 4.84911253 1.83842792 1.06297853
3.11136899 1.68289102 4.84910888 1.83843741 1.06297856
3.11137218 1.68287807 4.84910528 1.83844676 1.06297859
3.11137532 1.68286531 4.84910173 1.83845599 1.06297862
3.11137840 1.68285274 4.84909822 1.83846508 1.06297864
3.11138142 1.68284037 4.84909477 1.83847406 1.06297867
3.11138440 1.68282818 4.84909136 1.83848290 1.06297869
3.11138732 1.68281618 4.84908799 1.83849163 1.06297872
3.11139018 1.68280436 4.84908467 1.83850023 1.06297874
3.11139300 1.68279271 4.84908140 1.83850872 1.06297876
3.11139577 1.68278124 4.84907817 1.83851708 1.06297878
3.11139849 1.68276995 4.84907498 1.83852534 1.06297881
3.11140116 1.68275883 4.84907184 1.83853347 1.06297883
3.11140378 1.68274787 4.84906873 1.83854150 1.06297885
3.11140636 1.68273708 4.84906567 1.83854941 1.06297887
3.11140889 1.68272645 4.84906265 1.83855721 1.06297888
3.11141137 1.68271598 4.84905967 1.83856491 1.06297890
3.11141381 1.68270568 4.84905674 1.83857249 1.06297892
3.11141621 1.68269552 4.84905384 1.83857998 1.06297894
3.11141857 1.68268552 4.84905098 1.83858735 1.06297895
3.11142088 1.68267567 4.84904816 1.83859463 1.06297897
3.11142316 1.68266597 4.84904538 1.83860180 1.06297899
3.11142539 1.68265641 4.84904263 1.83860888 1.06297900
3.11142758 1.68264700 4.84903992 1.83861585 1.06297902
3.11142974 1.68263773 4.84903725 1.83862273 1.06297903
3.11143185 1.68262860 4.84903462 1.83862951 1.06297904
3.11143393 1.68261961 4.84903202 1.83863620 1.06297906
3.11143598 1.68261076 4.84902946 1.83864279 1.06297907
3.11143798 1.68260203 4.84902693 1.83864930 1.06297908
3.11143995 1.68259344 4.84902443 1.83865571 1.06297910
3.11144189 1.68258498 4.84902197 1.83866203 1.06297911
3.11144379 1.68257664 4.84901955 1.83866826 1.06297912
3.11144566 1.68256843 4.84901715 1.83867441 1.06297913
3.11144750 1.68256034 4.84901479 1.83868047 1.06297914
3.11144930 1.68255238 4.84901246 1.83868644 1.06297915
3.11145107 1.68254453 4.84901017 1.83869234 1.06297916
3.11145281 1.68253681 4.84900790 1.83869815 1.06297917
