5.50713200 5.15709785 9.35327045 4.45386721 0.00004356	(0)
-1.75827124 1.22851671 3.16694281 -1.42344429 0.00000000	(1)
5.16179050 5.95637424 8.62647455 4.37280608 0.99939402	(2)
7.42945086 1.17232127 13.11792278 8.15804778 0.00000000	(3)
8.08530945 2.65836043 -3.81947692 5.68070142 0.00000000	(4)
5.04535045 4.35741628 2.04716569 3.24577225 0.99954971	(5)
-0.64830336 13.72008001 0.89974832 13.14379170 0.00000000	(6)
-1.74341521 8.50691439 8.45693763 8.53491790 0.00000000	(7)
9.17430228 9.62744751 10.33052834 2.40518169 0.00000000	(8)
3.14435471 7.05415943 3.00173130 7.40374543 0.99975053	(9)
3.95108525 7.88226344 1.33714179 -1.90983938 0.00000000	(10)
-2.09665629 1.13136179 2.98330441 5.78647055 0.00000000	(11)
6.19536000 4.85218085 1.42246238 2.95683978 0.00000000	(12)
0.79681121 4.36877074 8.17222560 4.07273688 0.99882410	(13)
1.92502239 -0.22376204 4.65954964 10.67260415 0.00000000	(14)
2.65195512 10.97299450 4.37164221 3.50794134 0.00000000	(15)
5.43414124 -3.72543400 3.36590535 8.35084043 0.00000000	(16)
2.22253056 3.66156342 -3.41569126 13.22704129 0.00000000	(17)
1.54493759 -1.01805806 0.85585047 8.25775276 0.00000000	(18)
4.93464743 10.05608012 3.84871259 6.02406324 0.00000006	(19)
10.91308995 1.23803422 10.59557663 3.99657572 0.00000000	(20)
2.02336742 -0.00631625 7.45632490 7.17200261 0.00000000	(21)
2.39055812 8.31224430 15.03287697 12.21083738 0.00000000	(22)
4.14173032 1.35910651 15.63371296 4.26373129 0.00000000	(23)
1.87395410 2.15296086 1.42391089 8.24862174 0.99710519	(24)
-0.58837881 3.91383695 1.35575002 4.96395226 0.00000001	(25)
6.69737247 1.36341660 1.15654336 2.61624655 0.00000024	(26)
-4.46253372 12.66052038 3.80132603 9.59197786 0.00000000	(27)
6.43653076 12.90667406 12.24536069 8.28531876 0.00000000	(28)
0.44844084 6.59617234 -0.67521755 10.03135022 0.00000049	(29)
7.29203683 9.80084711 11.57518842 14.51888756 0.00000000	(30)
-2.44854769 3.90171259 5.70552472 -1.50008359 0.00000000	(31)
6.55606653 12.51305041 8.49080424 -3.57119155 0.00000000	(32)
4.41481639 4.68907334 1.62266569 13.12001677 0.00000000	(33)
-4.10141301 6.18387998 10.50415875 1.97660942 0.00000000	(34)
0.97350845 14.40447919 3.10453688 8.63961371 0.00000000	(35)
-1.47675535 5.83347420 1.01875483 6.72447018 0.00000007	(36)
8.87535227 -0.47327937 11.01916676 6.05215875 0.00000000	(37)
4.89759069 2.51593245 7.22941496 6.36059713 0.99719615	(38)
11.02783012 5.44691883 4.36900263 -2.12766353 0.00000000	(39)
13.43787622 5.00925799 4.61923077 5.67861890 0.00000000	(40)
8.81873512 -2.40121968 14.50625983 8.33220948 0.00000000	(41)
1.55949798 6.85315764 7.46214009 9.70017527 0.99837709	(42)
5.84271051 2.27466420 7.50925927 2.64536523 0.99826790	(43)
8.55898328 12.46472970 14.32559897 3.83985992 0.00000000	(44)
0.12055895 10.12471447 2.39724479 7.63361082 0.00000000	(45)
1.67912193 1.06320739 1.67947358 0.31662163 0.00000044	(46)
9.98023592 14.16862652 5.63761523 7.67611962 0.00000000	(47)
3.83167056 2.79255694 5.87929011 -3.06263126 0.00000000	(48)
5.05700769 1.11827826 8.90789585 6.28654600 0.99770546	(49)
5.81278045 8.93236528 0.18390653 5.96650858 0.99730110	(50)
7.56051660 4.73227597 9.52355549 3.73101588 0.00000000	(51)
2.04221683 16.77297457 5.69093533 0.63839278 0.00000000	(52)
8.21378384 6.29755034 4.75043324 6.72534611 0.99713240	(53)
6.01298953 7.20824756 7.80264580 0.66878298 0.00000000	(54)
1.56498126 12.38371717 1.44937191 2.67493150 0.00000000	(55)
1.19467716 5.82845398 -4.53763224 10.74975026 0.00000000	(56)
-2.68710095 3.80018108 5.89295835 -0.95163156 0.00000000	(57)
9.21796784 2.59422731 4.04398989 13.07091361 0.00000000	(58)
5.91793754 8.28295765 1.19182776 3.81065154 0.99605019	(59)
14.06676038 -1.36060126 11.38031908 4.78256545 0.00000000	(60)
-2.32091335 15.30488750 0.61841867 7.22052867 0.00000000	(61)
6.58398368 -0.44987674 0.00336410 6.31956156 0.00000000	(62)
1.80679103 3.76362397 3.41987761 3.17943578 1.00634160	(63)
1.27734337 12.52794203 4.71053227 8.58753417 0.00000000	(64)
6.64674680 13.41114546 7.27896035 6.67820127 0.00000000	(65)
2.28218904 4.56273945 7.60629354 9.69439515 0.99578868	(66)
-2.35679229 6.86948871 1.81840242 12.97371156 0.00000000	(67)
4.85193311 8.49779634 6.69089136 6.25831431 0.99774103	(68)
3.51458181 -3.19160445 4.05221841 11.91703346 0.00000000	(69)
12.99148887 7.63810094 -1.39320766 6.83709698 0.00000000	(70)
2.47966847 5.28567077 7.57649600 6.37093607 0.99528107	(71)
4.10833382 0.94986905 9.70991944 7.59267722 0.00000000	(72)
6.22827943 6.55696217 3.26218773 7.66520769 0.00000000	(73)
5.66893594 12.11837482 6.52989086 -6.20620152 0.00000000	(74)
2.45488918 6.28468316 12.09095265 10.11345097 0.00000000	(75)
0.78430461 3.07392687 5.63099335 9.68251459 0.99937810	(76)
1.87810956 7.56688484 0.71791861 3.92262642 0.99748508	(77)
5.61731628 11.00093743 5.54060664 2.58723588 0.00000000	(78)
5.71127274 1.85764684 8.99816902 5.79615270 0.00000000	(79)
5.38505013 5.80746098 6.55076826 7.44410444 0.99856609	(80)
0.14427678 8.63778013 7.58546845 11.05138845 0.00000000	(81)
3.44537655 3.68103868 3.14864650 9.23998808 0.00002043	(82)
7.85791194 14.08128407 9.75481908 9.38277537 0.00000000	(83)
5.11988456 4.86622010 0.31454683 10.46545587 0.00000000	(84)
0.47926511 8.42486506 -3.40130284 1.67173583 0.00000000	(85)
3.42376538 3.79632370 9.57789202 6.19872965 0.99811421	(86)
-4.89840610 7.38336760 3.89942619 6.22683815 0.00000000	(87)
2.10011713 0.59721977 3.65779448 6.77456095 0.99826831	(88)
0.62975489 12.11199220 8.78297713 -1.76285626 0.00000000	(89)
0.53087606 -0.99331920 0.30699783 9.19931601 0.00000013	(90)
4.69471939 0.46806359 7.70020015 -4.07478356 0.00000000	(91)
8.13624685 16.95316830 -2.15783227 6.73307819 0.00000000	(92)
11.43933273 3.11228501 -1.09426137 8.65351033 0.00000000	(93)
5.11121838 1.60344475 1.68374522 3.33445499 0.99838563	(94)
11.18676376 4.73337201 -1.62542106 7.30642755 0.00000000	(95)
9.80253079 8.85744428 4.28402151 12.18221261 0.00000000	(96)
10.44559023 -0.88822427 6.24967430 15.05148846 0.00000000	(97)
0.81187264 1.29059924 9.57337132 5.86273980 0.99686743	(98)
5.52913343 -0.00291014 6.78829598 5.61545322 0.00000000	(99)
