0.32008349 0.03365144
0.32139473 0.03382376
0.32271185 0.03399763
0.32403490 0.03417307
0.32536395 0.03435011
0.32669903 0.03452876
0.32804019 0.03470904
0.32938749 0.03489098
0.33074098 0.03507459
0.33210071 0.03525991
0.33346673 0.03544694
0.33483909 0.03563572
0.33621785 0.03582626
0.33760307 0.03601860
0.33899479 0.03621274
0.34039308 0.03640873
0.34179799 0.03660657
0.34320958 0.03680630
0.34462791 0.03700795
0.34605302 0.03721153
0.34748500 0.03741708
0.34892388 0.03762463
0.35036974 0.03783418
0.35182264 0.03804579
0.35328264 0.03825947
0.35474980 0.03847526
0.35622418 0.03869318
0.35770586 0.03891326
0.35919489 0.03913553
0.36069135 0.03936003
0.36219530 0.03958678
0.36370680 0.03981582
0.36522593 0.04004719
0.36675276 0.04028090
0.36828737 0.04051700
0.36982981 0.04075552
0.37138016 0.04099650
0.37293850 0.04123997
0.37450491 0.04148597
0.37607945 0.04173454
0.37766221 0.04198570
0.37925326 0.04223951
0.38085268 0.04249600
0.38246056 0.04275522
0.38407696 0.04301719
0.38570199 0.04328197
0.38733571 0.04354959
0.38897821 0.04382010
0.39062958 0.04409354
0.39228991 0.04436996
0.39395928 0.04464940
0.39563779 0.04493191
0.39732552 0.04521754
0.39902256 0.04550633
0.40072901 0.04579834
0.40244497 0.04609361
0.40417052 0.04639220
0.40590577 0.04669416
0.40765082 0.04699954
0.40940575 0.04730840
0.41117069 0.04762079
0.41294573 0.04793677
0.41473097 0.04825640
0.41652651 0.04857973
0.41833248 0.04890683
0.42014898 0.04923776
0.42197611 0.04957259
0.42381399 0.04991136
0.42566273 0.05025417
0.42752246 0.05060105
0.42939329 0.05095210
0.43127533 0.05130738
0.43316871 0.05166695
0.43507356 0.05203090
0.43698999 0.05239929
0.43891813 0.05277220
0.44085812 0.05314972
0.44281009 0.05353192
0.44477416 0.05391888
0.44675048 0.05431068
0.44873917 0.05470742
0.45074039 0.05510917
0.45275427 0.05551603
0.45478095 0.05592809
0.45682059 0.05634543
0.45887333 0.05676816
0.46093932 0.05719638
0.46301871 0.05763018
0.46511167 0.05806966
0.46721835 0.05851493
0.46933892 0.05896610
0.47147353 0.05942327
0.47362235 0.05988656
0.47578556 0.06035608
0.47796332 0.06083195
0.48015582 0.06131429
0.48236323 0.06180321
0.48458572 0.06229886
0.48682350 0.06280135
0.48907674 0.06331082
0.49134563 0.06382741
0.49363038 0.06435125
0.49593117 0.06488248
0.49824821 0.06542125
0.50058171 0.06596772
0.50293187 0.06652202
0.50529891 0.06708433
0.50768304 0.06765480
0.51008448 0.06823359
0.51250346 0.06882089
0.51494020 0.06941685
0.51739494 0.07002166
0.51986791 0.07063550
0.52235936 0.07125856
0.52486952 0.07189103
0.52739866 0.07253311
0.52994702 0.07318501
0.53251487 0.07384693
0.53510247 0.07451908
0.53771008 0.07520169
0.54033799 0.07589498
0.54298648 0.07659919
0.54565582 0.07731455
0.54834632 0.07804131
0.55105826 0.07877972
0.55379195 0.07953004
0.55654771 0.08029253
0.55932583 0.08106748
0.56212666 0.08185516
0.56495050 0.08265587
0.56779770 0.08346989
0.57066860 0.08429755
0.57356354 0.08513914
0.57648289 0.08599501
0.57942700 0.08686549
0.58239624 0.08775091
0.58539099 0.08865163
0.58841164 0.08956803
0.59145857 0.09050048
0.59453220 0.09144936
0.59763293 0.09241507
0.60076118 0.09339803
0.60391738 0.09439867
0.60710197 0.09541741
0.61031539 0.09645472
0.61355810 0.09751106
0.61683057 0.09858691
0.62013328 0.09968276
0.62346671 0.10079913
0.62683136 0.10193655
0.63022774 0.10309556
0.63365637 0.10427673
0.63711779 0.10548064
0.64061254 0.10670788
0.64414118 0.10795908
0.64770428 0.10923489
0.65130243 0.11053595
0.65493621 0.11186297
0.65860625 0.11321665
0.66231317 0.11459772
0.66605761 0.11600694
0.66984022 0.11744510
0.67366168 0.11891300
0.67752268 0.12041149
0.68142392 0.12194144
0.68536612 0.12350374
0.68935003 0.12509934
0.69337639 0.12672919
0.69744599 0.12839430
0.70155962 0.13009571
0.70571810 0.13183449
0.70992226 0.13361176
0.71417296 0.13542867
0.71847109 0.13728643
0.72281753 0.13918627
0.72721322 0.14112950
0.73165910 0.14311745
0.73615615 0.14515151
0.74070536 0.14723312
0.74530777 0.14936380
0.74996441 0.15154510
0.75467637 0.15377863
0.75944476 0.15606609
0.76427072 0.15840923
0.76915541 0.16080986
0.77410002 0.16326989
0.77910580 0.16579127
0.78417401 0.16837607
0.78930595 0.17102642
0.79450294 0.17374454
0.79976637 0.17653274
0.80509765 0.17939343
0.81049821 0.18232912
0.81596956 0.18534244
0.82151321 0.18843610
0.82713075 0.19161296
0.83282379 0.19487597
0.83859400 0.19822822
0.84444308 0.20167294
0.85037280 0.20521350
0.85638496 0.20885341
0.86248142 0.21259634
0.86866409 0.21644610
0.87493494 0.22040671
0.88129601 0.22448233
0.88774935 0.22867732
0.89429713 0.23299625
0.90094154 0.23744388
0.90768484 0.24202517
0.91452937 0.24674534
0.92147752 0.25160983
0.92853177 0.25662432
0.93569463 0.26179477
0.94296873 0.26712739
0.95035674 0.27262870
0.95786142 0.27830550
0.96548560 0.28416491
0.97323219 0.29021439
0.98110419 0.29646173
0.98910468 0.30291509
0.99723680 0.30958300
1.00550380 0.31647438
1.01390901 0.32359858
1.02245584 0.33096536
1.03114780 0.33858492
1.03998848 0.34646796
1.04898155 0.35462562
1.05813078 0.36306958
1.06744003 0.37181203
1.07691324 0.38086567
1.08655443 0.39024381
1.09636772 0.39996029
1.10635731 0.41002958
1.11652747 0.42046672
1.12688253 0.43128740
1.13742693 0.44250793
1.14816514 0.45414526
1.15910171 0.46621700
1.17024122 0.47874141
1.18158830 0.49173739
1.19314763 0.50522448
1.20492386 0.51922289
1.21692170 0.53375339
1.22914581 0.54883738
1.24160083 0.56449677
1.25429135 0.58075401
1.26722190 0.59763198
1.28039689 0.61515392
1.29382061 0.63334336
1.30749721 0.65222403
1.32143063 0.67181970
1.33562459 0.69215406
1.35008252 0.71325057
1.36480756 0.73513224
1.37980247 0.75782142
1.39506961 0.78133961
1.41061083 0.80570712
1.42642750 0.83094281
1.44252036 0.85706379
1.45888949 0.88408500
1.47553425 0.91201888
1.49245320 0.94087496
1.50964401 0.97065938
1.52710342 1.00137450
1.54482714 1.03301841
1.56280978 1.06558446
1.58104479 1.09906081
1.59952439 1.13342996
1.61823951 1.16866836
1.63717974 1.20474596
1.65633328 1.24162596
1.67568691 1.27926447
1.69522597 1.31761038
1.71493436 1.35660526
1.73479457 1.39618336
1.75478764 1.43627185
1.77489333 1.47679103
1.79509007 1.51765481
1.81535513 1.55877131
1.83566470 1.60004353
1.85599405 1.64137032
1.87631765 1.68264726
1.89660936 1.72376786
1.91684262 1.76462467
1.93699063 1.80511058
1.95702657 1.84512006
1.97692379 1.88455044
1.99665607 1.92330313
2.01619777 1.96128476
2.03552405 1.99840827
2.05461106 2.03459378
2.07343615 2.06976940
2.09197795 2.10387184
2.11021655 2.13684681
2.12813364 2.16864931
2.14571252 2.19924369
2.16293823 2.22860353
2.17979758 2.25671148
2.19627913 2.28355878
2.21237323 2.30914485
2.22807195 2.33347667
2.24336909 2.35656812
2.25826007 2.37843927
2.27274189 2.39911568
2.28681300 2.41862762
2.30047329 2.43700935
2.31372391 2.45429843
2.32656719 2.47053499
2.33900657 2.48576117
2.35104645 2.50002045
2.36269211 2.51335721
2.37394960 2.52581617
2.38482564 2.53744205
2.39532756 2.54827914
2.40546314 2.55837103
2.41524061 2.56776036
2.42466852 2.57648856
2.43375568 2.58459573
2.44251112 2.59212048
2.45094398 2.59909987
2.45906352 2.60556927
2.46687901 2.61156242
2.47439976 2.61711134
2.48163500 2.62224634
2.48859391 2.62699608
2.49528558 2.63138756
2.50171894 2.63544619
2.50790282 2.63919580
2.51384585 2.64265876
2.51955650 2.64585596
2.52504306 2.64880697
2.53031360 2.65153001
2.53537601 2.65404208
2.54023793 2.65635901
2.54490683 2.65849551
2.54938994 2.66046528
2.55369426 2.66228099
2.55782659 2.66395444
2.56179352 2.66549655
2.56560139 2.66691744
2.56925637 2.66822647
2.57276438 2.66943232
2.57613117 2.67054301
2.57936226 2.67156595
2.58246299 2.67250799
2.58543850 2.67337546
2.58829375 2.67417422
2.59103350 2.67490965
2.59366235 2.67558674
2.59618471 2.67621008
2.59860485 2.67678391
2.60092684 2.67731214
2.60315463 2.67779838
2.60529200 2.67824594
2.60734258 2.67865789
2.60930987 2.67903705
2.61119722 2.67938602
2.61300786 2.67970720
2.61474489 2.68000279
2.61641128 2.68027483
2.61800989 2.68052518
2.61954347 2.68075558
2.62101464 2.68096762
2.62242595 2.68116274
2.62377982 2.68134231
2.62507857 2.68150755
2.62632445 2.68165961
2.62751961 2.68179954
2.62866610 2.68192831
2.62976591 2.68204681
2.63082092 2.68215585
2.63183297 2.68225618
2.63280380 2.68234852
2.63373509 2.68243348
2.63462845 2.68251166
2.63548542 2.68258361
2.63630748 2.68264981
2.63709605 2.68271073
2.63785250 2.68276678
2.63857814 2.68281837
2.63927421 2.68286583
2.63994193 2.68290951
2.64058245 2.68294970
2.64119688 2.68298668
2.64178627 2.68302071
2.64235166 2.68305203
2.64289401 2.68308084
2.64341427 2.68310736
2.64391334 2.68313176
2.64439208 2.68315421
2.64485131 2.68317487
2.64529184 2.68319388
2.64571442 2.68321138
2.64611979 2.68322747
2.64650864 2.68324229
2.64688166 2.68325592
2.64723948 2.68326846
2.64758273 2.68328000
2.64791199 2.68329062
2.64822785 2.68330040
2.64853083 2.68330939
2.64882148 2.68331766
2.64910029 2.68332528
2.64936774 2.68333229
2.64962430 2.68333873
2.64987041 2.68334467
2.65010650 2.68335013
2.65033297 2.68335515
2.65055021 2.68335978
2.65075861 2.68336403
2.65095852 2.68336795
2.65115029 2.68337155
2.65133425 2.68337486
2.65151072 2.68337791
2.65168000 2.68338072
2.65184238 2.68338331
2.65199816 2.68338568
2.65214758 2.68338787
2.65229093 2.68338988
2.65242843 2.68339173
2.65256034 2.68339344
2.65268687 2.68339501
2.65280826 2.68339645
2.65292470 2.68339778
2.65303639 2.68339900
2.65314354 2.68340013
2.65324633 2.68340116
2.65334493 2.68340211
2.65343951 2.68340299
2.65353024 2.68340380
2.65361728 2.68340454
2.65370077 2.68340522
2.65378087 2.68340585
2.65385770 2.68340643
2.65393140 2.68340696
2.65400211 2.68340745
2.65406993 2.68340790
2.65413499 2.68340832
2.65419740 2.68340870
2.65425727 2.68340905
2.65431471 2.68340937
2.65436980 2.68340967
2.65442265 2.68340994
2.65447335 2.68341019
2.65452199 2.68341043
2.65456864 2.68341064
2.65461340 2.68341084
2.65465633 2.68341102
2.65469751 2.68341118
2.65473702 2.68341134
2.65477492 2.68341148
2.65481127 2.68341161
2.65484615 2.68341172
2.65487960 2.68341183
2.65491170 2.68341193
2.65494248 2.68341203
2.65497202 2.68341211
2.65500035 2.68341219
2.65502752 2.68341226
2.65505359 2.68341233
2.65507860 2.68341239
2.65510259 2.68341245
2.65512561 2.68341250
2.65514768 2.68341255
2.65516886 2.68341259
2.65518917 2.68341263
2.65520866 2.68341267
2.65522736 2.68341270
2.65524529 2.68341274
2.65526249 2.68341276
2.65527900 2.68341279
2.65529483 2.68341282
2.65531001 2.68341284
2.65532458 2.68341286
2.65533856 2.68341288
2.65535196 2.68341290
2.65536482 2.68341291
2.65537716 2.68341293
2.65538899 2.68341294
2.65540035 2.68341295
2.65541124 2.68341296
2.65542168 2.68341298
