5.48336685 0.79246714
5.47738361 0.79604864
5.47139538 0.79963557
5.46540396 0.80322578
5.45941116 0.80681711
5.45341879 0.81040738
5.44742866 0.81399443
5.44144257 0.81757609
5.43546233 0.82115022
5.42948973 0.82471469
5.42352656 0.82826738
5.41757460 0.83180620
5.41163559 0.83532910
5.40571128 0.83883407
5.39980339 0.84231913
5.39391361 0.84578233
5.38804362 0.84922181
5.38219505 0.85263572
5.37636954 0.85602229
5.37056865 0.85937980
5.36479395 0.86270660
5.35904694 0.86600110
5.35332911 0.86926178
5.34764190 0.87248719
5.34198671 0.87567595
5.33636489 0.87882674
5.33077777 0.88193835
5.32522663 0.88500962
5.31971268 0.88803947
5.31423711 0.89102690
5.30880106 0.89397098
5.30340563 0.89687087
5.29805185 0.89972581
5.29274072 0.90253509
5.28747320 0.90529811
5.28225017 0.90801433
5.27707249 0.91068326
5.27194097 0.91330453
5.26685636 0.91587780
5.26181936 0.91840281
5.25683065 0.92087939
5.25189083 0.92330739
5.24700047 0.92568677
5.24216010 0.92801752
5.23737019 0.93029970
5.23263116 0.93253342
5.22794342 0.93471884
5.22330731 0.93685619
5.21872313 0.93894573
5.21419115 0.94098777
5.20971158 0.94298267
5.20528462 0.94493081
5.20091042 0.94683265
5.19658907 0.94868864
5.19232067 0.95049928
5.18810524 0.95226512
5.18394280 0.95398671
5.17983332 0.95566464
5.17577675 0.95729952
5.17177301 0.95889199
5.16782197 0.96044269
5.16392350 0.96195230
5.16007743 0.96342150
5.15628357 0.96485099
5.15254171 0.96624148
5.14885160 0.96759368
5.14521298 0.96890833
5.14162557 0.97018616
5.13808908 0.97142790
5.13460318 0.97263430
5.13116754 0.97380610
5.12778180 0.97494405
5.12444560 0.97604888
5.12115855 0.97712135
5.11792026 0.97816218
5.11473032 0.97917212
5.11158831 0.98015189
5.10849379 0.98110222
5.10544632 0.98202383
5.10244547 0.98291743
5.09949075 0.98378372
5.09658172 0.98462340
5.09371789 0.98543715
5.09089878 0.98622565
5.08812392 0.98698958
5.08539280 0.98772957
5.08270494 0.98844629
5.08005983 0.98914037
5.07745697 0.98981243
5.07489586 0.99046308
5.07237599 0.99109292
5.06989686 0.99170255
5.06745794 0.99229254
5.06505874 0.99286346
5.06269874 0.99341586
5.06037742 0.99395028
5.05809429 0.99446725
5.05584882 0.99496729
5.05364052 0.99545091
5.05146886 0.99591859
5.04933336 0.99637083
5.04723350 0.99680808
5.04516878 0.99723081
5.04313870 0.99763947
5.04114278 0.99803448
5.03918051 0.99841628
5.03725140 0.99878527
5.03535497 0.99914187
5.03349074 0.99948645
5.03165823 0.99981939
5.02985696 1.00014108
5.02808646 1.00045187
5.02634627 1.00075210
5.02463591 1.00104212
5.02295494 1.00132225
5.02130290 1.00159283
5.01967934 1.00185415
5.01808381 1.00210652
5.01651588 1.00235023
5.01497511 1.00258557
5.01346107 1.00281281
5.01197333 1.00303222
5.01051148 1.00324406
5.00907510 1.00344858
5.00766378 1.00364602
5.00627711 1.00383663
5.00491469 1.00402062
5.00357613 1.00419822
5.00226104 1.00436965
5.00096903 1.00453511
4.99969973 1.00469481
4.99845275 1.00484894
4.99722773 1.00499768
4.99602430 1.00514123
4.99484210 1.00527975
4.99368079 1.00541343
4.99254000 1.00554242
4.99141940 1.00566688
4.99031864 1.00578697
4.98923739 1.00590285
4.98817531 1.00601465
4.98713209 1.00612251
4.98610741 1.00622657
4.98510094 1.00632697
4.98411238 1.00642383
4.98314142 1.00651726
4.98218776 1.00660740
4.98125111 1.00669435
4.98033116 1.00677822
4.97942763 1.00685913
4.97854025 1.00693717
4.97766872 1.00701245
4.97681278 1.00708506
4.97597215 1.00715509
4.97514658 1.00722264
4.97433579 1.00728779
4.97353953 1.00735062
4.97275755 1.00741122
4.97198960 1.00746967
4.97123543 1.00752603
4.97049481 1.00758039
4.96976749 1.00763282
4.96905324 1.00768337
4.96835183 1.00773213
4.96766304 1.00777914
4.96698664 1.00782448
4.96632242 1.00786821
4.96567015 1.00791037
4.96502964 1.00795102
4.96440068 1.00799023
4.96378305 1.00802803
4.96317655 1.00806448
4.96258100 1.00809963
4.96199620 1.00813352
4.96142195 1.00816620
4.96085807 1.00819771
4.96030438 1.00822809
4.95976069 1.00825738
4.95922682 1.00828562
4.95870261 1.00831286
4.95818787 1.00833911
4.95768244 1.00836443
4.95718616 1.00838883
4.95669886 1.00841237
4.95622037 1.00843505
4.95575055 1.00845693
4.95528924 1.00847801
4.95483628 1.00849835
4.95439153 1.00851795
4.95395484 1.00853684
4.95352606 1.00855506
4.95310505 1.00857263
4.95269168 1.00858956
4.95228580 1.00860588
4.95188729 1.00862162
4.95149600 1.00863679
4.95111182 1.00865142
4.95073460 1.00866552
4.95036423 1.00867911
4.95000059 1.00869221
4.94964355 1.00870485
4.94929299 1.00871702
4.94894879 1.00872876
4.94861085 1.00874008
4.94827905 1.00875099
4.94795328 1.00876151
4.94763343 1.00877164
4.94731939 1.00878142
4.94701106 1.00879084
4.94670833 1.00879992
4.94641111 1.00880867
4.94611929 1.00881711
4.94583278 1.00882524
4.94555148 1.00883308
4.94527530 1.00884064
4.94500414 1.00884793
4.94473791 1.00885495
4.94447653 1.00886172
4.94421991 1.00886825
4.94396795 1.00887454
4.94372059 1.00888060
4.94347772 1.00888645
4.94323928 1.00889208
4.94300517 1.00889751
4.94277533 1.00890274
4.94254968 1.00890779
4.94232813 1.00891265
4.94211062 1.00891734
4.94189707 1.00892186
4.94168741 1.00892622
4.94148157 1.00893041
4.94127948 1.00893446
4.94108108 1.00893836
4.94088629 1.00894212
4.94069504 1.00894575
4.94050729 1.00894924
4.94032295 1.00895261
4.94014197 1.00895585
4.93996430 1.00895898
4.93978986 1.00896199
4.93961860 1.00896490
4.93945046 1.00896770
4.93928539 1.00897040
4.93912333 1.00897300
4.93896423 1.00897551
4.93880802 1.00897793
4.93865466 1.00898026
4.93850410 1.00898251
4.93835629 1.00898467
4.93821117 1.00898676
4.93806870 1.00898877
4.93792883 1.00899071
4.93779151 1.00899258
4.93765669 1.00899438
4.93752434 1.00899611
4.93739440 1.00899779
4.93726683 1.00899940
4.93714158 1.00900095
4.93701863 1.00900245
4.93689791 1.00900390
4.93677940 1.00900529
4.93666305 1.00900663
4.93654883 1.00900792
4.93643669 1.00900917
4.93632659 1.00901037
4.93621851 1.00901153
4.93611240 1.00901264
4.93600822 1.00901372
4.93590595 1.00901475
4.93580554 1.00901575
4.93570697 1.00901672
4.93561019 1.00901764
4.93551518 1.00901854
4.93542191 1.00901940
4.93533034 1.00902023
4.93524044 1.00902103
4.93515219 1.00902180
4.93506554 1.00902255
4.93498048 1.00902326
4.93489697 1.00902396
4.93481498 1.00902462
4.93473449 1.00902526
4.93465547 1.00902588
4.93457790 1.00902648
4.93450174 1.00902705
4.93442697 1.00902761
4.93435357 1.00902814
4.93428150 1.00902866
4.93421076 1.00902915
4.93414130 1.00902963
4.93407312 1.00903009
4.93400618 1.00903053
4.93394046 1.00903096
4.93387594 1.00903137
4.93381260 1.00903177
4.93375042 1.00903216
4.93368938 1.00903252
4.93362945 1.00903288
4.93357061 1.00903322
4.93351285 1.00903355
4.93345614 1.00903387
4.93340047 1.00903418
4.93334582 1.00903448
4.93329216 1.00903476
4.93323949 1.00903504
4.93318778 1.00903530
4.93313701 1.00903556
4.93308717 1.00903580
4.93303824 1.00903604
4.93299021 1.00903627
4.93294305 1.00903649
4.93289675 1.00903670
4.93285130 1.00903691
4.93280668 1.00903710
4.93276288 1.00903729
4.93271987 1.00903748
4.93267766 1.00903765
4.93263621 1.00903782
4.93259552 1.00903799
4.93255557 1.00903815
4.93251636 1.00903830
4.93247786 1.00903844
4.93244006 1.00903859
4.93240296 1.00903872
4.93236653 1.00903885
4.93233077 1.00903898
4.93229566 1.00903910
4.93226119 1.00903922
4.93222736 1.00903933
4.93219414 1.00903944
4.93216153 1.00903955
4.93212951 1.00903965
4.93209808 1.00903975
4.93206722 1.00903984
4.93203693 1.00903993
4.93200719 1.00904002
4.93197800 1.00904011
4.93194934 1.00904019
4.93192120 1.00904027
4.93189358 1.00904034
4.93186646 1.00904041
4.93183984 1.00904048
4.93181370 1.00904055
4.93178804 1.00904062
4.93176285 1.00904068
4.93173813 1.00904074
4.93171385 1.00904080
4.93169001 1.00904086
4.93166662 1.00904091
4.93164365 1.00904096
4.93162110 1.00904101
4.93159896 1.00904106
4.93157723 1.00904111
4.93155589 1.00904115
4.93153494 1.00904120
4.93151438 1.00904124
4.93149419 1.00904128
4.93147437 1.00904132
4.93145492 1.00904135
4.93143582 1.00904139
4.93141707 1.00904143
4.93139866 1.00904146
4.93138059 1.00904149
4.93136284 1.00904152
4.93134543 1.00904155
4.93132833 1.00904158
4.93131154 1.00904161
4.93129506 1.00904164
4.93127888 1.00904166
4.93126300 1.00904169
4.93124741 1.00904171
4.93123210 1.00904173
4.93121707 1.00904176
4.93120232 1.00904178
4.93118784 1.00904180
4.93117362 1.00904182
4.93115966 1.00904184
4.93114596 1.00904186
4.93113251 1.00904188
4.93111930 1.00904189
4.93110633 1.00904191
4.93109361 1.00904193
4.93108111 1.00904194
4.93106884 1.00904196
4.93105680 1.00904197
4.93104498 1.00904198
4.93103337 1.00904200
4.93102198 1.00904201
4.93101079 1.00904202
4.93099981 1.00904203
4.93098903 1.00904205
4.93097844 1.00904206
4.93096805 1.00904207
4.93095785 1.00904208
