0.45769699 0.09475000
0.46083081 0.09573630
0.46399160 0.09673969
0.46717976 0.09776055
0.47039571 0.09879931
0.47363985 0.09985639
0.47691260 0.10093223
0.48021441 0.10202728
0.48354570 0.10314201
0.48690693 0.10427690
0.49029855 0.10543244
0.49372104 0.10660914
0.49717486 0.10780753
0.50066052 0.10902813
0.50417850 0.11027152
0.50772931 0.11153826
0.51131348 0.11282895
0.51493152 0.11414420
0.51858399 0.11548463
0.52227143 0.11685090
0.52599442 0.11824367
0.52975351 0.11966364
0.53354931 0.12111152
0.53738241 0.12258805
0.54125343 0.12409398
0.54516299 0.12563010
0.54911174 0.12719722
0.55310033 0.12879618
0.55712944 0.13042783
0.56119974 0.13209308
0.56531193 0.13379285
0.56946673 0.13552808
0.57366487 0.13729976
0.57790710 0.13910892
0.58219418 0.14095659
0.58652689 0.14284388
0.59090604 0.14477190
0.59533242 0.14674182
0.59980689 0.14875484
0.60433029 0.15081220
0.60890349 0.15291520
0.61352739 0.15506517
0.61820290 0.15726348
0.62293096 0.15951156
0.62771251 0.16181090
0.63254854 0.16416301
0.63744004 0.16656949
0.64238804 0.16903197
0.64739357 0.17155216
0.65245771 0.17413181
0.65758154 0.17677274
0.66276619 0.17947684
0.66801280 0.18224608
0.67332254 0.18508246
0.67869660 0.18798811
0.68413620 0.19096518
0.68964260 0.19401594
0.69521706 0.19714273
0.70086091 0.20034796
0.70657547 0.20363415
0.71236211 0.20700390
0.71822222 0.21045991
0.72415723 0.21400498
0.73016859 0.21764200
0.73625780 0.22137399
0.74242638 0.22520405
0.74867588 0.22913543
0.75500788 0.23317145
0.76142400 0.23731560
0.76792589 0.24157147
0.77451525 0.24594278
0.78119378 0.25043340
0.78796324 0.25504731
0.79482542 0.25978867
0.80178214 0.26466176
0.80883525 0.26967101
0.81598663 0.27482103
0.82323820 0.28011656
0.83059192 0.28556253
0.83804976 0.29116402
0.84561375 0.29692629
0.85328592 0.30285477
0.86106834 0.30895506
0.86896311 0.31523295
0.87697235 0.32169442
0.88509821 0.32834562
0.89334286 0.33519288
0.90170848 0.34224274
0.91019728 0.34950190
0.91881147 0.35697725
0.92755326 0.36467589
0.93642490 0.37260505
0.94542861 0.38077217
0.95456662 0.38918484
0.96384114 0.39785083
0.97325437 0.40677802
0.98280849 0.41597447
0.99250565 0.42544834
1.00234795 0.43520791
1.01233748 0.44526152
1.02247623 0.45561762
1.03276616 0.46628465
1.04320913 0.47727111
1.05380693 0.48858544
1.06456124 0.50023603
1.07547363 0.51223118
1.08654554 0.52457904
1.09777827 0.53728754
1.10917297 0.55036441
1.12073058 0.56381700
1.13245188 0.57765233
1.14433743 0.59187695
1.15638753 0.60649688
1.16860227 0.62151753
1.18098142 0.63694363
1.19352449 0.65277908
1.20623064 0.66902692
1.21909869 0.68568920
1.23212713 0.70276687
1.24531401 0.72025968
1.25865701 0.73816606
1.27215334 0.75648304
1.28579979 0.77520611
1.29959264 0.79432915
1.31352770 0.81384429
1.32760026 0.83374184
1.34180508 0.85401022
1.35613638 0.87463584
1.37058783 0.89560310
1.38515255 0.91689429
1.39982309 0.93848960
1.41459144 0.96036711
1.42944906 0.98250277
1.44438686 1.00487051
1.45939520 1.02744222
1.47446397 1.05018793
1.48958256 1.07307585
1.50473993 1.09607259
1.51992460 1.11914329
1.53512475 1.14225182
1.55032822 1.16536104
1.56552258 1.18843302
1.58069521 1.21142930
1.59583329 1.23431120
1.61092394 1.25704007
1.62595423 1.27957763
1.64091127 1.30188623
1.65578226 1.32392915
1.67055460 1.34567091
1.68521587 1.36707751
1.69975399 1.38811669
1.71415721 1.40875814
1.72841419 1.42897375
1.74251406 1.44873773
1.75644646 1.46802677
1.77020158 1.48682015
1.78377021 1.50509981
1.79714375 1.52285039
1.81031425 1.54005923
1.82327443 1.55671636
1.83601770 1.57281445
1.84853812 1.58834871
1.86083047 1.60331680
1.87289020 1.61771874
1.88471345 1.63155671
1.89629699 1.64483494
1.90763826 1.65755955
1.91873532 1.66973836
1.92958680 1.68138072
1.94019195 1.69249738
1.95055051 1.70310026
1.96066277 1.71320231
1.97052949 1.72281737
1.98015187 1.73195996
1.98953154 1.74064520
1.99867049 1.74888861
2.00757109 1.75670605
2.01623600 1.76411353
2.02466820 1.77112718
2.03287090 1.77776308
2.04084755 1.78403725
2.04860181 1.78996550
2.05613749 1.79556343
2.06345858 1.80084633
2.07056917 1.80582915
2.07747349 1.81052648
2.08417583 1.81495246
2.09068053 1.81912082
2.09699203 1.82304481
2.10311475 1.82673722
2.10905317 1.83021035
2.11481174 1.83347601
2.12039492 1.83654552
2.12580715 1.83942972
2.13105286 1.84213896
2.13613640 1.84468311
2.14106212 1.84707159
2.14583428 1.84931334
2.15045712 1.85141686
2.15493479 1.85339025
2.15927138 1.85524115
2.16347091 1.85697682
2.16753733 1.85860413
2.17147451 1.86012958
2.17528623 1.86155931
2.17897622 1.86289912
2.18254808 1.86415449
2.18600537 1.86533057
2.18935154 1.86643224
2.19258998 1.86746407
2.19572396 1.86843040
2.19875671 1.86933529
2.20169135 1.87018255
2.20453091 1.87097579
2.20727837 1.87171838
2.20993659 1.87241351
2.21250838 1.87306416
2.21499647 1.87367313
2.21740349 1.87424306
2.21973201 1.87477642
2.22198454 1.87527552
2.22416348 1.87574254
2.22627119 1.87617952
2.22830995 1.87658837
2.23028198 1.87697089
2.23218941 1.87732876
2.23403432 1.87766355
2.23581874 1.87797674
2.23754462 1.87826972
2.23921385 1.87854377
2.24082826 1.87880013
2.24238964 1.87903991
2.24389971 1.87926419
2.24536013 1.87947397
2.24677252 1.87967017
2.24813846 1.87985368
2.24945944 1.88002531
2.25073694 1.88018583
2.25197239 1.88033594
2.25316715 1.88047634
2.25432256 1.88060764
2.25543990 1.88073042
2.25652042 1.88084525
2.25756533 1.88095264
2.25857580 1.88105306
2.25955296 1.88114697
2.26049789 1.88123479
2.26141167 1.88131691
2.26229530 1.88139370
2.26314979 1.88146551
2.26397609 1.88153266
2.26477513 1.88159546
2.26554781 1.88165418
2.26629498 1.88170908
2.26701750 1.88176042
2.26771617 1.88180843
2.26839178 1.88185332
2.26904510 1.88189530
2.26967684 1.88193455
2.27028773 1.88197125
2.27087845 1.88200557
2.27144967 1.88203766
2.27200202 1.88206767
2.27253614 1.88209573
2.27305262 1.88212196
2.27355205 1.88214649
2.27403498 1.88216943
2.27450197 1.88219088
2.27495353 1.88221093
2.27539018 1.88222968
2.27581241 1.88224722
2.27622069 1.88226361
2.27661549 1.88227894
2.27699724 1.88229327
2.27736639 1.88230667
2.27772335 1.88231921
2.27806851 1.88233092
2.27840227 1.88234188
2.27872501 1.88235212
2.27903709 1.88236170
2.27933885 1.88237066
2.27963065 1.88237903
2.27991281 1.88238686
2.28018565 1.88239418
2.28044948 1.88240103
2.28070459 1.88240743
2.28095127 1.88241341
2.28118980 1.88241901
2.28142046 1.88242424
2.28164349 1.88242913
2.28185915 1.88243371
2.28206769 1.88243798
2.28226934 1.88244198
2.28246433 1.88244572
2.28265288 1.88244922
2.28283520 1.88245249
2.28301149 1.88245554
2.28318196 1.88245840
2.28334680 1.88246107
2.28350620 1.88246357
2.28366032 1.88246591
2.28380936 1.88246809
2.28395347 1.88247014
2.28409282 1.88247205
2.28422756 1.88247383
2.28435786 1.88247550
2.28448385 1.88247706
2.28460567 1.88247852
2.28472348 1.88247989
2.28483739 1.88248116
2.28494753 1.88248236
2.28505404 1.88248347
2.28515703 1.88248452
2.28525662 1.88248549
2.28535291 1.88248640
2.28544603 1.88248726
2.28553607 1.88248805
2.28562313 1.88248880
2.28570732 1.88248950
2.28578872 1.88249015
2.28586744 1.88249076
2.28594356 1.88249133
2.28601716 1.88249186
2.28608833 1.88249236
2.28615714 1.88249282
2.28622369 1.88249326
2.28628803 1.88249367
2.28635025 1.88249405
2.28641042 1.88249440
2.28646860 1.88249474
2.28652485 1.88249505
2.28657925 1.88249534
2.28663184 1.88249561
2.28668271 1.88249586
2.28673189 1.88249610
2.28677944 1.88249632
2.28682543 1.88249653
2.28686989 1.88249673
2.28691289 1.88249691
2.28695446 1.88249708
2.28699467 1.88249724
2.28703354 1.88249739
2.28707113 1.88249752
2.28710748 1.88249765
2.28714262 1.88249778
2.28717661 1.88249789
2.28720947 1.88249800
2.28724125 1.88249810
2.28727198 1.88249819
2.28730169 1.88249828
2.28733042 1.88249836
2.28735820 1.88249843
2.28738506 1.88249850
2.28741104 1.88249857
2.28743616 1.88249863
2.28746045 1.88249869
2.28748393 1.88249874
2.28750664 1.88249879
2.28752860 1.88249884
2.28754983 1.88249889
2.28757036 1.88249893
2.28759022 1.88249897
2.28760942 1.88249900
2.28762798 1.88249904
2.28764593 1.88249907
2.28766329 1.88249910
2.28768007 1.88249913
2.28769630 1.88249915
2.28771199 1.88249918
2.28772717 1.88249920
2.28774184 1.88249922
2.28775603 1.88249924
2.28776975 1.88249926
2.28778302 1.88249928
2.28779584 1.88249929
2.28780825 1.88249931
2.28782024 1.88249932
2.28783184 1.88249933
2.28784306 1.88249935
2.28785390 1.88249936
2.28786439 1.88249937
2.28787453 1.88249938
